[[1900573342498291995443281294106109899222992460661376917570803074790126200058035514841849686191756404599724349 0 0 0 0 0 0 0 0 0 0 0 0 0 0 0 0 0 0 0 0 0 0 0 0 0 0 0 0 0 0 0 0 0 0 0]
[1103236332217367455919155202064432550189119580294609195905613808251129979072923924626605257703235067982302008 1 0 0 0 0 0 0 0 0 0 0 0 0 0 0 0 0 0 0 0 0 0 0 0 0 0 0 0 0 0 0 0 0 0 0]
[246558780352756746134747005914209157003473235692665446559222173099603255762687765609630242012635454133874405 0 1 0 0 0 0 0 0 0 0 0 0 0 0 0 0 0 0 0 0 0 0 0 0 0 0 0 0 0 0 0 0 0 0 0]
[1026684963611092936890152131019498048584253010336691989548592322458429006316799326301801282060105400666228714 0 0 1 0 0 0 0 0 0 0 0 0 0 0 0 0 0 0 0 0 0 0 0 0 0 0 0 0 0 0 0 0 0 0 0]
[1471971635759729636543108375208077409232849306364540725280304975643289440113922542624658342985575251071932722 0 0 0 1 0 0 0 0 0 0 0 0 0 0 0 0 0 0 0 0 0 0 0 0 0 0 0 0 0 0 0 0 0 0 0]
[1206488018603100817903690010730983643280809309437712793102804270186990689162280343415152194028767437858014444 0 0 0 0 1 0 0 0 0 0 0 0 0 0 0 0 0 0 0 0 0 0 0 0 0 0 0 0 0 0 0 0 0 0 0]
[646390317865197800853900243435890527768146362756327492680348931772456128482251551925866600651333163462539103 0 0 0 0 0 1 0 0 0 0 0 0 0 0 0 0 0 0 0 0 0 0 0 0 0 0 0 0 0 0 0 0 0 0 0]
[11837025558870457248315565034917592759482932897362389023241285530530342001191811427706944860453324565665459 0 0 0 0 0 0 1 0 0 0 0 0 0 0 0 0 0 0 0 0 0 0 0 0 0 0 0 0 0 0 0 0 0 0 0]
[110830758007306473598439363757681700335497062960017014851813110435488960907264739714974624573620333092347611 0 0 0 0 0 0 0 1 0 0 0 0 0 0 0 0 0 0 0 0 0 0 0 0 0 0 0 0 0 0 0 0 0 0 0]
[1357674645042063701144708264579138428025022750738846744738793224187752259887889650697448887931993341232862410 0 0 0 0 0 0 0 0 1 0 0 0 0 0 0 0 0 0 0 0 0 0 0 0 0 0 0 0 0 0 0 0 0 0 0]
[959663887970749791237230100029922240255781944700831643690265368636081825386190597899909170285004224835417384 0 0 0 0 0 0 0 0 0 1 0 0 0 0 0 0 0 0 0 0 0 0 0 0 0 0 0 0 0 0 0 0 0 0 0]
[756016175241490495238486588178490122912910238526720379700716981245513167370244134719254908730225466649667831 0 0 0 0 0 0 0 0 0 0 1 0 0 0 0 0 0 0 0 0 0 0 0 0 0 0 0 0 0 0 0 0 0 0 0]
[569398076572067970946119253943956315073505544849407337796334097122538135408132557471649227112378328940596679 0 0 0 0 0 0 0 0 0 0 0 1 0 0 0 0 0 0 0 0 0 0 0 0 0 0 0 0 0 0 0 0 0 0 0]
[1409926173636397594930653414582700414154662129224452417943578193275360697438436232300891203111858928495676860 0 0 0 0 0 0 0 0 0 0 0 0 1 0 0 0 0 0 0 0 0 0 0 0 0 0 0 0 0 0 0 0 0 0 0]
[23399574420617011720746748862006086801986320884718053244583084295306090165571633270151084549695600876223085 0 0 0 0 0 0 0 0 0 0 0 0 0 1 0 0 0 0 0 0 0 0 0 0 0 0 0 0 0 0 0 0 0 0 0]
[194377749250053176729006819622368459007650641659927703377018526997234981806574766963961654082171054264564937 0 0 0 0 0 0 0 0 0 0 0 0 0 0 1 0 0 0 0 0 0 0 0 0 0 0 0 0 0 0 0 0 0 0 0]
[1640604716212020076831241929005496708308028732186314085456423641749534582080329081788487108571021871757979743 0 0 0 0 0 0 0 0 0 0 0 0 0 0 0 1 0 0 0 0 0 0 0 0 0 0 0 0 0 0 0 0 0 0 0]
[1767246211821759436239563598540961419537469133226984889893739549684272017622685764731344179122408607212606018 0 0 0 0 0 0 0 0 0 0 0 0 0 0 0 0 1 0 0 0 0 0 0 0 0 0 0 0 0 0 0 0 0 0 0]
[1113387525862194677251835277302322777160926433703654704912308248893752321502681897713732941945659679017720 0 0 0 0 0 0 0 0 0 0 0 0 0 0 0 0 0 1 0 0 0 0 0 0 0 0 0 0 0 0 0 0 0 0 0]
[903798432839480447147722841932768243070211295412993288738350170492927950659140403010329001890329829646104028 0 0 0 0 0 0 0 0 0 0 0 0 0 0 0 0 0 0 1 0 0 0 0 0 0 0 0 0 0 0 0 0 0 0 0]
[1688286911746753491814753576678916254619022085275634406347843129873258857742133158228441079844459649205902427 0 0 0 0 0 0 0 0 0 0 0 0 0 0 0 0 0 0 0 1 0 0 0 0 0 0 0 0 0 0 0 0 0 0 0]
[961638457206639800774561761499154837107721366627435621109397894616575464489046736613741125170164914000469092 0 0 0 0 0 0 0 0 0 0 0 0 0 0 0 0 0 0 0 0 1 0 0 0 0 0 0 0 0 0 0 0 0 0 0]
[1632621488648171972831507814443474644709657593964748410984661185699665182171831358899573589337622171238837378 0 0 0 0 0 0 0 0 0 0 0 0 0 0 0 0 0 0 0 0 0 1 0 0 0 0 0 0 0 0 0 0 0 0 0]
[1022575673827821834026190400459802178676035133346597810306213087412164958337314814397643584882192084598201059 0 0 0 0 0 0 0 0 0 0 0 0 0 0 0 0 0 0 0 0 0 0 1 0 0 0 0 0 0 0 0 0 0 0 0]
[1032534928936004238044310215554284231805505403728692853553132985968119611447388162194709174278682393833652620 0 0 0 0 0 0 0 0 0 0 0 0 0 0 0 0 0 0 0 0 0 0 0 1 0 0 0 0 0 0 0 0 0 0 0]
[494333343593494504493564044587859536907944399177844933076898129730085327375183234005357678163276423634654173 0 0 0 0 0 0 0 0 0 0 0 0 0 0 0 0 0 0 0 0 0 0 0 0 1 0 0 0 0 0 0 0 0 0 0]
[1799422365438595800219592158237663741135203868962906850095590290990145214358481483388991639077874325535688064 0 0 0 0 0 0 0 0 0 0 0 0 0 0 0 0 0 0 0 0 0 0 0 0 0 1 0 0 0 0 0 0 0 0 0]
[103636280896712706027012701849292561168017659172123733473982216058193362560482453729725323484835114320922912 0 0 0 0 0 0 0 0 0 0 0 0 0 0 0 0 0 0 0 0 0 0 0 0 0 0 1 0 0 0 0 0 0 0 0]
[30551808121549462830503376664508490872252064221829464439027316035166630087740347723050805669725437480868876 0 0 0 0 0 0 0 0 0 0 0 0 0 0 0 0 0 0 0 0 0 0 0 0 0 0 0 1 0 0 0 0 0 0 0]
[961250110332009085478615925139302279462049106897278507892877917836790989374561005993570297063743583652713720 0 0 0 0 0 0 0 0 0 0 0 0 0 0 0 0 0 0 0 0 0 0 0 0 0 0 0 0 1 0 0 0 0 0 0]
[385389130165336630279237332653115081275368776955235973943131741070144143251817112413192407458938344863150469 0 0 0 0 0 0 0 0 0 0 0 0 0 0 0 0 0 0 0 0 0 0 0 0 0 0 0 0 0 1 0 0 0 0 0]
[1714163172361574420845003200241476441517180479406864613228447774758933886531852582407145440509256383514382241 0 0 0 0 0 0 0 0 0 0 0 0 0 0 0 0 0 0 0 0 0 0 0 0 0 0 0 0 0 0 1 0 0 0 0]
[1795453716278413150925763755060689480978932394611320400134019934584760420264934566839287416040253688404205858 0 0 0 0 0 0 0 0 0 0 0 0 0 0 0 0 0 0 0 0 0 0 0 0 0 0 0 0 0 0 0 1 0 0 0]
[657361139265089415314027016342712321877443958262706388616284433559705151265852657457357375666013093677937022 0 0 0 0 0 0 0 0 0 0 0 0 0 0 0 0 0 0 0 0 0 0 0 0 0 0 0 0 0 0 0 0 1 0 0]
[827299657683835155370087558653605014973629492801938272689659290573840557378406938900238580848295903557157326 0 0 0 0 0 0 0 0 0 0 0 0 0 0 0 0 0 0 0 0 0 0 0 0 0 0 0 0 0 0 0 0 0 1 0]
[1286428555172501218333925912758626231575723784128946772033450708264280327518787120535188529449861083931975231 0 0 0 0 0 0 0 0 0 0 0 0 0 0 0 0 0 0 0 0 0 0 0 0 0 0 0 0 0 0 0 0 0 0 1]
]
