[[1327878350636379305580785374286922428244910566627643333457006916283053441476795293022193877742697534427146931 0 0 0 0 0 0 0 0 0 0 0 0 0 0 0 0 0 0 0 0 0 0 0 0 0 0 0 0 0 0 0 0 0 0 0]
[285715641547294487482062410537995811703615137000382230158935439487674624057894415475579401804923320488501428 1 0 0 0 0 0 0 0 0 0 0 0 0 0 0 0 0 0 0 0 0 0 0 0 0 0 0 0 0 0 0 0 0 0 0]
[177768010430921532399146939297457872639938794505816177366583386397932896582269200298763726680437390648292571 0 1 0 0 0 0 0 0 0 0 0 0 0 0 0 0 0 0 0 0 0 0 0 0 0 0 0 0 0 0 0 0 0 0 0]
[801120663985926495509213884472321096050989654234557125927274521512397365237552801825421902294296066317390974 0 0 1 0 0 0 0 0 0 0 0 0 0 0 0 0 0 0 0 0 0 0 0 0 0 0 0 0 0 0 0 0 0 0 0]
[1235087786301653305426350511122105474770539668697242150511125136740107306908995906115117351977189580488376660 0 0 0 1 0 0 0 0 0 0 0 0 0 0 0 0 0 0 0 0 0 0 0 0 0 0 0 0 0 0 0 0 0 0 0]
[440773953344084288803316834384292735588617653713150871400719511728255909877970014822001762720353113700742034 0 0 0 0 1 0 0 0 0 0 0 0 0 0 0 0 0 0 0 0 0 0 0 0 0 0 0 0 0 0 0 0 0 0 0]
[1152193382592054970966164092784553388466163255326900050990639368410027147214904146950360796876974403860658059 0 0 0 0 0 1 0 0 0 0 0 0 0 0 0 0 0 0 0 0 0 0 0 0 0 0 0 0 0 0 0 0 0 0 0]
[779196689975358917470136535898318230851297855915201468689417050052275730048631461782199538173774995273857500 0 0 0 0 0 0 1 0 0 0 0 0 0 0 0 0 0 0 0 0 0 0 0 0 0 0 0 0 0 0 0 0 0 0 0]
[183829748977936566372669740423854197320405952836811442651580599966979795297951161279198952665811516441272209 0 0 0 0 0 0 0 1 0 0 0 0 0 0 0 0 0 0 0 0 0 0 0 0 0 0 0 0 0 0 0 0 0 0 0]
[610709152318329529491990764195677543168472369352870357362961319912006581924914833100546586466983319750866092 0 0 0 0 0 0 0 0 1 0 0 0 0 0 0 0 0 0 0 0 0 0 0 0 0 0 0 0 0 0 0 0 0 0 0]
[274945943415415849375507003088458612471639422200572350710835347401221051200130090564888380737707596160821983 0 0 0 0 0 0 0 0 0 1 0 0 0 0 0 0 0 0 0 0 0 0 0 0 0 0 0 0 0 0 0 0 0 0 0]
[65655198125035425512608187894135941885683355220768786687600886568643727017178311951243939853159640135171182 0 0 0 0 0 0 0 0 0 0 1 0 0 0 0 0 0 0 0 0 0 0 0 0 0 0 0 0 0 0 0 0 0 0 0]
[1052333518790857678538133143377950947638059587740321041739392470101465285776848990732061770487793606700382561 0 0 0 0 0 0 0 0 0 0 0 1 0 0 0 0 0 0 0 0 0 0 0 0 0 0 0 0 0 0 0 0 0 0 0]
[1209741541361672745172654951026113095820534835337704553754652747931320449951260981315406466465663514388522294 0 0 0 0 0 0 0 0 0 0 0 0 1 0 0 0 0 0 0 0 0 0 0 0 0 0 0 0 0 0 0 0 0 0 0]
[209245728093011420583654413574904839785186475587979085197939982099720717609026661195135838999946660779261551 0 0 0 0 0 0 0 0 0 0 0 0 0 1 0 0 0 0 0 0 0 0 0 0 0 0 0 0 0 0 0 0 0 0 0]
[59407467134988450739475561421876970624235284942711424685719113134227934601202362401317928582142745020070079 0 0 0 0 0 0 0 0 0 0 0 0 0 0 1 0 0 0 0 0 0 0 0 0 0 0 0 0 0 0 0 0 0 0 0]
[209031725480047459603247214295865725643232513250641518209587487956733607108594857614450275430973711390675385 0 0 0 0 0 0 0 0 0 0 0 0 0 0 0 1 0 0 0 0 0 0 0 0 0 0 0 0 0 0 0 0 0 0 0]
[4183060107157447047302055861343149737547530776064550929925754496694371198866867455062804629498633172355462 0 0 0 0 0 0 0 0 0 0 0 0 0 0 0 0 1 0 0 0 0 0 0 0 0 0 0 0 0 0 0 0 0 0 0]
[1228391316929131386357278507512535133731366759816720623044858192352647899326986975667580676514311067342434370 0 0 0 0 0 0 0 0 0 0 0 0 0 0 0 0 0 1 0 0 0 0 0 0 0 0 0 0 0 0 0 0 0 0 0]
[860600778088192266253513017743794004320937730498219341473621066820447375258333320818508256044146865450061912 0 0 0 0 0 0 0 0 0 0 0 0 0 0 0 0 0 0 1 0 0 0 0 0 0 0 0 0 0 0 0 0 0 0 0]
[1156171474465790574439344215457041311328339945749408834025541092582902140477961556682502923142965138815628533 0 0 0 0 0 0 0 0 0 0 0 0 0 0 0 0 0 0 0 1 0 0 0 0 0 0 0 0 0 0 0 0 0 0 0]
[111224684915984323607853412970143974041623800199197859956595550500149049598462570644502534137068941390323757 0 0 0 0 0 0 0 0 0 0 0 0 0 0 0 0 0 0 0 0 1 0 0 0 0 0 0 0 0 0 0 0 0 0 0]
[962403421436130253833905836492006944776477795176716777731655179681422841687542640740799404335690407064662971 0 0 0 0 0 0 0 0 0 0 0 0 0 0 0 0 0 0 0 0 0 1 0 0 0 0 0 0 0 0 0 0 0 0 0]
[475841974569049062552662936803995756006455595244561650332140383674373742752876599649344003226645921141948030 0 0 0 0 0 0 0 0 0 0 0 0 0 0 0 0 0 0 0 0 0 0 1 0 0 0 0 0 0 0 0 0 0 0 0]
[876855708319594984967494680451664325433401390863638842367480154768741934089229817245190611490572660977162395 0 0 0 0 0 0 0 0 0 0 0 0 0 0 0 0 0 0 0 0 0 0 0 1 0 0 0 0 0 0 0 0 0 0 0]
[8219336551290178040735912314294503160175731691629178638738087720440772031054319310490322650717649982835785 0 0 0 0 0 0 0 0 0 0 0 0 0 0 0 0 0 0 0 0 0 0 0 0 1 0 0 0 0 0 0 0 0 0 0]
[1068095145385907003230602989663151704228284504760454931002695082687066165736308386670933961631550793550011657 0 0 0 0 0 0 0 0 0 0 0 0 0 0 0 0 0 0 0 0 0 0 0 0 0 1 0 0 0 0 0 0 0 0 0]
[108787162726541580260974262410475590411171369947457649651227675868999022492608954179284923540139573477519496 0 0 0 0 0 0 0 0 0 0 0 0 0 0 0 0 0 0 0 0 0 0 0 0 0 0 1 0 0 0 0 0 0 0 0]
[277800222698466683832774550205180405052907425485985207684554601498372941857207159822045668139432338749449407 0 0 0 0 0 0 0 0 0 0 0 0 0 0 0 0 0 0 0 0 0 0 0 0 0 0 0 1 0 0 0 0 0 0 0]
[955944456671890757588170257571927640054185369791140437071204360233070068269468252671062018496107134233229402 0 0 0 0 0 0 0 0 0 0 0 0 0 0 0 0 0 0 0 0 0 0 0 0 0 0 0 0 1 0 0 0 0 0 0]
[265243656449171268974690300886072112486026844688470901301787841450169753175256837091869321487711834316769545 0 0 0 0 0 0 0 0 0 0 0 0 0 0 0 0 0 0 0 0 0 0 0 0 0 0 0 0 0 1 0 0 0 0 0]
[652783867719752324408759617741531705537863275862335575579772983450710696296224907183899192045253637234136533 0 0 0 0 0 0 0 0 0 0 0 0 0 0 0 0 0 0 0 0 0 0 0 0 0 0 0 0 0 0 1 0 0 0 0]
[180457061250214883750593995218303143803635610561701798138293817976580555598732254017754703963635512470884080 0 0 0 0 0 0 0 0 0 0 0 0 0 0 0 0 0 0 0 0 0 0 0 0 0 0 0 0 0 0 0 1 0 0 0]
[15088554613490782231944091073533021974249997563857371699341495745443079133682881504518761782877850281434725 0 0 0 0 0 0 0 0 0 0 0 0 0 0 0 0 0 0 0 0 0 0 0 0 0 0 0 0 0 0 0 0 1 0 0]
[427158945461584733620725783312381478156889238118564231385306146625517467897537672546063617272217038977911218 0 0 0 0 0 0 0 0 0 0 0 0 0 0 0 0 0 0 0 0 0 0 0 0 0 0 0 0 0 0 0 0 0 1 0]
[512079510323458699658245887103930232735741149263702560819878961138871181593094106322250222479136829072197641 0 0 0 0 0 0 0 0 0 0 0 0 0 0 0 0 0 0 0 0 0 0 0 0 0 0 0 0 0 0 0 0 0 0 1]
]
