[[2619968114267135186893006861860970406728401001438907153468632462660503009143213858111645255606571940688853011519583062436303366379569939439 0 0 0 0 0 0 0 0 0 0 0 0 0 0 0 0 0 0 0 0 0 0 0 0 0 0 0 0 0 0 0 0 0 0 0 0 0 0 0 0 0 0 0 0 0]
[1480971427665078377061603453151450214589455928664714027605504875344185006238995612085809712964351479251022742669314935877274087421248826454 1 0 0 0 0 0 0 0 0 0 0 0 0 0 0 0 0 0 0 0 0 0 0 0 0 0 0 0 0 0 0 0 0 0 0 0 0 0 0 0 0 0 0 0 0]
[700993270668055020061415842032792171385129871911306982841551431271682684354230115521404426211376263530369084493430737719711554773282374614 0 1 0 0 0 0 0 0 0 0 0 0 0 0 0 0 0 0 0 0 0 0 0 0 0 0 0 0 0 0 0 0 0 0 0 0 0 0 0 0 0 0 0 0 0]
[2152792010314743763512310032164625242239338731158056048224866000305047817041918975348537023661815145206265671784179646995777774434167169204 0 0 1 0 0 0 0 0 0 0 0 0 0 0 0 0 0 0 0 0 0 0 0 0 0 0 0 0 0 0 0 0 0 0 0 0 0 0 0 0 0 0 0 0 0]
[551822585497439771158284383990813931913115546650703956627586362918461326703631857477925591415195710012852329024263226504204914571578961000 0 0 0 1 0 0 0 0 0 0 0 0 0 0 0 0 0 0 0 0 0 0 0 0 0 0 0 0 0 0 0 0 0 0 0 0 0 0 0 0 0 0 0 0 0]
[1246928602755109424240039033853158130748932229381844133188884379209014379921846413820107793189210667413563124939338617177138231643883731336 0 0 0 0 1 0 0 0 0 0 0 0 0 0 0 0 0 0 0 0 0 0 0 0 0 0 0 0 0 0 0 0 0 0 0 0 0 0 0 0 0 0 0 0 0]
[2497164603949047088360998943233180018127308552559276781783693743907750453410677683583717098065912379310049387916208591466493280846862392463 0 0 0 0 0 1 0 0 0 0 0 0 0 0 0 0 0 0 0 0 0 0 0 0 0 0 0 0 0 0 0 0 0 0 0 0 0 0 0 0 0 0 0 0 0]
[342921780881614329216902179688111711473328906559555414544368925719421259572003853333039304603366078031637188822275163076682767973764214320 0 0 0 0 0 0 1 0 0 0 0 0 0 0 0 0 0 0 0 0 0 0 0 0 0 0 0 0 0 0 0 0 0 0 0 0 0 0 0 0 0 0 0 0 0]
[787889958387117112455507841168661749002266925071545613107772229313545562744356950894961255804906526113761935090051542432323190044504717517 0 0 0 0 0 0 0 1 0 0 0 0 0 0 0 0 0 0 0 0 0 0 0 0 0 0 0 0 0 0 0 0 0 0 0 0 0 0 0 0 0 0 0 0 0]
[799637167860673406708781246523764057023174437173048694675128958165852193981103754728592793661884124130967615865407661169387454531817207462 0 0 0 0 0 0 0 0 1 0 0 0 0 0 0 0 0 0 0 0 0 0 0 0 0 0 0 0 0 0 0 0 0 0 0 0 0 0 0 0 0 0 0 0 0]
[2024384123047777442279243443804880820160302429832946957800927637742559779225966504045072518044982666713488602679043652302113076816278259459 0 0 0 0 0 0 0 0 0 1 0 0 0 0 0 0 0 0 0 0 0 0 0 0 0 0 0 0 0 0 0 0 0 0 0 0 0 0 0 0 0 0 0 0 0]
[958812618345946220474573614288038955784022083592263887049685150686852266981878976848704614308585441386193662513150769428488237105471815342 0 0 0 0 0 0 0 0 0 0 1 0 0 0 0 0 0 0 0 0 0 0 0 0 0 0 0 0 0 0 0 0 0 0 0 0 0 0 0 0 0 0 0 0 0]
[1045000737968564553378566161636154517682506711473096923603344619832363758002972229915221869448054748323729174021601843163699411570303973667 0 0 0 0 0 0 0 0 0 0 0 1 0 0 0 0 0 0 0 0 0 0 0 0 0 0 0 0 0 0 0 0 0 0 0 0 0 0 0 0 0 0 0 0 0]
[2114406568593085558659403081887821927609911610602793646713949035551996017402606264192442209089038269517929845743377121050838268557333901325 0 0 0 0 0 0 0 0 0 0 0 0 1 0 0 0 0 0 0 0 0 0 0 0 0 0 0 0 0 0 0 0 0 0 0 0 0 0 0 0 0 0 0 0 0]
[1134592964742004218623525931238491105935170703249594308749211322677857500098305520158963548283156558546685571569750054863628347294319476467 0 0 0 0 0 0 0 0 0 0 0 0 0 1 0 0 0 0 0 0 0 0 0 0 0 0 0 0 0 0 0 0 0 0 0 0 0 0 0 0 0 0 0 0 0]
[407033240919668157408436256836410801026161195709762233597695684451491950316483134622374130964893681932238704361155620989023120986587344396 0 0 0 0 0 0 0 0 0 0 0 0 0 0 1 0 0 0 0 0 0 0 0 0 0 0 0 0 0 0 0 0 0 0 0 0 0 0 0 0 0 0 0 0 0]
[1891899284016589079769897928318001138593203559197878929061367373803614683477778226333880457276083317736390569922512533706711292379302732300 0 0 0 0 0 0 0 0 0 0 0 0 0 0 0 1 0 0 0 0 0 0 0 0 0 0 0 0 0 0 0 0 0 0 0 0 0 0 0 0 0 0 0 0 0]
[1815531454723579377684726030880882108159112208827412632292417783976485420608660995262773051178171751928927327944916274670297325677438367793 0 0 0 0 0 0 0 0 0 0 0 0 0 0 0 0 1 0 0 0 0 0 0 0 0 0 0 0 0 0 0 0 0 0 0 0 0 0 0 0 0 0 0 0 0]
[1262917331165359443326236654207265895533847716159222629217758377614801822340038594871995025646357062951526905210940728483535897076034856454 0 0 0 0 0 0 0 0 0 0 0 0 0 0 0 0 0 1 0 0 0 0 0 0 0 0 0 0 0 0 0 0 0 0 0 0 0 0 0 0 0 0 0 0 0]
[1724601763291112916570040246604593815889173946013920619684445058888431526470635926926145159458607157907016030383729029093351020362982739066 0 0 0 0 0 0 0 0 0 0 0 0 0 0 0 0 0 0 1 0 0 0 0 0 0 0 0 0 0 0 0 0 0 0 0 0 0 0 0 0 0 0 0 0 0]
[2248152149939736506812793873187655405477556710225489699786118019297609119279922970079846984036114792231885476767739922840839190533002790001 0 0 0 0 0 0 0 0 0 0 0 0 0 0 0 0 0 0 0 1 0 0 0 0 0 0 0 0 0 0 0 0 0 0 0 0 0 0 0 0 0 0 0 0 0]
[1743874504750064753130577496237173628942041676179274330082435732443569166189877788662583903131088611631034696543965245365487986113893091317 0 0 0 0 0 0 0 0 0 0 0 0 0 0 0 0 0 0 0 0 1 0 0 0 0 0 0 0 0 0 0 0 0 0 0 0 0 0 0 0 0 0 0 0 0]
[1682945629827756166524176279870854172268055148878976055064513933744574449214633886938044055854333948116459525555078255720149556407714540156 0 0 0 0 0 0 0 0 0 0 0 0 0 0 0 0 0 0 0 0 0 1 0 0 0 0 0 0 0 0 0 0 0 0 0 0 0 0 0 0 0 0 0 0 0]
[862230593398399827044693276433796325722654063991383043269549358365393185568026182238893636473051436906722160443905245016926450757820338890 0 0 0 0 0 0 0 0 0 0 0 0 0 0 0 0 0 0 0 0 0 0 1 0 0 0 0 0 0 0 0 0 0 0 0 0 0 0 0 0 0 0 0 0 0]
[2619355148293145236840395655837185384379219187057070603001605919082965708272211667019854209549873306079834064922141628761936144093963504598 0 0 0 0 0 0 0 0 0 0 0 0 0 0 0 0 0 0 0 0 0 0 0 1 0 0 0 0 0 0 0 0 0 0 0 0 0 0 0 0 0 0 0 0 0]
[1688840253347922796166023908714046216857032177102785174150315841180298277240598197977307963828083246530178453634487749802654137226768540371 0 0 0 0 0 0 0 0 0 0 0 0 0 0 0 0 0 0 0 0 0 0 0 0 1 0 0 0 0 0 0 0 0 0 0 0 0 0 0 0 0 0 0 0 0]
[2497272496947892234176520886942960001966484528116889967511244352784782586055036136504884589922377226229384561280405313619877073410203316724 0 0 0 0 0 0 0 0 0 0 0 0 0 0 0 0 0 0 0 0 0 0 0 0 0 1 0 0 0 0 0 0 0 0 0 0 0 0 0 0 0 0 0 0 0]
[1477381928028086214181581620778728242348833070919954887640114160115140960602187595508450383081828163497757450241986345322011759680804224004 0 0 0 0 0 0 0 0 0 0 0 0 0 0 0 0 0 0 0 0 0 0 0 0 0 0 1 0 0 0 0 0 0 0 0 0 0 0 0 0 0 0 0 0 0]
[992750254154988297267944171620502362592229989538812718691160544325084592913603714343627370107378594506529028873517304415723629394225497772 0 0 0 0 0 0 0 0 0 0 0 0 0 0 0 0 0 0 0 0 0 0 0 0 0 0 0 1 0 0 0 0 0 0 0 0 0 0 0 0 0 0 0 0 0]
[594928969674725001071859764555396868722926320207908549698151320383719436234531313500221586646232457493319419193529109325057944079126301608 0 0 0 0 0 0 0 0 0 0 0 0 0 0 0 0 0 0 0 0 0 0 0 0 0 0 0 0 1 0 0 0 0 0 0 0 0 0 0 0 0 0 0 0 0]
[1324974541552123277658475775218778442731229291875597275907112519524265666957259044278580031228365127385689368460949896725929071838496398260 0 0 0 0 0 0 0 0 0 0 0 0 0 0 0 0 0 0 0 0 0 0 0 0 0 0 0 0 0 1 0 0 0 0 0 0 0 0 0 0 0 0 0 0 0]
[1837616241621916828567920807045187970710937949725113030710661530107144903323581953274034976968684048636011000765445217272171792407634899342 0 0 0 0 0 0 0 0 0 0 0 0 0 0 0 0 0 0 0 0 0 0 0 0 0 0 0 0 0 0 1 0 0 0 0 0 0 0 0 0 0 0 0 0 0]
[2127218509104622085762419267795957589378071539827345948303420569439114331200614332604516121518651389589901222426156864735916295312244010914 0 0 0 0 0 0 0 0 0 0 0 0 0 0 0 0 0 0 0 0 0 0 0 0 0 0 0 0 0 0 0 1 0 0 0 0 0 0 0 0 0 0 0 0 0]
[962872476826527115632899879615248122523471603692466388962465614902670894596905293608640809127246989289575669418561677998262358258674138666 0 0 0 0 0 0 0 0 0 0 0 0 0 0 0 0 0 0 0 0 0 0 0 0 0 0 0 0 0 0 0 0 1 0 0 0 0 0 0 0 0 0 0 0 0]
[2485508953781954826452689824102453557449590564463805629991319855623630793054023736859490242585776606732073186685059592907513724223546324989 0 0 0 0 0 0 0 0 0 0 0 0 0 0 0 0 0 0 0 0 0 0 0 0 0 0 0 0 0 0 0 0 0 1 0 0 0 0 0 0 0 0 0 0 0]
[1143018829540098712185058970035935160366698162870183159143741342601415470837160663057949471278592788786263798550510087383977731210784345665 0 0 0 0 0 0 0 0 0 0 0 0 0 0 0 0 0 0 0 0 0 0 0 0 0 0 0 0 0 0 0 0 0 0 1 0 0 0 0 0 0 0 0 0 0]
[168367978257475689163866938085123337312755427661004786047797642221564163515674145277473329364614112326034666547791414719857742631909715177 0 0 0 0 0 0 0 0 0 0 0 0 0 0 0 0 0 0 0 0 0 0 0 0 0 0 0 0 0 0 0 0 0 0 0 1 0 0 0 0 0 0 0 0 0]
[1349439485379444399552700920788828367793769276636051838893444241621184453122575590751129967481408256688761607740608184052771332172383540450 0 0 0 0 0 0 0 0 0 0 0 0 0 0 0 0 0 0 0 0 0 0 0 0 0 0 0 0 0 0 0 0 0 0 0 0 1 0 0 0 0 0 0 0 0]
[1109862113224542969948733119865746237047238979621077527247254706840245296002981830624146959701264636615768775959106785644643093993312891888 0 0 0 0 0 0 0 0 0 0 0 0 0 0 0 0 0 0 0 0 0 0 0 0 0 0 0 0 0 0 0 0 0 0 0 0 0 1 0 0 0 0 0 0 0]
[1917206353088614418962882306114882909590461021683768081248068693501458879412955597664246304245362433165669828434241802647160569113400933001 0 0 0 0 0 0 0 0 0 0 0 0 0 0 0 0 0 0 0 0 0 0 0 0 0 0 0 0 0 0 0 0 0 0 0 0 0 0 1 0 0 0 0 0 0]
[1346271662103084518471500458280062784106937887791055144782828843123058643348631539365939505829866547462256464770921210117882225539189312616 0 0 0 0 0 0 0 0 0 0 0 0 0 0 0 0 0 0 0 0 0 0 0 0 0 0 0 0 0 0 0 0 0 0 0 0 0 0 0 1 0 0 0 0 0]
[760340570522969305769908078751112421035869368501666965907817339290524159852178372785775859968545551392561762064646624114631987969737565095 0 0 0 0 0 0 0 0 0 0 0 0 0 0 0 0 0 0 0 0 0 0 0 0 0 0 0 0 0 0 0 0 0 0 0 0 0 0 0 0 1 0 0 0 0]
[13737807174442568602442887651834309760105758840437127781662983354626300098386376662383491763183953873378367654538018463137318211491074937 0 0 0 0 0 0 0 0 0 0 0 0 0 0 0 0 0 0 0 0 0 0 0 0 0 0 0 0 0 0 0 0 0 0 0 0 0 0 0 0 0 1 0 0 0]
[1481570857505291664904702917677287020217146033407446703095415555207547408320437680034487869137622310693384949773482756859553927886249173566 0 0 0 0 0 0 0 0 0 0 0 0 0 0 0 0 0 0 0 0 0 0 0 0 0 0 0 0 0 0 0 0 0 0 0 0 0 0 0 0 0 0 1 0 0]
[2320389715950750311076393716216948283340255386665974833121589463705635288520111797923915457164589983690250787890910500916791128117753718929 0 0 0 0 0 0 0 0 0 0 0 0 0 0 0 0 0 0 0 0 0 0 0 0 0 0 0 0 0 0 0 0 0 0 0 0 0 0 0 0 0 0 0 1 0]
[746195779458542457920871884574707132677580659974849864932648451812660465183233772306351024989621976940138615451779878603317448590355435407 0 0 0 0 0 0 0 0 0 0 0 0 0 0 0 0 0 0 0 0 0 0 0 0 0 0 0 0 0 0 0 0 0 0 0 0 0 0 0 0 0 0 0 0 1]
]
