[[5853266093614941420934616531065404634051607785044268009046716113147752976925061984312132309102561619340896332813633083100924152165650013189479687428623480388900800248416180651813042241467746314269738280711863603250220499946780351149541107510748947165378595998823622014572839153547955638660349876583412413 0 0 0 0 0 0 0 0 0 0 0 0 0 0 0 0 0 0 0 0 0 0 0 0 0 0 0 0 0 0 0 0 0 0 0 0 0 0 0 0 0 0 0 0 0 0 0 0 0 0 0 0 0 0 0 0 0 0 0 0 0 0 0 0 0 0 0 0 0 0 0 0 0 0 0 0 0 0 0 0 0 0 0 0 0 0 0 0 0 0 0 0 0 0 0 0 0 0 0 0]
[2113819994334827001833828900113030388139700630961198338580815189076377461176104803009180050191027091845435786847746113519899340519934845187032810330601222856966324021426190427825269289900325604726561820630439261694947594713690780259750699930188694035856652332208214301105404818283393691326041391029762884 1 0 0 0 0 0 0 0 0 0 0 0 0 0 0 0 0 0 0 0 0 0 0 0 0 0 0 0 0 0 0 0 0 0 0 0 0 0 0 0 0 0 0 0 0 0 0 0 0 0 0 0 0 0 0 0 0 0 0 0 0 0 0 0 0 0 0 0 0 0 0 0 0 0 0 0 0 0 0 0 0 0 0 0 0 0 0 0 0 0 0 0 0 0 0 0 0 0 0 0]
[1506183620390537780415779565282541554557191098403852301899550175463909321781983235933766414182979682836127110002893041767169211056000548608309309306786824246608937077200677003880069010214746307515344986904331054129412956777462388039094615672067007795853596034903671542915826726140298961744153586489410199 0 1 0 0 0 0 0 0 0 0 0 0 0 0 0 0 0 0 0 0 0 0 0 0 0 0 0 0 0 0 0 0 0 0 0 0 0 0 0 0 0 0 0 0 0 0 0 0 0 0 0 0 0 0 0 0 0 0 0 0 0 0 0 0 0 0 0 0 0 0 0 0 0 0 0 0 0 0 0 0 0 0 0 0 0 0 0 0 0 0 0 0 0 0 0 0 0 0 0 0]
[3448379990410907051722410954182066673702783379595557363994383157430089158978403301621253300673233561018837558480224018038454438747847177299509233587158479280818139837811545814735258431535499346803298094816263178693083040235417802834879645657170742302647402238567858548241809067883889973357807163959243796 0 0 1 0 0 0 0 0 0 0 0 0 0 0 0 0 0 0 0 0 0 0 0 0 0 0 0 0 0 0 0 0 0 0 0 0 0 0 0 0 0 0 0 0 0 0 0 0 0 0 0 0 0 0 0 0 0 0 0 0 0 0 0 0 0 0 0 0 0 0 0 0 0 0 0 0 0 0 0 0 0 0 0 0 0 0 0 0 0 0 0 0 0 0 0 0 0 0 0 0]
[3493344492482783472994239777160980987103789735608313585805403142499857908144106544124966622002137259710476326439425092245994524743817505341747350232578118585968160299204842615695001748510631888129377842944525441704914466846013218583127489985864865996066291746966453974277463542154684926208948210974783185 0 0 0 1 0 0 0 0 0 0 0 0 0 0 0 0 0 0 0 0 0 0 0 0 0 0 0 0 0 0 0 0 0 0 0 0 0 0 0 0 0 0 0 0 0 0 0 0 0 0 0 0 0 0 0 0 0 0 0 0 0 0 0 0 0 0 0 0 0 0 0 0 0 0 0 0 0 0 0 0 0 0 0 0 0 0 0 0 0 0 0 0 0 0 0 0 0 0 0 0]
[5327281943406098657523054058908679056384487696904322932990042304695027564466358661588172167526866584615577634262260993791076859402832032927796357905728977109015688487128888532993106988598784947157947120595324912974264278968780337422826828756855627912866998965890392807020824683969446548038397436838941615 0 0 0 0 1 0 0 0 0 0 0 0 0 0 0 0 0 0 0 0 0 0 0 0 0 0 0 0 0 0 0 0 0 0 0 0 0 0 0 0 0 0 0 0 0 0 0 0 0 0 0 0 0 0 0 0 0 0 0 0 0 0 0 0 0 0 0 0 0 0 0 0 0 0 0 0 0 0 0 0 0 0 0 0 0 0 0 0 0 0 0 0 0 0 0 0 0 0 0 0]
[2026549242894772788975705767392551196410132717336176662225300509614240719040283591789702138949272068818683989113374382647474824520232330925045094047974671405887967839060442772348678852567706660853748100034685133527039752578321116106019827005306262466361878785806421737456465300789260779112311625287156372 0 0 0 0 0 1 0 0 0 0 0 0 0 0 0 0 0 0 0 0 0 0 0 0 0 0 0 0 0 0 0 0 0 0 0 0 0 0 0 0 0 0 0 0 0 0 0 0 0 0 0 0 0 0 0 0 0 0 0 0 0 0 0 0 0 0 0 0 0 0 0 0 0 0 0 0 0 0 0 0 0 0 0 0 0 0 0 0 0 0 0 0 0 0 0 0 0 0 0 0]
[895812492567470375491325472609028537929637775006632267824802595676400050121981028480960642492823473372660440102742636454214487503710102902086722035556995394249930479182850212666028503004346181134717651229792027446867713105240829973294754212476084955456325616226547569722525895850903886876705535187902448 0 0 0 0 0 0 1 0 0 0 0 0 0 0 0 0 0 0 0 0 0 0 0 0 0 0 0 0 0 0 0 0 0 0 0 0 0 0 0 0 0 0 0 0 0 0 0 0 0 0 0 0 0 0 0 0 0 0 0 0 0 0 0 0 0 0 0 0 0 0 0 0 0 0 0 0 0 0 0 0 0 0 0 0 0 0 0 0 0 0 0 0 0 0 0 0 0 0 0 0]
[3737808488089230644880212041264703033619868441273843383937836579293727569466242145841027711005501542941163343036299178530299441233746776019770031351596817687463846765848200023225123433694464591599979628554587743725665224780432310273390185942785486421577398753111165814944652916596724095720419120969135474 0 0 0 0 0 0 0 1 0 0 0 0 0 0 0 0 0 0 0 0 0 0 0 0 0 0 0 0 0 0 0 0 0 0 0 0 0 0 0 0 0 0 0 0 0 0 0 0 0 0 0 0 0 0 0 0 0 0 0 0 0 0 0 0 0 0 0 0 0 0 0 0 0 0 0 0 0 0 0 0 0 0 0 0 0 0 0 0 0 0 0 0 0 0 0 0 0 0 0 0]
[3389133295471096365954421650298371142733319008289281311437797528788726648718186600413481048662083922910083247325485395506626427672429573671930632838934022841193800441558776289134908419753889020792654873886658708450196562892417504849489588209755963351532202026921230645072493480802538163883703586013434717 0 0 0 0 0 0 0 0 1 0 0 0 0 0 0 0 0 0 0 0 0 0 0 0 0 0 0 0 0 0 0 0 0 0 0 0 0 0 0 0 0 0 0 0 0 0 0 0 0 0 0 0 0 0 0 0 0 0 0 0 0 0 0 0 0 0 0 0 0 0 0 0 0 0 0 0 0 0 0 0 0 0 0 0 0 0 0 0 0 0 0 0 0 0 0 0 0 0 0 0]
[5085239197535741337776448254576502337659828853107519648775694530631406586618800930526851793035880384129468613679514368191126724167784687288010072463551625356025632699832199046989599107930462588920605597972795793936310372805991731470926390391178102227198352621766105764065943139502966018078368409092466745 0 0 0 0 0 0 0 0 0 1 0 0 0 0 0 0 0 0 0 0 0 0 0 0 0 0 0 0 0 0 0 0 0 0 0 0 0 0 0 0 0 0 0 0 0 0 0 0 0 0 0 0 0 0 0 0 0 0 0 0 0 0 0 0 0 0 0 0 0 0 0 0 0 0 0 0 0 0 0 0 0 0 0 0 0 0 0 0 0 0 0 0 0 0 0 0 0 0 0 0]
[3306589521987562002020265608237908639773740208087081763046529928611087148769264214229172311116203473423080455557247455133547015507480055358033698928488385832068991086413668475859760066329376255151688980048353797988105499894739360666088500304813839814943947958685321732053579488773744815514367485941823221 0 0 0 0 0 0 0 0 0 0 1 0 0 0 0 0 0 0 0 0 0 0 0 0 0 0 0 0 0 0 0 0 0 0 0 0 0 0 0 0 0 0 0 0 0 0 0 0 0 0 0 0 0 0 0 0 0 0 0 0 0 0 0 0 0 0 0 0 0 0 0 0 0 0 0 0 0 0 0 0 0 0 0 0 0 0 0 0 0 0 0 0 0 0 0 0 0 0 0 0]
[560387331077160737668929099082010766193160148968244188939622678903304271612243925268612738137644887888889491581388589314372067035006322363303767203940913530154392541312889489077233458889655868170802521979705492326569255197485730913925620878899701878372384352594421650018863479144041264565230164912049710 0 0 0 0 0 0 0 0 0 0 0 1 0 0 0 0 0 0 0 0 0 0 0 0 0 0 0 0 0 0 0 0 0 0 0 0 0 0 0 0 0 0 0 0 0 0 0 0 0 0 0 0 0 0 0 0 0 0 0 0 0 0 0 0 0 0 0 0 0 0 0 0 0 0 0 0 0 0 0 0 0 0 0 0 0 0 0 0 0 0 0 0 0 0 0 0 0 0 0 0]
[5192528621286950109487619108236463000796329798546432425417409013920127639111234273253257957489905970436116902885159353106736306104476375375292863796800701529433293105838795801289035021726046977484025623147796591499545506612219329718578084646355597838813698671724503638707035295571018023529527904526143077 0 0 0 0 0 0 0 0 0 0 0 0 1 0 0 0 0 0 0 0 0 0 0 0 0 0 0 0 0 0 0 0 0 0 0 0 0 0 0 0 0 0 0 0 0 0 0 0 0 0 0 0 0 0 0 0 0 0 0 0 0 0 0 0 0 0 0 0 0 0 0 0 0 0 0 0 0 0 0 0 0 0 0 0 0 0 0 0 0 0 0 0 0 0 0 0 0 0 0 0]
[3318702835481511578275437530439046425556143108609950931873342800815164266869322525265761575511590766612979711928928039474926479009379776507115704924916573222852305901954364187045396741081983389865047845361774953494806916476850031863296314170601608466992722303818247190919502843204352035651294257667718520 0 0 0 0 0 0 0 0 0 0 0 0 0 1 0 0 0 0 0 0 0 0 0 0 0 0 0 0 0 0 0 0 0 0 0 0 0 0 0 0 0 0 0 0 0 0 0 0 0 0 0 0 0 0 0 0 0 0 0 0 0 0 0 0 0 0 0 0 0 0 0 0 0 0 0 0 0 0 0 0 0 0 0 0 0 0 0 0 0 0 0 0 0 0 0 0 0 0 0 0]
[4899677698257237039113015631953387685676604025183230049102595830503199902097351370756121411152250399374028682792892928588579673322286808854688159563134787053433735867386588321633090067911053725357277665189641811619479472643264778282230942570046052948034317606637712313666375045033481001515997629482606971 0 0 0 0 0 0 0 0 0 0 0 0 0 0 1 0 0 0 0 0 0 0 0 0 0 0 0 0 0 0 0 0 0 0 0 0 0 0 0 0 0 0 0 0 0 0 0 0 0 0 0 0 0 0 0 0 0 0 0 0 0 0 0 0 0 0 0 0 0 0 0 0 0 0 0 0 0 0 0 0 0 0 0 0 0 0 0 0 0 0 0 0 0 0 0 0 0 0 0 0]
[4976002181661225084440059997266213585347876309943356889844189493068214738743510447487518153082076136083820244947396147144078912017828097139527301030650017775857146818069079486125352450700223123899940128432213044688361127949416918210799139981658270951034306316611604098307020518293384930119469402056015964 0 0 0 0 0 0 0 0 0 0 0 0 0 0 0 1 0 0 0 0 0 0 0 0 0 0 0 0 0 0 0 0 0 0 0 0 0 0 0 0 0 0 0 0 0 0 0 0 0 0 0 0 0 0 0 0 0 0 0 0 0 0 0 0 0 0 0 0 0 0 0 0 0 0 0 0 0 0 0 0 0 0 0 0 0 0 0 0 0 0 0 0 0 0 0 0 0 0 0 0]
[3624430314116014461421878954483754104264636991745748560824744995654600389177951235893040500627951656014711865824171554087993267463924036929320213462331139080736962654531468847239412677896227101068650923373831952703089548373588275181269496114393194683059737618081657205545645340030678082931770702426893615 0 0 0 0 0 0 0 0 0 0 0 0 0 0 0 0 1 0 0 0 0 0 0 0 0 0 0 0 0 0 0 0 0 0 0 0 0 0 0 0 0 0 0 0 0 0 0 0 0 0 0 0 0 0 0 0 0 0 0 0 0 0 0 0 0 0 0 0 0 0 0 0 0 0 0 0 0 0 0 0 0 0 0 0 0 0 0 0 0 0 0 0 0 0 0 0 0 0 0 0]
[287958773837383467774067117388368329818101894847304066599046315324009656502440067267159541251671015742902863629178072120190196171173096993023747549774754430676320217002535955520680920338918851701136923257146406891875726177714052972691381012112116012688989001136374540835822371719750341870607054251144575 0 0 0 0 0 0 0 0 0 0 0 0 0 0 0 0 0 1 0 0 0 0 0 0 0 0 0 0 0 0 0 0 0 0 0 0 0 0 0 0 0 0 0 0 0 0 0 0 0 0 0 0 0 0 0 0 0 0 0 0 0 0 0 0 0 0 0 0 0 0 0 0 0 0 0 0 0 0 0 0 0 0 0 0 0 0 0 0 0 0 0 0 0 0 0 0 0 0 0 0]
[867695720850706980855166568766464500082843967451570939064999006314249678006344954139312273993206583346517938350065079821523629924182732196426627253708814283713647473250023606082563984457138739971029523100236099334889955890057400506206996461526422996591327728501564626150762084422237260650774772408516120 0 0 0 0 0 0 0 0 0 0 0 0 0 0 0 0 0 0 1 0 0 0 0 0 0 0 0 0 0 0 0 0 0 0 0 0 0 0 0 0 0 0 0 0 0 0 0 0 0 0 0 0 0 0 0 0 0 0 0 0 0 0 0 0 0 0 0 0 0 0 0 0 0 0 0 0 0 0 0 0 0 0 0 0 0 0 0 0 0 0 0 0 0 0 0 0 0 0 0 0]
[339353262736968577940946529714529588159976123145965545869072183336930758993925850945880871456224617608350830274245715320795444207910395717041880292761888209001489452149641588211083531476855699177952626234588280734060040923966946183190622474829227299936669983074380086522909328282640259009504720869537307 0 0 0 0 0 0 0 0 0 0 0 0 0 0 0 0 0 0 0 1 0 0 0 0 0 0 0 0 0 0 0 0 0 0 0 0 0 0 0 0 0 0 0 0 0 0 0 0 0 0 0 0 0 0 0 0 0 0 0 0 0 0 0 0 0 0 0 0 0 0 0 0 0 0 0 0 0 0 0 0 0 0 0 0 0 0 0 0 0 0 0 0 0 0 0 0 0 0 0 0]
[4985339502595214758738360748671149394119198973421682463713195391007969431036100531684842610627728019644595646447557222549361237635157163995228255381055606296735754913300706579825404964697432817171239100119438669619988196982427063448880018541496021850931595334509347792857203004003388832580543752913427150 0 0 0 0 0 0 0 0 0 0 0 0 0 0 0 0 0 0 0 0 1 0 0 0 0 0 0 0 0 0 0 0 0 0 0 0 0 0 0 0 0 0 0 0 0 0 0 0 0 0 0 0 0 0 0 0 0 0 0 0 0 0 0 0 0 0 0 0 0 0 0 0 0 0 0 0 0 0 0 0 0 0 0 0 0 0 0 0 0 0 0 0 0 0 0 0 0 0 0 0]
[1196539019670796468387852184389524571655307602578366739388314872437112626773146354724619860557058151567727793814894862523142391304332875185103863787682945233320272217458504595664309901852610251333286475614195976121189993064477872607356855554302707364964175420757807213215064661978194473793135848263755489 0 0 0 0 0 0 0 0 0 0 0 0 0 0 0 0 0 0 0 0 0 1 0 0 0 0 0 0 0 0 0 0 0 0 0 0 0 0 0 0 0 0 0 0 0 0 0 0 0 0 0 0 0 0 0 0 0 0 0 0 0 0 0 0 0 0 0 0 0 0 0 0 0 0 0 0 0 0 0 0 0 0 0 0 0 0 0 0 0 0 0 0 0 0 0 0 0 0 0 0]
[171534385688117840842378510089820678344757046430190477167399226871003732180622049002420440511797618131793855129285634829008685384502741819287699562771316143894854100489097013377518692984534480616236965952604630816563675182212806646050981781319337381985664054817913573285822297434121015891585373016994797 0 0 0 0 0 0 0 0 0 0 0 0 0 0 0 0 0 0 0 0 0 0 1 0 0 0 0 0 0 0 0 0 0 0 0 0 0 0 0 0 0 0 0 0 0 0 0 0 0 0 0 0 0 0 0 0 0 0 0 0 0 0 0 0 0 0 0 0 0 0 0 0 0 0 0 0 0 0 0 0 0 0 0 0 0 0 0 0 0 0 0 0 0 0 0 0 0 0 0 0]
[4474721182708598425922871434640484510751665994453437329701885844750532693179415082550871190697090129399693580717977631728291726759451809573837108759559699772823043389622779256751016539524985061489121789238868130454651646649925325931195092707387064517623647882886405797491421498056460553166294777342656686 0 0 0 0 0 0 0 0 0 0 0 0 0 0 0 0 0 0 0 0 0 0 0 1 0 0 0 0 0 0 0 0 0 0 0 0 0 0 0 0 0 0 0 0 0 0 0 0 0 0 0 0 0 0 0 0 0 0 0 0 0 0 0 0 0 0 0 0 0 0 0 0 0 0 0 0 0 0 0 0 0 0 0 0 0 0 0 0 0 0 0 0 0 0 0 0 0 0 0 0]
[1044739373309872345637026983893771069346022377868716475154179138127536292271851245821551436437198426135410352280435631937993700044747805911086309490894688826158248844753809319943134679232718648993802943208284015082082841589692595694702149627121483750127956127491062772616783369787422043662464060941856260 0 0 0 0 0 0 0 0 0 0 0 0 0 0 0 0 0 0 0 0 0 0 0 0 1 0 0 0 0 0 0 0 0 0 0 0 0 0 0 0 0 0 0 0 0 0 0 0 0 0 0 0 0 0 0 0 0 0 0 0 0 0 0 0 0 0 0 0 0 0 0 0 0 0 0 0 0 0 0 0 0 0 0 0 0 0 0 0 0 0 0 0 0 0 0 0 0 0 0 0]
[2344087903720245962743481128580753642064537322744129042587770745237920721646481129978932745433224952832664939931518100299391680624328165909112202014733139474909752809624337034623443583364877262247128633270985793436280470719197436207444774368914907005446194097890732012585673585629134026391598725594355981 0 0 0 0 0 0 0 0 0 0 0 0 0 0 0 0 0 0 0 0 0 0 0 0 0 1 0 0 0 0 0 0 0 0 0 0 0 0 0 0 0 0 0 0 0 0 0 0 0 0 0 0 0 0 0 0 0 0 0 0 0 0 0 0 0 0 0 0 0 0 0 0 0 0 0 0 0 0 0 0 0 0 0 0 0 0 0 0 0 0 0 0 0 0 0 0 0 0 0 0]
[3357936807479050843194661025417170023466573728486786175011549591085152339092341928830097307876462342697166028330974490974959336248692474775030769216777884255764951296126585348956323396521295722929391654340506282148307969153442865433202745943046518588242368438061488771943680374196508290913705029054590842 0 0 0 0 0 0 0 0 0 0 0 0 0 0 0 0 0 0 0 0 0 0 0 0 0 0 1 0 0 0 0 0 0 0 0 0 0 0 0 0 0 0 0 0 0 0 0 0 0 0 0 0 0 0 0 0 0 0 0 0 0 0 0 0 0 0 0 0 0 0 0 0 0 0 0 0 0 0 0 0 0 0 0 0 0 0 0 0 0 0 0 0 0 0 0 0 0 0 0 0]
[5453272971121123500441388298930867613556892212821451660707339108623586189527373373214326406215537338357877742572126088603613462542004159746359719008618241962561702374763702572241145087263873005764919820506885648441481168944017147171945937614636838699566224016064432076426740426096866087175268613798114240 0 0 0 0 0 0 0 0 0 0 0 0 0 0 0 0 0 0 0 0 0 0 0 0 0 0 0 1 0 0 0 0 0 0 0 0 0 0 0 0 0 0 0 0 0 0 0 0 0 0 0 0 0 0 0 0 0 0 0 0 0 0 0 0 0 0 0 0 0 0 0 0 0 0 0 0 0 0 0 0 0 0 0 0 0 0 0 0 0 0 0 0 0 0 0 0 0 0 0 0]
[3327105278074385169179680480815147154197155691300948676950755719244644722632014254109176163104259835583721047497469426952077969487366628506673690431485206966024928125517345804301081207718600369919693677084046202904222641268432844395026350395458460909899240548266921957869519066213014581111309325712103611 0 0 0 0 0 0 0 0 0 0 0 0 0 0 0 0 0 0 0 0 0 0 0 0 0 0 0 0 1 0 0 0 0 0 0 0 0 0 0 0 0 0 0 0 0 0 0 0 0 0 0 0 0 0 0 0 0 0 0 0 0 0 0 0 0 0 0 0 0 0 0 0 0 0 0 0 0 0 0 0 0 0 0 0 0 0 0 0 0 0 0 0 0 0 0 0 0 0 0 0]
[683922585558281200434243608292302235529386322636210892124656291011180360986609333577009309624314166566955497244896275569574016661266362030023724165959671512914347648917629603895172809754512287148015620658216994602278258703020356103195438114820221335032222830152439301708151926035441019533207852541593969 0 0 0 0 0 0 0 0 0 0 0 0 0 0 0 0 0 0 0 0 0 0 0 0 0 0 0 0 0 1 0 0 0 0 0 0 0 0 0 0 0 0 0 0 0 0 0 0 0 0 0 0 0 0 0 0 0 0 0 0 0 0 0 0 0 0 0 0 0 0 0 0 0 0 0 0 0 0 0 0 0 0 0 0 0 0 0 0 0 0 0 0 0 0 0 0 0 0 0 0]
[742772278510511282815151815861624294396421684718688278955861849870710334733288810608236478948468134624697754028414382768257813417714750040191124647694030661350733870730485657262030553703723311875984065805465181292475827018158802614493682432817830070677674964637308094593151160595539491513876138382331696 0 0 0 0 0 0 0 0 0 0 0 0 0 0 0 0 0 0 0 0 0 0 0 0 0 0 0 0 0 0 1 0 0 0 0 0 0 0 0 0 0 0 0 0 0 0 0 0 0 0 0 0 0 0 0 0 0 0 0 0 0 0 0 0 0 0 0 0 0 0 0 0 0 0 0 0 0 0 0 0 0 0 0 0 0 0 0 0 0 0 0 0 0 0 0 0 0 0 0 0]
[4956699225734344286841341806931232462041072628314005318085575249332243120970003217833938145703873069378103474961568801457176871408386202424205853170522193239235863343662512164042546438104027832388257229821023274098009370329138174638446964942955224142018060249289851191011860267435231468743174597396113432 0 0 0 0 0 0 0 0 0 0 0 0 0 0 0 0 0 0 0 0 0 0 0 0 0 0 0 0 0 0 0 1 0 0 0 0 0 0 0 0 0 0 0 0 0 0 0 0 0 0 0 0 0 0 0 0 0 0 0 0 0 0 0 0 0 0 0 0 0 0 0 0 0 0 0 0 0 0 0 0 0 0 0 0 0 0 0 0 0 0 0 0 0 0 0 0 0 0 0 0]
[2871503896175490197478743883640044738815878038084021309055689105087215542040760160481486562507936245586986072954501135533779723579174547299411578874439726199100493574220323217935747512323584980336465134369508641286403879785293045835317532359904002452266088515190704830833445512089939284146484619829036371 0 0 0 0 0 0 0 0 0 0 0 0 0 0 0 0 0 0 0 0 0 0 0 0 0 0 0 0 0 0 0 0 1 0 0 0 0 0 0 0 0 0 0 0 0 0 0 0 0 0 0 0 0 0 0 0 0 0 0 0 0 0 0 0 0 0 0 0 0 0 0 0 0 0 0 0 0 0 0 0 0 0 0 0 0 0 0 0 0 0 0 0 0 0 0 0 0 0 0 0]
[3873542972385191442314842009687812121960050041350599162643553632088470639248238296205382130079781284544796224231357938254842685423670390770882678654353197969670368209630726502223732701554990609905044681152330929108432874053183167806961400007051157542035291993309186815911766050650346201967374511566049670 0 0 0 0 0 0 0 0 0 0 0 0 0 0 0 0 0 0 0 0 0 0 0 0 0 0 0 0 0 0 0 0 0 1 0 0 0 0 0 0 0 0 0 0 0 0 0 0 0 0 0 0 0 0 0 0 0 0 0 0 0 0 0 0 0 0 0 0 0 0 0 0 0 0 0 0 0 0 0 0 0 0 0 0 0 0 0 0 0 0 0 0 0 0 0 0 0 0 0 0]
[2282927171546196564668333157299203580858067829210312625763240312035654303002084223499296473919411854039426007170796443396705462550036669616867935237176208263459490525614587668963697196071024368103220204507376789789769830240159244331836262879836518319696719675510444625576560821862188978151094633038678996 0 0 0 0 0 0 0 0 0 0 0 0 0 0 0 0 0 0 0 0 0 0 0 0 0 0 0 0 0 0 0 0 0 0 1 0 0 0 0 0 0 0 0 0 0 0 0 0 0 0 0 0 0 0 0 0 0 0 0 0 0 0 0 0 0 0 0 0 0 0 0 0 0 0 0 0 0 0 0 0 0 0 0 0 0 0 0 0 0 0 0 0 0 0 0 0 0 0 0 0]
[491824827970165192674371367483285347460959645496837986765923545792729134394257805376925748697030551102482894274602300524318106776448188323567498569521098628822317964642253996507642623374965758458664270110803478941181968344357525588662834151338216750011794865815751302481045753636646256465827551320370904 0 0 0 0 0 0 0 0 0 0 0 0 0 0 0 0 0 0 0 0 0 0 0 0 0 0 0 0 0 0 0 0 0 0 0 1 0 0 0 0 0 0 0 0 0 0 0 0 0 0 0 0 0 0 0 0 0 0 0 0 0 0 0 0 0 0 0 0 0 0 0 0 0 0 0 0 0 0 0 0 0 0 0 0 0 0 0 0 0 0 0 0 0 0 0 0 0 0 0 0]
[2550257590843617470777475240416942968701048113972385703835817313183032101784960098302879233850215954518888887929323687612211218921030109454144834260662215564222451467087119586834406589287620492878916063479949472050161384869773796633984439095108680975297321658512397229707982757879936120544219148418797643 0 0 0 0 0 0 0 0 0 0 0 0 0 0 0 0 0 0 0 0 0 0 0 0 0 0 0 0 0 0 0 0 0 0 0 0 1 0 0 0 0 0 0 0 0 0 0 0 0 0 0 0 0 0 0 0 0 0 0 0 0 0 0 0 0 0 0 0 0 0 0 0 0 0 0 0 0 0 0 0 0 0 0 0 0 0 0 0 0 0 0 0 0 0 0 0 0 0 0 0]
[5824233102782930294120786021607368469603620357799124176452533875895919903192715191349597902030065677271124175857119381040353085148755651010087738478555367073228874335000688260877740145545164139258280855485902597049683526381208980005759197991584057768575766723104763361802207561464039548844857569755110813 0 0 0 0 0 0 0 0 0 0 0 0 0 0 0 0 0 0 0 0 0 0 0 0 0 0 0 0 0 0 0 0 0 0 0 0 0 1 0 0 0 0 0 0 0 0 0 0 0 0 0 0 0 0 0 0 0 0 0 0 0 0 0 0 0 0 0 0 0 0 0 0 0 0 0 0 0 0 0 0 0 0 0 0 0 0 0 0 0 0 0 0 0 0 0 0 0 0 0 0]
[4283137609275415995348370093271104835119663766364215917553092548234921697433849831308944328321280026726159109711190159185859494445315825975872447465031714754254102735143797599269527934371036536735178326011680398120374584367521081187342113219292500880891546547242998146860392542311952674621149365506841475 0 0 0 0 0 0 0 0 0 0 0 0 0 0 0 0 0 0 0 0 0 0 0 0 0 0 0 0 0 0 0 0 0 0 0 0 0 0 1 0 0 0 0 0 0 0 0 0 0 0 0 0 0 0 0 0 0 0 0 0 0 0 0 0 0 0 0 0 0 0 0 0 0 0 0 0 0 0 0 0 0 0 0 0 0 0 0 0 0 0 0 0 0 0 0 0 0 0 0 0]
[2712453899222673223760968634455641316349827421489578801451525391088063291158633689205005396465598137542513288504155702883335419258676021409091494700740312567599434073875310205389392938143338657426915015558388595668024592210588761412534129875274813484286086762429920965028006974517913419044995185820534417 0 0 0 0 0 0 0 0 0 0 0 0 0 0 0 0 0 0 0 0 0 0 0 0 0 0 0 0 0 0 0 0 0 0 0 0 0 0 0 1 0 0 0 0 0 0 0 0 0 0 0 0 0 0 0 0 0 0 0 0 0 0 0 0 0 0 0 0 0 0 0 0 0 0 0 0 0 0 0 0 0 0 0 0 0 0 0 0 0 0 0 0 0 0 0 0 0 0 0 0]
[5303048792946170444116955439120397371116906586411992889433050020226889160395573334576142522252349671071361478780598314454636216920450122648236803818288751873540557155256762426505341866417674294675183937601064898854708297368870280877706989635146562452903712419588255103613409271937043496667010111945225520 0 0 0 0 0 0 0 0 0 0 0 0 0 0 0 0 0 0 0 0 0 0 0 0 0 0 0 0 0 0 0 0 0 0 0 0 0 0 0 0 1 0 0 0 0 0 0 0 0 0 0 0 0 0 0 0 0 0 0 0 0 0 0 0 0 0 0 0 0 0 0 0 0 0 0 0 0 0 0 0 0 0 0 0 0 0 0 0 0 0 0 0 0 0 0 0 0 0 0 0]
[5599463986021279017777141347606473930415952434441396592490176233628436852965027316599209857701837705626260628901748814802686657937004479904681616775963793667577554785186320112038511867962651970138978866972008790492793421021472721088326313155517003740573308488610904940647397893524645547734000952169115598 0 0 0 0 0 0 0 0 0 0 0 0 0 0 0 0 0 0 0 0 0 0 0 0 0 0 0 0 0 0 0 0 0 0 0 0 0 0 0 0 0 1 0 0 0 0 0 0 0 0 0 0 0 0 0 0 0 0 0 0 0 0 0 0 0 0 0 0 0 0 0 0 0 0 0 0 0 0 0 0 0 0 0 0 0 0 0 0 0 0 0 0 0 0 0 0 0 0 0 0]
[4682833818279476321260454150431361424132291691725742279940523180937243052547703149665634156073414298067734439469560104197939750139532163042049136386092648382110946304575406887218778283774821830895852204228341404147121878498076725038628629665010240601384965491511236243882834297170771254373022497958585370 0 0 0 0 0 0 0 0 0 0 0 0 0 0 0 0 0 0 0 0 0 0 0 0 0 0 0 0 0 0 0 0 0 0 0 0 0 0 0 0 0 0 1 0 0 0 0 0 0 0 0 0 0 0 0 0 0 0 0 0 0 0 0 0 0 0 0 0 0 0 0 0 0 0 0 0 0 0 0 0 0 0 0 0 0 0 0 0 0 0 0 0 0 0 0 0 0 0 0 0]
[3098597971480111354373439032359362750250489249492098169095980665257757165574779188758548390887672138305768094022697391277182469650571464257723129105624090252146929517036171160764028488046105067563031090262676226404782606209470805225453935608379200558378399265478702195504545461733270575925381741729011134 0 0 0 0 0 0 0 0 0 0 0 0 0 0 0 0 0 0 0 0 0 0 0 0 0 0 0 0 0 0 0 0 0 0 0 0 0 0 0 0 0 0 0 1 0 0 0 0 0 0 0 0 0 0 0 0 0 0 0 0 0 0 0 0 0 0 0 0 0 0 0 0 0 0 0 0 0 0 0 0 0 0 0 0 0 0 0 0 0 0 0 0 0 0 0 0 0 0 0 0]
[1960188754842897136570507322894332505662671493237304937369293204412215362380020024979364923311322823597365002689678376316458386937799298451115460221085413161061256391516653843543311685906250378466770969737603700310059839380200544778172620860743829360346753620954890957031757879883508737766842822901579194 0 0 0 0 0 0 0 0 0 0 0 0 0 0 0 0 0 0 0 0 0 0 0 0 0 0 0 0 0 0 0 0 0 0 0 0 0 0 0 0 0 0 0 0 1 0 0 0 0 0 0 0 0 0 0 0 0 0 0 0 0 0 0 0 0 0 0 0 0 0 0 0 0 0 0 0 0 0 0 0 0 0 0 0 0 0 0 0 0 0 0 0 0 0 0 0 0 0 0 0]
[4082808438267998653365624108672888362340327290268536114358994673380091700843202923922018586650221289175632541780114991970007596504656685536336758889706887841898433725429827468235957652895059778926769937905005465715097743392228705318038884790342739859014661355651866594485520463802050491930901122986464985 0 0 0 0 0 0 0 0 0 0 0 0 0 0 0 0 0 0 0 0 0 0 0 0 0 0 0 0 0 0 0 0 0 0 0 0 0 0 0 0 0 0 0 0 0 1 0 0 0 0 0 0 0 0 0 0 0 0 0 0 0 0 0 0 0 0 0 0 0 0 0 0 0 0 0 0 0 0 0 0 0 0 0 0 0 0 0 0 0 0 0 0 0 0 0 0 0 0 0 0]
[690898881206639987773530166382452851168477824573753756378060644780997005287434649968328606677808077512526672891598004945012907351183968707895642033321529359586297236723703181914776839233184767784385981441182439762913485667781658277956914932273846653067025241355597128884373634500193258874105929165867629 0 0 0 0 0 0 0 0 0 0 0 0 0 0 0 0 0 0 0 0 0 0 0 0 0 0 0 0 0 0 0 0 0 0 0 0 0 0 0 0 0 0 0 0 0 0 1 0 0 0 0 0 0 0 0 0 0 0 0 0 0 0 0 0 0 0 0 0 0 0 0 0 0 0 0 0 0 0 0 0 0 0 0 0 0 0 0 0 0 0 0 0 0 0 0 0 0 0 0 0]
[5293387669018983676629029213679824668663109404479044573032296354123790905849059923466030315938118086630033276841960405097944229243218159363018594663086087889502021715223687396987910066586710495214410581576471093023739828774145599866350734551494402208063551950172606972137967826102243591255701794017170604 0 0 0 0 0 0 0 0 0 0 0 0 0 0 0 0 0 0 0 0 0 0 0 0 0 0 0 0 0 0 0 0 0 0 0 0 0 0 0 0 0 0 0 0 0 0 0 1 0 0 0 0 0 0 0 0 0 0 0 0 0 0 0 0 0 0 0 0 0 0 0 0 0 0 0 0 0 0 0 0 0 0 0 0 0 0 0 0 0 0 0 0 0 0 0 0 0 0 0 0]
[3845490187141060061366900835416333133270856003275380656725178543454223141279744622358654407508547125533261535657141112495379354713917014338643925481092542622770358342143108093517934167581818962097325544325971242602676399559921145854504349629683625460596513113056700943177257312792544184923464433112101096 0 0 0 0 0 0 0 0 0 0 0 0 0 0 0 0 0 0 0 0 0 0 0 0 0 0 0 0 0 0 0 0 0 0 0 0 0 0 0 0 0 0 0 0 0 0 0 0 1 0 0 0 0 0 0 0 0 0 0 0 0 0 0 0 0 0 0 0 0 0 0 0 0 0 0 0 0 0 0 0 0 0 0 0 0 0 0 0 0 0 0 0 0 0 0 0 0 0 0 0]
[1675035422104562694473209600990006032941790601694581688620386823690663278965898557881912262137659709981190916030926029661960532803380549628557097689622368542389330870960830848229286836494047047964068960601289163062928272888185029154018520557029220067447907522469857734124640417762339284436945470064906463 0 0 0 0 0 0 0 0 0 0 0 0 0 0 0 0 0 0 0 0 0 0 0 0 0 0 0 0 0 0 0 0 0 0 0 0 0 0 0 0 0 0 0 0 0 0 0 0 0 1 0 0 0 0 0 0 0 0 0 0 0 0 0 0 0 0 0 0 0 0 0 0 0 0 0 0 0 0 0 0 0 0 0 0 0 0 0 0 0 0 0 0 0 0 0 0 0 0 0 0]
[2536388563802768398332351662316400099428062934757316207478144112274274967039767953439235816564905677689222733074071846043010959627857658026477773071835716505167083280072294313636177297468517629487754051827967665667331068186028825259194849229623680882772438203371947488033815386568300441376016148081399540 0 0 0 0 0 0 0 0 0 0 0 0 0 0 0 0 0 0 0 0 0 0 0 0 0 0 0 0 0 0 0 0 0 0 0 0 0 0 0 0 0 0 0 0 0 0 0 0 0 0 1 0 0 0 0 0 0 0 0 0 0 0 0 0 0 0 0 0 0 0 0 0 0 0 0 0 0 0 0 0 0 0 0 0 0 0 0 0 0 0 0 0 0 0 0 0 0 0 0 0]
[4346767020649638260141392018739204652181801060100014322770459523264364419730075225738486258198623918384198384649106423960650687161583008076938705903628552464814630024417494605456435035733079202549974584768490910422983741180833727965095562269598816187964868029774081721316755191445348025668825632911878683 0 0 0 0 0 0 0 0 0 0 0 0 0 0 0 0 0 0 0 0 0 0 0 0 0 0 0 0 0 0 0 0 0 0 0 0 0 0 0 0 0 0 0 0 0 0 0 0 0 0 0 1 0 0 0 0 0 0 0 0 0 0 0 0 0 0 0 0 0 0 0 0 0 0 0 0 0 0 0 0 0 0 0 0 0 0 0 0 0 0 0 0 0 0 0 0 0 0 0 0]
[5614559308229492132357608716253114710895640120678743644112464996128806626605415198339007280019211719360805965050557893494565298734578948033650166986070695918137221235744612063019125617445372071572596256893627317480760142867589552210565351840267736324491652231834581344141613913447605515555489351434152483 0 0 0 0 0 0 0 0 0 0 0 0 0 0 0 0 0 0 0 0 0 0 0 0 0 0 0 0 0 0 0 0 0 0 0 0 0 0 0 0 0 0 0 0 0 0 0 0 0 0 0 0 1 0 0 0 0 0 0 0 0 0 0 0 0 0 0 0 0 0 0 0 0 0 0 0 0 0 0 0 0 0 0 0 0 0 0 0 0 0 0 0 0 0 0 0 0 0 0 0]
[3769242939420387686439735016654823175326743456827359630066499007797941548317833122340076219393635636578644110353719136169864991230118042638393258612067056143280854667854873207373132189322915962619470770727062238017548150542430959953627305973161936521670480028022567167222760854068900493433022988554510204 0 0 0 0 0 0 0 0 0 0 0 0 0 0 0 0 0 0 0 0 0 0 0 0 0 0 0 0 0 0 0 0 0 0 0 0 0 0 0 0 0 0 0 0 0 0 0 0 0 0 0 0 0 1 0 0 0 0 0 0 0 0 0 0 0 0 0 0 0 0 0 0 0 0 0 0 0 0 0 0 0 0 0 0 0 0 0 0 0 0 0 0 0 0 0 0 0 0 0 0]
[3954091776204905110401529827386721392876227614640101205323872078797344145673104681328976747860651566176269693761948965397078223630183436743822080523755945181194485630979571043877226658133678742846576218017844189209208369161108826549582729003546418307063452797070666706725181670332347333363819401452189039 0 0 0 0 0 0 0 0 0 0 0 0 0 0 0 0 0 0 0 0 0 0 0 0 0 0 0 0 0 0 0 0 0 0 0 0 0 0 0 0 0 0 0 0 0 0 0 0 0 0 0 0 0 0 1 0 0 0 0 0 0 0 0 0 0 0 0 0 0 0 0 0 0 0 0 0 0 0 0 0 0 0 0 0 0 0 0 0 0 0 0 0 0 0 0 0 0 0 0 0]
[3711037035914376931868472055491195883034891221308049535128403299336969195167685640769854429901718353174877196928595159213755387800747554951920735885769776056092086089645802189965192336016809982281940246628413505179473506324855270195518401700540576991980934110041680593539473128006908238827704026175389195 0 0 0 0 0 0 0 0 0 0 0 0 0 0 0 0 0 0 0 0 0 0 0 0 0 0 0 0 0 0 0 0 0 0 0 0 0 0 0 0 0 0 0 0 0 0 0 0 0 0 0 0 0 0 0 1 0 0 0 0 0 0 0 0 0 0 0 0 0 0 0 0 0 0 0 0 0 0 0 0 0 0 0 0 0 0 0 0 0 0 0 0 0 0 0 0 0 0 0 0]
[2177711333696074907110894736774442678521942274484215480749746468060281905903501914917550781613575319772125018271485009837275966006254188361842460407484226211931890052472839642411549540281674182610806276534414831999014927898796006093560878922462583751425797561922708952418003584363335898755812959233638460 0 0 0 0 0 0 0 0 0 0 0 0 0 0 0 0 0 0 0 0 0 0 0 0 0 0 0 0 0 0 0 0 0 0 0 0 0 0 0 0 0 0 0 0 0 0 0 0 0 0 0 0 0 0 0 0 1 0 0 0 0 0 0 0 0 0 0 0 0 0 0 0 0 0 0 0 0 0 0 0 0 0 0 0 0 0 0 0 0 0 0 0 0 0 0 0 0 0 0 0]
[2143244193276096389807948032678554550808592520487360300827761424941093398084102996621456988234338831238551435108475181568190012541495357905885852657865716017204147889284412329986715930076341966848762888267905982371069501759736406551912961883106768459395941532146138079980664545076077904381051434978548015 0 0 0 0 0 0 0 0 0 0 0 0 0 0 0 0 0 0 0 0 0 0 0 0 0 0 0 0 0 0 0 0 0 0 0 0 0 0 0 0 0 0 0 0 0 0 0 0 0 0 0 0 0 0 0 0 0 1 0 0 0 0 0 0 0 0 0 0 0 0 0 0 0 0 0 0 0 0 0 0 0 0 0 0 0 0 0 0 0 0 0 0 0 0 0 0 0 0 0 0]
[5590203764825710046882282323540525908736245495068918379950521205621571171455017586081421829859123139916238231654146964378525616236273054694931119105780933425320372943973042478862703231109203433237108869952322162440602174033219691637702001477527345325143312893381721663945131010050175861930251246405407987 0 0 0 0 0 0 0 0 0 0 0 0 0 0 0 0 0 0 0 0 0 0 0 0 0 0 0 0 0 0 0 0 0 0 0 0 0 0 0 0 0 0 0 0 0 0 0 0 0 0 0 0 0 0 0 0 0 0 1 0 0 0 0 0 0 0 0 0 0 0 0 0 0 0 0 0 0 0 0 0 0 0 0 0 0 0 0 0 0 0 0 0 0 0 0 0 0 0 0 0]
[4863369044501920187928857967274982463924637519717301561789025338048688071916454119995175170616461575270800069603646937467206388521000236714061832260544958314971524172061976053126492243463639575068397457070204005529865038795420812084323538193844936156683184309885038179977039429073339104014008636940282153 0 0 0 0 0 0 0 0 0 0 0 0 0 0 0 0 0 0 0 0 0 0 0 0 0 0 0 0 0 0 0 0 0 0 0 0 0 0 0 0 0 0 0 0 0 0 0 0 0 0 0 0 0 0 0 0 0 0 0 1 0 0 0 0 0 0 0 0 0 0 0 0 0 0 0 0 0 0 0 0 0 0 0 0 0 0 0 0 0 0 0 0 0 0 0 0 0 0 0 0]
[5043868303493612665297716243087740072043662740219454227725354373012831502449112802328494255621699968006812607157060836110375242493517637413171606393280011151078126229481802632648623397658149725483128808884444791155812535190142617712596357889916207474821777401442368995784976135998299561388528290448633211 0 0 0 0 0 0 0 0 0 0 0 0 0 0 0 0 0 0 0 0 0 0 0 0 0 0 0 0 0 0 0 0 0 0 0 0 0 0 0 0 0 0 0 0 0 0 0 0 0 0 0 0 0 0 0 0 0 0 0 0 1 0 0 0 0 0 0 0 0 0 0 0 0 0 0 0 0 0 0 0 0 0 0 0 0 0 0 0 0 0 0 0 0 0 0 0 0 0 0 0]
[3376238891126869201296851228966822391580441566611149790303570013025871732739671599384634957814246167385556401314854761329318205850877572249301999558076717077373677721372653937279981058300513302403098401807676724135122376402606026420307985441674502528940280652013706370608549779064393691790578981866580667 0 0 0 0 0 0 0 0 0 0 0 0 0 0 0 0 0 0 0 0 0 0 0 0 0 0 0 0 0 0 0 0 0 0 0 0 0 0 0 0 0 0 0 0 0 0 0 0 0 0 0 0 0 0 0 0 0 0 0 0 0 1 0 0 0 0 0 0 0 0 0 0 0 0 0 0 0 0 0 0 0 0 0 0 0 0 0 0 0 0 0 0 0 0 0 0 0 0 0 0]
[2354848435595051376736450749786308034709661558132021901685419462835705172698226012342995134530309400872947213398018364950538510924752922403787882211477096942464032235179555843732913860570582728214815174380124067364303137607336719968721489320544818323721986513244579640486426276857449285368827637263089657 0 0 0 0 0 0 0 0 0 0 0 0 0 0 0 0 0 0 0 0 0 0 0 0 0 0 0 0 0 0 0 0 0 0 0 0 0 0 0 0 0 0 0 0 0 0 0 0 0 0 0 0 0 0 0 0 0 0 0 0 0 0 1 0 0 0 0 0 0 0 0 0 0 0 0 0 0 0 0 0 0 0 0 0 0 0 0 0 0 0 0 0 0 0 0 0 0 0 0 0]
[1262403766431434284727030218748656286390940533245718596322607727895811233037987334985367153123345766306186110377552074873792069980909429068159348414875574579485706904660742602189878527071532549336373239037068649347242615540470353201019442097484897655899314642373027459582366005407760564130122507950700833 0 0 0 0 0 0 0 0 0 0 0 0 0 0 0 0 0 0 0 0 0 0 0 0 0 0 0 0 0 0 0 0 0 0 0 0 0 0 0 0 0 0 0 0 0 0 0 0 0 0 0 0 0 0 0 0 0 0 0 0 0 0 0 1 0 0 0 0 0 0 0 0 0 0 0 0 0 0 0 0 0 0 0 0 0 0 0 0 0 0 0 0 0 0 0 0 0 0 0 0]
[3852229484333323013561774135987463643954194001437845203643838715279096422802441255289559948962620250680379413209364511938358279456296485959394142642441219314930979104668504511290090283253666417892636142693114928480765462653051574774070666551690806481875032511265387333545985494729845601167310093547073225 0 0 0 0 0 0 0 0 0 0 0 0 0 0 0 0 0 0 0 0 0 0 0 0 0 0 0 0 0 0 0 0 0 0 0 0 0 0 0 0 0 0 0 0 0 0 0 0 0 0 0 0 0 0 0 0 0 0 0 0 0 0 0 0 1 0 0 0 0 0 0 0 0 0 0 0 0 0 0 0 0 0 0 0 0 0 0 0 0 0 0 0 0 0 0 0 0 0 0 0]
[5130028518924359581174450749670946126822868510944993161802868835164006749469521607120228042034020912632596105604642861874600399460759117707541861351066588950628849956423691900367496917048940837900901936601698632429949394034977235019275030902391022559956833367323141709589290185863078348907738175353495366 0 0 0 0 0 0 0 0 0 0 0 0 0 0 0 0 0 0 0 0 0 0 0 0 0 0 0 0 0 0 0 0 0 0 0 0 0 0 0 0 0 0 0 0 0 0 0 0 0 0 0 0 0 0 0 0 0 0 0 0 0 0 0 0 0 1 0 0 0 0 0 0 0 0 0 0 0 0 0 0 0 0 0 0 0 0 0 0 0 0 0 0 0 0 0 0 0 0 0 0]
[4738263869895873355717195125270708444276752214575482765483742144038774053839292791370801071526179544332072246463103716395757414943682414666902133177962286744433314641021419591795897457436187684426816265795871135941040288632170840247651461240955289680593669213333383647301100777653476121125124283015694302 0 0 0 0 0 0 0 0 0 0 0 0 0 0 0 0 0 0 0 0 0 0 0 0 0 0 0 0 0 0 0 0 0 0 0 0 0 0 0 0 0 0 0 0 0 0 0 0 0 0 0 0 0 0 0 0 0 0 0 0 0 0 0 0 0 0 1 0 0 0 0 0 0 0 0 0 0 0 0 0 0 0 0 0 0 0 0 0 0 0 0 0 0 0 0 0 0 0 0 0]
[285362354806782901809242801769315450092089146208984006723245986050936514087231060998429600238543233552691611365859116358825743232274998604495184724604402453432527353044598519284566815867795316521205204670100540147415382157882494358007454449844648144579755641696235008849796031383180533866309714267661870 0 0 0 0 0 0 0 0 0 0 0 0 0 0 0 0 0 0 0 0 0 0 0 0 0 0 0 0 0 0 0 0 0 0 0 0 0 0 0 0 0 0 0 0 0 0 0 0 0 0 0 0 0 0 0 0 0 0 0 0 0 0 0 0 0 0 0 1 0 0 0 0 0 0 0 0 0 0 0 0 0 0 0 0 0 0 0 0 0 0 0 0 0 0 0 0 0 0 0 0]
[252208362053568099061739978478893017910695043740883642247723868771626536977203537495724490194489706567796318242601535810059035322736524739809215320021096189466683076891541606473685478249498212110268351840733587969576241007292394121281116818682209304730872750866375598916765181752449447164193663382351987 0 0 0 0 0 0 0 0 0 0 0 0 0 0 0 0 0 0 0 0 0 0 0 0 0 0 0 0 0 0 0 0 0 0 0 0 0 0 0 0 0 0 0 0 0 0 0 0 0 0 0 0 0 0 0 0 0 0 0 0 0 0 0 0 0 0 0 0 1 0 0 0 0 0 0 0 0 0 0 0 0 0 0 0 0 0 0 0 0 0 0 0 0 0 0 0 0 0 0 0]
[1076585240097477375180437199464254056759635484837297363478800398275207501888836495135978335831889801816621915808271203462780262204417783766870425316693156978195412392395117772690622514872761699473004032690745749300011887370001627215869331196957531871126701101405417360013456419494246198158774152026344837 0 0 0 0 0 0 0 0 0 0 0 0 0 0 0 0 0 0 0 0 0 0 0 0 0 0 0 0 0 0 0 0 0 0 0 0 0 0 0 0 0 0 0 0 0 0 0 0 0 0 0 0 0 0 0 0 0 0 0 0 0 0 0 0 0 0 0 0 0 1 0 0 0 0 0 0 0 0 0 0 0 0 0 0 0 0 0 0 0 0 0 0 0 0 0 0 0 0 0 0]
[964739645924160116350457517569870136720661349879564050483133846781035086469503958371001053703916847686510953938478866084096400101147812373581418843885020589721664560034968372353978678790357207511542171272317569007148388726712347565075774764171298673711252831431978518761782846736073634467769879470896682 0 0 0 0 0 0 0 0 0 0 0 0 0 0 0 0 0 0 0 0 0 0 0 0 0 0 0 0 0 0 0 0 0 0 0 0 0 0 0 0 0 0 0 0 0 0 0 0 0 0 0 0 0 0 0 0 0 0 0 0 0 0 0 0 0 0 0 0 0 0 1 0 0 0 0 0 0 0 0 0 0 0 0 0 0 0 0 0 0 0 0 0 0 0 0 0 0 0 0 0]
[5755643356409720750716039393915961190316506846427734790488210474294000478633514032924286301520880118125492564928969900212194893258616386341892073509385547172541969940568142485422757846421489143038872818597691338051762863990864327371422191404115759906623526108327920570489715018206487792817671847787006007 0 0 0 0 0 0 0 0 0 0 0 0 0 0 0 0 0 0 0 0 0 0 0 0 0 0 0 0 0 0 0 0 0 0 0 0 0 0 0 0 0 0 0 0 0 0 0 0 0 0 0 0 0 0 0 0 0 0 0 0 0 0 0 0 0 0 0 0 0 0 0 1 0 0 0 0 0 0 0 0 0 0 0 0 0 0 0 0 0 0 0 0 0 0 0 0 0 0 0 0]
[2848863798100914389569631743523501067694767647218090697434035498766729107302329565480000905158352488989115817532853525229556200690291398851958529045248696014762974577188085111632534242822470682735605612253848847276516887781551016495485637079534838930529605827087220644140686011984659155062708553962167851 0 0 0 0 0 0 0 0 0 0 0 0 0 0 0 0 0 0 0 0 0 0 0 0 0 0 0 0 0 0 0 0 0 0 0 0 0 0 0 0 0 0 0 0 0 0 0 0 0 0 0 0 0 0 0 0 0 0 0 0 0 0 0 0 0 0 0 0 0 0 0 0 1 0 0 0 0 0 0 0 0 0 0 0 0 0 0 0 0 0 0 0 0 0 0 0 0 0 0 0]
[4703411249620946101573594099368559193349164153653591520728825764271458955218817658555270088966401890193681638538500079866489442774817958160371465666705233247337951793888717517761324858920563545149937235978281200195462446700850846027399337294337111753592685339314251139267817802773816211515808482203466145 0 0 0 0 0 0 0 0 0 0 0 0 0 0 0 0 0 0 0 0 0 0 0 0 0 0 0 0 0 0 0 0 0 0 0 0 0 0 0 0 0 0 0 0 0 0 0 0 0 0 0 0 0 0 0 0 0 0 0 0 0 0 0 0 0 0 0 0 0 0 0 0 0 1 0 0 0 0 0 0 0 0 0 0 0 0 0 0 0 0 0 0 0 0 0 0 0 0 0 0]
[2058041611042553723712579360339541122881142680597873425677426747209176879553373044547783879037557459365833591026812841495607972242311129320292949684909123074746848257000572697377401186637414815135622556390664483426479171727128456339986220709288131224258042694320987920468152247581710287606538823402007299 0 0 0 0 0 0 0 0 0 0 0 0 0 0 0 0 0 0 0 0 0 0 0 0 0 0 0 0 0 0 0 0 0 0 0 0 0 0 0 0 0 0 0 0 0 0 0 0 0 0 0 0 0 0 0 0 0 0 0 0 0 0 0 0 0 0 0 0 0 0 0 0 0 0 1 0 0 0 0 0 0 0 0 0 0 0 0 0 0 0 0 0 0 0 0 0 0 0 0 0]
[1552410228895225336906068449433239506463101932099783419024852320966758462531934826319091991750947358334093965140842005853820506772711911684645051661292170797449390532609897289081267324676165373639151736223723618808142486737780779860376061581350986648717887135775477690823700728586531959300362857356763580 0 0 0 0 0 0 0 0 0 0 0 0 0 0 0 0 0 0 0 0 0 0 0 0 0 0 0 0 0 0 0 0 0 0 0 0 0 0 0 0 0 0 0 0 0 0 0 0 0 0 0 0 0 0 0 0 0 0 0 0 0 0 0 0 0 0 0 0 0 0 0 0 0 0 0 1 0 0 0 0 0 0 0 0 0 0 0 0 0 0 0 0 0 0 0 0 0 0 0 0]
[2509776405432139385945333901254950987917019113154632634497556659817011084434424791385818296527744807995885362695121450131381662863344875208620243676135800842943523699917850930642490469651062181340012716446321645434374668583083593983298940841346732874837623477273551723638875385077809018630704247026790787 0 0 0 0 0 0 0 0 0 0 0 0 0 0 0 0 0 0 0 0 0 0 0 0 0 0 0 0 0 0 0 0 0 0 0 0 0 0 0 0 0 0 0 0 0 0 0 0 0 0 0 0 0 0 0 0 0 0 0 0 0 0 0 0 0 0 0 0 0 0 0 0 0 0 0 0 1 0 0 0 0 0 0 0 0 0 0 0 0 0 0 0 0 0 0 0 0 0 0 0]
[1307561221177420850777938305574089819610037181326265635308132272640433270351570886610230590897294142075670216365023937364368281756968424130010293451915145285725514348237543142311234214215485474272640265098281703584344732220031363863698574038396736642685261599066131946170839147899029302398330480594145074 0 0 0 0 0 0 0 0 0 0 0 0 0 0 0 0 0 0 0 0 0 0 0 0 0 0 0 0 0 0 0 0 0 0 0 0 0 0 0 0 0 0 0 0 0 0 0 0 0 0 0 0 0 0 0 0 0 0 0 0 0 0 0 0 0 0 0 0 0 0 0 0 0 0 0 0 0 1 0 0 0 0 0 0 0 0 0 0 0 0 0 0 0 0 0 0 0 0 0 0]
[494833351831477454556494395075828779805404198242441798272491557187774891540834951857835876138581906905667734533241694600608464032447556363602519123421088292689629658682345698417648284306759091560183232028276154136726920449903620982458275522151502141296703323060649297201384202439615451623057993848695109 0 0 0 0 0 0 0 0 0 0 0 0 0 0 0 0 0 0 0 0 0 0 0 0 0 0 0 0 0 0 0 0 0 0 0 0 0 0 0 0 0 0 0 0 0 0 0 0 0 0 0 0 0 0 0 0 0 0 0 0 0 0 0 0 0 0 0 0 0 0 0 0 0 0 0 0 0 0 1 0 0 0 0 0 0 0 0 0 0 0 0 0 0 0 0 0 0 0 0 0]
[259743534108276335764300023088761509672389965415963690438443503628264487204801359550746131728678448963246899489615797283518258511248814527970790589175534088751874225793668789830785086561255939360703383606707817694864586707865505286654085475113196255374151363261405692597738384073815210476438531866527368 0 0 0 0 0 0 0 0 0 0 0 0 0 0 0 0 0 0 0 0 0 0 0 0 0 0 0 0 0 0 0 0 0 0 0 0 0 0 0 0 0 0 0 0 0 0 0 0 0 0 0 0 0 0 0 0 0 0 0 0 0 0 0 0 0 0 0 0 0 0 0 0 0 0 0 0 0 0 0 1 0 0 0 0 0 0 0 0 0 0 0 0 0 0 0 0 0 0 0 0]
[5738340966881124967779708149416681621822658656027426061746005402021960025761388042354469027561986991789666956826066728086014808643505729755472136815153303985665334169100181568043922806957102930318057199776748312564974815020070115996366014363892838920444107164144757732802044748628313834423158399244629981 0 0 0 0 0 0 0 0 0 0 0 0 0 0 0 0 0 0 0 0 0 0 0 0 0 0 0 0 0 0 0 0 0 0 0 0 0 0 0 0 0 0 0 0 0 0 0 0 0 0 0 0 0 0 0 0 0 0 0 0 0 0 0 0 0 0 0 0 0 0 0 0 0 0 0 0 0 0 0 0 1 0 0 0 0 0 0 0 0 0 0 0 0 0 0 0 0 0 0 0]
[5630439798806455150417844308841014664934380545154140073268565120029413884909036060655339749739111003043295106571004178625916306920855780210000533756693138933780187912114443908338535497826613380667919850468900676062695700405008129176290319569341461770023593956979365379082881694051139462881365380111291852 0 0 0 0 0 0 0 0 0 0 0 0 0 0 0 0 0 0 0 0 0 0 0 0 0 0 0 0 0 0 0 0 0 0 0 0 0 0 0 0 0 0 0 0 0 0 0 0 0 0 0 0 0 0 0 0 0 0 0 0 0 0 0 0 0 0 0 0 0 0 0 0 0 0 0 0 0 0 0 0 0 1 0 0 0 0 0 0 0 0 0 0 0 0 0 0 0 0 0 0]
[3462662231622873111082664527262032661772076519131271441261206044836273118990989698950315073780323121937975641715283717833145112696167083394243443588218746445536857487241635662862494552114543246912289607043355715249722376022181166208387747770096181156761111701536710498053400467530260267274500288138010787 0 0 0 0 0 0 0 0 0 0 0 0 0 0 0 0 0 0 0 0 0 0 0 0 0 0 0 0 0 0 0 0 0 0 0 0 0 0 0 0 0 0 0 0 0 0 0 0 0 0 0 0 0 0 0 0 0 0 0 0 0 0 0 0 0 0 0 0 0 0 0 0 0 0 0 0 0 0 0 0 0 0 1 0 0 0 0 0 0 0 0 0 0 0 0 0 0 0 0 0]
[5467840138162380953613017353733490340809078925981614276152459232725946445627831685951017969118534798544577783711619380910267979551523176579673233864067127482642140775661114969349141778076603554384813465462405193585252503435435170816897713787531639339058156887434747369482221497696287876525230632136739354 0 0 0 0 0 0 0 0 0 0 0 0 0 0 0 0 0 0 0 0 0 0 0 0 0 0 0 0 0 0 0 0 0 0 0 0 0 0 0 0 0 0 0 0 0 0 0 0 0 0 0 0 0 0 0 0 0 0 0 0 0 0 0 0 0 0 0 0 0 0 0 0 0 0 0 0 0 0 0 0 0 0 0 1 0 0 0 0 0 0 0 0 0 0 0 0 0 0 0 0]
[5505709771976303305259213805043715902322927643733123471450529557845579393715282348336489243309745724646545318322363956348351489503181804695395073230182899406315015905508367312308337898214116590406741814136982488068136849315243605846135445792370885494186980141891215683888168673719226113249825183049065045 0 0 0 0 0 0 0 0 0 0 0 0 0 0 0 0 0 0 0 0 0 0 0 0 0 0 0 0 0 0 0 0 0 0 0 0 0 0 0 0 0 0 0 0 0 0 0 0 0 0 0 0 0 0 0 0 0 0 0 0 0 0 0 0 0 0 0 0 0 0 0 0 0 0 0 0 0 0 0 0 0 0 0 0 1 0 0 0 0 0 0 0 0 0 0 0 0 0 0 0]
[1600649663451918841789250985791832816374455105379368365333100325440544014050556993642032500585619757156036405058090213398166614867674417585766251276477670053114731177254562171591672596909264027833673907727912294848464258428443852032832268696549649935695638181604257418298222296509992797237633601800813068 0 0 0 0 0 0 0 0 0 0 0 0 0 0 0 0 0 0 0 0 0 0 0 0 0 0 0 0 0 0 0 0 0 0 0 0 0 0 0 0 0 0 0 0 0 0 0 0 0 0 0 0 0 0 0 0 0 0 0 0 0 0 0 0 0 0 0 0 0 0 0 0 0 0 0 0 0 0 0 0 0 0 0 0 0 1 0 0 0 0 0 0 0 0 0 0 0 0 0 0]
[2317490287621128823305723202803831876031307552999805226613192294475951806268676701466630566369708789873981595491230765784229490235577680253235250973965601634178025661167910782587753622370072560533410466160153910474224952389845765967968768511307174753158943616532344444594451574492545085567173905782984471 0 0 0 0 0 0 0 0 0 0 0 0 0 0 0 0 0 0 0 0 0 0 0 0 0 0 0 0 0 0 0 0 0 0 0 0 0 0 0 0 0 0 0 0 0 0 0 0 0 0 0 0 0 0 0 0 0 0 0 0 0 0 0 0 0 0 0 0 0 0 0 0 0 0 0 0 0 0 0 0 0 0 0 0 0 0 1 0 0 0 0 0 0 0 0 0 0 0 0 0]
[3478753454780458566161004417852470857916566583288479517131101642559084409447031906159794721890600358364424295001083331135799323764654396235883614236324160843416672090341342528607307566516627822023931354342295972160332227977430317997223436200803281618506944482934441041893769106028305490122457709421238948 0 0 0 0 0 0 0 0 0 0 0 0 0 0 0 0 0 0 0 0 0 0 0 0 0 0 0 0 0 0 0 0 0 0 0 0 0 0 0 0 0 0 0 0 0 0 0 0 0 0 0 0 0 0 0 0 0 0 0 0 0 0 0 0 0 0 0 0 0 0 0 0 0 0 0 0 0 0 0 0 0 0 0 0 0 0 0 1 0 0 0 0 0 0 0 0 0 0 0 0]
[2988359393335058378135562908801162221950248215887376549841841653450133431196821490187635350719553277705724071938056729862334450698744589927649861340204941609599938236001218515990365012690559205760824509439932742284789972279250435456825192594819733649580066133689759405729832366814826014141067350491745030 0 0 0 0 0 0 0 0 0 0 0 0 0 0 0 0 0 0 0 0 0 0 0 0 0 0 0 0 0 0 0 0 0 0 0 0 0 0 0 0 0 0 0 0 0 0 0 0 0 0 0 0 0 0 0 0 0 0 0 0 0 0 0 0 0 0 0 0 0 0 0 0 0 0 0 0 0 0 0 0 0 0 0 0 0 0 0 0 1 0 0 0 0 0 0 0 0 0 0 0]
[5296189864680744131992983396865336738617179022819768890903865729473133626145374449785139376194913622409334615861814738565614407442484737331548605142232323403795427578869466536737114786767145168388534737731900705038991060314422710694305787958367735653641744006468785363001683757540775559070040598118910195 0 0 0 0 0 0 0 0 0 0 0 0 0 0 0 0 0 0 0 0 0 0 0 0 0 0 0 0 0 0 0 0 0 0 0 0 0 0 0 0 0 0 0 0 0 0 0 0 0 0 0 0 0 0 0 0 0 0 0 0 0 0 0 0 0 0 0 0 0 0 0 0 0 0 0 0 0 0 0 0 0 0 0 0 0 0 0 0 0 1 0 0 0 0 0 0 0 0 0 0]
[1968508042647470966884061406272181795266583028363581748647268851094496014547375965537680848053397512027369739416061655193633197981931353703140735820398005928499029930988183722221923246847608223374821329372206263857623089518858861906489177227928807823441224495923176448643082553685794940756840168972231072 0 0 0 0 0 0 0 0 0 0 0 0 0 0 0 0 0 0 0 0 0 0 0 0 0 0 0 0 0 0 0 0 0 0 0 0 0 0 0 0 0 0 0 0 0 0 0 0 0 0 0 0 0 0 0 0 0 0 0 0 0 0 0 0 0 0 0 0 0 0 0 0 0 0 0 0 0 0 0 0 0 0 0 0 0 0 0 0 0 0 1 0 0 0 0 0 0 0 0 0]
[1488304548856857797821897546224612030643169133582718150112988464524516263572120597392284307598048718246446120195835126598493387394737545406056310867096224402172765982725337370953466440117435969442568422495404925563953419945457804628741198473213535761580980519059893513710507043682671184421197315390328586 0 0 0 0 0 0 0 0 0 0 0 0 0 0 0 0 0 0 0 0 0 0 0 0 0 0 0 0 0 0 0 0 0 0 0 0 0 0 0 0 0 0 0 0 0 0 0 0 0 0 0 0 0 0 0 0 0 0 0 0 0 0 0 0 0 0 0 0 0 0 0 0 0 0 0 0 0 0 0 0 0 0 0 0 0 0 0 0 0 0 0 1 0 0 0 0 0 0 0 0]
[5578427077219853084259457298461752593227888596086230406920570541004863985581491777768688000482516235610654507509508349244712002896017313860360907041722668413582093595177932206546313559425353277896712926041756650458690841316939521727902101298484902875428587092587008371210598092783446026952302586333666631 0 0 0 0 0 0 0 0 0 0 0 0 0 0 0 0 0 0 0 0 0 0 0 0 0 0 0 0 0 0 0 0 0 0 0 0 0 0 0 0 0 0 0 0 0 0 0 0 0 0 0 0 0 0 0 0 0 0 0 0 0 0 0 0 0 0 0 0 0 0 0 0 0 0 0 0 0 0 0 0 0 0 0 0 0 0 0 0 0 0 0 0 1 0 0 0 0 0 0 0]
[3797988551763130562454047529250164591662972036482110723686993713575197237644192648166772282681697096911888300013217361002015669217586432132977180786884134662657106906214388791809930520627977648631021463658029303880545185106101410046855129529785419194725121102759307833627574789536289666586334570231782888 0 0 0 0 0 0 0 0 0 0 0 0 0 0 0 0 0 0 0 0 0 0 0 0 0 0 0 0 0 0 0 0 0 0 0 0 0 0 0 0 0 0 0 0 0 0 0 0 0 0 0 0 0 0 0 0 0 0 0 0 0 0 0 0 0 0 0 0 0 0 0 0 0 0 0 0 0 0 0 0 0 0 0 0 0 0 0 0 0 0 0 0 0 1 0 0 0 0 0 0]
[50563082342192686775504858617391500404596477588846557918858833261040206594225805357278075048348736512037236494328377650443110552081855313963356295700290756798583095758895599286705523343554180578719783348031075122024319623397381287166840817208041264510693734250108748721019907462483747944925800804785326 0 0 0 0 0 0 0 0 0 0 0 0 0 0 0 0 0 0 0 0 0 0 0 0 0 0 0 0 0 0 0 0 0 0 0 0 0 0 0 0 0 0 0 0 0 0 0 0 0 0 0 0 0 0 0 0 0 0 0 0 0 0 0 0 0 0 0 0 0 0 0 0 0 0 0 0 0 0 0 0 0 0 0 0 0 0 0 0 0 0 0 0 0 0 1 0 0 0 0 0]
[5047757528800035288449364358631726528067843448237137041974500904742758314845528201489568410744071420831985135872594887678233553565100582721773942016802141764689098414122981368074328402812127901960831735285469421071451147566657646496085506151201500996025565634946961304777439658796195848689924370813185152 0 0 0 0 0 0 0 0 0 0 0 0 0 0 0 0 0 0 0 0 0 0 0 0 0 0 0 0 0 0 0 0 0 0 0 0 0 0 0 0 0 0 0 0 0 0 0 0 0 0 0 0 0 0 0 0 0 0 0 0 0 0 0 0 0 0 0 0 0 0 0 0 0 0 0 0 0 0 0 0 0 0 0 0 0 0 0 0 0 0 0 0 0 0 0 1 0 0 0 0]
[902347119183523860205141683498342858455184921242543674859161266574851855220734549485774820667149689735232974132760277422658615961921815275897993506361317561287023182921651750323200271282130432285761897707132158290323705403200100579682282828639331654866017777279320128343993698690257276944724211639248634 0 0 0 0 0 0 0 0 0 0 0 0 0 0 0 0 0 0 0 0 0 0 0 0 0 0 0 0 0 0 0 0 0 0 0 0 0 0 0 0 0 0 0 0 0 0 0 0 0 0 0 0 0 0 0 0 0 0 0 0 0 0 0 0 0 0 0 0 0 0 0 0 0 0 0 0 0 0 0 0 0 0 0 0 0 0 0 0 0 0 0 0 0 0 0 0 1 0 0 0]
[3769597166111905093531104395447903204758889185578889748770041874060731472892362849762077813947235488057866337877169585715277631375713741709390923632097967338383093987625291978451457962515896596703156131471258897922798377344690244327495632041837004202699766416834119043939323647546885793183135303029966129 0 0 0 0 0 0 0 0 0 0 0 0 0 0 0 0 0 0 0 0 0 0 0 0 0 0 0 0 0 0 0 0 0 0 0 0 0 0 0 0 0 0 0 0 0 0 0 0 0 0 0 0 0 0 0 0 0 0 0 0 0 0 0 0 0 0 0 0 0 0 0 0 0 0 0 0 0 0 0 0 0 0 0 0 0 0 0 0 0 0 0 0 0 0 0 0 0 1 0 0]
[2764703761481904552349141479842348367035793482656032682014154976047052317983506595469038986732394525580359143136907445968982617987590689496478744568161939106341364622384451712443583345474006982943316574951467380023759540748593599948009189997709393993293349990014430830049294913219265544642070380759772565 0 0 0 0 0 0 0 0 0 0 0 0 0 0 0 0 0 0 0 0 0 0 0 0 0 0 0 0 0 0 0 0 0 0 0 0 0 0 0 0 0 0 0 0 0 0 0 0 0 0 0 0 0 0 0 0 0 0 0 0 0 0 0 0 0 0 0 0 0 0 0 0 0 0 0 0 0 0 0 0 0 0 0 0 0 0 0 0 0 0 0 0 0 0 0 0 0 0 1 0]
[1517535411707616637327235036059271908650399116602648637690313563986214421798797734650722884791158416688811811029158624591686449430174626242084741373997784015668529968871077063011866797226824256333549075486916133688047391027584312967278487961387598440355225062831561291294331391021241847347619397392013195 0 0 0 0 0 0 0 0 0 0 0 0 0 0 0 0 0 0 0 0 0 0 0 0 0 0 0 0 0 0 0 0 0 0 0 0 0 0 0 0 0 0 0 0 0 0 0 0 0 0 0 0 0 0 0 0 0 0 0 0 0 0 0 0 0 0 0 0 0 0 0 0 0 0 0 0 0 0 0 0 0 0 0 0 0 0 0 0 0 0 0 0 0 0 0 0 0 0 0 1]
]
