[[4381272346917496185947170061125212846340197320648000599758924558541192247525058521654276686336493470410735279697991751756695711888042134311260654701504593252064290755771510919046529800360080627656961580300758092829723474414871513782486571 0 0 0 0 0 0 0 0 0 0 0 0 0 0 0 0 0 0 0 0 0 0 0 0 0 0 0 0 0 0 0 0 0 0 0 0 0 0 0 0 0 0 0 0 0 0 0 0 0 0 0 0 0 0 0 0 0 0 0 0 0 0 0 0 0 0 0 0 0 0 0 0 0 0 0 0 0 0]
[385954140182292853916649495151266903409313813172045364306007822451089396832786434506534359597519192652474686766069645308338221481664317001164891792223921563484840503093972296676765389632015460696901175278543355571334440303516341666943144 1 0 0 0 0 0 0 0 0 0 0 0 0 0 0 0 0 0 0 0 0 0 0 0 0 0 0 0 0 0 0 0 0 0 0 0 0 0 0 0 0 0 0 0 0 0 0 0 0 0 0 0 0 0 0 0 0 0 0 0 0 0 0 0 0 0 0 0 0 0 0 0 0 0 0 0 0 0]
[2150470656476793023310101612585739781729858020125105296041844687702318785634913957854188578768800781650239540278737875214795038762412873975342621171878336259651391339490500528536885670243608634454908172555927554605242426759066612678150838 0 1 0 0 0 0 0 0 0 0 0 0 0 0 0 0 0 0 0 0 0 0 0 0 0 0 0 0 0 0 0 0 0 0 0 0 0 0 0 0 0 0 0 0 0 0 0 0 0 0 0 0 0 0 0 0 0 0 0 0 0 0 0 0 0 0 0 0 0 0 0 0 0 0 0 0 0 0]
[3858110829419548588432133420412404016230134545224571943139976058673268090977816991982813305814130394083104244748174220166345398461153402065718919466371409873676650370438545529198393829912267739924081509557380671121494098421910527239328631 0 0 1 0 0 0 0 0 0 0 0 0 0 0 0 0 0 0 0 0 0 0 0 0 0 0 0 0 0 0 0 0 0 0 0 0 0 0 0 0 0 0 0 0 0 0 0 0 0 0 0 0 0 0 0 0 0 0 0 0 0 0 0 0 0 0 0 0 0 0 0 0 0 0 0 0 0 0]
[1043960488267506450800722825986570805809682257442614644725633005874431638401455019059251724740362905260839801092003236798204819018126354878430332145465726022516955746031320849336131009096896667920121596109254063855619159217218357486830887 0 0 0 1 0 0 0 0 0 0 0 0 0 0 0 0 0 0 0 0 0 0 0 0 0 0 0 0 0 0 0 0 0 0 0 0 0 0 0 0 0 0 0 0 0 0 0 0 0 0 0 0 0 0 0 0 0 0 0 0 0 0 0 0 0 0 0 0 0 0 0 0 0 0 0 0 0 0]
[507237048674802372907719303430304937612692827439807548208359587486739438841612117085304533954814344977593690960083167546150630850217069731050078028307129130394246027246088751478211532538560165891966513366863095118507257847012046397160450 0 0 0 0 1 0 0 0 0 0 0 0 0 0 0 0 0 0 0 0 0 0 0 0 0 0 0 0 0 0 0 0 0 0 0 0 0 0 0 0 0 0 0 0 0 0 0 0 0 0 0 0 0 0 0 0 0 0 0 0 0 0 0 0 0 0 0 0 0 0 0 0 0 0 0 0 0 0]
[2426442838397150703996179793867670401501430988574776807113110283644756926425457898315244242341979597337493552577506950275350836084972276978583182162300537488338748767620937042384512645539961724744270974290935582525028988798306336546210157 0 0 0 0 0 1 0 0 0 0 0 0 0 0 0 0 0 0 0 0 0 0 0 0 0 0 0 0 0 0 0 0 0 0 0 0 0 0 0 0 0 0 0 0 0 0 0 0 0 0 0 0 0 0 0 0 0 0 0 0 0 0 0 0 0 0 0 0 0 0 0 0 0 0 0 0 0 0]
[130556097404700936178007011843614980679076866692337838585667604970209230389213689642590680072772848010973200587138526330447421663985272144803185000177174708798379002920829626426196808104633619514447398064556573546768612656948658156715788 0 0 0 0 0 0 1 0 0 0 0 0 0 0 0 0 0 0 0 0 0 0 0 0 0 0 0 0 0 0 0 0 0 0 0 0 0 0 0 0 0 0 0 0 0 0 0 0 0 0 0 0 0 0 0 0 0 0 0 0 0 0 0 0 0 0 0 0 0 0 0 0 0 0 0 0 0 0]
[1665122412942147021809109463092505316679767474572859309167310454459755501477922022404642081814306290697049018992775940626274679783523086020568024855050255094769338498922846877044159281814546735577808317331411368013908595991862570580485069 0 0 0 0 0 0 0 1 0 0 0 0 0 0 0 0 0 0 0 0 0 0 0 0 0 0 0 0 0 0 0 0 0 0 0 0 0 0 0 0 0 0 0 0 0 0 0 0 0 0 0 0 0 0 0 0 0 0 0 0 0 0 0 0 0 0 0 0 0 0 0 0 0 0 0 0 0 0]
[1632311119291160850098488257869136694925491141752823791654057575548904043833647253353806799661462842712494172284324332388032586382803660154332944097554593960150012850767941716284275831768552522014036366676383446373903442388768602539013463 0 0 0 0 0 0 0 0 1 0 0 0 0 0 0 0 0 0 0 0 0 0 0 0 0 0 0 0 0 0 0 0 0 0 0 0 0 0 0 0 0 0 0 0 0 0 0 0 0 0 0 0 0 0 0 0 0 0 0 0 0 0 0 0 0 0 0 0 0 0 0 0 0 0 0 0 0 0]
[2627801835478084726226599495276572883781029477820583989059219026412820868005892379504297638504176583983661630853138429699847047968637761345929570523501715573730241378264232605384137710828739404207952112167340154137158347995013445181549504 0 0 0 0 0 0 0 0 0 1 0 0 0 0 0 0 0 0 0 0 0 0 0 0 0 0 0 0 0 0 0 0 0 0 0 0 0 0 0 0 0 0 0 0 0 0 0 0 0 0 0 0 0 0 0 0 0 0 0 0 0 0 0 0 0 0 0 0 0 0 0 0 0 0 0 0 0 0]
[851141900234081529269466544129087608864027239767223239606912803533769389772964292756316128454678920771928676472003286664748154847659918160432155050346623554382726084825500988788832153237136416525839619757799609334721908778921251146535648 0 0 0 0 0 0 0 0 0 0 1 0 0 0 0 0 0 0 0 0 0 0 0 0 0 0 0 0 0 0 0 0 0 0 0 0 0 0 0 0 0 0 0 0 0 0 0 0 0 0 0 0 0 0 0 0 0 0 0 0 0 0 0 0 0 0 0 0 0 0 0 0 0 0 0 0 0 0]
[2322768060355855355389233730960344227363312815097810661500582117316116500050072524244886226923864151640041089505965097040743131188112804581859440429477443787778098499146442632738729082883331438026178593657183412397795966531460646693806474 0 0 0 0 0 0 0 0 0 0 0 1 0 0 0 0 0 0 0 0 0 0 0 0 0 0 0 0 0 0 0 0 0 0 0 0 0 0 0 0 0 0 0 0 0 0 0 0 0 0 0 0 0 0 0 0 0 0 0 0 0 0 0 0 0 0 0 0 0 0 0 0 0 0 0 0 0 0]
[585261537002074237927973972586223316330403509667377881014242506662344253008629774048152687365938732976147511871303617489780002848399257218287973376035536244369514560158218016828424096371565658404516282511563583590576424821963845561472096 0 0 0 0 0 0 0 0 0 0 0 0 1 0 0 0 0 0 0 0 0 0 0 0 0 0 0 0 0 0 0 0 0 0 0 0 0 0 0 0 0 0 0 0 0 0 0 0 0 0 0 0 0 0 0 0 0 0 0 0 0 0 0 0 0 0 0 0 0 0 0 0 0 0 0 0 0 0]
[240654181477420080354583334845224678020126323549275133162870201843723465778634189163767290549384349639012309501712178198006644065692114949810183288631428260395597488392193197963691612477151395519431201753450733701387339862447201494509314 0 0 0 0 0 0 0 0 0 0 0 0 0 1 0 0 0 0 0 0 0 0 0 0 0 0 0 0 0 0 0 0 0 0 0 0 0 0 0 0 0 0 0 0 0 0 0 0 0 0 0 0 0 0 0 0 0 0 0 0 0 0 0 0 0 0 0 0 0 0 0 0 0 0 0 0 0 0]
[2579792039746546049558039542439094681168529507191391247292439897584641630869557412004279283191488520544805154349695721746996965120860367471756214830854118217289530359915739933601256200371962679381431044280259496058369951161450337604691841 0 0 0 0 0 0 0 0 0 0 0 0 0 0 1 0 0 0 0 0 0 0 0 0 0 0 0 0 0 0 0 0 0 0 0 0 0 0 0 0 0 0 0 0 0 0 0 0 0 0 0 0 0 0 0 0 0 0 0 0 0 0 0 0 0 0 0 0 0 0 0 0 0 0 0 0 0 0]
[1941330672539871858965666148624500030550637666152742768502713758907832643067308102188365398476259257682775072746409377040496480367698795695569667646500000521574689577575572179491077530921978778538935560170889097087042273273734361011544889 0 0 0 0 0 0 0 0 0 0 0 0 0 0 0 1 0 0 0 0 0 0 0 0 0 0 0 0 0 0 0 0 0 0 0 0 0 0 0 0 0 0 0 0 0 0 0 0 0 0 0 0 0 0 0 0 0 0 0 0 0 0 0 0 0 0 0 0 0 0 0 0 0 0 0 0 0 0]
[4350366310822815371840161347095723139183303984199630404726421260593101013990817940166051067119272132834570715196119692807684648906436774333243174436440698334373465942971489558434539102409502990778053236221309454603506975624379484764944809 0 0 0 0 0 0 0 0 0 0 0 0 0 0 0 0 1 0 0 0 0 0 0 0 0 0 0 0 0 0 0 0 0 0 0 0 0 0 0 0 0 0 0 0 0 0 0 0 0 0 0 0 0 0 0 0 0 0 0 0 0 0 0 0 0 0 0 0 0 0 0 0 0 0 0 0 0 0]
[4121200540685257424557722970586705496305348260069238362809904360808267567587322502350196676884694362895526296852643213164935642689688754910167766967815708759963853219019509326073486632146751439516552651677900562492126931567009720770243997 0 0 0 0 0 0 0 0 0 0 0 0 0 0 0 0 0 1 0 0 0 0 0 0 0 0 0 0 0 0 0 0 0 0 0 0 0 0 0 0 0 0 0 0 0 0 0 0 0 0 0 0 0 0 0 0 0 0 0 0 0 0 0 0 0 0 0 0 0 0 0 0 0 0 0 0 0 0]
[3708642255808658608510782644501222158734488344974593874918461884101500520627662781482459073148786078833255352111609304764736653515668929485880857837437332009236931527469109114241471257087276358955725869233481095390726324381859197326932708 0 0 0 0 0 0 0 0 0 0 0 0 0 0 0 0 0 0 1 0 0 0 0 0 0 0 0 0 0 0 0 0 0 0 0 0 0 0 0 0 0 0 0 0 0 0 0 0 0 0 0 0 0 0 0 0 0 0 0 0 0 0 0 0 0 0 0 0 0 0 0 0 0 0 0 0 0 0]
[1534915117681224664617631839585832428655841885861337871422096931551845126352517230681191172497533157936328773445086914992466044356628116291418062019486148906011095562243200292956682649060525422787853935402226389168878829855041381554570467 0 0 0 0 0 0 0 0 0 0 0 0 0 0 0 0 0 0 0 1 0 0 0 0 0 0 0 0 0 0 0 0 0 0 0 0 0 0 0 0 0 0 0 0 0 0 0 0 0 0 0 0 0 0 0 0 0 0 0 0 0 0 0 0 0 0 0 0 0 0 0 0 0 0 0 0 0 0]
[2471149351313649507569105904665198880252650837698404047100382019923585625055353589767957078149675703147074973835192111318066714186340897387481479553380867258329443578271494900816715015622282656738463210728525809360000390227144850078820347 0 0 0 0 0 0 0 0 0 0 0 0 0 0 0 0 0 0 0 0 1 0 0 0 0 0 0 0 0 0 0 0 0 0 0 0 0 0 0 0 0 0 0 0 0 0 0 0 0 0 0 0 0 0 0 0 0 0 0 0 0 0 0 0 0 0 0 0 0 0 0 0 0 0 0 0 0 0]
[1042306360859319105747766640052069032596771096842289359249650974582435363872025080099666334682372267184896668500976238053432150513733527925815807263037061228676315499667305519839111782347500833812412170430734304533659583944602066923382160 0 0 0 0 0 0 0 0 0 0 0 0 0 0 0 0 0 0 0 0 0 1 0 0 0 0 0 0 0 0 0 0 0 0 0 0 0 0 0 0 0 0 0 0 0 0 0 0 0 0 0 0 0 0 0 0 0 0 0 0 0 0 0 0 0 0 0 0 0 0 0 0 0 0 0 0 0 0]
[45001509000281411576462873739526369505655088941615661387816569470035054070938443032507488649242708485447205402139796593549033920216776674360594464861023674103695184160324354137941342954471038102631105547557037541728763218455311932607616 0 0 0 0 0 0 0 0 0 0 0 0 0 0 0 0 0 0 0 0 0 0 1 0 0 0 0 0 0 0 0 0 0 0 0 0 0 0 0 0 0 0 0 0 0 0 0 0 0 0 0 0 0 0 0 0 0 0 0 0 0 0 0 0 0 0 0 0 0 0 0 0 0 0 0 0 0 0]
[4054109776917735984859493805701998460409760498552308991780822473168178355485837607427226719718167164330813162748231435007892750544739000555899867138457501440161731246959447403330746302330946827263632303155535108707465918498589221604507716 0 0 0 0 0 0 0 0 0 0 0 0 0 0 0 0 0 0 0 0 0 0 0 1 0 0 0 0 0 0 0 0 0 0 0 0 0 0 0 0 0 0 0 0 0 0 0 0 0 0 0 0 0 0 0 0 0 0 0 0 0 0 0 0 0 0 0 0 0 0 0 0 0 0 0 0 0 0]
[999863138855334801322190464930699809839990363479342457993159097895570448929830815111001499201185474853919050169128362643920647793904892919482869274116594769670810695190194185830022684745226525852165050973793237489501114659773528308313862 0 0 0 0 0 0 0 0 0 0 0 0 0 0 0 0 0 0 0 0 0 0 0 0 1 0 0 0 0 0 0 0 0 0 0 0 0 0 0 0 0 0 0 0 0 0 0 0 0 0 0 0 0 0 0 0 0 0 0 0 0 0 0 0 0 0 0 0 0 0 0 0 0 0 0 0 0 0]
[1787850071306792578760038859442694097034135407218637831464589755879424875110921787836791054483182305473783598621955607469898728670108780886553557578836500628964240880613233910738941565613296480837348130927893745585153165350936033489198359 0 0 0 0 0 0 0 0 0 0 0 0 0 0 0 0 0 0 0 0 0 0 0 0 0 1 0 0 0 0 0 0 0 0 0 0 0 0 0 0 0 0 0 0 0 0 0 0 0 0 0 0 0 0 0 0 0 0 0 0 0 0 0 0 0 0 0 0 0 0 0 0 0 0 0 0 0 0]
[1182760238377101612731193988069326556716744801268278725521484109928221558303009401202822171407860942859798540272660667537371940975407872340865336208131193102999874688475230553300335051371533725657200615795183166974981351536570096754633893 0 0 0 0 0 0 0 0 0 0 0 0 0 0 0 0 0 0 0 0 0 0 0 0 0 0 1 0 0 0 0 0 0 0 0 0 0 0 0 0 0 0 0 0 0 0 0 0 0 0 0 0 0 0 0 0 0 0 0 0 0 0 0 0 0 0 0 0 0 0 0 0 0 0 0 0 0 0]
[2724185538632982402036275535334899604791348313245497513010324998527542506593461048139108951681359668551245352183585964286992420416013688259554928640868134462087270564941933542898725428959271545806120581278184415822741874967181363394573456 0 0 0 0 0 0 0 0 0 0 0 0 0 0 0 0 0 0 0 0 0 0 0 0 0 0 0 1 0 0 0 0 0 0 0 0 0 0 0 0 0 0 0 0 0 0 0 0 0 0 0 0 0 0 0 0 0 0 0 0 0 0 0 0 0 0 0 0 0 0 0 0 0 0 0 0 0 0]
[2426590648741074676342367370240574101403180126754807201477835655974110093232694169144328797471400114527376146560149115255508456961321858935764973314210315564126234857495361980361474794623952230241092926295285555183105605943082918394161716 0 0 0 0 0 0 0 0 0 0 0 0 0 0 0 0 0 0 0 0 0 0 0 0 0 0 0 0 1 0 0 0 0 0 0 0 0 0 0 0 0 0 0 0 0 0 0 0 0 0 0 0 0 0 0 0 0 0 0 0 0 0 0 0 0 0 0 0 0 0 0 0 0 0 0 0 0 0]
[2255447781039925958970685668506373039795731484261006233729252140829014310632341356373754347037703230016625617130787631055979818203730899843237439909022189699991075440249285750748902797246466591889122020397112571066252872308958834157662733 0 0 0 0 0 0 0 0 0 0 0 0 0 0 0 0 0 0 0 0 0 0 0 0 0 0 0 0 0 1 0 0 0 0 0 0 0 0 0 0 0 0 0 0 0 0 0 0 0 0 0 0 0 0 0 0 0 0 0 0 0 0 0 0 0 0 0 0 0 0 0 0 0 0 0 0 0 0]
[603713369644319133136608527816204527580587549966338240615636356013895953203337911226741270559762903156292008664289813746249415004317711124209749822164217896132127678015607349047750542963467479572064623090741794647041684524233453545496606 0 0 0 0 0 0 0 0 0 0 0 0 0 0 0 0 0 0 0 0 0 0 0 0 0 0 0 0 0 0 1 0 0 0 0 0 0 0 0 0 0 0 0 0 0 0 0 0 0 0 0 0 0 0 0 0 0 0 0 0 0 0 0 0 0 0 0 0 0 0 0 0 0 0 0 0 0 0]
[104262174949509670970788111821979496115497451223075642508459770922773650102416408163043183421559222602762875321107338955346445356399494607928531980872089248230970238799216549967922763580176996491870573898930572611214685065015839838824634 0 0 0 0 0 0 0 0 0 0 0 0 0 0 0 0 0 0 0 0 0 0 0 0 0 0 0 0 0 0 0 1 0 0 0 0 0 0 0 0 0 0 0 0 0 0 0 0 0 0 0 0 0 0 0 0 0 0 0 0 0 0 0 0 0 0 0 0 0 0 0 0 0 0 0 0 0 0]
[3057705997865248348284680039833678197830242043229516117077388954756388719980100170739086343244181500538848994516186304023179744710813404553116529376863857852004562638989000194000014273915780984383497122400739077067838829851494508205871858 0 0 0 0 0 0 0 0 0 0 0 0 0 0 0 0 0 0 0 0 0 0 0 0 0 0 0 0 0 0 0 0 1 0 0 0 0 0 0 0 0 0 0 0 0 0 0 0 0 0 0 0 0 0 0 0 0 0 0 0 0 0 0 0 0 0 0 0 0 0 0 0 0 0 0 0 0 0]
[166706033094589855151883319579529846966166513179974321695701119159186005238682361955314417454123904044135911046614781416066655608958562690377130885242593613628659936497436687206723111865969977966311211989306001416557016461681702504896013 0 0 0 0 0 0 0 0 0 0 0 0 0 0 0 0 0 0 0 0 0 0 0 0 0 0 0 0 0 0 0 0 0 1 0 0 0 0 0 0 0 0 0 0 0 0 0 0 0 0 0 0 0 0 0 0 0 0 0 0 0 0 0 0 0 0 0 0 0 0 0 0 0 0 0 0 0 0]
[874174671581627859850491660909248747235647500855715761254684853211657560972482966007138621175013855083259599531680045883565530011528850062952504804546912764389045618921896969214828652431257851402527515625296311119159953474296831557391865 0 0 0 0 0 0 0 0 0 0 0 0 0 0 0 0 0 0 0 0 0 0 0 0 0 0 0 0 0 0 0 0 0 0 1 0 0 0 0 0 0 0 0 0 0 0 0 0 0 0 0 0 0 0 0 0 0 0 0 0 0 0 0 0 0 0 0 0 0 0 0 0 0 0 0 0 0 0]
[3685946196436002752922772899659688215413740522147188656405401006602897951426043290559981774346051932113168379404898879672914517849786873689561904517759823952207063785454067525759563947113972813679163746600841870792692393347665223826859604 0 0 0 0 0 0 0 0 0 0 0 0 0 0 0 0 0 0 0 0 0 0 0 0 0 0 0 0 0 0 0 0 0 0 0 1 0 0 0 0 0 0 0 0 0 0 0 0 0 0 0 0 0 0 0 0 0 0 0 0 0 0 0 0 0 0 0 0 0 0 0 0 0 0 0 0 0 0]
[2185295399722063724794738538779761254388364969363250090180145706221014238620689047988228481514344007898062167089501714882095443494625149992247682654914558203699990921113419844614574413874799351320514079967809384109827446925463705811836614 0 0 0 0 0 0 0 0 0 0 0 0 0 0 0 0 0 0 0 0 0 0 0 0 0 0 0 0 0 0 0 0 0 0 0 0 1 0 0 0 0 0 0 0 0 0 0 0 0 0 0 0 0 0 0 0 0 0 0 0 0 0 0 0 0 0 0 0 0 0 0 0 0 0 0 0 0 0]
[836900224817858300743602600991851857125099550286245089118409117764603267094306365126020850483640006214075358916242035378133944659936146111095899580014437081480981651330668805926737520663336545473593058452329198112536696179111134598281693 0 0 0 0 0 0 0 0 0 0 0 0 0 0 0 0 0 0 0 0 0 0 0 0 0 0 0 0 0 0 0 0 0 0 0 0 0 1 0 0 0 0 0 0 0 0 0 0 0 0 0 0 0 0 0 0 0 0 0 0 0 0 0 0 0 0 0 0 0 0 0 0 0 0 0 0 0 0]
[2113593379396268168071879413913637054448505460505294314572576076468651925434831696193350410465031615237716174328468535824357491448236535168327156542365937033915369730806258602104430234213954512229765870795489323042443957886614342233115711 0 0 0 0 0 0 0 0 0 0 0 0 0 0 0 0 0 0 0 0 0 0 0 0 0 0 0 0 0 0 0 0 0 0 0 0 0 0 1 0 0 0 0 0 0 0 0 0 0 0 0 0 0 0 0 0 0 0 0 0 0 0 0 0 0 0 0 0 0 0 0 0 0 0 0 0 0 0]
[1675424947654021515670265219099983616796555317027355006511452400429511364057313132255654534265422985282104118184772401294567356943564568918367313770156656039825588826620990656602565663423144270388163525075275539315499210710344914554790284 0 0 0 0 0 0 0 0 0 0 0 0 0 0 0 0 0 0 0 0 0 0 0 0 0 0 0 0 0 0 0 0 0 0 0 0 0 0 0 1 0 0 0 0 0 0 0 0 0 0 0 0 0 0 0 0 0 0 0 0 0 0 0 0 0 0 0 0 0 0 0 0 0 0 0 0 0 0]
[2180321011750555156369764910332574418823149835615891014503460889255603923751099809292260279125117355067245086506290599026793158952735525642894118385489103003077815217527668424065349103371630429633077572859310947872937908766225018064502709 0 0 0 0 0 0 0 0 0 0 0 0 0 0 0 0 0 0 0 0 0 0 0 0 0 0 0 0 0 0 0 0 0 0 0 0 0 0 0 0 1 0 0 0 0 0 0 0 0 0 0 0 0 0 0 0 0 0 0 0 0 0 0 0 0 0 0 0 0 0 0 0 0 0 0 0 0 0]
[1700753587014367972471401839522640363813994696978240896889670166877030030031108529967001985120688842354920224135164491980791170351068609227985461007387349383645318705918640143410098896118478194234804356484904098770757926697954758422728022 0 0 0 0 0 0 0 0 0 0 0 0 0 0 0 0 0 0 0 0 0 0 0 0 0 0 0 0 0 0 0 0 0 0 0 0 0 0 0 0 0 1 0 0 0 0 0 0 0 0 0 0 0 0 0 0 0 0 0 0 0 0 0 0 0 0 0 0 0 0 0 0 0 0 0 0 0 0]
[2230037682207696354310523263909817739813986651135325038750334710196740659834148897315665998015128805563699243475151732106712595267245568168590805107834497677788196530062746221668732383857885299572938302360640521995295226063679020914251913 0 0 0 0 0 0 0 0 0 0 0 0 0 0 0 0 0 0 0 0 0 0 0 0 0 0 0 0 0 0 0 0 0 0 0 0 0 0 0 0 0 0 1 0 0 0 0 0 0 0 0 0 0 0 0 0 0 0 0 0 0 0 0 0 0 0 0 0 0 0 0 0 0 0 0 0 0 0]
[3981977285340567969910131093712552521646894560329010184818113375849833301196646722152013871099887970694726637246128963223668252622789013673528791971652009318366283147227448373374120943686684445751057413145429577797527459373236898732210001 0 0 0 0 0 0 0 0 0 0 0 0 0 0 0 0 0 0 0 0 0 0 0 0 0 0 0 0 0 0 0 0 0 0 0 0 0 0 0 0 0 0 0 1 0 0 0 0 0 0 0 0 0 0 0 0 0 0 0 0 0 0 0 0 0 0 0 0 0 0 0 0 0 0 0 0 0 0]
[3610605723739583649804064723119727123281312156253418897796748456446167682435037623608642844798019807560973391355145779146012659805844377459073117650915616010196450511875315164114486007127746740802924286960718695742636436593659106149510766 0 0 0 0 0 0 0 0 0 0 0 0 0 0 0 0 0 0 0 0 0 0 0 0 0 0 0 0 0 0 0 0 0 0 0 0 0 0 0 0 0 0 0 0 1 0 0 0 0 0 0 0 0 0 0 0 0 0 0 0 0 0 0 0 0 0 0 0 0 0 0 0 0 0 0 0 0 0]
[3842788783679087371882972720591106054652778080994340031506061264392950580791539820780389736542188509994083925503668513323372231903110609315119697099886737378410528942560503016517515144701765102490273521522693257856900317238533740956876248 0 0 0 0 0 0 0 0 0 0 0 0 0 0 0 0 0 0 0 0 0 0 0 0 0 0 0 0 0 0 0 0 0 0 0 0 0 0 0 0 0 0 0 0 0 1 0 0 0 0 0 0 0 0 0 0 0 0 0 0 0 0 0 0 0 0 0 0 0 0 0 0 0 0 0 0 0 0]
[1034211888572398141071522576328652873910264951716779453021494531599320730778836584840688929089872196876950227507110766891178947062555733104549971789243899026906444804068131761025076141212690432146527163813910122635789495571069048231373339 0 0 0 0 0 0 0 0 0 0 0 0 0 0 0 0 0 0 0 0 0 0 0 0 0 0 0 0 0 0 0 0 0 0 0 0 0 0 0 0 0 0 0 0 0 0 1 0 0 0 0 0 0 0 0 0 0 0 0 0 0 0 0 0 0 0 0 0 0 0 0 0 0 0 0 0 0 0]
[3810740572811586407372876608546542556134774762277884503452887942929979195880952792184388350794282651027292639276919780348153201319481091447809436973115593719864581539556420586725999868253222940372810758212959843036927041896972645187834629 0 0 0 0 0 0 0 0 0 0 0 0 0 0 0 0 0 0 0 0 0 0 0 0 0 0 0 0 0 0 0 0 0 0 0 0 0 0 0 0 0 0 0 0 0 0 0 1 0 0 0 0 0 0 0 0 0 0 0 0 0 0 0 0 0 0 0 0 0 0 0 0 0 0 0 0 0 0]
[2126465128613369851834087190597606381054628269821632462395377955420734363892724234435113351015230818346711256704055874520552337204207819304097244311097913413375717071462596793248514666810189508741102664640479514765968869886438956737590134 0 0 0 0 0 0 0 0 0 0 0 0 0 0 0 0 0 0 0 0 0 0 0 0 0 0 0 0 0 0 0 0 0 0 0 0 0 0 0 0 0 0 0 0 0 0 0 0 1 0 0 0 0 0 0 0 0 0 0 0 0 0 0 0 0 0 0 0 0 0 0 0 0 0 0 0 0 0]
[4356774260694341529187570035028006707552169342300282966148111250896276880674410519705737232271863816178384735882299385841184774369558876632096965378598682261042957971508483185382563245139025647075620740573541426692695538014396328534525750 0 0 0 0 0 0 0 0 0 0 0 0 0 0 0 0 0 0 0 0 0 0 0 0 0 0 0 0 0 0 0 0 0 0 0 0 0 0 0 0 0 0 0 0 0 0 0 0 0 1 0 0 0 0 0 0 0 0 0 0 0 0 0 0 0 0 0 0 0 0 0 0 0 0 0 0 0 0]
[730850219750693650105010505701294415802835350813308789988226772941784074582169309427740304040698396690219097816415995573275927528428505977043347962705508873016372438693806178293511154199753718209912823147391551574871641170882647607603572 0 0 0 0 0 0 0 0 0 0 0 0 0 0 0 0 0 0 0 0 0 0 0 0 0 0 0 0 0 0 0 0 0 0 0 0 0 0 0 0 0 0 0 0 0 0 0 0 0 0 1 0 0 0 0 0 0 0 0 0 0 0 0 0 0 0 0 0 0 0 0 0 0 0 0 0 0 0]
[2090011150284217534457057117156456503550157612858352672894684800724169946152383750976816861461211226769042535913487249095742872537308519410828443314127995699353147346198871491277060316089725982977913734449788246002111908950710641312961312 0 0 0 0 0 0 0 0 0 0 0 0 0 0 0 0 0 0 0 0 0 0 0 0 0 0 0 0 0 0 0 0 0 0 0 0 0 0 0 0 0 0 0 0 0 0 0 0 0 0 0 1 0 0 0 0 0 0 0 0 0 0 0 0 0 0 0 0 0 0 0 0 0 0 0 0 0 0]
[2348176667654244026980755870133891027355463022949122216029865820373959085835023362728825872522419533834255349633906533819219362891163594824623355430835669852215975692701582925402835700939775779752206674688566237084806992897241648613685450 0 0 0 0 0 0 0 0 0 0 0 0 0 0 0 0 0 0 0 0 0 0 0 0 0 0 0 0 0 0 0 0 0 0 0 0 0 0 0 0 0 0 0 0 0 0 0 0 0 0 0 0 1 0 0 0 0 0 0 0 0 0 0 0 0 0 0 0 0 0 0 0 0 0 0 0 0 0]
[2271667436671902050364821144996449509132754844083513554203582123847648120928086533783065988111190626063503947406576581170675089040138222426839585559231924392305393023438004296977853102333433306941953286046656222315134839723012166076144154 0 0 0 0 0 0 0 0 0 0 0 0 0 0 0 0 0 0 0 0 0 0 0 0 0 0 0 0 0 0 0 0 0 0 0 0 0 0 0 0 0 0 0 0 0 0 0 0 0 0 0 0 0 1 0 0 0 0 0 0 0 0 0 0 0 0 0 0 0 0 0 0 0 0 0 0 0 0]
[4036843862212973534934969969867844604101957685275748104425563256371341317051823086758212277880244511204054355932192502636926584042974116444325409456824427383831170671707146059080506292130317266491775991329214652113241911502613482027519509 0 0 0 0 0 0 0 0 0 0 0 0 0 0 0 0 0 0 0 0 0 0 0 0 0 0 0 0 0 0 0 0 0 0 0 0 0 0 0 0 0 0 0 0 0 0 0 0 0 0 0 0 0 0 1 0 0 0 0 0 0 0 0 0 0 0 0 0 0 0 0 0 0 0 0 0 0 0]
[1684493488251556487571040046939906339336340406481699669690966117647623054730673438342262436249060233150650780973553698222486827041258970298101698752307827971914667278396451039739547868920146123326745294032216814937122850378454935353869859 0 0 0 0 0 0 0 0 0 0 0 0 0 0 0 0 0 0 0 0 0 0 0 0 0 0 0 0 0 0 0 0 0 0 0 0 0 0 0 0 0 0 0 0 0 0 0 0 0 0 0 0 0 0 0 1 0 0 0 0 0 0 0 0 0 0 0 0 0 0 0 0 0 0 0 0 0 0]
[1103369830124655639922104452436813455522295744041286612019828991513277374413910019648627734240678761940446657930673543765187300660622421739069054987824858818297815612912408381575338583449815169417836455685123317128041389103002736751567207 0 0 0 0 0 0 0 0 0 0 0 0 0 0 0 0 0 0 0 0 0 0 0 0 0 0 0 0 0 0 0 0 0 0 0 0 0 0 0 0 0 0 0 0 0 0 0 0 0 0 0 0 0 0 0 0 1 0 0 0 0 0 0 0 0 0 0 0 0 0 0 0 0 0 0 0 0 0]
[134295395432016353803705223266478317409053986787281325271394298158388643198142386722013387865374081130015779390205900120413582483900816873075091850505599660788930528165353172154791136316012704272064785477529549312917610289080697694307849 0 0 0 0 0 0 0 0 0 0 0 0 0 0 0 0 0 0 0 0 0 0 0 0 0 0 0 0 0 0 0 0 0 0 0 0 0 0 0 0 0 0 0 0 0 0 0 0 0 0 0 0 0 0 0 0 0 1 0 0 0 0 0 0 0 0 0 0 0 0 0 0 0 0 0 0 0 0]
[370496888964928171690985507625426966291065573284011200901466368739543918002946858996487322028187394874700631664145156670390399784619238524618367374697398541067446109861507239711501626875519238510331158347346944475377670309593451212059029 0 0 0 0 0 0 0 0 0 0 0 0 0 0 0 0 0 0 0 0 0 0 0 0 0 0 0 0 0 0 0 0 0 0 0 0 0 0 0 0 0 0 0 0 0 0 0 0 0 0 0 0 0 0 0 0 0 0 1 0 0 0 0 0 0 0 0 0 0 0 0 0 0 0 0 0 0 0]
[329978086624853525485976092480790194630703785102024859462113996199823046131512705233947213553438328038408874104166834139345615508966378229480894999743881896380679530872851674994959066457454793693180646213020904198987217798499978281030551 0 0 0 0 0 0 0 0 0 0 0 0 0 0 0 0 0 0 0 0 0 0 0 0 0 0 0 0 0 0 0 0 0 0 0 0 0 0 0 0 0 0 0 0 0 0 0 0 0 0 0 0 0 0 0 0 0 0 0 1 0 0 0 0 0 0 0 0 0 0 0 0 0 0 0 0 0 0]
[1343035753964919687981576383902126458849999753311165508127747335030493661272623927327367164877030394863623543840008739197173549956583754233857910144351537083250142771337336638268216966961081109783927851281249337589260266323166160641488042 0 0 0 0 0 0 0 0 0 0 0 0 0 0 0 0 0 0 0 0 0 0 0 0 0 0 0 0 0 0 0 0 0 0 0 0 0 0 0 0 0 0 0 0 0 0 0 0 0 0 0 0 0 0 0 0 0 0 0 0 1 0 0 0 0 0 0 0 0 0 0 0 0 0 0 0 0 0]
[472362261374635706632906888736416963834021756855812320562534147226903481804147532421655274709324779007049864826649493714467952109263237801158505825623020048525312083026954539247449121221087501104399709460810275708527130611078298607924331 0 0 0 0 0 0 0 0 0 0 0 0 0 0 0 0 0 0 0 0 0 0 0 0 0 0 0 0 0 0 0 0 0 0 0 0 0 0 0 0 0 0 0 0 0 0 0 0 0 0 0 0 0 0 0 0 0 0 0 0 0 1 0 0 0 0 0 0 0 0 0 0 0 0 0 0 0 0]
[2225918275213223170820614819460303232303968447097081640960179861323086799520384969761015506514276403913228580367003354869570960129322703475389108477290741281644995785654746855532678556983149003585819114855152722707220179910869165175856328 0 0 0 0 0 0 0 0 0 0 0 0 0 0 0 0 0 0 0 0 0 0 0 0 0 0 0 0 0 0 0 0 0 0 0 0 0 0 0 0 0 0 0 0 0 0 0 0 0 0 0 0 0 0 0 0 0 0 0 0 0 0 1 0 0 0 0 0 0 0 0 0 0 0 0 0 0 0]
[2106372809541857895006551935109656923982342907584683089952721377633619687239972201925076977875068580719026964272862310122908804962862434934522881744023945999906999662704018115297846537440212433395589060174465402084077335541964059690029210 0 0 0 0 0 0 0 0 0 0 0 0 0 0 0 0 0 0 0 0 0 0 0 0 0 0 0 0 0 0 0 0 0 0 0 0 0 0 0 0 0 0 0 0 0 0 0 0 0 0 0 0 0 0 0 0 0 0 0 0 0 0 0 1 0 0 0 0 0 0 0 0 0 0 0 0 0 0]
[3373049628944270683728258667860079420794926469992721500145300962208605959809321131872653293265006632879042717597843759581562243888332497207986350329456334816447560303778031591320843818746658875719835453844219561803580979416584384673111215 0 0 0 0 0 0 0 0 0 0 0 0 0 0 0 0 0 0 0 0 0 0 0 0 0 0 0 0 0 0 0 0 0 0 0 0 0 0 0 0 0 0 0 0 0 0 0 0 0 0 0 0 0 0 0 0 0 0 0 0 0 0 0 0 1 0 0 0 0 0 0 0 0 0 0 0 0 0]
[3872278596175354793367115048097959286959615753029630575636403688661534369361618867199466269108634846298551180529564073091181253838166761074721775394134318453786746980266240510120715472700130455058874510292624054251864871216508516778510695 0 0 0 0 0 0 0 0 0 0 0 0 0 0 0 0 0 0 0 0 0 0 0 0 0 0 0 0 0 0 0 0 0 0 0 0 0 0 0 0 0 0 0 0 0 0 0 0 0 0 0 0 0 0 0 0 0 0 0 0 0 0 0 0 0 1 0 0 0 0 0 0 0 0 0 0 0 0]
[2682000529980471732517751591772622874854293911102775708718666229144542155728346467452787201931733104488969418100152788833664771290214544372114099004577754652148631850452997587880922635584710880720148510767675452136932093250474221797351997 0 0 0 0 0 0 0 0 0 0 0 0 0 0 0 0 0 0 0 0 0 0 0 0 0 0 0 0 0 0 0 0 0 0 0 0 0 0 0 0 0 0 0 0 0 0 0 0 0 0 0 0 0 0 0 0 0 0 0 0 0 0 0 0 0 0 1 0 0 0 0 0 0 0 0 0 0 0]
[3387245930362179575596002798003103769561105045824589811447319687808583460364292753418291946465035609678573579497514168346320891055631187848291044067507475460759552217411647789506610819385571707141655835016181663719307897162366637588198131 0 0 0 0 0 0 0 0 0 0 0 0 0 0 0 0 0 0 0 0 0 0 0 0 0 0 0 0 0 0 0 0 0 0 0 0 0 0 0 0 0 0 0 0 0 0 0 0 0 0 0 0 0 0 0 0 0 0 0 0 0 0 0 0 0 0 0 1 0 0 0 0 0 0 0 0 0 0]
[1766340317853393134941345492308535003904299717887744572018894284888937865455752452975129356689210272747991963846550927102313641478606907883787864734642550328348208696457114079934538062464932091091145973148160594718282496605231953334317226 0 0 0 0 0 0 0 0 0 0 0 0 0 0 0 0 0 0 0 0 0 0 0 0 0 0 0 0 0 0 0 0 0 0 0 0 0 0 0 0 0 0 0 0 0 0 0 0 0 0 0 0 0 0 0 0 0 0 0 0 0 0 0 0 0 0 0 0 1 0 0 0 0 0 0 0 0 0]
[145024554567717897657903306646712211604628230401918596367766457529316515086629059063845961376829124121250610042044221085396592587315475230070638687420393746642925818544488850482173783014413032621835446844407943866965271591358529457052782 0 0 0 0 0 0 0 0 0 0 0 0 0 0 0 0 0 0 0 0 0 0 0 0 0 0 0 0 0 0 0 0 0 0 0 0 0 0 0 0 0 0 0 0 0 0 0 0 0 0 0 0 0 0 0 0 0 0 0 0 0 0 0 0 0 0 0 0 0 1 0 0 0 0 0 0 0 0]
[651736310681051785787377963892294758434630101591321724940802115714543078569088713755114469146488857751073125420450205772491807064539468048422396320909980221333538850615092569886191714883157399256375032765618372939849007908945380887886673 0 0 0 0 0 0 0 0 0 0 0 0 0 0 0 0 0 0 0 0 0 0 0 0 0 0 0 0 0 0 0 0 0 0 0 0 0 0 0 0 0 0 0 0 0 0 0 0 0 0 0 0 0 0 0 0 0 0 0 0 0 0 0 0 0 0 0 0 0 0 1 0 0 0 0 0 0 0]
[1608808587682230481746316931243847544520368639497059571705665991426503336798526055602760010653388522950186712574470097932245435011138264336782895471033928886870045307711789559744995050825771398869876721823530806986186099174399524215093528 0 0 0 0 0 0 0 0 0 0 0 0 0 0 0 0 0 0 0 0 0 0 0 0 0 0 0 0 0 0 0 0 0 0 0 0 0 0 0 0 0 0 0 0 0 0 0 0 0 0 0 0 0 0 0 0 0 0 0 0 0 0 0 0 0 0 0 0 0 0 0 1 0 0 0 0 0 0]
[1379527137275183216640098892524112381664674292781759776510635354470489967945450878845717715285869840910019555543518966878478623189889783213440801091351947721033893656039084024705308922635888104652563752849019365071112826737646942623398946 0 0 0 0 0 0 0 0 0 0 0 0 0 0 0 0 0 0 0 0 0 0 0 0 0 0 0 0 0 0 0 0 0 0 0 0 0 0 0 0 0 0 0 0 0 0 0 0 0 0 0 0 0 0 0 0 0 0 0 0 0 0 0 0 0 0 0 0 0 0 0 0 1 0 0 0 0 0]
[2182172903129779505684285273935413848222640498604872400000740449485397282099319640423906987711079361972629472821674210374156944917832763652335075538880831427328054171199020826967638647380996318164256038463236406731755152464972893154011028 0 0 0 0 0 0 0 0 0 0 0 0 0 0 0 0 0 0 0 0 0 0 0 0 0 0 0 0 0 0 0 0 0 0 0 0 0 0 0 0 0 0 0 0 0 0 0 0 0 0 0 0 0 0 0 0 0 0 0 0 0 0 0 0 0 0 0 0 0 0 0 0 0 1 0 0 0 0]
[2938700576052141783976359483490539806861086061687722378191252779849541864116120946272358841670457590272646666321576055204361535562340498298546983239708354831508173349809255540671186184167887717137431537764706245754787845933665278624441837 0 0 0 0 0 0 0 0 0 0 0 0 0 0 0 0 0 0 0 0 0 0 0 0 0 0 0 0 0 0 0 0 0 0 0 0 0 0 0 0 0 0 0 0 0 0 0 0 0 0 0 0 0 0 0 0 0 0 0 0 0 0 0 0 0 0 0 0 0 0 0 0 0 0 1 0 0 0]
[6673801407061829751809649938291510694485269484707421500097387893796904577764546897758047123261444318623544758814593802109840724556820864719933096757839473054881613944038503379069800833314509873879283605003266014617239328413101369043563 0 0 0 0 0 0 0 0 0 0 0 0 0 0 0 0 0 0 0 0 0 0 0 0 0 0 0 0 0 0 0 0 0 0 0 0 0 0 0 0 0 0 0 0 0 0 0 0 0 0 0 0 0 0 0 0 0 0 0 0 0 0 0 0 0 0 0 0 0 0 0 0 0 0 0 1 0 0]
[2649392976575606850744965054934999722312414722470308612486655384273791063788796239159268485501575160034492562183476179655752545843207546584392291016086717324649433284696885993138545148476160328809338581761008583396339947379071494834556309 0 0 0 0 0 0 0 0 0 0 0 0 0 0 0 0 0 0 0 0 0 0 0 0 0 0 0 0 0 0 0 0 0 0 0 0 0 0 0 0 0 0 0 0 0 0 0 0 0 0 0 0 0 0 0 0 0 0 0 0 0 0 0 0 0 0 0 0 0 0 0 0 0 0 0 0 1 0]
[486067047210776337232025805206898438110437058685336426276969443646826534584133933983078317346233491076547753143260579316961872192671565183090548415827047828457738915887290349437279240853864203328365760375554683357266322199102440496622602 0 0 0 0 0 0 0 0 0 0 0 0 0 0 0 0 0 0 0 0 0 0 0 0 0 0 0 0 0 0 0 0 0 0 0 0 0 0 0 0 0 0 0 0 0 0 0 0 0 0 0 0 0 0 0 0 0 0 0 0 0 0 0 0 0 0 0 0 0 0 0 0 0 0 0 0 0 1]
]
