[[6923132011480593984609525076106293322696572396951374906059559896013846321832537588514645972877050013223500911291649609459650006010219740152396637251360587138093315711263619604923050817721125320908006936355499011639808329226094657481714685778393116867677861 0 0 0 0 0 0 0 0 0 0 0 0 0 0 0 0 0 0 0 0 0 0 0 0 0 0 0 0 0 0 0 0 0 0 0 0 0 0 0 0 0 0 0 0 0 0 0 0 0 0 0 0 0 0 0 0 0 0 0 0 0 0 0 0 0 0 0 0 0 0 0 0 0 0 0 0 0 0 0 0 0 0 0 0]
[1052908628228911289212316199088828885898954058790059110389313696276055287999565871553137761750653121884812135718387727543686100211529051809503007646972531719856171056931050005022386557970527832742893240986285246514337225006931560344774471076125582494056994 1 0 0 0 0 0 0 0 0 0 0 0 0 0 0 0 0 0 0 0 0 0 0 0 0 0 0 0 0 0 0 0 0 0 0 0 0 0 0 0 0 0 0 0 0 0 0 0 0 0 0 0 0 0 0 0 0 0 0 0 0 0 0 0 0 0 0 0 0 0 0 0 0 0 0 0 0 0 0 0 0 0 0 0]
[2293298988509999401877955318308383017044839708511674137483824622175442413811029455324623069715203225024709519901327290293076456616542869769305577424913785582692714901671119647198098634108280422359999520842670422568518153019764037706811683775286203160683465 0 1 0 0 0 0 0 0 0 0 0 0 0 0 0 0 0 0 0 0 0 0 0 0 0 0 0 0 0 0 0 0 0 0 0 0 0 0 0 0 0 0 0 0 0 0 0 0 0 0 0 0 0 0 0 0 0 0 0 0 0 0 0 0 0 0 0 0 0 0 0 0 0 0 0 0 0 0 0 0 0 0 0 0]
[3004211972469823863848239434445400278768143321347623387471512199621500732891862644645797381161952939715446389308442480299633206427900013692206562328119464633191048183335709772364031006944364748728870225035202350237108810741487186551832898910961063427910098 0 0 1 0 0 0 0 0 0 0 0 0 0 0 0 0 0 0 0 0 0 0 0 0 0 0 0 0 0 0 0 0 0 0 0 0 0 0 0 0 0 0 0 0 0 0 0 0 0 0 0 0 0 0 0 0 0 0 0 0 0 0 0 0 0 0 0 0 0 0 0 0 0 0 0 0 0 0 0 0 0 0 0 0]
[337467749320002479965238184390310792455928176204905757052472217393254670820062572480019224758601762525203143625885553437931304169208287206124698792887527360562140810394816199892846559534853744554121793884674108965466387408011331022607528340752353175501696 0 0 0 1 0 0 0 0 0 0 0 0 0 0 0 0 0 0 0 0 0 0 0 0 0 0 0 0 0 0 0 0 0 0 0 0 0 0 0 0 0 0 0 0 0 0 0 0 0 0 0 0 0 0 0 0 0 0 0 0 0 0 0 0 0 0 0 0 0 0 0 0 0 0 0 0 0 0 0 0 0 0 0 0]
[4696967109594758554833735583308346330897155841810314727370451096242175154503173618872855294676755434493760057222959602431688542888092454099355680594064852430961720148172052241056885469554478520810765872136160257745188072297732564165788977649280985107514929 0 0 0 0 1 0 0 0 0 0 0 0 0 0 0 0 0 0 0 0 0 0 0 0 0 0 0 0 0 0 0 0 0 0 0 0 0 0 0 0 0 0 0 0 0 0 0 0 0 0 0 0 0 0 0 0 0 0 0 0 0 0 0 0 0 0 0 0 0 0 0 0 0 0 0 0 0 0 0 0 0 0 0 0]
[3295661418254688753721399955368860925693099615628155322908290020022907417539917663774792977427818297501828065169106172943289643048956480655551133621886779959020543114699226643404509657556591466484967040518185171008705273979970354774276809186962360632202547 0 0 0 0 0 1 0 0 0 0 0 0 0 0 0 0 0 0 0 0 0 0 0 0 0 0 0 0 0 0 0 0 0 0 0 0 0 0 0 0 0 0 0 0 0 0 0 0 0 0 0 0 0 0 0 0 0 0 0 0 0 0 0 0 0 0 0 0 0 0 0 0 0 0 0 0 0 0 0 0 0 0 0 0]
[4973607874964770301325323300154705422066690248002589727385088716821828077994026371366140950173716452442386922243764295369294007800198452132994785742866897004886347114183296613309511755250852218702836643559724540637070152241874231879522430763656141529475402 0 0 0 0 0 0 1 0 0 0 0 0 0 0 0 0 0 0 0 0 0 0 0 0 0 0 0 0 0 0 0 0 0 0 0 0 0 0 0 0 0 0 0 0 0 0 0 0 0 0 0 0 0 0 0 0 0 0 0 0 0 0 0 0 0 0 0 0 0 0 0 0 0 0 0 0 0 0 0 0 0 0 0 0]
[136484273507191297943329678548720731724452771774185249355577966650784686372266333597053612116963275271910987157550171985876894859789856828685055873725214715500562995473488757767336584053943552191630067644083533873136669428969802496536098819807320322348781 0 0 0 0 0 0 0 1 0 0 0 0 0 0 0 0 0 0 0 0 0 0 0 0 0 0 0 0 0 0 0 0 0 0 0 0 0 0 0 0 0 0 0 0 0 0 0 0 0 0 0 0 0 0 0 0 0 0 0 0 0 0 0 0 0 0 0 0 0 0 0 0 0 0 0 0 0 0 0 0 0 0 0 0]
[4431958438697556768385913277719900134891840909127539037891685472698177695477816014117497909304977209204747598438670743844082514655574885864962489967034814723230527855022599909378983672006091746066159073465814133571768718619050314772026443988157949431304617 0 0 0 0 0 0 0 0 1 0 0 0 0 0 0 0 0 0 0 0 0 0 0 0 0 0 0 0 0 0 0 0 0 0 0 0 0 0 0 0 0 0 0 0 0 0 0 0 0 0 0 0 0 0 0 0 0 0 0 0 0 0 0 0 0 0 0 0 0 0 0 0 0 0 0 0 0 0 0 0 0 0 0 0]
[4203051165597901441992615826695202002360516419206740937108897344746883771259451984506811616553534539585170592151168141172306044381612025029313012222083350984391045701674349930014949515952860483547762340399531723356731571118534920492142972023868234754371903 0 0 0 0 0 0 0 0 0 1 0 0 0 0 0 0 0 0 0 0 0 0 0 0 0 0 0 0 0 0 0 0 0 0 0 0 0 0 0 0 0 0 0 0 0 0 0 0 0 0 0 0 0 0 0 0 0 0 0 0 0 0 0 0 0 0 0 0 0 0 0 0 0 0 0 0 0 0 0 0 0 0 0 0]
[2573091906849338207905814273400094725652920421108423615220271995352825241945949979740576646030470966542069805045629153307511512002561731644884593373243704689508909885896665435876687315253740514838502140265992045846237554085957788450588287135773621973623216 0 0 0 0 0 0 0 0 0 0 1 0 0 0 0 0 0 0 0 0 0 0 0 0 0 0 0 0 0 0 0 0 0 0 0 0 0 0 0 0 0 0 0 0 0 0 0 0 0 0 0 0 0 0 0 0 0 0 0 0 0 0 0 0 0 0 0 0 0 0 0 0 0 0 0 0 0 0 0 0 0 0 0 0]
[1703598962000321533773091036360048281686579064607788159172986312396351591526810729723436608050108088459559568992189671427430413086620934135059097725799582197974523050733960306311994831736319288273756245617778793300140815301927002398500668634305950153450694 0 0 0 0 0 0 0 0 0 0 0 1 0 0 0 0 0 0 0 0 0 0 0 0 0 0 0 0 0 0 0 0 0 0 0 0 0 0 0 0 0 0 0 0 0 0 0 0 0 0 0 0 0 0 0 0 0 0 0 0 0 0 0 0 0 0 0 0 0 0 0 0 0 0 0 0 0 0 0 0 0 0 0 0]
[5928258320063049495153335161263276423959716123577906675970786169667577594220352335850955237779765388611912107325215487440875129581202003228324912714607240151510401185107124893916768073695273467745845327602520016868458296212939992946857678131476671275990220 0 0 0 0 0 0 0 0 0 0 0 0 1 0 0 0 0 0 0 0 0 0 0 0 0 0 0 0 0 0 0 0 0 0 0 0 0 0 0 0 0 0 0 0 0 0 0 0 0 0 0 0 0 0 0 0 0 0 0 0 0 0 0 0 0 0 0 0 0 0 0 0 0 0 0 0 0 0 0 0 0 0 0 0]
[1959086195371096244193411514884328250825810660833952560749345284453839117589942196884752130978576188297188088723333660897504284443775829975627009915150395996430333954976652222265779425798047098288178860925227559508411005958389025440131810705414053436702622 0 0 0 0 0 0 0 0 0 0 0 0 0 1 0 0 0 0 0 0 0 0 0 0 0 0 0 0 0 0 0 0 0 0 0 0 0 0 0 0 0 0 0 0 0 0 0 0 0 0 0 0 0 0 0 0 0 0 0 0 0 0 0 0 0 0 0 0 0 0 0 0 0 0 0 0 0 0 0 0 0 0 0 0]
[4918591250382032290151992085303859383947646708673498091537279898537766192976264172798499428757396114523168556089995728896096265466136132696457601856243976946874673085511888520937451074939172210687403542387132653859191903648871175429635170649638000168386996 0 0 0 0 0 0 0 0 0 0 0 0 0 0 1 0 0 0 0 0 0 0 0 0 0 0 0 0 0 0 0 0 0 0 0 0 0 0 0 0 0 0 0 0 0 0 0 0 0 0 0 0 0 0 0 0 0 0 0 0 0 0 0 0 0 0 0 0 0 0 0 0 0 0 0 0 0 0 0 0 0 0 0 0]
[5120984239814782835978829036482520450940550624380830638167028241818176892357959848766997018974647384549528045873319688388513342766396720909114269753469178522967042489586557963490875420123254050263941963380558548708396485563178025492368601011238575763109340 0 0 0 0 0 0 0 0 0 0 0 0 0 0 0 1 0 0 0 0 0 0 0 0 0 0 0 0 0 0 0 0 0 0 0 0 0 0 0 0 0 0 0 0 0 0 0 0 0 0 0 0 0 0 0 0 0 0 0 0 0 0 0 0 0 0 0 0 0 0 0 0 0 0 0 0 0 0 0 0 0 0 0 0]
[212174955242256521349400371460746363239893417481175780335730501294182687876283590347846737640051599462667968676602524137604073571414023325665918970739719530124778042100792348519072469532871797282722702429257981822364378184945679358529139784262625648132026 0 0 0 0 0 0 0 0 0 0 0 0 0 0 0 0 1 0 0 0 0 0 0 0 0 0 0 0 0 0 0 0 0 0 0 0 0 0 0 0 0 0 0 0 0 0 0 0 0 0 0 0 0 0 0 0 0 0 0 0 0 0 0 0 0 0 0 0 0 0 0 0 0 0 0 0 0 0 0 0 0 0 0 0]
[1804044341283326666920557815733531859967888878895745426179739264791365560729447764531283281541688251099506016405406523241463164950995129934131923251445460425811615870307735321140602248837464232327570093481988992878207609045169760357635023429337128685749504 0 0 0 0 0 0 0 0 0 0 0 0 0 0 0 0 0 1 0 0 0 0 0 0 0 0 0 0 0 0 0 0 0 0 0 0 0 0 0 0 0 0 0 0 0 0 0 0 0 0 0 0 0 0 0 0 0 0 0 0 0 0 0 0 0 0 0 0 0 0 0 0 0 0 0 0 0 0 0 0 0 0 0 0]
[4454272197237727801925701110792168060352350018710250677986939050912576884428212844012394143804283305064365960397125189897330867897913888183585717283218557450156780779212854943846076049166920484327379468981816029120976961172065495621055917670166447777199957 0 0 0 0 0 0 0 0 0 0 0 0 0 0 0 0 0 0 1 0 0 0 0 0 0 0 0 0 0 0 0 0 0 0 0 0 0 0 0 0 0 0 0 0 0 0 0 0 0 0 0 0 0 0 0 0 0 0 0 0 0 0 0 0 0 0 0 0 0 0 0 0 0 0 0 0 0 0 0 0 0 0 0 0]
[5059894022738208862864166405878565005668962099928419433074851488315292490786436364031059458863000965642772505723555557913283919411349285620063928522838380722014889965743551858731169559653803347335844518339991266000721977124169722443632357248122386134204289 0 0 0 0 0 0 0 0 0 0 0 0 0 0 0 0 0 0 0 1 0 0 0 0 0 0 0 0 0 0 0 0 0 0 0 0 0 0 0 0 0 0 0 0 0 0 0 0 0 0 0 0 0 0 0 0 0 0 0 0 0 0 0 0 0 0 0 0 0 0 0 0 0 0 0 0 0 0 0 0 0 0 0 0]
[1601252012125838497569237346600434960572506410427910476624833119917167198230517879013554517801359101951735662194612240375279487532891153199239510525245193627824853899091874867831911485136959910009064768848165368706496713396422888682452644414125152164962939 0 0 0 0 0 0 0 0 0 0 0 0 0 0 0 0 0 0 0 0 1 0 0 0 0 0 0 0 0 0 0 0 0 0 0 0 0 0 0 0 0 0 0 0 0 0 0 0 0 0 0 0 0 0 0 0 0 0 0 0 0 0 0 0 0 0 0 0 0 0 0 0 0 0 0 0 0 0 0 0 0 0 0 0]
[2057624514065084364604117871403402405382896490518116462962508821306299103336141849776840334295100060786212409289707198698481404335143116102949800187443941187918878987766982222693004242303082241285017465342446843063243934857384426299815691170972162567093274 0 0 0 0 0 0 0 0 0 0 0 0 0 0 0 0 0 0 0 0 0 1 0 0 0 0 0 0 0 0 0 0 0 0 0 0 0 0 0 0 0 0 0 0 0 0 0 0 0 0 0 0 0 0 0 0 0 0 0 0 0 0 0 0 0 0 0 0 0 0 0 0 0 0 0 0 0 0 0 0 0 0 0 0]
[4605409049588035130597929332747314130738506649679136252677165241064599492496836889891194753718706583853332837739145256251263242938168055096098417994806297666853401721949032806686114354276145606332779226059814850062026919596143464167224617071937457538459394 0 0 0 0 0 0 0 0 0 0 0 0 0 0 0 0 0 0 0 0 0 0 1 0 0 0 0 0 0 0 0 0 0 0 0 0 0 0 0 0 0 0 0 0 0 0 0 0 0 0 0 0 0 0 0 0 0 0 0 0 0 0 0 0 0 0 0 0 0 0 0 0 0 0 0 0 0 0 0 0 0 0 0 0]
[1034106573578251637788347386927421977226497444513511364954166647658158420925855332831415345577434393909976320991055753811563806704642496168900524165829731034668990225772017059165207144673067952337930795650886516443646501025036916000071034993619203400966503 0 0 0 0 0 0 0 0 0 0 0 0 0 0 0 0 0 0 0 0 0 0 0 1 0 0 0 0 0 0 0 0 0 0 0 0 0 0 0 0 0 0 0 0 0 0 0 0 0 0 0 0 0 0 0 0 0 0 0 0 0 0 0 0 0 0 0 0 0 0 0 0 0 0 0 0 0 0 0 0 0 0 0 0]
[5997661700876789733866793295401454738231968676152517085207601243849472290326689505806840709307265021023540533864455125326026910187462444594667076046323623734365448223318151787206694103535107507785503568248858341876273006875092298591863987693368980090128682 0 0 0 0 0 0 0 0 0 0 0 0 0 0 0 0 0 0 0 0 0 0 0 0 1 0 0 0 0 0 0 0 0 0 0 0 0 0 0 0 0 0 0 0 0 0 0 0 0 0 0 0 0 0 0 0 0 0 0 0 0 0 0 0 0 0 0 0 0 0 0 0 0 0 0 0 0 0 0 0 0 0 0 0]
[838176847714197030749709809179055677756731656580826269725799352865423550785546684225723604922500871749662518682844501334179825152841557236485376558409844466377011551608985989619802996676273686862591049929351493792731070501996808062330316578091211387628568 0 0 0 0 0 0 0 0 0 0 0 0 0 0 0 0 0 0 0 0 0 0 0 0 0 1 0 0 0 0 0 0 0 0 0 0 0 0 0 0 0 0 0 0 0 0 0 0 0 0 0 0 0 0 0 0 0 0 0 0 0 0 0 0 0 0 0 0 0 0 0 0 0 0 0 0 0 0 0 0 0 0 0 0]
[4391533443585413775270733845617094129490771294053936279130405950858832451106562822844956143532290403903305700239721633793058165052938960677688517930154575159736931815838384276309912705303577739760736703251172327562230241613560312269176587339226829169483389 0 0 0 0 0 0 0 0 0 0 0 0 0 0 0 0 0 0 0 0 0 0 0 0 0 0 1 0 0 0 0 0 0 0 0 0 0 0 0 0 0 0 0 0 0 0 0 0 0 0 0 0 0 0 0 0 0 0 0 0 0 0 0 0 0 0 0 0 0 0 0 0 0 0 0 0 0 0 0 0 0 0 0 0]
[1354499251666435995704705029445525864162220055649645777118469257482806551466425479402789582987509484983717081695627385976549985511445514043806248609083476907326069269029357184460258851419963631989302539792405621803881664067812367205101018995883522163018708 0 0 0 0 0 0 0 0 0 0 0 0 0 0 0 0 0 0 0 0 0 0 0 0 0 0 0 1 0 0 0 0 0 0 0 0 0 0 0 0 0 0 0 0 0 0 0 0 0 0 0 0 0 0 0 0 0 0 0 0 0 0 0 0 0 0 0 0 0 0 0 0 0 0 0 0 0 0 0 0 0 0 0 0]
[6069735904115991373954995829424699608120149979481102916869911834005133957300757222639720151043055982495131221014739239733659067550372646695279756576721345180431922481911495684001102371832645131960717818703871438212838455179201624579736560219214095791605198 0 0 0 0 0 0 0 0 0 0 0 0 0 0 0 0 0 0 0 0 0 0 0 0 0 0 0 0 1 0 0 0 0 0 0 0 0 0 0 0 0 0 0 0 0 0 0 0 0 0 0 0 0 0 0 0 0 0 0 0 0 0 0 0 0 0 0 0 0 0 0 0 0 0 0 0 0 0 0 0 0 0 0 0]
[5329467657181848236897791447882062759176686343556333270705241181095627340129300146285985449538965760805446633085525694143020359043540634358344584439171861527590045884574493979928087012729973627563279791307645896947883198997826796413410724814139534788780763 0 0 0 0 0 0 0 0 0 0 0 0 0 0 0 0 0 0 0 0 0 0 0 0 0 0 0 0 0 1 0 0 0 0 0 0 0 0 0 0 0 0 0 0 0 0 0 0 0 0 0 0 0 0 0 0 0 0 0 0 0 0 0 0 0 0 0 0 0 0 0 0 0 0 0 0 0 0 0 0 0 0 0 0]
[5341797155992454247493482041887274736623767700547807756289297462621144426704165743364345281212414407239748296419551755794571576019962751530043983166909002018810842750745115593971611672291906411701318625186995287430889456737350198717558860336750880832735850 0 0 0 0 0 0 0 0 0 0 0 0 0 0 0 0 0 0 0 0 0 0 0 0 0 0 0 0 0 0 1 0 0 0 0 0 0 0 0 0 0 0 0 0 0 0 0 0 0 0 0 0 0 0 0 0 0 0 0 0 0 0 0 0 0 0 0 0 0 0 0 0 0 0 0 0 0 0 0 0 0 0 0 0]
[2440206431347511516232750197749129800535594561694253718339307297519862179391867368290475041131202608879046046288072716795897484268656591984225802630320953798266423817480831423195636699804967751179767878350249429474133812273061427971902729096007618064312114 0 0 0 0 0 0 0 0 0 0 0 0 0 0 0 0 0 0 0 0 0 0 0 0 0 0 0 0 0 0 0 1 0 0 0 0 0 0 0 0 0 0 0 0 0 0 0 0 0 0 0 0 0 0 0 0 0 0 0 0 0 0 0 0 0 0 0 0 0 0 0 0 0 0 0 0 0 0 0 0 0 0 0 0]
[1143404100148137479435173187811460451680820662742448062718454961421145274807944861100989562746938943146570225107905575771948852843158413252158140024107758002373331334249722304189249761296158605694710449647645286355711024157891076470250511140259442769093703 0 0 0 0 0 0 0 0 0 0 0 0 0 0 0 0 0 0 0 0 0 0 0 0 0 0 0 0 0 0 0 0 1 0 0 0 0 0 0 0 0 0 0 0 0 0 0 0 0 0 0 0 0 0 0 0 0 0 0 0 0 0 0 0 0 0 0 0 0 0 0 0 0 0 0 0 0 0 0 0 0 0 0 0]
[1598842536082932281931866112192013279692344909662995145726753104834679901056149954908722942903757572130098828534546865830346044096304418521451990182541763107412414346399115072892911957118741275538914377269402157442631119363087296183661110281985401580401027 0 0 0 0 0 0 0 0 0 0 0 0 0 0 0 0 0 0 0 0 0 0 0 0 0 0 0 0 0 0 0 0 0 1 0 0 0 0 0 0 0 0 0 0 0 0 0 0 0 0 0 0 0 0 0 0 0 0 0 0 0 0 0 0 0 0 0 0 0 0 0 0 0 0 0 0 0 0 0 0 0 0 0 0]
[238169036271543935869152894481062354354712914380047388924247202597694352232231996998360685665438389652684634566587833178326429291923441347827045074077796740701389404925718980243409524518896160232025956929490103527989695388098567277012515042502947643542172 0 0 0 0 0 0 0 0 0 0 0 0 0 0 0 0 0 0 0 0 0 0 0 0 0 0 0 0 0 0 0 0 0 0 1 0 0 0 0 0 0 0 0 0 0 0 0 0 0 0 0 0 0 0 0 0 0 0 0 0 0 0 0 0 0 0 0 0 0 0 0 0 0 0 0 0 0 0 0 0 0 0 0 0]
[559709053793603728275927980716240407680582285084266048293093055317198423716307648627315045976657319730391680348353628147659054545094169899191098334061968373969748359085006926145060494045658192494259643507837355563235313149096779086971940434445007962978056 0 0 0 0 0 0 0 0 0 0 0 0 0 0 0 0 0 0 0 0 0 0 0 0 0 0 0 0 0 0 0 0 0 0 0 1 0 0 0 0 0 0 0 0 0 0 0 0 0 0 0 0 0 0 0 0 0 0 0 0 0 0 0 0 0 0 0 0 0 0 0 0 0 0 0 0 0 0 0 0 0 0 0 0]
[681007538525461844148548630937375311020173083360732086446291567847615373320644320173739959703496139748345410647609864120318752189501627015200950513914148463362708462712884031610932306634026294161402616399237306177712034622461247731628940089840690242443780 0 0 0 0 0 0 0 0 0 0 0 0 0 0 0 0 0 0 0 0 0 0 0 0 0 0 0 0 0 0 0 0 0 0 0 0 1 0 0 0 0 0 0 0 0 0 0 0 0 0 0 0 0 0 0 0 0 0 0 0 0 0 0 0 0 0 0 0 0 0 0 0 0 0 0 0 0 0 0 0 0 0 0 0]
[6368030474318384974898947947514858551118231826466501816092286641259893715745530544274381134077252599784254237042275831296022288730057349682092686471201338724918755364015821852578831312839849328531809832186505505865114598220259599691895905958958918555729168 0 0 0 0 0 0 0 0 0 0 0 0 0 0 0 0 0 0 0 0 0 0 0 0 0 0 0 0 0 0 0 0 0 0 0 0 0 1 0 0 0 0 0 0 0 0 0 0 0 0 0 0 0 0 0 0 0 0 0 0 0 0 0 0 0 0 0 0 0 0 0 0 0 0 0 0 0 0 0 0 0 0 0 0]
[2787946538109291311668505242149535771698532195791720174655407581601078559073121375078244867857425320265447737038258396784799705266997462000550406463835951059780913231507741180983863733817465498948983174105492937147735807224923238216510024056824335257611373 0 0 0 0 0 0 0 0 0 0 0 0 0 0 0 0 0 0 0 0 0 0 0 0 0 0 0 0 0 0 0 0 0 0 0 0 0 0 1 0 0 0 0 0 0 0 0 0 0 0 0 0 0 0 0 0 0 0 0 0 0 0 0 0 0 0 0 0 0 0 0 0 0 0 0 0 0 0 0 0 0 0 0 0]
[1250605374283301179448149691727691301708523870200514740624667625758535788466285505711457592376323930535817810447462904405912381695039070507683161252170809880799641873232282833555871106200522672087989904419024848463020181842998753764033601712196858013365177 0 0 0 0 0 0 0 0 0 0 0 0 0 0 0 0 0 0 0 0 0 0 0 0 0 0 0 0 0 0 0 0 0 0 0 0 0 0 0 1 0 0 0 0 0 0 0 0 0 0 0 0 0 0 0 0 0 0 0 0 0 0 0 0 0 0 0 0 0 0 0 0 0 0 0 0 0 0 0 0 0 0 0 0]
[5096068464685918075674782086747614996288720545631825270235285606828730497436369198400198623847712954611220241164092347527418502207794712317849070731635239385249878994508694955799053238352346004076027501002703120528030912750473533862887728378989155412335912 0 0 0 0 0 0 0 0 0 0 0 0 0 0 0 0 0 0 0 0 0 0 0 0 0 0 0 0 0 0 0 0 0 0 0 0 0 0 0 0 1 0 0 0 0 0 0 0 0 0 0 0 0 0 0 0 0 0 0 0 0 0 0 0 0 0 0 0 0 0 0 0 0 0 0 0 0 0 0 0 0 0 0 0]
[1536463369414141259230960671999308250673545151229896958873339341673825536274852460193011991593694503819945788304687165021587028540239964157565976935660259770834009885770264763927285473039638190412112405618139465578809536486993273999336303730302059516943248 0 0 0 0 0 0 0 0 0 0 0 0 0 0 0 0 0 0 0 0 0 0 0 0 0 0 0 0 0 0 0 0 0 0 0 0 0 0 0 0 0 1 0 0 0 0 0 0 0 0 0 0 0 0 0 0 0 0 0 0 0 0 0 0 0 0 0 0 0 0 0 0 0 0 0 0 0 0 0 0 0 0 0 0]
[5499475011934371704913913144104916489644465337924934747769451579327164312380138006878003588514095429206449341009834665114267700876750494246236785386045793276781973916531715104187131036396307720832363203761576157331927201008140534260689702042661922608335178 0 0 0 0 0 0 0 0 0 0 0 0 0 0 0 0 0 0 0 0 0 0 0 0 0 0 0 0 0 0 0 0 0 0 0 0 0 0 0 0 0 0 1 0 0 0 0 0 0 0 0 0 0 0 0 0 0 0 0 0 0 0 0 0 0 0 0 0 0 0 0 0 0 0 0 0 0 0 0 0 0 0 0 0]
[5033173813207080149012046729143709257725705773174495466007937241981460947146230878702873008740631331406045931877242180375466289100975852430078694726604586794820543569138557195949748447147578046847701484692511548910885510497546727367763759897343932718347857 0 0 0 0 0 0 0 0 0 0 0 0 0 0 0 0 0 0 0 0 0 0 0 0 0 0 0 0 0 0 0 0 0 0 0 0 0 0 0 0 0 0 0 1 0 0 0 0 0 0 0 0 0 0 0 0 0 0 0 0 0 0 0 0 0 0 0 0 0 0 0 0 0 0 0 0 0 0 0 0 0 0 0 0]
[5582863995145228743478621000761959574232249867990827233984178171613654240984305065674228155802476210051882954230732787573369850191250643086694102931870655132508046559758480366213358427465406562436213751483208485566884107888833930545939544896254728426187462 0 0 0 0 0 0 0 0 0 0 0 0 0 0 0 0 0 0 0 0 0 0 0 0 0 0 0 0 0 0 0 0 0 0 0 0 0 0 0 0 0 0 0 0 1 0 0 0 0 0 0 0 0 0 0 0 0 0 0 0 0 0 0 0 0 0 0 0 0 0 0 0 0 0 0 0 0 0 0 0 0 0 0 0]
[1850772117968014365569639772017796104205698843224995228478235139524637354726503760160360489049241708588373939365203089162440096057613216626277471114130365017175097968008988200265655451847326922992496600863333251494579062837590599735563548441495184437115760 0 0 0 0 0 0 0 0 0 0 0 0 0 0 0 0 0 0 0 0 0 0 0 0 0 0 0 0 0 0 0 0 0 0 0 0 0 0 0 0 0 0 0 0 0 1 0 0 0 0 0 0 0 0 0 0 0 0 0 0 0 0 0 0 0 0 0 0 0 0 0 0 0 0 0 0 0 0 0 0 0 0 0 0]
[4572535226401820514626147847926124494813037610781768249006777954049133532505501532425825403101430778183454176618184826651724989702146666095106897184154617581532633712347536798717269167058555389431825491754769796444526530448412291384979634531037420570021491 0 0 0 0 0 0 0 0 0 0 0 0 0 0 0 0 0 0 0 0 0 0 0 0 0 0 0 0 0 0 0 0 0 0 0 0 0 0 0 0 0 0 0 0 0 0 1 0 0 0 0 0 0 0 0 0 0 0 0 0 0 0 0 0 0 0 0 0 0 0 0 0 0 0 0 0 0 0 0 0 0 0 0 0]
[3763481836595337760301569103093634440855969417152491046308343401410228728749750380752586736642860471700872206939858699397884361817133014462255521175262337968023241646776215068344021190951519751043819526077180686229634336339852081838755812450107571121308081 0 0 0 0 0 0 0 0 0 0 0 0 0 0 0 0 0 0 0 0 0 0 0 0 0 0 0 0 0 0 0 0 0 0 0 0 0 0 0 0 0 0 0 0 0 0 0 1 0 0 0 0 0 0 0 0 0 0 0 0 0 0 0 0 0 0 0 0 0 0 0 0 0 0 0 0 0 0 0 0 0 0 0 0]
[1940138726043782036001636804038682328516797966104707120740001607858236383800927879861305830620517188949377600193067386796625732520905205168767076647326959766852810884494979184229418926548927443585708835737112446082939228203733678657965703452090778855903983 0 0 0 0 0 0 0 0 0 0 0 0 0 0 0 0 0 0 0 0 0 0 0 0 0 0 0 0 0 0 0 0 0 0 0 0 0 0 0 0 0 0 0 0 0 0 0 0 1 0 0 0 0 0 0 0 0 0 0 0 0 0 0 0 0 0 0 0 0 0 0 0 0 0 0 0 0 0 0 0 0 0 0 0]
[1691421300893144636963816337796822234188168220556061516988564049237164538449374112077004822317743808045616353006839177535336991675338729140095900672810950040227690025174128909733561366942039562733995695790281851147418758131869279699682560561800635939325879 0 0 0 0 0 0 0 0 0 0 0 0 0 0 0 0 0 0 0 0 0 0 0 0 0 0 0 0 0 0 0 0 0 0 0 0 0 0 0 0 0 0 0 0 0 0 0 0 0 1 0 0 0 0 0 0 0 0 0 0 0 0 0 0 0 0 0 0 0 0 0 0 0 0 0 0 0 0 0 0 0 0 0 0]
[1396430872720562962319792274760035203656156457629682875740474246187111813239000430666326822107032941001545741437519728765452569131214131421178669912720746799676971015001296441308026719259803432670774732532424747835109122792781591497503588397568390127154509 0 0 0 0 0 0 0 0 0 0 0 0 0 0 0 0 0 0 0 0 0 0 0 0 0 0 0 0 0 0 0 0 0 0 0 0 0 0 0 0 0 0 0 0 0 0 0 0 0 0 1 0 0 0 0 0 0 0 0 0 0 0 0 0 0 0 0 0 0 0 0 0 0 0 0 0 0 0 0 0 0 0 0 0]
[6870983262652510253328491050123747440539422214730480589135244524356273512040357037582148820378163951935029806805502030239486017615752503071051712788431777682614179931943714961172462050959905297682255960211889963545765279788940893819561788243352211882541073 0 0 0 0 0 0 0 0 0 0 0 0 0 0 0 0 0 0 0 0 0 0 0 0 0 0 0 0 0 0 0 0 0 0 0 0 0 0 0 0 0 0 0 0 0 0 0 0 0 0 0 1 0 0 0 0 0 0 0 0 0 0 0 0 0 0 0 0 0 0 0 0 0 0 0 0 0 0 0 0 0 0 0 0]
[2966462227936890424463737376469133605885221715901707819363579871398745209223307875966589080518326289786255342741405481711880788006654464670051241470912626676232761443217895677523696589207059582652504567013758356438864408508147525088047270246525870848411308 0 0 0 0 0 0 0 0 0 0 0 0 0 0 0 0 0 0 0 0 0 0 0 0 0 0 0 0 0 0 0 0 0 0 0 0 0 0 0 0 0 0 0 0 0 0 0 0 0 0 0 0 1 0 0 0 0 0 0 0 0 0 0 0 0 0 0 0 0 0 0 0 0 0 0 0 0 0 0 0 0 0 0 0]
[4228686581979460875175586893486973849908146538659142620036366437131333994253292239246102811404621741627519680393679153318558440472101921573701330135924361418520536889347197901683263456593815971019790433323492848585014696762471906582067887121406524785499567 0 0 0 0 0 0 0 0 0 0 0 0 0 0 0 0 0 0 0 0 0 0 0 0 0 0 0 0 0 0 0 0 0 0 0 0 0 0 0 0 0 0 0 0 0 0 0 0 0 0 0 0 0 1 0 0 0 0 0 0 0 0 0 0 0 0 0 0 0 0 0 0 0 0 0 0 0 0 0 0 0 0 0 0]
[2020648999957468160115466883384817332087566113619078320758026584656685217817604559022247132828389010750629326011508711469460431023879262538691472270782179365118046993329533847732104068990527461131665851587689988177549913383089489773709466218087577125452378 0 0 0 0 0 0 0 0 0 0 0 0 0 0 0 0 0 0 0 0 0 0 0 0 0 0 0 0 0 0 0 0 0 0 0 0 0 0 0 0 0 0 0 0 0 0 0 0 0 0 0 0 0 0 1 0 0 0 0 0 0 0 0 0 0 0 0 0 0 0 0 0 0 0 0 0 0 0 0 0 0 0 0 0]
[1522358277055855565551335264796031596926853522636072218174060464436380995203166567780472401472033830785803730114117885629656995612709575984224007695017008976714420142682027467076589986052536519814342588237194671331774490904134418699996124933753529540170749 0 0 0 0 0 0 0 0 0 0 0 0 0 0 0 0 0 0 0 0 0 0 0 0 0 0 0 0 0 0 0 0 0 0 0 0 0 0 0 0 0 0 0 0 0 0 0 0 0 0 0 0 0 0 0 1 0 0 0 0 0 0 0 0 0 0 0 0 0 0 0 0 0 0 0 0 0 0 0 0 0 0 0 0]
[5655744659550937396488811780733248931633234444988510888297887895973287330150036292505416331753993099689019553949193450262848975685227064862635066233926829546143594225873834008962531342108287750262349855284150997826681633283140579361922278910227495209411068 0 0 0 0 0 0 0 0 0 0 0 0 0 0 0 0 0 0 0 0 0 0 0 0 0 0 0 0 0 0 0 0 0 0 0 0 0 0 0 0 0 0 0 0 0 0 0 0 0 0 0 0 0 0 0 0 1 0 0 0 0 0 0 0 0 0 0 0 0 0 0 0 0 0 0 0 0 0 0 0 0 0 0 0]
[189588594097413286530685194333641287143936451157063780628887169847838515175252937204032912935448549606806064289429091154179527331418625551744525018391409922288485515883946563937831867809850123836756447131729411569300544808621995362163352243370297347484274 0 0 0 0 0 0 0 0 0 0 0 0 0 0 0 0 0 0 0 0 0 0 0 0 0 0 0 0 0 0 0 0 0 0 0 0 0 0 0 0 0 0 0 0 0 0 0 0 0 0 0 0 0 0 0 0 0 1 0 0 0 0 0 0 0 0 0 0 0 0 0 0 0 0 0 0 0 0 0 0 0 0 0 0]
[4746094268757324405981705731825327946747809844626235763856787647139042451131800414412846384303751812534519042414623834742007698030502260806478697272251874930111003356280764498123975295800780908565987613221442349788430323960995170776472664911071758004076954 0 0 0 0 0 0 0 0 0 0 0 0 0 0 0 0 0 0 0 0 0 0 0 0 0 0 0 0 0 0 0 0 0 0 0 0 0 0 0 0 0 0 0 0 0 0 0 0 0 0 0 0 0 0 0 0 0 0 1 0 0 0 0 0 0 0 0 0 0 0 0 0 0 0 0 0 0 0 0 0 0 0 0 0]
[109891202936073128983112457368098175281033792008708631508399363694405205102656264159039814772951624811541514645216537103718261631054989199544463356267402156937165836288525736315900434433448906166849485482928515740234037839407902136932696124091077679066949 0 0 0 0 0 0 0 0 0 0 0 0 0 0 0 0 0 0 0 0 0 0 0 0 0 0 0 0 0 0 0 0 0 0 0 0 0 0 0 0 0 0 0 0 0 0 0 0 0 0 0 0 0 0 0 0 0 0 0 1 0 0 0 0 0 0 0 0 0 0 0 0 0 0 0 0 0 0 0 0 0 0 0 0]
[6879305013125695896477469597520805203967179769132319558887205297983262536274798700642409662636622192244566799231734262810751696230239895934947236557932833351793023370259740783120492844192816881636200723720767559402431819292351249518934718759546924138403005 0 0 0 0 0 0 0 0 0 0 0 0 0 0 0 0 0 0 0 0 0 0 0 0 0 0 0 0 0 0 0 0 0 0 0 0 0 0 0 0 0 0 0 0 0 0 0 0 0 0 0 0 0 0 0 0 0 0 0 0 1 0 0 0 0 0 0 0 0 0 0 0 0 0 0 0 0 0 0 0 0 0 0 0]
[2931825106664478976829153147690471798965895506978587511308123582449478351282305317872722626074908431996064651187415526217393326428344427276831716245010032797691653686623142740597924782554909772421586758714455811792297128457554664307370545451644740998576350 0 0 0 0 0 0 0 0 0 0 0 0 0 0 0 0 0 0 0 0 0 0 0 0 0 0 0 0 0 0 0 0 0 0 0 0 0 0 0 0 0 0 0 0 0 0 0 0 0 0 0 0 0 0 0 0 0 0 0 0 0 1 0 0 0 0 0 0 0 0 0 0 0 0 0 0 0 0 0 0 0 0 0 0]
[5943087614647136945868998126466183815327390564212297011048356555660030318277378379230396287901134514736137180886882979170970181247457373933830910514597557509922934019527726698242218828105273539799426572815952026531288056720627934022374033353107453484973973 0 0 0 0 0 0 0 0 0 0 0 0 0 0 0 0 0 0 0 0 0 0 0 0 0 0 0 0 0 0 0 0 0 0 0 0 0 0 0 0 0 0 0 0 0 0 0 0 0 0 0 0 0 0 0 0 0 0 0 0 0 0 1 0 0 0 0 0 0 0 0 0 0 0 0 0 0 0 0 0 0 0 0 0]
[1096454038387052246910500483327467043226308737938649208671316982725231437042996204823956939926768945226085441566129968482624541280647837618489512264798835586473519425801191188218554728468765746858200667905289408571384433962778590081863610764345762567234306 0 0 0 0 0 0 0 0 0 0 0 0 0 0 0 0 0 0 0 0 0 0 0 0 0 0 0 0 0 0 0 0 0 0 0 0 0 0 0 0 0 0 0 0 0 0 0 0 0 0 0 0 0 0 0 0 0 0 0 0 0 0 0 1 0 0 0 0 0 0 0 0 0 0 0 0 0 0 0 0 0 0 0 0]
[4602540148329096894068119798899852526988022201242417657747549240737935844648074130453227111895963493481857591539209125488522256405191753391456711511449216701987446374947854188520819736172406601956055175096646407041441872798864096106815814192281502798889842 0 0 0 0 0 0 0 0 0 0 0 0 0 0 0 0 0 0 0 0 0 0 0 0 0 0 0 0 0 0 0 0 0 0 0 0 0 0 0 0 0 0 0 0 0 0 0 0 0 0 0 0 0 0 0 0 0 0 0 0 0 0 0 0 1 0 0 0 0 0 0 0 0 0 0 0 0 0 0 0 0 0 0 0]
[1499762660946065263806915853487306885853363177261177412290135405821817257211792047769065618816699347426242324806061780690190932211701664521188973204790709155337707769043124576957771617932180426007463147425402166332504171209708605997178600974563602884657288 0 0 0 0 0 0 0 0 0 0 0 0 0 0 0 0 0 0 0 0 0 0 0 0 0 0 0 0 0 0 0 0 0 0 0 0 0 0 0 0 0 0 0 0 0 0 0 0 0 0 0 0 0 0 0 0 0 0 0 0 0 0 0 0 0 1 0 0 0 0 0 0 0 0 0 0 0 0 0 0 0 0 0 0]
[1275274311253430583942918345169877199620789751068691581555704831306373618506703262846785566557849691986744525465764985529938809442145911069462376426601776772957708058162193931476905220506307161194371391007073166677551773165041539837050371619631223972225475 0 0 0 0 0 0 0 0 0 0 0 0 0 0 0 0 0 0 0 0 0 0 0 0 0 0 0 0 0 0 0 0 0 0 0 0 0 0 0 0 0 0 0 0 0 0 0 0 0 0 0 0 0 0 0 0 0 0 0 0 0 0 0 0 0 0 1 0 0 0 0 0 0 0 0 0 0 0 0 0 0 0 0 0]
[3768476003987013896679296419288236010926535239347157685128882422480844094648307637109874923560971931531878678554140647902220007156971794128556658960112224992803145195040011153525548732658099024403828550417495981963720105983017200114110992611286782632941143 0 0 0 0 0 0 0 0 0 0 0 0 0 0 0 0 0 0 0 0 0 0 0 0 0 0 0 0 0 0 0 0 0 0 0 0 0 0 0 0 0 0 0 0 0 0 0 0 0 0 0 0 0 0 0 0 0 0 0 0 0 0 0 0 0 0 0 1 0 0 0 0 0 0 0 0 0 0 0 0 0 0 0 0]
[1009156930844000859177849839637129654216803166397135253830966054626174597470360127947764596547007504256481318920409426714198762142712770359164743975253052942442598871752919796401912081462767806557727401362567700165906404704402132153293599239224199668464078 0 0 0 0 0 0 0 0 0 0 0 0 0 0 0 0 0 0 0 0 0 0 0 0 0 0 0 0 0 0 0 0 0 0 0 0 0 0 0 0 0 0 0 0 0 0 0 0 0 0 0 0 0 0 0 0 0 0 0 0 0 0 0 0 0 0 0 0 1 0 0 0 0 0 0 0 0 0 0 0 0 0 0 0]
[4943244998584907859007923601966334451834581854578091675011893072458785758542931035100920401218412568697383924646417507316526761310689250079538064866232392596455921752412008094936545537291952620549543005499790707176770838817077996171691930943335628423897037 0 0 0 0 0 0 0 0 0 0 0 0 0 0 0 0 0 0 0 0 0 0 0 0 0 0 0 0 0 0 0 0 0 0 0 0 0 0 0 0 0 0 0 0 0 0 0 0 0 0 0 0 0 0 0 0 0 0 0 0 0 0 0 0 0 0 0 0 0 1 0 0 0 0 0 0 0 0 0 0 0 0 0 0]
[512079473623489584543309058261000128309671643391413899832554794281038341340144023664718342253852394923130964730449279700668126350625353952548714669128807590816546557699526776150598793424213171490743490980473532793309673761690212253777073458574641764235446 0 0 0 0 0 0 0 0 0 0 0 0 0 0 0 0 0 0 0 0 0 0 0 0 0 0 0 0 0 0 0 0 0 0 0 0 0 0 0 0 0 0 0 0 0 0 0 0 0 0 0 0 0 0 0 0 0 0 0 0 0 0 0 0 0 0 0 0 0 0 1 0 0 0 0 0 0 0 0 0 0 0 0 0]
[3574127520665958208034123670532740410259889360903353598444234387374642189054971486414357909035014131393596851906273696621284381705932589535515167331769556045524148241788951335723617613683362215672820309068027133259636919125889794728310617293776043445469868 0 0 0 0 0 0 0 0 0 0 0 0 0 0 0 0 0 0 0 0 0 0 0 0 0 0 0 0 0 0 0 0 0 0 0 0 0 0 0 0 0 0 0 0 0 0 0 0 0 0 0 0 0 0 0 0 0 0 0 0 0 0 0 0 0 0 0 0 0 0 0 1 0 0 0 0 0 0 0 0 0 0 0 0]
[5752264494957847340065315935153319876470872701428904132056283539214242632709083126559969240988109671640938432756263873433383468126433474516160223608892224304215136907937702542016810135432136371419337062163256923264134479926539760270711338692655683691961821 0 0 0 0 0 0 0 0 0 0 0 0 0 0 0 0 0 0 0 0 0 0 0 0 0 0 0 0 0 0 0 0 0 0 0 0 0 0 0 0 0 0 0 0 0 0 0 0 0 0 0 0 0 0 0 0 0 0 0 0 0 0 0 0 0 0 0 0 0 0 0 0 1 0 0 0 0 0 0 0 0 0 0 0]
[6241567668731464231346789906502618094926948189460372354016027553014667026732621759986026604399921682151075511798154152133421832744600004983132443800563520947748479531622726337015399797491933330074274699272402655245815152517011087080549413071117552940326940 0 0 0 0 0 0 0 0 0 0 0 0 0 0 0 0 0 0 0 0 0 0 0 0 0 0 0 0 0 0 0 0 0 0 0 0 0 0 0 0 0 0 0 0 0 0 0 0 0 0 0 0 0 0 0 0 0 0 0 0 0 0 0 0 0 0 0 0 0 0 0 0 0 1 0 0 0 0 0 0 0 0 0 0]
[6418740327216438905993678867137397074008786822810312368779421015422792810401438542746398363040898304622882666407538777789771142263958114138805490722310228976022717158953884332091835847907664304443973133008579808149286213310594307792123275102747207670592277 0 0 0 0 0 0 0 0 0 0 0 0 0 0 0 0 0 0 0 0 0 0 0 0 0 0 0 0 0 0 0 0 0 0 0 0 0 0 0 0 0 0 0 0 0 0 0 0 0 0 0 0 0 0 0 0 0 0 0 0 0 0 0 0 0 0 0 0 0 0 0 0 0 0 1 0 0 0 0 0 0 0 0 0]
[4267580852362841752321105513332242899076482230467780046860273287834018846253049235798286461783377660409903067823494903965444036640108379930339419837949643932762847805076918132685141849251779543303241770497674644536631213816056030615596008668493334252557601 0 0 0 0 0 0 0 0 0 0 0 0 0 0 0 0 0 0 0 0 0 0 0 0 0 0 0 0 0 0 0 0 0 0 0 0 0 0 0 0 0 0 0 0 0 0 0 0 0 0 0 0 0 0 0 0 0 0 0 0 0 0 0 0 0 0 0 0 0 0 0 0 0 0 0 1 0 0 0 0 0 0 0 0]
[1178163612938991076584646633969151193039279768863630618658051505996622599310616489843676327866839366327845631771006526228890996692599933798393025306697071168942429203327067146903163325423027903494621232177888945526208705778408327335861379408196609213188419 0 0 0 0 0 0 0 0 0 0 0 0 0 0 0 0 0 0 0 0 0 0 0 0 0 0 0 0 0 0 0 0 0 0 0 0 0 0 0 0 0 0 0 0 0 0 0 0 0 0 0 0 0 0 0 0 0 0 0 0 0 0 0 0 0 0 0 0 0 0 0 0 0 0 0 0 1 0 0 0 0 0 0 0]
[5716979450404307765282815250758064338681035449075296313969537666339990136780579379066685883029365369278236423868964702321398655293186136027817024821052454300313412985000918180008408736518979591753527530947284219639242054547590166116908838387519198280625363 0 0 0 0 0 0 0 0 0 0 0 0 0 0 0 0 0 0 0 0 0 0 0 0 0 0 0 0 0 0 0 0 0 0 0 0 0 0 0 0 0 0 0 0 0 0 0 0 0 0 0 0 0 0 0 0 0 0 0 0 0 0 0 0 0 0 0 0 0 0 0 0 0 0 0 0 0 1 0 0 0 0 0 0]
[5629456019564875346402454111433740164946493806512089595972400034434738822547177136477726141409094981566825922185562128015353605122171098548324555128440614653183945973061708314213858136732333985421190059152081728795742343878574474284982037889471516884129618 0 0 0 0 0 0 0 0 0 0 0 0 0 0 0 0 0 0 0 0 0 0 0 0 0 0 0 0 0 0 0 0 0 0 0 0 0 0 0 0 0 0 0 0 0 0 0 0 0 0 0 0 0 0 0 0 0 0 0 0 0 0 0 0 0 0 0 0 0 0 0 0 0 0 0 0 0 0 1 0 0 0 0 0]
[6477202342126936132826623414470368084837711810308847839532341091588914543977300300850770176689685342131699438862677978197060542077023592773998731285982373668762686011858132610814367947300682090537453262889561501956841188806074376026358038224857846570501603 0 0 0 0 0 0 0 0 0 0 0 0 0 0 0 0 0 0 0 0 0 0 0 0 0 0 0 0 0 0 0 0 0 0 0 0 0 0 0 0 0 0 0 0 0 0 0 0 0 0 0 0 0 0 0 0 0 0 0 0 0 0 0 0 0 0 0 0 0 0 0 0 0 0 0 0 0 0 0 1 0 0 0 0]
[3573598843372408130310893514356673250072131725685690900398221035282967154649722981611966597187934626695507233525725464878098579791220465728116798671703159876443291574235705525723852913654109587469403335562280868701674037609693335696658636813805759466346257 0 0 0 0 0 0 0 0 0 0 0 0 0 0 0 0 0 0 0 0 0 0 0 0 0 0 0 0 0 0 0 0 0 0 0 0 0 0 0 0 0 0 0 0 0 0 0 0 0 0 0 0 0 0 0 0 0 0 0 0 0 0 0 0 0 0 0 0 0 0 0 0 0 0 0 0 0 0 0 0 1 0 0 0]
[2653993690261156979468443090852545121076615706244610090963697497882672295003078381053254869036512686384460933963588807436258896952124221947740802625469407089553476994113546923711841742675863074312334391736552920807094850030515711019283045795501646480509611 0 0 0 0 0 0 0 0 0 0 0 0 0 0 0 0 0 0 0 0 0 0 0 0 0 0 0 0 0 0 0 0 0 0 0 0 0 0 0 0 0 0 0 0 0 0 0 0 0 0 0 0 0 0 0 0 0 0 0 0 0 0 0 0 0 0 0 0 0 0 0 0 0 0 0 0 0 0 0 0 0 1 0 0]
[5504247284358727501410530618400292113797103981453171614012641006338366609269683228499732414073804359070362969155375621744044518151184542205184001495539002830163465505045615292273397838603968124815155372847225609217144611182534724246642948342759121014323427 0 0 0 0 0 0 0 0 0 0 0 0 0 0 0 0 0 0 0 0 0 0 0 0 0 0 0 0 0 0 0 0 0 0 0 0 0 0 0 0 0 0 0 0 0 0 0 0 0 0 0 0 0 0 0 0 0 0 0 0 0 0 0 0 0 0 0 0 0 0 0 0 0 0 0 0 0 0 0 0 0 0 1 0]
[4876282625073991406149283671188371660043235958783092266920703712827933886982390780249023075772216170936394664851758217541570758044559302396855808735961957853669197051176949426557867870750538540273336434386253947755386662236994473766280493302071190410649682 0 0 0 0 0 0 0 0 0 0 0 0 0 0 0 0 0 0 0 0 0 0 0 0 0 0 0 0 0 0 0 0 0 0 0 0 0 0 0 0 0 0 0 0 0 0 0 0 0 0 0 0 0 0 0 0 0 0 0 0 0 0 0 0 0 0 0 0 0 0 0 0 0 0 0 0 0 0 0 0 0 0 0 1]
]
