[[5933553663488552013628162056071500724063974723778489014391499647695079534565842483502926934803845135396037236659043439926089692326111250302714502012076834720677745753060373310786917178598138471402372681034476806673986758084915025935903221008277470254929307 0 0 0 0 0 0 0 0 0 0 0 0 0 0 0 0 0 0 0 0 0 0 0 0 0 0 0 0 0 0 0 0 0 0 0 0 0 0 0 0 0 0 0 0 0 0 0 0 0 0 0 0 0 0 0 0 0 0 0 0 0 0 0 0 0 0 0 0 0 0 0 0 0 0 0 0 0 0 0 0 0 0 0 0]
[1400016364891589328962410047833539636807493643013095075760273976081574911662621385179858371286663618411972013134180514355065595803391845986458870898568705506429968939645490673864789540663983873626616145277065921047508779388208135559415491678746765421533099 1 0 0 0 0 0 0 0 0 0 0 0 0 0 0 0 0 0 0 0 0 0 0 0 0 0 0 0 0 0 0 0 0 0 0 0 0 0 0 0 0 0 0 0 0 0 0 0 0 0 0 0 0 0 0 0 0 0 0 0 0 0 0 0 0 0 0 0 0 0 0 0 0 0 0 0 0 0 0 0 0 0 0 0]
[5855907023970118940960139523618957394568703000442422618933023461410777651032308458590911078359747693965388764546121989586899198073213529032951371874547688371989533292780841025090075068537313178109364073327401841565125348348661263349195215014818331370057246 0 1 0 0 0 0 0 0 0 0 0 0 0 0 0 0 0 0 0 0 0 0 0 0 0 0 0 0 0 0 0 0 0 0 0 0 0 0 0 0 0 0 0 0 0 0 0 0 0 0 0 0 0 0 0 0 0 0 0 0 0 0 0 0 0 0 0 0 0 0 0 0 0 0 0 0 0 0 0 0 0 0 0 0]
[5896034212352783327746989759789365528469258734803071487387572027609822794699152478072427795038117356007500143867082393766615211215727021389724930465890173170536106709943678826651629525646953705102735721176028540468281195097586155464201252556664510717778972 0 0 1 0 0 0 0 0 0 0 0 0 0 0 0 0 0 0 0 0 0 0 0 0 0 0 0 0 0 0 0 0 0 0 0 0 0 0 0 0 0 0 0 0 0 0 0 0 0 0 0 0 0 0 0 0 0 0 0 0 0 0 0 0 0 0 0 0 0 0 0 0 0 0 0 0 0 0 0 0 0 0 0 0]
[3519146672677198389500344758244437587534325781234154778661085510024928179089415367535094697883073195112256520471051709854501227683172597638811522481504426209609638060731400884877875412747848578519895589820876614408168784949953727317313413959536809219010122 0 0 0 1 0 0 0 0 0 0 0 0 0 0 0 0 0 0 0 0 0 0 0 0 0 0 0 0 0 0 0 0 0 0 0 0 0 0 0 0 0 0 0 0 0 0 0 0 0 0 0 0 0 0 0 0 0 0 0 0 0 0 0 0 0 0 0 0 0 0 0 0 0 0 0 0 0 0 0 0 0 0 0 0]
[1643194070484046831204084717466956886502445909253324147322669994163955587621228921885153163656999896367232491000382230659927455685216815462744258542685410648890124817288448860357988512821488759775023318060444934516617604274245813236099484050635685533340100 0 0 0 0 1 0 0 0 0 0 0 0 0 0 0 0 0 0 0 0 0 0 0 0 0 0 0 0 0 0 0 0 0 0 0 0 0 0 0 0 0 0 0 0 0 0 0 0 0 0 0 0 0 0 0 0 0 0 0 0 0 0 0 0 0 0 0 0 0 0 0 0 0 0 0 0 0 0 0 0 0 0 0 0]
[5424163831798255982521591983478541642181952526690620398174506281581427673132120917021447972284021061739859914393927539718381355395647464564374651876770840595264131856741221876047963900702875213963836443269789099919150352147130742785998760889066253317815609 0 0 0 0 0 1 0 0 0 0 0 0 0 0 0 0 0 0 0 0 0 0 0 0 0 0 0 0 0 0 0 0 0 0 0 0 0 0 0 0 0 0 0 0 0 0 0 0 0 0 0 0 0 0 0 0 0 0 0 0 0 0 0 0 0 0 0 0 0 0 0 0 0 0 0 0 0 0 0 0 0 0 0 0]
[281624869383872938133484815650860773122407820992262543925662411781108829812875598446073748314628786198780645966382306283108037476031058809520600100674924147448308363459885316053815925350763364930872766418034662253420136820315249261120060883472732002176445 0 0 0 0 0 0 1 0 0 0 0 0 0 0 0 0 0 0 0 0 0 0 0 0 0 0 0 0 0 0 0 0 0 0 0 0 0 0 0 0 0 0 0 0 0 0 0 0 0 0 0 0 0 0 0 0 0 0 0 0 0 0 0 0 0 0 0 0 0 0 0 0 0 0 0 0 0 0 0 0 0 0 0 0]
[4910734751882764811167738038926083084993580342885885006101833878651137666240416167744438072242369600448303950410026965685482356741568886219611630319880571093621734361691914443193240061353931152017589151137575890252347785311578930350468366935089707298420049 0 0 0 0 0 0 0 1 0 0 0 0 0 0 0 0 0 0 0 0 0 0 0 0 0 0 0 0 0 0 0 0 0 0 0 0 0 0 0 0 0 0 0 0 0 0 0 0 0 0 0 0 0 0 0 0 0 0 0 0 0 0 0 0 0 0 0 0 0 0 0 0 0 0 0 0 0 0 0 0 0 0 0 0]
[192446613102357186842028334862395053485273145124191897643584855452044976455772337777871087340370990339430150863163100914505960785980928281975243732957660282734960999899959991198181846884670315819689460100038286350612833531571518493466541885257824501481703 0 0 0 0 0 0 0 0 1 0 0 0 0 0 0 0 0 0 0 0 0 0 0 0 0 0 0 0 0 0 0 0 0 0 0 0 0 0 0 0 0 0 0 0 0 0 0 0 0 0 0 0 0 0 0 0 0 0 0 0 0 0 0 0 0 0 0 0 0 0 0 0 0 0 0 0 0 0 0 0 0 0 0 0]
[5312199709524024687795747003726924630583975516885472737158800897896076760546421668987899540785932597338552775496463441060701747927306477226510740027466758019440042333367697524446175903669241625738459607490041583933279539518828584506914543894515591444884295 0 0 0 0 0 0 0 0 0 1 0 0 0 0 0 0 0 0 0 0 0 0 0 0 0 0 0 0 0 0 0 0 0 0 0 0 0 0 0 0 0 0 0 0 0 0 0 0 0 0 0 0 0 0 0 0 0 0 0 0 0 0 0 0 0 0 0 0 0 0 0 0 0 0 0 0 0 0 0 0 0 0 0 0]
[1686361745086029620248293767303290031894677317297374463158454167083993890772755606543806466727919401088587362111155837894860760571165076835422835425665387341068589803174395243916152825227810100454308552460805895174723057344880059561298937021139020350993519 0 0 0 0 0 0 0 0 0 0 1 0 0 0 0 0 0 0 0 0 0 0 0 0 0 0 0 0 0 0 0 0 0 0 0 0 0 0 0 0 0 0 0 0 0 0 0 0 0 0 0 0 0 0 0 0 0 0 0 0 0 0 0 0 0 0 0 0 0 0 0 0 0 0 0 0 0 0 0 0 0 0 0 0]
[2469374594958439855072252919992225734388154270722423718210115325779423102710858845476010291379102806171884939969430575611573783381117220266543491508904772585812421218113091526523953705592505321220226051926390978304844285724921256949195275538100511697265490 0 0 0 0 0 0 0 0 0 0 0 1 0 0 0 0 0 0 0 0 0 0 0 0 0 0 0 0 0 0 0 0 0 0 0 0 0 0 0 0 0 0 0 0 0 0 0 0 0 0 0 0 0 0 0 0 0 0 0 0 0 0 0 0 0 0 0 0 0 0 0 0 0 0 0 0 0 0 0 0 0 0 0 0]
[1114999061244207191954127546119282359335059143698201857427575343270297772082799750386822586841156005077406117553621634073809503405838475558311277861426206224939239477259357068793851843441094100224754671664189221740911797993513981459390276765175054137744494 0 0 0 0 0 0 0 0 0 0 0 0 1 0 0 0 0 0 0 0 0 0 0 0 0 0 0 0 0 0 0 0 0 0 0 0 0 0 0 0 0 0 0 0 0 0 0 0 0 0 0 0 0 0 0 0 0 0 0 0 0 0 0 0 0 0 0 0 0 0 0 0 0 0 0 0 0 0 0 0 0 0 0 0]
[2015591167366739390913144065691958120785405060555008050597762142749564621411018300069161230176089482385678578565097498074174606214133062540765756168921642273968940125648367654418594094162593449034441274686616168201012059139050039579924879722286987712390803 0 0 0 0 0 0 0 0 0 0 0 0 0 1 0 0 0 0 0 0 0 0 0 0 0 0 0 0 0 0 0 0 0 0 0 0 0 0 0 0 0 0 0 0 0 0 0 0 0 0 0 0 0 0 0 0 0 0 0 0 0 0 0 0 0 0 0 0 0 0 0 0 0 0 0 0 0 0 0 0 0 0 0 0]
[1826225632764432411098600097897257353240892408838638523116959307121106080559600502018188101115104577703376346006980715207981074266807900084416906159623769395133332666437623946871401946946650504540232313651895101569481165470653046860659098084216268664344960 0 0 0 0 0 0 0 0 0 0 0 0 0 0 1 0 0 0 0 0 0 0 0 0 0 0 0 0 0 0 0 0 0 0 0 0 0 0 0 0 0 0 0 0 0 0 0 0 0 0 0 0 0 0 0 0 0 0 0 0 0 0 0 0 0 0 0 0 0 0 0 0 0 0 0 0 0 0 0 0 0 0 0 0]
[4440333516380259211679403774834715531629273751987891491674032538485222000293844274975970124541401381418157438979401368199657380051917167372496969016867234918579767656748767709142467826026973244708866970873624305071692982535165270596394498512383587983523532 0 0 0 0 0 0 0 0 0 0 0 0 0 0 0 1 0 0 0 0 0 0 0 0 0 0 0 0 0 0 0 0 0 0 0 0 0 0 0 0 0 0 0 0 0 0 0 0 0 0 0 0 0 0 0 0 0 0 0 0 0 0 0 0 0 0 0 0 0 0 0 0 0 0 0 0 0 0 0 0 0 0 0 0]
[2788605328444138302884274761496908200730597424039302345351206976130917591055050682724670489300473831574455346767736310181640376839289023336220466498715724005877320332313198852616398634191896168821202299438441775537124387868254567787500186350916499109784810 0 0 0 0 0 0 0 0 0 0 0 0 0 0 0 0 1 0 0 0 0 0 0 0 0 0 0 0 0 0 0 0 0 0 0 0 0 0 0 0 0 0 0 0 0 0 0 0 0 0 0 0 0 0 0 0 0 0 0 0 0 0 0 0 0 0 0 0 0 0 0 0 0 0 0 0 0 0 0 0 0 0 0 0]
[5657310578970842512267209279407724306251956325903591129664720798278019860970979790740938662925886446303480884886615928663961281208327611137299669224824001065954186035692388848112040587422555733210608951569630414560166867297817044737937691077190924190004213 0 0 0 0 0 0 0 0 0 0 0 0 0 0 0 0 0 1 0 0 0 0 0 0 0 0 0 0 0 0 0 0 0 0 0 0 0 0 0 0 0 0 0 0 0 0 0 0 0 0 0 0 0 0 0 0 0 0 0 0 0 0 0 0 0 0 0 0 0 0 0 0 0 0 0 0 0 0 0 0 0 0 0 0]
[1389949784803943286413497948786622504850818899510617220457178654933048644256339309395405203791787473797810367428780159897789054472633065866078722764611321789333180401702031595232402660707592996093811903678480954289623978137547632400185821230458906085812046 0 0 0 0 0 0 0 0 0 0 0 0 0 0 0 0 0 0 1 0 0 0 0 0 0 0 0 0 0 0 0 0 0 0 0 0 0 0 0 0 0 0 0 0 0 0 0 0 0 0 0 0 0 0 0 0 0 0 0 0 0 0 0 0 0 0 0 0 0 0 0 0 0 0 0 0 0 0 0 0 0 0 0 0]
[5858288579620082186140134619959115029409111629589843686788929298206691925217759520410720327871844905700862773847175287673563317489341938112069624555427215500871143425723877232218393435397233626890167583512745260997867978497018299903062235873491044087272763 0 0 0 0 0 0 0 0 0 0 0 0 0 0 0 0 0 0 0 1 0 0 0 0 0 0 0 0 0 0 0 0 0 0 0 0 0 0 0 0 0 0 0 0 0 0 0 0 0 0 0 0 0 0 0 0 0 0 0 0 0 0 0 0 0 0 0 0 0 0 0 0 0 0 0 0 0 0 0 0 0 0 0 0]
[4914808295538805274416845695408960836804789203736895806301440514898987810685618024196442825811186541797128365681877262399691835478238265697336182078824364959139155436123808558918652652528234649322038680293373617683349842906327909699214599514327559590007863 0 0 0 0 0 0 0 0 0 0 0 0 0 0 0 0 0 0 0 0 1 0 0 0 0 0 0 0 0 0 0 0 0 0 0 0 0 0 0 0 0 0 0 0 0 0 0 0 0 0 0 0 0 0 0 0 0 0 0 0 0 0 0 0 0 0 0 0 0 0 0 0 0 0 0 0 0 0 0 0 0 0 0 0]
[2934928951730152265361277987620589126692643314870488708774301847704050808582647612400172639128371967088191896675444113605967996397415664595256415945743971519422041895575835742915317844258121725023182734844893301225509890725616943612210219991721015977404314 0 0 0 0 0 0 0 0 0 0 0 0 0 0 0 0 0 0 0 0 0 1 0 0 0 0 0 0 0 0 0 0 0 0 0 0 0 0 0 0 0 0 0 0 0 0 0 0 0 0 0 0 0 0 0 0 0 0 0 0 0 0 0 0 0 0 0 0 0 0 0 0 0 0 0 0 0 0 0 0 0 0 0 0]
[4839489176011313784810849021105633743052528648491957420238402277947507420340401812311780080229683142430151236780115319999215706138236599213502510690676394206404075049621083570379494381375573524435778176590435239246770988296768070878579033126625380963961299 0 0 0 0 0 0 0 0 0 0 0 0 0 0 0 0 0 0 0 0 0 0 1 0 0 0 0 0 0 0 0 0 0 0 0 0 0 0 0 0 0 0 0 0 0 0 0 0 0 0 0 0 0 0 0 0 0 0 0 0 0 0 0 0 0 0 0 0 0 0 0 0 0 0 0 0 0 0 0 0 0 0 0 0]
[4598803291879886654380972844613050310622884968485208974241555758428309253034786066799345668550632013535522640715289328535209861208726545344329796192194981612508315170091162129623389516635970885455070938544301374774730692302967431653955597096015216037994839 0 0 0 0 0 0 0 0 0 0 0 0 0 0 0 0 0 0 0 0 0 0 0 1 0 0 0 0 0 0 0 0 0 0 0 0 0 0 0 0 0 0 0 0 0 0 0 0 0 0 0 0 0 0 0 0 0 0 0 0 0 0 0 0 0 0 0 0 0 0 0 0 0 0 0 0 0 0 0 0 0 0 0 0]
[632615793669312364701144388268490760962534881376568780573844141755488521078144143371440246511258492061480209182554577183032499558859917758138952698411884437715758453462232914011953905690825999403564775878927021989375359379364917994530954554316797678406266 0 0 0 0 0 0 0 0 0 0 0 0 0 0 0 0 0 0 0 0 0 0 0 0 1 0 0 0 0 0 0 0 0 0 0 0 0 0 0 0 0 0 0 0 0 0 0 0 0 0 0 0 0 0 0 0 0 0 0 0 0 0 0 0 0 0 0 0 0 0 0 0 0 0 0 0 0 0 0 0 0 0 0 0]
[4125463421256329299870652428307117882708193366344892183232651145711536250334564283111154495333486704801317116620717226638580907236453674332450538974649045168976182834826092158346845362177105635375583656007113901099208384282421317963557477625363422744452012 0 0 0 0 0 0 0 0 0 0 0 0 0 0 0 0 0 0 0 0 0 0 0 0 0 1 0 0 0 0 0 0 0 0 0 0 0 0 0 0 0 0 0 0 0 0 0 0 0 0 0 0 0 0 0 0 0 0 0 0 0 0 0 0 0 0 0 0 0 0 0 0 0 0 0 0 0 0 0 0 0 0 0 0]
[2178158640534220905718502376727889169251061179661898130753196915388312347159005761745860550863938696732849364349806375167905781096657421495501294953306730827448456230292100755960586202200818347814644117810941187993180352795044652195619429790743230526712094 0 0 0 0 0 0 0 0 0 0 0 0 0 0 0 0 0 0 0 0 0 0 0 0 0 0 1 0 0 0 0 0 0 0 0 0 0 0 0 0 0 0 0 0 0 0 0 0 0 0 0 0 0 0 0 0 0 0 0 0 0 0 0 0 0 0 0 0 0 0 0 0 0 0 0 0 0 0 0 0 0 0 0 0]
[2962457439591662736155310774821739718416400527946386702444957339041143757177004107144660809782817111672196183971224003681849915229883448391221777005056528103992446705314688490463149837895720801898365139219843988896119738648168001003211643848385567769119842 0 0 0 0 0 0 0 0 0 0 0 0 0 0 0 0 0 0 0 0 0 0 0 0 0 0 0 1 0 0 0 0 0 0 0 0 0 0 0 0 0 0 0 0 0 0 0 0 0 0 0 0 0 0 0 0 0 0 0 0 0 0 0 0 0 0 0 0 0 0 0 0 0 0 0 0 0 0 0 0 0 0 0 0]
[1833956899633064109233362223263562033912596878071165427594741283773219821901857258247532027939838434448536317218012293548404388660012440778684257149323686436000822822154804822285814768327051205064094718165682920408474807177533027227396901854185062048969531 0 0 0 0 0 0 0 0 0 0 0 0 0 0 0 0 0 0 0 0 0 0 0 0 0 0 0 0 1 0 0 0 0 0 0 0 0 0 0 0 0 0 0 0 0 0 0 0 0 0 0 0 0 0 0 0 0 0 0 0 0 0 0 0 0 0 0 0 0 0 0 0 0 0 0 0 0 0 0 0 0 0 0 0]
[5198381387591354147353613896748880533854758088073391369944205796795558420431296435765297110711979035378174864094453979476241636506208236109937764087966085880093729854159914383269483405376816186276614492110846368840555989339661680311031109270518260352641774 0 0 0 0 0 0 0 0 0 0 0 0 0 0 0 0 0 0 0 0 0 0 0 0 0 0 0 0 0 1 0 0 0 0 0 0 0 0 0 0 0 0 0 0 0 0 0 0 0 0 0 0 0 0 0 0 0 0 0 0 0 0 0 0 0 0 0 0 0 0 0 0 0 0 0 0 0 0 0 0 0 0 0 0]
[3210361366954569557541836513873768217348166042259542357097793503251964860960029443899146870342849028551439585025168681238387982825496175495425647289170332965997323601555044367659834885704847520607626515552300139093528759412710292351847631497984861973112241 0 0 0 0 0 0 0 0 0 0 0 0 0 0 0 0 0 0 0 0 0 0 0 0 0 0 0 0 0 0 1 0 0 0 0 0 0 0 0 0 0 0 0 0 0 0 0 0 0 0 0 0 0 0 0 0 0 0 0 0 0 0 0 0 0 0 0 0 0 0 0 0 0 0 0 0 0 0 0 0 0 0 0 0]
[1692748954365906827072723097835087149047985120223846933624729306674424630294417037866531018153044158567401511525988161246301929682853691211924188874561813904556567850410364907659857113505517353323562629262463152685043696326111842787997938675942239826388221 0 0 0 0 0 0 0 0 0 0 0 0 0 0 0 0 0 0 0 0 0 0 0 0 0 0 0 0 0 0 0 1 0 0 0 0 0 0 0 0 0 0 0 0 0 0 0 0 0 0 0 0 0 0 0 0 0 0 0 0 0 0 0 0 0 0 0 0 0 0 0 0 0 0 0 0 0 0 0 0 0 0 0 0]
[2934828682023071371733748946406254077515355006659456848515773758536426841939867461765910903206811737852579187017846492675465450707882760722882317725684046987284295211052540812076457890570490750818016391828183584592834156122015214058301855648063619958173224 0 0 0 0 0 0 0 0 0 0 0 0 0 0 0 0 0 0 0 0 0 0 0 0 0 0 0 0 0 0 0 0 1 0 0 0 0 0 0 0 0 0 0 0 0 0 0 0 0 0 0 0 0 0 0 0 0 0 0 0 0 0 0 0 0 0 0 0 0 0 0 0 0 0 0 0 0 0 0 0 0 0 0 0]
[72144346949106908920144914743375522268796895859207414684914496278591795602124648190544339315734762383111248086237297072052841121822127930339776793382444752078316601011953449683087442251863101387083717291176055481145594121510621507935915587664281222664544 0 0 0 0 0 0 0 0 0 0 0 0 0 0 0 0 0 0 0 0 0 0 0 0 0 0 0 0 0 0 0 0 0 1 0 0 0 0 0 0 0 0 0 0 0 0 0 0 0 0 0 0 0 0 0 0 0 0 0 0 0 0 0 0 0 0 0 0 0 0 0 0 0 0 0 0 0 0 0 0 0 0 0 0]
[1710660408218093060545585614296918779576745162157565222574849204727465935949048482560145888126137937171623676598458775268673968883539028422577666722882756720176341125158661539869378280036521733901978724191266728200072047772726566043211259903621710497856266 0 0 0 0 0 0 0 0 0 0 0 0 0 0 0 0 0 0 0 0 0 0 0 0 0 0 0 0 0 0 0 0 0 0 1 0 0 0 0 0 0 0 0 0 0 0 0 0 0 0 0 0 0 0 0 0 0 0 0 0 0 0 0 0 0 0 0 0 0 0 0 0 0 0 0 0 0 0 0 0 0 0 0 0]
[1728440152794341433693602890898812897588994131141491541114229558737052736334030498151360698584320390868051051807794093443368937131575177926485910579232835287717029158260120483120239652993418543290251623234195924643893673193077454609425705802366212208557908 0 0 0 0 0 0 0 0 0 0 0 0 0 0 0 0 0 0 0 0 0 0 0 0 0 0 0 0 0 0 0 0 0 0 0 1 0 0 0 0 0 0 0 0 0 0 0 0 0 0 0 0 0 0 0 0 0 0 0 0 0 0 0 0 0 0 0 0 0 0 0 0 0 0 0 0 0 0 0 0 0 0 0 0]
[5248286288296781254543281351227267913890120092309460490799774735140625431066569484591603236477229915600075598447796003717147615680739470843750704479468777938351326798332060111898497648798204085024446073512695645191710373990661335061785463981280015568869424 0 0 0 0 0 0 0 0 0 0 0 0 0 0 0 0 0 0 0 0 0 0 0 0 0 0 0 0 0 0 0 0 0 0 0 0 1 0 0 0 0 0 0 0 0 0 0 0 0 0 0 0 0 0 0 0 0 0 0 0 0 0 0 0 0 0 0 0 0 0 0 0 0 0 0 0 0 0 0 0 0 0 0 0]
[3067708051046991683689499044344510070167590688395035093407315572182177498495057227216505984981907427562896955930245796743662449104567747420420072941311488933585075419501928834852229248049827654830121287970769608757995155084742737107314332590462517792095110 0 0 0 0 0 0 0 0 0 0 0 0 0 0 0 0 0 0 0 0 0 0 0 0 0 0 0 0 0 0 0 0 0 0 0 0 0 1 0 0 0 0 0 0 0 0 0 0 0 0 0 0 0 0 0 0 0 0 0 0 0 0 0 0 0 0 0 0 0 0 0 0 0 0 0 0 0 0 0 0 0 0 0 0]
[1304509371752046860113549977659592785092557849917760011275244360217549896260673007926751541597329213087131251656865899185837842757824048471838336359901483241275258515041529165066196647216267000281215064386714804102280564258401213919200911024790980437369688 0 0 0 0 0 0 0 0 0 0 0 0 0 0 0 0 0 0 0 0 0 0 0 0 0 0 0 0 0 0 0 0 0 0 0 0 0 0 1 0 0 0 0 0 0 0 0 0 0 0 0 0 0 0 0 0 0 0 0 0 0 0 0 0 0 0 0 0 0 0 0 0 0 0 0 0 0 0 0 0 0 0 0 0]
[5564572766203222513662875900946774855570006747598771391476531434958690711965969251649733763303587125903946669173083609356521380975811490357887693985818932920390344199456590600027163455045975189460096092681707684838387616375883201650990502830522372027864731 0 0 0 0 0 0 0 0 0 0 0 0 0 0 0 0 0 0 0 0 0 0 0 0 0 0 0 0 0 0 0 0 0 0 0 0 0 0 0 1 0 0 0 0 0 0 0 0 0 0 0 0 0 0 0 0 0 0 0 0 0 0 0 0 0 0 0 0 0 0 0 0 0 0 0 0 0 0 0 0 0 0 0 0]
[2948865969019503978836119361243064226711289209456904502682035001280142070361962033781483838843416174310910151067886454499881723730285664306027341005426644564940879702386390853038269143509482733110481403778390547405692536789218063189468445470872499484055357 0 0 0 0 0 0 0 0 0 0 0 0 0 0 0 0 0 0 0 0 0 0 0 0 0 0 0 0 0 0 0 0 0 0 0 0 0 0 0 0 1 0 0 0 0 0 0 0 0 0 0 0 0 0 0 0 0 0 0 0 0 0 0 0 0 0 0 0 0 0 0 0 0 0 0 0 0 0 0 0 0 0 0 0]
[3727082735999508073624008467903278678363662407389476761253908100233658885563345646908081337146493649589512117024179603392867043051084759728171208289006034212058195106960460375261005496943789998887791561312967689696833956391586855505973407000082411244364680 0 0 0 0 0 0 0 0 0 0 0 0 0 0 0 0 0 0 0 0 0 0 0 0 0 0 0 0 0 0 0 0 0 0 0 0 0 0 0 0 0 1 0 0 0 0 0 0 0 0 0 0 0 0 0 0 0 0 0 0 0 0 0 0 0 0 0 0 0 0 0 0 0 0 0 0 0 0 0 0 0 0 0 0]
[3934942880496927663024071086347865987091369602459270326142663125579477767083767757547173141767873525386957404787767811800521425850314009246969371111296349880309642528993803269044332297435645357612647285174709861223178865170459473541858993587674396525727308 0 0 0 0 0 0 0 0 0 0 0 0 0 0 0 0 0 0 0 0 0 0 0 0 0 0 0 0 0 0 0 0 0 0 0 0 0 0 0 0 0 0 1 0 0 0 0 0 0 0 0 0 0 0 0 0 0 0 0 0 0 0 0 0 0 0 0 0 0 0 0 0 0 0 0 0 0 0 0 0 0 0 0 0]
[2796979979499091118696703296831237375671094599923414271226933233759682254092803926104162216027239041149511614145097618399783745320414428879488490534567931780159816993666914177044981909878477157516889645505339138489329253467064314136519052729216965473488282 0 0 0 0 0 0 0 0 0 0 0 0 0 0 0 0 0 0 0 0 0 0 0 0 0 0 0 0 0 0 0 0 0 0 0 0 0 0 0 0 0 0 0 1 0 0 0 0 0 0 0 0 0 0 0 0 0 0 0 0 0 0 0 0 0 0 0 0 0 0 0 0 0 0 0 0 0 0 0 0 0 0 0 0]
[4967057115162207232561363048910539912740729932620062169845347663490431006179043770896248799781169850148226454960369717793704794469167965298918528498409377164807923699438063124850136379268009065762082823599235270972690942818012759260542423770917221341472429 0 0 0 0 0 0 0 0 0 0 0 0 0 0 0 0 0 0 0 0 0 0 0 0 0 0 0 0 0 0 0 0 0 0 0 0 0 0 0 0 0 0 0 0 1 0 0 0 0 0 0 0 0 0 0 0 0 0 0 0 0 0 0 0 0 0 0 0 0 0 0 0 0 0 0 0 0 0 0 0 0 0 0 0]
[2811907930837294075046073085722252154786990994858778171970852344531195565797136043897070179080847947263253698792285318832276710261750947943283828688323065796233022452310661902436712794539812111825554853284192560610067615100083693201450294174280640738337340 0 0 0 0 0 0 0 0 0 0 0 0 0 0 0 0 0 0 0 0 0 0 0 0 0 0 0 0 0 0 0 0 0 0 0 0 0 0 0 0 0 0 0 0 0 1 0 0 0 0 0 0 0 0 0 0 0 0 0 0 0 0 0 0 0 0 0 0 0 0 0 0 0 0 0 0 0 0 0 0 0 0 0 0]
[4573491108507651909477254107867220231564592541830436325234228720699968478883167988018249900915338221465720648289769437068086658883223278190808991917486602873797456523754694966125158824985629868154113057579208480818025836072839434622098377136370947524186450 0 0 0 0 0 0 0 0 0 0 0 0 0 0 0 0 0 0 0 0 0 0 0 0 0 0 0 0 0 0 0 0 0 0 0 0 0 0 0 0 0 0 0 0 0 0 1 0 0 0 0 0 0 0 0 0 0 0 0 0 0 0 0 0 0 0 0 0 0 0 0 0 0 0 0 0 0 0 0 0 0 0 0 0]
[2832541024041488839907280382233051842222851890323700297957385939328592539611191688961867123108498594859827502262661046187459385259528765695607978342608056990186009119192895786316361965576242207757976524985451995811243076804739585907573900532664275171710206 0 0 0 0 0 0 0 0 0 0 0 0 0 0 0 0 0 0 0 0 0 0 0 0 0 0 0 0 0 0 0 0 0 0 0 0 0 0 0 0 0 0 0 0 0 0 0 1 0 0 0 0 0 0 0 0 0 0 0 0 0 0 0 0 0 0 0 0 0 0 0 0 0 0 0 0 0 0 0 0 0 0 0 0]
[2058533712673648141955565444753892896224850166926509280962499286845750108698391242502177006191895567571761945936940831425673543886685801697578621906439814881410074343402483777192242133382522465353199525915196248865416716964851454013540832419488423977412653 0 0 0 0 0 0 0 0 0 0 0 0 0 0 0 0 0 0 0 0 0 0 0 0 0 0 0 0 0 0 0 0 0 0 0 0 0 0 0 0 0 0 0 0 0 0 0 0 1 0 0 0 0 0 0 0 0 0 0 0 0 0 0 0 0 0 0 0 0 0 0 0 0 0 0 0 0 0 0 0 0 0 0 0]
[1578713321133961261186736762151146641461592248070535031839950561718903022316889664754757345500549053570542120448849094733616224881045165920728604351825576341732833538850354812024802195122588189679734416731803535774469925831211547381357933757247900519168825 0 0 0 0 0 0 0 0 0 0 0 0 0 0 0 0 0 0 0 0 0 0 0 0 0 0 0 0 0 0 0 0 0 0 0 0 0 0 0 0 0 0 0 0 0 0 0 0 0 1 0 0 0 0 0 0 0 0 0 0 0 0 0 0 0 0 0 0 0 0 0 0 0 0 0 0 0 0 0 0 0 0 0 0]
[3128954515931530447546544326111566550935220546975122473961658329054744976159061472960817394433890293575962370423280015758624111556530417573162259602105450609003843103944342113607367607059123531640150829877242445305661145329675824992066118473399129052949516 0 0 0 0 0 0 0 0 0 0 0 0 0 0 0 0 0 0 0 0 0 0 0 0 0 0 0 0 0 0 0 0 0 0 0 0 0 0 0 0 0 0 0 0 0 0 0 0 0 0 1 0 0 0 0 0 0 0 0 0 0 0 0 0 0 0 0 0 0 0 0 0 0 0 0 0 0 0 0 0 0 0 0 0]
[4070008392845068236293004927623998485756785675047253619072145649844325288934361762857246531122750035023287185399421116904501953274933619724856508863698016635100712815220209062655118888609579319070418441600799594711699461487117171118238646085496984138723311 0 0 0 0 0 0 0 0 0 0 0 0 0 0 0 0 0 0 0 0 0 0 0 0 0 0 0 0 0 0 0 0 0 0 0 0 0 0 0 0 0 0 0 0 0 0 0 0 0 0 0 1 0 0 0 0 0 0 0 0 0 0 0 0 0 0 0 0 0 0 0 0 0 0 0 0 0 0 0 0 0 0 0 0]
[364721224922188670923778339999278642283444331570106408573103080042053243832639876622928651035459379382593131758866298526273103689430100412771363591287946285782391793337826453626476758326736304623650876712074010901097541954561707472728673335463174412101310 0 0 0 0 0 0 0 0 0 0 0 0 0 0 0 0 0 0 0 0 0 0 0 0 0 0 0 0 0 0 0 0 0 0 0 0 0 0 0 0 0 0 0 0 0 0 0 0 0 0 0 0 1 0 0 0 0 0 0 0 0 0 0 0 0 0 0 0 0 0 0 0 0 0 0 0 0 0 0 0 0 0 0 0]
[1709656360744459700352951860600714574396199929853771388190195825839188172789267478890638760620277923597014674135710924214774830823771038402773464905831460512499219180246677935429749820390479871149385268843474341645384348017952625432978880797964218445665355 0 0 0 0 0 0 0 0 0 0 0 0 0 0 0 0 0 0 0 0 0 0 0 0 0 0 0 0 0 0 0 0 0 0 0 0 0 0 0 0 0 0 0 0 0 0 0 0 0 0 0 0 0 1 0 0 0 0 0 0 0 0 0 0 0 0 0 0 0 0 0 0 0 0 0 0 0 0 0 0 0 0 0 0]
[342566141040524996028057958899499890342626117349964027740512421646569954603772241864670921540958621267422856435007900353271179081659712366505265048364536797223457135905721018986436581979821781527401797012816585125002534374789720154043018284106787201646426 0 0 0 0 0 0 0 0 0 0 0 0 0 0 0 0 0 0 0 0 0 0 0 0 0 0 0 0 0 0 0 0 0 0 0 0 0 0 0 0 0 0 0 0 0 0 0 0 0 0 0 0 0 0 1 0 0 0 0 0 0 0 0 0 0 0 0 0 0 0 0 0 0 0 0 0 0 0 0 0 0 0 0 0]
[2575475195967030079898899014195905706943318678761602980363244600534037333959846940197701378225008210199166938757939463836174060104478530129030964391677421349952265039481968031120361127186779599107101909986325213507565308032689399362405997556182628467867501 0 0 0 0 0 0 0 0 0 0 0 0 0 0 0 0 0 0 0 0 0 0 0 0 0 0 0 0 0 0 0 0 0 0 0 0 0 0 0 0 0 0 0 0 0 0 0 0 0 0 0 0 0 0 0 1 0 0 0 0 0 0 0 0 0 0 0 0 0 0 0 0 0 0 0 0 0 0 0 0 0 0 0 0]
[3017738702311434955984212485766612627436747926547295944950989783862196503438450806500785879829514628978259138015821563013928851878022925425470850581159148216630049784859526606948809302201054910788352212376388125285122738173790955228006488676449120483129183 0 0 0 0 0 0 0 0 0 0 0 0 0 0 0 0 0 0 0 0 0 0 0 0 0 0 0 0 0 0 0 0 0 0 0 0 0 0 0 0 0 0 0 0 0 0 0 0 0 0 0 0 0 0 0 0 1 0 0 0 0 0 0 0 0 0 0 0 0 0 0 0 0 0 0 0 0 0 0 0 0 0 0 0]
[1111288112281130756997900929481264786281564589492371424587497335602915674014802469526347381352277027515839651099036986730978322221722485712695426024412843410868184444667286701277884285276237356280220800578974748139630706487397659724283555877560804962867045 0 0 0 0 0 0 0 0 0 0 0 0 0 0 0 0 0 0 0 0 0 0 0 0 0 0 0 0 0 0 0 0 0 0 0 0 0 0 0 0 0 0 0 0 0 0 0 0 0 0 0 0 0 0 0 0 0 1 0 0 0 0 0 0 0 0 0 0 0 0 0 0 0 0 0 0 0 0 0 0 0 0 0 0]
[857087686659681448940037283657830081881349262135819784291729530412603298024166822341466935233337609988425004328563729506637674990550236480007133519540548426713239056975438110360035925004447673016002219680138773607944860349982969967220042044916764041789111 0 0 0 0 0 0 0 0 0 0 0 0 0 0 0 0 0 0 0 0 0 0 0 0 0 0 0 0 0 0 0 0 0 0 0 0 0 0 0 0 0 0 0 0 0 0 0 0 0 0 0 0 0 0 0 0 0 0 1 0 0 0 0 0 0 0 0 0 0 0 0 0 0 0 0 0 0 0 0 0 0 0 0 0]
[5626808346044233178815321189356114289676844503673711355791628012704845408815414826827800159552815151803146304797545641188276528291053987037098866448921752453430000876665715375764441231519518896079139736085867993739679865825271625051728565326189675861483067 0 0 0 0 0 0 0 0 0 0 0 0 0 0 0 0 0 0 0 0 0 0 0 0 0 0 0 0 0 0 0 0 0 0 0 0 0 0 0 0 0 0 0 0 0 0 0 0 0 0 0 0 0 0 0 0 0 0 0 1 0 0 0 0 0 0 0 0 0 0 0 0 0 0 0 0 0 0 0 0 0 0 0 0]
[1986588698212314713271880794886700118508732890235873531309387223330057138047071013442567604714853991847691376646589160464207266481756183058332575453008366219350314990613758541121747325337731093746128206508501261842449821618129793610023772970738353267937605 0 0 0 0 0 0 0 0 0 0 0 0 0 0 0 0 0 0 0 0 0 0 0 0 0 0 0 0 0 0 0 0 0 0 0 0 0 0 0 0 0 0 0 0 0 0 0 0 0 0 0 0 0 0 0 0 0 0 0 0 1 0 0 0 0 0 0 0 0 0 0 0 0 0 0 0 0 0 0 0 0 0 0 0]
[4830731590767982436340252191985022457766872316863360665147135911235403465508490595909644423862249121411112726725075539492656492573492910202097369514949314063347396416297017987729284594600491696261418814824795882502159094599868422722095143690278500973945151 0 0 0 0 0 0 0 0 0 0 0 0 0 0 0 0 0 0 0 0 0 0 0 0 0 0 0 0 0 0 0 0 0 0 0 0 0 0 0 0 0 0 0 0 0 0 0 0 0 0 0 0 0 0 0 0 0 0 0 0 0 1 0 0 0 0 0 0 0 0 0 0 0 0 0 0 0 0 0 0 0 0 0 0]
[3556551583241577992904335176052658351885802376077301900247288041613033618625147278994873858911116104370951519476409641133682227646421632957507927347814737968192438825733176446509720468670304183264143151263959367941632642435165950632530918134666303642659372 0 0 0 0 0 0 0 0 0 0 0 0 0 0 0 0 0 0 0 0 0 0 0 0 0 0 0 0 0 0 0 0 0 0 0 0 0 0 0 0 0 0 0 0 0 0 0 0 0 0 0 0 0 0 0 0 0 0 0 0 0 0 1 0 0 0 0 0 0 0 0 0 0 0 0 0 0 0 0 0 0 0 0 0]
[2177591314777992067008151703594759950558079537993871907288553902652856522472981497593069586617847930213774398135268169024299163473138804842140781969900499808452324667644049111294058855393242586640310086144431126546911604823664306788729592262462432121598818 0 0 0 0 0 0 0 0 0 0 0 0 0 0 0 0 0 0 0 0 0 0 0 0 0 0 0 0 0 0 0 0 0 0 0 0 0 0 0 0 0 0 0 0 0 0 0 0 0 0 0 0 0 0 0 0 0 0 0 0 0 0 0 1 0 0 0 0 0 0 0 0 0 0 0 0 0 0 0 0 0 0 0 0]
[4631424490771574411109556076513825422414978522182715292314689863651459808407422851424469526165691255681026544372021399141437180958382951150987669113614129786688278567704424576870378068575014694818327925565428944608179593839081934604098956883074930127452559 0 0 0 0 0 0 0 0 0 0 0 0 0 0 0 0 0 0 0 0 0 0 0 0 0 0 0 0 0 0 0 0 0 0 0 0 0 0 0 0 0 0 0 0 0 0 0 0 0 0 0 0 0 0 0 0 0 0 0 0 0 0 0 0 1 0 0 0 0 0 0 0 0 0 0 0 0 0 0 0 0 0 0 0]
[2433605815939735758764729736930483590721399156489666668909340510400291393822399813880570360367199948839687518717614626975559456611731894410219531626613636928794976185591408167904056807580331564472260367993826066046115733454939139826255615820102466531459494 0 0 0 0 0 0 0 0 0 0 0 0 0 0 0 0 0 0 0 0 0 0 0 0 0 0 0 0 0 0 0 0 0 0 0 0 0 0 0 0 0 0 0 0 0 0 0 0 0 0 0 0 0 0 0 0 0 0 0 0 0 0 0 0 0 1 0 0 0 0 0 0 0 0 0 0 0 0 0 0 0 0 0 0]
[113362052049787457976222716702610833100280039340841918187390975726198178215530711438661218793827311985115159716018282173126540652568565476786833609753335784670533834619005611458850587894438969591613181467540598224483502533194949116583277161716943257150926 0 0 0 0 0 0 0 0 0 0 0 0 0 0 0 0 0 0 0 0 0 0 0 0 0 0 0 0 0 0 0 0 0 0 0 0 0 0 0 0 0 0 0 0 0 0 0 0 0 0 0 0 0 0 0 0 0 0 0 0 0 0 0 0 0 0 1 0 0 0 0 0 0 0 0 0 0 0 0 0 0 0 0 0]
[3841527973889627964653359768991162879155436927216340208296617173700666281649166328965289779369696177846281793610914903205552542458386046185889546639078870608596414508159113106470096779119399717978641542842723545638253788493952167774064203314062863534085151 0 0 0 0 0 0 0 0 0 0 0 0 0 0 0 0 0 0 0 0 0 0 0 0 0 0 0 0 0 0 0 0 0 0 0 0 0 0 0 0 0 0 0 0 0 0 0 0 0 0 0 0 0 0 0 0 0 0 0 0 0 0 0 0 0 0 0 1 0 0 0 0 0 0 0 0 0 0 0 0 0 0 0 0]
[5689653182556376000685217237926252480970930769810032373562598157945062508167230264819356230956667156042062033937429002323605345887264816566677346777401004827478484255074656338702812468576973192048198163217901392534604254728831018590929567372877087977597295 0 0 0 0 0 0 0 0 0 0 0 0 0 0 0 0 0 0 0 0 0 0 0 0 0 0 0 0 0 0 0 0 0 0 0 0 0 0 0 0 0 0 0 0 0 0 0 0 0 0 0 0 0 0 0 0 0 0 0 0 0 0 0 0 0 0 0 0 1 0 0 0 0 0 0 0 0 0 0 0 0 0 0 0]
[1253891284117355678518566238793811408072026743124881097775536117160073609994841318576885373707652838256158333880976070761571032435951786638354207132519083033712577938865395419081500109930193651333180929281035626320479665313869756618393613613333062246703971 0 0 0 0 0 0 0 0 0 0 0 0 0 0 0 0 0 0 0 0 0 0 0 0 0 0 0 0 0 0 0 0 0 0 0 0 0 0 0 0 0 0 0 0 0 0 0 0 0 0 0 0 0 0 0 0 0 0 0 0 0 0 0 0 0 0 0 0 0 1 0 0 0 0 0 0 0 0 0 0 0 0 0 0]
[296771634949947093480983891307453889458862960627083589287470014547502705975202635503281857508297279846732600481769277168063525355849957042711336641154162468296107007013677703727623003752508602690864601708322278211708878951882460343511492476427704275638944 0 0 0 0 0 0 0 0 0 0 0 0 0 0 0 0 0 0 0 0 0 0 0 0 0 0 0 0 0 0 0 0 0 0 0 0 0 0 0 0 0 0 0 0 0 0 0 0 0 0 0 0 0 0 0 0 0 0 0 0 0 0 0 0 0 0 0 0 0 0 1 0 0 0 0 0 0 0 0 0 0 0 0 0]
[1777250658546266392256682510560367283872614683263105750892997081243285770882783018328082166687034808309089663320852420397901009346584552030072415078667555564941527540510611745596148760496370315238271058497359352393713644452476322284975995441922862484762147 0 0 0 0 0 0 0 0 0 0 0 0 0 0 0 0 0 0 0 0 0 0 0 0 0 0 0 0 0 0 0 0 0 0 0 0 0 0 0 0 0 0 0 0 0 0 0 0 0 0 0 0 0 0 0 0 0 0 0 0 0 0 0 0 0 0 0 0 0 0 0 1 0 0 0 0 0 0 0 0 0 0 0 0]
[5307658601521834276687356446440274484324882506624327018498981697927064164995047042557788473874146759529354408161309430125314251314626391970119179106474713196685880017002367030420318928068117988183513908497846229481062331447903778977231882560454914359548579 0 0 0 0 0 0 0 0 0 0 0 0 0 0 0 0 0 0 0 0 0 0 0 0 0 0 0 0 0 0 0 0 0 0 0 0 0 0 0 0 0 0 0 0 0 0 0 0 0 0 0 0 0 0 0 0 0 0 0 0 0 0 0 0 0 0 0 0 0 0 0 0 1 0 0 0 0 0 0 0 0 0 0 0]
[3747217346207453725856818886659901407389449331672512441220935279754013050413499672725495182755471584977014378734011855771336619624205571515141236777082630736991790028046401839804374667314692257972431046972066790066860717744524721006837880473232382766570954 0 0 0 0 0 0 0 0 0 0 0 0 0 0 0 0 0 0 0 0 0 0 0 0 0 0 0 0 0 0 0 0 0 0 0 0 0 0 0 0 0 0 0 0 0 0 0 0 0 0 0 0 0 0 0 0 0 0 0 0 0 0 0 0 0 0 0 0 0 0 0 0 0 1 0 0 0 0 0 0 0 0 0 0]
[5931044195217110630943562579904770102851737858186027829519322081353357145395182158652047765167400244245915380667933041850470233892000173382092819275955073273531068087608992323129016528979343297940755306175150473821680939774365934215104348446462607497657380 0 0 0 0 0 0 0 0 0 0 0 0 0 0 0 0 0 0 0 0 0 0 0 0 0 0 0 0 0 0 0 0 0 0 0 0 0 0 0 0 0 0 0 0 0 0 0 0 0 0 0 0 0 0 0 0 0 0 0 0 0 0 0 0 0 0 0 0 0 0 0 0 0 0 1 0 0 0 0 0 0 0 0 0]
[2469082453117402541864132347407098244040614082728756507052849506780203898762318127262005831753829321252084839490666239483813217656763234831681715552906683750374569590117885544906117650472995599300293179612935876048625130092748423970240726260493019732018815 0 0 0 0 0 0 0 0 0 0 0 0 0 0 0 0 0 0 0 0 0 0 0 0 0 0 0 0 0 0 0 0 0 0 0 0 0 0 0 0 0 0 0 0 0 0 0 0 0 0 0 0 0 0 0 0 0 0 0 0 0 0 0 0 0 0 0 0 0 0 0 0 0 0 0 1 0 0 0 0 0 0 0 0]
[2245746706642046881962385063559654954242789284399444231877208808745219931069789250481135315061709658687054118773434161308632181194088894647641968991504743688589779381711252613772499751421569208675318924535340163354521266578107692312526893665341180392083983 0 0 0 0 0 0 0 0 0 0 0 0 0 0 0 0 0 0 0 0 0 0 0 0 0 0 0 0 0 0 0 0 0 0 0 0 0 0 0 0 0 0 0 0 0 0 0 0 0 0 0 0 0 0 0 0 0 0 0 0 0 0 0 0 0 0 0 0 0 0 0 0 0 0 0 0 1 0 0 0 0 0 0 0]
[5621960969589508683174606808693930363565342134835962018174153419042418142966684430368261586181945001611696126778511944509572106635142700487600844893865595482068224073166610845464746230632558368910650859333291646440004055288085237219678147413122203112279849 0 0 0 0 0 0 0 0 0 0 0 0 0 0 0 0 0 0 0 0 0 0 0 0 0 0 0 0 0 0 0 0 0 0 0 0 0 0 0 0 0 0 0 0 0 0 0 0 0 0 0 0 0 0 0 0 0 0 0 0 0 0 0 0 0 0 0 0 0 0 0 0 0 0 0 0 0 1 0 0 0 0 0 0]
[5536837590319739351507571867978056463121163204093183494737555692672032836093969517415417509616905621113948324767765596616659094574717001865293853165432111286107363506270053626278237325094997737241982917401865996147116407818436296730496489461109811930256862 0 0 0 0 0 0 0 0 0 0 0 0 0 0 0 0 0 0 0 0 0 0 0 0 0 0 0 0 0 0 0 0 0 0 0 0 0 0 0 0 0 0 0 0 0 0 0 0 0 0 0 0 0 0 0 0 0 0 0 0 0 0 0 0 0 0 0 0 0 0 0 0 0 0 0 0 0 0 1 0 0 0 0 0]
[1719966285479246717631541562689063853222797793231975688982856340346190757744740649608852931535888019757730536058662010015699078538999918851935748878392222606480898784503405392019734688030675328196311107082037141993216408713846335294998524292594494780487298 0 0 0 0 0 0 0 0 0 0 0 0 0 0 0 0 0 0 0 0 0 0 0 0 0 0 0 0 0 0 0 0 0 0 0 0 0 0 0 0 0 0 0 0 0 0 0 0 0 0 0 0 0 0 0 0 0 0 0 0 0 0 0 0 0 0 0 0 0 0 0 0 0 0 0 0 0 0 0 1 0 0 0 0]
[3291106678288422612710808601694910718903530602448036728041443773006272734843552714266790604585168052043761003935244836277376328874341258390029413977693585528145010964128126182068212211897739972541612274510192612519548176796927193647779502660877887559239 0 0 0 0 0 0 0 0 0 0 0 0 0 0 0 0 0 0 0 0 0 0 0 0 0 0 0 0 0 0 0 0 0 0 0 0 0 0 0 0 0 0 0 0 0 0 0 0 0 0 0 0 0 0 0 0 0 0 0 0 0 0 0 0 0 0 0 0 0 0 0 0 0 0 0 0 0 0 0 0 1 0 0 0]
[5217695767836899048725066473324518419459986877716630569616818970228209229247889153066442025382817009885594815175743730283503941093470067225057180341810876655575932422246337035578068127189445729066075740045565797454604602206070915200138983682985579080755795 0 0 0 0 0 0 0 0 0 0 0 0 0 0 0 0 0 0 0 0 0 0 0 0 0 0 0 0 0 0 0 0 0 0 0 0 0 0 0 0 0 0 0 0 0 0 0 0 0 0 0 0 0 0 0 0 0 0 0 0 0 0 0 0 0 0 0 0 0 0 0 0 0 0 0 0 0 0 0 0 0 1 0 0]
[4291579752962225689996331805341136209383779080213621350683893268311821853373496407071107023196982028561348006443041520748337517021084501125401904503381949426308169117357063905646194981670730976459114169443879285594914871480452061733068930739205587133187550 0 0 0 0 0 0 0 0 0 0 0 0 0 0 0 0 0 0 0 0 0 0 0 0 0 0 0 0 0 0 0 0 0 0 0 0 0 0 0 0 0 0 0 0 0 0 0 0 0 0 0 0 0 0 0 0 0 0 0 0 0 0 0 0 0 0 0 0 0 0 0 0 0 0 0 0 0 0 0 0 0 0 1 0]
[1052529279567800921221602016606952008263392250366739499804388853385239000144440203991311814564427499142377046514231337918494477104922529717058073562392690576559818813807355493910279333455921616257032537518536756212004790482751270668042772647828284809863642 0 0 0 0 0 0 0 0 0 0 0 0 0 0 0 0 0 0 0 0 0 0 0 0 0 0 0 0 0 0 0 0 0 0 0 0 0 0 0 0 0 0 0 0 0 0 0 0 0 0 0 0 0 0 0 0 0 0 0 0 0 0 0 0 0 0 0 0 0 0 0 0 0 0 0 0 0 0 0 0 0 0 0 1]
]
