[[5800432062311126960801222891806851438922767085669822591087113557055651326305719904926442894043507103647627106111818117180727226914537872671577418690264377501248159979875264056876779641594419413000132625965082475262450184840920638753 0 0 0 0 0 0 0 0 0 0 0 0 0 0 0 0 0 0 0 0 0 0 0 0 0 0 0 0 0 0 0 0 0 0 0 0 0 0 0 0 0 0 0 0 0 0 0 0 0 0 0 0 0 0 0 0 0 0 0 0 0 0 0 0 0 0 0 0 0 0 0 0 0 0 0 0]
[4557266531702321470587573050345128961628227693535162418093405287218606734391386881009426379541335850089875414125904662235770296463553489737061235275557252167076769508731188037212540193105574893310066611790302024249801770358040123825 1 0 0 0 0 0 0 0 0 0 0 0 0 0 0 0 0 0 0 0 0 0 0 0 0 0 0 0 0 0 0 0 0 0 0 0 0 0 0 0 0 0 0 0 0 0 0 0 0 0 0 0 0 0 0 0 0 0 0 0 0 0 0 0 0 0 0 0 0 0 0 0 0 0 0 0]
[697874098362617283955971715208948208870432279750963128710147795790360069831520757056245066127059753120192149351518474030876604082328863726400484157493579114190435211557375339289943781044871545865683220444734630383000303940552259847 0 1 0 0 0 0 0 0 0 0 0 0 0 0 0 0 0 0 0 0 0 0 0 0 0 0 0 0 0 0 0 0 0 0 0 0 0 0 0 0 0 0 0 0 0 0 0 0 0 0 0 0 0 0 0 0 0 0 0 0 0 0 0 0 0 0 0 0 0 0 0 0 0 0 0 0]
[2742882243256202425541154069333758949438771300302255056591778645079074596509128805607063280923706482067719956091210281206790704089723510253641019988869901633556952355643916581992812645341293340200923426604744436121367189487954343630 0 0 1 0 0 0 0 0 0 0 0 0 0 0 0 0 0 0 0 0 0 0 0 0 0 0 0 0 0 0 0 0 0 0 0 0 0 0 0 0 0 0 0 0 0 0 0 0 0 0 0 0 0 0 0 0 0 0 0 0 0 0 0 0 0 0 0 0 0 0 0 0 0 0 0 0]
[3854833029809986403821119419450596487451958263737745336793070595530042366619036276186291207826537049254463022300924752332495213063882227421267928338123826931996034708349896480219907868645876459593416424448385019006468228172671346442 0 0 0 1 0 0 0 0 0 0 0 0 0 0 0 0 0 0 0 0 0 0 0 0 0 0 0 0 0 0 0 0 0 0 0 0 0 0 0 0 0 0 0 0 0 0 0 0 0 0 0 0 0 0 0 0 0 0 0 0 0 0 0 0 0 0 0 0 0 0 0 0 0 0 0 0]
[2982713032814467346795797447582310692775426765728854672904642902698354666642932608577634315785021881429920861170752486151860649939593539652883206914878790940103242955986668916669953534025262738655654937556500290600903639968576555609 0 0 0 0 1 0 0 0 0 0 0 0 0 0 0 0 0 0 0 0 0 0 0 0 0 0 0 0 0 0 0 0 0 0 0 0 0 0 0 0 0 0 0 0 0 0 0 0 0 0 0 0 0 0 0 0 0 0 0 0 0 0 0 0 0 0 0 0 0 0 0 0 0 0 0 0]
[1119701335658443689969933449802530182775975388146268198652592183465608445404429359160643578665267244568762725537054952398370963634109799368890763833139167703422161491894958561216912573389757691509302080741028220274260825230613029710 0 0 0 0 0 1 0 0 0 0 0 0 0 0 0 0 0 0 0 0 0 0 0 0 0 0 0 0 0 0 0 0 0 0 0 0 0 0 0 0 0 0 0 0 0 0 0 0 0 0 0 0 0 0 0 0 0 0 0 0 0 0 0 0 0 0 0 0 0 0 0 0 0 0 0 0]
[5259163441349461787314278109983701958364151388623618555698512749266139023727940180764696874154982902558118759005417717277754587850098577168387704733328736969358958715096777553779950333405414606722380302403683571663799924998059737044 0 0 0 0 0 0 1 0 0 0 0 0 0 0 0 0 0 0 0 0 0 0 0 0 0 0 0 0 0 0 0 0 0 0 0 0 0 0 0 0 0 0 0 0 0 0 0 0 0 0 0 0 0 0 0 0 0 0 0 0 0 0 0 0 0 0 0 0 0 0 0 0 0 0 0 0]
[5029193948573634354593511500191778332891398485927020756139970405106959911479677830547922253028047969920831947188163890749722584075384636313663828913901657494704721706361156061772291117713251588571567144453672590738610955128841895 0 0 0 0 0 0 0 1 0 0 0 0 0 0 0 0 0 0 0 0 0 0 0 0 0 0 0 0 0 0 0 0 0 0 0 0 0 0 0 0 0 0 0 0 0 0 0 0 0 0 0 0 0 0 0 0 0 0 0 0 0 0 0 0 0 0 0 0 0 0 0 0 0 0 0 0]
[4007695437101373271805091835923356082325835684841155912465824733788196550779150529919751861569750999593235407532435385271876821805163840256159948432090936808774110699534993532893126106887172748133862461431127145804504276515121743882 0 0 0 0 0 0 0 0 1 0 0 0 0 0 0 0 0 0 0 0 0 0 0 0 0 0 0 0 0 0 0 0 0 0 0 0 0 0 0 0 0 0 0 0 0 0 0 0 0 0 0 0 0 0 0 0 0 0 0 0 0 0 0 0 0 0 0 0 0 0 0 0 0 0 0 0]
[646749786033282179610161896653558122696111910759036692358383342626176138977302886168690193469361275724207535896462019208227903228652908682035593002327772491070763041495254553834651453677814219790772217741561843212377444306037175363 0 0 0 0 0 0 0 0 0 1 0 0 0 0 0 0 0 0 0 0 0 0 0 0 0 0 0 0 0 0 0 0 0 0 0 0 0 0 0 0 0 0 0 0 0 0 0 0 0 0 0 0 0 0 0 0 0 0 0 0 0 0 0 0 0 0 0 0 0 0 0 0 0 0 0 0]
[4598786131448425925762375777191555670442182893444199877822593507739481391678128922329476939604910820433588793526498079868757180808924837218066760458455499495560695006343914286703328556625121346736608754374629572117881245237906414483 0 0 0 0 0 0 0 0 0 0 1 0 0 0 0 0 0 0 0 0 0 0 0 0 0 0 0 0 0 0 0 0 0 0 0 0 0 0 0 0 0 0 0 0 0 0 0 0 0 0 0 0 0 0 0 0 0 0 0 0 0 0 0 0 0 0 0 0 0 0 0 0 0 0 0 0]
[2950854835132133839976373953149690988877128395746058450990455479973211969601541315396695142504481566222348502907819587358851725152332388059274680526407790481416665006408573551985318266856665323761917898806805726375735674371675828752 0 0 0 0 0 0 0 0 0 0 0 1 0 0 0 0 0 0 0 0 0 0 0 0 0 0 0 0 0 0 0 0 0 0 0 0 0 0 0 0 0 0 0 0 0 0 0 0 0 0 0 0 0 0 0 0 0 0 0 0 0 0 0 0 0 0 0 0 0 0 0 0 0 0 0 0]
[3520460174149508912423576832674974738979876218825766915117525955899000750256399959658617515086513828740899309950254502649773035551021294444346589194859875198635651689179790566877062939608097271601535183059664648960271993312535803637 0 0 0 0 0 0 0 0 0 0 0 0 1 0 0 0 0 0 0 0 0 0 0 0 0 0 0 0 0 0 0 0 0 0 0 0 0 0 0 0 0 0 0 0 0 0 0 0 0 0 0 0 0 0 0 0 0 0 0 0 0 0 0 0 0 0 0 0 0 0 0 0 0 0 0 0]
[3150791865669552784187004606024799116637686721339732830744090720378459829696898012394233885527531973768509988509546599986366068814998666398677389234050104996170580186873937618923701433810359636014215165472472202157697924294183729118 0 0 0 0 0 0 0 0 0 0 0 0 0 1 0 0 0 0 0 0 0 0 0 0 0 0 0 0 0 0 0 0 0 0 0 0 0 0 0 0 0 0 0 0 0 0 0 0 0 0 0 0 0 0 0 0 0 0 0 0 0 0 0 0 0 0 0 0 0 0 0 0 0 0 0 0]
[2402631930997727413961579601899397137198113715956261128248943408042427172055210354546514670638283836474728600048368111974779551410466940627653637204334166933990855592701143868510098817929522238905515769290774934953228291038617769602 0 0 0 0 0 0 0 0 0 0 0 0 0 0 1 0 0 0 0 0 0 0 0 0 0 0 0 0 0 0 0 0 0 0 0 0 0 0 0 0 0 0 0 0 0 0 0 0 0 0 0 0 0 0 0 0 0 0 0 0 0 0 0 0 0 0 0 0 0 0 0 0 0 0 0 0]
[161615208447281293824310097160889662059668304741043874007082354552156067853936078540277029035130143724809094888517783146258100995322988506494619815941727396588542269547523751018396179522519246417300398909050433183109638863135378633 0 0 0 0 0 0 0 0 0 0 0 0 0 0 0 1 0 0 0 0 0 0 0 0 0 0 0 0 0 0 0 0 0 0 0 0 0 0 0 0 0 0 0 0 0 0 0 0 0 0 0 0 0 0 0 0 0 0 0 0 0 0 0 0 0 0 0 0 0 0 0 0 0 0 0 0]
[488228835859462494967001785534050132730681750230572526604499530356846884542952837860285091294476498855032474618047026617105005484914483113850669569579443695942168315802997271766281767878713471935548106390083897628592536939142613750 0 0 0 0 0 0 0 0 0 0 0 0 0 0 0 0 1 0 0 0 0 0 0 0 0 0 0 0 0 0 0 0 0 0 0 0 0 0 0 0 0 0 0 0 0 0 0 0 0 0 0 0 0 0 0 0 0 0 0 0 0 0 0 0 0 0 0 0 0 0 0 0 0 0 0 0]
[5635613083887402876080990666381325601713393585629851236178279823507955520232431853343337318369718484499964370749848701670054297000716426139671199412023049211028067163802947310918454651500119408857215234446730716334665238779198471043 0 0 0 0 0 0 0 0 0 0 0 0 0 0 0 0 0 1 0 0 0 0 0 0 0 0 0 0 0 0 0 0 0 0 0 0 0 0 0 0 0 0 0 0 0 0 0 0 0 0 0 0 0 0 0 0 0 0 0 0 0 0 0 0 0 0 0 0 0 0 0 0 0 0 0 0]
[3677541997864459652490500058486167182018740493364896335034467545175450195405821891590398742370699605704333516340553379808199361574830678364098723251531246289474055620107713676703953827381205181500764057528899296388856121990474675717 0 0 0 0 0 0 0 0 0 0 0 0 0 0 0 0 0 0 1 0 0 0 0 0 0 0 0 0 0 0 0 0 0 0 0 0 0 0 0 0 0 0 0 0 0 0 0 0 0 0 0 0 0 0 0 0 0 0 0 0 0 0 0 0 0 0 0 0 0 0 0 0 0 0 0 0]
[5139103697512797237372313679751711128490625532885281214179983224125745043129783717959001956242585894564188546642820533057492718244841725039234289047155503799564506242350618273774521398591659325652894115594498485878863449247334665837 0 0 0 0 0 0 0 0 0 0 0 0 0 0 0 0 0 0 0 1 0 0 0 0 0 0 0 0 0 0 0 0 0 0 0 0 0 0 0 0 0 0 0 0 0 0 0 0 0 0 0 0 0 0 0 0 0 0 0 0 0 0 0 0 0 0 0 0 0 0 0 0 0 0 0 0]
[2379764509549734508417246328798553768096790709740566648332988475623483854464816268244840063058777529650177060294714957067602549232186314623503708633623811043298677745482900858856162243478744571967989408821716460347537617532211563555 0 0 0 0 0 0 0 0 0 0 0 0 0 0 0 0 0 0 0 0 1 0 0 0 0 0 0 0 0 0 0 0 0 0 0 0 0 0 0 0 0 0 0 0 0 0 0 0 0 0 0 0 0 0 0 0 0 0 0 0 0 0 0 0 0 0 0 0 0 0 0 0 0 0 0 0]
[98426383860827602499439029972721440290152129328726917798392424775324585805112401449674403066751189705495352150209051540917648865694569725120228422050500378556937106758890610183251964770174589756971870455162224799323580044581873144 0 0 0 0 0 0 0 0 0 0 0 0 0 0 0 0 0 0 0 0 0 1 0 0 0 0 0 0 0 0 0 0 0 0 0 0 0 0 0 0 0 0 0 0 0 0 0 0 0 0 0 0 0 0 0 0 0 0 0 0 0 0 0 0 0 0 0 0 0 0 0 0 0 0 0 0]
[459927933011435877540615143050349132199874782616972121448247172749842232985779320287129500669309814553245002847441030849629553035344305049804253249999790225293107490851782343297394919455263261152534650361850610831554958218255708079 0 0 0 0 0 0 0 0 0 0 0 0 0 0 0 0 0 0 0 0 0 0 1 0 0 0 0 0 0 0 0 0 0 0 0 0 0 0 0 0 0 0 0 0 0 0 0 0 0 0 0 0 0 0 0 0 0 0 0 0 0 0 0 0 0 0 0 0 0 0 0 0 0 0 0 0]
[657583606816809920998398400012406024272100543107652224285334664030862586175489458371485379064786656202717158394627411359880144453264239227406889752670541126108738526205809884245528057370068224450963680344009593218284695353787491404 0 0 0 0 0 0 0 0 0 0 0 0 0 0 0 0 0 0 0 0 0 0 0 1 0 0 0 0 0 0 0 0 0 0 0 0 0 0 0 0 0 0 0 0 0 0 0 0 0 0 0 0 0 0 0 0 0 0 0 0 0 0 0 0 0 0 0 0 0 0 0 0 0 0 0 0]
[1512857558993162525351769681303066530999469951387567267679621985757899240657928145887693714236442033892975445545011279066302555667487709142729783479431348559606721164290154142764569049809214362788621621994002606849666240283340290342 0 0 0 0 0 0 0 0 0 0 0 0 0 0 0 0 0 0 0 0 0 0 0 0 1 0 0 0 0 0 0 0 0 0 0 0 0 0 0 0 0 0 0 0 0 0 0 0 0 0 0 0 0 0 0 0 0 0 0 0 0 0 0 0 0 0 0 0 0 0 0 0 0 0 0 0]
[1839516698021756325929757127984260876411286625050548635981777776649890192548692301577046864755894865997454064243912144291738895339615049146175229333543041842137664352486717666147889409586694099509589476623503352750196529049394415374 0 0 0 0 0 0 0 0 0 0 0 0 0 0 0 0 0 0 0 0 0 0 0 0 0 1 0 0 0 0 0 0 0 0 0 0 0 0 0 0 0 0 0 0 0 0 0 0 0 0 0 0 0 0 0 0 0 0 0 0 0 0 0 0 0 0 0 0 0 0 0 0 0 0 0 0]
[187558195006049122898606509108513809373021486018689397264702816306470877360460173108380743595282669854444495906908541851406081756031166140108996152352793274775869327672872308899738563411197655718139415123780017705841272108911714408 0 0 0 0 0 0 0 0 0 0 0 0 0 0 0 0 0 0 0 0 0 0 0 0 0 0 1 0 0 0 0 0 0 0 0 0 0 0 0 0 0 0 0 0 0 0 0 0 0 0 0 0 0 0 0 0 0 0 0 0 0 0 0 0 0 0 0 0 0 0 0 0 0 0 0 0]
[1348056793665737073763203724871724635999266681491677112729795817150478876052403310386643201620839260094598464019958784594425150861210265447167653147817476519240431020157004880180942650990401992636672238954142199596816670017676746647 0 0 0 0 0 0 0 0 0 0 0 0 0 0 0 0 0 0 0 0 0 0 0 0 0 0 0 1 0 0 0 0 0 0 0 0 0 0 0 0 0 0 0 0 0 0 0 0 0 0 0 0 0 0 0 0 0 0 0 0 0 0 0 0 0 0 0 0 0 0 0 0 0 0 0 0]
[4602466122024500401423820865457236490601107841354705449520180244786522508001624949220601826886525686573128231791716846830661152616257692733523367472697654970805504052734015365637338593455510615437236155967135639364794759477004131051 0 0 0 0 0 0 0 0 0 0 0 0 0 0 0 0 0 0 0 0 0 0 0 0 0 0 0 0 1 0 0 0 0 0 0 0 0 0 0 0 0 0 0 0 0 0 0 0 0 0 0 0 0 0 0 0 0 0 0 0 0 0 0 0 0 0 0 0 0 0 0 0 0 0 0 0]
[3975319304130987281699472386358754525350071224568532463055999475705493108531076100336478217604711416809051379057762766799882461145074657273069950756206494571139245787718356108184187410369420729911682186714642763112892251441326148097 0 0 0 0 0 0 0 0 0 0 0 0 0 0 0 0 0 0 0 0 0 0 0 0 0 0 0 0 0 1 0 0 0 0 0 0 0 0 0 0 0 0 0 0 0 0 0 0 0 0 0 0 0 0 0 0 0 0 0 0 0 0 0 0 0 0 0 0 0 0 0 0 0 0 0 0]
[534807810633233796284142329428928635276856118557253737413564153825346457902322532691923280251131387081713508504243472143074450255471950605357589835044370335738034280946634524616108851781807441664140484735238551484922968893639240888 0 0 0 0 0 0 0 0 0 0 0 0 0 0 0 0 0 0 0 0 0 0 0 0 0 0 0 0 0 0 1 0 0 0 0 0 0 0 0 0 0 0 0 0 0 0 0 0 0 0 0 0 0 0 0 0 0 0 0 0 0 0 0 0 0 0 0 0 0 0 0 0 0 0 0 0]
[2300666223742867047287325728815816260397063740365469502874355954406277460858973916352483603564026735448585804446406795905628507068476478310338878447226101062079673615314261638354222009116659475643567251117002973485216455849917891922 0 0 0 0 0 0 0 0 0 0 0 0 0 0 0 0 0 0 0 0 0 0 0 0 0 0 0 0 0 0 0 1 0 0 0 0 0 0 0 0 0 0 0 0 0 0 0 0 0 0 0 0 0 0 0 0 0 0 0 0 0 0 0 0 0 0 0 0 0 0 0 0 0 0 0 0]
[5534543384651742464166642812084216101665335612936455515833913087736371433510006841925819980304044555031386685112707198469576405055950152440169824569485304744274327377050043691896624225620437494313920990380616150344829467525052601399 0 0 0 0 0 0 0 0 0 0 0 0 0 0 0 0 0 0 0 0 0 0 0 0 0 0 0 0 0 0 0 0 1 0 0 0 0 0 0 0 0 0 0 0 0 0 0 0 0 0 0 0 0 0 0 0 0 0 0 0 0 0 0 0 0 0 0 0 0 0 0 0 0 0 0 0]
[2533658500654087166514125146140222193371298850785683669769697714124910172788497190959986852003152574531837382804528264265182655962600226497411166669615361039039896125383782337903922305498881293079225390126394053516804543410343496775 0 0 0 0 0 0 0 0 0 0 0 0 0 0 0 0 0 0 0 0 0 0 0 0 0 0 0 0 0 0 0 0 0 1 0 0 0 0 0 0 0 0 0 0 0 0 0 0 0 0 0 0 0 0 0 0 0 0 0 0 0 0 0 0 0 0 0 0 0 0 0 0 0 0 0 0]
[2996413239944078927428918590220021058821276757514131270688071926603398008360639562236010069688211684079683255709543750556903619015325305015581600338403432500090921683907491066259328775138913303360814025360767855663463161782634308790 0 0 0 0 0 0 0 0 0 0 0 0 0 0 0 0 0 0 0 0 0 0 0 0 0 0 0 0 0 0 0 0 0 0 1 0 0 0 0 0 0 0 0 0 0 0 0 0 0 0 0 0 0 0 0 0 0 0 0 0 0 0 0 0 0 0 0 0 0 0 0 0 0 0 0 0]
[4611351105238693788457515097971581856050118680785516447753323953494819018055662910496889408798914491106795555503379660988259138573856903515157864294309689812909244629763362034816947478902135094397024833185971415532100638183672622849 0 0 0 0 0 0 0 0 0 0 0 0 0 0 0 0 0 0 0 0 0 0 0 0 0 0 0 0 0 0 0 0 0 0 0 1 0 0 0 0 0 0 0 0 0 0 0 0 0 0 0 0 0 0 0 0 0 0 0 0 0 0 0 0 0 0 0 0 0 0 0 0 0 0 0 0]
[5041508233515907229221819400683167426563839869505712052120316805053955425405073196899283447737086446646823442620881076008705126367848233446359207831770079921918841315747374454234795137589805609464497223737255016676858151878459318656 0 0 0 0 0 0 0 0 0 0 0 0 0 0 0 0 0 0 0 0 0 0 0 0 0 0 0 0 0 0 0 0 0 0 0 0 1 0 0 0 0 0 0 0 0 0 0 0 0 0 0 0 0 0 0 0 0 0 0 0 0 0 0 0 0 0 0 0 0 0 0 0 0 0 0 0]
[2374937621393027065902342121921381798969129922562083117819146243364624076633830997745763672720811874036813567183216081024805521490689684310790331402161724900383750482143666544995539465791988471692090334867633518907603658169139724499 0 0 0 0 0 0 0 0 0 0 0 0 0 0 0 0 0 0 0 0 0 0 0 0 0 0 0 0 0 0 0 0 0 0 0 0 0 1 0 0 0 0 0 0 0 0 0 0 0 0 0 0 0 0 0 0 0 0 0 0 0 0 0 0 0 0 0 0 0 0 0 0 0 0 0 0]
[4248004241498722230844835475528756083694457889825394919875075462552345374859861478837602606645244358309764303821292331525739137544445083212775761006166518086529356247994520878425132055431262068650805975984219998288289638638063417199 0 0 0 0 0 0 0 0 0 0 0 0 0 0 0 0 0 0 0 0 0 0 0 0 0 0 0 0 0 0 0 0 0 0 0 0 0 0 1 0 0 0 0 0 0 0 0 0 0 0 0 0 0 0 0 0 0 0 0 0 0 0 0 0 0 0 0 0 0 0 0 0 0 0 0 0]
[480302043235001863884598008367976056938862459479947464872139367575389730316386993032775687990909050212131445313275998410985776351560072860513687997057515329262232380295835620317904701759473383514187843118849988440458701186084230246 0 0 0 0 0 0 0 0 0 0 0 0 0 0 0 0 0 0 0 0 0 0 0 0 0 0 0 0 0 0 0 0 0 0 0 0 0 0 0 1 0 0 0 0 0 0 0 0 0 0 0 0 0 0 0 0 0 0 0 0 0 0 0 0 0 0 0 0 0 0 0 0 0 0 0 0]
[3221353448016317186412347068974349828704293406585755370070291624829344486819926043845017394414334664696084094235387619051335685607615934635860993457555463405055150599450189271282768701059972293803564920851736515349922315360954632962 0 0 0 0 0 0 0 0 0 0 0 0 0 0 0 0 0 0 0 0 0 0 0 0 0 0 0 0 0 0 0 0 0 0 0 0 0 0 0 0 1 0 0 0 0 0 0 0 0 0 0 0 0 0 0 0 0 0 0 0 0 0 0 0 0 0 0 0 0 0 0 0 0 0 0 0]
[1592370382650152582267015420091398135272482622039566896023701870441199623708097556448701866578222933240239532078996450401155596875127020500869467708913720994789786534742389853976556232368110478439877007334279251327564852322417312313 0 0 0 0 0 0 0 0 0 0 0 0 0 0 0 0 0 0 0 0 0 0 0 0 0 0 0 0 0 0 0 0 0 0 0 0 0 0 0 0 0 1 0 0 0 0 0 0 0 0 0 0 0 0 0 0 0 0 0 0 0 0 0 0 0 0 0 0 0 0 0 0 0 0 0 0]
[4577144017189205136612845839786761147680597933225927063961448211008151560499731792270061125038393460631998244092807293866827310366808825029857429072055772099552355437665378431077925762995846436978345143898382757719445213171180115008 0 0 0 0 0 0 0 0 0 0 0 0 0 0 0 0 0 0 0 0 0 0 0 0 0 0 0 0 0 0 0 0 0 0 0 0 0 0 0 0 0 0 1 0 0 0 0 0 0 0 0 0 0 0 0 0 0 0 0 0 0 0 0 0 0 0 0 0 0 0 0 0 0 0 0 0]
[578839502637122074740085145181625339872744957924806552856221419665801786662555480353983683972812931236810076157973091755716584549212379509185119064301656619088903265520246915153368102536027194336759420531737156650871659770298602254 0 0 0 0 0 0 0 0 0 0 0 0 0 0 0 0 0 0 0 0 0 0 0 0 0 0 0 0 0 0 0 0 0 0 0 0 0 0 0 0 0 0 0 1 0 0 0 0 0 0 0 0 0 0 0 0 0 0 0 0 0 0 0 0 0 0 0 0 0 0 0 0 0 0 0 0]
[4868943564195556495456668052880706471098488788598117686083446891355653390393850152527577051827949879860220659348968275566939532060315913391252641969602404860151353673883193997949735019159218107302060256215199908514821695976824824525 0 0 0 0 0 0 0 0 0 0 0 0 0 0 0 0 0 0 0 0 0 0 0 0 0 0 0 0 0 0 0 0 0 0 0 0 0 0 0 0 0 0 0 0 1 0 0 0 0 0 0 0 0 0 0 0 0 0 0 0 0 0 0 0 0 0 0 0 0 0 0 0 0 0 0 0]
[2382398580920906396913864394060754559560846967054720064882117795733288606781564196184631645148574081537817596719237018686410843342580673135835324394964788857283347481019163596374258375631656157233237728298701883084162918448050954444 0 0 0 0 0 0 0 0 0 0 0 0 0 0 0 0 0 0 0 0 0 0 0 0 0 0 0 0 0 0 0 0 0 0 0 0 0 0 0 0 0 0 0 0 0 1 0 0 0 0 0 0 0 0 0 0 0 0 0 0 0 0 0 0 0 0 0 0 0 0 0 0 0 0 0 0]
[1118414975327706007345896456878849029205683655212660461762717675464142141281046562844789360831294411447093634473548578721767007963476832311068042090666563922662397025924889167274284953950633019713799541400213633185678383474614997171 0 0 0 0 0 0 0 0 0 0 0 0 0 0 0 0 0 0 0 0 0 0 0 0 0 0 0 0 0 0 0 0 0 0 0 0 0 0 0 0 0 0 0 0 0 0 1 0 0 0 0 0 0 0 0 0 0 0 0 0 0 0 0 0 0 0 0 0 0 0 0 0 0 0 0 0]
[16131174004551386049732113669426905180174236765302823286055969363233528914573443967034230490991826822602334768317861410861935173164980391673120052067206434987080535940312301318769299656028811667644742982627049996225772708456807824 0 0 0 0 0 0 0 0 0 0 0 0 0 0 0 0 0 0 0 0 0 0 0 0 0 0 0 0 0 0 0 0 0 0 0 0 0 0 0 0 0 0 0 0 0 0 0 1 0 0 0 0 0 0 0 0 0 0 0 0 0 0 0 0 0 0 0 0 0 0 0 0 0 0 0 0]
[840430244479830354341723010562051121900494509130148918471118990381968433677656636802152061318551907136210559349513973408123350980471681955298993127535491840187394693751754931796438025067016864752827978643180563377745472374661996921 0 0 0 0 0 0 0 0 0 0 0 0 0 0 0 0 0 0 0 0 0 0 0 0 0 0 0 0 0 0 0 0 0 0 0 0 0 0 0 0 0 0 0 0 0 0 0 0 1 0 0 0 0 0 0 0 0 0 0 0 0 0 0 0 0 0 0 0 0 0 0 0 0 0 0 0]
[2108286968005998156793411173206809191239700036141990792462312416093194006173404772071707650036210177421823663695976495892396801296361903290710391798310171423062385732615484641757511130893605187434968298333809525024392237168748317551 0 0 0 0 0 0 0 0 0 0 0 0 0 0 0 0 0 0 0 0 0 0 0 0 0 0 0 0 0 0 0 0 0 0 0 0 0 0 0 0 0 0 0 0 0 0 0 0 0 1 0 0 0 0 0 0 0 0 0 0 0 0 0 0 0 0 0 0 0 0 0 0 0 0 0 0]
[5757641681567856378053280103345795972817638187001629733451668083759285792347557211977137289271021440390002822099836659314941106361525974133446384448967333363784739823180147511380580236746140568487143195180948575462890696918391980397 0 0 0 0 0 0 0 0 0 0 0 0 0 0 0 0 0 0 0 0 0 0 0 0 0 0 0 0 0 0 0 0 0 0 0 0 0 0 0 0 0 0 0 0 0 0 0 0 0 0 1 0 0 0 0 0 0 0 0 0 0 0 0 0 0 0 0 0 0 0 0 0 0 0 0 0]
[2391513089569060781876733994960585376847059514211539795932516368401852207012349296401865022686278033353636788613912092267934218685878412126768810905057724778607429787455762773210229461134194623623873195751489422666136431834908978198 0 0 0 0 0 0 0 0 0 0 0 0 0 0 0 0 0 0 0 0 0 0 0 0 0 0 0 0 0 0 0 0 0 0 0 0 0 0 0 0 0 0 0 0 0 0 0 0 0 0 0 1 0 0 0 0 0 0 0 0 0 0 0 0 0 0 0 0 0 0 0 0 0 0 0 0]
[3309600785590477648621277474484675105887433255254668178122603817537125916912600236007485667467748255059856695949796150368481637147239430675837561166764878952615641946656190352332144582773021216347953982150920810652735603719495163179 0 0 0 0 0 0 0 0 0 0 0 0 0 0 0 0 0 0 0 0 0 0 0 0 0 0 0 0 0 0 0 0 0 0 0 0 0 0 0 0 0 0 0 0 0 0 0 0 0 0 0 0 1 0 0 0 0 0 0 0 0 0 0 0 0 0 0 0 0 0 0 0 0 0 0 0]
[3711488769365632397667236936161460668563787288962676037581812569708449004342652012170547345346808182248134710630902597925187176611836265553433283391315992899884225433743010293748732518474312205414830989531095057287107389165595898766 0 0 0 0 0 0 0 0 0 0 0 0 0 0 0 0 0 0 0 0 0 0 0 0 0 0 0 0 0 0 0 0 0 0 0 0 0 0 0 0 0 0 0 0 0 0 0 0 0 0 0 0 0 1 0 0 0 0 0 0 0 0 0 0 0 0 0 0 0 0 0 0 0 0 0 0]
[1784754963862314507878767881930900947919645490609227858312571576993822722876342699445440691965757312289359426669989849251460777690173423868309005133959053575043971803470166204690875231404340356497825182743432117138784704447131998572 0 0 0 0 0 0 0 0 0 0 0 0 0 0 0 0 0 0 0 0 0 0 0 0 0 0 0 0 0 0 0 0 0 0 0 0 0 0 0 0 0 0 0 0 0 0 0 0 0 0 0 0 0 0 1 0 0 0 0 0 0 0 0 0 0 0 0 0 0 0 0 0 0 0 0 0]
[3162047195577899415503680948954980940603801009619336031000187782732662521937031023698085216966810706858587384444821000180745973323076605423684998028040504112027785075299300497314310177790623547347259919380843445240934976186057749579 0 0 0 0 0 0 0 0 0 0 0 0 0 0 0 0 0 0 0 0 0 0 0 0 0 0 0 0 0 0 0 0 0 0 0 0 0 0 0 0 0 0 0 0 0 0 0 0 0 0 0 0 0 0 0 1 0 0 0 0 0 0 0 0 0 0 0 0 0 0 0 0 0 0 0 0]
[661153829286129503977397811140860426729140011785637190064141959339224584756722066261720538998256452218798031622680174414382640827564120040546433123455880485927838359538613708701409100646552861926490879786711153043020986419769643258 0 0 0 0 0 0 0 0 0 0 0 0 0 0 0 0 0 0 0 0 0 0 0 0 0 0 0 0 0 0 0 0 0 0 0 0 0 0 0 0 0 0 0 0 0 0 0 0 0 0 0 0 0 0 0 0 1 0 0 0 0 0 0 0 0 0 0 0 0 0 0 0 0 0 0 0]
[5066303828072703331978184363433231617322934414426973971184707951167919383594122448773712403621424363607587716175302490242438881967847271892994677067159999253203682688417407946489985781729637784185680769562491543285774900403938535563 0 0 0 0 0 0 0 0 0 0 0 0 0 0 0 0 0 0 0 0 0 0 0 0 0 0 0 0 0 0 0 0 0 0 0 0 0 0 0 0 0 0 0 0 0 0 0 0 0 0 0 0 0 0 0 0 0 1 0 0 0 0 0 0 0 0 0 0 0 0 0 0 0 0 0 0]
[4314797394353577182485574431970237336842506096239809929538912264526281636939941699729181371348598617614918320615055378504142937679381081264614188170675321010623129272124146307341514018438993332556395585977719507192589148969955340819 0 0 0 0 0 0 0 0 0 0 0 0 0 0 0 0 0 0 0 0 0 0 0 0 0 0 0 0 0 0 0 0 0 0 0 0 0 0 0 0 0 0 0 0 0 0 0 0 0 0 0 0 0 0 0 0 0 0 1 0 0 0 0 0 0 0 0 0 0 0 0 0 0 0 0 0]
[5776241378801517909519385659095751303827937708846541575567073618335905883834662359770849890135113347660480655688435128221453213395996302974402357141812273611052200049095416501353929294472083692547044645705719423096908829105540202006 0 0 0 0 0 0 0 0 0 0 0 0 0 0 0 0 0 0 0 0 0 0 0 0 0 0 0 0 0 0 0 0 0 0 0 0 0 0 0 0 0 0 0 0 0 0 0 0 0 0 0 0 0 0 0 0 0 0 0 1 0 0 0 0 0 0 0 0 0 0 0 0 0 0 0 0]
[2800228525528154927994917097531893769249259555925420559061753213528803962915635410393823403932326867962278109621861862377647568877648372562822033459682150258869852989345407787370896306994385153942666013615456449238496462380801920886 0 0 0 0 0 0 0 0 0 0 0 0 0 0 0 0 0 0 0 0 0 0 0 0 0 0 0 0 0 0 0 0 0 0 0 0 0 0 0 0 0 0 0 0 0 0 0 0 0 0 0 0 0 0 0 0 0 0 0 0 1 0 0 0 0 0 0 0 0 0 0 0 0 0 0 0]
[4515269796439116057462430762651210641854959485838727616294895957202679065978258824044451220973656751040899840297891857069063944053550673930153338889029023575787408616135226245342229862231469058449438365428245645964213584407166989402 0 0 0 0 0 0 0 0 0 0 0 0 0 0 0 0 0 0 0 0 0 0 0 0 0 0 0 0 0 0 0 0 0 0 0 0 0 0 0 0 0 0 0 0 0 0 0 0 0 0 0 0 0 0 0 0 0 0 0 0 0 1 0 0 0 0 0 0 0 0 0 0 0 0 0 0]
[2972777875909325508450261468549670138072724531007554144815943817343514571817806223859169999828795848408829580099949648950340920232924432444338432330519079171484038262220828291712444094994026749892708770002222974937597245602551985129 0 0 0 0 0 0 0 0 0 0 0 0 0 0 0 0 0 0 0 0 0 0 0 0 0 0 0 0 0 0 0 0 0 0 0 0 0 0 0 0 0 0 0 0 0 0 0 0 0 0 0 0 0 0 0 0 0 0 0 0 0 0 1 0 0 0 0 0 0 0 0 0 0 0 0 0]
[1645458089818210212949951345860072570668805112297415459745450578691620635342686282956159495510665031311602456182226239348827263929385924017470485791838996520572491311924765687418240736856337240586223212337553857791948389812998753250 0 0 0 0 0 0 0 0 0 0 0 0 0 0 0 0 0 0 0 0 0 0 0 0 0 0 0 0 0 0 0 0 0 0 0 0 0 0 0 0 0 0 0 0 0 0 0 0 0 0 0 0 0 0 0 0 0 0 0 0 0 0 0 1 0 0 0 0 0 0 0 0 0 0 0 0]
[1444270774877836685391598935713233829860885344946074834546785313354401159597860059015882946313477134974489247812665674448569832417560243934337727828905029290142591295079887065670247409759344557597065272498059675058846157627171810294 0 0 0 0 0 0 0 0 0 0 0 0 0 0 0 0 0 0 0 0 0 0 0 0 0 0 0 0 0 0 0 0 0 0 0 0 0 0 0 0 0 0 0 0 0 0 0 0 0 0 0 0 0 0 0 0 0 0 0 0 0 0 0 0 1 0 0 0 0 0 0 0 0 0 0 0]
[5615286916309077584406234478764933399753736406218648694495443012948984700723358665499620074247267812040763929817181344143524266774916726846393130825364377604029930687171216689879182665798715093576277565430641054432370492130029074098 0 0 0 0 0 0 0 0 0 0 0 0 0 0 0 0 0 0 0 0 0 0 0 0 0 0 0 0 0 0 0 0 0 0 0 0 0 0 0 0 0 0 0 0 0 0 0 0 0 0 0 0 0 0 0 0 0 0 0 0 0 0 0 0 0 1 0 0 0 0 0 0 0 0 0 0]
[4584594054958640667691575731867862140147328864661019000199604498798420340224680062867639043330815973828285528318750419776932730569363880210693752836388029548348315365487574325567431696624611371387452584794349155054491766493130452124 0 0 0 0 0 0 0 0 0 0 0 0 0 0 0 0 0 0 0 0 0 0 0 0 0 0 0 0 0 0 0 0 0 0 0 0 0 0 0 0 0 0 0 0 0 0 0 0 0 0 0 0 0 0 0 0 0 0 0 0 0 0 0 0 0 0 1 0 0 0 0 0 0 0 0 0]
[5090515655460524387443716098146419240028960292201477501964897726624606313968104743390349512318445154094032794923801828609083745205100927849270725076131967884627696340662992029433218795937413120459529991650020714513666856669327494313 0 0 0 0 0 0 0 0 0 0 0 0 0 0 0 0 0 0 0 0 0 0 0 0 0 0 0 0 0 0 0 0 0 0 0 0 0 0 0 0 0 0 0 0 0 0 0 0 0 0 0 0 0 0 0 0 0 0 0 0 0 0 0 0 0 0 0 1 0 0 0 0 0 0 0 0]
[847636340891033805212086221501627180580414300270140380415664511465925775970974076362931518012594186765610602336699305728994451435978386598334977562926077707020331070869579443426823743604294743857917276530001510962544639368380962628 0 0 0 0 0 0 0 0 0 0 0 0 0 0 0 0 0 0 0 0 0 0 0 0 0 0 0 0 0 0 0 0 0 0 0 0 0 0 0 0 0 0 0 0 0 0 0 0 0 0 0 0 0 0 0 0 0 0 0 0 0 0 0 0 0 0 0 0 1 0 0 0 0 0 0 0]
[4285505799793081915193950000157371369012317157498916132321654804189311900237719377170514696828302831652523836069597502987946719841498257576614950170780595583983298840639178769402649324986119635647737937059112644779527300793378383288 0 0 0 0 0 0 0 0 0 0 0 0 0 0 0 0 0 0 0 0 0 0 0 0 0 0 0 0 0 0 0 0 0 0 0 0 0 0 0 0 0 0 0 0 0 0 0 0 0 0 0 0 0 0 0 0 0 0 0 0 0 0 0 0 0 0 0 0 0 1 0 0 0 0 0 0]
[1851692722859836029773780966571440476274114292818071657230437730022782633795094902280451802309849337800004043694327634383430621264849857652390351695388163370798028848702070794172482467000656911576428592549090505071488870738716092009 0 0 0 0 0 0 0 0 0 0 0 0 0 0 0 0 0 0 0 0 0 0 0 0 0 0 0 0 0 0 0 0 0 0 0 0 0 0 0 0 0 0 0 0 0 0 0 0 0 0 0 0 0 0 0 0 0 0 0 0 0 0 0 0 0 0 0 0 0 0 1 0 0 0 0 0]
[1486032443758715037871521779061250572175901406354196378681262746984905458273282200431783849121082903741996321064542856188812799320220453550766693088819356800265424895608151538975660248621702433039824786350113043605448480444180174578 0 0 0 0 0 0 0 0 0 0 0 0 0 0 0 0 0 0 0 0 0 0 0 0 0 0 0 0 0 0 0 0 0 0 0 0 0 0 0 0 0 0 0 0 0 0 0 0 0 0 0 0 0 0 0 0 0 0 0 0 0 0 0 0 0 0 0 0 0 0 0 1 0 0 0 0]
[5521290712440964755726660006610665708732797045675441358049249597127321291560544024589850643225455850354989150529167051595009558226040832429872487875692296542310385989993746530031957833622220558447393481559482179435033483589530029246 0 0 0 0 0 0 0 0 0 0 0 0 0 0 0 0 0 0 0 0 0 0 0 0 0 0 0 0 0 0 0 0 0 0 0 0 0 0 0 0 0 0 0 0 0 0 0 0 0 0 0 0 0 0 0 0 0 0 0 0 0 0 0 0 0 0 0 0 0 0 0 0 1 0 0 0]
[1882934816758636504489122204947176560470903895611665615112831641661910496601595087789551161976286969303229552086104612855512874257228958858005009788349733736751948887558818685627330102541243226599543165799997573220060162448239349155 0 0 0 0 0 0 0 0 0 0 0 0 0 0 0 0 0 0 0 0 0 0 0 0 0 0 0 0 0 0 0 0 0 0 0 0 0 0 0 0 0 0 0 0 0 0 0 0 0 0 0 0 0 0 0 0 0 0 0 0 0 0 0 0 0 0 0 0 0 0 0 0 0 1 0 0]
[2247918453061008013889735468423160620984676446671797830726925373833544168405883933840391317439586362493306803872305072811425018116401173083276272564427693373845334494476746290050043206880120010255132303177205074410992008821835816915 0 0 0 0 0 0 0 0 0 0 0 0 0 0 0 0 0 0 0 0 0 0 0 0 0 0 0 0 0 0 0 0 0 0 0 0 0 0 0 0 0 0 0 0 0 0 0 0 0 0 0 0 0 0 0 0 0 0 0 0 0 0 0 0 0 0 0 0 0 0 0 0 0 0 1 0]
[5286230133725428671155540947468565049653687793232246610957150606307640705745297746474903022024350567852061465770471507265635012712961533534761535349921516378390682720726599292000252795399444113733880515842779610314221344437532736812 0 0 0 0 0 0 0 0 0 0 0 0 0 0 0 0 0 0 0 0 0 0 0 0 0 0 0 0 0 0 0 0 0 0 0 0 0 0 0 0 0 0 0 0 0 0 0 0 0 0 0 0 0 0 0 0 0 0 0 0 0 0 0 0 0 0 0 0 0 0 0 0 0 0 0 1]
]
