[[5115500567986159120293728093574598325715023917259360595580128211362919238216018962429333837492352317639454819527365635280902155546539617962178432235368526321264796201770250962655513899494124171443164982775837365418018084164648015531 0 0 0 0 0 0 0 0 0 0 0 0 0 0 0 0 0 0 0 0 0 0 0 0 0 0 0 0 0 0 0 0 0 0 0 0 0 0 0 0 0 0 0 0 0 0 0 0 0 0 0 0 0 0 0 0 0 0 0 0 0 0 0 0 0 0 0 0 0 0 0 0 0 0 0 0]
[658895498830999309928578220923770084269612332692269168402262405110849486058974003628316923945691187202233891929884325731095198082445760375840400123015822699012358783962560123138847450009487636926156455090724493407520494663156613424 1 0 0 0 0 0 0 0 0 0 0 0 0 0 0 0 0 0 0 0 0 0 0 0 0 0 0 0 0 0 0 0 0 0 0 0 0 0 0 0 0 0 0 0 0 0 0 0 0 0 0 0 0 0 0 0 0 0 0 0 0 0 0 0 0 0 0 0 0 0 0 0 0 0 0 0]
[4547497252299798830258192657785124947400239283253940078646323378730713501654444007368379019250994904112576818342706268141200229863015645161814229842513368275427113141680514730777328940517203683416055508769952898513381253213434154815 0 1 0 0 0 0 0 0 0 0 0 0 0 0 0 0 0 0 0 0 0 0 0 0 0 0 0 0 0 0 0 0 0 0 0 0 0 0 0 0 0 0 0 0 0 0 0 0 0 0 0 0 0 0 0 0 0 0 0 0 0 0 0 0 0 0 0 0 0 0 0 0 0 0 0 0]
[2935276931452697388518222180580036063669225720035237721648378063445929735933975815749335213145916108123147498188878224166662531813025433492774691777473571909652512939600065321063335927025524258029136380095309234160990700333423929304 0 0 1 0 0 0 0 0 0 0 0 0 0 0 0 0 0 0 0 0 0 0 0 0 0 0 0 0 0 0 0 0 0 0 0 0 0 0 0 0 0 0 0 0 0 0 0 0 0 0 0 0 0 0 0 0 0 0 0 0 0 0 0 0 0 0 0 0 0 0 0 0 0 0 0 0]
[3998867788714778661563353394277128703764979218228764030143990002219047744238317997366461553488310054178266492166601414519119150104567375496990435949795874798607918347073212457958156771695092631451937151094256521706325361046557850535 0 0 0 1 0 0 0 0 0 0 0 0 0 0 0 0 0 0 0 0 0 0 0 0 0 0 0 0 0 0 0 0 0 0 0 0 0 0 0 0 0 0 0 0 0 0 0 0 0 0 0 0 0 0 0 0 0 0 0 0 0 0 0 0 0 0 0 0 0 0 0 0 0 0 0 0]
[1907930785150889065837545080198870949411415901046989344869830073065166558238046226122611591094766744550981519091504203708155512070526005579391404404622169069084274842255969431380780349784856710231358110425500898502373995892407793396 0 0 0 0 1 0 0 0 0 0 0 0 0 0 0 0 0 0 0 0 0 0 0 0 0 0 0 0 0 0 0 0 0 0 0 0 0 0 0 0 0 0 0 0 0 0 0 0 0 0 0 0 0 0 0 0 0 0 0 0 0 0 0 0 0 0 0 0 0 0 0 0 0 0 0 0]
[4421903052353853057569453988221391220469422411358448260995714328418992873755466192228142725425665945477553615476233615034871104916674763166690739133874100847613934462124205338801184288578885413793205669195059429949788238856398810475 0 0 0 0 0 1 0 0 0 0 0 0 0 0 0 0 0 0 0 0 0 0 0 0 0 0 0 0 0 0 0 0 0 0 0 0 0 0 0 0 0 0 0 0 0 0 0 0 0 0 0 0 0 0 0 0 0 0 0 0 0 0 0 0 0 0 0 0 0 0 0 0 0 0 0 0]
[1349887661210021336082416851048013088389047616066854429099133569991697311331304388078071173137156108369391264294254882718604278761902197088766194290492093461383607839691220723442276243737234872526105869620160513187434069957484543761 0 0 0 0 0 0 1 0 0 0 0 0 0 0 0 0 0 0 0 0 0 0 0 0 0 0 0 0 0 0 0 0 0 0 0 0 0 0 0 0 0 0 0 0 0 0 0 0 0 0 0 0 0 0 0 0 0 0 0 0 0 0 0 0 0 0 0 0 0 0 0 0 0 0 0 0]
[4634858347641955513366615372538678223539961800480430598676037568991850115815455636783861480408822950537354459305532398875653132081585040477370022466710207244444256664319232086627005561829340215903957641110418702874369264637277535028 0 0 0 0 0 0 0 1 0 0 0 0 0 0 0 0 0 0 0 0 0 0 0 0 0 0 0 0 0 0 0 0 0 0 0 0 0 0 0 0 0 0 0 0 0 0 0 0 0 0 0 0 0 0 0 0 0 0 0 0 0 0 0 0 0 0 0 0 0 0 0 0 0 0 0 0]
[4383957417594933652837673877465029136388388911109855224960279846197491607346954654223100073662006305830125600042379953362208063646756615645721300668492015607736431855123409581461268306225512725777316593215451779152996040059069233034 0 0 0 0 0 0 0 0 1 0 0 0 0 0 0 0 0 0 0 0 0 0 0 0 0 0 0 0 0 0 0 0 0 0 0 0 0 0 0 0 0 0 0 0 0 0 0 0 0 0 0 0 0 0 0 0 0 0 0 0 0 0 0 0 0 0 0 0 0 0 0 0 0 0 0 0]
[3411410245289905789785895799835855881720262668109670189374753237239615122711093804907483526010032287249553327241607271047331109541417339283133032937115133209685994169262926495569992916054693953182840203836389210479177277220097950156 0 0 0 0 0 0 0 0 0 1 0 0 0 0 0 0 0 0 0 0 0 0 0 0 0 0 0 0 0 0 0 0 0 0 0 0 0 0 0 0 0 0 0 0 0 0 0 0 0 0 0 0 0 0 0 0 0 0 0 0 0 0 0 0 0 0 0 0 0 0 0 0 0 0 0 0]
[1493865387741555572930086620351374632693924448069623529606315342899324622627323869806307906571923448902975655464987216323423793655867859842240944178545273119869061158446209429877152297611213442709997520910906428245660075011338638934 0 0 0 0 0 0 0 0 0 0 1 0 0 0 0 0 0 0 0 0 0 0 0 0 0 0 0 0 0 0 0 0 0 0 0 0 0 0 0 0 0 0 0 0 0 0 0 0 0 0 0 0 0 0 0 0 0 0 0 0 0 0 0 0 0 0 0 0 0 0 0 0 0 0 0 0]
[3748973917646264748020352723951444718285988331635139058565160392490905715277777159094541357214644256024486332099750701288104432966185246883620025513923281310058932711290455076018829760532355579764591131438443896284392573295860156550 0 0 0 0 0 0 0 0 0 0 0 1 0 0 0 0 0 0 0 0 0 0 0 0 0 0 0 0 0 0 0 0 0 0 0 0 0 0 0 0 0 0 0 0 0 0 0 0 0 0 0 0 0 0 0 0 0 0 0 0 0 0 0 0 0 0 0 0 0 0 0 0 0 0 0 0]
[2374849619582459081103696929939250879131379780377490626645516425641111073937300568758028411618641014738531450466733418727015857881203594189676042110866177797346712240044934295561079377364851597211166067243130245121982902415383675629 0 0 0 0 0 0 0 0 0 0 0 0 1 0 0 0 0 0 0 0 0 0 0 0 0 0 0 0 0 0 0 0 0 0 0 0 0 0 0 0 0 0 0 0 0 0 0 0 0 0 0 0 0 0 0 0 0 0 0 0 0 0 0 0 0 0 0 0 0 0 0 0 0 0 0 0]
[3995648170753740724395124176410571444364397521266070207313100510702373566339215561682303621318392786261492722185592827612383768768012097343601947484984123470127428982700745378566926497747887244697277379216144257368891908244219863332 0 0 0 0 0 0 0 0 0 0 0 0 0 1 0 0 0 0 0 0 0 0 0 0 0 0 0 0 0 0 0 0 0 0 0 0 0 0 0 0 0 0 0 0 0 0 0 0 0 0 0 0 0 0 0 0 0 0 0 0 0 0 0 0 0 0 0 0 0 0 0 0 0 0 0 0]
[1127627295114416863261029564300127075234348504889838786475180501260535423029428726400053136445278673238837207896796877804495334330281546206520799027148879039872917864237773963463611051524834060630117512918188806096543698528385805994 0 0 0 0 0 0 0 0 0 0 0 0 0 0 1 0 0 0 0 0 0 0 0 0 0 0 0 0 0 0 0 0 0 0 0 0 0 0 0 0 0 0 0 0 0 0 0 0 0 0 0 0 0 0 0 0 0 0 0 0 0 0 0 0 0 0 0 0 0 0 0 0 0 0 0 0]
[2872647628472513340037342541736169144308635358321835854126474776507713639954366643693836543605929363604526042108839172275538008013483445823862650494566343969334449219871326535445734085666792157041830925236648357871247594937953698631 0 0 0 0 0 0 0 0 0 0 0 0 0 0 0 1 0 0 0 0 0 0 0 0 0 0 0 0 0 0 0 0 0 0 0 0 0 0 0 0 0 0 0 0 0 0 0 0 0 0 0 0 0 0 0 0 0 0 0 0 0 0 0 0 0 0 0 0 0 0 0 0 0 0 0 0]
[3076426266181488225832315647136074323847470508149485063449127202125437735274811245779066567763118119487215620455854631014791871386125954976827975892053098878652455904640091775656032942668313501711762080061358935565641782129601795989 0 0 0 0 0 0 0 0 0 0 0 0 0 0 0 0 1 0 0 0 0 0 0 0 0 0 0 0 0 0 0 0 0 0 0 0 0 0 0 0 0 0 0 0 0 0 0 0 0 0 0 0 0 0 0 0 0 0 0 0 0 0 0 0 0 0 0 0 0 0 0 0 0 0 0 0]
[4142515291376197229753344332975899120200932297110821707233676127221036859694315399812532416935828775903883356861101094210208745520725941940616801456952764250361158869730341332960956835773987865789284827695838796891584654010211946806 0 0 0 0 0 0 0 0 0 0 0 0 0 0 0 0 0 1 0 0 0 0 0 0 0 0 0 0 0 0 0 0 0 0 0 0 0 0 0 0 0 0 0 0 0 0 0 0 0 0 0 0 0 0 0 0 0 0 0 0 0 0 0 0 0 0 0 0 0 0 0 0 0 0 0 0]
[3788725114108216080942926739357215235801364289372414278080721612653470784858601561305057553038113335023712512269055613940089167600102122173295362770143035473020250708030545124547583424115727441169360171794336297241981628487162094800 0 0 0 0 0 0 0 0 0 0 0 0 0 0 0 0 0 0 1 0 0 0 0 0 0 0 0 0 0 0 0 0 0 0 0 0 0 0 0 0 0 0 0 0 0 0 0 0 0 0 0 0 0 0 0 0 0 0 0 0 0 0 0 0 0 0 0 0 0 0 0 0 0 0 0 0]
[4206186147914024828649718740491477456772602722278582239006320783949953940867777802636168025591959418777287059587246424019925520818829368366148391016846421476685189215859128302598955178481362711357863091491685863029933757443149304522 0 0 0 0 0 0 0 0 0 0 0 0 0 0 0 0 0 0 0 1 0 0 0 0 0 0 0 0 0 0 0 0 0 0 0 0 0 0 0 0 0 0 0 0 0 0 0 0 0 0 0 0 0 0 0 0 0 0 0 0 0 0 0 0 0 0 0 0 0 0 0 0 0 0 0 0]
[100493205053099609357309592840487011596835285768803139586943992049153795676049722524447325381029983597279224708785524137541184031301044744612411684017857212546536831942205620794554182117833877147978902370635703289933869649193597547 0 0 0 0 0 0 0 0 0 0 0 0 0 0 0 0 0 0 0 0 1 0 0 0 0 0 0 0 0 0 0 0 0 0 0 0 0 0 0 0 0 0 0 0 0 0 0 0 0 0 0 0 0 0 0 0 0 0 0 0 0 0 0 0 0 0 0 0 0 0 0 0 0 0 0 0]
[3564715576463750195754735855414321188295036204136449750752499892984053547700805456156756317168002171174925097364840477115064365641669270072084447771016448739421887846477758388100326715804788713771606294205444869476633621611651770979 0 0 0 0 0 0 0 0 0 0 0 0 0 0 0 0 0 0 0 0 0 1 0 0 0 0 0 0 0 0 0 0 0 0 0 0 0 0 0 0 0 0 0 0 0 0 0 0 0 0 0 0 0 0 0 0 0 0 0 0 0 0 0 0 0 0 0 0 0 0 0 0 0 0 0 0]
[4208143433235809408049669934979792255891055419335757029433826958811670244211910646893154430199798520248054004294999883520630880242871406973356366238210202949325405572579322019294136966318798681989505851956570759334797028774943269050 0 0 0 0 0 0 0 0 0 0 0 0 0 0 0 0 0 0 0 0 0 0 1 0 0 0 0 0 0 0 0 0 0 0 0 0 0 0 0 0 0 0 0 0 0 0 0 0 0 0 0 0 0 0 0 0 0 0 0 0 0 0 0 0 0 0 0 0 0 0 0 0 0 0 0 0]
[4235169523564380311077834154594220326051310388438060033524973582707369346264508029492725744678249514403082169145716867776758353464521021357034622458875038056040768182196857025856619945339336019581850091563986941255484227307597925197 0 0 0 0 0 0 0 0 0 0 0 0 0 0 0 0 0 0 0 0 0 0 0 1 0 0 0 0 0 0 0 0 0 0 0 0 0 0 0 0 0 0 0 0 0 0 0 0 0 0 0 0 0 0 0 0 0 0 0 0 0 0 0 0 0 0 0 0 0 0 0 0 0 0 0 0]
[340545985034495934334003756294655604572402383242660390861507960798513828972326685404810284668107235237117798429506981760307482706356352659524291487122252711456597034788124965691044841682443825307481564447417050369046842375624837406 0 0 0 0 0 0 0 0 0 0 0 0 0 0 0 0 0 0 0 0 0 0 0 0 1 0 0 0 0 0 0 0 0 0 0 0 0 0 0 0 0 0 0 0 0 0 0 0 0 0 0 0 0 0 0 0 0 0 0 0 0 0 0 0 0 0 0 0 0 0 0 0 0 0 0 0]
[4501310113861629145448838903113037186632768837725657441180332375870528232770070567436831699190329469995156050208811735195009604795126438279563898906169341745614522287816084725555914131963756808834698492972379584281676222487047380183 0 0 0 0 0 0 0 0 0 0 0 0 0 0 0 0 0 0 0 0 0 0 0 0 0 1 0 0 0 0 0 0 0 0 0 0 0 0 0 0 0 0 0 0 0 0 0 0 0 0 0 0 0 0 0 0 0 0 0 0 0 0 0 0 0 0 0 0 0 0 0 0 0 0 0 0]
[3153353659485769797954695175060449960246145993519941150240805574657741006033017967317922625519560303008797523032783222292439894796206617661164635393794101145408104818918786278694974389091705234396702397224438025293349118494676538587 0 0 0 0 0 0 0 0 0 0 0 0 0 0 0 0 0 0 0 0 0 0 0 0 0 0 1 0 0 0 0 0 0 0 0 0 0 0 0 0 0 0 0 0 0 0 0 0 0 0 0 0 0 0 0 0 0 0 0 0 0 0 0 0 0 0 0 0 0 0 0 0 0 0 0 0]
[710325829505000034927203071450764438170886472832781514130458249126861166664427326646812040361533904719093746945031847969039533955192499710654332606500084591148017079602168576914546987382456122471223905159552455417860584752420146643 0 0 0 0 0 0 0 0 0 0 0 0 0 0 0 0 0 0 0 0 0 0 0 0 0 0 0 1 0 0 0 0 0 0 0 0 0 0 0 0 0 0 0 0 0 0 0 0 0 0 0 0 0 0 0 0 0 0 0 0 0 0 0 0 0 0 0 0 0 0 0 0 0 0 0 0]
[4006153582678788274389523448736275465286775843393420976486619273443439335035884774622331108003879235150576155289623945788152114199644608816639847788103185047211831693213758561703328466539459856627639546594230544629590745325425422029 0 0 0 0 0 0 0 0 0 0 0 0 0 0 0 0 0 0 0 0 0 0 0 0 0 0 0 0 1 0 0 0 0 0 0 0 0 0 0 0 0 0 0 0 0 0 0 0 0 0 0 0 0 0 0 0 0 0 0 0 0 0 0 0 0 0 0 0 0 0 0 0 0 0 0 0]
[824928873323972160780583658759917001404864817974043654052692077584099821176622934015185303548862279403707978630349823688440915041406142357081163419606301845071295899451947412904565175072903068172074391797019301680917610091216278619 0 0 0 0 0 0 0 0 0 0 0 0 0 0 0 0 0 0 0 0 0 0 0 0 0 0 0 0 0 1 0 0 0 0 0 0 0 0 0 0 0 0 0 0 0 0 0 0 0 0 0 0 0 0 0 0 0 0 0 0 0 0 0 0 0 0 0 0 0 0 0 0 0 0 0 0]
[4436085220224624095800761428319524790037222452699431755336467226036877312441322045303140604152821714663540571707854110267486088374988843770065360799173130210388610177404730242482265652987381751437469773613612494769746886034092171552 0 0 0 0 0 0 0 0 0 0 0 0 0 0 0 0 0 0 0 0 0 0 0 0 0 0 0 0 0 0 1 0 0 0 0 0 0 0 0 0 0 0 0 0 0 0 0 0 0 0 0 0 0 0 0 0 0 0 0 0 0 0 0 0 0 0 0 0 0 0 0 0 0 0 0 0]
[1369591774201262950798193817082902788574544494834367990560951767900253310907145571899885199010603219125105901396677651655583447673149594466240672267073037917332354144200458430839795427034836060550460611968171769871092493574238994612 0 0 0 0 0 0 0 0 0 0 0 0 0 0 0 0 0 0 0 0 0 0 0 0 0 0 0 0 0 0 0 1 0 0 0 0 0 0 0 0 0 0 0 0 0 0 0 0 0 0 0 0 0 0 0 0 0 0 0 0 0 0 0 0 0 0 0 0 0 0 0 0 0 0 0 0]
[3207079245585036679423418859382792069151595716808058394190161794356915019965008896256863934658049463458534088249845411021472735355643504726702895057492505482373731468931822642050141334199246910931858898327621976863527215884405548572 0 0 0 0 0 0 0 0 0 0 0 0 0 0 0 0 0 0 0 0 0 0 0 0 0 0 0 0 0 0 0 0 1 0 0 0 0 0 0 0 0 0 0 0 0 0 0 0 0 0 0 0 0 0 0 0 0 0 0 0 0 0 0 0 0 0 0 0 0 0 0 0 0 0 0 0]
[1278674614836154668505358317379604360227519643571477076325759234921104798499535600604083964130495352611854308694370297964962645522758932272538398425477463140640608949564191465109977197042465098864612884317313569772675398922892089670 0 0 0 0 0 0 0 0 0 0 0 0 0 0 0 0 0 0 0 0 0 0 0 0 0 0 0 0 0 0 0 0 0 1 0 0 0 0 0 0 0 0 0 0 0 0 0 0 0 0 0 0 0 0 0 0 0 0 0 0 0 0 0 0 0 0 0 0 0 0 0 0 0 0 0 0]
[2267518940796778690531912756551528965562881744073530608452087804293296647876800197390855955228863020146607526240704560523016193658152498628424486665508542546092398560718730933924291891443147719263794197679706578237106006408526913405 0 0 0 0 0 0 0 0 0 0 0 0 0 0 0 0 0 0 0 0 0 0 0 0 0 0 0 0 0 0 0 0 0 0 1 0 0 0 0 0 0 0 0 0 0 0 0 0 0 0 0 0 0 0 0 0 0 0 0 0 0 0 0 0 0 0 0 0 0 0 0 0 0 0 0 0]
[4614601932276318182376760794173335089787722298108480750109488477910953595411695837127634093359439666874034357701192712409590943044987797929015111157401738017675724562500751934861182215721486197985092850887666087166373886770887032500 0 0 0 0 0 0 0 0 0 0 0 0 0 0 0 0 0 0 0 0 0 0 0 0 0 0 0 0 0 0 0 0 0 0 0 1 0 0 0 0 0 0 0 0 0 0 0 0 0 0 0 0 0 0 0 0 0 0 0 0 0 0 0 0 0 0 0 0 0 0 0 0 0 0 0 0]
[2931632691029789332424176721025370318268733316334026713646090797134501890492581699051797301483315986348752771627075901096573342624050651391551517906174592284370518487111843243647911681043750870965969249030366926483475744196265704244 0 0 0 0 0 0 0 0 0 0 0 0 0 0 0 0 0 0 0 0 0 0 0 0 0 0 0 0 0 0 0 0 0 0 0 0 1 0 0 0 0 0 0 0 0 0 0 0 0 0 0 0 0 0 0 0 0 0 0 0 0 0 0 0 0 0 0 0 0 0 0 0 0 0 0 0]
[2301995843548075688593049122494776716070721818255137586467432766395316616952206113291694241869931660364758931187031396261065816398743465169001520340563587051171407488943248479148872323677826182682283070287636952592751803750304390562 0 0 0 0 0 0 0 0 0 0 0 0 0 0 0 0 0 0 0 0 0 0 0 0 0 0 0 0 0 0 0 0 0 0 0 0 0 1 0 0 0 0 0 0 0 0 0 0 0 0 0 0 0 0 0 0 0 0 0 0 0 0 0 0 0 0 0 0 0 0 0 0 0 0 0 0]
[2598175392306831091776787071158593433315858975082451992904184216729764821436717338127557190144965091690643006135244496452369372783301192885738345311729560729032871573647258402848641428930084972150928720876552808461822747764665255076 0 0 0 0 0 0 0 0 0 0 0 0 0 0 0 0 0 0 0 0 0 0 0 0 0 0 0 0 0 0 0 0 0 0 0 0 0 0 1 0 0 0 0 0 0 0 0 0 0 0 0 0 0 0 0 0 0 0 0 0 0 0 0 0 0 0 0 0 0 0 0 0 0 0 0 0]
[3817431413514373710676914239539690630552007623248033345635042916104122248766259890631698178562508752302105017158536621422982087160126557084565179673556895163219552491341977344612409439969476960441449769959396230990889304958078134380 0 0 0 0 0 0 0 0 0 0 0 0 0 0 0 0 0 0 0 0 0 0 0 0 0 0 0 0 0 0 0 0 0 0 0 0 0 0 0 1 0 0 0 0 0 0 0 0 0 0 0 0 0 0 0 0 0 0 0 0 0 0 0 0 0 0 0 0 0 0 0 0 0 0 0 0]
[2811393231237648342599833764671901543260992128599302974864948483011153382528525515371788882483849802993204993254035459211568722586793473476139588180516439457376610081554085598881997423077247724243518797688725491089225801589503741346 0 0 0 0 0 0 0 0 0 0 0 0 0 0 0 0 0 0 0 0 0 0 0 0 0 0 0 0 0 0 0 0 0 0 0 0 0 0 0 0 1 0 0 0 0 0 0 0 0 0 0 0 0 0 0 0 0 0 0 0 0 0 0 0 0 0 0 0 0 0 0 0 0 0 0 0]
[1032979654540623765168463677120904339824356835029970083825861021502408175999845297971677816507328315888179205308415753481798727340423377330381996612398216808243595888836120462124821230364732468905030714899660030226899810797007477956 0 0 0 0 0 0 0 0 0 0 0 0 0 0 0 0 0 0 0 0 0 0 0 0 0 0 0 0 0 0 0 0 0 0 0 0 0 0 0 0 0 1 0 0 0 0 0 0 0 0 0 0 0 0 0 0 0 0 0 0 0 0 0 0 0 0 0 0 0 0 0 0 0 0 0 0]
[1356545907759339793890405450558826320531550599232908529858637867042930360582669949480806566184030207251160927229697335080089170353859044527836863101043621772662212407354076187002674093435078309984611582411446447653938822375564876843 0 0 0 0 0 0 0 0 0 0 0 0 0 0 0 0 0 0 0 0 0 0 0 0 0 0 0 0 0 0 0 0 0 0 0 0 0 0 0 0 0 0 1 0 0 0 0 0 0 0 0 0 0 0 0 0 0 0 0 0 0 0 0 0 0 0 0 0 0 0 0 0 0 0 0 0]
[1431346990021293299701721268176575008782133080908460666356181125737306925262453478984971093498316599724405896623108235212377843794764816056765241549221839075583714313396608099401683968787415566072696351334639776418533142072016785552 0 0 0 0 0 0 0 0 0 0 0 0 0 0 0 0 0 0 0 0 0 0 0 0 0 0 0 0 0 0 0 0 0 0 0 0 0 0 0 0 0 0 0 1 0 0 0 0 0 0 0 0 0 0 0 0 0 0 0 0 0 0 0 0 0 0 0 0 0 0 0 0 0 0 0 0]
[3821111587975536225458528413686383300803608666019027783395561412350086871259788863977888027665863065664181421543995051793986228198539661163329348957815490707549279063688459732495307509616306087220998580081797711250064392709204760256 0 0 0 0 0 0 0 0 0 0 0 0 0 0 0 0 0 0 0 0 0 0 0 0 0 0 0 0 0 0 0 0 0 0 0 0 0 0 0 0 0 0 0 0 1 0 0 0 0 0 0 0 0 0 0 0 0 0 0 0 0 0 0 0 0 0 0 0 0 0 0 0 0 0 0 0]
[1350905506017521205947500819380090955692971090881007182402139012206132293889398336596231271868936743504330863325134587668896466939067740221684584839546747839030771398510396885909761901217325419033380648753731618054389285741902176176 0 0 0 0 0 0 0 0 0 0 0 0 0 0 0 0 0 0 0 0 0 0 0 0 0 0 0 0 0 0 0 0 0 0 0 0 0 0 0 0 0 0 0 0 0 1 0 0 0 0 0 0 0 0 0 0 0 0 0 0 0 0 0 0 0 0 0 0 0 0 0 0 0 0 0 0]
[2439326144963817149019972399359541431617799337515958574751668887112783122115995971018055429413296501321490490131965269694991398140492963415623494674429248953025872173529282969086642539831976045684999088325619428738938040670815361858 0 0 0 0 0 0 0 0 0 0 0 0 0 0 0 0 0 0 0 0 0 0 0 0 0 0 0 0 0 0 0 0 0 0 0 0 0 0 0 0 0 0 0 0 0 0 1 0 0 0 0 0 0 0 0 0 0 0 0 0 0 0 0 0 0 0 0 0 0 0 0 0 0 0 0 0]
[2198373967582261330852302855104412378244394236069116235890428444615071930754693555941050501034149241793843112562831382693978020695338430803976374988257360309124914853813730254993135705572218981061901820319490015262612376529094907220 0 0 0 0 0 0 0 0 0 0 0 0 0 0 0 0 0 0 0 0 0 0 0 0 0 0 0 0 0 0 0 0 0 0 0 0 0 0 0 0 0 0 0 0 0 0 0 1 0 0 0 0 0 0 0 0 0 0 0 0 0 0 0 0 0 0 0 0 0 0 0 0 0 0 0 0]
[1538405946927338517249632904792654142432119043743951009247511525728942483595311127485030113954715093510210331439798808529079907511512830439570502031485095099118484280985085036676737317738248135700327917525111122130734013233000816555 0 0 0 0 0 0 0 0 0 0 0 0 0 0 0 0 0 0 0 0 0 0 0 0 0 0 0 0 0 0 0 0 0 0 0 0 0 0 0 0 0 0 0 0 0 0 0 0 1 0 0 0 0 0 0 0 0 0 0 0 0 0 0 0 0 0 0 0 0 0 0 0 0 0 0 0]
[2569568795414191852397171156529834834965257101169903283452552427883439956252570987177685311700339899103786698990014995929183205548773431126583726400384276202999910330907986911397073277273512502832034785742603017594581681332813944237 0 0 0 0 0 0 0 0 0 0 0 0 0 0 0 0 0 0 0 0 0 0 0 0 0 0 0 0 0 0 0 0 0 0 0 0 0 0 0 0 0 0 0 0 0 0 0 0 0 1 0 0 0 0 0 0 0 0 0 0 0 0 0 0 0 0 0 0 0 0 0 0 0 0 0 0]
[3267332872217677175975679158749014245576448748054921396241032318771851350361851005213048591051843372860412239367805246141474328947931889943493162884150579856766574063505392639937701395719270019905850138950822560352921070745598846110 0 0 0 0 0 0 0 0 0 0 0 0 0 0 0 0 0 0 0 0 0 0 0 0 0 0 0 0 0 0 0 0 0 0 0 0 0 0 0 0 0 0 0 0 0 0 0 0 0 0 1 0 0 0 0 0 0 0 0 0 0 0 0 0 0 0 0 0 0 0 0 0 0 0 0 0]
[1866843430306778184939514039987859287901064357533486700851790779962472613071495773601998821834829610539132169613023900156190020124304319559208982691892869313154445339714134319854087722974871037614891342052694840926688076911817044234 0 0 0 0 0 0 0 0 0 0 0 0 0 0 0 0 0 0 0 0 0 0 0 0 0 0 0 0 0 0 0 0 0 0 0 0 0 0 0 0 0 0 0 0 0 0 0 0 0 0 0 1 0 0 0 0 0 0 0 0 0 0 0 0 0 0 0 0 0 0 0 0 0 0 0 0]
[2112863418986404426840723093350247675356682940749346450866196007217902906467274381159057569127539343538964730996284530523296746474745924528385853382333390896007102365477079511240130197508488355972217044061661142557586831053885550082 0 0 0 0 0 0 0 0 0 0 0 0 0 0 0 0 0 0 0 0 0 0 0 0 0 0 0 0 0 0 0 0 0 0 0 0 0 0 0 0 0 0 0 0 0 0 0 0 0 0 0 0 1 0 0 0 0 0 0 0 0 0 0 0 0 0 0 0 0 0 0 0 0 0 0 0]
[4143955481783793047099703900634543227068912569174644907115035199996608548289276544016176374397513659234356285694401532970159792799030201152182208509701885067366616519115284979980738506418352886166208302868176115752082496692263863776 0 0 0 0 0 0 0 0 0 0 0 0 0 0 0 0 0 0 0 0 0 0 0 0 0 0 0 0 0 0 0 0 0 0 0 0 0 0 0 0 0 0 0 0 0 0 0 0 0 0 0 0 0 1 0 0 0 0 0 0 0 0 0 0 0 0 0 0 0 0 0 0 0 0 0 0]
[4966448732688576155680489003735873730609592194139911070300849670040047381896265084708568096608020123541783234378067841338142624772413860891196064141457805602924517584285784294121479768996946560510566790662424718362483258095202261909 0 0 0 0 0 0 0 0 0 0 0 0 0 0 0 0 0 0 0 0 0 0 0 0 0 0 0 0 0 0 0 0 0 0 0 0 0 0 0 0 0 0 0 0 0 0 0 0 0 0 0 0 0 0 1 0 0 0 0 0 0 0 0 0 0 0 0 0 0 0 0 0 0 0 0 0]
[2171389798010614390107634520901370338585527838314705872402320877671662835371840512693995520217376978234369028906493864121281819418258718692958108107006298378441415396519798709832901903001079970508838271515618693998724691578648715965 0 0 0 0 0 0 0 0 0 0 0 0 0 0 0 0 0 0 0 0 0 0 0 0 0 0 0 0 0 0 0 0 0 0 0 0 0 0 0 0 0 0 0 0 0 0 0 0 0 0 0 0 0 0 0 1 0 0 0 0 0 0 0 0 0 0 0 0 0 0 0 0 0 0 0 0]
[4353376622758957127509094509241790314011570394455330203612088945769415499232562193533838301053034836158805454310638869210055676816378732545933855480727327871401029042172201895658476781236263883450991095823850641776869532324341672132 0 0 0 0 0 0 0 0 0 0 0 0 0 0 0 0 0 0 0 0 0 0 0 0 0 0 0 0 0 0 0 0 0 0 0 0 0 0 0 0 0 0 0 0 0 0 0 0 0 0 0 0 0 0 0 0 1 0 0 0 0 0 0 0 0 0 0 0 0 0 0 0 0 0 0 0]
[4808991846467884408325891596251756542099485329182903213198171064940620493141375461114811525008789561781136010350945420622014043263733569285190409340908613303263691019010561714701000994974344028451562574921440767580032226309070865910 0 0 0 0 0 0 0 0 0 0 0 0 0 0 0 0 0 0 0 0 0 0 0 0 0 0 0 0 0 0 0 0 0 0 0 0 0 0 0 0 0 0 0 0 0 0 0 0 0 0 0 0 0 0 0 0 0 1 0 0 0 0 0 0 0 0 0 0 0 0 0 0 0 0 0 0]
[3740523094878191273302635475569774266567599601435961387757431509879314929584173319944545930778734525618749687303342950795396761951426674759681007426039969980586569720006668081045282110838516028555971413686191193391185355366220051028 0 0 0 0 0 0 0 0 0 0 0 0 0 0 0 0 0 0 0 0 0 0 0 0 0 0 0 0 0 0 0 0 0 0 0 0 0 0 0 0 0 0 0 0 0 0 0 0 0 0 0 0 0 0 0 0 0 0 1 0 0 0 0 0 0 0 0 0 0 0 0 0 0 0 0 0]
[1705682231983876171010123240975067151147417315947865219454464879004828592727993557533682342589877754651100039244027896427679357986261813701337358372135578441354708979020534066787903164751394268471496055972605664403173775168066922329 0 0 0 0 0 0 0 0 0 0 0 0 0 0 0 0 0 0 0 0 0 0 0 0 0 0 0 0 0 0 0 0 0 0 0 0 0 0 0 0 0 0 0 0 0 0 0 0 0 0 0 0 0 0 0 0 0 0 0 1 0 0 0 0 0 0 0 0 0 0 0 0 0 0 0 0]
[5008119614627520160053476107053241770079224495277467094690985294009100603003757863336328576642319400296346569251258756160928647647798960702963756118662715065914959546497704440797941236132901361017273298653309910513099755281294113385 0 0 0 0 0 0 0 0 0 0 0 0 0 0 0 0 0 0 0 0 0 0 0 0 0 0 0 0 0 0 0 0 0 0 0 0 0 0 0 0 0 0 0 0 0 0 0 0 0 0 0 0 0 0 0 0 0 0 0 0 1 0 0 0 0 0 0 0 0 0 0 0 0 0 0 0]
[1007723296085923133002520025456925803148397767657258566846239201112410176255696555219207837804732433330625939686292449896538811610447136970967101791217309491287416802376079615127685396212996579163183760717394460634916999636157990684 0 0 0 0 0 0 0 0 0 0 0 0 0 0 0 0 0 0 0 0 0 0 0 0 0 0 0 0 0 0 0 0 0 0 0 0 0 0 0 0 0 0 0 0 0 0 0 0 0 0 0 0 0 0 0 0 0 0 0 0 0 1 0 0 0 0 0 0 0 0 0 0 0 0 0 0]
[1419087126888445391814040120599895546398351904359540291252142668017670857987305022633531149969810188128355924830757637377204080798668869608309469266290878127920163518088753779654585591326987411324449214824683050751520378885524969208 0 0 0 0 0 0 0 0 0 0 0 0 0 0 0 0 0 0 0 0 0 0 0 0 0 0 0 0 0 0 0 0 0 0 0 0 0 0 0 0 0 0 0 0 0 0 0 0 0 0 0 0 0 0 0 0 0 0 0 0 0 0 1 0 0 0 0 0 0 0 0 0 0 0 0 0]
[2548538933965273912001651428022876232416059497682547513114747727478338732981718515731281204566798906028505169605951124884534793949947930021475118735598507589855015045264302585308329487511027576593171396750699085481675314845160317876 0 0 0 0 0 0 0 0 0 0 0 0 0 0 0 0 0 0 0 0 0 0 0 0 0 0 0 0 0 0 0 0 0 0 0 0 0 0 0 0 0 0 0 0 0 0 0 0 0 0 0 0 0 0 0 0 0 0 0 0 0 0 0 1 0 0 0 0 0 0 0 0 0 0 0 0]
[266601774588714667645456877752145550667385391983356906661760682834760943529496563281734056639697066320916835829899596125876173346773307434066388536071866015116691692571324206862470381059398866003854031000005354247553465121146474372 0 0 0 0 0 0 0 0 0 0 0 0 0 0 0 0 0 0 0 0 0 0 0 0 0 0 0 0 0 0 0 0 0 0 0 0 0 0 0 0 0 0 0 0 0 0 0 0 0 0 0 0 0 0 0 0 0 0 0 0 0 0 0 0 1 0 0 0 0 0 0 0 0 0 0 0]
[3308156102563064010205382107435958339296277553258328429098851431790122156675105870705589543397605730071501037483716068056164000416472475816285376873944498530041934031174035470691034026195148526018108950007542021406957053697091014628 0 0 0 0 0 0 0 0 0 0 0 0 0 0 0 0 0 0 0 0 0 0 0 0 0 0 0 0 0 0 0 0 0 0 0 0 0 0 0 0 0 0 0 0 0 0 0 0 0 0 0 0 0 0 0 0 0 0 0 0 0 0 0 0 0 1 0 0 0 0 0 0 0 0 0 0]
[2785840741966684511716311901899575123425636200184223040961582943556289855638559133529695164178065796805217449547367633680014639488137049004801181040213054036753572113385160546965766078775964750829821211147031783459467861750177494229 0 0 0 0 0 0 0 0 0 0 0 0 0 0 0 0 0 0 0 0 0 0 0 0 0 0 0 0 0 0 0 0 0 0 0 0 0 0 0 0 0 0 0 0 0 0 0 0 0 0 0 0 0 0 0 0 0 0 0 0 0 0 0 0 0 0 1 0 0 0 0 0 0 0 0 0]
[3128554194922054222917467859883611354643948777923737378472928325173196574091938930142240371258945174085679522662104264274854071306560440167442291444149895962222501561818532312725195305320567226094019066826810192995275139394212890907 0 0 0 0 0 0 0 0 0 0 0 0 0 0 0 0 0 0 0 0 0 0 0 0 0 0 0 0 0 0 0 0 0 0 0 0 0 0 0 0 0 0 0 0 0 0 0 0 0 0 0 0 0 0 0 0 0 0 0 0 0 0 0 0 0 0 0 1 0 0 0 0 0 0 0 0]
[2380358960207684362561382817986743755001012070984802422691625160848546768866063744738626756228603576136040498861325569864604600124520386563397521367054672737517710422032191835146727547980339811639699377176153971218172115724205465045 0 0 0 0 0 0 0 0 0 0 0 0 0 0 0 0 0 0 0 0 0 0 0 0 0 0 0 0 0 0 0 0 0 0 0 0 0 0 0 0 0 0 0 0 0 0 0 0 0 0 0 0 0 0 0 0 0 0 0 0 0 0 0 0 0 0 0 0 1 0 0 0 0 0 0 0]
[2533324262185185235437052159287636580793801395882728962328030260089426209947821979516735283571964321241573200768291110368478797389186202881586247245957949688315916103261750473274554903156829763696540325498611305759426473766493515301 0 0 0 0 0 0 0 0 0 0 0 0 0 0 0 0 0 0 0 0 0 0 0 0 0 0 0 0 0 0 0 0 0 0 0 0 0 0 0 0 0 0 0 0 0 0 0 0 0 0 0 0 0 0 0 0 0 0 0 0 0 0 0 0 0 0 0 0 0 1 0 0 0 0 0 0]
[3751649734889239872721029627140717561312713895295679665447386102416741608394461027038977674107357059879428771920398036090829369839371590331365315807784370161406321017674932249597337184403265028206760157843261775976451870475257861372 0 0 0 0 0 0 0 0 0 0 0 0 0 0 0 0 0 0 0 0 0 0 0 0 0 0 0 0 0 0 0 0 0 0 0 0 0 0 0 0 0 0 0 0 0 0 0 0 0 0 0 0 0 0 0 0 0 0 0 0 0 0 0 0 0 0 0 0 0 0 1 0 0 0 0 0]
[877407078980914859926385765576643751838383054971167584962370747898715411214319319385029571735424568530012662535602765922786969595875826249399772548241208090945721360277786161074209075686129389664792927369638786742884621794812480043 0 0 0 0 0 0 0 0 0 0 0 0 0 0 0 0 0 0 0 0 0 0 0 0 0 0 0 0 0 0 0 0 0 0 0 0 0 0 0 0 0 0 0 0 0 0 0 0 0 0 0 0 0 0 0 0 0 0 0 0 0 0 0 0 0 0 0 0 0 0 0 1 0 0 0 0]
[1731063119883558948099008968002368348473406535511413176329953273111229400907576154252104002222499817640579102089278598023272843968595783154985605838618868636259731561303517269378086044011644169553594371950976488401339256443729426919 0 0 0 0 0 0 0 0 0 0 0 0 0 0 0 0 0 0 0 0 0 0 0 0 0 0 0 0 0 0 0 0 0 0 0 0 0 0 0 0 0 0 0 0 0 0 0 0 0 0 0 0 0 0 0 0 0 0 0 0 0 0 0 0 0 0 0 0 0 0 0 0 1 0 0 0]
[62645732634252483860920359052043025757571577061041786447844000344338632700669257131138295136930202168473181567012051338852821969531908295000792361447530316143745048375922323965926328821008512248621760866684533539730068904181742380 0 0 0 0 0 0 0 0 0 0 0 0 0 0 0 0 0 0 0 0 0 0 0 0 0 0 0 0 0 0 0 0 0 0 0 0 0 0 0 0 0 0 0 0 0 0 0 0 0 0 0 0 0 0 0 0 0 0 0 0 0 0 0 0 0 0 0 0 0 0 0 0 0 1 0 0]
[4613213023313573112562436953413300211645405900489611342547440682661437329835833769894301726645310476343915957073707873004386798374232982646867010495105244904495422730747850964185080421094037900260742154388490500026717418738550162256 0 0 0 0 0 0 0 0 0 0 0 0 0 0 0 0 0 0 0 0 0 0 0 0 0 0 0 0 0 0 0 0 0 0 0 0 0 0 0 0 0 0 0 0 0 0 0 0 0 0 0 0 0 0 0 0 0 0 0 0 0 0 0 0 0 0 0 0 0 0 0 0 0 0 1 0]
[4626735003163658591740893299853331580112632039041259837943949759128465751098417813071557774434772639766273237638299650265423302184196536257265291806725581625902846507368696903630157960210709233146546948683524150397228728184984471482 0 0 0 0 0 0 0 0 0 0 0 0 0 0 0 0 0 0 0 0 0 0 0 0 0 0 0 0 0 0 0 0 0 0 0 0 0 0 0 0 0 0 0 0 0 0 0 0 0 0 0 0 0 0 0 0 0 0 0 0 0 0 0 0 0 0 0 0 0 0 0 0 0 0 0 1]
]
