[[1088030907921040873857945265536913941009864480816985590753557014562706162041 0 0 0 0 0 0 0 0 0 0 0 0 0 0 0 0 0 0 0 0 0 0 0 0]
[836321914634299889343492406715066644997455681581619984467574947785940806117 1 0 0 0 0 0 0 0 0 0 0 0 0 0 0 0 0 0 0 0 0 0 0 0]
[68249055062262785307120864747279394856730498194132507193887843823637079144 0 1 0 0 0 0 0 0 0 0 0 0 0 0 0 0 0 0 0 0 0 0 0 0]
[501407840161129896214387578646399958486221037466470611445314785947146417172 0 0 1 0 0 0 0 0 0 0 0 0 0 0 0 0 0 0 0 0 0 0 0 0]
[434648589211589925065805231673564795942758354001133262892230476858761028111 0 0 0 1 0 0 0 0 0 0 0 0 0 0 0 0 0 0 0 0 0 0 0 0]
[396551039126202454034512738084229575506907355476020018772434444272579490719 0 0 0 0 1 0 0 0 0 0 0 0 0 0 0 0 0 0 0 0 0 0 0 0]
[381228065519884991047343000319884250889786059810215548472125692065853293614 0 0 0 0 0 1 0 0 0 0 0 0 0 0 0 0 0 0 0 0 0 0 0 0]
[463649527981190267582287288563816263685001843333103799473719048235108388125 0 0 0 0 0 0 1 0 0 0 0 0 0 0 0 0 0 0 0 0 0 0 0 0]
[748763695966136711326680460798597944859801385538762156041426389453410502231 0 0 0 0 0 0 0 1 0 0 0 0 0 0 0 0 0 0 0 0 0 0 0 0]
[678112261014638781992638157467633828399828959273096250141367975524998258245 0 0 0 0 0 0 0 0 1 0 0 0 0 0 0 0 0 0 0 0 0 0 0 0]
[586438523445064168718600914234446145426122408362050174095365520049081764830 0 0 0 0 0 0 0 0 0 1 0 0 0 0 0 0 0 0 0 0 0 0 0 0]
[754249786526098150116571730904765847653425102311969197717579411595505373525 0 0 0 0 0 0 0 0 0 0 1 0 0 0 0 0 0 0 0 0 0 0 0 0]
[595525771019193669516734499896305534913694035179836700845323368143699105772 0 0 0 0 0 0 0 0 0 0 0 1 0 0 0 0 0 0 0 0 0 0 0 0]
[595327725745076045869877047379469307903713902777816184777132604914850183197 0 0 0 0 0 0 0 0 0 0 0 0 1 0 0 0 0 0 0 0 0 0 0 0]
[978704918122810949839691305296655597882273936151934014981571402634764538037 0 0 0 0 0 0 0 0 0 0 0 0 0 1 0 0 0 0 0 0 0 0 0 0]
[590612524602803387136050042828064368853524561985814210608532640206917146766 0 0 0 0 0 0 0 0 0 0 0 0 0 0 1 0 0 0 0 0 0 0 0 0]
[763954170884920113931568847598547938667915500120447475278807780385752902708 0 0 0 0 0 0 0 0 0 0 0 0 0 0 0 1 0 0 0 0 0 0 0 0]
[200442765665096255723764366244142809297978277217428687558391107044419517959 0 0 0 0 0 0 0 0 0 0 0 0 0 0 0 0 1 0 0 0 0 0 0 0]
[445924344117062276544286945928052798572007050257990892685301513590277226716 0 0 0 0 0 0 0 0 0 0 0 0 0 0 0 0 0 1 0 0 0 0 0 0]
[412265142749382397422384026065994835034661104168525509599015600171869249094 0 0 0 0 0 0 0 0 0 0 0 0 0 0 0 0 0 0 1 0 0 0 0 0]
[55258953626347400611236669840764113083493235679885751887949389669558440148 0 0 0 0 0 0 0 0 0 0 0 0 0 0 0 0 0 0 0 1 0 0 0 0]
[569048961757451243763018725201000772202710381366666276142954644772350796636 0 0 0 0 0 0 0 0 0 0 0 0 0 0 0 0 0 0 0 0 1 0 0 0]
[619255966328692710794509360762784753135021975892874538646393733681590666483 0 0 0 0 0 0 0 0 0 0 0 0 0 0 0 0 0 0 0 0 0 1 0 0]
[776719021322768815669693619133149111950723662751744315771981071289642982673 0 0 0 0 0 0 0 0 0 0 0 0 0 0 0 0 0 0 0 0 0 0 1 0]
[249600346818498366278251204321158858901893956310520429877443173193288467290 0 0 0 0 0 0 0 0 0 0 0 0 0 0 0 0 0 0 0 0 0 0 0 1]
]
