[[1211688851970905804540836617173281973095041603248652991861646587986139934021 0 0 0 0 0 0 0 0 0 0 0 0 0 0 0 0 0 0 0 0 0 0 0 0]
[661254060032041105735539158092761546669899308556330657483425800269463126034 1 0 0 0 0 0 0 0 0 0 0 0 0 0 0 0 0 0 0 0 0 0 0 0]
[1004842759982027767977177637485651830816996141296209164657769134799362744344 0 1 0 0 0 0 0 0 0 0 0 0 0 0 0 0 0 0 0 0 0 0 0 0]
[488962865767874944428938244251132202556827935619790342930244900712737332550 0 0 1 0 0 0 0 0 0 0 0 0 0 0 0 0 0 0 0 0 0 0 0 0]
[749220778776795075990599881080388585588551086463081656721264097788215239264 0 0 0 1 0 0 0 0 0 0 0 0 0 0 0 0 0 0 0 0 0 0 0 0]
[179897121444127199286012725986992147644428278262878730126759978442808517388 0 0 0 0 1 0 0 0 0 0 0 0 0 0 0 0 0 0 0 0 0 0 0 0]
[711199533290024866476520190777477233056333391241966635591312808048580272055 0 0 0 0 0 1 0 0 0 0 0 0 0 0 0 0 0 0 0 0 0 0 0 0]
[1089607961366662438196404030808888194011938821111936350086002554367427513811 0 0 0 0 0 0 1 0 0 0 0 0 0 0 0 0 0 0 0 0 0 0 0 0]
[871142273857483878035357136519658361789382814346165462634418459996411978003 0 0 0 0 0 0 0 1 0 0 0 0 0 0 0 0 0 0 0 0 0 0 0 0]
[258632204401537991343149098583737878648030541254385396408064774612093839572 0 0 0 0 0 0 0 0 1 0 0 0 0 0 0 0 0 0 0 0 0 0 0 0]
[301159151015145634038853372454154194419961461379331923575726542634174845326 0 0 0 0 0 0 0 0 0 1 0 0 0 0 0 0 0 0 0 0 0 0 0 0]
[281769270383015980743489817709236023089832390533076279170663079498182680894 0 0 0 0 0 0 0 0 0 0 1 0 0 0 0 0 0 0 0 0 0 0 0 0]
[202190609725534655412264909150601084184077497878035888322971218311137859057 0 0 0 0 0 0 0 0 0 0 0 1 0 0 0 0 0 0 0 0 0 0 0 0]
[588121743380506434656667012126908721100656448798806178699622514180000065587 0 0 0 0 0 0 0 0 0 0 0 0 1 0 0 0 0 0 0 0 0 0 0 0]
[955278226352277521783442735384879822626900416963355579787367044826165914899 0 0 0 0 0 0 0 0 0 0 0 0 0 1 0 0 0 0 0 0 0 0 0 0]
[106533502089963545727331907531064923375271766002429941895725369785201700467 0 0 0 0 0 0 0 0 0 0 0 0 0 0 1 0 0 0 0 0 0 0 0 0]
[628641576332941429687662176221178848058784494203474703209826292268583555731 0 0 0 0 0 0 0 0 0 0 0 0 0 0 0 1 0 0 0 0 0 0 0 0]
[393106350141187843812539004161536934335552039568303185264921110053304760415 0 0 0 0 0 0 0 0 0 0 0 0 0 0 0 0 1 0 0 0 0 0 0 0]
[1016423116671148919758889141173995430101062030749623331374580057425304567182 0 0 0 0 0 0 0 0 0 0 0 0 0 0 0 0 0 1 0 0 0 0 0 0]
[1056383237315814088258571850346768905763013769062145784797961765692166032886 0 0 0 0 0 0 0 0 0 0 0 0 0 0 0 0 0 0 1 0 0 0 0 0]
[261569558302453368235108575350331239458974374015638501379167205414390267625 0 0 0 0 0 0 0 0 0 0 0 0 0 0 0 0 0 0 0 1 0 0 0 0]
[91013781039160983080819116206877899210124487311488261976823279874342072086 0 0 0 0 0 0 0 0 0 0 0 0 0 0 0 0 0 0 0 0 1 0 0 0]
[146666352528870977554986133928286529417386853649784278398326609696840510857 0 0 0 0 0 0 0 0 0 0 0 0 0 0 0 0 0 0 0 0 0 1 0 0]
[880697930408915322148451049288797413276901173489976828074551550014828859710 0 0 0 0 0 0 0 0 0 0 0 0 0 0 0 0 0 0 0 0 0 0 1 0]
[381915836077035061578147417047656513125853115563288617089092342319830390106 0 0 0 0 0 0 0 0 0 0 0 0 0 0 0 0 0 0 0 0 0 0 0 1]
]
