[[8010048218784674168606910989019219699883461126845914194915914579924945277811031179050461713022710649044386920980961165629292453050713531889993457479195339865725899391704822884725955186499416846305658021890085037777428016900279850331170178614474046752457842998715047263678880682073733732203728011097161579528080850905634571128951797056718094819248213 0 0 0 0 0 0 0 0 0 0 0 0 0 0 0 0 0 0 0 0 0 0 0 0 0 0 0 0 0 0 0 0 0 0 0 0 0 0 0 0 0 0 0 0 0 0 0 0 0 0 0 0 0 0 0 0 0 0 0 0 0 0 0 0 0 0 0 0 0 0 0 0 0 0 0 0 0 0 0 0 0 0 0 0 0 0 0 0 0 0 0 0 0 0 0 0 0 0 0 0 0 0 0 0 0 0 0 0 0 0 0 0 0 0 0]
[4866133440143346597200432395512009144767118186979893090819197501123602343344439470232434155375330215691333416912227975847937039881268482009823664987137447304341312737358171803569196545154788796299909527760028663730770404768890942832256043709091680405018769984341683296680182028777360900629140567826537175736619706839761112907928932572858235543046709 1 0 0 0 0 0 0 0 0 0 0 0 0 0 0 0 0 0 0 0 0 0 0 0 0 0 0 0 0 0 0 0 0 0 0 0 0 0 0 0 0 0 0 0 0 0 0 0 0 0 0 0 0 0 0 0 0 0 0 0 0 0 0 0 0 0 0 0 0 0 0 0 0 0 0 0 0 0 0 0 0 0 0 0 0 0 0 0 0 0 0 0 0 0 0 0 0 0 0 0 0 0 0 0 0 0 0 0 0 0 0 0 0 0 0]
[2757688943687869328487839534595876646603761005124085874683051252242509856052232196392473436172781440758198760848556773806395153859586537636552529260245106050284052437115764544021441189305158011611461815032665158795587438068250256596704176555230553870391707988523112811225871874039284937507179095215055726475396731120603096058295587606573602973589120 0 1 0 0 0 0 0 0 0 0 0 0 0 0 0 0 0 0 0 0 0 0 0 0 0 0 0 0 0 0 0 0 0 0 0 0 0 0 0 0 0 0 0 0 0 0 0 0 0 0 0 0 0 0 0 0 0 0 0 0 0 0 0 0 0 0 0 0 0 0 0 0 0 0 0 0 0 0 0 0 0 0 0 0 0 0 0 0 0 0 0 0 0 0 0 0 0 0 0 0 0 0 0 0 0 0 0 0 0 0 0 0 0 0 0]
[4424357560467569142585750802680621681449124601088760935969795655701171291606676768367893795764521477154386492043588936201795014033057046986560962285328908957142974316918707875468628876621047602161404156683003345575133425443114277060510030423508692073500441532924015314850959497944832486318539895991846479752783915924886875230009250181343579936475802 0 0 1 0 0 0 0 0 0 0 0 0 0 0 0 0 0 0 0 0 0 0 0 0 0 0 0 0 0 0 0 0 0 0 0 0 0 0 0 0 0 0 0 0 0 0 0 0 0 0 0 0 0 0 0 0 0 0 0 0 0 0 0 0 0 0 0 0 0 0 0 0 0 0 0 0 0 0 0 0 0 0 0 0 0 0 0 0 0 0 0 0 0 0 0 0 0 0 0 0 0 0 0 0 0 0 0 0 0 0 0 0 0 0 0]
[542300859312398686429062386718131341854179311068309550390044152288274667835190058541059681361453017101244040788051299041783127047032139213808424605062573964888696390811525957043040543716524238202851655600619547071932261838578400724945817784021273863115763062944787912718527037974137142754598021712261031431790358428584254179733608004465562218198111 0 0 0 1 0 0 0 0 0 0 0 0 0 0 0 0 0 0 0 0 0 0 0 0 0 0 0 0 0 0 0 0 0 0 0 0 0 0 0 0 0 0 0 0 0 0 0 0 0 0 0 0 0 0 0 0 0 0 0 0 0 0 0 0 0 0 0 0 0 0 0 0 0 0 0 0 0 0 0 0 0 0 0 0 0 0 0 0 0 0 0 0 0 0 0 0 0 0 0 0 0 0 0 0 0 0 0 0 0 0 0 0 0 0 0]
[5915879813461041210126990136301344130828864054532355741010279204891152744618688895983999770464045231663091532519979249651156704046467760550344090820357250996528574449552479189978423671954143529269076034177356807808388784413248078142777761666201229176121654678961969936543386515195452931994771112665668131756495151479223091850909015652736737271584983 0 0 0 0 1 0 0 0 0 0 0 0 0 0 0 0 0 0 0 0 0 0 0 0 0 0 0 0 0 0 0 0 0 0 0 0 0 0 0 0 0 0 0 0 0 0 0 0 0 0 0 0 0 0 0 0 0 0 0 0 0 0 0 0 0 0 0 0 0 0 0 0 0 0 0 0 0 0 0 0 0 0 0 0 0 0 0 0 0 0 0 0 0 0 0 0 0 0 0 0 0 0 0 0 0 0 0 0 0 0 0 0 0 0 0]
[7873216159439721043819841839940316602549832827485763403328839929232510174751799549777336065486272973823163659189167291726506218410897500591673025038415851611016216974515421800862043696470840458512913793464387576030940403855393219987409742888528290339903833024825672268116939414955826221382211890743886220178644989586695703289736743170539785476857113 0 0 0 0 0 1 0 0 0 0 0 0 0 0 0 0 0 0 0 0 0 0 0 0 0 0 0 0 0 0 0 0 0 0 0 0 0 0 0 0 0 0 0 0 0 0 0 0 0 0 0 0 0 0 0 0 0 0 0 0 0 0 0 0 0 0 0 0 0 0 0 0 0 0 0 0 0 0 0 0 0 0 0 0 0 0 0 0 0 0 0 0 0 0 0 0 0 0 0 0 0 0 0 0 0 0 0 0 0 0 0 0 0 0 0]
[1163476461616013871104522620337119098061345465498973787043778761321738983671143773000141565336342753024859051566650907846122164906610870451897140894599502075024256844849795846394672063299720894223450987748204793356058299548684492852820868820766048036969043311243673942694740124979382184685983605393830339396064981256862340196536101812690580321062411 0 0 0 0 0 0 1 0 0 0 0 0 0 0 0 0 0 0 0 0 0 0 0 0 0 0 0 0 0 0 0 0 0 0 0 0 0 0 0 0 0 0 0 0 0 0 0 0 0 0 0 0 0 0 0 0 0 0 0 0 0 0 0 0 0 0 0 0 0 0 0 0 0 0 0 0 0 0 0 0 0 0 0 0 0 0 0 0 0 0 0 0 0 0 0 0 0 0 0 0 0 0 0 0 0 0 0 0 0 0 0 0 0 0 0]
[358296755172975232339046146856596033311395147190623418980521200327060038410776390473744646558443907230359572552761476939065674647435054808904529165316792439848509255098612771601417194116325696098783967952793776461678315772475456979026627459712294813742125575277304687380140551876870519011565904529576153113643879530012204766821355994863705827397709 0 0 0 0 0 0 0 1 0 0 0 0 0 0 0 0 0 0 0 0 0 0 0 0 0 0 0 0 0 0 0 0 0 0 0 0 0 0 0 0 0 0 0 0 0 0 0 0 0 0 0 0 0 0 0 0 0 0 0 0 0 0 0 0 0 0 0 0 0 0 0 0 0 0 0 0 0 0 0 0 0 0 0 0 0 0 0 0 0 0 0 0 0 0 0 0 0 0 0 0 0 0 0 0 0 0 0 0 0 0 0 0 0 0 0]
[6422678123302739429308727391851563415230905452212809341455750161932164523765636705839117183320241501358977410415520838845496822063242698327394314120965432549978042391908859076294136415714335961413954379733183766675036388122096466801784241800232702079827221927413571159576977696107837325742441647386061173713237656976084482302783969019383064048068316 0 0 0 0 0 0 0 0 1 0 0 0 0 0 0 0 0 0 0 0 0 0 0 0 0 0 0 0 0 0 0 0 0 0 0 0 0 0 0 0 0 0 0 0 0 0 0 0 0 0 0 0 0 0 0 0 0 0 0 0 0 0 0 0 0 0 0 0 0 0 0 0 0 0 0 0 0 0 0 0 0 0 0 0 0 0 0 0 0 0 0 0 0 0 0 0 0 0 0 0 0 0 0 0 0 0 0 0 0 0 0 0 0 0 0]
[5167449932542792554393646672517349701952546403398469643945001355315709977677474302302653745651835674818115975030550673056413583151549047681071303175264710049058979528535017416863011052515477380627608706367090955755146994214204877311593861052221318628535559952905012569113457421546024687961654598475182756970452105031875467773558338461475562488469238 0 0 0 0 0 0 0 0 0 1 0 0 0 0 0 0 0 0 0 0 0 0 0 0 0 0 0 0 0 0 0 0 0 0 0 0 0 0 0 0 0 0 0 0 0 0 0 0 0 0 0 0 0 0 0 0 0 0 0 0 0 0 0 0 0 0 0 0 0 0 0 0 0 0 0 0 0 0 0 0 0 0 0 0 0 0 0 0 0 0 0 0 0 0 0 0 0 0 0 0 0 0 0 0 0 0 0 0 0 0 0 0 0 0 0]
[488545173075908234252046100869077108985932041671387209021084993607146863282163750410947572135787015519083717781315044450883897808173072625510226112935573399742525891901127894405393354181201486051167325564889233115584976762818734323599845903731035711552391789064746548830462861188690326781995265161128884635343954804412527970505635694643837904394648 0 0 0 0 0 0 0 0 0 0 1 0 0 0 0 0 0 0 0 0 0 0 0 0 0 0 0 0 0 0 0 0 0 0 0 0 0 0 0 0 0 0 0 0 0 0 0 0 0 0 0 0 0 0 0 0 0 0 0 0 0 0 0 0 0 0 0 0 0 0 0 0 0 0 0 0 0 0 0 0 0 0 0 0 0 0 0 0 0 0 0 0 0 0 0 0 0 0 0 0 0 0 0 0 0 0 0 0 0 0 0 0 0 0 0]
[7111198461180794877084715718392292950488831255148991058695857650390098678432207242914350863988138729845061673570177464688701313243132363075251711696289542544371427036355256947059433732031721455548340856543738143654743808462242513122185273827120275373642191702616916559447490465614178948819623362223015568281915335491457539225202841131585684915887547 0 0 0 0 0 0 0 0 0 0 0 1 0 0 0 0 0 0 0 0 0 0 0 0 0 0 0 0 0 0 0 0 0 0 0 0 0 0 0 0 0 0 0 0 0 0 0 0 0 0 0 0 0 0 0 0 0 0 0 0 0 0 0 0 0 0 0 0 0 0 0 0 0 0 0 0 0 0 0 0 0 0 0 0 0 0 0 0 0 0 0 0 0 0 0 0 0 0 0 0 0 0 0 0 0 0 0 0 0 0 0 0 0 0 0]
[3416657783257868632112693326639694825475382708682447725191179457632657016983431217038031742245093394472716362799172892792151970802740685638075382843075916187101666823062708594785185532739720419021797421723910871800873947807313939996581759351462141203373430171469766302049591468269203622103051900787931139927333861521237497276697825463065961215951868 0 0 0 0 0 0 0 0 0 0 0 0 1 0 0 0 0 0 0 0 0 0 0 0 0 0 0 0 0 0 0 0 0 0 0 0 0 0 0 0 0 0 0 0 0 0 0 0 0 0 0 0 0 0 0 0 0 0 0 0 0 0 0 0 0 0 0 0 0 0 0 0 0 0 0 0 0 0 0 0 0 0 0 0 0 0 0 0 0 0 0 0 0 0 0 0 0 0 0 0 0 0 0 0 0 0 0 0 0 0 0 0 0 0 0]
[3893423800404266655809299372729034433745538924102325429494823508832684653884588315765653803540294367294490566348219576167093447164480488708222936508999606385181183403667215305628565169226724872011203860770115446778152709276614591880559726403956981343735869847555548906904537098147273732896289455910120150060264774759836133172555566711420739084290000 0 0 0 0 0 0 0 0 0 0 0 0 0 1 0 0 0 0 0 0 0 0 0 0 0 0 0 0 0 0 0 0 0 0 0 0 0 0 0 0 0 0 0 0 0 0 0 0 0 0 0 0 0 0 0 0 0 0 0 0 0 0 0 0 0 0 0 0 0 0 0 0 0 0 0 0 0 0 0 0 0 0 0 0 0 0 0 0 0 0 0 0 0 0 0 0 0 0 0 0 0 0 0 0 0 0 0 0 0 0 0 0 0 0 0]
[7931193178273888564569651751020717329316404005596214579772208198665395517627425731043841848769941788609357428403336010406234026139451316362373217875787478295498002663034540651873768805915675949769397340296973961528545776180801221097038931398359297545100049862568532207204497794452573776361093056887503416275071667161558328378524784467165255153546626 0 0 0 0 0 0 0 0 0 0 0 0 0 0 1 0 0 0 0 0 0 0 0 0 0 0 0 0 0 0 0 0 0 0 0 0 0 0 0 0 0 0 0 0 0 0 0 0 0 0 0 0 0 0 0 0 0 0 0 0 0 0 0 0 0 0 0 0 0 0 0 0 0 0 0 0 0 0 0 0 0 0 0 0 0 0 0 0 0 0 0 0 0 0 0 0 0 0 0 0 0 0 0 0 0 0 0 0 0 0 0 0 0 0 0]
[7343226685488806413391475838170513908494559023845417368697675622047893790620073557469457193802971347774360502028217621391231409363049994342265587215425865440714005489551815326355122360131641971806579729455277037571038665435324104228004414943530904213814867404065645759969112392600813083246811780878680808008676698854531371447129005163189627557302458 0 0 0 0 0 0 0 0 0 0 0 0 0 0 0 1 0 0 0 0 0 0 0 0 0 0 0 0 0 0 0 0 0 0 0 0 0 0 0 0 0 0 0 0 0 0 0 0 0 0 0 0 0 0 0 0 0 0 0 0 0 0 0 0 0 0 0 0 0 0 0 0 0 0 0 0 0 0 0 0 0 0 0 0 0 0 0 0 0 0 0 0 0 0 0 0 0 0 0 0 0 0 0 0 0 0 0 0 0 0 0 0 0 0 0]
[5764202005113270649725150082563144147282391038073845953878812348554725557234909972075904337424496619102259041095236671356218854746280582452453861463215485260703731915737196400040491327913506402039970776804304261010887942556380785280042686715636309141972323881603403596566803372696424113829243836804341068388547198090182704356662535604759990220396899 0 0 0 0 0 0 0 0 0 0 0 0 0 0 0 0 1 0 0 0 0 0 0 0 0 0 0 0 0 0 0 0 0 0 0 0 0 0 0 0 0 0 0 0 0 0 0 0 0 0 0 0 0 0 0 0 0 0 0 0 0 0 0 0 0 0 0 0 0 0 0 0 0 0 0 0 0 0 0 0 0 0 0 0 0 0 0 0 0 0 0 0 0 0 0 0 0 0 0 0 0 0 0 0 0 0 0 0 0 0 0 0 0 0 0]
[4232040223369690807030765121656531332776395442900949749587600308507013617934628518326178833575465246445539817962424157677855379935091442058765214176373091233830548699634679832178718621046559998113520079829785744928062238112171461729140744157762076274071462648500753071991911663209600139600258850084939381229611515997006308933305480194112677489771153 0 0 0 0 0 0 0 0 0 0 0 0 0 0 0 0 0 1 0 0 0 0 0 0 0 0 0 0 0 0 0 0 0 0 0 0 0 0 0 0 0 0 0 0 0 0 0 0 0 0 0 0 0 0 0 0 0 0 0 0 0 0 0 0 0 0 0 0 0 0 0 0 0 0 0 0 0 0 0 0 0 0 0 0 0 0 0 0 0 0 0 0 0 0 0 0 0 0 0 0 0 0 0 0 0 0 0 0 0 0 0 0 0 0 0]
[1115120615859253054828315044194626831507828111099464051106102965159984215748121347472432485711650808571840461147863823568129417082667394212183114026542221442788360787435431143436455201198645279837577813214942830016700509167029469735075780115480318423586755044738923195393780590510375724007592970650174458252588705960847744213874374185883918643020418 0 0 0 0 0 0 0 0 0 0 0 0 0 0 0 0 0 0 1 0 0 0 0 0 0 0 0 0 0 0 0 0 0 0 0 0 0 0 0 0 0 0 0 0 0 0 0 0 0 0 0 0 0 0 0 0 0 0 0 0 0 0 0 0 0 0 0 0 0 0 0 0 0 0 0 0 0 0 0 0 0 0 0 0 0 0 0 0 0 0 0 0 0 0 0 0 0 0 0 0 0 0 0 0 0 0 0 0 0 0 0 0 0 0 0]
[3059509220833715722876636868955276889808267486971650942562682590505763079332973962126617676497874480657077288375899500452467913839317981194260464993510436683247076292992101331747877815259661133385263664838557545731792158824731274345194236133437106480060116557466003849654946546997425852438193492555010749879221735133647769497510736325260405497393541 0 0 0 0 0 0 0 0 0 0 0 0 0 0 0 0 0 0 0 1 0 0 0 0 0 0 0 0 0 0 0 0 0 0 0 0 0 0 0 0 0 0 0 0 0 0 0 0 0 0 0 0 0 0 0 0 0 0 0 0 0 0 0 0 0 0 0 0 0 0 0 0 0 0 0 0 0 0 0 0 0 0 0 0 0 0 0 0 0 0 0 0 0 0 0 0 0 0 0 0 0 0 0 0 0 0 0 0 0 0 0 0 0 0 0]
[3150383133568174213268952495386166995375966164652330250527317085638808404665547263214614467727671045098375591073617122677846955074280756695873078859682533697836225695176967101496059106452544692068528019456993785076700897088030736130101037099657575417305708407134905569782335462527355445019229758877176983341214158501839360970340062511981298739516587 0 0 0 0 0 0 0 0 0 0 0 0 0 0 0 0 0 0 0 0 1 0 0 0 0 0 0 0 0 0 0 0 0 0 0 0 0 0 0 0 0 0 0 0 0 0 0 0 0 0 0 0 0 0 0 0 0 0 0 0 0 0 0 0 0 0 0 0 0 0 0 0 0 0 0 0 0 0 0 0 0 0 0 0 0 0 0 0 0 0 0 0 0 0 0 0 0 0 0 0 0 0 0 0 0 0 0 0 0 0 0 0 0 0 0]
[7831717139855670752478956239264234753353053443144265233221532183114356928626411493850556054059446631180724771159672783045552154785340826975108588820392482296434583218527967543200228881552347967394107463276739142402508275381325431821887564208068564980077985705738330982347805592466276932957543066003867548026905856528048926300632548754441126490668358 0 0 0 0 0 0 0 0 0 0 0 0 0 0 0 0 0 0 0 0 0 1 0 0 0 0 0 0 0 0 0 0 0 0 0 0 0 0 0 0 0 0 0 0 0 0 0 0 0 0 0 0 0 0 0 0 0 0 0 0 0 0 0 0 0 0 0 0 0 0 0 0 0 0 0 0 0 0 0 0 0 0 0 0 0 0 0 0 0 0 0 0 0 0 0 0 0 0 0 0 0 0 0 0 0 0 0 0 0 0 0 0 0 0 0]
[3233498165898810048085237350020344390168266082206002041203782672306714159125006218787058588706599800181198504571592869209386409564779082140566046153971634983968708399017358734677119366247743740320877389346231247726274595143002464670501412488791742282822655608912614626821149806696326586424786816247984955297410486751093559307527251332849894204647891 0 0 0 0 0 0 0 0 0 0 0 0 0 0 0 0 0 0 0 0 0 0 1 0 0 0 0 0 0 0 0 0 0 0 0 0 0 0 0 0 0 0 0 0 0 0 0 0 0 0 0 0 0 0 0 0 0 0 0 0 0 0 0 0 0 0 0 0 0 0 0 0 0 0 0 0 0 0 0 0 0 0 0 0 0 0 0 0 0 0 0 0 0 0 0 0 0 0 0 0 0 0 0 0 0 0 0 0 0 0 0 0 0 0 0]
[2781324406974998492142572449087362096452932476127786691869167207159045564076375179445337930680838858333619370939145802975554785125133775150305583602057845974534909793011019230402870071501867355854491549032256780028358416074492632929288587474101985045783174622001718120535387073455236030985085839822315236631502933342048902389963032699724303091478470 0 0 0 0 0 0 0 0 0 0 0 0 0 0 0 0 0 0 0 0 0 0 0 1 0 0 0 0 0 0 0 0 0 0 0 0 0 0 0 0 0 0 0 0 0 0 0 0 0 0 0 0 0 0 0 0 0 0 0 0 0 0 0 0 0 0 0 0 0 0 0 0 0 0 0 0 0 0 0 0 0 0 0 0 0 0 0 0 0 0 0 0 0 0 0 0 0 0 0 0 0 0 0 0 0 0 0 0 0 0 0 0 0 0 0]
[3895448699010808047498065250237237896008759724827940026218493524657964884208793898697114909530703254509885831632280484152479682102277744086126107486191906406012553845080294916453350548308449040966227642497875167369107722312694920754895685576165659824247057771372516507796392983567490158422788420904475638941110594653357735011780743408335029497080518 0 0 0 0 0 0 0 0 0 0 0 0 0 0 0 0 0 0 0 0 0 0 0 0 1 0 0 0 0 0 0 0 0 0 0 0 0 0 0 0 0 0 0 0 0 0 0 0 0 0 0 0 0 0 0 0 0 0 0 0 0 0 0 0 0 0 0 0 0 0 0 0 0 0 0 0 0 0 0 0 0 0 0 0 0 0 0 0 0 0 0 0 0 0 0 0 0 0 0 0 0 0 0 0 0 0 0 0 0 0 0 0 0 0 0]
[6998002479014323100470804077977989794105523281574511989782097369803195762129768618184635719421211506293330236510733374451121586898446165370999206411712464143426980750035548281800186924574481414300945618718976652964964961244905061473627987500052612818560184408271194635123757980902141986952695349154475984716494918431593196530557212382965670473431449 0 0 0 0 0 0 0 0 0 0 0 0 0 0 0 0 0 0 0 0 0 0 0 0 0 1 0 0 0 0 0 0 0 0 0 0 0 0 0 0 0 0 0 0 0 0 0 0 0 0 0 0 0 0 0 0 0 0 0 0 0 0 0 0 0 0 0 0 0 0 0 0 0 0 0 0 0 0 0 0 0 0 0 0 0 0 0 0 0 0 0 0 0 0 0 0 0 0 0 0 0 0 0 0 0 0 0 0 0 0 0 0 0 0 0]
[1549375501112886529890726609052827421842780450744855269819656180065990339032968344976017278759185736162282040108165314420780244891841340223401127326002224671268971095676550996252768130023025299567483137413532047776098407468798626616625057884562573510857748073549021881396879212069312711238977785010003114710430562414102294742881979899775925001292665 0 0 0 0 0 0 0 0 0 0 0 0 0 0 0 0 0 0 0 0 0 0 0 0 0 0 1 0 0 0 0 0 0 0 0 0 0 0 0 0 0 0 0 0 0 0 0 0 0 0 0 0 0 0 0 0 0 0 0 0 0 0 0 0 0 0 0 0 0 0 0 0 0 0 0 0 0 0 0 0 0 0 0 0 0 0 0 0 0 0 0 0 0 0 0 0 0 0 0 0 0 0 0 0 0 0 0 0 0 0 0 0 0 0 0]
[5094668338433611029128827983250632573606178391638105981411326586057328882306328193703955555832933518644106111084888830132509708004725272823139130376334042984185946263395350277916022742051550421779892622042710104597928429720906680648187779827715111008804153831236843695483687700258585953302725733032125314704203361363353844986628521972321744385356587 0 0 0 0 0 0 0 0 0 0 0 0 0 0 0 0 0 0 0 0 0 0 0 0 0 0 0 1 0 0 0 0 0 0 0 0 0 0 0 0 0 0 0 0 0 0 0 0 0 0 0 0 0 0 0 0 0 0 0 0 0 0 0 0 0 0 0 0 0 0 0 0 0 0 0 0 0 0 0 0 0 0 0 0 0 0 0 0 0 0 0 0 0 0 0 0 0 0 0 0 0 0 0 0 0 0 0 0 0 0 0 0 0 0 0]
[1241169467508399593333679125740295670959976975004158084124308648757870209210944794038583389460078396821149910729344525244285469040186152251128592281166559052336752675526548298728435938777353571759524327379937850143736203871689212329278630518019245820296560971883003669873436904486285530071903940118376378333645012358822883131270209142573894003786844 0 0 0 0 0 0 0 0 0 0 0 0 0 0 0 0 0 0 0 0 0 0 0 0 0 0 0 0 1 0 0 0 0 0 0 0 0 0 0 0 0 0 0 0 0 0 0 0 0 0 0 0 0 0 0 0 0 0 0 0 0 0 0 0 0 0 0 0 0 0 0 0 0 0 0 0 0 0 0 0 0 0 0 0 0 0 0 0 0 0 0 0 0 0 0 0 0 0 0 0 0 0 0 0 0 0 0 0 0 0 0 0 0 0 0]
[4453021165148043950690251951990158441342974740962243001109734911832103028148689493834917099568144066412004244652746356882731030023879006562199447694645731867735762617683287831069079066338314647390797409184209771159881233031145687751034666150066894026402322018875835224314354062398106929187819399314880842230918050486859595157106680340142379801664581 0 0 0 0 0 0 0 0 0 0 0 0 0 0 0 0 0 0 0 0 0 0 0 0 0 0 0 0 0 1 0 0 0 0 0 0 0 0 0 0 0 0 0 0 0 0 0 0 0 0 0 0 0 0 0 0 0 0 0 0 0 0 0 0 0 0 0 0 0 0 0 0 0 0 0 0 0 0 0 0 0 0 0 0 0 0 0 0 0 0 0 0 0 0 0 0 0 0 0 0 0 0 0 0 0 0 0 0 0 0 0 0 0 0 0]
[831579437769478066333648169530641181342345497327146904601643931747599283586334603511393611465275259479061752846562817814214748076553858638089866284380691887121195480176990225185848423805959875373430280434181933885423551158523868434396706758499421800164553035247811090605253729886882274943356072213733208852051931211025574448012644738149398557337470 0 0 0 0 0 0 0 0 0 0 0 0 0 0 0 0 0 0 0 0 0 0 0 0 0 0 0 0 0 0 1 0 0 0 0 0 0 0 0 0 0 0 0 0 0 0 0 0 0 0 0 0 0 0 0 0 0 0 0 0 0 0 0 0 0 0 0 0 0 0 0 0 0 0 0 0 0 0 0 0 0 0 0 0 0 0 0 0 0 0 0 0 0 0 0 0 0 0 0 0 0 0 0 0 0 0 0 0 0 0 0 0 0 0 0]
[6302585255041099380654074249648992538979925570850953918636495024241529825166122953166716077954448599535562316589717476840143251709533278406149010510582285874603015946551001895964917369609844072053650166828474101707681843206734595613988856838454085868679801337172592520408350440317830857391936762794681852395307231381564939961674998729845138025164463 0 0 0 0 0 0 0 0 0 0 0 0 0 0 0 0 0 0 0 0 0 0 0 0 0 0 0 0 0 0 0 1 0 0 0 0 0 0 0 0 0 0 0 0 0 0 0 0 0 0 0 0 0 0 0 0 0 0 0 0 0 0 0 0 0 0 0 0 0 0 0 0 0 0 0 0 0 0 0 0 0 0 0 0 0 0 0 0 0 0 0 0 0 0 0 0 0 0 0 0 0 0 0 0 0 0 0 0 0 0 0 0 0 0 0]
[2027147192457711000025470042842239557485383568013888915736817252736307472133925583719046953467471953662116262587202875780456651174537947888205096153646559087194788438700697181747418051209095935924540392708316468358349978671499400781832654164632145690455421940330102714866682666416817471854116576738876595010520672392910125980186984795872748661626617 0 0 0 0 0 0 0 0 0 0 0 0 0 0 0 0 0 0 0 0 0 0 0 0 0 0 0 0 0 0 0 0 1 0 0 0 0 0 0 0 0 0 0 0 0 0 0 0 0 0 0 0 0 0 0 0 0 0 0 0 0 0 0 0 0 0 0 0 0 0 0 0 0 0 0 0 0 0 0 0 0 0 0 0 0 0 0 0 0 0 0 0 0 0 0 0 0 0 0 0 0 0 0 0 0 0 0 0 0 0 0 0 0 0 0]
[7834784709498352950062182432081144335121981627586026587864352438236157530045420275079167769448728304831845798019777884875012087887357082558709056318828817844240611369747220716249004416592859030627563991267119726768161958760465730083374598527274942124256682316404146808808538697647527099925251085199496539184976500510704035413486096537716929569369469 0 0 0 0 0 0 0 0 0 0 0 0 0 0 0 0 0 0 0 0 0 0 0 0 0 0 0 0 0 0 0 0 0 1 0 0 0 0 0 0 0 0 0 0 0 0 0 0 0 0 0 0 0 0 0 0 0 0 0 0 0 0 0 0 0 0 0 0 0 0 0 0 0 0 0 0 0 0 0 0 0 0 0 0 0 0 0 0 0 0 0 0 0 0 0 0 0 0 0 0 0 0 0 0 0 0 0 0 0 0 0 0 0 0 0]
[5036199546718522634462574694445680188545551403828706957515445699766512461722602411830252251322972499891809198104927346326222263371378013811957533290662288810330879757331315579141882378489892818181467488641402333929721955807451532643085149723245655438013738128940132822793022715014560619352560436693973214948150517460095042190099458902650967270231466 0 0 0 0 0 0 0 0 0 0 0 0 0 0 0 0 0 0 0 0 0 0 0 0 0 0 0 0 0 0 0 0 0 0 1 0 0 0 0 0 0 0 0 0 0 0 0 0 0 0 0 0 0 0 0 0 0 0 0 0 0 0 0 0 0 0 0 0 0 0 0 0 0 0 0 0 0 0 0 0 0 0 0 0 0 0 0 0 0 0 0 0 0 0 0 0 0 0 0 0 0 0 0 0 0 0 0 0 0 0 0 0 0 0 0]
[191385923864315537605411659791491209337086748719481681014502623445247416118567999210987468024490563383173318442776009293548966892612115032511733947923815659507018215320672232776154550243682652674671287296706119468665625023838045957062605744231627906534336309286100566102140529524319826450640849948447197760788199430446155790108354047330082015401396 0 0 0 0 0 0 0 0 0 0 0 0 0 0 0 0 0 0 0 0 0 0 0 0 0 0 0 0 0 0 0 0 0 0 0 1 0 0 0 0 0 0 0 0 0 0 0 0 0 0 0 0 0 0 0 0 0 0 0 0 0 0 0 0 0 0 0 0 0 0 0 0 0 0 0 0 0 0 0 0 0 0 0 0 0 0 0 0 0 0 0 0 0 0 0 0 0 0 0 0 0 0 0 0 0 0 0 0 0 0 0 0 0 0 0]
[1939145489106098915335604541950248248521420446760931619244097765055829809915014537590906353207504662331399349386269898225590009416229110837726155912499545914582470853896870029831236107154897637876943739298807710709835005841600906188167750841757780061402252854754430803262002251525417643120637246325287479536537423043034170509676845613535024161495568 0 0 0 0 0 0 0 0 0 0 0 0 0 0 0 0 0 0 0 0 0 0 0 0 0 0 0 0 0 0 0 0 0 0 0 0 1 0 0 0 0 0 0 0 0 0 0 0 0 0 0 0 0 0 0 0 0 0 0 0 0 0 0 0 0 0 0 0 0 0 0 0 0 0 0 0 0 0 0 0 0 0 0 0 0 0 0 0 0 0 0 0 0 0 0 0 0 0 0 0 0 0 0 0 0 0 0 0 0 0 0 0 0 0 0]
[5098261517615283858599826799197665902725982930038328553243656729323734275650259172705640500720597207716406936001462218806674348554079471533057720038786672743641539570157212876747226597537897413017748004775190533390689502111612581140209801612791808325114848233611862270866610236955980098010411497034779050236915764325534653842838607140386807005080195 0 0 0 0 0 0 0 0 0 0 0 0 0 0 0 0 0 0 0 0 0 0 0 0 0 0 0 0 0 0 0 0 0 0 0 0 0 1 0 0 0 0 0 0 0 0 0 0 0 0 0 0 0 0 0 0 0 0 0 0 0 0 0 0 0 0 0 0 0 0 0 0 0 0 0 0 0 0 0 0 0 0 0 0 0 0 0 0 0 0 0 0 0 0 0 0 0 0 0 0 0 0 0 0 0 0 0 0 0 0 0 0 0 0 0]
[2412028433129548992428082335263570373967189816866061927035793748449487838363701832806219140388819209803795928935218713469532007078681430054596357021275809807448063217299381522125485840588058479458006314800302262966075167265895583106253913206523396264265241738209914034036896951872103500763478511580679270683909131437770942791722217079255854573939924 0 0 0 0 0 0 0 0 0 0 0 0 0 0 0 0 0 0 0 0 0 0 0 0 0 0 0 0 0 0 0 0 0 0 0 0 0 0 1 0 0 0 0 0 0 0 0 0 0 0 0 0 0 0 0 0 0 0 0 0 0 0 0 0 0 0 0 0 0 0 0 0 0 0 0 0 0 0 0 0 0 0 0 0 0 0 0 0 0 0 0 0 0 0 0 0 0 0 0 0 0 0 0 0 0 0 0 0 0 0 0 0 0 0 0]
[4488756129687585347291815546815478338257327185685426359796446502134018846466379737173051823240442676212019752337136268981968081551887789874406539628074481586107870937719384711441361122789248238850826354029429078708489319878648791280558495635889346931038786683079978722884915948521650132267313412785581435994179523697363436127606624648871139427733718 0 0 0 0 0 0 0 0 0 0 0 0 0 0 0 0 0 0 0 0 0 0 0 0 0 0 0 0 0 0 0 0 0 0 0 0 0 0 0 1 0 0 0 0 0 0 0 0 0 0 0 0 0 0 0 0 0 0 0 0 0 0 0 0 0 0 0 0 0 0 0 0 0 0 0 0 0 0 0 0 0 0 0 0 0 0 0 0 0 0 0 0 0 0 0 0 0 0 0 0 0 0 0 0 0 0 0 0 0 0 0 0 0 0 0]
[2146836319709554507826934858156526201266153824853073239723445585828202972616049850334160863768931939068616272963722684334920329354588614750418759539430451847651880859985510926911323210970056886333180558690355478582671432652118395521946760202958416328630893342366702511868819238467990274627302475711066058092431098202318618281321891495163479066159927 0 0 0 0 0 0 0 0 0 0 0 0 0 0 0 0 0 0 0 0 0 0 0 0 0 0 0 0 0 0 0 0 0 0 0 0 0 0 0 0 1 0 0 0 0 0 0 0 0 0 0 0 0 0 0 0 0 0 0 0 0 0 0 0 0 0 0 0 0 0 0 0 0 0 0 0 0 0 0 0 0 0 0 0 0 0 0 0 0 0 0 0 0 0 0 0 0 0 0 0 0 0 0 0 0 0 0 0 0 0 0 0 0 0 0]
[3644175452406506850408150825616441703330978659788977744166412078301617989390002491984239881285155856972063309323906642540411727087437814343957953488561392621988408786955997707529879486946377220020951489589417621562620444984059402509624775129043689358035340758183245122585329557892012659366147906712474182845476493966798104186443409810003521552414594 0 0 0 0 0 0 0 0 0 0 0 0 0 0 0 0 0 0 0 0 0 0 0 0 0 0 0 0 0 0 0 0 0 0 0 0 0 0 0 0 0 1 0 0 0 0 0 0 0 0 0 0 0 0 0 0 0 0 0 0 0 0 0 0 0 0 0 0 0 0 0 0 0 0 0 0 0 0 0 0 0 0 0 0 0 0 0 0 0 0 0 0 0 0 0 0 0 0 0 0 0 0 0 0 0 0 0 0 0 0 0 0 0 0 0]
[2426161235500387054767645523180082369214797562179434791051336746518029317862588111842090126176028614261658038365876182517322453701259752957760943362162639102036578092201074712304908829325180667318778974577584838822311115249939841015950670363205411950796895680921585466781069813411786570573864072238631024314217114603010167531553917664506974537248989 0 0 0 0 0 0 0 0 0 0 0 0 0 0 0 0 0 0 0 0 0 0 0 0 0 0 0 0 0 0 0 0 0 0 0 0 0 0 0 0 0 0 1 0 0 0 0 0 0 0 0 0 0 0 0 0 0 0 0 0 0 0 0 0 0 0 0 0 0 0 0 0 0 0 0 0 0 0 0 0 0 0 0 0 0 0 0 0 0 0 0 0 0 0 0 0 0 0 0 0 0 0 0 0 0 0 0 0 0 0 0 0 0 0 0]
[703452431873676621571092445344690131847323685706904236451531226108469954111796492536724651313770132851477010573972047912480386736842141906251938220924170563310323017302834440331271911505436484853037273808056745173149568879522080632455084532103250093274976009776047653430063316058734942566933034705698141571480886382225409240444644534112823716460859 0 0 0 0 0 0 0 0 0 0 0 0 0 0 0 0 0 0 0 0 0 0 0 0 0 0 0 0 0 0 0 0 0 0 0 0 0 0 0 0 0 0 0 1 0 0 0 0 0 0 0 0 0 0 0 0 0 0 0 0 0 0 0 0 0 0 0 0 0 0 0 0 0 0 0 0 0 0 0 0 0 0 0 0 0 0 0 0 0 0 0 0 0 0 0 0 0 0 0 0 0 0 0 0 0 0 0 0 0 0 0 0 0 0 0]
[1019458904653786401024803799752262655768055429234401700240524507220431264465135355090250884007550114654276385683956124974164528234090744885480535531375204124964877241747629554641663834238905310264381815846244965567280158354791519596315835924370636977425796288711230027742168297337050884114297917077010895589566139682908817246252334554505796908507247 0 0 0 0 0 0 0 0 0 0 0 0 0 0 0 0 0 0 0 0 0 0 0 0 0 0 0 0 0 0 0 0 0 0 0 0 0 0 0 0 0 0 0 0 1 0 0 0 0 0 0 0 0 0 0 0 0 0 0 0 0 0 0 0 0 0 0 0 0 0 0 0 0 0 0 0 0 0 0 0 0 0 0 0 0 0 0 0 0 0 0 0 0 0 0 0 0 0 0 0 0 0 0 0 0 0 0 0 0 0 0 0 0 0 0]
[4511049033621481186703052353979315403714516138384942824532843588004629819322107447081587357978650150320029857112951970711916525082891071952346041061621017327468586307143239546191820288560175296410193801113375379863210709736320586883166576428529311162891967664907142032291638895664100053804914710912985921600909149746378876373475500457767688921525152 0 0 0 0 0 0 0 0 0 0 0 0 0 0 0 0 0 0 0 0 0 0 0 0 0 0 0 0 0 0 0 0 0 0 0 0 0 0 0 0 0 0 0 0 0 1 0 0 0 0 0 0 0 0 0 0 0 0 0 0 0 0 0 0 0 0 0 0 0 0 0 0 0 0 0 0 0 0 0 0 0 0 0 0 0 0 0 0 0 0 0 0 0 0 0 0 0 0 0 0 0 0 0 0 0 0 0 0 0 0 0 0 0 0 0]
[1334059459658753870494464241109752030307209459158749154325240805850918973138939977721063745462734374710881811654729522933446747103432499959140351433485707466075369996092742453610796960773130692973526292347622802144757191111065048025886105473400327606660288297798826155648559962385325012240831202693580384471256650805225912788137800212668025890956680 0 0 0 0 0 0 0 0 0 0 0 0 0 0 0 0 0 0 0 0 0 0 0 0 0 0 0 0 0 0 0 0 0 0 0 0 0 0 0 0 0 0 0 0 0 0 1 0 0 0 0 0 0 0 0 0 0 0 0 0 0 0 0 0 0 0 0 0 0 0 0 0 0 0 0 0 0 0 0 0 0 0 0 0 0 0 0 0 0 0 0 0 0 0 0 0 0 0 0 0 0 0 0 0 0 0 0 0 0 0 0 0 0 0 0]
[2379559466253773787688576213918823778360597472479513929864230242411404369971044264407560548339982442749435608860226256919692045674165494139412730341165556164954005173289052529776865173752233191761539348684991539532032397472310898074888669894936301241117279321110272247806861840155031633567122553203217152574225800714752087352239342466923838111986829 0 0 0 0 0 0 0 0 0 0 0 0 0 0 0 0 0 0 0 0 0 0 0 0 0 0 0 0 0 0 0 0 0 0 0 0 0 0 0 0 0 0 0 0 0 0 0 1 0 0 0 0 0 0 0 0 0 0 0 0 0 0 0 0 0 0 0 0 0 0 0 0 0 0 0 0 0 0 0 0 0 0 0 0 0 0 0 0 0 0 0 0 0 0 0 0 0 0 0 0 0 0 0 0 0 0 0 0 0 0 0 0 0 0 0]
[1062977825938914503727833288661541321452770499851035561615250397386162015674040642531996715333496734876126290269427210156525115637167059200358804220369325872156466495974303726898633892118718862314054443660870247745984518726336939619931678196867015542797252612584590261504602520836500455334298885847238724644481890834275713612210756351944925102693090 0 0 0 0 0 0 0 0 0 0 0 0 0 0 0 0 0 0 0 0 0 0 0 0 0 0 0 0 0 0 0 0 0 0 0 0 0 0 0 0 0 0 0 0 0 0 0 0 1 0 0 0 0 0 0 0 0 0 0 0 0 0 0 0 0 0 0 0 0 0 0 0 0 0 0 0 0 0 0 0 0 0 0 0 0 0 0 0 0 0 0 0 0 0 0 0 0 0 0 0 0 0 0 0 0 0 0 0 0 0 0 0 0 0 0]
[3641713342326622160065285094962027637595964528680896982166314859618079445054237987228179461036517300525821541895130356359005696442216738219942288857407552348607684133062318409985404403161984563897663268825902416794445048402704073008839838379277935805185600908773295130682522937092755183931521285617643748593057695279194414201625586424473033011174955 0 0 0 0 0 0 0 0 0 0 0 0 0 0 0 0 0 0 0 0 0 0 0 0 0 0 0 0 0 0 0 0 0 0 0 0 0 0 0 0 0 0 0 0 0 0 0 0 0 1 0 0 0 0 0 0 0 0 0 0 0 0 0 0 0 0 0 0 0 0 0 0 0 0 0 0 0 0 0 0 0 0 0 0 0 0 0 0 0 0 0 0 0 0 0 0 0 0 0 0 0 0 0 0 0 0 0 0 0 0 0 0 0 0 0]
[4942756517223202529538376204889981247586515817553431922510124375750372601906033738799973447441588970489578414462600821288762213585187184531962599406259039964792799444829174441238652438406647153018478976558534278876613480878939475841743461969884626688663933939186561930667014198890794185185029723606863734722298950595764925091723087041746687412523407 0 0 0 0 0 0 0 0 0 0 0 0 0 0 0 0 0 0 0 0 0 0 0 0 0 0 0 0 0 0 0 0 0 0 0 0 0 0 0 0 0 0 0 0 0 0 0 0 0 0 1 0 0 0 0 0 0 0 0 0 0 0 0 0 0 0 0 0 0 0 0 0 0 0 0 0 0 0 0 0 0 0 0 0 0 0 0 0 0 0 0 0 0 0 0 0 0 0 0 0 0 0 0 0 0 0 0 0 0 0 0 0 0 0 0]
[3172948171761511950439033966580368954460860206912179184824040665483839164991710083586008836014414485036102172601733717553003118818949839744646316479502189697731426382750341597040408671458760889833607906169854911176843635653045783343759285465137203609932822409629322998644875658461792282263003488779937622842854625480135082703931663725783367543569888 0 0 0 0 0 0 0 0 0 0 0 0 0 0 0 0 0 0 0 0 0 0 0 0 0 0 0 0 0 0 0 0 0 0 0 0 0 0 0 0 0 0 0 0 0 0 0 0 0 0 0 1 0 0 0 0 0 0 0 0 0 0 0 0 0 0 0 0 0 0 0 0 0 0 0 0 0 0 0 0 0 0 0 0 0 0 0 0 0 0 0 0 0 0 0 0 0 0 0 0 0 0 0 0 0 0 0 0 0 0 0 0 0 0 0]
[487709963271751295352150648296602594889624689179572785147861432125335989078922973198991570348300746102527063499393062714621417606167433454685937529280338791828640650273196667303950716955924287239604634180061680335723286787258899122964045362127664165111259741770009385087211403029793518275792340468081908188214395451107931806305676848419949708238067 0 0 0 0 0 0 0 0 0 0 0 0 0 0 0 0 0 0 0 0 0 0 0 0 0 0 0 0 0 0 0 0 0 0 0 0 0 0 0 0 0 0 0 0 0 0 0 0 0 0 0 0 1 0 0 0 0 0 0 0 0 0 0 0 0 0 0 0 0 0 0 0 0 0 0 0 0 0 0 0 0 0 0 0 0 0 0 0 0 0 0 0 0 0 0 0 0 0 0 0 0 0 0 0 0 0 0 0 0 0 0 0 0 0 0]
[3140231852889708157086078939975960493791959796817050180978450314418449284105971610554840737496553854776715201080199133296726424052650158650350221217479207489398174561133902345013679116607266398468738571661985525860849451851129466973804035858616585092997870754854359986931511613132986541856135357296695514079840941891562391499280304286808599912036762 0 0 0 0 0 0 0 0 0 0 0 0 0 0 0 0 0 0 0 0 0 0 0 0 0 0 0 0 0 0 0 0 0 0 0 0 0 0 0 0 0 0 0 0 0 0 0 0 0 0 0 0 0 1 0 0 0 0 0 0 0 0 0 0 0 0 0 0 0 0 0 0 0 0 0 0 0 0 0 0 0 0 0 0 0 0 0 0 0 0 0 0 0 0 0 0 0 0 0 0 0 0 0 0 0 0 0 0 0 0 0 0 0 0 0]
[6630004993303305564923861600452876712769327694986681576728228323831156787650410434984818132096075181149333306653585794743708260104037873021996990614529718418781756595024670820440097429467267116857887209434891688347123549058158016118845966462235284608703645678013804401087992899957651798445171157683090070494346924939419183887010904597203213968996764 0 0 0 0 0 0 0 0 0 0 0 0 0 0 0 0 0 0 0 0 0 0 0 0 0 0 0 0 0 0 0 0 0 0 0 0 0 0 0 0 0 0 0 0 0 0 0 0 0 0 0 0 0 0 1 0 0 0 0 0 0 0 0 0 0 0 0 0 0 0 0 0 0 0 0 0 0 0 0 0 0 0 0 0 0 0 0 0 0 0 0 0 0 0 0 0 0 0 0 0 0 0 0 0 0 0 0 0 0 0 0 0 0 0 0]
[2194492582287692155914446531725345658804517151124486651349614553267688879051615279262684884080433485858682579573663491848335190975508410051456898120297758959654985789232810452753592053891316041607141224015477961691410648416911862304648357846434272197840449366833227457333177330608407163798148618616754131751113163607559086688096281231081214407801241 0 0 0 0 0 0 0 0 0 0 0 0 0 0 0 0 0 0 0 0 0 0 0 0 0 0 0 0 0 0 0 0 0 0 0 0 0 0 0 0 0 0 0 0 0 0 0 0 0 0 0 0 0 0 0 1 0 0 0 0 0 0 0 0 0 0 0 0 0 0 0 0 0 0 0 0 0 0 0 0 0 0 0 0 0 0 0 0 0 0 0 0 0 0 0 0 0 0 0 0 0 0 0 0 0 0 0 0 0 0 0 0 0 0 0]
[1672047697340565267993700014285455370069880804552111030880727608811572830234350355878631617978781894231470721887940651667693619415911050378931822471951541173827003587586388090520880172607595542799278998661183452798171430972775660697954413312507485823861305111075466884019471688230373036288025356616785413039974969098632185368492718792202080796505517 0 0 0 0 0 0 0 0 0 0 0 0 0 0 0 0 0 0 0 0 0 0 0 0 0 0 0 0 0 0 0 0 0 0 0 0 0 0 0 0 0 0 0 0 0 0 0 0 0 0 0 0 0 0 0 0 1 0 0 0 0 0 0 0 0 0 0 0 0 0 0 0 0 0 0 0 0 0 0 0 0 0 0 0 0 0 0 0 0 0 0 0 0 0 0 0 0 0 0 0 0 0 0 0 0 0 0 0 0 0 0 0 0 0 0]
[7621523036201839312009275135324026285729463540101569696631767319256700831937701815709749281407293031374282631665575233274607211720132583501855258971210725047635011495129278953011809490678679981835667843518798276989366509671225702415654610167413776885737539292618969102285444377825439830968327729341778512885228563062006468631891079641968137424460591 0 0 0 0 0 0 0 0 0 0 0 0 0 0 0 0 0 0 0 0 0 0 0 0 0 0 0 0 0 0 0 0 0 0 0 0 0 0 0 0 0 0 0 0 0 0 0 0 0 0 0 0 0 0 0 0 0 1 0 0 0 0 0 0 0 0 0 0 0 0 0 0 0 0 0 0 0 0 0 0 0 0 0 0 0 0 0 0 0 0 0 0 0 0 0 0 0 0 0 0 0 0 0 0 0 0 0 0 0 0 0 0 0 0 0]
[4263569088574082656581408959946649031631018314526935354308490995220763579867717472764396925729637764144179512648646851133757225022009500368509692099147362274280841379171666940063023176268723875059003686765437846069356672424265690653252673839830945450929346905914676962250118222368189701716640619926829086043997756041045074322682532519959953987258785 0 0 0 0 0 0 0 0 0 0 0 0 0 0 0 0 0 0 0 0 0 0 0 0 0 0 0 0 0 0 0 0 0 0 0 0 0 0 0 0 0 0 0 0 0 0 0 0 0 0 0 0 0 0 0 0 0 0 1 0 0 0 0 0 0 0 0 0 0 0 0 0 0 0 0 0 0 0 0 0 0 0 0 0 0 0 0 0 0 0 0 0 0 0 0 0 0 0 0 0 0 0 0 0 0 0 0 0 0 0 0 0 0 0 0]
[3425375528696281484772348174770785753574622851937860791756729409751679339227118881545060532265742371454835786309432330978380545643469479784994731001856863151450048581164449941215329326869054995112528815717411464458574269802326943542524251502614385749248926207273236948704878557446026838323229370582991461106409132123792936015841910205208296378991055 0 0 0 0 0 0 0 0 0 0 0 0 0 0 0 0 0 0 0 0 0 0 0 0 0 0 0 0 0 0 0 0 0 0 0 0 0 0 0 0 0 0 0 0 0 0 0 0 0 0 0 0 0 0 0 0 0 0 0 1 0 0 0 0 0 0 0 0 0 0 0 0 0 0 0 0 0 0 0 0 0 0 0 0 0 0 0 0 0 0 0 0 0 0 0 0 0 0 0 0 0 0 0 0 0 0 0 0 0 0 0 0 0 0 0]
[1712820848600558220374409105660536732194234080868846566974708516034893314527904250951646835639858769541500558615413984784864299784328227578355044741736243568140965089161615195762931440422516935705125132721528412777055465938095287616404440446425823958101050495833387909460668086067160704213134459907262019017472565270124348359796338144517384254448751 0 0 0 0 0 0 0 0 0 0 0 0 0 0 0 0 0 0 0 0 0 0 0 0 0 0 0 0 0 0 0 0 0 0 0 0 0 0 0 0 0 0 0 0 0 0 0 0 0 0 0 0 0 0 0 0 0 0 0 0 1 0 0 0 0 0 0 0 0 0 0 0 0 0 0 0 0 0 0 0 0 0 0 0 0 0 0 0 0 0 0 0 0 0 0 0 0 0 0 0 0 0 0 0 0 0 0 0 0 0 0 0 0 0 0]
[7587453278941798102724659113160520585838654976396438251003077379760663334279446198035821497609690041908082698802607202597346315754986255610469495914800877567499800887652994259726336705241295975278783518861207944932912803577024363846472842159253836623223847309176248568094002471236705653141095934679727497591180098004702809526106056158863566314587049 0 0 0 0 0 0 0 0 0 0 0 0 0 0 0 0 0 0 0 0 0 0 0 0 0 0 0 0 0 0 0 0 0 0 0 0 0 0 0 0 0 0 0 0 0 0 0 0 0 0 0 0 0 0 0 0 0 0 0 0 0 1 0 0 0 0 0 0 0 0 0 0 0 0 0 0 0 0 0 0 0 0 0 0 0 0 0 0 0 0 0 0 0 0 0 0 0 0 0 0 0 0 0 0 0 0 0 0 0 0 0 0 0 0 0]
[2342032997582824847777390996908683850461730382897627594760107945606632602180782209540031793615389525996385621404883649739238971687580221581322735033288396889965627812288857632980529360860912310456584231635802273593296083322119186765549031143667192673088965132601700353161750303059642821273642726426109401817750277312826416407440807030546794423891315 0 0 0 0 0 0 0 0 0 0 0 0 0 0 0 0 0 0 0 0 0 0 0 0 0 0 0 0 0 0 0 0 0 0 0 0 0 0 0 0 0 0 0 0 0 0 0 0 0 0 0 0 0 0 0 0 0 0 0 0 0 0 1 0 0 0 0 0 0 0 0 0 0 0 0 0 0 0 0 0 0 0 0 0 0 0 0 0 0 0 0 0 0 0 0 0 0 0 0 0 0 0 0 0 0 0 0 0 0 0 0 0 0 0 0]
[5721785165186394685174235262907886884189021672738855280296086628389133165588437955589695589370117085772212014555821166234762326068859721642696380836773464940516515230128251044454344804167759409118996954331378079289897195951894783228608666358016181641813411017790144796689487446639183942744018840809542237189827300339997720696326047673783393779844379 0 0 0 0 0 0 0 0 0 0 0 0 0 0 0 0 0 0 0 0 0 0 0 0 0 0 0 0 0 0 0 0 0 0 0 0 0 0 0 0 0 0 0 0 0 0 0 0 0 0 0 0 0 0 0 0 0 0 0 0 0 0 0 1 0 0 0 0 0 0 0 0 0 0 0 0 0 0 0 0 0 0 0 0 0 0 0 0 0 0 0 0 0 0 0 0 0 0 0 0 0 0 0 0 0 0 0 0 0 0 0 0 0 0 0]
[6730506794766865372824289485306257525058171064165474641572070034592870389612663029919506067445100721028795914295401100481726733244355488372652922148409361932023905006566664732012314579916747265829391469222384956548181377903816747340641898887776015799993039980550840265521918742092326966194489920462831257853578501516253640060229348979954150481014236 0 0 0 0 0 0 0 0 0 0 0 0 0 0 0 0 0 0 0 0 0 0 0 0 0 0 0 0 0 0 0 0 0 0 0 0 0 0 0 0 0 0 0 0 0 0 0 0 0 0 0 0 0 0 0 0 0 0 0 0 0 0 0 0 1 0 0 0 0 0 0 0 0 0 0 0 0 0 0 0 0 0 0 0 0 0 0 0 0 0 0 0 0 0 0 0 0 0 0 0 0 0 0 0 0 0 0 0 0 0 0 0 0 0 0]
[113858668858815678602117932298671300899466976043288460012188567547928177714114961443948371840933082324131859788446044705500001756516096736897416990474840710639985227362136568209233316921488021218015059399781721712896916521552397815738153076306564548853772120608201874129023511397235914913943729224429050219375004667487890396831091973747614495523381 0 0 0 0 0 0 0 0 0 0 0 0 0 0 0 0 0 0 0 0 0 0 0 0 0 0 0 0 0 0 0 0 0 0 0 0 0 0 0 0 0 0 0 0 0 0 0 0 0 0 0 0 0 0 0 0 0 0 0 0 0 0 0 0 0 1 0 0 0 0 0 0 0 0 0 0 0 0 0 0 0 0 0 0 0 0 0 0 0 0 0 0 0 0 0 0 0 0 0 0 0 0 0 0 0 0 0 0 0 0 0 0 0 0 0]
[932708259168379443825636083915709362027068287813269193674083716794018214201594606046516444191373742666553524328119316888219817757588060534498979839677508717712610227283640028755222016273886677085329252744026222218480562424232757153669635475368574135355546660320532094847441230788542895614267420958510034654030638466008580508935965202232511627658084 0 0 0 0 0 0 0 0 0 0 0 0 0 0 0 0 0 0 0 0 0 0 0 0 0 0 0 0 0 0 0 0 0 0 0 0 0 0 0 0 0 0 0 0 0 0 0 0 0 0 0 0 0 0 0 0 0 0 0 0 0 0 0 0 0 0 1 0 0 0 0 0 0 0 0 0 0 0 0 0 0 0 0 0 0 0 0 0 0 0 0 0 0 0 0 0 0 0 0 0 0 0 0 0 0 0 0 0 0 0 0 0 0 0 0]
[4294528434123483293790966592417362780994460936867613779578708840777847955293552515623665221444100649079713966913064558752169875725042330689143219206606383772861147957091553229929133752647080352380502724838208497497774742520021956870904313649964902324932334173716981807818105282146124269683455244604542699631848243984424342834244078242521311419195578 0 0 0 0 0 0 0 0 0 0 0 0 0 0 0 0 0 0 0 0 0 0 0 0 0 0 0 0 0 0 0 0 0 0 0 0 0 0 0 0 0 0 0 0 0 0 0 0 0 0 0 0 0 0 0 0 0 0 0 0 0 0 0 0 0 0 0 1 0 0 0 0 0 0 0 0 0 0 0 0 0 0 0 0 0 0 0 0 0 0 0 0 0 0 0 0 0 0 0 0 0 0 0 0 0 0 0 0 0 0 0 0 0 0 0]
[5240476611428023273497458561001998665030340448640428189108578374769648555379276597238878242444830419057284946849276780761669778130658830095614760080350833470902516015243608061581574130278996024068266946467687472232945387345941623368603641551557287631932138781934729547360277709890134132598770213799504000879279285571703416804221069639716049286549360 0 0 0 0 0 0 0 0 0 0 0 0 0 0 0 0 0 0 0 0 0 0 0 0 0 0 0 0 0 0 0 0 0 0 0 0 0 0 0 0 0 0 0 0 0 0 0 0 0 0 0 0 0 0 0 0 0 0 0 0 0 0 0 0 0 0 0 0 1 0 0 0 0 0 0 0 0 0 0 0 0 0 0 0 0 0 0 0 0 0 0 0 0 0 0 0 0 0 0 0 0 0 0 0 0 0 0 0 0 0 0 0 0 0 0]
[3574658083705058580116198788320138031328018190660595515878825512920636650727530369217399100105973328772699293163777472475536655007539386831679922919902082396524886785009938221860363678357979863315056727170484659463544277031476428942695438938966014850284965193527979213875171962800973632440944611833832526181125834901100100378139743491018425397223322 0 0 0 0 0 0 0 0 0 0 0 0 0 0 0 0 0 0 0 0 0 0 0 0 0 0 0 0 0 0 0 0 0 0 0 0 0 0 0 0 0 0 0 0 0 0 0 0 0 0 0 0 0 0 0 0 0 0 0 0 0 0 0 0 0 0 0 0 0 1 0 0 0 0 0 0 0 0 0 0 0 0 0 0 0 0 0 0 0 0 0 0 0 0 0 0 0 0 0 0 0 0 0 0 0 0 0 0 0 0 0 0 0 0 0]
[4017389067220872511189240438221086689108618256847039349781672635847527169974863854231322312737807150853740638813441331057717593180663659387682966668377909090342596065565448420846593745244913743781244058327803191027595423153605791165761739849832287325223738051023842780172388149831948261530474022452193112560348609072281910565822145473521478719349481 0 0 0 0 0 0 0 0 0 0 0 0 0 0 0 0 0 0 0 0 0 0 0 0 0 0 0 0 0 0 0 0 0 0 0 0 0 0 0 0 0 0 0 0 0 0 0 0 0 0 0 0 0 0 0 0 0 0 0 0 0 0 0 0 0 0 0 0 0 0 1 0 0 0 0 0 0 0 0 0 0 0 0 0 0 0 0 0 0 0 0 0 0 0 0 0 0 0 0 0 0 0 0 0 0 0 0 0 0 0 0 0 0 0 0]
[6435542923031240929551898696903648639775156680009503454756053270839240439895121973636081666230483490110407267780870783019098382531387809472492208084751580624308876653742809650785076765479260177481530072004702572838093852071504667239644832531643052087155432993270783986926333799756523025012406231025660419493672460027379519191473383632392910070296717 0 0 0 0 0 0 0 0 0 0 0 0 0 0 0 0 0 0 0 0 0 0 0 0 0 0 0 0 0 0 0 0 0 0 0 0 0 0 0 0 0 0 0 0 0 0 0 0 0 0 0 0 0 0 0 0 0 0 0 0 0 0 0 0 0 0 0 0 0 0 0 1 0 0 0 0 0 0 0 0 0 0 0 0 0 0 0 0 0 0 0 0 0 0 0 0 0 0 0 0 0 0 0 0 0 0 0 0 0 0 0 0 0 0 0]
[107048376551781604603015335804972595451163268252562415615325519604473463067787060929648187910878368069258236852800487795447984123274088011661410807996017119026302185464957075094838176412342794926534793863589255405541191551051772262683530300199534019647711690772045057927023097222777528113113630125365092304773171604868823256602132515947603177877517 0 0 0 0 0 0 0 0 0 0 0 0 0 0 0 0 0 0 0 0 0 0 0 0 0 0 0 0 0 0 0 0 0 0 0 0 0 0 0 0 0 0 0 0 0 0 0 0 0 0 0 0 0 0 0 0 0 0 0 0 0 0 0 0 0 0 0 0 0 0 0 0 1 0 0 0 0 0 0 0 0 0 0 0 0 0 0 0 0 0 0 0 0 0 0 0 0 0 0 0 0 0 0 0 0 0 0 0 0 0 0 0 0 0 0]
[4857043828399632097247495479066360666761559839944400533842827651196666539033354673093277419770675970092952305666977034991346102528908067120535287057702813274807088122873653460701981214158540798303462364276637286025096676924444981629018608039325926354125716557311170485089532732583067087539432825544665598061728436680754816285471914393438734574779577 0 0 0 0 0 0 0 0 0 0 0 0 0 0 0 0 0 0 0 0 0 0 0 0 0 0 0 0 0 0 0 0 0 0 0 0 0 0 0 0 0 0 0 0 0 0 0 0 0 0 0 0 0 0 0 0 0 0 0 0 0 0 0 0 0 0 0 0 0 0 0 0 0 1 0 0 0 0 0 0 0 0 0 0 0 0 0 0 0 0 0 0 0 0 0 0 0 0 0 0 0 0 0 0 0 0 0 0 0 0 0 0 0 0 0]
[5213162171866490462525983262987560542308023838666139371117412355346870160581060891940451596734320022246731583549538343776257741045456335343051997446725719888242217149288937493537060428994954594625122783064207029371914685715975287496700460983845174256552633220103133905765483194142168738764545702325913945437339628674597842831049601128620790995814679 0 0 0 0 0 0 0 0 0 0 0 0 0 0 0 0 0 0 0 0 0 0 0 0 0 0 0 0 0 0 0 0 0 0 0 0 0 0 0 0 0 0 0 0 0 0 0 0 0 0 0 0 0 0 0 0 0 0 0 0 0 0 0 0 0 0 0 0 0 0 0 0 0 0 1 0 0 0 0 0 0 0 0 0 0 0 0 0 0 0 0 0 0 0 0 0 0 0 0 0 0 0 0 0 0 0 0 0 0 0 0 0 0 0 0]
[482818380589890885534079618711187066872980938060285280192353857771486649495884919954920352509799323449585350791728972247491956531503689469980124814623787896776266530325447887212771420131597805703283068010305020681533281584409753283286911108305637427625391148850101969859087108977540052661799080226009848210272346550104459730072338718912532852930850 0 0 0 0 0 0 0 0 0 0 0 0 0 0 0 0 0 0 0 0 0 0 0 0 0 0 0 0 0 0 0 0 0 0 0 0 0 0 0 0 0 0 0 0 0 0 0 0 0 0 0 0 0 0 0 0 0 0 0 0 0 0 0 0 0 0 0 0 0 0 0 0 0 0 0 1 0 0 0 0 0 0 0 0 0 0 0 0 0 0 0 0 0 0 0 0 0 0 0 0 0 0 0 0 0 0 0 0 0 0 0 0 0 0 0]
[5304781521663745662431004442769547917332554403037456274706077920385370471815979844862939620031717759774815360550291741955316712935073302126086865698280262359531313134716291146751424943137058219367928611174351809492559127238634076624884401837568212282452165407093363508169310907619592413026184789726472576137657740837545204252854456296329964587847308 0 0 0 0 0 0 0 0 0 0 0 0 0 0 0 0 0 0 0 0 0 0 0 0 0 0 0 0 0 0 0 0 0 0 0 0 0 0 0 0 0 0 0 0 0 0 0 0 0 0 0 0 0 0 0 0 0 0 0 0 0 0 0 0 0 0 0 0 0 0 0 0 0 0 0 0 1 0 0 0 0 0 0 0 0 0 0 0 0 0 0 0 0 0 0 0 0 0 0 0 0 0 0 0 0 0 0 0 0 0 0 0 0 0 0]
[3069941912637547269826913803216786412152950836491517798458192525049472078348876090914915411002121017795397510446301206624619392230622383650263855957334376016970943765904584486113837910170211003117533882257355549373148471083841754494238428667189468491728719828348491256837563038518719522761815917365619590120436717544039455220344770354561026005251190 0 0 0 0 0 0 0 0 0 0 0 0 0 0 0 0 0 0 0 0 0 0 0 0 0 0 0 0 0 0 0 0 0 0 0 0 0 0 0 0 0 0 0 0 0 0 0 0 0 0 0 0 0 0 0 0 0 0 0 0 0 0 0 0 0 0 0 0 0 0 0 0 0 0 0 0 0 1 0 0 0 0 0 0 0 0 0 0 0 0 0 0 0 0 0 0 0 0 0 0 0 0 0 0 0 0 0 0 0 0 0 0 0 0 0]
[3591241485887346727363904701764394741451552988245056694463845787126007407193630735266317511989929434284235722334488364245114445362275419951903385153684017632108693230886412726338995592838696738120596700100549672097929006490355819855384627466153500954029080077189742817509860539470138574328491225364232506539702948697160676102421105984600386542222413 0 0 0 0 0 0 0 0 0 0 0 0 0 0 0 0 0 0 0 0 0 0 0 0 0 0 0 0 0 0 0 0 0 0 0 0 0 0 0 0 0 0 0 0 0 0 0 0 0 0 0 0 0 0 0 0 0 0 0 0 0 0 0 0 0 0 0 0 0 0 0 0 0 0 0 0 0 0 1 0 0 0 0 0 0 0 0 0 0 0 0 0 0 0 0 0 0 0 0 0 0 0 0 0 0 0 0 0 0 0 0 0 0 0 0]
[6099791789553194145610260833976690375204700004544562392268185319212255257690869826804762592501984792197800535820198154912323144061997607923069033106787639974962341448310603449032122777912498723461611467509628048882814175735480799826690254951819978895354811881089298742705819149812699640586000693423073096604251152206381109209401058484411384448951754 0 0 0 0 0 0 0 0 0 0 0 0 0 0 0 0 0 0 0 0 0 0 0 0 0 0 0 0 0 0 0 0 0 0 0 0 0 0 0 0 0 0 0 0 0 0 0 0 0 0 0 0 0 0 0 0 0 0 0 0 0 0 0 0 0 0 0 0 0 0 0 0 0 0 0 0 0 0 0 1 0 0 0 0 0 0 0 0 0 0 0 0 0 0 0 0 0 0 0 0 0 0 0 0 0 0 0 0 0 0 0 0 0 0 0]
[1702706684362560339172821240549568920495761965871426587501529959084567024131185870089455734307522899777429992760486505309763775903156631855937958467899965902828385148805702588798401829133233175219269394689030827411260142539057409976630519715338729121734855049192069408373571059958032567228944536337391611657824586840335371426441299911707023371335726 0 0 0 0 0 0 0 0 0 0 0 0 0 0 0 0 0 0 0 0 0 0 0 0 0 0 0 0 0 0 0 0 0 0 0 0 0 0 0 0 0 0 0 0 0 0 0 0 0 0 0 0 0 0 0 0 0 0 0 0 0 0 0 0 0 0 0 0 0 0 0 0 0 0 0 0 0 0 0 0 1 0 0 0 0 0 0 0 0 0 0 0 0 0 0 0 0 0 0 0 0 0 0 0 0 0 0 0 0 0 0 0 0 0 0]
[1937982555384097638171758590997062983394023026484755471020273191243921189886845286683223012345853764007550253154194117067961142784342242061426825364094436314475633660974335082832448020064181082959957357764960905540163291649376551946034896520526234963103556051542981050122241134784423058380500845301191089021005643512093578150066531775757819999606800 0 0 0 0 0 0 0 0 0 0 0 0 0 0 0 0 0 0 0 0 0 0 0 0 0 0 0 0 0 0 0 0 0 0 0 0 0 0 0 0 0 0 0 0 0 0 0 0 0 0 0 0 0 0 0 0 0 0 0 0 0 0 0 0 0 0 0 0 0 0 0 0 0 0 0 0 0 0 0 0 0 1 0 0 0 0 0 0 0 0 0 0 0 0 0 0 0 0 0 0 0 0 0 0 0 0 0 0 0 0 0 0 0 0 0]
[980053620682425471696782836617243488870611858217498544504207227473880648698616388147163093598805066337692998842029348202147850193157439958412929998759715394775612040575067273543552262546807802169273688570822020143437126079212970090242413879898299348765463101629225408822622052933522137119985135953855791236065784556991779213471938317638477302166604 0 0 0 0 0 0 0 0 0 0 0 0 0 0 0 0 0 0 0 0 0 0 0 0 0 0 0 0 0 0 0 0 0 0 0 0 0 0 0 0 0 0 0 0 0 0 0 0 0 0 0 0 0 0 0 0 0 0 0 0 0 0 0 0 0 0 0 0 0 0 0 0 0 0 0 0 0 0 0 0 0 0 1 0 0 0 0 0 0 0 0 0 0 0 0 0 0 0 0 0 0 0 0 0 0 0 0 0 0 0 0 0 0 0 0]
[5937207597303698198910194286565968805189890043744402888917096662367727192364361385690058070387936193092444414601733063529121780440098555429149628747484164695058466939450342285829196603618704179056602568587040738550185535659962671858071819321666687931085912550649940307692016014788214581385031500026483017450331045581087377369326517616895874922402788 0 0 0 0 0 0 0 0 0 0 0 0 0 0 0 0 0 0 0 0 0 0 0 0 0 0 0 0 0 0 0 0 0 0 0 0 0 0 0 0 0 0 0 0 0 0 0 0 0 0 0 0 0 0 0 0 0 0 0 0 0 0 0 0 0 0 0 0 0 0 0 0 0 0 0 0 0 0 0 0 0 0 0 1 0 0 0 0 0 0 0 0 0 0 0 0 0 0 0 0 0 0 0 0 0 0 0 0 0 0 0 0 0 0 0]
[5302919498208500910134238265988778484118008368815984662256718660366596905405281453908878610684543605801034182537236148026858734652603418217537214565264382320306373186150347189691706302894175651614436639777345405462640034893668088628508701759722042706992912735057808085656992801839527812829787815207275783997076018610725549679633158756356411531323609 0 0 0 0 0 0 0 0 0 0 0 0 0 0 0 0 0 0 0 0 0 0 0 0 0 0 0 0 0 0 0 0 0 0 0 0 0 0 0 0 0 0 0 0 0 0 0 0 0 0 0 0 0 0 0 0 0 0 0 0 0 0 0 0 0 0 0 0 0 0 0 0 0 0 0 0 0 0 0 0 0 0 0 0 1 0 0 0 0 0 0 0 0 0 0 0 0 0 0 0 0 0 0 0 0 0 0 0 0 0 0 0 0 0 0]
[4895929505905742964122672109466785514947237654242766141804522444444448002646943717865167265210283479132486362287633945142182359458992863891930649595235443216698033051144226908605157644114603919702811162069633105739026292462279831129429743001487482378527001429642670650943211669647663863874181398151983044030351500817986739142725064244209803534661247 0 0 0 0 0 0 0 0 0 0 0 0 0 0 0 0 0 0 0 0 0 0 0 0 0 0 0 0 0 0 0 0 0 0 0 0 0 0 0 0 0 0 0 0 0 0 0 0 0 0 0 0 0 0 0 0 0 0 0 0 0 0 0 0 0 0 0 0 0 0 0 0 0 0 0 0 0 0 0 0 0 0 0 0 0 1 0 0 0 0 0 0 0 0 0 0 0 0 0 0 0 0 0 0 0 0 0 0 0 0 0 0 0 0 0]
[7437464244778411524427440062505453939872477045963619638965557111113528330130492738389225177671158901262953084077856805811546880107094210997276268549371147069853132487559639663355336510517309002744267621356773118236021114560602582837889950160024837511004089746019928717513596193927611061157166458782536205438207095970776423718387929972791025369938720 0 0 0 0 0 0 0 0 0 0 0 0 0 0 0 0 0 0 0 0 0 0 0 0 0 0 0 0 0 0 0 0 0 0 0 0 0 0 0 0 0 0 0 0 0 0 0 0 0 0 0 0 0 0 0 0 0 0 0 0 0 0 0 0 0 0 0 0 0 0 0 0 0 0 0 0 0 0 0 0 0 0 0 0 0 0 1 0 0 0 0 0 0 0 0 0 0 0 0 0 0 0 0 0 0 0 0 0 0 0 0 0 0 0 0]
[3754528764508042447102826133072661719148550447460055042801806407267674668146633051156735044663799194015329406253162438248849456542718270222757668492858405223470544535582772557278030779468327906587659806588520232057826438912574693327739945343693183030614606210406768396757004631465840439807579966359873604734092438194167315089016232031426289137572518 0 0 0 0 0 0 0 0 0 0 0 0 0 0 0 0 0 0 0 0 0 0 0 0 0 0 0 0 0 0 0 0 0 0 0 0 0 0 0 0 0 0 0 0 0 0 0 0 0 0 0 0 0 0 0 0 0 0 0 0 0 0 0 0 0 0 0 0 0 0 0 0 0 0 0 0 0 0 0 0 0 0 0 0 0 0 0 1 0 0 0 0 0 0 0 0 0 0 0 0 0 0 0 0 0 0 0 0 0 0 0 0 0 0 0]
[3710079853042173088259664115145570863806436740346780816253332638006361308407551522215889721559294895281344040028085595162087486195922057482245518723816335260420692291408179966197533666411941586526569168756445289798099712831314927533970380399402021985463409023262844305382043226379883356107169199274471793656572592573125942437310154233678046159275351 0 0 0 0 0 0 0 0 0 0 0 0 0 0 0 0 0 0 0 0 0 0 0 0 0 0 0 0 0 0 0 0 0 0 0 0 0 0 0 0 0 0 0 0 0 0 0 0 0 0 0 0 0 0 0 0 0 0 0 0 0 0 0 0 0 0 0 0 0 0 0 0 0 0 0 0 0 0 0 0 0 0 0 0 0 0 0 0 1 0 0 0 0 0 0 0 0 0 0 0 0 0 0 0 0 0 0 0 0 0 0 0 0 0 0]
[1604915798693252510023755722143369610815900398487660017244586033613658072931474516519636354522528313035666616820382706835315685775288886495548159655646625600010300944285576158423226376778724310819098437925286070621325565582944757891302533100031275496154356545552776594502116428106438002374998941644216944245272101019903678469159536266796827636325933 0 0 0 0 0 0 0 0 0 0 0 0 0 0 0 0 0 0 0 0 0 0 0 0 0 0 0 0 0 0 0 0 0 0 0 0 0 0 0 0 0 0 0 0 0 0 0 0 0 0 0 0 0 0 0 0 0 0 0 0 0 0 0 0 0 0 0 0 0 0 0 0 0 0 0 0 0 0 0 0 0 0 0 0 0 0 0 0 0 1 0 0 0 0 0 0 0 0 0 0 0 0 0 0 0 0 0 0 0 0 0 0 0 0 0]
[2717585741802212309251829689120091801426230278730870054788988334560692616547328072129582100342355761103724990238000828926216949922510781295226143414145004004614780442753380788042629323312893599206795637511556525068106904603359062208333612103093547361248139522993942217997442211205951589383305473751803142782351659507708960172091372737271028857359650 0 0 0 0 0 0 0 0 0 0 0 0 0 0 0 0 0 0 0 0 0 0 0 0 0 0 0 0 0 0 0 0 0 0 0 0 0 0 0 0 0 0 0 0 0 0 0 0 0 0 0 0 0 0 0 0 0 0 0 0 0 0 0 0 0 0 0 0 0 0 0 0 0 0 0 0 0 0 0 0 0 0 0 0 0 0 0 0 0 0 1 0 0 0 0 0 0 0 0 0 0 0 0 0 0 0 0 0 0 0 0 0 0 0 0]
[602292352817697566182843982419612240594476538043003215432229381033981391044887547267369978736097227337507079351278284685673144891355611675297669418088931702825294803619539409843258741273323296680157895007717510071672132464152094168855127139434341232124233310723637525128961418840113981880133727806507651892435293379648098156746034180307215588072431 0 0 0 0 0 0 0 0 0 0 0 0 0 0 0 0 0 0 0 0 0 0 0 0 0 0 0 0 0 0 0 0 0 0 0 0 0 0 0 0 0 0 0 0 0 0 0 0 0 0 0 0 0 0 0 0 0 0 0 0 0 0 0 0 0 0 0 0 0 0 0 0 0 0 0 0 0 0 0 0 0 0 0 0 0 0 0 0 0 0 0 1 0 0 0 0 0 0 0 0 0 0 0 0 0 0 0 0 0 0 0 0 0 0 0]
[429160208363106728989417799681349887801938403882749165447424871126983434809948173365820187688136400913881333185147952848260352459489276050864924009320582839891697928351651164141468708459535856229101508144161622017926659888975358976189284575465095561722601008222541954532570554666399973999291948716962013428362031028851722452191523892092072868185613 0 0 0 0 0 0 0 0 0 0 0 0 0 0 0 0 0 0 0 0 0 0 0 0 0 0 0 0 0 0 0 0 0 0 0 0 0 0 0 0 0 0 0 0 0 0 0 0 0 0 0 0 0 0 0 0 0 0 0 0 0 0 0 0 0 0 0 0 0 0 0 0 0 0 0 0 0 0 0 0 0 0 0 0 0 0 0 0 0 0 0 0 1 0 0 0 0 0 0 0 0 0 0 0 0 0 0 0 0 0 0 0 0 0 0]
[3421801108588541434838682856262985909954251818787771055592009714367136442816069866052556380241852165034908700186381739396085975753511430246951122169920687580013068664238330712350473915784593659484458765210018547490895509654156205318192491493110307060364892405391692730150139140506104374534795958167534259194783855814606886189198344128326814821195919 0 0 0 0 0 0 0 0 0 0 0 0 0 0 0 0 0 0 0 0 0 0 0 0 0 0 0 0 0 0 0 0 0 0 0 0 0 0 0 0 0 0 0 0 0 0 0 0 0 0 0 0 0 0 0 0 0 0 0 0 0 0 0 0 0 0 0 0 0 0 0 0 0 0 0 0 0 0 0 0 0 0 0 0 0 0 0 0 0 0 0 0 0 1 0 0 0 0 0 0 0 0 0 0 0 0 0 0 0 0 0 0 0 0 0]
[7270227117585120757771305610125299376795584010824793600301928451665327712784543516554925565427699003289362823716677377201171486136328410771808328022944691936613586976608641184910629193113686656415034663381542174582264763543364177496620202305399625463626920499644668422506032440597570841702730293950595507799056593472368961876538532524853312417907110 0 0 0 0 0 0 0 0 0 0 0 0 0 0 0 0 0 0 0 0 0 0 0 0 0 0 0 0 0 0 0 0 0 0 0 0 0 0 0 0 0 0 0 0 0 0 0 0 0 0 0 0 0 0 0 0 0 0 0 0 0 0 0 0 0 0 0 0 0 0 0 0 0 0 0 0 0 0 0 0 0 0 0 0 0 0 0 0 0 0 0 0 0 0 1 0 0 0 0 0 0 0 0 0 0 0 0 0 0 0 0 0 0 0 0]
[7153908366159995555977269964230787166350456049936575183183405910053152517086647141230128876925616663725104762385719889885553753964870618692486128925281198976484822670787421695289068156750919169270240461767444233517891773940218789131673964279598626186544686467822602196098984026097258010073888303498380233613405462253072456733591396560912180621580989 0 0 0 0 0 0 0 0 0 0 0 0 0 0 0 0 0 0 0 0 0 0 0 0 0 0 0 0 0 0 0 0 0 0 0 0 0 0 0 0 0 0 0 0 0 0 0 0 0 0 0 0 0 0 0 0 0 0 0 0 0 0 0 0 0 0 0 0 0 0 0 0 0 0 0 0 0 0 0 0 0 0 0 0 0 0 0 0 0 0 0 0 0 0 0 1 0 0 0 0 0 0 0 0 0 0 0 0 0 0 0 0 0 0 0]
[1926729964610115426223453434993286806504156454353887709317748650574114547634190534860159323723243098004969765162851295295073365355036337247446706778219896194563849553348396288548821428293916743500865478297374692262078041262281661914758594017896610028180824180399649878503942289039157327018768344540542219072081204530822280587352799222051841249348324 0 0 0 0 0 0 0 0 0 0 0 0 0 0 0 0 0 0 0 0 0 0 0 0 0 0 0 0 0 0 0 0 0 0 0 0 0 0 0 0 0 0 0 0 0 0 0 0 0 0 0 0 0 0 0 0 0 0 0 0 0 0 0 0 0 0 0 0 0 0 0 0 0 0 0 0 0 0 0 0 0 0 0 0 0 0 0 0 0 0 0 0 0 0 0 0 1 0 0 0 0 0 0 0 0 0 0 0 0 0 0 0 0 0 0]
[4504778649107732375491441333270572796994028940883968006659003565463552807609413960577912678038306849658829641414664507454864548990653364402689501608380590836473171600290276808440261277122632393381552770786569293699188826556931899715984402376281250995994066136356595275247664384826898682487690258010966586879009709749478374421421874336153464634727850 0 0 0 0 0 0 0 0 0 0 0 0 0 0 0 0 0 0 0 0 0 0 0 0 0 0 0 0 0 0 0 0 0 0 0 0 0 0 0 0 0 0 0 0 0 0 0 0 0 0 0 0 0 0 0 0 0 0 0 0 0 0 0 0 0 0 0 0 0 0 0 0 0 0 0 0 0 0 0 0 0 0 0 0 0 0 0 0 0 0 0 0 0 0 0 0 0 1 0 0 0 0 0 0 0 0 0 0 0 0 0 0 0 0 0]
[6187788656266685238284695653781832076788652327385458927074378590501190857515162617151062608565840334243971871640914030233742534277473433740769480231170105396441717102439333645829763072240112520392765639512210529353474039891211433780584809830529214997603312665958684934270923381840833873653421255177888621408347600276911463296915567144127041645887135 0 0 0 0 0 0 0 0 0 0 0 0 0 0 0 0 0 0 0 0 0 0 0 0 0 0 0 0 0 0 0 0 0 0 0 0 0 0 0 0 0 0 0 0 0 0 0 0 0 0 0 0 0 0 0 0 0 0 0 0 0 0 0 0 0 0 0 0 0 0 0 0 0 0 0 0 0 0 0 0 0 0 0 0 0 0 0 0 0 0 0 0 0 0 0 0 0 0 1 0 0 0 0 0 0 0 0 0 0 0 0 0 0 0 0]
[2148910848034037906356174156709930597105759496623083910181605460521198356681108426155509625009173389424216737810501935006122596155556182922428035554099311562163065960822480762647203804597734135580158190655662032442788560388609954291586144845375890183293290524878149774014012621239756780511764708877345086181664379870809168549782959190325783500337448 0 0 0 0 0 0 0 0 0 0 0 0 0 0 0 0 0 0 0 0 0 0 0 0 0 0 0 0 0 0 0 0 0 0 0 0 0 0 0 0 0 0 0 0 0 0 0 0 0 0 0 0 0 0 0 0 0 0 0 0 0 0 0 0 0 0 0 0 0 0 0 0 0 0 0 0 0 0 0 0 0 0 0 0 0 0 0 0 0 0 0 0 0 0 0 0 0 0 0 1 0 0 0 0 0 0 0 0 0 0 0 0 0 0 0]
[4737711750523424034279723978306509618162746237114842167764152681779910688263473151403787422653026253898685857808791822058816253838131424526225261765059323951942923205475789409878198149964869070180522941068916774708299437208690918515481671790057101545961474993923381944902402829177394421511485019615778111522272270224463678760175046676511873369306008 0 0 0 0 0 0 0 0 0 0 0 0 0 0 0 0 0 0 0 0 0 0 0 0 0 0 0 0 0 0 0 0 0 0 0 0 0 0 0 0 0 0 0 0 0 0 0 0 0 0 0 0 0 0 0 0 0 0 0 0 0 0 0 0 0 0 0 0 0 0 0 0 0 0 0 0 0 0 0 0 0 0 0 0 0 0 0 0 0 0 0 0 0 0 0 0 0 0 0 0 1 0 0 0 0 0 0 0 0 0 0 0 0 0 0]
[1449077971759265442677378217345350401922890429534541297588677915024317935877601461344407032280611399200998244000482454256071907765630368154584395798324350492494858185571516645454606631031930690807622672950500135953550486813888071170896455041218891770525287442839211817405376107330559185850533032807988221318604936971730943248838289509515053288138320 0 0 0 0 0 0 0 0 0 0 0 0 0 0 0 0 0 0 0 0 0 0 0 0 0 0 0 0 0 0 0 0 0 0 0 0 0 0 0 0 0 0 0 0 0 0 0 0 0 0 0 0 0 0 0 0 0 0 0 0 0 0 0 0 0 0 0 0 0 0 0 0 0 0 0 0 0 0 0 0 0 0 0 0 0 0 0 0 0 0 0 0 0 0 0 0 0 0 0 0 0 1 0 0 0 0 0 0 0 0 0 0 0 0 0]
[6148790724509433123239865729901911448289932817051929229959413679855736338837367641375074837862286852096524608313021221845310760804440326359809510405766903851036550183217277798671435122569095269325168064865938286276230006301183494043653723755762579838427709088082257837247953179947269216771868803215394232635940048617811910984770351449777758119460470 0 0 0 0 0 0 0 0 0 0 0 0 0 0 0 0 0 0 0 0 0 0 0 0 0 0 0 0 0 0 0 0 0 0 0 0 0 0 0 0 0 0 0 0 0 0 0 0 0 0 0 0 0 0 0 0 0 0 0 0 0 0 0 0 0 0 0 0 0 0 0 0 0 0 0 0 0 0 0 0 0 0 0 0 0 0 0 0 0 0 0 0 0 0 0 0 0 0 0 0 0 0 1 0 0 0 0 0 0 0 0 0 0 0 0]
[4783750868381494554536156555941037407127021826287784609761875544511976915675429507261023874406741200883316620680401204289738083041846710124082134964935036679456819277575536992575785114627643653703892620954621694400444897333517755966022104939341517379959430492863185276588756987836257608718942021583983147812767090154681372383422002773688703483916505 0 0 0 0 0 0 0 0 0 0 0 0 0 0 0 0 0 0 0 0 0 0 0 0 0 0 0 0 0 0 0 0 0 0 0 0 0 0 0 0 0 0 0 0 0 0 0 0 0 0 0 0 0 0 0 0 0 0 0 0 0 0 0 0 0 0 0 0 0 0 0 0 0 0 0 0 0 0 0 0 0 0 0 0 0 0 0 0 0 0 0 0 0 0 0 0 0 0 0 0 0 0 0 1 0 0 0 0 0 0 0 0 0 0 0]
[5536059626317714024548458785524451452521661176351692821864949727595581584550638776101717658314364175181006247653135599889318676205207922971118729887208592736661145837035577615700103569237255136033039223834957111671400302795983772004784853527860127767957524237382081015984857858913973943180017018677711980108437513842552585244424954575752609487103643 0 0 0 0 0 0 0 0 0 0 0 0 0 0 0 0 0 0 0 0 0 0 0 0 0 0 0 0 0 0 0 0 0 0 0 0 0 0 0 0 0 0 0 0 0 0 0 0 0 0 0 0 0 0 0 0 0 0 0 0 0 0 0 0 0 0 0 0 0 0 0 0 0 0 0 0 0 0 0 0 0 0 0 0 0 0 0 0 0 0 0 0 0 0 0 0 0 0 0 0 0 0 0 0 1 0 0 0 0 0 0 0 0 0 0]
[1769557202730380089796886748763528095958711512935269913779773807020656199073405927767585112990795003913157360613427723379778805230016276017514985385179280257580670644284522428840881328873399208838722037596584897403625642593308731666960260373838717650616087482776907579806387186296391737312021434530814522054154029379272806765710715360972253966206735 0 0 0 0 0 0 0 0 0 0 0 0 0 0 0 0 0 0 0 0 0 0 0 0 0 0 0 0 0 0 0 0 0 0 0 0 0 0 0 0 0 0 0 0 0 0 0 0 0 0 0 0 0 0 0 0 0 0 0 0 0 0 0 0 0 0 0 0 0 0 0 0 0 0 0 0 0 0 0 0 0 0 0 0 0 0 0 0 0 0 0 0 0 0 0 0 0 0 0 0 0 0 0 0 0 1 0 0 0 0 0 0 0 0 0]
[7643690438849485980273199582685995535995849625848161827157722411363082463522529135835454681112840197240973280802622706529076324939847609824951220768961991190929837607056383192646114474674111579550635085283545242488598907458268122862813713125135724402161218907474428664522181954904427694018025581292644787012907591582312267587414736250128042006693645 0 0 0 0 0 0 0 0 0 0 0 0 0 0 0 0 0 0 0 0 0 0 0 0 0 0 0 0 0 0 0 0 0 0 0 0 0 0 0 0 0 0 0 0 0 0 0 0 0 0 0 0 0 0 0 0 0 0 0 0 0 0 0 0 0 0 0 0 0 0 0 0 0 0 0 0 0 0 0 0 0 0 0 0 0 0 0 0 0 0 0 0 0 0 0 0 0 0 0 0 0 0 0 0 0 0 1 0 0 0 0 0 0 0 0]
[6545915763250924373291968543129994612402475865635049933782877738825306226514844855740253293799369021490511274740767097472466221027676153656493959108909075463412122509595623898303172805889151224821000994723187305445089269515392859096035601373711413842289246549376439459634585322025451169391021659350950992197550601263763689250087359019615910941675165 0 0 0 0 0 0 0 0 0 0 0 0 0 0 0 0 0 0 0 0 0 0 0 0 0 0 0 0 0 0 0 0 0 0 0 0 0 0 0 0 0 0 0 0 0 0 0 0 0 0 0 0 0 0 0 0 0 0 0 0 0 0 0 0 0 0 0 0 0 0 0 0 0 0 0 0 0 0 0 0 0 0 0 0 0 0 0 0 0 0 0 0 0 0 0 0 0 0 0 0 0 0 0 0 0 0 0 1 0 0 0 0 0 0 0]
[3086639020065743973173781666168324206900436072119303814598200100809138111821671830412494103253259322986823328771498575783967092807436183101357638922317237250970479057167669654227603913945176204456196373244878233540254211168296323580639082184699100014351158105894797630670645775222836675509049029586487090361072506439701169097056951111628028009820141 0 0 0 0 0 0 0 0 0 0 0 0 0 0 0 0 0 0 0 0 0 0 0 0 0 0 0 0 0 0 0 0 0 0 0 0 0 0 0 0 0 0 0 0 0 0 0 0 0 0 0 0 0 0 0 0 0 0 0 0 0 0 0 0 0 0 0 0 0 0 0 0 0 0 0 0 0 0 0 0 0 0 0 0 0 0 0 0 0 0 0 0 0 0 0 0 0 0 0 0 0 0 0 0 0 0 0 0 1 0 0 0 0 0 0]
[6688732811272389721086097238138227503008385034919027724938918731413596256684518680001089732586260124434719669115288372502247573315706263298276023538728465957181327115269911272900796189369790199177214077717168213488844801153583334859582560353535614053323394132180079378742980792860981421111894682213188059517973115763485973365982109568158658436547950 0 0 0 0 0 0 0 0 0 0 0 0 0 0 0 0 0 0 0 0 0 0 0 0 0 0 0 0 0 0 0 0 0 0 0 0 0 0 0 0 0 0 0 0 0 0 0 0 0 0 0 0 0 0 0 0 0 0 0 0 0 0 0 0 0 0 0 0 0 0 0 0 0 0 0 0 0 0 0 0 0 0 0 0 0 0 0 0 0 0 0 0 0 0 0 0 0 0 0 0 0 0 0 0 0 0 0 0 0 1 0 0 0 0 0]
[1486522714854805832433272044223478390637032633604106537859500157031358913114376606769120360841577604878346385635568898462915167860800196913442946484489118301796251937531022890320341958722009330692226239464687956937477926600520568658526484504915795787449146808950879212506069758747629873270149023750514016830715032168180269488913401068059694986236643 0 0 0 0 0 0 0 0 0 0 0 0 0 0 0 0 0 0 0 0 0 0 0 0 0 0 0 0 0 0 0 0 0 0 0 0 0 0 0 0 0 0 0 0 0 0 0 0 0 0 0 0 0 0 0 0 0 0 0 0 0 0 0 0 0 0 0 0 0 0 0 0 0 0 0 0 0 0 0 0 0 0 0 0 0 0 0 0 0 0 0 0 0 0 0 0 0 0 0 0 0 0 0 0 0 0 0 0 0 0 1 0 0 0 0]
[3700034437972056641629763667138278868519745871688400987765494288882113859559899381225284220903548366639449412286056857450161944722995763387866912828541880424201428439421365719083559848034420723948050850549593260022122209302544251455459137958805364615714692349814703015954730983122807873506039053569251059122951434348995983029991450631070053094383957 0 0 0 0 0 0 0 0 0 0 0 0 0 0 0 0 0 0 0 0 0 0 0 0 0 0 0 0 0 0 0 0 0 0 0 0 0 0 0 0 0 0 0 0 0 0 0 0 0 0 0 0 0 0 0 0 0 0 0 0 0 0 0 0 0 0 0 0 0 0 0 0 0 0 0 0 0 0 0 0 0 0 0 0 0 0 0 0 0 0 0 0 0 0 0 0 0 0 0 0 0 0 0 0 0 0 0 0 0 0 0 1 0 0 0]
[2315315449273933658415964938189929898197823255398439580002343707396015574791676454851843405075128641696752768191378156860262943996359477360066332617245375710733181682153527846820541533161087357281166652564034805004472489122597831696277556969812705589697706483574202572781207788320386671316319983056282596526986689271118507461717102934019173637199392 0 0 0 0 0 0 0 0 0 0 0 0 0 0 0 0 0 0 0 0 0 0 0 0 0 0 0 0 0 0 0 0 0 0 0 0 0 0 0 0 0 0 0 0 0 0 0 0 0 0 0 0 0 0 0 0 0 0 0 0 0 0 0 0 0 0 0 0 0 0 0 0 0 0 0 0 0 0 0 0 0 0 0 0 0 0 0 0 0 0 0 0 0 0 0 0 0 0 0 0 0 0 0 0 0 0 0 0 0 0 0 0 1 0 0]
[5510134149946569051900102815087027221538332849976211408808741495819023071526238679762150151735046653137636138275941220019064254766523330146617918956069373433605586888721276853105822671383635622510724446447876479994463339042969962514635732331148845551064668538225193689604781520898390729883244586087229380005674909272599761890386706638647395528862106 0 0 0 0 0 0 0 0 0 0 0 0 0 0 0 0 0 0 0 0 0 0 0 0 0 0 0 0 0 0 0 0 0 0 0 0 0 0 0 0 0 0 0 0 0 0 0 0 0 0 0 0 0 0 0 0 0 0 0 0 0 0 0 0 0 0 0 0 0 0 0 0 0 0 0 0 0 0 0 0 0 0 0 0 0 0 0 0 0 0 0 0 0 0 0 0 0 0 0 0 0 0 0 0 0 0 0 0 0 0 0 0 0 1 0]
[3838198141562068529959465309725144204144481229249261332777206580541170908838011249537941342612587987827012922199496850641149436396993908225394575825283008869831129605742197570136965541712078950816958878810459833308023238923056482384622131009027385850366365295442118997190779152434195497184504550639639577739105525846468350453974432122579779830205834 0 0 0 0 0 0 0 0 0 0 0 0 0 0 0 0 0 0 0 0 0 0 0 0 0 0 0 0 0 0 0 0 0 0 0 0 0 0 0 0 0 0 0 0 0 0 0 0 0 0 0 0 0 0 0 0 0 0 0 0 0 0 0 0 0 0 0 0 0 0 0 0 0 0 0 0 0 0 0 0 0 0 0 0 0 0 0 0 0 0 0 0 0 0 0 0 0 0 0 0 0 0 0 0 0 0 0 0 0 0 0 0 0 0 1]
]
