[[7569949989841756288209522346941456885433670990330863924101643773821886882412527648415973104431894909448426803830839557688679878310666511440702219132442125710100243925843452875581302182845869229150365283839282141011939554634440531711210124962747551573337353969318518711911843133548941754198766462249135845062463180546282090853505207 0 0 0 0 0 0 0 0 0 0 0 0 0 0 0 0 0 0 0 0 0 0 0 0 0 0 0 0 0 0 0 0 0 0 0 0 0 0 0 0 0 0 0 0 0 0 0 0 0 0 0 0 0 0 0 0 0 0 0 0 0 0 0 0 0 0 0 0 0 0 0 0 0 0 0 0 0 0 0 0 0 0 0 0 0 0 0 0 0 0 0 0 0 0 0 0 0 0 0 0 0 0 0 0 0 0 0 0 0]
[6597047662835385577110013334900545805463212904591089549811554956955491492190599460023275387764267418444078253707398260613481429558012124395990028114038743190627910855664075351125801023088361538176949774457143526865444333853198017981512191480182886405195091511179488839109241489110784893859209889674808833443925444885282243250615826 1 0 0 0 0 0 0 0 0 0 0 0 0 0 0 0 0 0 0 0 0 0 0 0 0 0 0 0 0 0 0 0 0 0 0 0 0 0 0 0 0 0 0 0 0 0 0 0 0 0 0 0 0 0 0 0 0 0 0 0 0 0 0 0 0 0 0 0 0 0 0 0 0 0 0 0 0 0 0 0 0 0 0 0 0 0 0 0 0 0 0 0 0 0 0 0 0 0 0 0 0 0 0 0 0 0 0 0 0]
[1944048553601228886087993874580033709198391066417845633156249289091630316775613403097628538275520398281500583691991566135758221572154261233149530640215837769714789984234111667834339506112869875181744259049182645022071824893377353849343438145072527565833206332181121548496093233546321875290317246020860256666289320415523043476867657 0 1 0 0 0 0 0 0 0 0 0 0 0 0 0 0 0 0 0 0 0 0 0 0 0 0 0 0 0 0 0 0 0 0 0 0 0 0 0 0 0 0 0 0 0 0 0 0 0 0 0 0 0 0 0 0 0 0 0 0 0 0 0 0 0 0 0 0 0 0 0 0 0 0 0 0 0 0 0 0 0 0 0 0 0 0 0 0 0 0 0 0 0 0 0 0 0 0 0 0 0 0 0 0 0 0 0 0 0]
[6584612547589384746055759799865003741894892849233279084470230860404926912922151953980209638281526403868924761101925382430581262613813121399647501502589975375860807506876749084022160614593368862495537155004220061243598275445151818465677451332844219453186233067250275350436890310019148876461120220279753339813305828337177543065322967 0 0 1 0 0 0 0 0 0 0 0 0 0 0 0 0 0 0 0 0 0 0 0 0 0 0 0 0 0 0 0 0 0 0 0 0 0 0 0 0 0 0 0 0 0 0 0 0 0 0 0 0 0 0 0 0 0 0 0 0 0 0 0 0 0 0 0 0 0 0 0 0 0 0 0 0 0 0 0 0 0 0 0 0 0 0 0 0 0 0 0 0 0 0 0 0 0 0 0 0 0 0 0 0 0 0 0 0 0]
[4990309737515528613047104519343362507972211143214742496698184865350519415418327116196626519733795977507595117149295400780715165904504543410090243372735789085519676772652228851675869484025978374666821226247480012814341920850668841128188113418586739641769131565162990202749727276420791299514655615265935624941600883997682824354755088 0 0 0 1 0 0 0 0 0 0 0 0 0 0 0 0 0 0 0 0 0 0 0 0 0 0 0 0 0 0 0 0 0 0 0 0 0 0 0 0 0 0 0 0 0 0 0 0 0 0 0 0 0 0 0 0 0 0 0 0 0 0 0 0 0 0 0 0 0 0 0 0 0 0 0 0 0 0 0 0 0 0 0 0 0 0 0 0 0 0 0 0 0 0 0 0 0 0 0 0 0 0 0 0 0 0 0 0 0]
[1840473008969868763601512552648072585956051155106605588495972071251937192165869537177834065847459581519695171920965981518179164133196223532433056936718461163081607741381047344864723438926617700284699830805699039310989388322146025644639116011553664138446604467644891280635712801966340323307824427578243699150508223356088999277323187 0 0 0 0 1 0 0 0 0 0 0 0 0 0 0 0 0 0 0 0 0 0 0 0 0 0 0 0 0 0 0 0 0 0 0 0 0 0 0 0 0 0 0 0 0 0 0 0 0 0 0 0 0 0 0 0 0 0 0 0 0 0 0 0 0 0 0 0 0 0 0 0 0 0 0 0 0 0 0 0 0 0 0 0 0 0 0 0 0 0 0 0 0 0 0 0 0 0 0 0 0 0 0 0 0 0 0 0 0]
[2818018692238730743831840008566068060487821326881831537817723958494515001376886942596493500954977019938456480361274844031535896720199853858110123069300469117341514989378296483326898681572359285880323521170243006252298113926063932466391406330449166196014375693559504974214220869881437778430767425792883244393950281749228013031985532 0 0 0 0 0 1 0 0 0 0 0 0 0 0 0 0 0 0 0 0 0 0 0 0 0 0 0 0 0 0 0 0 0 0 0 0 0 0 0 0 0 0 0 0 0 0 0 0 0 0 0 0 0 0 0 0 0 0 0 0 0 0 0 0 0 0 0 0 0 0 0 0 0 0 0 0 0 0 0 0 0 0 0 0 0 0 0 0 0 0 0 0 0 0 0 0 0 0 0 0 0 0 0 0 0 0 0 0 0]
[3621704406071712531770965349550894373517861678415166971522851585547289412318126059698048327615819415614962681644198230802687243240771876560347817556261645655984119129607262913205582129057851198643313068926850352131511306047113897400244733676318141422285428959181745529721204513398439233029261270969197497829582165965605787634220354 0 0 0 0 0 0 1 0 0 0 0 0 0 0 0 0 0 0 0 0 0 0 0 0 0 0 0 0 0 0 0 0 0 0 0 0 0 0 0 0 0 0 0 0 0 0 0 0 0 0 0 0 0 0 0 0 0 0 0 0 0 0 0 0 0 0 0 0 0 0 0 0 0 0 0 0 0 0 0 0 0 0 0 0 0 0 0 0 0 0 0 0 0 0 0 0 0 0 0 0 0 0 0 0 0 0 0 0 0]
[3409282504974244331655883862938358092779992862545367507287544558026973012580423669376903758095546398246404578032951563076675823073311669564659462639660867846182598381597810658407805277949614966705207048681827999919847977668834385777781532113822343117958746288844850949337934744191492409286220197446395471615343471023873027696095154 0 0 0 0 0 0 0 1 0 0 0 0 0 0 0 0 0 0 0 0 0 0 0 0 0 0 0 0 0 0 0 0 0 0 0 0 0 0 0 0 0 0 0 0 0 0 0 0 0 0 0 0 0 0 0 0 0 0 0 0 0 0 0 0 0 0 0 0 0 0 0 0 0 0 0 0 0 0 0 0 0 0 0 0 0 0 0 0 0 0 0 0 0 0 0 0 0 0 0 0 0 0 0 0 0 0 0 0 0]
[7252255234339110990036508179631816198904881529606537617184546368628666646587483333288146618269219375891089977544042714095344328779023966744500372542561829808079487561034542901560399487993030751372996534729479693075419047575661519173273821561990560529369251853448683171323858715416456007020663635744985316081873423814455442004354082 0 0 0 0 0 0 0 0 1 0 0 0 0 0 0 0 0 0 0 0 0 0 0 0 0 0 0 0 0 0 0 0 0 0 0 0 0 0 0 0 0 0 0 0 0 0 0 0 0 0 0 0 0 0 0 0 0 0 0 0 0 0 0 0 0 0 0 0 0 0 0 0 0 0 0 0 0 0 0 0 0 0 0 0 0 0 0 0 0 0 0 0 0 0 0 0 0 0 0 0 0 0 0 0 0 0 0 0 0]
[6393598704438259163481356901607304510063107130665075786205325350056766809304305302006937473755720670272644772260267154182473247539632519203561103516174653322141934492787206832766361272183414273296713660512105160869456191063690154650428963819168094235598888370066784417708216339444542332454817170430713920981921562390262398212749966 0 0 0 0 0 0 0 0 0 1 0 0 0 0 0 0 0 0 0 0 0 0 0 0 0 0 0 0 0 0 0 0 0 0 0 0 0 0 0 0 0 0 0 0 0 0 0 0 0 0 0 0 0 0 0 0 0 0 0 0 0 0 0 0 0 0 0 0 0 0 0 0 0 0 0 0 0 0 0 0 0 0 0 0 0 0 0 0 0 0 0 0 0 0 0 0 0 0 0 0 0 0 0 0 0 0 0 0 0]
[4725125869612149238079796991516207135307890236360302644061668152155124926266184651434325954590175192568683456992929999040774214807813142129764394758518076262762711321689877350175537757230623038114091940982963086039151761558109110267776000395533192673596016247735920088866212519355240239932048387757553886012224154312631676742749518 0 0 0 0 0 0 0 0 0 0 1 0 0 0 0 0 0 0 0 0 0 0 0 0 0 0 0 0 0 0 0 0 0 0 0 0 0 0 0 0 0 0 0 0 0 0 0 0 0 0 0 0 0 0 0 0 0 0 0 0 0 0 0 0 0 0 0 0 0 0 0 0 0 0 0 0 0 0 0 0 0 0 0 0 0 0 0 0 0 0 0 0 0 0 0 0 0 0 0 0 0 0 0 0 0 0 0 0 0]
[1630811956304255258616480463280117926424321012593050633787484619437837558118403890645179743649025982077103703891996543435411082623310355601222308546636482205024448661808738758054142488113851332576494418522110210316640663102453329243175623982793211968725805206041547372375276592243880258120542337454017131407470761894625710699576841 0 0 0 0 0 0 0 0 0 0 0 1 0 0 0 0 0 0 0 0 0 0 0 0 0 0 0 0 0 0 0 0 0 0 0 0 0 0 0 0 0 0 0 0 0 0 0 0 0 0 0 0 0 0 0 0 0 0 0 0 0 0 0 0 0 0 0 0 0 0 0 0 0 0 0 0 0 0 0 0 0 0 0 0 0 0 0 0 0 0 0 0 0 0 0 0 0 0 0 0 0 0 0 0 0 0 0 0 0]
[5133525304467605223285862768641633551749720311718003025764508897326821595557706333136611543522337271863330610731505232834670872342937438281487392568273786270781609524491920414364067073163595946840171512352669056869470423442538025066515178366214241907474013447698331428535089309217424105845495534546821138850231030618669605218617458 0 0 0 0 0 0 0 0 0 0 0 0 1 0 0 0 0 0 0 0 0 0 0 0 0 0 0 0 0 0 0 0 0 0 0 0 0 0 0 0 0 0 0 0 0 0 0 0 0 0 0 0 0 0 0 0 0 0 0 0 0 0 0 0 0 0 0 0 0 0 0 0 0 0 0 0 0 0 0 0 0 0 0 0 0 0 0 0 0 0 0 0 0 0 0 0 0 0 0 0 0 0 0 0 0 0 0 0 0]
[5676746861613409058937776219545350942330792535050680151550286946284018535821827156873539532326421957868350852456057981112138198617932898874690111421753694972695027285004888681189004971184807322699364596604428517281722467198699006812025726320288354742765082570615492224262062969219527409682970519337278605850437254883197939374349813 0 0 0 0 0 0 0 0 0 0 0 0 0 1 0 0 0 0 0 0 0 0 0 0 0 0 0 0 0 0 0 0 0 0 0 0 0 0 0 0 0 0 0 0 0 0 0 0 0 0 0 0 0 0 0 0 0 0 0 0 0 0 0 0 0 0 0 0 0 0 0 0 0 0 0 0 0 0 0 0 0 0 0 0 0 0 0 0 0 0 0 0 0 0 0 0 0 0 0 0 0 0 0 0 0 0 0 0 0]
[3450725940905714575069087942012494946143640798930103780726045787352125524080517524621325714943835709122254528328973985915811658078422500770360524578685826492787250237135699509074931474007709034501478515994060184322060289662988271415123799585915499944121264983232293712073112383923357345692582504173565350133012112064458558755378772 0 0 0 0 0 0 0 0 0 0 0 0 0 0 1 0 0 0 0 0 0 0 0 0 0 0 0 0 0 0 0 0 0 0 0 0 0 0 0 0 0 0 0 0 0 0 0 0 0 0 0 0 0 0 0 0 0 0 0 0 0 0 0 0 0 0 0 0 0 0 0 0 0 0 0 0 0 0 0 0 0 0 0 0 0 0 0 0 0 0 0 0 0 0 0 0 0 0 0 0 0 0 0 0 0 0 0 0 0]
[740435329695191024085348484795460178304049255277628202794016825103605035012219406555065559963875908273181014721750007900381265714785681045906021370555459208623128450619569533660336266720463843265801706269532181506550956725815169833077911117454768921307052806352551921845363463632433685815656475997297240148656273664168957610213298 0 0 0 0 0 0 0 0 0 0 0 0 0 0 0 1 0 0 0 0 0 0 0 0 0 0 0 0 0 0 0 0 0 0 0 0 0 0 0 0 0 0 0 0 0 0 0 0 0 0 0 0 0 0 0 0 0 0 0 0 0 0 0 0 0 0 0 0 0 0 0 0 0 0 0 0 0 0 0 0 0 0 0 0 0 0 0 0 0 0 0 0 0 0 0 0 0 0 0 0 0 0 0 0 0 0 0 0 0]
[6094373613527060386395173702446805057076410922402558397265660853350456656319556879020053671181841230525545200865415787290427379020392396941614704380302123815829391631802158747859270896175969092336297815488070284649203854034217790380880390735686586318199756883945893075074595035476757470213908529091089171846922833885643441710528288 0 0 0 0 0 0 0 0 0 0 0 0 0 0 0 0 1 0 0 0 0 0 0 0 0 0 0 0 0 0 0 0 0 0 0 0 0 0 0 0 0 0 0 0 0 0 0 0 0 0 0 0 0 0 0 0 0 0 0 0 0 0 0 0 0 0 0 0 0 0 0 0 0 0 0 0 0 0 0 0 0 0 0 0 0 0 0 0 0 0 0 0 0 0 0 0 0 0 0 0 0 0 0 0 0 0 0 0 0]
[4102887011893183084437301508161764281224949884935723896796064462453941704622066321659038183111118646423081252307379735067668457326929087569730629134586947842188533893511693902765579323023711084614717559323020647744157591316030702703815612128239205167823559816453766939925729947462903056342082551586152107763144201808042913268027559 0 0 0 0 0 0 0 0 0 0 0 0 0 0 0 0 0 1 0 0 0 0 0 0 0 0 0 0 0 0 0 0 0 0 0 0 0 0 0 0 0 0 0 0 0 0 0 0 0 0 0 0 0 0 0 0 0 0 0 0 0 0 0 0 0 0 0 0 0 0 0 0 0 0 0 0 0 0 0 0 0 0 0 0 0 0 0 0 0 0 0 0 0 0 0 0 0 0 0 0 0 0 0 0 0 0 0 0 0]
[4348031055707165457118012216751889825724423314386226098870068432538414852450563372365949789374392963385456048882091136389585843247233678236771526546743282115234507223028374411445093031922981478976188741724021870859012383520010920870779470497689613904743440391376748473268510899548513525686316493278882054182734063930685167414559431 0 0 0 0 0 0 0 0 0 0 0 0 0 0 0 0 0 0 1 0 0 0 0 0 0 0 0 0 0 0 0 0 0 0 0 0 0 0 0 0 0 0 0 0 0 0 0 0 0 0 0 0 0 0 0 0 0 0 0 0 0 0 0 0 0 0 0 0 0 0 0 0 0 0 0 0 0 0 0 0 0 0 0 0 0 0 0 0 0 0 0 0 0 0 0 0 0 0 0 0 0 0 0 0 0 0 0 0 0]
[3010665681157444130640148515830015166308573216584505993060932931160970744073849033747240148361836340884756510220146608614114801098120886234255327374395397448276961708708597021767117440800889500881984550303395420515570587106263141617668947699995371001977039842625418600729541861750456588562688282818192523283753652549781526830277114 0 0 0 0 0 0 0 0 0 0 0 0 0 0 0 0 0 0 0 1 0 0 0 0 0 0 0 0 0 0 0 0 0 0 0 0 0 0 0 0 0 0 0 0 0 0 0 0 0 0 0 0 0 0 0 0 0 0 0 0 0 0 0 0 0 0 0 0 0 0 0 0 0 0 0 0 0 0 0 0 0 0 0 0 0 0 0 0 0 0 0 0 0 0 0 0 0 0 0 0 0 0 0 0 0 0 0 0 0]
[1204678693914086521627757381822532661503009893448054393770961646818780954425884777189766355365900510574565956763775867416376025090713926922928514582816111949239501466409250075277027047560095462970058251064706199435934713533153780674836280447060712487131725981255630709917141146006926084485521185872294438982461077892901487091821915 0 0 0 0 0 0 0 0 0 0 0 0 0 0 0 0 0 0 0 0 1 0 0 0 0 0 0 0 0 0 0 0 0 0 0 0 0 0 0 0 0 0 0 0 0 0 0 0 0 0 0 0 0 0 0 0 0 0 0 0 0 0 0 0 0 0 0 0 0 0 0 0 0 0 0 0 0 0 0 0 0 0 0 0 0 0 0 0 0 0 0 0 0 0 0 0 0 0 0 0 0 0 0 0 0 0 0 0 0]
[3822530877431623497269992170797701899615016558582290706752749938120509410174646555141191310174100915989071359274172073533558644744720993859260171069467955164547118833245296500024353112863445393340790844650439643940474722432779872640816782591574259574400519312169171973224712633346703750278162239319534373655576381734458774203964388 0 0 0 0 0 0 0 0 0 0 0 0 0 0 0 0 0 0 0 0 0 1 0 0 0 0 0 0 0 0 0 0 0 0 0 0 0 0 0 0 0 0 0 0 0 0 0 0 0 0 0 0 0 0 0 0 0 0 0 0 0 0 0 0 0 0 0 0 0 0 0 0 0 0 0 0 0 0 0 0 0 0 0 0 0 0 0 0 0 0 0 0 0 0 0 0 0 0 0 0 0 0 0 0 0 0 0 0 0]
[6862137225301914732839169843852700716873225703964506461152006391465742396008815658042568839746077712237500836872543985279065472389026400358022493025554919349219471934146134158613613733960365420469864641026942771850017142791505286740057932096829130560935487611161984810840988057077975780780338357937179207008933645080951328117132591 0 0 0 0 0 0 0 0 0 0 0 0 0 0 0 0 0 0 0 0 0 0 1 0 0 0 0 0 0 0 0 0 0 0 0 0 0 0 0 0 0 0 0 0 0 0 0 0 0 0 0 0 0 0 0 0 0 0 0 0 0 0 0 0 0 0 0 0 0 0 0 0 0 0 0 0 0 0 0 0 0 0 0 0 0 0 0 0 0 0 0 0 0 0 0 0 0 0 0 0 0 0 0 0 0 0 0 0 0]
[6971508202191169216223619304274704458829627879319133691311691505851561956763243938532167624147938091692192094237018493117014906727951256331331784970128295844220374805070155201888862136173008382550628623092911509590925229708874407306332843953632691544813878193975506791273088979649460668010002998368987158298136232135088783380202869 0 0 0 0 0 0 0 0 0 0 0 0 0 0 0 0 0 0 0 0 0 0 0 1 0 0 0 0 0 0 0 0 0 0 0 0 0 0 0 0 0 0 0 0 0 0 0 0 0 0 0 0 0 0 0 0 0 0 0 0 0 0 0 0 0 0 0 0 0 0 0 0 0 0 0 0 0 0 0 0 0 0 0 0 0 0 0 0 0 0 0 0 0 0 0 0 0 0 0 0 0 0 0 0 0 0 0 0 0]
[7563022331856894713572234167270421966563403159992314834652086761584132827045086675926935939014762430307087187913391955325549569001709261269384127429097494337393387452085428750938517892697283675814488434965555937864317151395051992965864229078376013449171185859714700869983852133947552712053914982302721346904178732426020332416823234 0 0 0 0 0 0 0 0 0 0 0 0 0 0 0 0 0 0 0 0 0 0 0 0 1 0 0 0 0 0 0 0 0 0 0 0 0 0 0 0 0 0 0 0 0 0 0 0 0 0 0 0 0 0 0 0 0 0 0 0 0 0 0 0 0 0 0 0 0 0 0 0 0 0 0 0 0 0 0 0 0 0 0 0 0 0 0 0 0 0 0 0 0 0 0 0 0 0 0 0 0 0 0 0 0 0 0 0 0]
[5685391271317093522901339743890679202971287230979995764496542420886575401920293935704632869991431215471424516193178542130301096151734082707428934379956345857732650965913971157497555630403616678408640260084839166012882889383111612230066175245200371586782359924706870724512239402674138533221053136984813448432584336294715428960635341 0 0 0 0 0 0 0 0 0 0 0 0 0 0 0 0 0 0 0 0 0 0 0 0 0 1 0 0 0 0 0 0 0 0 0 0 0 0 0 0 0 0 0 0 0 0 0 0 0 0 0 0 0 0 0 0 0 0 0 0 0 0 0 0 0 0 0 0 0 0 0 0 0 0 0 0 0 0 0 0 0 0 0 0 0 0 0 0 0 0 0 0 0 0 0 0 0 0 0 0 0 0 0 0 0 0 0 0 0]
[148019672329405036165393352964383000882370156510706963457101798556990324878967115019653152883365261258438635658487704343473025779392112520235403336755136957234862072465736050749741430438665707905770412315314400134364906707693724169336899032770583790081637839344287636656097032942601906652587772875360215276022146212446649058705083 0 0 0 0 0 0 0 0 0 0 0 0 0 0 0 0 0 0 0 0 0 0 0 0 0 0 1 0 0 0 0 0 0 0 0 0 0 0 0 0 0 0 0 0 0 0 0 0 0 0 0 0 0 0 0 0 0 0 0 0 0 0 0 0 0 0 0 0 0 0 0 0 0 0 0 0 0 0 0 0 0 0 0 0 0 0 0 0 0 0 0 0 0 0 0 0 0 0 0 0 0 0 0 0 0 0 0 0 0]
[662454448153379024726337465197199460314475696617406204094658249532947446187585952623907992230090479853720117425157517611420602390717030137573473694865353012571693315224588879019212189755359263564204102675052334722742378727048233895627456812625018946057861578386094519955889517102269407944205522956839818770644967510220847365690695 0 0 0 0 0 0 0 0 0 0 0 0 0 0 0 0 0 0 0 0 0 0 0 0 0 0 0 1 0 0 0 0 0 0 0 0 0 0 0 0 0 0 0 0 0 0 0 0 0 0 0 0 0 0 0 0 0 0 0 0 0 0 0 0 0 0 0 0 0 0 0 0 0 0 0 0 0 0 0 0 0 0 0 0 0 0 0 0 0 0 0 0 0 0 0 0 0 0 0 0 0 0 0 0 0 0 0 0 0]
[1173510878010113316810276774273309311130185438842649693312155681360423326454063614677185179251878765819103762524698880422073326813784103643932103660667169664000963425027622581500297758647351509885225504548740658631182809357342378578214857770228428152659190493479479840096407597473989971284213687203405918789715223769317807020137750 0 0 0 0 0 0 0 0 0 0 0 0 0 0 0 0 0 0 0 0 0 0 0 0 0 0 0 0 1 0 0 0 0 0 0 0 0 0 0 0 0 0 0 0 0 0 0 0 0 0 0 0 0 0 0 0 0 0 0 0 0 0 0 0 0 0 0 0 0 0 0 0 0 0 0 0 0 0 0 0 0 0 0 0 0 0 0 0 0 0 0 0 0 0 0 0 0 0 0 0 0 0 0 0 0 0 0 0 0]
[7228653146763323275674964513983053855121408088347572691247131747767364017817465918325674977912297447221425463357608694210739768093185979304702704298716035523376261630489750437246855113733105342519888369754598009203109632213190804136060776971137370263384224602424339531985190414203348539107347744210641391792867392155883211151457831 0 0 0 0 0 0 0 0 0 0 0 0 0 0 0 0 0 0 0 0 0 0 0 0 0 0 0 0 0 1 0 0 0 0 0 0 0 0 0 0 0 0 0 0 0 0 0 0 0 0 0 0 0 0 0 0 0 0 0 0 0 0 0 0 0 0 0 0 0 0 0 0 0 0 0 0 0 0 0 0 0 0 0 0 0 0 0 0 0 0 0 0 0 0 0 0 0 0 0 0 0 0 0 0 0 0 0 0 0]
[5493092788004511613200671998827963315870390496004825893076619552769779040430725959019544167909867099539694212383128271221305002844202862645604358627129229532028822850878302144753735072078083669205459186396014204587378686214115820245604539632115061738056776955710020024817058811079626558365032707590425464956820064152088522871605678 0 0 0 0 0 0 0 0 0 0 0 0 0 0 0 0 0 0 0 0 0 0 0 0 0 0 0 0 0 0 1 0 0 0 0 0 0 0 0 0 0 0 0 0 0 0 0 0 0 0 0 0 0 0 0 0 0 0 0 0 0 0 0 0 0 0 0 0 0 0 0 0 0 0 0 0 0 0 0 0 0 0 0 0 0 0 0 0 0 0 0 0 0 0 0 0 0 0 0 0 0 0 0 0 0 0 0 0 0]
[3110844557530184638914309767316228127194680295848067393685379384594690028098655734851356974729541737507919488632395975195645034177911308063014978570950686337563799944167558620459712298014448919363519236489141578331956800775635653420699940615333351933147430512497356368213288824814956166653652672447995130187105081254727821350638635 0 0 0 0 0 0 0 0 0 0 0 0 0 0 0 0 0 0 0 0 0 0 0 0 0 0 0 0 0 0 0 1 0 0 0 0 0 0 0 0 0 0 0 0 0 0 0 0 0 0 0 0 0 0 0 0 0 0 0 0 0 0 0 0 0 0 0 0 0 0 0 0 0 0 0 0 0 0 0 0 0 0 0 0 0 0 0 0 0 0 0 0 0 0 0 0 0 0 0 0 0 0 0 0 0 0 0 0 0]
[2945006930248207181809830570611441439226917465259578281804215516931657503557177314473978528603858206214243693127240739171187798603845736594977083505508730836796258833666487977972321319010327191178360885177695314462998194252208372445835565260677099198478485822454171941354438861615842540810385902820325962485957636908878853373428813 0 0 0 0 0 0 0 0 0 0 0 0 0 0 0 0 0 0 0 0 0 0 0 0 0 0 0 0 0 0 0 0 1 0 0 0 0 0 0 0 0 0 0 0 0 0 0 0 0 0 0 0 0 0 0 0 0 0 0 0 0 0 0 0 0 0 0 0 0 0 0 0 0 0 0 0 0 0 0 0 0 0 0 0 0 0 0 0 0 0 0 0 0 0 0 0 0 0 0 0 0 0 0 0 0 0 0 0 0]
[624378270475323507461149854582004353229937452687886249889241799911964676727723391636013280906340813757377437971357157469863403622951082351890444192841150406243402020945655831334772749266255247658409566771477280519464478564592317310070085894463115115142786560588865156877796858515858310745655456984984428313542854429537392201006618 0 0 0 0 0 0 0 0 0 0 0 0 0 0 0 0 0 0 0 0 0 0 0 0 0 0 0 0 0 0 0 0 0 1 0 0 0 0 0 0 0 0 0 0 0 0 0 0 0 0 0 0 0 0 0 0 0 0 0 0 0 0 0 0 0 0 0 0 0 0 0 0 0 0 0 0 0 0 0 0 0 0 0 0 0 0 0 0 0 0 0 0 0 0 0 0 0 0 0 0 0 0 0 0 0 0 0 0 0]
[2990396177579509299599002739596395329526490040426699125330142462564832220790731614928300525913797444721067882776398464216012032838849724842354505247705988894560380091313699982430154983374592271072603296549219696691215461371490942434662593891318036286757981979470789578440916585269446303614486721378971040019518976972187439002643486 0 0 0 0 0 0 0 0 0 0 0 0 0 0 0 0 0 0 0 0 0 0 0 0 0 0 0 0 0 0 0 0 0 0 1 0 0 0 0 0 0 0 0 0 0 0 0 0 0 0 0 0 0 0 0 0 0 0 0 0 0 0 0 0 0 0 0 0 0 0 0 0 0 0 0 0 0 0 0 0 0 0 0 0 0 0 0 0 0 0 0 0 0 0 0 0 0 0 0 0 0 0 0 0 0 0 0 0 0]
[1657481902354291812216490867395332465583893396821318262042925539542753500034906824691414779431783485272359930235019337701453079711931383049320364135116428603928596104614365276841338457146473962972130901848726515993733268447019812607823490064177062829699589415789656395927804103226592028555151548313833222662042915224895595258656034 0 0 0 0 0 0 0 0 0 0 0 0 0 0 0 0 0 0 0 0 0 0 0 0 0 0 0 0 0 0 0 0 0 0 0 1 0 0 0 0 0 0 0 0 0 0 0 0 0 0 0 0 0 0 0 0 0 0 0 0 0 0 0 0 0 0 0 0 0 0 0 0 0 0 0 0 0 0 0 0 0 0 0 0 0 0 0 0 0 0 0 0 0 0 0 0 0 0 0 0 0 0 0 0 0 0 0 0 0]
[4721747663749269606489675882845704239509509042911512586177318919315491478960169908096302774370569228470687315188517304174692569696914688509184542141304437409774525756749446474894777247560624351422091492582812803917282079322911877519381227348878997930995068834335391535050023513823233979431410335840208013414518939083960503661392557 0 0 0 0 0 0 0 0 0 0 0 0 0 0 0 0 0 0 0 0 0 0 0 0 0 0 0 0 0 0 0 0 0 0 0 0 1 0 0 0 0 0 0 0 0 0 0 0 0 0 0 0 0 0 0 0 0 0 0 0 0 0 0 0 0 0 0 0 0 0 0 0 0 0 0 0 0 0 0 0 0 0 0 0 0 0 0 0 0 0 0 0 0 0 0 0 0 0 0 0 0 0 0 0 0 0 0 0 0]
[969412353443654843412396536129798665278366388307663069811090971211757834821406305736268107295815093293997667080079086771045159161828871852802432159819874511058096739241807016466396659625064741183689851209756816925422688518780016593721556936479898732741844397107109203167788615217981682931195771002826244121579084551646540848859508 0 0 0 0 0 0 0 0 0 0 0 0 0 0 0 0 0 0 0 0 0 0 0 0 0 0 0 0 0 0 0 0 0 0 0 0 0 1 0 0 0 0 0 0 0 0 0 0 0 0 0 0 0 0 0 0 0 0 0 0 0 0 0 0 0 0 0 0 0 0 0 0 0 0 0 0 0 0 0 0 0 0 0 0 0 0 0 0 0 0 0 0 0 0 0 0 0 0 0 0 0 0 0 0 0 0 0 0 0]
[488398749646158496070743655878726671885929892947583180222658551761884714906552416623948082180247891359748998547727688427106334018909830566796584298880183419904253526031847704305056137814918130723960732000331087478212962284475559098536911547949622906139760524135827753506619080850132927917993933017749653018204688426917463481565625 0 0 0 0 0 0 0 0 0 0 0 0 0 0 0 0 0 0 0 0 0 0 0 0 0 0 0 0 0 0 0 0 0 0 0 0 0 0 1 0 0 0 0 0 0 0 0 0 0 0 0 0 0 0 0 0 0 0 0 0 0 0 0 0 0 0 0 0 0 0 0 0 0 0 0 0 0 0 0 0 0 0 0 0 0 0 0 0 0 0 0 0 0 0 0 0 0 0 0 0 0 0 0 0 0 0 0 0 0]
[4682272892084367486154405149562536637203958236357962091165257690666620190171148138720776988673771924465978667648624861729979715664488502740037765021706926368256577010802290784335677899718426700450544068350894665645675947474743489677379872298386834497927480415536601501947045090579255501115510218704344547767315014485095026071911804 0 0 0 0 0 0 0 0 0 0 0 0 0 0 0 0 0 0 0 0 0 0 0 0 0 0 0 0 0 0 0 0 0 0 0 0 0 0 0 1 0 0 0 0 0 0 0 0 0 0 0 0 0 0 0 0 0 0 0 0 0 0 0 0 0 0 0 0 0 0 0 0 0 0 0 0 0 0 0 0 0 0 0 0 0 0 0 0 0 0 0 0 0 0 0 0 0 0 0 0 0 0 0 0 0 0 0 0 0]
[3457923580787214763786321904369749267964753082055118502787104102424232382479455115518770976062484509100248192405744792032195544399574363833950787115668531468040894865128059576560666054854566209663620567164853020781479264515760942748762171340994979669116183213568289875780850705172885715045800684142518709280198092746768919429060994 0 0 0 0 0 0 0 0 0 0 0 0 0 0 0 0 0 0 0 0 0 0 0 0 0 0 0 0 0 0 0 0 0 0 0 0 0 0 0 0 1 0 0 0 0 0 0 0 0 0 0 0 0 0 0 0 0 0 0 0 0 0 0 0 0 0 0 0 0 0 0 0 0 0 0 0 0 0 0 0 0 0 0 0 0 0 0 0 0 0 0 0 0 0 0 0 0 0 0 0 0 0 0 0 0 0 0 0 0]
[1216730321414890852703035141988982031540092270336349974254326951574097817947205704586828731458587423185386085078366265368560124560924219880601538102001636351999300503393734130291174255501072554267114309081353610131828700015229322012000536843603124854345451843754424654167190783680950059572013475281285950706151668860759282901047707 0 0 0 0 0 0 0 0 0 0 0 0 0 0 0 0 0 0 0 0 0 0 0 0 0 0 0 0 0 0 0 0 0 0 0 0 0 0 0 0 0 1 0 0 0 0 0 0 0 0 0 0 0 0 0 0 0 0 0 0 0 0 0 0 0 0 0 0 0 0 0 0 0 0 0 0 0 0 0 0 0 0 0 0 0 0 0 0 0 0 0 0 0 0 0 0 0 0 0 0 0 0 0 0 0 0 0 0 0]
[4973968750181577648252860110511395160893933017745479630278607739034126133585518931716653377416911067780087409436969313876253525211849342550544754475753408264986075154272810658880065156196395884374039257416667841422001817354573223293753008043210988800351919441263483882817758577315112445313972807846226072031439338714149023212090060 0 0 0 0 0 0 0 0 0 0 0 0 0 0 0 0 0 0 0 0 0 0 0 0 0 0 0 0 0 0 0 0 0 0 0 0 0 0 0 0 0 0 1 0 0 0 0 0 0 0 0 0 0 0 0 0 0 0 0 0 0 0 0 0 0 0 0 0 0 0 0 0 0 0 0 0 0 0 0 0 0 0 0 0 0 0 0 0 0 0 0 0 0 0 0 0 0 0 0 0 0 0 0 0 0 0 0 0 0]
[5442125543364250479116104175185054684862339478697715673310689932525222593015767197509833854405311892052928328039476736053036986798742196061140245279066490406687511523208159654576312870075959240479945625649157802477656076244674684522408621660053385527470402412320754126656543327775457023803762628467245215241313491998622272856941107 0 0 0 0 0 0 0 0 0 0 0 0 0 0 0 0 0 0 0 0 0 0 0 0 0 0 0 0 0 0 0 0 0 0 0 0 0 0 0 0 0 0 0 1 0 0 0 0 0 0 0 0 0 0 0 0 0 0 0 0 0 0 0 0 0 0 0 0 0 0 0 0 0 0 0 0 0 0 0 0 0 0 0 0 0 0 0 0 0 0 0 0 0 0 0 0 0 0 0 0 0 0 0 0 0 0 0 0 0]
[5871090985097900003747732105207031893389723453203066901212178551197100492789864950419670645797081011448952558257682809564650451259604978119842430797168609609712969956340745729854318308608545955323158938159068023951463919541690939853293163959681871588114940456758956630273010538706218851462413435071248874855704403750567305700221645 0 0 0 0 0 0 0 0 0 0 0 0 0 0 0 0 0 0 0 0 0 0 0 0 0 0 0 0 0 0 0 0 0 0 0 0 0 0 0 0 0 0 0 0 1 0 0 0 0 0 0 0 0 0 0 0 0 0 0 0 0 0 0 0 0 0 0 0 0 0 0 0 0 0 0 0 0 0 0 0 0 0 0 0 0 0 0 0 0 0 0 0 0 0 0 0 0 0 0 0 0 0 0 0 0 0 0 0 0]
[2857538095608040278564719826369781750285828384149194943764034091879708344138593128826986961058277371224612061083864185309105260816754618582190055808758924695994934753374283859162970763108037188167738533059560183421043747854997781976792812033989938615089700902730445007160332340773387136145937785787308563578542094490785591009645436 0 0 0 0 0 0 0 0 0 0 0 0 0 0 0 0 0 0 0 0 0 0 0 0 0 0 0 0 0 0 0 0 0 0 0 0 0 0 0 0 0 0 0 0 0 1 0 0 0 0 0 0 0 0 0 0 0 0 0 0 0 0 0 0 0 0 0 0 0 0 0 0 0 0 0 0 0 0 0 0 0 0 0 0 0 0 0 0 0 0 0 0 0 0 0 0 0 0 0 0 0 0 0 0 0 0 0 0 0]
[6371611190133521458667047411548829011017959570011707510228420456663678583882889118763024910833821349718874354283773647157434123407063474182030312368679835079114454649966013699399814842666755959516935469343386512720780803883521058233605284322498098831635164544524747807101581386448889478779428048292652412292524783735741550509699492 0 0 0 0 0 0 0 0 0 0 0 0 0 0 0 0 0 0 0 0 0 0 0 0 0 0 0 0 0 0 0 0 0 0 0 0 0 0 0 0 0 0 0 0 0 0 1 0 0 0 0 0 0 0 0 0 0 0 0 0 0 0 0 0 0 0 0 0 0 0 0 0 0 0 0 0 0 0 0 0 0 0 0 0 0 0 0 0 0 0 0 0 0 0 0 0 0 0 0 0 0 0 0 0 0 0 0 0 0]
[5193110848465023681085745975249257858804496307369232371686069468075528353972686182733009467454549202592829758443212989638754536129737527654686467455773707652738587283284685742621206792883103605465702217861992091785628131634143151987666608452880276152927573486155572515431211583101737306896839187632919104081753956776696525247338481 0 0 0 0 0 0 0 0 0 0 0 0 0 0 0 0 0 0 0 0 0 0 0 0 0 0 0 0 0 0 0 0 0 0 0 0 0 0 0 0 0 0 0 0 0 0 0 1 0 0 0 0 0 0 0 0 0 0 0 0 0 0 0 0 0 0 0 0 0 0 0 0 0 0 0 0 0 0 0 0 0 0 0 0 0 0 0 0 0 0 0 0 0 0 0 0 0 0 0 0 0 0 0 0 0 0 0 0 0]
[239745641270519716560581581123474048245649652818930128690362235610953705760111222972294352533231042283948837688767594036540386694692658552353600709763845511571612749130752047493243108174020604441870264815122075393140302120873169372480178830649863584048740819351794040897549307939647282337002884171212790043100467152074712100937145 0 0 0 0 0 0 0 0 0 0 0 0 0 0 0 0 0 0 0 0 0 0 0 0 0 0 0 0 0 0 0 0 0 0 0 0 0 0 0 0 0 0 0 0 0 0 0 0 1 0 0 0 0 0 0 0 0 0 0 0 0 0 0 0 0 0 0 0 0 0 0 0 0 0 0 0 0 0 0 0 0 0 0 0 0 0 0 0 0 0 0 0 0 0 0 0 0 0 0 0 0 0 0 0 0 0 0 0 0]
[1031692161829308610322528294704215662263733152541611365293590657821352441747187131855472128706673788214736021339747332313320212551523036329414069466261863451378302480069963453802567318368646105481705675645793272824175154493624911484820455721330598755774964448992427369597001961035702432968883565325592247930803127763359784409547614 0 0 0 0 0 0 0 0 0 0 0 0 0 0 0 0 0 0 0 0 0 0 0 0 0 0 0 0 0 0 0 0 0 0 0 0 0 0 0 0 0 0 0 0 0 0 0 0 0 1 0 0 0 0 0 0 0 0 0 0 0 0 0 0 0 0 0 0 0 0 0 0 0 0 0 0 0 0 0 0 0 0 0 0 0 0 0 0 0 0 0 0 0 0 0 0 0 0 0 0 0 0 0 0 0 0 0 0 0]
[5059049580256149721114026235427279882373027722745974757892144999573157708687792979836297040909739956094689209728990213341233083206270532894303961737520969968446479127720051377522473638386716680215731824360095449183008514928925287905316856946389132764079073666852751210812370109762053299112805165194757699605487402228111741000909564 0 0 0 0 0 0 0 0 0 0 0 0 0 0 0 0 0 0 0 0 0 0 0 0 0 0 0 0 0 0 0 0 0 0 0 0 0 0 0 0 0 0 0 0 0 0 0 0 0 0 1 0 0 0 0 0 0 0 0 0 0 0 0 0 0 0 0 0 0 0 0 0 0 0 0 0 0 0 0 0 0 0 0 0 0 0 0 0 0 0 0 0 0 0 0 0 0 0 0 0 0 0 0 0 0 0 0 0 0]
[1418442101895100247927601161397259107892958114426956780387165876803197526221994223142080445161900262804058313513725833182720096774254541286308907746383411011825133892342859261609160255208398873911942151386939908461623983435034355924779362444069764897755485114544819958586196596240307075760054345521365113464652983341919286326593191 0 0 0 0 0 0 0 0 0 0 0 0 0 0 0 0 0 0 0 0 0 0 0 0 0 0 0 0 0 0 0 0 0 0 0 0 0 0 0 0 0 0 0 0 0 0 0 0 0 0 0 1 0 0 0 0 0 0 0 0 0 0 0 0 0 0 0 0 0 0 0 0 0 0 0 0 0 0 0 0 0 0 0 0 0 0 0 0 0 0 0 0 0 0 0 0 0 0 0 0 0 0 0 0 0 0 0 0 0]
[6532430221488518573094298329789341179440210838525671057603664740335722895520353959181170817427840712086347294781804784545281972600975998589294342386995097078525169306264757813097759503359518825365459246896737554048884687685037234670004956912421277766127790792496990727909775522791476277837948651064162883430678264376039901503183688 0 0 0 0 0 0 0 0 0 0 0 0 0 0 0 0 0 0 0 0 0 0 0 0 0 0 0 0 0 0 0 0 0 0 0 0 0 0 0 0 0 0 0 0 0 0 0 0 0 0 0 0 1 0 0 0 0 0 0 0 0 0 0 0 0 0 0 0 0 0 0 0 0 0 0 0 0 0 0 0 0 0 0 0 0 0 0 0 0 0 0 0 0 0 0 0 0 0 0 0 0 0 0 0 0 0 0 0 0]
[5668827093405659332925289510340179760810436026611386844820865113759788473346153474330052110301015983317783489985597107776266804961051813877338238082767208386644117384347937786244532827375239605688880179594644376623614530276426954388315517388642654868122146762617521067481245393434977862133094036386056722075260842523483558991762040 0 0 0 0 0 0 0 0 0 0 0 0 0 0 0 0 0 0 0 0 0 0 0 0 0 0 0 0 0 0 0 0 0 0 0 0 0 0 0 0 0 0 0 0 0 0 0 0 0 0 0 0 0 1 0 0 0 0 0 0 0 0 0 0 0 0 0 0 0 0 0 0 0 0 0 0 0 0 0 0 0 0 0 0 0 0 0 0 0 0 0 0 0 0 0 0 0 0 0 0 0 0 0 0 0 0 0 0 0]
[5523439822449980151434913029826519915791679508234828296610821664491054596349814537154898029704592477386625396140482888038441552289275797504172822274170190959880098893394691379922061119029703823997541158298438773839992826861880758157357750597985041104261773750546376260754833019745400654039697466661082899750686038088601109971414804 0 0 0 0 0 0 0 0 0 0 0 0 0 0 0 0 0 0 0 0 0 0 0 0 0 0 0 0 0 0 0 0 0 0 0 0 0 0 0 0 0 0 0 0 0 0 0 0 0 0 0 0 0 0 1 0 0 0 0 0 0 0 0 0 0 0 0 0 0 0 0 0 0 0 0 0 0 0 0 0 0 0 0 0 0 0 0 0 0 0 0 0 0 0 0 0 0 0 0 0 0 0 0 0 0 0 0 0 0]
[6772574126798530275488263182415525461081049031972002072853552967648179209617046429788012015628538718953247491679073223819343702506514897037574239664575376656594175116845899113023604268269244279881290977370001689054553336611788063346546678483063797792795425265928701575533659468036117385129690689463651473702316894626010876865223470 0 0 0 0 0 0 0 0 0 0 0 0 0 0 0 0 0 0 0 0 0 0 0 0 0 0 0 0 0 0 0 0 0 0 0 0 0 0 0 0 0 0 0 0 0 0 0 0 0 0 0 0 0 0 0 1 0 0 0 0 0 0 0 0 0 0 0 0 0 0 0 0 0 0 0 0 0 0 0 0 0 0 0 0 0 0 0 0 0 0 0 0 0 0 0 0 0 0 0 0 0 0 0 0 0 0 0 0 0]
[3879601827165911548929937456036894896072611803138305122062082284246795421227289536411572115718517568683980741498981163637005259186310114331470236116674447580248669361608658431639817949860810588525807985820300738857129074752591819493109215319315773082569628237762331606192577127987008545789081942986963604156393695953109603203476688 0 0 0 0 0 0 0 0 0 0 0 0 0 0 0 0 0 0 0 0 0 0 0 0 0 0 0 0 0 0 0 0 0 0 0 0 0 0 0 0 0 0 0 0 0 0 0 0 0 0 0 0 0 0 0 0 1 0 0 0 0 0 0 0 0 0 0 0 0 0 0 0 0 0 0 0 0 0 0 0 0 0 0 0 0 0 0 0 0 0 0 0 0 0 0 0 0 0 0 0 0 0 0 0 0 0 0 0 0]
[7165017056052463703412179111343962014669498733015604399322109165605971563734822616096702724392195529982545758864486507258056314350117662584889015502907022654545850372876966551321799123843810798444568850490210461350783607474749037691004931023215335316764856329514672399536164465220350274715202062397967429915396689711085775901465690 0 0 0 0 0 0 0 0 0 0 0 0 0 0 0 0 0 0 0 0 0 0 0 0 0 0 0 0 0 0 0 0 0 0 0 0 0 0 0 0 0 0 0 0 0 0 0 0 0 0 0 0 0 0 0 0 0 1 0 0 0 0 0 0 0 0 0 0 0 0 0 0 0 0 0 0 0 0 0 0 0 0 0 0 0 0 0 0 0 0 0 0 0 0 0 0 0 0 0 0 0 0 0 0 0 0 0 0 0]
[3499259185978210523696873697268920339977270354398974014630555593207903547210754659362338776143452814640300371380351197116555200974025744771859564726750221322529044716688529930745263045363982860567548017483437498014400457294064334501090582738173284131683459883048587813066997994430476695079838087197815223959862634157683994647267137 0 0 0 0 0 0 0 0 0 0 0 0 0 0 0 0 0 0 0 0 0 0 0 0 0 0 0 0 0 0 0 0 0 0 0 0 0 0 0 0 0 0 0 0 0 0 0 0 0 0 0 0 0 0 0 0 0 0 1 0 0 0 0 0 0 0 0 0 0 0 0 0 0 0 0 0 0 0 0 0 0 0 0 0 0 0 0 0 0 0 0 0 0 0 0 0 0 0 0 0 0 0 0 0 0 0 0 0 0]
[74473273810784871791625047892558513789588846294785873435715362980129769664672882286531252949297162210570216620832284596870171813093717747997963295454074970450840979287173955994475850536749144746098683361431486513832249137250083186496782867984344138826903619711735815522141400565174123659450386851077596240682437750878913077198758 0 0 0 0 0 0 0 0 0 0 0 0 0 0 0 0 0 0 0 0 0 0 0 0 0 0 0 0 0 0 0 0 0 0 0 0 0 0 0 0 0 0 0 0 0 0 0 0 0 0 0 0 0 0 0 0 0 0 0 1 0 0 0 0 0 0 0 0 0 0 0 0 0 0 0 0 0 0 0 0 0 0 0 0 0 0 0 0 0 0 0 0 0 0 0 0 0 0 0 0 0 0 0 0 0 0 0 0 0]
[7302882941491083802906262097713842387855982638357716160500699198752790402330105959311356806997329139252701032775012938481661219264457352012764294516264469068407114408702094646522719140049251446742387562534596793997648256240784193932298275712553100035298172295836405945038736275570697741725321043282571069981336272843671883849189407 0 0 0 0 0 0 0 0 0 0 0 0 0 0 0 0 0 0 0 0 0 0 0 0 0 0 0 0 0 0 0 0 0 0 0 0 0 0 0 0 0 0 0 0 0 0 0 0 0 0 0 0 0 0 0 0 0 0 0 0 1 0 0 0 0 0 0 0 0 0 0 0 0 0 0 0 0 0 0 0 0 0 0 0 0 0 0 0 0 0 0 0 0 0 0 0 0 0 0 0 0 0 0 0 0 0 0 0 0]
[5097147892489629491779244326778180706242318094995912397527729520018565828257467256683753007981966513822108402074068890882435256505078058428819743527601907127331651334157993397542804116143877949096257908125821617878821939344226367518886515628686403487599434512874277812354515276712379214887557994810791085471278980107072545297070495 0 0 0 0 0 0 0 0 0 0 0 0 0 0 0 0 0 0 0 0 0 0 0 0 0 0 0 0 0 0 0 0 0 0 0 0 0 0 0 0 0 0 0 0 0 0 0 0 0 0 0 0 0 0 0 0 0 0 0 0 0 1 0 0 0 0 0 0 0 0 0 0 0 0 0 0 0 0 0 0 0 0 0 0 0 0 0 0 0 0 0 0 0 0 0 0 0 0 0 0 0 0 0 0 0 0 0 0 0]
[850429979164432209453593060294454147822937768409233457643326947409466954877359429137409079060565481937468536862925471859614887597695618166671135281073565075393270888759333167395833818053585398161649648267564535245166112733523826514134290213318387729099881978843560326462777681299559500804507401229493934066078944687431422426374363 0 0 0 0 0 0 0 0 0 0 0 0 0 0 0 0 0 0 0 0 0 0 0 0 0 0 0 0 0 0 0 0 0 0 0 0 0 0 0 0 0 0 0 0 0 0 0 0 0 0 0 0 0 0 0 0 0 0 0 0 0 0 1 0 0 0 0 0 0 0 0 0 0 0 0 0 0 0 0 0 0 0 0 0 0 0 0 0 0 0 0 0 0 0 0 0 0 0 0 0 0 0 0 0 0 0 0 0 0]
[3548073759206378862117523867673653794199661039026829922995879390798904058932064567891442253959008609681031599421593389312128809964918004460571035290394237985421346371804483174914262037729514749771837303040561310390908128131677197301294500534357750179770192840279630406817802792615574859082343849375048844353986282664050334219667525 0 0 0 0 0 0 0 0 0 0 0 0 0 0 0 0 0 0 0 0 0 0 0 0 0 0 0 0 0 0 0 0 0 0 0 0 0 0 0 0 0 0 0 0 0 0 0 0 0 0 0 0 0 0 0 0 0 0 0 0 0 0 0 1 0 0 0 0 0 0 0 0 0 0 0 0 0 0 0 0 0 0 0 0 0 0 0 0 0 0 0 0 0 0 0 0 0 0 0 0 0 0 0 0 0 0 0 0 0]
[1741479318262089024989286461574990816328030764866825343619497821583162435231991725272371290812857766952663197551203336618299872233544692606951635052182495700253001101938485294810974901805305441843945142555648685828075753744844840953045297857147399853608338725947987237521039394454170398124413950509439734646983691637017079877936679 0 0 0 0 0 0 0 0 0 0 0 0 0 0 0 0 0 0 0 0 0 0 0 0 0 0 0 0 0 0 0 0 0 0 0 0 0 0 0 0 0 0 0 0 0 0 0 0 0 0 0 0 0 0 0 0 0 0 0 0 0 0 0 0 1 0 0 0 0 0 0 0 0 0 0 0 0 0 0 0 0 0 0 0 0 0 0 0 0 0 0 0 0 0 0 0 0 0 0 0 0 0 0 0 0 0 0 0 0]
[7189741794983431405175676849623544561303911131243384433535611620927369733661887055077015547298589233765207149928576735968537967366921060151126922967322580050955558132192170873152671255358826655866346841153693497287719271386597978206091142464215748442845389878048297949957713702908131059633460708249862517415790504350721884557923567 0 0 0 0 0 0 0 0 0 0 0 0 0 0 0 0 0 0 0 0 0 0 0 0 0 0 0 0 0 0 0 0 0 0 0 0 0 0 0 0 0 0 0 0 0 0 0 0 0 0 0 0 0 0 0 0 0 0 0 0 0 0 0 0 0 1 0 0 0 0 0 0 0 0 0 0 0 0 0 0 0 0 0 0 0 0 0 0 0 0 0 0 0 0 0 0 0 0 0 0 0 0 0 0 0 0 0 0 0]
[2301930000926299820215011502524582463603905721493900174628285998823048264896708261388466770382804629622662323180530815917816562278881352906905452606226414955466002987180065356886263040184278848924912305007479575962646145767159567091894417748125972129950902766125594675910595338077121910417881849592993539166117200879957121567724450 0 0 0 0 0 0 0 0 0 0 0 0 0 0 0 0 0 0 0 0 0 0 0 0 0 0 0 0 0 0 0 0 0 0 0 0 0 0 0 0 0 0 0 0 0 0 0 0 0 0 0 0 0 0 0 0 0 0 0 0 0 0 0 0 0 0 1 0 0 0 0 0 0 0 0 0 0 0 0 0 0 0 0 0 0 0 0 0 0 0 0 0 0 0 0 0 0 0 0 0 0 0 0 0 0 0 0 0 0]
[759392971926986632084751157891829150794713243898613975824609134495363714615621789870463068118889514300119816320768862183524285927440472388857551984181646971382077012168457394474724381841778672658230510860414119590301173831332427292697488705899005203011795500563739458184314135440261973177247795190405597607492201016984004181880727 0 0 0 0 0 0 0 0 0 0 0 0 0 0 0 0 0 0 0 0 0 0 0 0 0 0 0 0 0 0 0 0 0 0 0 0 0 0 0 0 0 0 0 0 0 0 0 0 0 0 0 0 0 0 0 0 0 0 0 0 0 0 0 0 0 0 0 1 0 0 0 0 0 0 0 0 0 0 0 0 0 0 0 0 0 0 0 0 0 0 0 0 0 0 0 0 0 0 0 0 0 0 0 0 0 0 0 0 0]
[6547120113859448791309553114083174798589843064937736915951270215420478529993334918630044717099304776996564900053165478588896935139834619324320074557953902631094728908995304885591539979518016919035871903285287121978690054019379558483278553492628856287072607714909700118537887006854032273673817038754968686589658728444560326618758568 0 0 0 0 0 0 0 0 0 0 0 0 0 0 0 0 0 0 0 0 0 0 0 0 0 0 0 0 0 0 0 0 0 0 0 0 0 0 0 0 0 0 0 0 0 0 0 0 0 0 0 0 0 0 0 0 0 0 0 0 0 0 0 0 0 0 0 0 1 0 0 0 0 0 0 0 0 0 0 0 0 0 0 0 0 0 0 0 0 0 0 0 0 0 0 0 0 0 0 0 0 0 0 0 0 0 0 0 0]
[1101726171535326324437087341805321316918662677634485585311086713665094197625581709324809291592030567131638486851806538446642038887638396040610017296185945536337167877307879650041001299258803204432544600273647411674707537382303314747755130871559765457403980255224499472530102066967802200485110158000898837492679362063002823516720541 0 0 0 0 0 0 0 0 0 0 0 0 0 0 0 0 0 0 0 0 0 0 0 0 0 0 0 0 0 0 0 0 0 0 0 0 0 0 0 0 0 0 0 0 0 0 0 0 0 0 0 0 0 0 0 0 0 0 0 0 0 0 0 0 0 0 0 0 0 1 0 0 0 0 0 0 0 0 0 0 0 0 0 0 0 0 0 0 0 0 0 0 0 0 0 0 0 0 0 0 0 0 0 0 0 0 0 0 0]
[2747013270929422048858430643321914115364926651037845079703785662292365993950233070846456324455396298782994890868733482054389629557981324127039264157057496529958467178106743697476867886482661315676394006092677832621888605659175517800505077290762979307874868144535325600076844640982580635306566557948663141781433480520596647590484928 0 0 0 0 0 0 0 0 0 0 0 0 0 0 0 0 0 0 0 0 0 0 0 0 0 0 0 0 0 0 0 0 0 0 0 0 0 0 0 0 0 0 0 0 0 0 0 0 0 0 0 0 0 0 0 0 0 0 0 0 0 0 0 0 0 0 0 0 0 0 1 0 0 0 0 0 0 0 0 0 0 0 0 0 0 0 0 0 0 0 0 0 0 0 0 0 0 0 0 0 0 0 0 0 0 0 0 0 0]
[3523875091647472079084483357564660285503748264235325200079764168941375695040856709277323066029491853625543687515145918410329640071709804501546544145219256587503743411376325527326292433799474596414218205532257029064741860013987811802572536261957172004960086147727536019478000920691442374360992220440599501262797606508667972965497058 0 0 0 0 0 0 0 0 0 0 0 0 0 0 0 0 0 0 0 0 0 0 0 0 0 0 0 0 0 0 0 0 0 0 0 0 0 0 0 0 0 0 0 0 0 0 0 0 0 0 0 0 0 0 0 0 0 0 0 0 0 0 0 0 0 0 0 0 0 0 0 1 0 0 0 0 0 0 0 0 0 0 0 0 0 0 0 0 0 0 0 0 0 0 0 0 0 0 0 0 0 0 0 0 0 0 0 0 0]
[4650740288477834355361739574914438310307048647134334961069397500401277569657780173654787064058427535107198157145106790229813948259229694299650814829310331247442842117859879156548845399173861950798645290871980565804168414862880743503022944261956927613215051488051445943435467484646243827526344878807997734555881187787896625045188849 0 0 0 0 0 0 0 0 0 0 0 0 0 0 0 0 0 0 0 0 0 0 0 0 0 0 0 0 0 0 0 0 0 0 0 0 0 0 0 0 0 0 0 0 0 0 0 0 0 0 0 0 0 0 0 0 0 0 0 0 0 0 0 0 0 0 0 0 0 0 0 0 1 0 0 0 0 0 0 0 0 0 0 0 0 0 0 0 0 0 0 0 0 0 0 0 0 0 0 0 0 0 0 0 0 0 0 0 0]
[1338858120315591800193940121571941093025298769374784936408640089440572609848102518150673563300993910293562071887712121917199524130696723044011352046775197100175132640645213584971826511679704224722761973133727083955298000116864918092222819021185607210491628058409042520554656528476642801064578910507257368646864213874324043496026935 0 0 0 0 0 0 0 0 0 0 0 0 0 0 0 0 0 0 0 0 0 0 0 0 0 0 0 0 0 0 0 0 0 0 0 0 0 0 0 0 0 0 0 0 0 0 0 0 0 0 0 0 0 0 0 0 0 0 0 0 0 0 0 0 0 0 0 0 0 0 0 0 0 1 0 0 0 0 0 0 0 0 0 0 0 0 0 0 0 0 0 0 0 0 0 0 0 0 0 0 0 0 0 0 0 0 0 0 0]
[4693137995638064861053770470034844353176058833688764044142039242366661488997759233504613220949164428282734916442020455601132753195053437241090531280023433831503572340008240222910575994198971442048730374704494910934336361808170371553517999052751805205833892410847544036533948397343045176709155193252774086520566496786170780073092987 0 0 0 0 0 0 0 0 0 0 0 0 0 0 0 0 0 0 0 0 0 0 0 0 0 0 0 0 0 0 0 0 0 0 0 0 0 0 0 0 0 0 0 0 0 0 0 0 0 0 0 0 0 0 0 0 0 0 0 0 0 0 0 0 0 0 0 0 0 0 0 0 0 0 1 0 0 0 0 0 0 0 0 0 0 0 0 0 0 0 0 0 0 0 0 0 0 0 0 0 0 0 0 0 0 0 0 0 0]
[3110460594758640499264853104177715363487571902673405148116679970660563082527502548506701738223587846823313781122582808338974177005192039495590803618793822269649882368413869247750746983303891254825996086748337701591769772166290439308260634021146970135657994575598233232340351225315559418579324292713859589807939163697359603125531944 0 0 0 0 0 0 0 0 0 0 0 0 0 0 0 0 0 0 0 0 0 0 0 0 0 0 0 0 0 0 0 0 0 0 0 0 0 0 0 0 0 0 0 0 0 0 0 0 0 0 0 0 0 0 0 0 0 0 0 0 0 0 0 0 0 0 0 0 0 0 0 0 0 0 0 1 0 0 0 0 0 0 0 0 0 0 0 0 0 0 0 0 0 0 0 0 0 0 0 0 0 0 0 0 0 0 0 0 0]
[4440522868046699640988236641522084369356559753753893573776977994054678521881552918336851669608260871219348927522140285445315237794360102743458783537559092443199753853675346605983600646978554402235689785047291708734638191226330942160588501399356330774839920087658338585923318175270465440101874946106270866197022105173978410385623779 0 0 0 0 0 0 0 0 0 0 0 0 0 0 0 0 0 0 0 0 0 0 0 0 0 0 0 0 0 0 0 0 0 0 0 0 0 0 0 0 0 0 0 0 0 0 0 0 0 0 0 0 0 0 0 0 0 0 0 0 0 0 0 0 0 0 0 0 0 0 0 0 0 0 0 0 1 0 0 0 0 0 0 0 0 0 0 0 0 0 0 0 0 0 0 0 0 0 0 0 0 0 0 0 0 0 0 0 0]
[3896416180058219123798596912777531300198060226313898854506387217078601136068869241562460100905494783648796400403453145443567864699579031474995951342614952418840853743238603876381278329327738373093410786554053952544251615175891740121752863262128984915322591967550175700987336278158718430553516348476318220392822280596291577129490380 0 0 0 0 0 0 0 0 0 0 0 0 0 0 0 0 0 0 0 0 0 0 0 0 0 0 0 0 0 0 0 0 0 0 0 0 0 0 0 0 0 0 0 0 0 0 0 0 0 0 0 0 0 0 0 0 0 0 0 0 0 0 0 0 0 0 0 0 0 0 0 0 0 0 0 0 0 1 0 0 0 0 0 0 0 0 0 0 0 0 0 0 0 0 0 0 0 0 0 0 0 0 0 0 0 0 0 0 0]
[3551492856469237424258800041138831946718882083682313402553061367463571567503733234775408053980242398825268295161149800936149609892787546677291909022244155718306555552195934227676132957494007206177763857886859706962279753855962584265856600813435682172521837530063344343899606635136366229113491752664282034755145862705782878934411173 0 0 0 0 0 0 0 0 0 0 0 0 0 0 0 0 0 0 0 0 0 0 0 0 0 0 0 0 0 0 0 0 0 0 0 0 0 0 0 0 0 0 0 0 0 0 0 0 0 0 0 0 0 0 0 0 0 0 0 0 0 0 0 0 0 0 0 0 0 0 0 0 0 0 0 0 0 0 1 0 0 0 0 0 0 0 0 0 0 0 0 0 0 0 0 0 0 0 0 0 0 0 0 0 0 0 0 0 0]
[3374972129019544546045056641650793604852124017369546448343701934926064290401208887820014082336900596971017184472493916566124297933617530951771214893409344481113062431571659430469166954534348064377808186694859832300405812085079480088691795068222297960817066272118217092753853930397271249180225737038249165179967821376687534661778617 0 0 0 0 0 0 0 0 0 0 0 0 0 0 0 0 0 0 0 0 0 0 0 0 0 0 0 0 0 0 0 0 0 0 0 0 0 0 0 0 0 0 0 0 0 0 0 0 0 0 0 0 0 0 0 0 0 0 0 0 0 0 0 0 0 0 0 0 0 0 0 0 0 0 0 0 0 0 0 1 0 0 0 0 0 0 0 0 0 0 0 0 0 0 0 0 0 0 0 0 0 0 0 0 0 0 0 0 0]
[2263193851524856636236213809438239655025833111773599161102483396013473604280554960707685492920622251745358337701204891903765696293877339317893273843168899132594181253909589330849170228505740296150067065692245659953239185970741301191631182640473148658008639036746631001772537357657178357878198974027953547145409171687121180243380599 0 0 0 0 0 0 0 0 0 0 0 0 0 0 0 0 0 0 0 0 0 0 0 0 0 0 0 0 0 0 0 0 0 0 0 0 0 0 0 0 0 0 0 0 0 0 0 0 0 0 0 0 0 0 0 0 0 0 0 0 0 0 0 0 0 0 0 0 0 0 0 0 0 0 0 0 0 0 0 0 1 0 0 0 0 0 0 0 0 0 0 0 0 0 0 0 0 0 0 0 0 0 0 0 0 0 0 0 0]
[6222752182552216261694426237205378357705364493240392525563473376299133759480632713301437410005327119986766483678140021416321420304045792948994970031487902981976073032535919391043656945159038645455785140455327619310297962263363599739638200166977759116919925884832050083365250913802641563721049186304641774344411924798635332904097294 0 0 0 0 0 0 0 0 0 0 0 0 0 0 0 0 0 0 0 0 0 0 0 0 0 0 0 0 0 0 0 0 0 0 0 0 0 0 0 0 0 0 0 0 0 0 0 0 0 0 0 0 0 0 0 0 0 0 0 0 0 0 0 0 0 0 0 0 0 0 0 0 0 0 0 0 0 0 0 0 0 1 0 0 0 0 0 0 0 0 0 0 0 0 0 0 0 0 0 0 0 0 0 0 0 0 0 0 0]
[5198230730085461855652258548803736235367456165378454503220186684308689759533013696166602547180148614468931101153246237521952389995219923480144853397579354496754223376279315103074110902067087163865022087362702722042634940453170805605092349805740046534224850646125173001451573453593871102795826334194893241378217933913529948152889381 0 0 0 0 0 0 0 0 0 0 0 0 0 0 0 0 0 0 0 0 0 0 0 0 0 0 0 0 0 0 0 0 0 0 0 0 0 0 0 0 0 0 0 0 0 0 0 0 0 0 0 0 0 0 0 0 0 0 0 0 0 0 0 0 0 0 0 0 0 0 0 0 0 0 0 0 0 0 0 0 0 0 1 0 0 0 0 0 0 0 0 0 0 0 0 0 0 0 0 0 0 0 0 0 0 0 0 0 0]
[2339459427931858945786422955611501580387412129715510580146681130905852884756387414434737162956655551429918644285789582126020473016592017374435682205613335028702343328324398526477300700100164957790542400249542823866828871986356804928171915277771821368210976764537586315851731120241174539143701804273194207660673047931002811309126669 0 0 0 0 0 0 0 0 0 0 0 0 0 0 0 0 0 0 0 0 0 0 0 0 0 0 0 0 0 0 0 0 0 0 0 0 0 0 0 0 0 0 0 0 0 0 0 0 0 0 0 0 0 0 0 0 0 0 0 0 0 0 0 0 0 0 0 0 0 0 0 0 0 0 0 0 0 0 0 0 0 0 0 1 0 0 0 0 0 0 0 0 0 0 0 0 0 0 0 0 0 0 0 0 0 0 0 0 0]
[4299535671010799210795933509736528787982812163335599819237727482484458761879465420008217534212460570584131067011955257688498886204859212807323932622874974339018768672392042881356765473537886914009030011680945682579067544105558120869922245519298769884294657900450914193286369327894951949935520743164068354873070886438725493718486556 0 0 0 0 0 0 0 0 0 0 0 0 0 0 0 0 0 0 0 0 0 0 0 0 0 0 0 0 0 0 0 0 0 0 0 0 0 0 0 0 0 0 0 0 0 0 0 0 0 0 0 0 0 0 0 0 0 0 0 0 0 0 0 0 0 0 0 0 0 0 0 0 0 0 0 0 0 0 0 0 0 0 0 0 1 0 0 0 0 0 0 0 0 0 0 0 0 0 0 0 0 0 0 0 0 0 0 0 0]
[5272318318032107176399567569910460130319143398347353464197445233662155985649722435290836339365501432367987445681245957587535055171954416940957924200624878239827711037489798930786606283230948944257893644100900360682657472562076883502323478211703818780106646388421809579875001965189935927375577591056164068904506066281380019194481766 0 0 0 0 0 0 0 0 0 0 0 0 0 0 0 0 0 0 0 0 0 0 0 0 0 0 0 0 0 0 0 0 0 0 0 0 0 0 0 0 0 0 0 0 0 0 0 0 0 0 0 0 0 0 0 0 0 0 0 0 0 0 0 0 0 0 0 0 0 0 0 0 0 0 0 0 0 0 0 0 0 0 0 0 0 1 0 0 0 0 0 0 0 0 0 0 0 0 0 0 0 0 0 0 0 0 0 0 0]
[744322373558904214128585246634250910336570884480456223959155775231960602699059188848858064162772853807501839614736132899045329833908745864318553576934448978218410783277767222080580767064293400028331097087948152531462900277752956529829678275035754779012758911532687221422565455969963330477470536164758444439308715479635475504292390 0 0 0 0 0 0 0 0 0 0 0 0 0 0 0 0 0 0 0 0 0 0 0 0 0 0 0 0 0 0 0 0 0 0 0 0 0 0 0 0 0 0 0 0 0 0 0 0 0 0 0 0 0 0 0 0 0 0 0 0 0 0 0 0 0 0 0 0 0 0 0 0 0 0 0 0 0 0 0 0 0 0 0 0 0 0 1 0 0 0 0 0 0 0 0 0 0 0 0 0 0 0 0 0 0 0 0 0 0]
[6785602105756194646741243791051269291191403606218963433566244935925785585299791491221816966220134062123636458629734057331437702310870563039335247450599085158447418133384074249867964595818982197857154865455460905658501728564245909423742512013254168183948803714693267613223672257397338082897184860489679116537684017534912787443658158 0 0 0 0 0 0 0 0 0 0 0 0 0 0 0 0 0 0 0 0 0 0 0 0 0 0 0 0 0 0 0 0 0 0 0 0 0 0 0 0 0 0 0 0 0 0 0 0 0 0 0 0 0 0 0 0 0 0 0 0 0 0 0 0 0 0 0 0 0 0 0 0 0 0 0 0 0 0 0 0 0 0 0 0 0 0 0 1 0 0 0 0 0 0 0 0 0 0 0 0 0 0 0 0 0 0 0 0 0]
[1474572479888665249494566792548747919696756885186317179663796931165741151921956581648340954136328145058896275315437550819596717964532822923920283217292750948329981328144347336361485685502074361722994423478581936521281742349337241423513963350812857193017867592820104902940734861127499868919152310934675699612483528167534563229167980 0 0 0 0 0 0 0 0 0 0 0 0 0 0 0 0 0 0 0 0 0 0 0 0 0 0 0 0 0 0 0 0 0 0 0 0 0 0 0 0 0 0 0 0 0 0 0 0 0 0 0 0 0 0 0 0 0 0 0 0 0 0 0 0 0 0 0 0 0 0 0 0 0 0 0 0 0 0 0 0 0 0 0 0 0 0 0 0 1 0 0 0 0 0 0 0 0 0 0 0 0 0 0 0 0 0 0 0 0]
[4940203189406477681290779445173032764020180200689081000324812863301753339609835611393705255167888822572867785310626236145285227175724765060325673009081586647838365678662512968925549675585953362582164680066997705030896614095209605158643892669137472741495666374886369918869852075378395911972186195141806277295305417944350136643411349 0 0 0 0 0 0 0 0 0 0 0 0 0 0 0 0 0 0 0 0 0 0 0 0 0 0 0 0 0 0 0 0 0 0 0 0 0 0 0 0 0 0 0 0 0 0 0 0 0 0 0 0 0 0 0 0 0 0 0 0 0 0 0 0 0 0 0 0 0 0 0 0 0 0 0 0 0 0 0 0 0 0 0 0 0 0 0 0 0 1 0 0 0 0 0 0 0 0 0 0 0 0 0 0 0 0 0 0 0]
[1510539579047200927845180154418080374830445653802831352259126011215136822562052987630781576755362213964663015782262840134090066513735646311205442676819770497434652327628425408905317192869459999824849190973482250348221154467489068102173933749953340193855837474679251785448398548383500804009154224268933486734793607373790838890604315 0 0 0 0 0 0 0 0 0 0 0 0 0 0 0 0 0 0 0 0 0 0 0 0 0 0 0 0 0 0 0 0 0 0 0 0 0 0 0 0 0 0 0 0 0 0 0 0 0 0 0 0 0 0 0 0 0 0 0 0 0 0 0 0 0 0 0 0 0 0 0 0 0 0 0 0 0 0 0 0 0 0 0 0 0 0 0 0 0 0 1 0 0 0 0 0 0 0 0 0 0 0 0 0 0 0 0 0 0]
[820847696660829403435272039870072178768662456695398160613380311076293939398978587704127507590559014243151319711510877259147314100747035999333542809155143114717183557890740413031650322875527590262454977611290664981960017388997821685029048913930983304514431429305341048838543378632021156697253526345081638882536124451598875255541369 0 0 0 0 0 0 0 0 0 0 0 0 0 0 0 0 0 0 0 0 0 0 0 0 0 0 0 0 0 0 0 0 0 0 0 0 0 0 0 0 0 0 0 0 0 0 0 0 0 0 0 0 0 0 0 0 0 0 0 0 0 0 0 0 0 0 0 0 0 0 0 0 0 0 0 0 0 0 0 0 0 0 0 0 0 0 0 0 0 0 0 1 0 0 0 0 0 0 0 0 0 0 0 0 0 0 0 0 0]
[791112763707803606586629362754614996641948337267571317324668425505634980054750393914610075087274313879862230551434686904569427399805913070066493540725293805363199998654219866921904689504973439051170912987775337764165992131741465494898052436684320456691109109076068457726669860886740346419433644341796009386509045853607890332780160 0 0 0 0 0 0 0 0 0 0 0 0 0 0 0 0 0 0 0 0 0 0 0 0 0 0 0 0 0 0 0 0 0 0 0 0 0 0 0 0 0 0 0 0 0 0 0 0 0 0 0 0 0 0 0 0 0 0 0 0 0 0 0 0 0 0 0 0 0 0 0 0 0 0 0 0 0 0 0 0 0 0 0 0 0 0 0 0 0 0 0 0 1 0 0 0 0 0 0 0 0 0 0 0 0 0 0 0 0]
[3085237986206758993721653935831026544717118833867243083120164938607934506302082473901334160259108347212765945121612834103207787359954553827896299907728373186700695773418630332961885981796218210355346331782009387345113940775680907643597022764688229491924268485812233443555740840205641837262198868386114201095555115459003596004672406 0 0 0 0 0 0 0 0 0 0 0 0 0 0 0 0 0 0 0 0 0 0 0 0 0 0 0 0 0 0 0 0 0 0 0 0 0 0 0 0 0 0 0 0 0 0 0 0 0 0 0 0 0 0 0 0 0 0 0 0 0 0 0 0 0 0 0 0 0 0 0 0 0 0 0 0 0 0 0 0 0 0 0 0 0 0 0 0 0 0 0 0 0 1 0 0 0 0 0 0 0 0 0 0 0 0 0 0 0]
[2708754678759175065610291346140203042039157142803381780596510694609425397253164395238943128086636770625470516736538188980587640722232062778023402313507477412746278621763979366582797281626153181008691662868159095729059432196356446320507633646989564932876887321687362494803298697702440599329412030770991531443762394280240812767527304 0 0 0 0 0 0 0 0 0 0 0 0 0 0 0 0 0 0 0 0 0 0 0 0 0 0 0 0 0 0 0 0 0 0 0 0 0 0 0 0 0 0 0 0 0 0 0 0 0 0 0 0 0 0 0 0 0 0 0 0 0 0 0 0 0 0 0 0 0 0 0 0 0 0 0 0 0 0 0 0 0 0 0 0 0 0 0 0 0 0 0 0 0 0 1 0 0 0 0 0 0 0 0 0 0 0 0 0 0]
[1417458334500078389684826573962222189327590503318118468587388888882493068054776530880884731721741567080435205127765190374908115015902632866023672831338204171930713154233877499511602123099271916445723286099261284877995988360623778611326735587655102676654698187079069588739893804592984312278367270791388237399967887841189912428367466 0 0 0 0 0 0 0 0 0 0 0 0 0 0 0 0 0 0 0 0 0 0 0 0 0 0 0 0 0 0 0 0 0 0 0 0 0 0 0 0 0 0 0 0 0 0 0 0 0 0 0 0 0 0 0 0 0 0 0 0 0 0 0 0 0 0 0 0 0 0 0 0 0 0 0 0 0 0 0 0 0 0 0 0 0 0 0 0 0 0 0 0 0 0 0 1 0 0 0 0 0 0 0 0 0 0 0 0 0]
[2550292628906417750111578629607119214345004444844383346817999627716984164380733126061919571500036602657576941407541824638885962502410205641053128719916884904705664009970758621903403420862197948404020047055027900482245838146772396851549718457345060102761739319041145677346957081502676077204114642048269748809605347764574129400985497 0 0 0 0 0 0 0 0 0 0 0 0 0 0 0 0 0 0 0 0 0 0 0 0 0 0 0 0 0 0 0 0 0 0 0 0 0 0 0 0 0 0 0 0 0 0 0 0 0 0 0 0 0 0 0 0 0 0 0 0 0 0 0 0 0 0 0 0 0 0 0 0 0 0 0 0 0 0 0 0 0 0 0 0 0 0 0 0 0 0 0 0 0 0 0 0 1 0 0 0 0 0 0 0 0 0 0 0 0]
[6692964372947317276943724767182797123754164484099516905498552692937365089560618089968557002130398082041903547563061118340703121029370654874440424649821369348824238620346347793531697176977366564300750704208637997731461048164809195361249765934017976642500969627830041426047362336770287168713187315444755141816317999837240389974587796 0 0 0 0 0 0 0 0 0 0 0 0 0 0 0 0 0 0 0 0 0 0 0 0 0 0 0 0 0 0 0 0 0 0 0 0 0 0 0 0 0 0 0 0 0 0 0 0 0 0 0 0 0 0 0 0 0 0 0 0 0 0 0 0 0 0 0 0 0 0 0 0 0 0 0 0 0 0 0 0 0 0 0 0 0 0 0 0 0 0 0 0 0 0 0 0 0 1 0 0 0 0 0 0 0 0 0 0 0]
[7066871903422942808747543367903643260752083389990337433616177560595298380370692786650124155311486253744120559888214414371170942864971059862315675340731653155101261631997784190660748495018357861889497477972262459758747420386876117416427562378203997136444772110690240119754314718313286686302986104217464474695144772510947027686588554 0 0 0 0 0 0 0 0 0 0 0 0 0 0 0 0 0 0 0 0 0 0 0 0 0 0 0 0 0 0 0 0 0 0 0 0 0 0 0 0 0 0 0 0 0 0 0 0 0 0 0 0 0 0 0 0 0 0 0 0 0 0 0 0 0 0 0 0 0 0 0 0 0 0 0 0 0 0 0 0 0 0 0 0 0 0 0 0 0 0 0 0 0 0 0 0 0 0 1 0 0 0 0 0 0 0 0 0 0]
[2177041588025829030680480665871266391600298914075230868868083228353950565036796942509702166852790055924441469856092309136705418956206255550635773444373534811309048369420610664498785320187203291578667530342741652186571995522706129256448373283668437035565549430346706660669533229877083531894233682481183670718008241734107534874416134 0 0 0 0 0 0 0 0 0 0 0 0 0 0 0 0 0 0 0 0 0 0 0 0 0 0 0 0 0 0 0 0 0 0 0 0 0 0 0 0 0 0 0 0 0 0 0 0 0 0 0 0 0 0 0 0 0 0 0 0 0 0 0 0 0 0 0 0 0 0 0 0 0 0 0 0 0 0 0 0 0 0 0 0 0 0 0 0 0 0 0 0 0 0 0 0 0 0 0 1 0 0 0 0 0 0 0 0 0]
[2871044550880234289266294781095857756680586306686964850486743633476176954896370425161806537039930694166762181050186284817776116516245080730222908266941152493725537628555264093822758208354527597926805858968506237496410735546259779066268935420347962303553893163047175276891629301749662016715376034720485697471543408900873087492320954 0 0 0 0 0 0 0 0 0 0 0 0 0 0 0 0 0 0 0 0 0 0 0 0 0 0 0 0 0 0 0 0 0 0 0 0 0 0 0 0 0 0 0 0 0 0 0 0 0 0 0 0 0 0 0 0 0 0 0 0 0 0 0 0 0 0 0 0 0 0 0 0 0 0 0 0 0 0 0 0 0 0 0 0 0 0 0 0 0 0 0 0 0 0 0 0 0 0 0 0 1 0 0 0 0 0 0 0 0]
[1682393369383606964377266034205507569772549503284829013762996368628689632501567124354091917512342088462432969626916479803803981597768777907907449487983388569262179128307719286177243564025783993589814748144690369419555827643149199574064974950329521479771958117101485696564410215336806543195277438787839426765368312655199283623100612 0 0 0 0 0 0 0 0 0 0 0 0 0 0 0 0 0 0 0 0 0 0 0 0 0 0 0 0 0 0 0 0 0 0 0 0 0 0 0 0 0 0 0 0 0 0 0 0 0 0 0 0 0 0 0 0 0 0 0 0 0 0 0 0 0 0 0 0 0 0 0 0 0 0 0 0 0 0 0 0 0 0 0 0 0 0 0 0 0 0 0 0 0 0 0 0 0 0 0 0 0 1 0 0 0 0 0 0 0]
[3701341868990635526373680416017614382221016651369085980086152045147340756829526180783913702068147040360523762381246036640125630164578354399954745110949516170998510356852232270847774855199548564841156427348984195529168553382094780670330136170324460072346946245053767100434524422217518407203029488625109618624093223141932397469194462 0 0 0 0 0 0 0 0 0 0 0 0 0 0 0 0 0 0 0 0 0 0 0 0 0 0 0 0 0 0 0 0 0 0 0 0 0 0 0 0 0 0 0 0 0 0 0 0 0 0 0 0 0 0 0 0 0 0 0 0 0 0 0 0 0 0 0 0 0 0 0 0 0 0 0 0 0 0 0 0 0 0 0 0 0 0 0 0 0 0 0 0 0 0 0 0 0 0 0 0 0 0 1 0 0 0 0 0 0]
[59109381068889951763245156180694225961228720325616221148673565612029088485923413614486299053197589649573462924688556932890094297945123328342242844428091923538840125173214370267914634430361588886086108408294481666873866926309687980049032742763845094093553436163300689402122132880073651507122781726125443453457283419619741990161977 0 0 0 0 0 0 0 0 0 0 0 0 0 0 0 0 0 0 0 0 0 0 0 0 0 0 0 0 0 0 0 0 0 0 0 0 0 0 0 0 0 0 0 0 0 0 0 0 0 0 0 0 0 0 0 0 0 0 0 0 0 0 0 0 0 0 0 0 0 0 0 0 0 0 0 0 0 0 0 0 0 0 0 0 0 0 0 0 0 0 0 0 0 0 0 0 0 0 0 0 0 0 0 1 0 0 0 0 0]
[6268529140457669205317651327223470954460816994591350962374377902943973505371926036019348791596484508428192272457883423293974678116687861468290803905852091555940677285957693286733491931209319804090743237013127481768299799909449498087705507534605054941391581344123093382029271147133500044300023821397398923536691095716540089202562987 0 0 0 0 0 0 0 0 0 0 0 0 0 0 0 0 0 0 0 0 0 0 0 0 0 0 0 0 0 0 0 0 0 0 0 0 0 0 0 0 0 0 0 0 0 0 0 0 0 0 0 0 0 0 0 0 0 0 0 0 0 0 0 0 0 0 0 0 0 0 0 0 0 0 0 0 0 0 0 0 0 0 0 0 0 0 0 0 0 0 0 0 0 0 0 0 0 0 0 0 0 0 0 0 1 0 0 0 0]
[4460499144972852209147608580595746841955285330368458387758844488197559662240989846964450321055384217210482283753282471475916260887777251001519431333853010019759632723385085074081708860928180846095277602639851147556246467478634123747273400598258696512406403235682146698208298112954254665158886384923828813458710075478239423325420594 0 0 0 0 0 0 0 0 0 0 0 0 0 0 0 0 0 0 0 0 0 0 0 0 0 0 0 0 0 0 0 0 0 0 0 0 0 0 0 0 0 0 0 0 0 0 0 0 0 0 0 0 0 0 0 0 0 0 0 0 0 0 0 0 0 0 0 0 0 0 0 0 0 0 0 0 0 0 0 0 0 0 0 0 0 0 0 0 0 0 0 0 0 0 0 0 0 0 0 0 0 0 0 0 0 1 0 0 0]
[6940010599014711984041034902552357212717973143484419220734709164990178344354147364488962577232473412343977611523805891038246278565525910417914672268863832302263011999340374743933960585825998442038795177310615307640238829314749575582249983865260250561955805099034784010809129605173007020521603657686996650132241438569529279566956881 0 0 0 0 0 0 0 0 0 0 0 0 0 0 0 0 0 0 0 0 0 0 0 0 0 0 0 0 0 0 0 0 0 0 0 0 0 0 0 0 0 0 0 0 0 0 0 0 0 0 0 0 0 0 0 0 0 0 0 0 0 0 0 0 0 0 0 0 0 0 0 0 0 0 0 0 0 0 0 0 0 0 0 0 0 0 0 0 0 0 0 0 0 0 0 0 0 0 0 0 0 0 0 0 0 0 1 0 0]
[1929119610894933776080220483565951474814218709268967864257058162585078448624687350535215058258071239121238967778568266351627417150170283895666856107781718738017976766972971048158076814381987600044443837434540351535932449124947627532571368462535145538942366856436058428542580112712923509509033982807561194118693562816619901918141935 0 0 0 0 0 0 0 0 0 0 0 0 0 0 0 0 0 0 0 0 0 0 0 0 0 0 0 0 0 0 0 0 0 0 0 0 0 0 0 0 0 0 0 0 0 0 0 0 0 0 0 0 0 0 0 0 0 0 0 0 0 0 0 0 0 0 0 0 0 0 0 0 0 0 0 0 0 0 0 0 0 0 0 0 0 0 0 0 0 0 0 0 0 0 0 0 0 0 0 0 0 0 0 0 0 0 0 1 0]
[285034141460509488432864004767158909552144385262804902847270612393082359027478701934855783134976430455260234799542871289945026794931544593844258304557084507047413652654626690969981467314612365971029155567954570089531008586986744967484623329365768911946046603373223524328494182596870219401050934679770596950557817012143720824849376 0 0 0 0 0 0 0 0 0 0 0 0 0 0 0 0 0 0 0 0 0 0 0 0 0 0 0 0 0 0 0 0 0 0 0 0 0 0 0 0 0 0 0 0 0 0 0 0 0 0 0 0 0 0 0 0 0 0 0 0 0 0 0 0 0 0 0 0 0 0 0 0 0 0 0 0 0 0 0 0 0 0 0 0 0 0 0 0 0 0 0 0 0 0 0 0 0 0 0 0 0 0 0 0 0 0 0 0 1]
]
