[[8038938689854742040542373964832091586417409206263177931029529251488886221856798404704974396821219554835335355062093374841045704155520071996203410226059421345222500839490395452128500977434731002982872542248196900210788570056754274786217601597898458161509613357040011249295960804385822349817 0 0 0 0 0 0 0 0 0 0 0 0 0 0 0 0 0 0 0 0 0 0 0 0 0 0 0 0 0 0 0 0 0 0 0 0 0 0 0 0 0 0 0 0 0 0 0 0 0 0 0 0 0 0 0 0 0 0 0 0 0 0 0 0 0 0 0 0 0 0 0 0 0 0 0 0 0 0 0 0 0 0 0 0 0 0 0 0 0 0 0 0 0 0 0]
[5664006025353891697649560467774694974078878647274114622577734320934093492689915282023564695838222306620125261007240961153443726664136114252771243923888012095375255949706405739854176949584992490676835064386181560724050780516413582164216867097865074088843821442481598762077140363672067552766 1 0 0 0 0 0 0 0 0 0 0 0 0 0 0 0 0 0 0 0 0 0 0 0 0 0 0 0 0 0 0 0 0 0 0 0 0 0 0 0 0 0 0 0 0 0 0 0 0 0 0 0 0 0 0 0 0 0 0 0 0 0 0 0 0 0 0 0 0 0 0 0 0 0 0 0 0 0 0 0 0 0 0 0 0 0 0 0 0 0 0 0 0 0 0]
[2828226599990095959788377652346994271443259632076646045275775491254993651206775552595131662814063840252087930826979570975212000567866427520699731183588086742718976952888281815504979951872892005397166244882728581212523235589910999883928592597492984142167961385024688051303938842893301293019 0 1 0 0 0 0 0 0 0 0 0 0 0 0 0 0 0 0 0 0 0 0 0 0 0 0 0 0 0 0 0 0 0 0 0 0 0 0 0 0 0 0 0 0 0 0 0 0 0 0 0 0 0 0 0 0 0 0 0 0 0 0 0 0 0 0 0 0 0 0 0 0 0 0 0 0 0 0 0 0 0 0 0 0 0 0 0 0 0 0 0 0 0 0 0]
[5450671474435475151819624233376462885088407701197507873604475806504043480370473915613305783342053231122312801764856560371186952726231234347894312465599573805875314191780516031827567461114710366728718241343585045175070168303861851200389065221443485948997723087186871716534044849724031796361 0 0 1 0 0 0 0 0 0 0 0 0 0 0 0 0 0 0 0 0 0 0 0 0 0 0 0 0 0 0 0 0 0 0 0 0 0 0 0 0 0 0 0 0 0 0 0 0 0 0 0 0 0 0 0 0 0 0 0 0 0 0 0 0 0 0 0 0 0 0 0 0 0 0 0 0 0 0 0 0 0 0 0 0 0 0 0 0 0 0 0 0 0 0 0]
[7220450718689284871937070658606863803171414841250997047744065283157131080402072347670251588362622288943993942461221949637194821755766162633877702306017029694365652455512987425496378462890494538703268658705592125849303429180376775397315266180361091502386032944167465545607974333991778532044 0 0 0 1 0 0 0 0 0 0 0 0 0 0 0 0 0 0 0 0 0 0 0 0 0 0 0 0 0 0 0 0 0 0 0 0 0 0 0 0 0 0 0 0 0 0 0 0 0 0 0 0 0 0 0 0 0 0 0 0 0 0 0 0 0 0 0 0 0 0 0 0 0 0 0 0 0 0 0 0 0 0 0 0 0 0 0 0 0 0 0 0 0 0 0]
[2095024044423862766678819512809288419187926168775944414148119087714605758425157791887235240252270507645590500501474908751477425465426566419169509267057868452083142728098548130694226234838320404503705592694245812350699788371716888541799561472235946819578152306962651105854502775447456506541 0 0 0 0 1 0 0 0 0 0 0 0 0 0 0 0 0 0 0 0 0 0 0 0 0 0 0 0 0 0 0 0 0 0 0 0 0 0 0 0 0 0 0 0 0 0 0 0 0 0 0 0 0 0 0 0 0 0 0 0 0 0 0 0 0 0 0 0 0 0 0 0 0 0 0 0 0 0 0 0 0 0 0 0 0 0 0 0 0 0 0 0 0 0 0]
[3317204017349739560963417175951990588637137471437684309512893346985438996630864939947906581673277143828137289528712778775409207196786177158101311227605401180930162368188603248002034286207991081720842629883132210143455614018285280195598285223684007483194701033521056388730881929104720511760 0 0 0 0 0 1 0 0 0 0 0 0 0 0 0 0 0 0 0 0 0 0 0 0 0 0 0 0 0 0 0 0 0 0 0 0 0 0 0 0 0 0 0 0 0 0 0 0 0 0 0 0 0 0 0 0 0 0 0 0 0 0 0 0 0 0 0 0 0 0 0 0 0 0 0 0 0 0 0 0 0 0 0 0 0 0 0 0 0 0 0 0 0 0 0]
[3361347459096048627978453237043121125631544375395110093650980357454325183354313297671383398471739437343430266839473240209095209394596862439422025518768953538356131611218380963172083193577201111495518311729135599913334427196523294913638773793923412666752154764022055568989046594289705921310 0 0 0 0 0 0 1 0 0 0 0 0 0 0 0 0 0 0 0 0 0 0 0 0 0 0 0 0 0 0 0 0 0 0 0 0 0 0 0 0 0 0 0 0 0 0 0 0 0 0 0 0 0 0 0 0 0 0 0 0 0 0 0 0 0 0 0 0 0 0 0 0 0 0 0 0 0 0 0 0 0 0 0 0 0 0 0 0 0 0 0 0 0 0 0]
[4097996705062527246741145135213518383267131370774742837139405290347941868076347179043991784965654308956349896053510892402585355956392067417434662250715081936598272972489860982824174471906540910950677005453974464458595192316245151266792633650979202796289910098588150040956976008455212897610 0 0 0 0 0 0 0 1 0 0 0 0 0 0 0 0 0 0 0 0 0 0 0 0 0 0 0 0 0 0 0 0 0 0 0 0 0 0 0 0 0 0 0 0 0 0 0 0 0 0 0 0 0 0 0 0 0 0 0 0 0 0 0 0 0 0 0 0 0 0 0 0 0 0 0 0 0 0 0 0 0 0 0 0 0 0 0 0 0 0 0 0 0 0 0]
[3985092505361662020477784478731398497510431086719879764995840927608816218937805368438795570894122624484790365531185591439147128732036098406556026385123530604357660579098590878795445336784917841182746154236546623363514133617073467958116101547940168615887059502643180592647920036753313976074 0 0 0 0 0 0 0 0 1 0 0 0 0 0 0 0 0 0 0 0 0 0 0 0 0 0 0 0 0 0 0 0 0 0 0 0 0 0 0 0 0 0 0 0 0 0 0 0 0 0 0 0 0 0 0 0 0 0 0 0 0 0 0 0 0 0 0 0 0 0 0 0 0 0 0 0 0 0 0 0 0 0 0 0 0 0 0 0 0 0 0 0 0 0 0]
[7198748458497549268677418541304984836358094111268819616894177202087004854848157860413969887691671831513542237510503388611934968164249168422398306084629615599059357458710320041319875775174997273470311891320258934686427627654635736397699282355521963319225742992987592936974148206107088476807 0 0 0 0 0 0 0 0 0 1 0 0 0 0 0 0 0 0 0 0 0 0 0 0 0 0 0 0 0 0 0 0 0 0 0 0 0 0 0 0 0 0 0 0 0 0 0 0 0 0 0 0 0 0 0 0 0 0 0 0 0 0 0 0 0 0 0 0 0 0 0 0 0 0 0 0 0 0 0 0 0 0 0 0 0 0 0 0 0 0 0 0 0 0 0]
[1954330491328679819187228250610062144575057147023339530758234619400691927566821193409392488490662293417842292338812066907170990817380146655852484093966756128556670521170524501752243903921923910434646363489631978579246314378618557069781667700780294048922415749228452810950889032535285057207 0 0 0 0 0 0 0 0 0 0 1 0 0 0 0 0 0 0 0 0 0 0 0 0 0 0 0 0 0 0 0 0 0 0 0 0 0 0 0 0 0 0 0 0 0 0 0 0 0 0 0 0 0 0 0 0 0 0 0 0 0 0 0 0 0 0 0 0 0 0 0 0 0 0 0 0 0 0 0 0 0 0 0 0 0 0 0 0 0 0 0 0 0 0 0]
[6543339522644036237140896499776299000505309745616868153198404543996137443713669337746206070518732342184924842225516469375448948740586065171388379530208777402782166845093163415917623078100564341567419809731848860732366175778586804819801668578689871319145474243671069394373911176715005703877 0 0 0 0 0 0 0 0 0 0 0 1 0 0 0 0 0 0 0 0 0 0 0 0 0 0 0 0 0 0 0 0 0 0 0 0 0 0 0 0 0 0 0 0 0 0 0 0 0 0 0 0 0 0 0 0 0 0 0 0 0 0 0 0 0 0 0 0 0 0 0 0 0 0 0 0 0 0 0 0 0 0 0 0 0 0 0 0 0 0 0 0 0 0 0]
[4562194385393303554123188468549754531570284180223467125342324689518049607323910591612024115835998450733882853105693521997849076491746741799258604312038487041913152252552466923744497206527720682067709416305904301034188110519509451597705479430148912624547515512739683214199822103412562584179 0 0 0 0 0 0 0 0 0 0 0 0 1 0 0 0 0 0 0 0 0 0 0 0 0 0 0 0 0 0 0 0 0 0 0 0 0 0 0 0 0 0 0 0 0 0 0 0 0 0 0 0 0 0 0 0 0 0 0 0 0 0 0 0 0 0 0 0 0 0 0 0 0 0 0 0 0 0 0 0 0 0 0 0 0 0 0 0 0 0 0 0 0 0 0]
[4879548384177809879317436627852229314179438893000784951573630931789329308038480697398456617230045000454463103296685166713411411608139858856511079233776182114421833505022236766952854486071294323419778896816146824400354333113494898765830088514210346548994625805390827299273526099426832142416 0 0 0 0 0 0 0 0 0 0 0 0 0 1 0 0 0 0 0 0 0 0 0 0 0 0 0 0 0 0 0 0 0 0 0 0 0 0 0 0 0 0 0 0 0 0 0 0 0 0 0 0 0 0 0 0 0 0 0 0 0 0 0 0 0 0 0 0 0 0 0 0 0 0 0 0 0 0 0 0 0 0 0 0 0 0 0 0 0 0 0 0 0 0 0]
[7845374999847522287162421052713055558648786706779995571928305717427515786133480250225117429530786063759616995922044589586337146058866480558153348162209369026763082930887591412389927584154537129151281751938813890803331207544333653328434203134065379479403321346766750184862042840093578380432 0 0 0 0 0 0 0 0 0 0 0 0 0 0 1 0 0 0 0 0 0 0 0 0 0 0 0 0 0 0 0 0 0 0 0 0 0 0 0 0 0 0 0 0 0 0 0 0 0 0 0 0 0 0 0 0 0 0 0 0 0 0 0 0 0 0 0 0 0 0 0 0 0 0 0 0 0 0 0 0 0 0 0 0 0 0 0 0 0 0 0 0 0 0 0]
[72521841978119258225518941548826097110588015041843168559538103625722635638513881689281293639597393409329796599250503600554369956450469367306178528992673217733953052867537452987277359916141094647163113613458360794504782070094531386802287510048536439678812569066886454746810959265940741170 0 0 0 0 0 0 0 0 0 0 0 0 0 0 0 1 0 0 0 0 0 0 0 0 0 0 0 0 0 0 0 0 0 0 0 0 0 0 0 0 0 0 0 0 0 0 0 0 0 0 0 0 0 0 0 0 0 0 0 0 0 0 0 0 0 0 0 0 0 0 0 0 0 0 0 0 0 0 0 0 0 0 0 0 0 0 0 0 0 0 0 0 0 0 0]
[6437695312944416461271939352112274819766454989441488096554211923919551564922846849307279618428807303934743746495250422639741021335036905801763865245900993842994838157873016143074505911761389508462938416206903049122267107635824171289611423474225017603962650662692275708273282456502649265238 0 0 0 0 0 0 0 0 0 0 0 0 0 0 0 0 1 0 0 0 0 0 0 0 0 0 0 0 0 0 0 0 0 0 0 0 0 0 0 0 0 0 0 0 0 0 0 0 0 0 0 0 0 0 0 0 0 0 0 0 0 0 0 0 0 0 0 0 0 0 0 0 0 0 0 0 0 0 0 0 0 0 0 0 0 0 0 0 0 0 0 0 0 0 0]
[8549104196398883907321989614395447265269843706679320071960329923700859581970623600203505911836349960624833657662230193869033635970349589418204892629509014513457828053772423781770348518713388738312097481124435651222546796978432968981096203840340020868593395078349158551498571680960843253 0 0 0 0 0 0 0 0 0 0 0 0 0 0 0 0 0 1 0 0 0 0 0 0 0 0 0 0 0 0 0 0 0 0 0 0 0 0 0 0 0 0 0 0 0 0 0 0 0 0 0 0 0 0 0 0 0 0 0 0 0 0 0 0 0 0 0 0 0 0 0 0 0 0 0 0 0 0 0 0 0 0 0 0 0 0 0 0 0 0 0 0 0 0 0]
[554111744148364176745551965582736017206031489738984205241791897450513441819507382923750274354968953561415747518041982862623419752521531027134244942993349357663481920031782062431019057559224999240207123906741854885466943412925560391362986885581445787375204580439204327180858136988829506895 0 0 0 0 0 0 0 0 0 0 0 0 0 0 0 0 0 0 1 0 0 0 0 0 0 0 0 0 0 0 0 0 0 0 0 0 0 0 0 0 0 0 0 0 0 0 0 0 0 0 0 0 0 0 0 0 0 0 0 0 0 0 0 0 0 0 0 0 0 0 0 0 0 0 0 0 0 0 0 0 0 0 0 0 0 0 0 0 0 0 0 0 0 0 0]
[4279383525442667205711634544316041400445072539549119728611133487562221778016366146066300141019424315030974206041150410016214479558565375316066355248486198807404432747399625543812491515075899523022487461503302881905856876398522273232375543996287078858732248455108854025352352293237817145137 0 0 0 0 0 0 0 0 0 0 0 0 0 0 0 0 0 0 0 1 0 0 0 0 0 0 0 0 0 0 0 0 0 0 0 0 0 0 0 0 0 0 0 0 0 0 0 0 0 0 0 0 0 0 0 0 0 0 0 0 0 0 0 0 0 0 0 0 0 0 0 0 0 0 0 0 0 0 0 0 0 0 0 0 0 0 0 0 0 0 0 0 0 0 0]
[2776745843072790864991018487242743510367595433615778326490447137809207164219497044567656416353364263651148148411880518911941697684920317526266320726628453384836327505331570909220256927135284255841969153418574189796367060753766381803077198389840199135108920893033556969990495159865579181197 0 0 0 0 0 0 0 0 0 0 0 0 0 0 0 0 0 0 0 0 1 0 0 0 0 0 0 0 0 0 0 0 0 0 0 0 0 0 0 0 0 0 0 0 0 0 0 0 0 0 0 0 0 0 0 0 0 0 0 0 0 0 0 0 0 0 0 0 0 0 0 0 0 0 0 0 0 0 0 0 0 0 0 0 0 0 0 0 0 0 0 0 0 0 0]
[6106867560108657429709177997736965251896938842100076909444492187866531993048788894667959976314298377654932029094578467470122267174128991281572184586304462103924550620727409453499754570400971629737579091217513675582864203408611295854758701077512893947442881275257035495518325606475945754492 0 0 0 0 0 0 0 0 0 0 0 0 0 0 0 0 0 0 0 0 0 1 0 0 0 0 0 0 0 0 0 0 0 0 0 0 0 0 0 0 0 0 0 0 0 0 0 0 0 0 0 0 0 0 0 0 0 0 0 0 0 0 0 0 0 0 0 0 0 0 0 0 0 0 0 0 0 0 0 0 0 0 0 0 0 0 0 0 0 0 0 0 0 0 0]
[5958320220764743216803537308932809328621624039969038722222429421608095361762595605642772304471939678951579735734816625081277766566113316323391235108226208004825633004885463786921398651834227927535266715080378763113339117464695986159249277085326442562987555634377120195097793062328228669412 0 0 0 0 0 0 0 0 0 0 0 0 0 0 0 0 0 0 0 0 0 0 1 0 0 0 0 0 0 0 0 0 0 0 0 0 0 0 0 0 0 0 0 0 0 0 0 0 0 0 0 0 0 0 0 0 0 0 0 0 0 0 0 0 0 0 0 0 0 0 0 0 0 0 0 0 0 0 0 0 0 0 0 0 0 0 0 0 0 0 0 0 0 0 0]
[328516249531646418339908465517472173119965250661086703731456743320610362035551211180350956045203918798465004450541376544712865963831455580219657329890435385034896388596360208360589854270719070426275292924619390725552846433649613352332856240693774775945747960576814888871765937657084783910 0 0 0 0 0 0 0 0 0 0 0 0 0 0 0 0 0 0 0 0 0 0 0 1 0 0 0 0 0 0 0 0 0 0 0 0 0 0 0 0 0 0 0 0 0 0 0 0 0 0 0 0 0 0 0 0 0 0 0 0 0 0 0 0 0 0 0 0 0 0 0 0 0 0 0 0 0 0 0 0 0 0 0 0 0 0 0 0 0 0 0 0 0 0 0]
[7319358617445281171535960326092743689379844222749764392894499353784193053493734118545333672517290391130051745516161922822987004789654748949594878053698998690955933228137706227056836514300787764169227664184633987497353895762112964985114746126364664649617970576513360377919838892765060321819 0 0 0 0 0 0 0 0 0 0 0 0 0 0 0 0 0 0 0 0 0 0 0 0 1 0 0 0 0 0 0 0 0 0 0 0 0 0 0 0 0 0 0 0 0 0 0 0 0 0 0 0 0 0 0 0 0 0 0 0 0 0 0 0 0 0 0 0 0 0 0 0 0 0 0 0 0 0 0 0 0 0 0 0 0 0 0 0 0 0 0 0 0 0 0]
[5090308502522903665387165606202308509190587605162008270289006560853750331895070839881456401869424603596311808316919314455184734427032335486647111339488745871018394157175301322658788436560064950110870651485839107465766026302782710230033059796194550315676163684851628632282726395932987198830 0 0 0 0 0 0 0 0 0 0 0 0 0 0 0 0 0 0 0 0 0 0 0 0 0 1 0 0 0 0 0 0 0 0 0 0 0 0 0 0 0 0 0 0 0 0 0 0 0 0 0 0 0 0 0 0 0 0 0 0 0 0 0 0 0 0 0 0 0 0 0 0 0 0 0 0 0 0 0 0 0 0 0 0 0 0 0 0 0 0 0 0 0 0 0]
[3897737893606520214928241575538708721993653170347446391508704189448964930333668148909068091829480940818334777312697990954211164019870923042323608957985045375359716367300463450641287676068293145831665267872998360354662045353195146800339740753072091227665706427281521076082165689715551265767 0 0 0 0 0 0 0 0 0 0 0 0 0 0 0 0 0 0 0 0 0 0 0 0 0 0 1 0 0 0 0 0 0 0 0 0 0 0 0 0 0 0 0 0 0 0 0 0 0 0 0 0 0 0 0 0 0 0 0 0 0 0 0 0 0 0 0 0 0 0 0 0 0 0 0 0 0 0 0 0 0 0 0 0 0 0 0 0 0 0 0 0 0 0 0]
[4809795299656370728872986027075208467812061898673132574717956001972529496810705845176792515897871813075428561440283335285787879352813670511072581236492575369077577362583004046023305210132949231760877753588888076907099840964849476896175874734352815114930094573491892057797975050410956710036 0 0 0 0 0 0 0 0 0 0 0 0 0 0 0 0 0 0 0 0 0 0 0 0 0 0 0 1 0 0 0 0 0 0 0 0 0 0 0 0 0 0 0 0 0 0 0 0 0 0 0 0 0 0 0 0 0 0 0 0 0 0 0 0 0 0 0 0 0 0 0 0 0 0 0 0 0 0 0 0 0 0 0 0 0 0 0 0 0 0 0 0 0 0 0]
[6095516080469984003472576956543928451479376364816347072835403673500642525034572254387131705830742849783885755512590025460439094984553970617642713224155633182785500972754032648209316655609880580854611259127853343626276018675558392609793594712740661764818903504111891846089987658345697770493 0 0 0 0 0 0 0 0 0 0 0 0 0 0 0 0 0 0 0 0 0 0 0 0 0 0 0 0 1 0 0 0 0 0 0 0 0 0 0 0 0 0 0 0 0 0 0 0 0 0 0 0 0 0 0 0 0 0 0 0 0 0 0 0 0 0 0 0 0 0 0 0 0 0 0 0 0 0 0 0 0 0 0 0 0 0 0 0 0 0 0 0 0 0 0]
[6219299401264271366265986775327546721436385552207530450125793706913621247069216488566084303508922118057365097141578938277930567702520003203425647508478229665095009759812236353389641047445533608980014103772479154266885455399511490461439261718739538819513422358143964412707349982501433232924 0 0 0 0 0 0 0 0 0 0 0 0 0 0 0 0 0 0 0 0 0 0 0 0 0 0 0 0 0 1 0 0 0 0 0 0 0 0 0 0 0 0 0 0 0 0 0 0 0 0 0 0 0 0 0 0 0 0 0 0 0 0 0 0 0 0 0 0 0 0 0 0 0 0 0 0 0 0 0 0 0 0 0 0 0 0 0 0 0 0 0 0 0 0 0]
[4860877186790858114900909469591976132823972971051852841890848381611518116373634970931102790483295661365693077503828022903062979315693531861320566716085855969914597911119644087020218022483756370290945213459847295424627928068855433841007828090553837834595252541062572862043508108517172914828 0 0 0 0 0 0 0 0 0 0 0 0 0 0 0 0 0 0 0 0 0 0 0 0 0 0 0 0 0 0 1 0 0 0 0 0 0 0 0 0 0 0 0 0 0 0 0 0 0 0 0 0 0 0 0 0 0 0 0 0 0 0 0 0 0 0 0 0 0 0 0 0 0 0 0 0 0 0 0 0 0 0 0 0 0 0 0 0 0 0 0 0 0 0 0]
[744617184753727795263768062072562892776939063683439615326884764389985736715832667117577332382775566952075690912237269906569968176813338768228632921915645768121966565627739443055055347927254652270052298922674772504938686103956473365024676820928354822036997130869661992708509209311161834162 0 0 0 0 0 0 0 0 0 0 0 0 0 0 0 0 0 0 0 0 0 0 0 0 0 0 0 0 0 0 0 1 0 0 0 0 0 0 0 0 0 0 0 0 0 0 0 0 0 0 0 0 0 0 0 0 0 0 0 0 0 0 0 0 0 0 0 0 0 0 0 0 0 0 0 0 0 0 0 0 0 0 0 0 0 0 0 0 0 0 0 0 0 0 0]
[5321722802574241001878861504911027778218979631641273865022872429458104191244444692417437065113272021100866720684604798574435332071736916352901025752353645616777198124940084441981959507956935072678916875064921570666352310946179540825086252287347395795922248223173320203241902456412363743631 0 0 0 0 0 0 0 0 0 0 0 0 0 0 0 0 0 0 0 0 0 0 0 0 0 0 0 0 0 0 0 0 1 0 0 0 0 0 0 0 0 0 0 0 0 0 0 0 0 0 0 0 0 0 0 0 0 0 0 0 0 0 0 0 0 0 0 0 0 0 0 0 0 0 0 0 0 0 0 0 0 0 0 0 0 0 0 0 0 0 0 0 0 0 0]
[4966602582590264884164461213262126585834741028386128151590212394011663346641223334401293210598733206892978833797474419951102639113451192496335722364488027791947738521453813655781215287677559108246290076858582166619812446809417074116536487284723173975926889061051290017304626917966660304215 0 0 0 0 0 0 0 0 0 0 0 0 0 0 0 0 0 0 0 0 0 0 0 0 0 0 0 0 0 0 0 0 0 1 0 0 0 0 0 0 0 0 0 0 0 0 0 0 0 0 0 0 0 0 0 0 0 0 0 0 0 0 0 0 0 0 0 0 0 0 0 0 0 0 0 0 0 0 0 0 0 0 0 0 0 0 0 0 0 0 0 0 0 0 0]
[2499518498202211610582131696611093032665663257508777838445361779185019662571237602558933152271291350811008363209985116952731603268289201215457442177410080288055180194774575162390214412058524845035072851245006518439616916503648213876513305079665614250142112026715673099965086257707572295213 0 0 0 0 0 0 0 0 0 0 0 0 0 0 0 0 0 0 0 0 0 0 0 0 0 0 0 0 0 0 0 0 0 0 1 0 0 0 0 0 0 0 0 0 0 0 0 0 0 0 0 0 0 0 0 0 0 0 0 0 0 0 0 0 0 0 0 0 0 0 0 0 0 0 0 0 0 0 0 0 0 0 0 0 0 0 0 0 0 0 0 0 0 0 0]
[7876517047637196423127683223367696791096033748522388115093305185948311514738188621571116155778245090150019748838147938110405575781012491609075269567840899750242711991812012768410120057572057496205863067034834102115882870713918560161681473376221297041787623310480521626047591628611561359637 0 0 0 0 0 0 0 0 0 0 0 0 0 0 0 0 0 0 0 0 0 0 0 0 0 0 0 0 0 0 0 0 0 0 0 1 0 0 0 0 0 0 0 0 0 0 0 0 0 0 0 0 0 0 0 0 0 0 0 0 0 0 0 0 0 0 0 0 0 0 0 0 0 0 0 0 0 0 0 0 0 0 0 0 0 0 0 0 0 0 0 0 0 0 0]
[3898396527755002714259638574563699076994073066072601079031058489122387115791936371682369797182272872039500040115605457939889694933057573526988082153199106088502302850927176749106019833950590899457019498196132537186418937091655208529124039720825745127844232236128688529703978495265379672624 0 0 0 0 0 0 0 0 0 0 0 0 0 0 0 0 0 0 0 0 0 0 0 0 0 0 0 0 0 0 0 0 0 0 0 0 1 0 0 0 0 0 0 0 0 0 0 0 0 0 0 0 0 0 0 0 0 0 0 0 0 0 0 0 0 0 0 0 0 0 0 0 0 0 0 0 0 0 0 0 0 0 0 0 0 0 0 0 0 0 0 0 0 0 0]
[7759598041615626716567268644891690360684330358791101822509881740246104535629155775428057088359454497267262797218815581128763170722443536001433502588183072041602806345845223329172191434168586750956943057444546587266346519350221132609522270469055342848247068319941592399900267808796947691780 0 0 0 0 0 0 0 0 0 0 0 0 0 0 0 0 0 0 0 0 0 0 0 0 0 0 0 0 0 0 0 0 0 0 0 0 0 1 0 0 0 0 0 0 0 0 0 0 0 0 0 0 0 0 0 0 0 0 0 0 0 0 0 0 0 0 0 0 0 0 0 0 0 0 0 0 0 0 0 0 0 0 0 0 0 0 0 0 0 0 0 0 0 0 0]
[2029912830111046948453140401933930139867400768893340069085385298913101666256257832250048066033278756913141414631972461628802451694320026905803728086464060951187335920316052140613224055136189137956521102409364124377124679277676665094047562366598221332892272849468571949998513236639747425853 0 0 0 0 0 0 0 0 0 0 0 0 0 0 0 0 0 0 0 0 0 0 0 0 0 0 0 0 0 0 0 0 0 0 0 0 0 0 1 0 0 0 0 0 0 0 0 0 0 0 0 0 0 0 0 0 0 0 0 0 0 0 0 0 0 0 0 0 0 0 0 0 0 0 0 0 0 0 0 0 0 0 0 0 0 0 0 0 0 0 0 0 0 0 0]
[5149797265714831591634028599850888313268159129632235609545292667724358026208749315946412228358992464401465313549254042502951779623063324349730686442810687895157962657800800267283759607583688447185711965773602881432448367328079718682776142620956400931275905479910259647436910973825756451376 0 0 0 0 0 0 0 0 0 0 0 0 0 0 0 0 0 0 0 0 0 0 0 0 0 0 0 0 0 0 0 0 0 0 0 0 0 0 0 1 0 0 0 0 0 0 0 0 0 0 0 0 0 0 0 0 0 0 0 0 0 0 0 0 0 0 0 0 0 0 0 0 0 0 0 0 0 0 0 0 0 0 0 0 0 0 0 0 0 0 0 0 0 0 0]
[5045921082646511760632038046078259874390104723771378994019553195441484497238195639191694255002644754430794041708015460563648761428477434432554075461904622168119489679877382255967693764366568474920991845901409310269685750626983064719992303158856753245205269919489010998078557336864307572239 0 0 0 0 0 0 0 0 0 0 0 0 0 0 0 0 0 0 0 0 0 0 0 0 0 0 0 0 0 0 0 0 0 0 0 0 0 0 0 0 1 0 0 0 0 0 0 0 0 0 0 0 0 0 0 0 0 0 0 0 0 0 0 0 0 0 0 0 0 0 0 0 0 0 0 0 0 0 0 0 0 0 0 0 0 0 0 0 0 0 0 0 0 0 0]
[4369753558837325433106427106669718684080586792557586488001417964510524851079961368447134783769201233054271306175045264699050219937396464827729332284303924257246302307664217877706411146048243788073589993027464037486770216944077833650852042468687758820300382851363950705315991412799941686739 0 0 0 0 0 0 0 0 0 0 0 0 0 0 0 0 0 0 0 0 0 0 0 0 0 0 0 0 0 0 0 0 0 0 0 0 0 0 0 0 0 1 0 0 0 0 0 0 0 0 0 0 0 0 0 0 0 0 0 0 0 0 0 0 0 0 0 0 0 0 0 0 0 0 0 0 0 0 0 0 0 0 0 0 0 0 0 0 0 0 0 0 0 0 0]
[5685070659686703944024708640936760690922962432304377462575594692887139617264957767396530020629697810987881271013429230789662709696281009117689452972259297207103957436441745137326076040176999750453608308487151691411905693742917304737489936589303454717404129392176096236672731638235032273854 0 0 0 0 0 0 0 0 0 0 0 0 0 0 0 0 0 0 0 0 0 0 0 0 0 0 0 0 0 0 0 0 0 0 0 0 0 0 0 0 0 0 1 0 0 0 0 0 0 0 0 0 0 0 0 0 0 0 0 0 0 0 0 0 0 0 0 0 0 0 0 0 0 0 0 0 0 0 0 0 0 0 0 0 0 0 0 0 0 0 0 0 0 0 0]
[1178107179435998640634487865304606710735129667861352041075437319088684280214494080462383449213095916035877638128199937464929229233588307174070221005295266407556253033753736288438024487309283547663405228476217356592067578769740291953838221072547429623339297027680307301351229050493754276457 0 0 0 0 0 0 0 0 0 0 0 0 0 0 0 0 0 0 0 0 0 0 0 0 0 0 0 0 0 0 0 0 0 0 0 0 0 0 0 0 0 0 0 1 0 0 0 0 0 0 0 0 0 0 0 0 0 0 0 0 0 0 0 0 0 0 0 0 0 0 0 0 0 0 0 0 0 0 0 0 0 0 0 0 0 0 0 0 0 0 0 0 0 0 0]
[4797434002790724273349330733963036566755234153520094612983899814383607165047443371752305354495061299458111175508447829867761457474658486335469444294736529203062416739452895726738617861785403615278867444931942327354786666560146079914755577429585157185688856249221038187539146746202820343321 0 0 0 0 0 0 0 0 0 0 0 0 0 0 0 0 0 0 0 0 0 0 0 0 0 0 0 0 0 0 0 0 0 0 0 0 0 0 0 0 0 0 0 0 1 0 0 0 0 0 0 0 0 0 0 0 0 0 0 0 0 0 0 0 0 0 0 0 0 0 0 0 0 0 0 0 0 0 0 0 0 0 0 0 0 0 0 0 0 0 0 0 0 0 0]
[2369043668616178592688520737546859441857153530163039274757155001773405284222866395266868673429669640189280208119849701239204442200308920098298999929212992684774680554436596541419933064395894523246406297194301545804867928388758930262115333633796827130965396100505962846276325522486952218552 0 0 0 0 0 0 0 0 0 0 0 0 0 0 0 0 0 0 0 0 0 0 0 0 0 0 0 0 0 0 0 0 0 0 0 0 0 0 0 0 0 0 0 0 0 1 0 0 0 0 0 0 0 0 0 0 0 0 0 0 0 0 0 0 0 0 0 0 0 0 0 0 0 0 0 0 0 0 0 0 0 0 0 0 0 0 0 0 0 0 0 0 0 0 0]
[4895456951733118944912195103118543985857930906219128108025048203767416688069150793677477347362882618603702138646100830241231873241826795605190287839998531719693704838259981437273032228264316200606781430654457046005130456348571076984420885153522312459278878376522556038848544833418346604252 0 0 0 0 0 0 0 0 0 0 0 0 0 0 0 0 0 0 0 0 0 0 0 0 0 0 0 0 0 0 0 0 0 0 0 0 0 0 0 0 0 0 0 0 0 0 1 0 0 0 0 0 0 0 0 0 0 0 0 0 0 0 0 0 0 0 0 0 0 0 0 0 0 0 0 0 0 0 0 0 0 0 0 0 0 0 0 0 0 0 0 0 0 0 0]
[7865614341358414167736009839278540290509759514697001919754503481959912582008679793050826887745272670291178462735421185310251194363838324252656598633674887937105738512753521390375500318599185753778887175796555572542489905819020734081235710521088002911359887904372004276758400998350483354555 0 0 0 0 0 0 0 0 0 0 0 0 0 0 0 0 0 0 0 0 0 0 0 0 0 0 0 0 0 0 0 0 0 0 0 0 0 0 0 0 0 0 0 0 0 0 0 1 0 0 0 0 0 0 0 0 0 0 0 0 0 0 0 0 0 0 0 0 0 0 0 0 0 0 0 0 0 0 0 0 0 0 0 0 0 0 0 0 0 0 0 0 0 0 0]
[4685151525625959954433781171681471766996825770520221537341603955572366005941744641171341526142910883989830190594067519476941509588459335245342009567711266470886714796381643546184981342642115869493124024193162117261661803440901058762609071946952615288457891474322474205820037346145500241624 0 0 0 0 0 0 0 0 0 0 0 0 0 0 0 0 0 0 0 0 0 0 0 0 0 0 0 0 0 0 0 0 0 0 0 0 0 0 0 0 0 0 0 0 0 0 0 0 1 0 0 0 0 0 0 0 0 0 0 0 0 0 0 0 0 0 0 0 0 0 0 0 0 0 0 0 0 0 0 0 0 0 0 0 0 0 0 0 0 0 0 0 0 0 0]
[2463760669461121280228932738029501443617503103821973681933069958623083352578597583571108861856816173161840006661818176564929340335080890900694373228669787223320454205379935847357338432903838528222537003578478531917335408831039049061469830572553819943145586361564779618130112636996085877293 0 0 0 0 0 0 0 0 0 0 0 0 0 0 0 0 0 0 0 0 0 0 0 0 0 0 0 0 0 0 0 0 0 0 0 0 0 0 0 0 0 0 0 0 0 0 0 0 0 1 0 0 0 0 0 0 0 0 0 0 0 0 0 0 0 0 0 0 0 0 0 0 0 0 0 0 0 0 0 0 0 0 0 0 0 0 0 0 0 0 0 0 0 0 0]
[5896658677677173742303028588670076454028740951296023415085955345117670722003720291699457414998174553822718156520665035234965102012354437647761432326700401197540529259364665115774756600195471967670509955765082136761755902003225224223090763196883649087720761987412787103279502107268774871604 0 0 0 0 0 0 0 0 0 0 0 0 0 0 0 0 0 0 0 0 0 0 0 0 0 0 0 0 0 0 0 0 0 0 0 0 0 0 0 0 0 0 0 0 0 0 0 0 0 0 1 0 0 0 0 0 0 0 0 0 0 0 0 0 0 0 0 0 0 0 0 0 0 0 0 0 0 0 0 0 0 0 0 0 0 0 0 0 0 0 0 0 0 0 0]
[210693139880549850949772167579335695570883062753947526147190074951012482732875403312092693040910793022518180785651159464844684894318580567505231946312577120084606268014652509542898289871594737403623545915139143566212761950995914854249336710081803882228278654809727990596856860913500390062 0 0 0 0 0 0 0 0 0 0 0 0 0 0 0 0 0 0 0 0 0 0 0 0 0 0 0 0 0 0 0 0 0 0 0 0 0 0 0 0 0 0 0 0 0 0 0 0 0 0 0 1 0 0 0 0 0 0 0 0 0 0 0 0 0 0 0 0 0 0 0 0 0 0 0 0 0 0 0 0 0 0 0 0 0 0 0 0 0 0 0 0 0 0 0]
[823420013081357563484423963713237526768501671803631759875007525915662269873613174315803257838640676545878872889891502327395936090864915136195663887117247967713782008726660354457552795139307170323021072582250862502753464824204319100363028187175196028520321911156790730088143604493800001412 0 0 0 0 0 0 0 0 0 0 0 0 0 0 0 0 0 0 0 0 0 0 0 0 0 0 0 0 0 0 0 0 0 0 0 0 0 0 0 0 0 0 0 0 0 0 0 0 0 0 0 0 1 0 0 0 0 0 0 0 0 0 0 0 0 0 0 0 0 0 0 0 0 0 0 0 0 0 0 0 0 0 0 0 0 0 0 0 0 0 0 0 0 0 0]
[1173935519361882366300222242208988850021479271934466184579147384158171070491084280252622809354873641861848701450907245779669809673456183102018337807917350421797186454029831380649935777146364059480703919004161466272673037726926013508314797145282620186084686655926354217012127884716231402900 0 0 0 0 0 0 0 0 0 0 0 0 0 0 0 0 0 0 0 0 0 0 0 0 0 0 0 0 0 0 0 0 0 0 0 0 0 0 0 0 0 0 0 0 0 0 0 0 0 0 0 0 0 1 0 0 0 0 0 0 0 0 0 0 0 0 0 0 0 0 0 0 0 0 0 0 0 0 0 0 0 0 0 0 0 0 0 0 0 0 0 0 0 0 0]
[7762294649945652498750683628878889897385030967253312723957710674510401410885715948729036378855885917890793226277064253773222592134586651177516667902795482532866116648903835523178034240456703780370743030214363975570055386588662917308911476584151890925739939500962502319469986788105288080237 0 0 0 0 0 0 0 0 0 0 0 0 0 0 0 0 0 0 0 0 0 0 0 0 0 0 0 0 0 0 0 0 0 0 0 0 0 0 0 0 0 0 0 0 0 0 0 0 0 0 0 0 0 0 1 0 0 0 0 0 0 0 0 0 0 0 0 0 0 0 0 0 0 0 0 0 0 0 0 0 0 0 0 0 0 0 0 0 0 0 0 0 0 0 0]
[4652691689916596413330190265022457585847941780843854012136716672488468115557557988937468545001465578263432553727650049498561365622839839192325538601893049417858653361228316081050876956145403573957603032850113753614161444655528594312938446724129643069300234666925160722815948164291579863601 0 0 0 0 0 0 0 0 0 0 0 0 0 0 0 0 0 0 0 0 0 0 0 0 0 0 0 0 0 0 0 0 0 0 0 0 0 0 0 0 0 0 0 0 0 0 0 0 0 0 0 0 0 0 0 1 0 0 0 0 0 0 0 0 0 0 0 0 0 0 0 0 0 0 0 0 0 0 0 0 0 0 0 0 0 0 0 0 0 0 0 0 0 0 0]
[1487875087106650481264685787221799061074533821678557672350101408783072258546074853491668916153125479943449731328251391118636057547711018665714835557969554874899720757604873436300561769884657543440991595558993580323580009178459450604906746876821129650138946403147013340804111575584756124967 0 0 0 0 0 0 0 0 0 0 0 0 0 0 0 0 0 0 0 0 0 0 0 0 0 0 0 0 0 0 0 0 0 0 0 0 0 0 0 0 0 0 0 0 0 0 0 0 0 0 0 0 0 0 0 0 1 0 0 0 0 0 0 0 0 0 0 0 0 0 0 0 0 0 0 0 0 0 0 0 0 0 0 0 0 0 0 0 0 0 0 0 0 0 0]
[1898374579601238138521202086164343093445223063492664590525927023491543088318804394953167860422380539959392744569296484125933100929350378144362015639121639494195421027472038085857577659558719035106153088312198923979459238677364703913188726845626734073562649204956236470248205356166160013582 0 0 0 0 0 0 0 0 0 0 0 0 0 0 0 0 0 0 0 0 0 0 0 0 0 0 0 0 0 0 0 0 0 0 0 0 0 0 0 0 0 0 0 0 0 0 0 0 0 0 0 0 0 0 0 0 0 1 0 0 0 0 0 0 0 0 0 0 0 0 0 0 0 0 0 0 0 0 0 0 0 0 0 0 0 0 0 0 0 0 0 0 0 0 0]
[1028588304354099633033204374619514915596935063156103541661817536492382516565237183632731376314643161428068229347730992779183254640956844930462722416386765400731629462863512130263963517625475972655779007525761264446144636821863245979463563576963233789806627880580887609108775017930144221940 0 0 0 0 0 0 0 0 0 0 0 0 0 0 0 0 0 0 0 0 0 0 0 0 0 0 0 0 0 0 0 0 0 0 0 0 0 0 0 0 0 0 0 0 0 0 0 0 0 0 0 0 0 0 0 0 0 0 1 0 0 0 0 0 0 0 0 0 0 0 0 0 0 0 0 0 0 0 0 0 0 0 0 0 0 0 0 0 0 0 0 0 0 0 0]
[5507430981662925221698672851426816766172351321861494245599245467816435748175451793076062490286650447820968511896502473061961597257500396003676130718908701485858510328446134539497675752381516681627287984784970754015400524597036221926022864095878498047912898039015364279788965003425379049544 0 0 0 0 0 0 0 0 0 0 0 0 0 0 0 0 0 0 0 0 0 0 0 0 0 0 0 0 0 0 0 0 0 0 0 0 0 0 0 0 0 0 0 0 0 0 0 0 0 0 0 0 0 0 0 0 0 0 0 1 0 0 0 0 0 0 0 0 0 0 0 0 0 0 0 0 0 0 0 0 0 0 0 0 0 0 0 0 0 0 0 0 0 0 0]
[2711666190266125337818267011501443578047467851162957824206416204998035469480200696293563428483481798906955269156800505737123568078444869025976795299179871285771352501261935592848304702997256494970772281021201548524728630147367850768739451099175129362681883589628288819730126841941309633677 0 0 0 0 0 0 0 0 0 0 0 0 0 0 0 0 0 0 0 0 0 0 0 0 0 0 0 0 0 0 0 0 0 0 0 0 0 0 0 0 0 0 0 0 0 0 0 0 0 0 0 0 0 0 0 0 0 0 0 0 1 0 0 0 0 0 0 0 0 0 0 0 0 0 0 0 0 0 0 0 0 0 0 0 0 0 0 0 0 0 0 0 0 0 0]
[4622761472330437586311796314243410184577924856060837761022112196752404035255700353222744462040861872945010461111751704157373845728029797806066218238615738916585698885977174556569311227904400335075627043127616916436613040310915095819072566103462010752852877958799261845210900949450125957168 0 0 0 0 0 0 0 0 0 0 0 0 0 0 0 0 0 0 0 0 0 0 0 0 0 0 0 0 0 0 0 0 0 0 0 0 0 0 0 0 0 0 0 0 0 0 0 0 0 0 0 0 0 0 0 0 0 0 0 0 0 1 0 0 0 0 0 0 0 0 0 0 0 0 0 0 0 0 0 0 0 0 0 0 0 0 0 0 0 0 0 0 0 0 0]
[5301753801396368241637920697843852708578763454336274571822044568583458951551933187159576814722502165595159489361123362637642402065629838142776168838285376162899998365816618676048101744018172275437430202600361271824710850120213089104479556997869213749452831747027307942241263702660632042369 0 0 0 0 0 0 0 0 0 0 0 0 0 0 0 0 0 0 0 0 0 0 0 0 0 0 0 0 0 0 0 0 0 0 0 0 0 0 0 0 0 0 0 0 0 0 0 0 0 0 0 0 0 0 0 0 0 0 0 0 0 0 1 0 0 0 0 0 0 0 0 0 0 0 0 0 0 0 0 0 0 0 0 0 0 0 0 0 0 0 0 0 0 0 0]
[7305488846496587432332765368074195078769938583493577739184751227657727722332980895405124987302535913294366305169716818283399147561037661897281679634700247596766015282002549473250392961969536445901223234078721565771733970186801677866256616610881168847110825413352600054144840580722637810715 0 0 0 0 0 0 0 0 0 0 0 0 0 0 0 0 0 0 0 0 0 0 0 0 0 0 0 0 0 0 0 0 0 0 0 0 0 0 0 0 0 0 0 0 0 0 0 0 0 0 0 0 0 0 0 0 0 0 0 0 0 0 0 1 0 0 0 0 0 0 0 0 0 0 0 0 0 0 0 0 0 0 0 0 0 0 0 0 0 0 0 0 0 0 0]
[362326314277324731359508794550910122641325994704344367920822930068968603107429259915814273875715578446656976334007875375455479629064797266025635797877185778368232579264226296004134154876619102635550824134305930333639594480050828924757023592259347264087623341415855968175336139896234744347 0 0 0 0 0 0 0 0 0 0 0 0 0 0 0 0 0 0 0 0 0 0 0 0 0 0 0 0 0 0 0 0 0 0 0 0 0 0 0 0 0 0 0 0 0 0 0 0 0 0 0 0 0 0 0 0 0 0 0 0 0 0 0 0 1 0 0 0 0 0 0 0 0 0 0 0 0 0 0 0 0 0 0 0 0 0 0 0 0 0 0 0 0 0 0]
[3190767663562769563949182185444655963237924480399555167274542798531162054111638088507395619233831465944300437099081162010685455327069247353759480236362355039634473387108689569518872433246927083815332447761120747511117915691355097328761842244776288031193734649875272893936688714866881076860 0 0 0 0 0 0 0 0 0 0 0 0 0 0 0 0 0 0 0 0 0 0 0 0 0 0 0 0 0 0 0 0 0 0 0 0 0 0 0 0 0 0 0 0 0 0 0 0 0 0 0 0 0 0 0 0 0 0 0 0 0 0 0 0 0 1 0 0 0 0 0 0 0 0 0 0 0 0 0 0 0 0 0 0 0 0 0 0 0 0 0 0 0 0 0]
[6354148174048220821398355574756162424359311343048404812165662793547022377851091330832820680920104127112829958856725963411918961713879241394782289994025952550673698256386863104113330604060872971371840816941896547783698623661722181222600729920640354116102418971508191203330336502115051145544 0 0 0 0 0 0 0 0 0 0 0 0 0 0 0 0 0 0 0 0 0 0 0 0 0 0 0 0 0 0 0 0 0 0 0 0 0 0 0 0 0 0 0 0 0 0 0 0 0 0 0 0 0 0 0 0 0 0 0 0 0 0 0 0 0 0 1 0 0 0 0 0 0 0 0 0 0 0 0 0 0 0 0 0 0 0 0 0 0 0 0 0 0 0 0]
[7415814302985868532647500389553306520764049996889739520155692239920348245500127945358452833538913353824846987528070384301341635778341952925183607985069048563679468122845577146037319915367006330458396606454014762454932469288557397416272338227055368674370192325575079485437998707633926714590 0 0 0 0 0 0 0 0 0 0 0 0 0 0 0 0 0 0 0 0 0 0 0 0 0 0 0 0 0 0 0 0 0 0 0 0 0 0 0 0 0 0 0 0 0 0 0 0 0 0 0 0 0 0 0 0 0 0 0 0 0 0 0 0 0 0 0 1 0 0 0 0 0 0 0 0 0 0 0 0 0 0 0 0 0 0 0 0 0 0 0 0 0 0 0]
[6321578876617048858767177631296897857250249437603052290190343217355115319964261261786665809737200741796023286509534966702481078018461780860968235937427741092470770640223622091552510630107118963234067012092654839498668998601731934574935105274960404829210235871113076354697809628813205544714 0 0 0 0 0 0 0 0 0 0 0 0 0 0 0 0 0 0 0 0 0 0 0 0 0 0 0 0 0 0 0 0 0 0 0 0 0 0 0 0 0 0 0 0 0 0 0 0 0 0 0 0 0 0 0 0 0 0 0 0 0 0 0 0 0 0 0 0 1 0 0 0 0 0 0 0 0 0 0 0 0 0 0 0 0 0 0 0 0 0 0 0 0 0 0]
[3848268951579740514989569169190785768378377778047922417921875725146842168716573038977379510260173260287429776035304492012842857837360439121408124411643392041970165974877837696970701184541304033367793052669423015121031743047639808874469801697596804539254143154984084895091458609104586331342 0 0 0 0 0 0 0 0 0 0 0 0 0 0 0 0 0 0 0 0 0 0 0 0 0 0 0 0 0 0 0 0 0 0 0 0 0 0 0 0 0 0 0 0 0 0 0 0 0 0 0 0 0 0 0 0 0 0 0 0 0 0 0 0 0 0 0 0 0 1 0 0 0 0 0 0 0 0 0 0 0 0 0 0 0 0 0 0 0 0 0 0 0 0 0]
[4827554711004719841555626870946706373167321780938164207526169641830002977125490897436257314214795833749032833650018436897804790234933547130395955098784574400770216281408858948406363267284765113189611402619286709031019850501578830015797980844612459830512681918680205213393046726846610294361 0 0 0 0 0 0 0 0 0 0 0 0 0 0 0 0 0 0 0 0 0 0 0 0 0 0 0 0 0 0 0 0 0 0 0 0 0 0 0 0 0 0 0 0 0 0 0 0 0 0 0 0 0 0 0 0 0 0 0 0 0 0 0 0 0 0 0 0 0 0 1 0 0 0 0 0 0 0 0 0 0 0 0 0 0 0 0 0 0 0 0 0 0 0 0]
[673051177405042006405594103195848373755227274426481530808926237701829164293178469197707012084251924183060243458456761292587262919883770831348380641538792638701568975479303528230562366777647205988206121257917881527534271147103475575613930279754854945321288161135662864945276651871543321482 0 0 0 0 0 0 0 0 0 0 0 0 0 0 0 0 0 0 0 0 0 0 0 0 0 0 0 0 0 0 0 0 0 0 0 0 0 0 0 0 0 0 0 0 0 0 0 0 0 0 0 0 0 0 0 0 0 0 0 0 0 0 0 0 0 0 0 0 0 0 0 1 0 0 0 0 0 0 0 0 0 0 0 0 0 0 0 0 0 0 0 0 0 0 0]
[6133652012419329722165008183306575234560845696722198784051616493649643626557362759661827409203923506498925411628256515374561978798072405290556395786494176951599298909453851760509339787292791984114631416230926067486546879737022622551505598388597579112086682799426166797978361645732829941049 0 0 0 0 0 0 0 0 0 0 0 0 0 0 0 0 0 0 0 0 0 0 0 0 0 0 0 0 0 0 0 0 0 0 0 0 0 0 0 0 0 0 0 0 0 0 0 0 0 0 0 0 0 0 0 0 0 0 0 0 0 0 0 0 0 0 0 0 0 0 0 0 1 0 0 0 0 0 0 0 0 0 0 0 0 0 0 0 0 0 0 0 0 0 0]
[139898289399926186645090337672876890028346107393207714358980651366911441209539432662604659768996703595020703150762735281663051432261516074861461841519644758242788560894794262888852985525084225659441946084057781319124220335768619541355139768884375262440038478918736549600611998649024610958 0 0 0 0 0 0 0 0 0 0 0 0 0 0 0 0 0 0 0 0 0 0 0 0 0 0 0 0 0 0 0 0 0 0 0 0 0 0 0 0 0 0 0 0 0 0 0 0 0 0 0 0 0 0 0 0 0 0 0 0 0 0 0 0 0 0 0 0 0 0 0 0 0 1 0 0 0 0 0 0 0 0 0 0 0 0 0 0 0 0 0 0 0 0 0]
[2962796874006717636397358070832113282003220779753594418092460045077989607500620017110944480823518365267645645620748922685515438954935556519853123937438710903838246472190770267824754540271410512589826795147598713159382447401620172112816737058261411635767353602392304878147980016481740292568 0 0 0 0 0 0 0 0 0 0 0 0 0 0 0 0 0 0 0 0 0 0 0 0 0 0 0 0 0 0 0 0 0 0 0 0 0 0 0 0 0 0 0 0 0 0 0 0 0 0 0 0 0 0 0 0 0 0 0 0 0 0 0 0 0 0 0 0 0 0 0 0 0 0 1 0 0 0 0 0 0 0 0 0 0 0 0 0 0 0 0 0 0 0 0]
[1479934504098979785481565791292172579238441471189533710015278497413861159124617376354204368196409798201499210943679212250603800661399696863412362120966040088678888627401438109686897214924123498111647726700936103197936361702688750841671055920580073248146049154477441483884854972282780660536 0 0 0 0 0 0 0 0 0 0 0 0 0 0 0 0 0 0 0 0 0 0 0 0 0 0 0 0 0 0 0 0 0 0 0 0 0 0 0 0 0 0 0 0 0 0 0 0 0 0 0 0 0 0 0 0 0 0 0 0 0 0 0 0 0 0 0 0 0 0 0 0 0 0 0 1 0 0 0 0 0 0 0 0 0 0 0 0 0 0 0 0 0 0 0]
[4649963564812796508721634923674097132748359740322251948542419687066857352925014751909901889970379822166358594615877885037168166677250753883941503592294760629677333450464115422868963492729194065525029551482483672770436205068699403493518690646797162188623961744903117745684798861885680189944 0 0 0 0 0 0 0 0 0 0 0 0 0 0 0 0 0 0 0 0 0 0 0 0 0 0 0 0 0 0 0 0 0 0 0 0 0 0 0 0 0 0 0 0 0 0 0 0 0 0 0 0 0 0 0 0 0 0 0 0 0 0 0 0 0 0 0 0 0 0 0 0 0 0 0 0 1 0 0 0 0 0 0 0 0 0 0 0 0 0 0 0 0 0 0]
[2282412290727498361282476154847889995178364803007282852710318470641752241140693950722873460580353494443998642502773780460671879132951905478316874843552486991595547262316475398102045577234924071823796524802519601033721055112851826976524624744042949214374610373229621322351626443300111074355 0 0 0 0 0 0 0 0 0 0 0 0 0 0 0 0 0 0 0 0 0 0 0 0 0 0 0 0 0 0 0 0 0 0 0 0 0 0 0 0 0 0 0 0 0 0 0 0 0 0 0 0 0 0 0 0 0 0 0 0 0 0 0 0 0 0 0 0 0 0 0 0 0 0 0 0 0 1 0 0 0 0 0 0 0 0 0 0 0 0 0 0 0 0 0]
[2022672812584483444722315814963555262492026425911831214584225876478114711578308343750359031925206821986262535402353033584650006263342270884534060008563555331844838984145958041588586813934263809827761641899487627491683171692249243166179174441432307383170689416878018040568343544095292524017 0 0 0 0 0 0 0 0 0 0 0 0 0 0 0 0 0 0 0 0 0 0 0 0 0 0 0 0 0 0 0 0 0 0 0 0 0 0 0 0 0 0 0 0 0 0 0 0 0 0 0 0 0 0 0 0 0 0 0 0 0 0 0 0 0 0 0 0 0 0 0 0 0 0 0 0 0 0 1 0 0 0 0 0 0 0 0 0 0 0 0 0 0 0 0]
[4724577254016840621541503230880828055560751239050563133386771904294508521529052847628595007334876961333014072909241629199488815768529304120405060859630578907358618226055144002615735028360277720300400191801067093143260703598950224196293463544318799856081090575274730374793331478456429533232 0 0 0 0 0 0 0 0 0 0 0 0 0 0 0 0 0 0 0 0 0 0 0 0 0 0 0 0 0 0 0 0 0 0 0 0 0 0 0 0 0 0 0 0 0 0 0 0 0 0 0 0 0 0 0 0 0 0 0 0 0 0 0 0 0 0 0 0 0 0 0 0 0 0 0 0 0 0 0 1 0 0 0 0 0 0 0 0 0 0 0 0 0 0 0]
[5251530501106372428414971779482394176375920008873290215478179517301562579755622210742054123852711454867016354452866507931474972030459716523480965156084200831012292114799819631539730411903235914981960526605188038461004484840589828279009350680457467823993089542133029792120696630024508431254 0 0 0 0 0 0 0 0 0 0 0 0 0 0 0 0 0 0 0 0 0 0 0 0 0 0 0 0 0 0 0 0 0 0 0 0 0 0 0 0 0 0 0 0 0 0 0 0 0 0 0 0 0 0 0 0 0 0 0 0 0 0 0 0 0 0 0 0 0 0 0 0 0 0 0 0 0 0 0 0 1 0 0 0 0 0 0 0 0 0 0 0 0 0 0]
[7800191777663932490271025123690760620088633646006067790996280755099930673737978197787419910041208011927444003441360970311003230322880736427293565301018178699622256682255484916127100263188937746368202730131365589535056521757865851026307089452770791021732613567743442150316854396617587323814 0 0 0 0 0 0 0 0 0 0 0 0 0 0 0 0 0 0 0 0 0 0 0 0 0 0 0 0 0 0 0 0 0 0 0 0 0 0 0 0 0 0 0 0 0 0 0 0 0 0 0 0 0 0 0 0 0 0 0 0 0 0 0 0 0 0 0 0 0 0 0 0 0 0 0 0 0 0 0 0 0 1 0 0 0 0 0 0 0 0 0 0 0 0 0]
[5418254651413979243328857049316149762828995910766368842437044145013410370593903254891762438417257531434650677261882775974937344578502438845770329868532108448138312233343061143882091872759636868540175525406194176826957807837939826314722898655070649938729342813016851172331071438255720257136 0 0 0 0 0 0 0 0 0 0 0 0 0 0 0 0 0 0 0 0 0 0 0 0 0 0 0 0 0 0 0 0 0 0 0 0 0 0 0 0 0 0 0 0 0 0 0 0 0 0 0 0 0 0 0 0 0 0 0 0 0 0 0 0 0 0 0 0 0 0 0 0 0 0 0 0 0 0 0 0 0 0 1 0 0 0 0 0 0 0 0 0 0 0 0]
[5793052098499313469524285335582929637139433634582551087136452186615670923249706408529417887972319330954549985829091061867585758603538316126732929679766525055230584487366172628285192878745599893996027917533509223414529918671813631512289514142385521418166859706186861531261280855456605459459 0 0 0 0 0 0 0 0 0 0 0 0 0 0 0 0 0 0 0 0 0 0 0 0 0 0 0 0 0 0 0 0 0 0 0 0 0 0 0 0 0 0 0 0 0 0 0 0 0 0 0 0 0 0 0 0 0 0 0 0 0 0 0 0 0 0 0 0 0 0 0 0 0 0 0 0 0 0 0 0 0 0 0 1 0 0 0 0 0 0 0 0 0 0 0]
[3699179844101705590151660919746211227733791605398482971068278421626597887516468795739323261860792878577230221563718817699314111644343794559188659882054956456500981225571938813887743184810353750232086773432247372909905988353811883343367580526841577267912564947361017423127287897485115966062 0 0 0 0 0 0 0 0 0 0 0 0 0 0 0 0 0 0 0 0 0 0 0 0 0 0 0 0 0 0 0 0 0 0 0 0 0 0 0 0 0 0 0 0 0 0 0 0 0 0 0 0 0 0 0 0 0 0 0 0 0 0 0 0 0 0 0 0 0 0 0 0 0 0 0 0 0 0 0 0 0 0 0 0 1 0 0 0 0 0 0 0 0 0 0]
[4197371609948750149854430273609323923375479485551466151495508940469855125305646644760039016495056556627991199154340233861540144776814900421887831708019640108570450612283790535644282760529215631419618747339051034128861796087806215432333609758982194801919799890701358252573981502018287907125 0 0 0 0 0 0 0 0 0 0 0 0 0 0 0 0 0 0 0 0 0 0 0 0 0 0 0 0 0 0 0 0 0 0 0 0 0 0 0 0 0 0 0 0 0 0 0 0 0 0 0 0 0 0 0 0 0 0 0 0 0 0 0 0 0 0 0 0 0 0 0 0 0 0 0 0 0 0 0 0 0 0 0 0 0 1 0 0 0 0 0 0 0 0 0]
[1290799974012519908954733183990418342265266800184007810435558561178952529139757756652616684306753598673419483015000614125156642299362215693623593755013628578139247941635259973188890339293044566111677652694073405945286403605431033625388671182892052359098972895407771132919658523187619314481 0 0 0 0 0 0 0 0 0 0 0 0 0 0 0 0 0 0 0 0 0 0 0 0 0 0 0 0 0 0 0 0 0 0 0 0 0 0 0 0 0 0 0 0 0 0 0 0 0 0 0 0 0 0 0 0 0 0 0 0 0 0 0 0 0 0 0 0 0 0 0 0 0 0 0 0 0 0 0 0 0 0 0 0 0 0 1 0 0 0 0 0 0 0 0]
[1997298501588925579312624859249336760846258077629911609673121513481873511750795131180035616185680484879621207055573522021928384380586134346253408166584215724171210433022507348772259085902684253279822724925079086294711732234683103699985317436193583738047335017629776987588350758943705612733 0 0 0 0 0 0 0 0 0 0 0 0 0 0 0 0 0 0 0 0 0 0 0 0 0 0 0 0 0 0 0 0 0 0 0 0 0 0 0 0 0 0 0 0 0 0 0 0 0 0 0 0 0 0 0 0 0 0 0 0 0 0 0 0 0 0 0 0 0 0 0 0 0 0 0 0 0 0 0 0 0 0 0 0 0 0 0 1 0 0 0 0 0 0 0]
[4841202985506948143704128876824263525183651982181680086683586020685606690985427821601398141010632100008604138239487609493995977628436490559336290819377117909387743192487537400663830150117038106244115003205022495173791710337214242384722497644851191271291746939382584529448831738169423609673 0 0 0 0 0 0 0 0 0 0 0 0 0 0 0 0 0 0 0 0 0 0 0 0 0 0 0 0 0 0 0 0 0 0 0 0 0 0 0 0 0 0 0 0 0 0 0 0 0 0 0 0 0 0 0 0 0 0 0 0 0 0 0 0 0 0 0 0 0 0 0 0 0 0 0 0 0 0 0 0 0 0 0 0 0 0 0 0 1 0 0 0 0 0 0]
[2544138655836465860845330697033612451356250937421634243430184258406925655072166122012383259801948595280440843671666345258970421833385655603292492879636193924804983285458876148016961737656536898068285795057293992731366635014523673922116642924265730790502204423616891757865188797511424218550 0 0 0 0 0 0 0 0 0 0 0 0 0 0 0 0 0 0 0 0 0 0 0 0 0 0 0 0 0 0 0 0 0 0 0 0 0 0 0 0 0 0 0 0 0 0 0 0 0 0 0 0 0 0 0 0 0 0 0 0 0 0 0 0 0 0 0 0 0 0 0 0 0 0 0 0 0 0 0 0 0 0 0 0 0 0 0 0 0 1 0 0 0 0 0]
[3486129060071690249550244650731651625214582615660324316147011030244228235619645766843268308725307889072440689678281896040770159112521346976880942719587916780291439631101493849486390941621299001813990071461170110649073929985405653464454708484765259744259955001455697577284049990874699449267 0 0 0 0 0 0 0 0 0 0 0 0 0 0 0 0 0 0 0 0 0 0 0 0 0 0 0 0 0 0 0 0 0 0 0 0 0 0 0 0 0 0 0 0 0 0 0 0 0 0 0 0 0 0 0 0 0 0 0 0 0 0 0 0 0 0 0 0 0 0 0 0 0 0 0 0 0 0 0 0 0 0 0 0 0 0 0 0 0 0 1 0 0 0 0]
[4680031688175123548215498589876933748031565102085638988167429247973522581333824646123887247750445917381053818321320492796942348738066616240483769694506790337722107690329425440461110460669755453525748592641058671506861162453149506532117005652314266172886214251217479698194079448539096284038 0 0 0 0 0 0 0 0 0 0 0 0 0 0 0 0 0 0 0 0 0 0 0 0 0 0 0 0 0 0 0 0 0 0 0 0 0 0 0 0 0 0 0 0 0 0 0 0 0 0 0 0 0 0 0 0 0 0 0 0 0 0 0 0 0 0 0 0 0 0 0 0 0 0 0 0 0 0 0 0 0 0 0 0 0 0 0 0 0 0 0 1 0 0 0]
[4219404904427365948940770454584800482487221261932055471676361664657630342785182586249738608046316568091876563037478360543832390350479208916695426468502604582425574201992641927630686077109882410001521903014704414830812016729072901513852666165398688840273783826293111345888445095764526389660 0 0 0 0 0 0 0 0 0 0 0 0 0 0 0 0 0 0 0 0 0 0 0 0 0 0 0 0 0 0 0 0 0 0 0 0 0 0 0 0 0 0 0 0 0 0 0 0 0 0 0 0 0 0 0 0 0 0 0 0 0 0 0 0 0 0 0 0 0 0 0 0 0 0 0 0 0 0 0 0 0 0 0 0 0 0 0 0 0 0 0 0 1 0 0]
[7011416151648907582743499514325444415635337496236300748404864191097619913872237833361825431009412359817278611078688502387489418464973438811985482409821254755143475064459867100234312705568165106228941026961045747541698033931572084085540273270209642281895130403017099543789904019140454467773 0 0 0 0 0 0 0 0 0 0 0 0 0 0 0 0 0 0 0 0 0 0 0 0 0 0 0 0 0 0 0 0 0 0 0 0 0 0 0 0 0 0 0 0 0 0 0 0 0 0 0 0 0 0 0 0 0 0 0 0 0 0 0 0 0 0 0 0 0 0 0 0 0 0 0 0 0 0 0 0 0 0 0 0 0 0 0 0 0 0 0 0 0 1 0]
[2737796605047548541892679205794478150663690837697902146374516218260699174955106497338074765835781602296174072855993206420857006401749849623483174256071978754043198523309263437306339586709263403935331213464145206611229462464392767876213771543068653870749912556764147513494279990343885008692 0 0 0 0 0 0 0 0 0 0 0 0 0 0 0 0 0 0 0 0 0 0 0 0 0 0 0 0 0 0 0 0 0 0 0 0 0 0 0 0 0 0 0 0 0 0 0 0 0 0 0 0 0 0 0 0 0 0 0 0 0 0 0 0 0 0 0 0 0 0 0 0 0 0 0 0 0 0 0 0 0 0 0 0 0 0 0 0 0 0 0 0 0 0 1]
]
