[[5946275261500205697343663715707269506409251918332173719150621383037768908977002565187287152228868232568502179186332404122821242468513438334797164059187077284941760486995723709984651965001907379251542473163934832128841207498449888551416005290988252806076825204495326480835336269952124649899 0 0 0 0 0 0 0 0 0 0 0 0 0 0 0 0 0 0 0 0 0 0 0 0 0 0 0 0 0 0 0 0 0 0 0 0 0 0 0 0 0 0 0 0 0 0 0 0 0 0 0 0 0 0 0 0 0 0 0 0 0 0 0 0 0 0 0 0 0 0 0 0 0 0 0 0 0 0 0 0 0 0 0 0 0 0 0 0 0 0 0 0 0 0 0]
[3408530554218995807880858109817734020758770073810887864810406085875573249016026696596581171744923734876671920148980344489514999001538152291671113475974701770973366023946183645319422914822585708832537951469553423743321998268544265188891160818053248303699250362129131681123454574016657097436 1 0 0 0 0 0 0 0 0 0 0 0 0 0 0 0 0 0 0 0 0 0 0 0 0 0 0 0 0 0 0 0 0 0 0 0 0 0 0 0 0 0 0 0 0 0 0 0 0 0 0 0 0 0 0 0 0 0 0 0 0 0 0 0 0 0 0 0 0 0 0 0 0 0 0 0 0 0 0 0 0 0 0 0 0 0 0 0 0 0 0 0 0 0 0]
[3419591779901966635440156662072859400657893301474948015673311932442232400345301114730037415723034652598650204988329838532461480434240206732009435059241882094262244162579592222642912819579617976716259164514658282539522648107531183943821931840517061414493895498490763942849162779782263327005 0 1 0 0 0 0 0 0 0 0 0 0 0 0 0 0 0 0 0 0 0 0 0 0 0 0 0 0 0 0 0 0 0 0 0 0 0 0 0 0 0 0 0 0 0 0 0 0 0 0 0 0 0 0 0 0 0 0 0 0 0 0 0 0 0 0 0 0 0 0 0 0 0 0 0 0 0 0 0 0 0 0 0 0 0 0 0 0 0 0 0 0 0 0 0]
[2389856392001404470984057856754342819047354561775548843927620938919409491780064371294781692021925144465287302490825273369597205955790809312494188585394471080276015292344820771114342260755083138773273897036362910202077290905344527276782883055127072336285409015766396382175923283685022625613 0 0 1 0 0 0 0 0 0 0 0 0 0 0 0 0 0 0 0 0 0 0 0 0 0 0 0 0 0 0 0 0 0 0 0 0 0 0 0 0 0 0 0 0 0 0 0 0 0 0 0 0 0 0 0 0 0 0 0 0 0 0 0 0 0 0 0 0 0 0 0 0 0 0 0 0 0 0 0 0 0 0 0 0 0 0 0 0 0 0 0 0 0 0 0]
[3197435950100351651034360219214281874222363239647130527451174461629424530742666914170512765656041658742727169326378673737994516605908869608191973155897979531091263867432314529639467602161540339960251467251880066049718243452229197185855798818883473676347090949279331381266301473440523513512 0 0 0 1 0 0 0 0 0 0 0 0 0 0 0 0 0 0 0 0 0 0 0 0 0 0 0 0 0 0 0 0 0 0 0 0 0 0 0 0 0 0 0 0 0 0 0 0 0 0 0 0 0 0 0 0 0 0 0 0 0 0 0 0 0 0 0 0 0 0 0 0 0 0 0 0 0 0 0 0 0 0 0 0 0 0 0 0 0 0 0 0 0 0 0]
[2501719538623821578037366978289336387935262260744919664289695019023815179799286237769611198431704743610314076600547166259998929920170115973212771664319109984354462592474794474522741693279955548277693470202266603369322960280050387383020593287136235516723613089300961984651167770499658979779 0 0 0 0 1 0 0 0 0 0 0 0 0 0 0 0 0 0 0 0 0 0 0 0 0 0 0 0 0 0 0 0 0 0 0 0 0 0 0 0 0 0 0 0 0 0 0 0 0 0 0 0 0 0 0 0 0 0 0 0 0 0 0 0 0 0 0 0 0 0 0 0 0 0 0 0 0 0 0 0 0 0 0 0 0 0 0 0 0 0 0 0 0 0 0]
[4763180974996158618860335415295588206380506459346335144285899699750240578794190058533138012226875898909045675287185974986112663653265812495241993322080976491300665993764024723003538249612666635690071445961150455205206434603557456198763290552159332998786389135586203837525215644945806911894 0 0 0 0 0 1 0 0 0 0 0 0 0 0 0 0 0 0 0 0 0 0 0 0 0 0 0 0 0 0 0 0 0 0 0 0 0 0 0 0 0 0 0 0 0 0 0 0 0 0 0 0 0 0 0 0 0 0 0 0 0 0 0 0 0 0 0 0 0 0 0 0 0 0 0 0 0 0 0 0 0 0 0 0 0 0 0 0 0 0 0 0 0 0 0]
[503916780565379323652068491809620106627928294288465409076400991555537411098180629866657363521565679378380703546156223113680932378750619293269462919779167278875963049655114775915596282746346757313417805607714401016067468319916511888878324793151635313447176663186554744155182276602712795305 0 0 0 0 0 0 1 0 0 0 0 0 0 0 0 0 0 0 0 0 0 0 0 0 0 0 0 0 0 0 0 0 0 0 0 0 0 0 0 0 0 0 0 0 0 0 0 0 0 0 0 0 0 0 0 0 0 0 0 0 0 0 0 0 0 0 0 0 0 0 0 0 0 0 0 0 0 0 0 0 0 0 0 0 0 0 0 0 0 0 0 0 0 0 0]
[13016275004449264849108469330470452960411375591466532088206985273785898739299376546368630101093761875345298242454184879727435664078112490135487727874332815581632931765739850458817289150518275145581212603898041103560374961869771200542393580507451404782136325212242408583598749078283649082 0 0 0 0 0 0 0 1 0 0 0 0 0 0 0 0 0 0 0 0 0 0 0 0 0 0 0 0 0 0 0 0 0 0 0 0 0 0 0 0 0 0 0 0 0 0 0 0 0 0 0 0 0 0 0 0 0 0 0 0 0 0 0 0 0 0 0 0 0 0 0 0 0 0 0 0 0 0 0 0 0 0 0 0 0 0 0 0 0 0 0 0 0 0 0]
[5704785263761889923888633634196175457565706465464656742174912611635348892734633784045261150128863439574289615726680090528655296634498847800811147552997832009204355116122186557692369930953267598651627122658704245218876254956987514093638260804024432514555755471695530080198018493413465448974 0 0 0 0 0 0 0 0 1 0 0 0 0 0 0 0 0 0 0 0 0 0 0 0 0 0 0 0 0 0 0 0 0 0 0 0 0 0 0 0 0 0 0 0 0 0 0 0 0 0 0 0 0 0 0 0 0 0 0 0 0 0 0 0 0 0 0 0 0 0 0 0 0 0 0 0 0 0 0 0 0 0 0 0 0 0 0 0 0 0 0 0 0 0 0]
[713704900798231324085247019153475246726091425802861119213428765401543778449061947032783155446326706580613939136037960926871163467412528860841847422587902402755963954564047631051204435927677412458384066736866848872996445969593511389961780530684932783198624820690716596556200138097718051799 0 0 0 0 0 0 0 0 0 1 0 0 0 0 0 0 0 0 0 0 0 0 0 0 0 0 0 0 0 0 0 0 0 0 0 0 0 0 0 0 0 0 0 0 0 0 0 0 0 0 0 0 0 0 0 0 0 0 0 0 0 0 0 0 0 0 0 0 0 0 0 0 0 0 0 0 0 0 0 0 0 0 0 0 0 0 0 0 0 0 0 0 0 0 0]
[4835465783581569913074342809789110936200224244997601844469986954254876060673561183125972478715950635766195872962013644349653880577447568532207457989196770686323853336694426702542255133590374263661193805978349910337724346315674869045342265171708885655761431359416786889424983099863160033706 0 0 0 0 0 0 0 0 0 0 1 0 0 0 0 0 0 0 0 0 0 0 0 0 0 0 0 0 0 0 0 0 0 0 0 0 0 0 0 0 0 0 0 0 0 0 0 0 0 0 0 0 0 0 0 0 0 0 0 0 0 0 0 0 0 0 0 0 0 0 0 0 0 0 0 0 0 0 0 0 0 0 0 0 0 0 0 0 0 0 0 0 0 0 0]
[2658561916980956796592789727126180231527370960442402853484847104001348288188085668278817822696016109030693860655388076890547172631074421500133577420483591999400899982838118899959913499643956150187128217935484470410440572096902494460269486855360097425366697795661112143162796548960079852809 0 0 0 0 0 0 0 0 0 0 0 1 0 0 0 0 0 0 0 0 0 0 0 0 0 0 0 0 0 0 0 0 0 0 0 0 0 0 0 0 0 0 0 0 0 0 0 0 0 0 0 0 0 0 0 0 0 0 0 0 0 0 0 0 0 0 0 0 0 0 0 0 0 0 0 0 0 0 0 0 0 0 0 0 0 0 0 0 0 0 0 0 0 0 0]
[3773776566154796134320893829617353508833822978768381363673521820546199384674157077304489722719026951497175637131076179412634000564721038047500640149616314574473004739315034082389147193853306360740266713272909828079116280810849957431777505536610181822462475124697682306664810716925286996952 0 0 0 0 0 0 0 0 0 0 0 0 1 0 0 0 0 0 0 0 0 0 0 0 0 0 0 0 0 0 0 0 0 0 0 0 0 0 0 0 0 0 0 0 0 0 0 0 0 0 0 0 0 0 0 0 0 0 0 0 0 0 0 0 0 0 0 0 0 0 0 0 0 0 0 0 0 0 0 0 0 0 0 0 0 0 0 0 0 0 0 0 0 0 0]
[1366041935117090075388336926841527155918075416388520020516978361498113354239804185443878127850297280056318522673514740754318798863227836142122468645487627147133213516914221584343686461594970267116306087207121852023040542843509528794821442060875149239658706036745660084811287318275672511016 0 0 0 0 0 0 0 0 0 0 0 0 0 1 0 0 0 0 0 0 0 0 0 0 0 0 0 0 0 0 0 0 0 0 0 0 0 0 0 0 0 0 0 0 0 0 0 0 0 0 0 0 0 0 0 0 0 0 0 0 0 0 0 0 0 0 0 0 0 0 0 0 0 0 0 0 0 0 0 0 0 0 0 0 0 0 0 0 0 0 0 0 0 0 0]
[3690847718288670838429232687272610596268958089001002563975661260145240567983169682929416492664121526672333300493401897647365147902400691146233593639118500818052170677680175080886325865705544171482726093088228337888099009795577835662452345666318354267391177482979618939914095700639440839964 0 0 0 0 0 0 0 0 0 0 0 0 0 0 1 0 0 0 0 0 0 0 0 0 0 0 0 0 0 0 0 0 0 0 0 0 0 0 0 0 0 0 0 0 0 0 0 0 0 0 0 0 0 0 0 0 0 0 0 0 0 0 0 0 0 0 0 0 0 0 0 0 0 0 0 0 0 0 0 0 0 0 0 0 0 0 0 0 0 0 0 0 0 0 0]
[1628835635983964370329599413454536035720697160990659890426601191867203627410008235234365671972046480604266296096097912412721822684696357217462745901330564955904559443520309084119546673704912038989975874637829626149301137964329429142877140686945909751927180377277659647165802636834313295637 0 0 0 0 0 0 0 0 0 0 0 0 0 0 0 1 0 0 0 0 0 0 0 0 0 0 0 0 0 0 0 0 0 0 0 0 0 0 0 0 0 0 0 0 0 0 0 0 0 0 0 0 0 0 0 0 0 0 0 0 0 0 0 0 0 0 0 0 0 0 0 0 0 0 0 0 0 0 0 0 0 0 0 0 0 0 0 0 0 0 0 0 0 0 0]
[788432320871289738639264242280998311127181859283770250037782579685021917386259872067943455858732249254390464506969857990715753864507445830895936727662412124734898594420088700888151363523464498788707361987437361354545038987721191298703348514657333244235533993192789286025671986404490875824 0 0 0 0 0 0 0 0 0 0 0 0 0 0 0 0 1 0 0 0 0 0 0 0 0 0 0 0 0 0 0 0 0 0 0 0 0 0 0 0 0 0 0 0 0 0 0 0 0 0 0 0 0 0 0 0 0 0 0 0 0 0 0 0 0 0 0 0 0 0 0 0 0 0 0 0 0 0 0 0 0 0 0 0 0 0 0 0 0 0 0 0 0 0 0]
[5839836043701780296416561966645238495108555099734343588151582122453261498454819178023073940701524053999332334760196439974250650853121780091577992214722948527936781610129888889260295265743223303884931740394201375582241622647313544892656093638169005901520101928857917841421122024964126106190 0 0 0 0 0 0 0 0 0 0 0 0 0 0 0 0 0 1 0 0 0 0 0 0 0 0 0 0 0 0 0 0 0 0 0 0 0 0 0 0 0 0 0 0 0 0 0 0 0 0 0 0 0 0 0 0 0 0 0 0 0 0 0 0 0 0 0 0 0 0 0 0 0 0 0 0 0 0 0 0 0 0 0 0 0 0 0 0 0 0 0 0 0 0 0]
[1980400967110191321087042096112804283018442189594656879370899181286742568231147263137489866301573505040178280423655943481130143165553654880367498940825491037169227991389975182473179243588975927821853281342543692810664227353817743960067372900556656516401735641607809265416552707652127788431 0 0 0 0 0 0 0 0 0 0 0 0 0 0 0 0 0 0 1 0 0 0 0 0 0 0 0 0 0 0 0 0 0 0 0 0 0 0 0 0 0 0 0 0 0 0 0 0 0 0 0 0 0 0 0 0 0 0 0 0 0 0 0 0 0 0 0 0 0 0 0 0 0 0 0 0 0 0 0 0 0 0 0 0 0 0 0 0 0 0 0 0 0 0 0]
[67694136480744426425354791290220083882526025667516320610150643426239233126671867322014190870740858001580877105927471313245613188522419466218310019669061670959685069354181614779414966112298576576091058657133030880790712407142741392648697544232202061438206322594145757329631108500717270450 0 0 0 0 0 0 0 0 0 0 0 0 0 0 0 0 0 0 0 1 0 0 0 0 0 0 0 0 0 0 0 0 0 0 0 0 0 0 0 0 0 0 0 0 0 0 0 0 0 0 0 0 0 0 0 0 0 0 0 0 0 0 0 0 0 0 0 0 0 0 0 0 0 0 0 0 0 0 0 0 0 0 0 0 0 0 0 0 0 0 0 0 0 0 0]
[2433704847872721119109572677919544036102553406508404285211916572418574437030925393798284366798022166631704126877240373900728810305572141212866994897925222121670304589901164622248035869415949664064428642627832001683236230721840739387107810649471599904621112399192758057326508829479778772360 0 0 0 0 0 0 0 0 0 0 0 0 0 0 0 0 0 0 0 0 1 0 0 0 0 0 0 0 0 0 0 0 0 0 0 0 0 0 0 0 0 0 0 0 0 0 0 0 0 0 0 0 0 0 0 0 0 0 0 0 0 0 0 0 0 0 0 0 0 0 0 0 0 0 0 0 0 0 0 0 0 0 0 0 0 0 0 0 0 0 0 0 0 0 0]
[4259175401451431874526187222382361438581528536263110767315292854305180564237690954731419904746918163302524642002432441490507893984985644539237413537757531274506390510864786053460034581136668413727075043731854370936822837526576794246028258604829388560226698550848868583924312941066431243238 0 0 0 0 0 0 0 0 0 0 0 0 0 0 0 0 0 0 0 0 0 1 0 0 0 0 0 0 0 0 0 0 0 0 0 0 0 0 0 0 0 0 0 0 0 0 0 0 0 0 0 0 0 0 0 0 0 0 0 0 0 0 0 0 0 0 0 0 0 0 0 0 0 0 0 0 0 0 0 0 0 0 0 0 0 0 0 0 0 0 0 0 0 0 0]
[403294408484046184619424885604067470958480790117475454633339203577727514705412008690748018849715909153927987991335690270818226792916881107477346032778101869210315422255561498810431702613310950931289407988085800768296714079493283862197784684784151309694324354731470629710697795213619641483 0 0 0 0 0 0 0 0 0 0 0 0 0 0 0 0 0 0 0 0 0 0 1 0 0 0 0 0 0 0 0 0 0 0 0 0 0 0 0 0 0 0 0 0 0 0 0 0 0 0 0 0 0 0 0 0 0 0 0 0 0 0 0 0 0 0 0 0 0 0 0 0 0 0 0 0 0 0 0 0 0 0 0 0 0 0 0 0 0 0 0 0 0 0 0]
[1359393936004525916494271504447815523087025697944690474804298272825574546781083745352532007967824994442925102944459518943372801812793604121293941210459388035709986860759016515298564760765144474896732708408489088445773280349143532105863989792500413069332184321822427220860206973743044418695 0 0 0 0 0 0 0 0 0 0 0 0 0 0 0 0 0 0 0 0 0 0 0 1 0 0 0 0 0 0 0 0 0 0 0 0 0 0 0 0 0 0 0 0 0 0 0 0 0 0 0 0 0 0 0 0 0 0 0 0 0 0 0 0 0 0 0 0 0 0 0 0 0 0 0 0 0 0 0 0 0 0 0 0 0 0 0 0 0 0 0 0 0 0 0]
[3491294422887603814645949363500567254131759909024579152311924656655898505316270932160449360525584978722302934474983641279711594375146834325560449310767092269059310399418369554682875383144197487988795515114870413889049206533223313237732005750889649869149119990974767505398059971930155621195 0 0 0 0 0 0 0 0 0 0 0 0 0 0 0 0 0 0 0 0 0 0 0 0 1 0 0 0 0 0 0 0 0 0 0 0 0 0 0 0 0 0 0 0 0 0 0 0 0 0 0 0 0 0 0 0 0 0 0 0 0 0 0 0 0 0 0 0 0 0 0 0 0 0 0 0 0 0 0 0 0 0 0 0 0 0 0 0 0 0 0 0 0 0 0]
[2224306805323613199992258127258391750018671503371527101523721035296120443787168192245517022231960340589365687537742567262874922593790259970678244808660771722103811552704732927224904363659819693617291546097664946209945353625736501419082485382308077807122754324567073596484549546296202694923 0 0 0 0 0 0 0 0 0 0 0 0 0 0 0 0 0 0 0 0 0 0 0 0 0 1 0 0 0 0 0 0 0 0 0 0 0 0 0 0 0 0 0 0 0 0 0 0 0 0 0 0 0 0 0 0 0 0 0 0 0 0 0 0 0 0 0 0 0 0 0 0 0 0 0 0 0 0 0 0 0 0 0 0 0 0 0 0 0 0 0 0 0 0 0]
[1284934830643512889793274422631340094234641391225802803920346739315036666270796913516877289815258608986326074023272399471461281301377451772712349214502563116242513129008384361132751074486268891806369748438828860557867575893068020856489797456194360729793725975897223491918128355200337921536 0 0 0 0 0 0 0 0 0 0 0 0 0 0 0 0 0 0 0 0 0 0 0 0 0 0 1 0 0 0 0 0 0 0 0 0 0 0 0 0 0 0 0 0 0 0 0 0 0 0 0 0 0 0 0 0 0 0 0 0 0 0 0 0 0 0 0 0 0 0 0 0 0 0 0 0 0 0 0 0 0 0 0 0 0 0 0 0 0 0 0 0 0 0 0]
[2320646052564054237137287955259260457552980758561266348280524974246391812295349779230621978278033530577567795839391812324184282435785628345009722618676411510044343351264953716203282759957996350851968430114688492387535516043463868145802529872360440801600292565793414390705139664473264197282 0 0 0 0 0 0 0 0 0 0 0 0 0 0 0 0 0 0 0 0 0 0 0 0 0 0 0 1 0 0 0 0 0 0 0 0 0 0 0 0 0 0 0 0 0 0 0 0 0 0 0 0 0 0 0 0 0 0 0 0 0 0 0 0 0 0 0 0 0 0 0 0 0 0 0 0 0 0 0 0 0 0 0 0 0 0 0 0 0 0 0 0 0 0 0]
[5910046838677690960082441347866967335946101022133819990660026593775442122361595440513162256345352014997345816294117872397515141644617852600317910347576470452089925975564277836252862953389977526265488468778830903841686465586685772773865721608989108853385779912617242323150152421089378746721 0 0 0 0 0 0 0 0 0 0 0 0 0 0 0 0 0 0 0 0 0 0 0 0 0 0 0 0 1 0 0 0 0 0 0 0 0 0 0 0 0 0 0 0 0 0 0 0 0 0 0 0 0 0 0 0 0 0 0 0 0 0 0 0 0 0 0 0 0 0 0 0 0 0 0 0 0 0 0 0 0 0 0 0 0 0 0 0 0 0 0 0 0 0 0]
[3669594027688530233369643805254801362749810290496958178434700432789559079004704199990842402950279217846779132890540175480341326726710341703003630856610877999725534539416905366233874781396623547308212853366072068827860374538971275871494513617118131763606291094948007908894185753061774925618 0 0 0 0 0 0 0 0 0 0 0 0 0 0 0 0 0 0 0 0 0 0 0 0 0 0 0 0 0 1 0 0 0 0 0 0 0 0 0 0 0 0 0 0 0 0 0 0 0 0 0 0 0 0 0 0 0 0 0 0 0 0 0 0 0 0 0 0 0 0 0 0 0 0 0 0 0 0 0 0 0 0 0 0 0 0 0 0 0 0 0 0 0 0 0]
[743937435731436977325188840670546082275303910826744624888405530122041498827349447840025986229941979480924681742986876657215563060411689463503009899393238075766414811641791850110011991906290935023948804054355180991622440824012043273431180708296440861961208497274799452912887796801370103144 0 0 0 0 0 0 0 0 0 0 0 0 0 0 0 0 0 0 0 0 0 0 0 0 0 0 0 0 0 0 1 0 0 0 0 0 0 0 0 0 0 0 0 0 0 0 0 0 0 0 0 0 0 0 0 0 0 0 0 0 0 0 0 0 0 0 0 0 0 0 0 0 0 0 0 0 0 0 0 0 0 0 0 0 0 0 0 0 0 0 0 0 0 0 0]
[347538755441444330504103272893226085312010210023264833269517330881436887249824231364235139057541313104621884783614788393833549655262378241791733382589827225706048611427409018768683434998779541352895059202954258532452355071498891939537130310944361693628506201694745686034845918699468505982 0 0 0 0 0 0 0 0 0 0 0 0 0 0 0 0 0 0 0 0 0 0 0 0 0 0 0 0 0 0 0 1 0 0 0 0 0 0 0 0 0 0 0 0 0 0 0 0 0 0 0 0 0 0 0 0 0 0 0 0 0 0 0 0 0 0 0 0 0 0 0 0 0 0 0 0 0 0 0 0 0 0 0 0 0 0 0 0 0 0 0 0 0 0 0]
[954392754838264708675850656960066239474598455860897459438534244411666267668753920446803159577373008312619827090087718972274392767385717299251340328473682318060845466297084588611002777649451961113035850090242846267373342664399378067475524186441062449815951637292245076690465031166868623015 0 0 0 0 0 0 0 0 0 0 0 0 0 0 0 0 0 0 0 0 0 0 0 0 0 0 0 0 0 0 0 0 1 0 0 0 0 0 0 0 0 0 0 0 0 0 0 0 0 0 0 0 0 0 0 0 0 0 0 0 0 0 0 0 0 0 0 0 0 0 0 0 0 0 0 0 0 0 0 0 0 0 0 0 0 0 0 0 0 0 0 0 0 0 0]
[3166666995197013067881775967172912002049183523600231925755154978863650663663729150143479949014702918629736425532248461336563429413225120326211635773839687923449355810592123970186618734401679261336975591527600845595714284032375667640998121280969260878363884044970105513348704976922719093315 0 0 0 0 0 0 0 0 0 0 0 0 0 0 0 0 0 0 0 0 0 0 0 0 0 0 0 0 0 0 0 0 0 1 0 0 0 0 0 0 0 0 0 0 0 0 0 0 0 0 0 0 0 0 0 0 0 0 0 0 0 0 0 0 0 0 0 0 0 0 0 0 0 0 0 0 0 0 0 0 0 0 0 0 0 0 0 0 0 0 0 0 0 0 0]
[3875125006982596475447769909353598145719537176687538850024337220527772469878006370946324091019627569935203175669517106664427820113812515395774637873573283528908736876854103234125513683125171817809023100998041043673076277679181476133939120100505810230340402304290786420629454599936518829155 0 0 0 0 0 0 0 0 0 0 0 0 0 0 0 0 0 0 0 0 0 0 0 0 0 0 0 0 0 0 0 0 0 0 1 0 0 0 0 0 0 0 0 0 0 0 0 0 0 0 0 0 0 0 0 0 0 0 0 0 0 0 0 0 0 0 0 0 0 0 0 0 0 0 0 0 0 0 0 0 0 0 0 0 0 0 0 0 0 0 0 0 0 0 0]
[2302249914166945714995351840889755078340945075546143888599439960462102674421701949697491526562739128815802635932907180659177134096397950915735820223307367114506398108352095246129165916604563134204746281507428811190471283989514815757752489705967946875044539216866747528456116922780691466976 0 0 0 0 0 0 0 0 0 0 0 0 0 0 0 0 0 0 0 0 0 0 0 0 0 0 0 0 0 0 0 0 0 0 0 1 0 0 0 0 0 0 0 0 0 0 0 0 0 0 0 0 0 0 0 0 0 0 0 0 0 0 0 0 0 0 0 0 0 0 0 0 0 0 0 0 0 0 0 0 0 0 0 0 0 0 0 0 0 0 0 0 0 0 0]
[3702153400633925810851458792468553301259315964836030827479344633521714391743605366096950941365763442364738976346554317972727320817709401079040473645594697935848054020417815903143038430695343894259148746677716757328388437462612763011133545143179025703635601560524174583032660887072453603927 0 0 0 0 0 0 0 0 0 0 0 0 0 0 0 0 0 0 0 0 0 0 0 0 0 0 0 0 0 0 0 0 0 0 0 0 1 0 0 0 0 0 0 0 0 0 0 0 0 0 0 0 0 0 0 0 0 0 0 0 0 0 0 0 0 0 0 0 0 0 0 0 0 0 0 0 0 0 0 0 0 0 0 0 0 0 0 0 0 0 0 0 0 0 0]
[4454454623577942874887126918644580709113959061173874799144229012788707357119696062117163810934947712214402218505639071969631886558399870768817009215952396765033268463604111784523781685820345450484785829895103366070831508785714603897521852750394536336322487618113926020211963423474559312157 0 0 0 0 0 0 0 0 0 0 0 0 0 0 0 0 0 0 0 0 0 0 0 0 0 0 0 0 0 0 0 0 0 0 0 0 0 1 0 0 0 0 0 0 0 0 0 0 0 0 0 0 0 0 0 0 0 0 0 0 0 0 0 0 0 0 0 0 0 0 0 0 0 0 0 0 0 0 0 0 0 0 0 0 0 0 0 0 0 0 0 0 0 0 0]
[5042641147629537195420345840166840496573576732070173089020440994307651111705935074047384934394921307761534162583900784560423101583853212628244053572071010516928208161487392522551366619520249584416094222989294912497732894662901237556853013236875299248101632275038681223473621123237377829466 0 0 0 0 0 0 0 0 0 0 0 0 0 0 0 0 0 0 0 0 0 0 0 0 0 0 0 0 0 0 0 0 0 0 0 0 0 0 1 0 0 0 0 0 0 0 0 0 0 0 0 0 0 0 0 0 0 0 0 0 0 0 0 0 0 0 0 0 0 0 0 0 0 0 0 0 0 0 0 0 0 0 0 0 0 0 0 0 0 0 0 0 0 0 0]
[4662820032855759968964484151472750404799781914496287465920746858568642028585968808904801858428010614343145500879103265774019866935804350442468537269579276265828516816973871986385641414544643523172895569197808847319805753350830254110474619274861310847185820210756187762299798387637500549643 0 0 0 0 0 0 0 0 0 0 0 0 0 0 0 0 0 0 0 0 0 0 0 0 0 0 0 0 0 0 0 0 0 0 0 0 0 0 0 1 0 0 0 0 0 0 0 0 0 0 0 0 0 0 0 0 0 0 0 0 0 0 0 0 0 0 0 0 0 0 0 0 0 0 0 0 0 0 0 0 0 0 0 0 0 0 0 0 0 0 0 0 0 0 0]
[2410560512884929314230250006932854416288941480028319623933029989775094016614691119441197911855704604013889441739645897562006342903622152932342753206165936372310337588314671619749241944815290989856843723923815612365066006748588270512245461844169325756038490437083660668186322207702303465037 0 0 0 0 0 0 0 0 0 0 0 0 0 0 0 0 0 0 0 0 0 0 0 0 0 0 0 0 0 0 0 0 0 0 0 0 0 0 0 0 1 0 0 0 0 0 0 0 0 0 0 0 0 0 0 0 0 0 0 0 0 0 0 0 0 0 0 0 0 0 0 0 0 0 0 0 0 0 0 0 0 0 0 0 0 0 0 0 0 0 0 0 0 0 0]
[4845384537817317936826653441104495849548061783588205293548386491584723237544580428562810550984759340234343081387946393226269908782713751061212600503604912456372360169024394928615831020515010180129132513386916557078208098078630879919894559364055064242374665522052787496910903946896385247766 0 0 0 0 0 0 0 0 0 0 0 0 0 0 0 0 0 0 0 0 0 0 0 0 0 0 0 0 0 0 0 0 0 0 0 0 0 0 0 0 0 1 0 0 0 0 0 0 0 0 0 0 0 0 0 0 0 0 0 0 0 0 0 0 0 0 0 0 0 0 0 0 0 0 0 0 0 0 0 0 0 0 0 0 0 0 0 0 0 0 0 0 0 0 0]
[5463511125894539822175607995457296901619168043284864926737620539569199380275368038663111009754484474543083461480703430546632123816437987872679719932811967944544510771611078213351311708324131858761481477248759005637080128304650087575607075074151963130437216533967374840737858344048877407799 0 0 0 0 0 0 0 0 0 0 0 0 0 0 0 0 0 0 0 0 0 0 0 0 0 0 0 0 0 0 0 0 0 0 0 0 0 0 0 0 0 0 1 0 0 0 0 0 0 0 0 0 0 0 0 0 0 0 0 0 0 0 0 0 0 0 0 0 0 0 0 0 0 0 0 0 0 0 0 0 0 0 0 0 0 0 0 0 0 0 0 0 0 0 0]
[5729471243401984148231025768007030604918906955224644794645822288970642554960309503412062857362127832271553914419145295071293054621890818298069892158731158950308764996497271938735785575013672401272671289044369580508844968470701541364121740509568439944250861319307379996080669312768017325292 0 0 0 0 0 0 0 0 0 0 0 0 0 0 0 0 0 0 0 0 0 0 0 0 0 0 0 0 0 0 0 0 0 0 0 0 0 0 0 0 0 0 0 1 0 0 0 0 0 0 0 0 0 0 0 0 0 0 0 0 0 0 0 0 0 0 0 0 0 0 0 0 0 0 0 0 0 0 0 0 0 0 0 0 0 0 0 0 0 0 0 0 0 0 0]
[3850217494168706405249838819947301477986449431855167675543158634491158915661450582213824673589782243736010595039656016250085070100196569940471536399637318321760577557491872916552898718593897279377273921408786431812508378865751185389414884016741814790557201965229740299468204994893566667367 0 0 0 0 0 0 0 0 0 0 0 0 0 0 0 0 0 0 0 0 0 0 0 0 0 0 0 0 0 0 0 0 0 0 0 0 0 0 0 0 0 0 0 0 1 0 0 0 0 0 0 0 0 0 0 0 0 0 0 0 0 0 0 0 0 0 0 0 0 0 0 0 0 0 0 0 0 0 0 0 0 0 0 0 0 0 0 0 0 0 0 0 0 0 0]
[520859904609956475550311001583577371166369500697668768845653649125309682582612486337488944698991587736484490350618399042733013254940966252243413956243434145704345820445883924066333872440661889249639539886404236102971066507792465069247864054250367874272874771421098335118493290631010876173 0 0 0 0 0 0 0 0 0 0 0 0 0 0 0 0 0 0 0 0 0 0 0 0 0 0 0 0 0 0 0 0 0 0 0 0 0 0 0 0 0 0 0 0 0 1 0 0 0 0 0 0 0 0 0 0 0 0 0 0 0 0 0 0 0 0 0 0 0 0 0 0 0 0 0 0 0 0 0 0 0 0 0 0 0 0 0 0 0 0 0 0 0 0 0]
[3221185158567763497391915342644062324556658482150976453744981035530234524541003479987994771052366500526725632890811997080304957534437922654068085309363444927961144834993886622797679573456169069690537442930403762458752208002597582174491881177465286447362936194175432959433606656592791706560 0 0 0 0 0 0 0 0 0 0 0 0 0 0 0 0 0 0 0 0 0 0 0 0 0 0 0 0 0 0 0 0 0 0 0 0 0 0 0 0 0 0 0 0 0 0 1 0 0 0 0 0 0 0 0 0 0 0 0 0 0 0 0 0 0 0 0 0 0 0 0 0 0 0 0 0 0 0 0 0 0 0 0 0 0 0 0 0 0 0 0 0 0 0 0]
[1786316597110476430371781674198312289509871036498520148296548559427577164507917142967853474592352306001013750992823625952089591684910875689466331622926201750593471009248391031213468481606073224808740837186721128624745156834293504511232525721728218155774391599384148273441250373820399130342 0 0 0 0 0 0 0 0 0 0 0 0 0 0 0 0 0 0 0 0 0 0 0 0 0 0 0 0 0 0 0 0 0 0 0 0 0 0 0 0 0 0 0 0 0 0 0 1 0 0 0 0 0 0 0 0 0 0 0 0 0 0 0 0 0 0 0 0 0 0 0 0 0 0 0 0 0 0 0 0 0 0 0 0 0 0 0 0 0 0 0 0 0 0 0]
[1909593386177619599997022388835251361900832813024840110553745460608811243383926478238337013439039026803885817801178769579239957439559983005690111186209562493930479777370340465796567781523700965053247220027327489307245285123192873113857215299992263961874817942422290722823690115580309034256 0 0 0 0 0 0 0 0 0 0 0 0 0 0 0 0 0 0 0 0 0 0 0 0 0 0 0 0 0 0 0 0 0 0 0 0 0 0 0 0 0 0 0 0 0 0 0 0 1 0 0 0 0 0 0 0 0 0 0 0 0 0 0 0 0 0 0 0 0 0 0 0 0 0 0 0 0 0 0 0 0 0 0 0 0 0 0 0 0 0 0 0 0 0 0]
[5194159964174491481193531998261928331832308346354258327821309071751651499565140650778565316437584127581964263929719351818928011344645031117430091052627880543876149493647240051548067139862306558933308586350508262703384492321805037021248911497204282143348653867832256835587224332535937527704 0 0 0 0 0 0 0 0 0 0 0 0 0 0 0 0 0 0 0 0 0 0 0 0 0 0 0 0 0 0 0 0 0 0 0 0 0 0 0 0 0 0 0 0 0 0 0 0 0 1 0 0 0 0 0 0 0 0 0 0 0 0 0 0 0 0 0 0 0 0 0 0 0 0 0 0 0 0 0 0 0 0 0 0 0 0 0 0 0 0 0 0 0 0 0]
[5343949489009087485145355786234371459310271293868469006555255667683645905135769590502971979626764742800191680706294223679643268166467032543071629875900632498939026809942032898104929626563231616497658009247739746086683405600640035077022461803587912796841741576069670242691721428373431681608 0 0 0 0 0 0 0 0 0 0 0 0 0 0 0 0 0 0 0 0 0 0 0 0 0 0 0 0 0 0 0 0 0 0 0 0 0 0 0 0 0 0 0 0 0 0 0 0 0 0 1 0 0 0 0 0 0 0 0 0 0 0 0 0 0 0 0 0 0 0 0 0 0 0 0 0 0 0 0 0 0 0 0 0 0 0 0 0 0 0 0 0 0 0 0]
[1183902144822964360708677934511881367890322430137838753983652243632452284638152524810224528181441275514995158581478317105951171057464681631256305195555826633421058976712416305412236909626473980645957741539005826406602413733962108219810756220738808338249022903027016006044938786226099352867 0 0 0 0 0 0 0 0 0 0 0 0 0 0 0 0 0 0 0 0 0 0 0 0 0 0 0 0 0 0 0 0 0 0 0 0 0 0 0 0 0 0 0 0 0 0 0 0 0 0 0 1 0 0 0 0 0 0 0 0 0 0 0 0 0 0 0 0 0 0 0 0 0 0 0 0 0 0 0 0 0 0 0 0 0 0 0 0 0 0 0 0 0 0 0]
[3554808650742382325462819967966481168750122365741229708323859812249021365150890288315781168721793309480553247891010996399247355986923039646941039011114545302710638476395470321620700341790290072958453848845583947517470100221182204775247891787164192079962091026279146872759147897020432649299 0 0 0 0 0 0 0 0 0 0 0 0 0 0 0 0 0 0 0 0 0 0 0 0 0 0 0 0 0 0 0 0 0 0 0 0 0 0 0 0 0 0 0 0 0 0 0 0 0 0 0 0 1 0 0 0 0 0 0 0 0 0 0 0 0 0 0 0 0 0 0 0 0 0 0 0 0 0 0 0 0 0 0 0 0 0 0 0 0 0 0 0 0 0 0]
[4954343583543318180657964495523579593863185269293459952090413148620984408927640802075458817792707756121930958751638091689042147120640006498846499915278428009416630259024615148675067758582664751659986287873514161876579071443447807155404147857548435923983966369545739962574308162551566717662 0 0 0 0 0 0 0 0 0 0 0 0 0 0 0 0 0 0 0 0 0 0 0 0 0 0 0 0 0 0 0 0 0 0 0 0 0 0 0 0 0 0 0 0 0 0 0 0 0 0 0 0 0 1 0 0 0 0 0 0 0 0 0 0 0 0 0 0 0 0 0 0 0 0 0 0 0 0 0 0 0 0 0 0 0 0 0 0 0 0 0 0 0 0 0]
[244670772209028070453892748675176573515575750926729980232038008334584092476897412417294447100417396417569782967883327061717698189207143537614811574081261098031282835732895356881533522153990840152260032207001464012362313799092426629952815272853325415753413371629009424920546548668105450235 0 0 0 0 0 0 0 0 0 0 0 0 0 0 0 0 0 0 0 0 0 0 0 0 0 0 0 0 0 0 0 0 0 0 0 0 0 0 0 0 0 0 0 0 0 0 0 0 0 0 0 0 0 0 1 0 0 0 0 0 0 0 0 0 0 0 0 0 0 0 0 0 0 0 0 0 0 0 0 0 0 0 0 0 0 0 0 0 0 0 0 0 0 0 0]
[4467912991185759099274597026974156732380252363196079089050190660007306169361111369651254526565055693325110498431344441277704199079970523865884808455020984229664537068475101577082409062793029502698276792979866029255670496061884650119768886299189740938666930278189407116099780533669776201126 0 0 0 0 0 0 0 0 0 0 0 0 0 0 0 0 0 0 0 0 0 0 0 0 0 0 0 0 0 0 0 0 0 0 0 0 0 0 0 0 0 0 0 0 0 0 0 0 0 0 0 0 0 0 0 1 0 0 0 0 0 0 0 0 0 0 0 0 0 0 0 0 0 0 0 0 0 0 0 0 0 0 0 0 0 0 0 0 0 0 0 0 0 0 0]
[624424394839504755663580503789503289897897063821069163282283766160562245977387629946050747200498190912393038320996884847023142061668319550264328458532043884897466891218482238228522121882011322989391270130116287443345177682813865290150034432140359095063138620228165584708673228881230118483 0 0 0 0 0 0 0 0 0 0 0 0 0 0 0 0 0 0 0 0 0 0 0 0 0 0 0 0 0 0 0 0 0 0 0 0 0 0 0 0 0 0 0 0 0 0 0 0 0 0 0 0 0 0 0 0 1 0 0 0 0 0 0 0 0 0 0 0 0 0 0 0 0 0 0 0 0 0 0 0 0 0 0 0 0 0 0 0 0 0 0 0 0 0 0]
[2231321798592622504158351474631628579865728056774277974786121076472681488309178758273773701965053543630257388890002148488273216919469661203676400332691813384401932971288288945365341942003887977580156417665947090169229256872863473344079616176902361106768027545877787843326837594597268267965 0 0 0 0 0 0 0 0 0 0 0 0 0 0 0 0 0 0 0 0 0 0 0 0 0 0 0 0 0 0 0 0 0 0 0 0 0 0 0 0 0 0 0 0 0 0 0 0 0 0 0 0 0 0 0 0 0 1 0 0 0 0 0 0 0 0 0 0 0 0 0 0 0 0 0 0 0 0 0 0 0 0 0 0 0 0 0 0 0 0 0 0 0 0 0]
[82245386104911817641340987238267076132978714515082209371671380045073207887402022601272348450129575137569930107391702571445757045536398185625792190836916058399211924746398917253725202796121593188874137039680303640426906073627716094822228397655938988178452259510229401104334181883634321585 0 0 0 0 0 0 0 0 0 0 0 0 0 0 0 0 0 0 0 0 0 0 0 0 0 0 0 0 0 0 0 0 0 0 0 0 0 0 0 0 0 0 0 0 0 0 0 0 0 0 0 0 0 0 0 0 0 0 1 0 0 0 0 0 0 0 0 0 0 0 0 0 0 0 0 0 0 0 0 0 0 0 0 0 0 0 0 0 0 0 0 0 0 0 0]
[2711521166858442727834168227734097993186149542028944942426471402697627276847257388338730571933483712519505512501939518397356796387941853390913853186739163846522542307600618869619177266080595828417008953291304594331492711484107972043379870991094899255784925731131869303014069809043874864214 0 0 0 0 0 0 0 0 0 0 0 0 0 0 0 0 0 0 0 0 0 0 0 0 0 0 0 0 0 0 0 0 0 0 0 0 0 0 0 0 0 0 0 0 0 0 0 0 0 0 0 0 0 0 0 0 0 0 0 1 0 0 0 0 0 0 0 0 0 0 0 0 0 0 0 0 0 0 0 0 0 0 0 0 0 0 0 0 0 0 0 0 0 0 0]
[3499581063772581317580832340523473371439427209273535274849500485097033599491399483614670638822017018649420022697622433431515714593202847446752795974305449142152365350322129490129775973566984669551132263991716282914560121854483731965905885580595528845394379046019193798669011707255778401904 0 0 0 0 0 0 0 0 0 0 0 0 0 0 0 0 0 0 0 0 0 0 0 0 0 0 0 0 0 0 0 0 0 0 0 0 0 0 0 0 0 0 0 0 0 0 0 0 0 0 0 0 0 0 0 0 0 0 0 0 1 0 0 0 0 0 0 0 0 0 0 0 0 0 0 0 0 0 0 0 0 0 0 0 0 0 0 0 0 0 0 0 0 0 0]
[5154403681185510733073843023415397854024658654569616743027387391432546871957529283092744530675423924270466978169820591031076242562310919744268694242772208314729508602237594836759223752118656807975262110707851670770670460938240335061341186847853919178975319925711033117186396668531908121718 0 0 0 0 0 0 0 0 0 0 0 0 0 0 0 0 0 0 0 0 0 0 0 0 0 0 0 0 0 0 0 0 0 0 0 0 0 0 0 0 0 0 0 0 0 0 0 0 0 0 0 0 0 0 0 0 0 0 0 0 0 1 0 0 0 0 0 0 0 0 0 0 0 0 0 0 0 0 0 0 0 0 0 0 0 0 0 0 0 0 0 0 0 0 0]
[5545212091016098443619419526406427259654690043846700260261529624785923116238363298681377643259223256335801867325078678474151499209492167381387923590016386193815197000513740917777143986021619486536610236260140630678383098789364325685556969663930469052705271194274662934440049722581531765358 0 0 0 0 0 0 0 0 0 0 0 0 0 0 0 0 0 0 0 0 0 0 0 0 0 0 0 0 0 0 0 0 0 0 0 0 0 0 0 0 0 0 0 0 0 0 0 0 0 0 0 0 0 0 0 0 0 0 0 0 0 0 1 0 0 0 0 0 0 0 0 0 0 0 0 0 0 0 0 0 0 0 0 0 0 0 0 0 0 0 0 0 0 0 0]
[5778748781522816943304202636551865874143010023101561793727573467025860665632969608880242409987391325678175841823259631341279708399346257297894627921038182771419119760714307050912297399117517773887894000492471135670012148226271094249714504485175378727502677450305144268773381315849450341826 0 0 0 0 0 0 0 0 0 0 0 0 0 0 0 0 0 0 0 0 0 0 0 0 0 0 0 0 0 0 0 0 0 0 0 0 0 0 0 0 0 0 0 0 0 0 0 0 0 0 0 0 0 0 0 0 0 0 0 0 0 0 0 1 0 0 0 0 0 0 0 0 0 0 0 0 0 0 0 0 0 0 0 0 0 0 0 0 0 0 0 0 0 0 0]
[154142550776276120322651964987472355549701768858531551460275662641637400636567600022011680860157450228876227904229032931736913455297131928644453846511199125617948861833166826693777988789934792884263499364171661041876106909501153718357217091899228666243743383368198689038745991623080806141 0 0 0 0 0 0 0 0 0 0 0 0 0 0 0 0 0 0 0 0 0 0 0 0 0 0 0 0 0 0 0 0 0 0 0 0 0 0 0 0 0 0 0 0 0 0 0 0 0 0 0 0 0 0 0 0 0 0 0 0 0 0 0 0 1 0 0 0 0 0 0 0 0 0 0 0 0 0 0 0 0 0 0 0 0 0 0 0 0 0 0 0 0 0 0]
[5828753256726189025382893173590218507037471723534499698678119052303984517673835020451379924832679813977630986493069125908527363703819354861732327622848041816363705428132265662242871085780910322326165378182978704588891555133397703476718293459763534881664259101492631074928841167770881452218 0 0 0 0 0 0 0 0 0 0 0 0 0 0 0 0 0 0 0 0 0 0 0 0 0 0 0 0 0 0 0 0 0 0 0 0 0 0 0 0 0 0 0 0 0 0 0 0 0 0 0 0 0 0 0 0 0 0 0 0 0 0 0 0 0 1 0 0 0 0 0 0 0 0 0 0 0 0 0 0 0 0 0 0 0 0 0 0 0 0 0 0 0 0 0]
[79610843853328313515105390091032091617327770870489890908114915572962092612895024363054504988399879490964725586468892900539911609414266972447782824824994343782579309705317803867075896057869603533759610082875118975751109115860822898876285040083684715866854634907735215467767521328974433145 0 0 0 0 0 0 0 0 0 0 0 0 0 0 0 0 0 0 0 0 0 0 0 0 0 0 0 0 0 0 0 0 0 0 0 0 0 0 0 0 0 0 0 0 0 0 0 0 0 0 0 0 0 0 0 0 0 0 0 0 0 0 0 0 0 0 1 0 0 0 0 0 0 0 0 0 0 0 0 0 0 0 0 0 0 0 0 0 0 0 0 0 0 0 0]
[2474722835540110281076282490648673244942823649004421322616393958552873067386559534289431333016758205188466498333406978890223397811472012515449146062170102752077526916166822785009263141065180331788062459953751397936111262427261139828372180655052811849828073029940744259071180507352224879451 0 0 0 0 0 0 0 0 0 0 0 0 0 0 0 0 0 0 0 0 0 0 0 0 0 0 0 0 0 0 0 0 0 0 0 0 0 0 0 0 0 0 0 0 0 0 0 0 0 0 0 0 0 0 0 0 0 0 0 0 0 0 0 0 0 0 0 1 0 0 0 0 0 0 0 0 0 0 0 0 0 0 0 0 0 0 0 0 0 0 0 0 0 0 0]
[2238374970889437717203038874522814753376233639918363247803356599158254239194756106875382771569430011820244465611016345658884442733932026994465425271610162245321041316354534699174835159238603365656268845128631695451556548203817037327045185884914868733152389503230890495752588865370565587413 0 0 0 0 0 0 0 0 0 0 0 0 0 0 0 0 0 0 0 0 0 0 0 0 0 0 0 0 0 0 0 0 0 0 0 0 0 0 0 0 0 0 0 0 0 0 0 0 0 0 0 0 0 0 0 0 0 0 0 0 0 0 0 0 0 0 0 0 1 0 0 0 0 0 0 0 0 0 0 0 0 0 0 0 0 0 0 0 0 0 0 0 0 0 0]
[4368314184858133237614993419154447837180780778908318059075239161302382611695023399712280707844276150196872361488420932453835670782977811321092690901153669996226041173476704346876912765136695212488698462377485431720904048573070108413031567317492419733923374422369765973225644386043701371538 0 0 0 0 0 0 0 0 0 0 0 0 0 0 0 0 0 0 0 0 0 0 0 0 0 0 0 0 0 0 0 0 0 0 0 0 0 0 0 0 0 0 0 0 0 0 0 0 0 0 0 0 0 0 0 0 0 0 0 0 0 0 0 0 0 0 0 0 0 1 0 0 0 0 0 0 0 0 0 0 0 0 0 0 0 0 0 0 0 0 0 0 0 0 0]
[4808274490008855338114163948813730014407788855336594656371032541576604016559099437532018325619044350947420335397102001560771634224847929842865660029995141223008390752163822828736489483650156001563641455050587522738619734085927015195868485209556687471396716694394175866372782329140514309213 0 0 0 0 0 0 0 0 0 0 0 0 0 0 0 0 0 0 0 0 0 0 0 0 0 0 0 0 0 0 0 0 0 0 0 0 0 0 0 0 0 0 0 0 0 0 0 0 0 0 0 0 0 0 0 0 0 0 0 0 0 0 0 0 0 0 0 0 0 0 1 0 0 0 0 0 0 0 0 0 0 0 0 0 0 0 0 0 0 0 0 0 0 0 0]
[3764400390742402418726060306009253902497899444787887949682962104038786488718428387901619335299843501744448315488564617858528596251961335477118432450934741002230846051686578707517184347954158031506444196942910901270489590993340032718728471788956745127578290480716443200651020228109208971715 0 0 0 0 0 0 0 0 0 0 0 0 0 0 0 0 0 0 0 0 0 0 0 0 0 0 0 0 0 0 0 0 0 0 0 0 0 0 0 0 0 0 0 0 0 0 0 0 0 0 0 0 0 0 0 0 0 0 0 0 0 0 0 0 0 0 0 0 0 0 0 1 0 0 0 0 0 0 0 0 0 0 0 0 0 0 0 0 0 0 0 0 0 0 0]
[125343447232252651808509694590879566563214253448183326209045315805514923583129200483347367848010949679506093529756256937217955977389773844103196453107044282688176354914170922002743140426925075837387477807831418263647432129514579465753042281801095229858433492593855038022354316784458321208 0 0 0 0 0 0 0 0 0 0 0 0 0 0 0 0 0 0 0 0 0 0 0 0 0 0 0 0 0 0 0 0 0 0 0 0 0 0 0 0 0 0 0 0 0 0 0 0 0 0 0 0 0 0 0 0 0 0 0 0 0 0 0 0 0 0 0 0 0 0 0 0 1 0 0 0 0 0 0 0 0 0 0 0 0 0 0 0 0 0 0 0 0 0 0]
[2997254275789238407091177810542138228874943308277480333437527455221661872784815706220586818431227984367851422793819183556916655079465022214331954107962472708332744127327477628518557825990393773172330356216808396764665948679046066407772845963562671232638934077072074901274633933111938562499 0 0 0 0 0 0 0 0 0 0 0 0 0 0 0 0 0 0 0 0 0 0 0 0 0 0 0 0 0 0 0 0 0 0 0 0 0 0 0 0 0 0 0 0 0 0 0 0 0 0 0 0 0 0 0 0 0 0 0 0 0 0 0 0 0 0 0 0 0 0 0 0 0 1 0 0 0 0 0 0 0 0 0 0 0 0 0 0 0 0 0 0 0 0 0]
[4397273342990221193385792017694424350978175467122290635227431745998287129492732163728695390373139453432942939535822860351437327431502484307176473598647568642036605942343642894663062434051142282733447665993474215956976863306436392474598375827905643583925721297094532744456238313225776764698 0 0 0 0 0 0 0 0 0 0 0 0 0 0 0 0 0 0 0 0 0 0 0 0 0 0 0 0 0 0 0 0 0 0 0 0 0 0 0 0 0 0 0 0 0 0 0 0 0 0 0 0 0 0 0 0 0 0 0 0 0 0 0 0 0 0 0 0 0 0 0 0 0 0 1 0 0 0 0 0 0 0 0 0 0 0 0 0 0 0 0 0 0 0 0]
[5324489324615356755885420726276236151193184919134099983852274626128361742393202115910468570785772168700327608807186812353295297951007397034031192609544436856786327675130640060168499659475269250303290877049657932988023572311309250755964162770830255420015024401313825075547072891481318120159 0 0 0 0 0 0 0 0 0 0 0 0 0 0 0 0 0 0 0 0 0 0 0 0 0 0 0 0 0 0 0 0 0 0 0 0 0 0 0 0 0 0 0 0 0 0 0 0 0 0 0 0 0 0 0 0 0 0 0 0 0 0 0 0 0 0 0 0 0 0 0 0 0 0 0 1 0 0 0 0 0 0 0 0 0 0 0 0 0 0 0 0 0 0 0]
[365958366818823181461670808044891516988378031054201842089989974198154985267189627228130992292917470069688993733081745444365744883272110382549539066918625469193588834152735964281453896059942070248018436403285371436645503023458848508233127548299379802223240098194212320838504152340703127792 0 0 0 0 0 0 0 0 0 0 0 0 0 0 0 0 0 0 0 0 0 0 0 0 0 0 0 0 0 0 0 0 0 0 0 0 0 0 0 0 0 0 0 0 0 0 0 0 0 0 0 0 0 0 0 0 0 0 0 0 0 0 0 0 0 0 0 0 0 0 0 0 0 0 0 0 1 0 0 0 0 0 0 0 0 0 0 0 0 0 0 0 0 0 0]
[3325600053116454718505630673416241850221364177721994501744450031525158491809446010084505573649455471418787472509980838849409857230514402276865417715257896368546772210498780016475562651911044776007408932994869845524679706126852448542025596636289725036629092543827266858809352504370157816438 0 0 0 0 0 0 0 0 0 0 0 0 0 0 0 0 0 0 0 0 0 0 0 0 0 0 0 0 0 0 0 0 0 0 0 0 0 0 0 0 0 0 0 0 0 0 0 0 0 0 0 0 0 0 0 0 0 0 0 0 0 0 0 0 0 0 0 0 0 0 0 0 0 0 0 0 0 1 0 0 0 0 0 0 0 0 0 0 0 0 0 0 0 0 0]
[367918837158918811702697082328779423936114121598848524493784938444260279765478816631579988797255368043034786351770657858642596563255356718154359095644597055502328694175502059476009964843550319538587320532109614178802354420799646547958473233808302857197674506549165384185476106953965333049 0 0 0 0 0 0 0 0 0 0 0 0 0 0 0 0 0 0 0 0 0 0 0 0 0 0 0 0 0 0 0 0 0 0 0 0 0 0 0 0 0 0 0 0 0 0 0 0 0 0 0 0 0 0 0 0 0 0 0 0 0 0 0 0 0 0 0 0 0 0 0 0 0 0 0 0 0 0 1 0 0 0 0 0 0 0 0 0 0 0 0 0 0 0 0]
[2572475941703996564230463935136578636989240545210610865630601500880603332988503872788171412285091689057597013949115233038713457446500703872090422955825194022140997178133583761917646897286626072432243489995801447111602670007088227379497640036506084087236080672879897597960504481126331672007 0 0 0 0 0 0 0 0 0 0 0 0 0 0 0 0 0 0 0 0 0 0 0 0 0 0 0 0 0 0 0 0 0 0 0 0 0 0 0 0 0 0 0 0 0 0 0 0 0 0 0 0 0 0 0 0 0 0 0 0 0 0 0 0 0 0 0 0 0 0 0 0 0 0 0 0 0 0 0 1 0 0 0 0 0 0 0 0 0 0 0 0 0 0 0]
[428157650022736677016319210296000173351406754153638712244807951072356589496918212194218809689636831454108369797671025023803811461168006358252679292469871641923347212198456508136863377124716796966863413229082838374420235235305684747503174202518008845125582842569033959948008238056219239779 0 0 0 0 0 0 0 0 0 0 0 0 0 0 0 0 0 0 0 0 0 0 0 0 0 0 0 0 0 0 0 0 0 0 0 0 0 0 0 0 0 0 0 0 0 0 0 0 0 0 0 0 0 0 0 0 0 0 0 0 0 0 0 0 0 0 0 0 0 0 0 0 0 0 0 0 0 0 0 0 1 0 0 0 0 0 0 0 0 0 0 0 0 0 0]
[1825320480061474450088724335616569772330196362262102823418564065097308919704556768941484438227964381959702859973496350687375009308502378998415331211702036232838122791397096337597445965577912149041668044934707077207628352203198998423369270930392955023881609392243075374546710941611525667131 0 0 0 0 0 0 0 0 0 0 0 0 0 0 0 0 0 0 0 0 0 0 0 0 0 0 0 0 0 0 0 0 0 0 0 0 0 0 0 0 0 0 0 0 0 0 0 0 0 0 0 0 0 0 0 0 0 0 0 0 0 0 0 0 0 0 0 0 0 0 0 0 0 0 0 0 0 0 0 0 0 1 0 0 0 0 0 0 0 0 0 0 0 0 0]
[5298818129777031408521699559268034846542609786922393055710074990097945311137359941568712240738068583861403414730710724666116295981543733828880328815062097395404267305599209882451103524965780481450659959565059471039393070866107363970502414239381866160842058433400776704826228128175919719001 0 0 0 0 0 0 0 0 0 0 0 0 0 0 0 0 0 0 0 0 0 0 0 0 0 0 0 0 0 0 0 0 0 0 0 0 0 0 0 0 0 0 0 0 0 0 0 0 0 0 0 0 0 0 0 0 0 0 0 0 0 0 0 0 0 0 0 0 0 0 0 0 0 0 0 0 0 0 0 0 0 0 1 0 0 0 0 0 0 0 0 0 0 0 0]
[3744319187881169403580338157403377745113814130380797342974747810053265790706870722358128154914092211994485358661027510186756597860727011166291411156307583753525157999286853916520159746911804832277037861250198422632715847150900413225777643848976217820539975416263433438450128304719031418564 0 0 0 0 0 0 0 0 0 0 0 0 0 0 0 0 0 0 0 0 0 0 0 0 0 0 0 0 0 0 0 0 0 0 0 0 0 0 0 0 0 0 0 0 0 0 0 0 0 0 0 0 0 0 0 0 0 0 0 0 0 0 0 0 0 0 0 0 0 0 0 0 0 0 0 0 0 0 0 0 0 0 0 1 0 0 0 0 0 0 0 0 0 0 0]
[2545926759048185829152354916929421279856842433638274172818081283373478474574270274002824696951345635549801408167360589232797224853731151763965764581011541727931349221812973011124180641482734551880670011797039876516382544799547753364643108417105537946954851807687426065448843512267757061669 0 0 0 0 0 0 0 0 0 0 0 0 0 0 0 0 0 0 0 0 0 0 0 0 0 0 0 0 0 0 0 0 0 0 0 0 0 0 0 0 0 0 0 0 0 0 0 0 0 0 0 0 0 0 0 0 0 0 0 0 0 0 0 0 0 0 0 0 0 0 0 0 0 0 0 0 0 0 0 0 0 0 0 0 1 0 0 0 0 0 0 0 0 0 0]
[1203964447383790654023600135842537021596442242489153455100260234707963582037180995253958840032453508442533994614679014396492923916824047637048760386721332707111707900319055113867505700685424577859409151867055293210453889126885889312323912235925015825683205975880654633980325953305643242891 0 0 0 0 0 0 0 0 0 0 0 0 0 0 0 0 0 0 0 0 0 0 0 0 0 0 0 0 0 0 0 0 0 0 0 0 0 0 0 0 0 0 0 0 0 0 0 0 0 0 0 0 0 0 0 0 0 0 0 0 0 0 0 0 0 0 0 0 0 0 0 0 0 0 0 0 0 0 0 0 0 0 0 0 0 1 0 0 0 0 0 0 0 0 0]
[1774201265713257473949109081502289752732936050151592096522231909993918291670754389141016724411122761500018784811659277844416507443427651865442133460450474706620686596354248600729218037037408369725933559176812914941694368426983083239702178360889802942670659024196376788156955243001639662173 0 0 0 0 0 0 0 0 0 0 0 0 0 0 0 0 0 0 0 0 0 0 0 0 0 0 0 0 0 0 0 0 0 0 0 0 0 0 0 0 0 0 0 0 0 0 0 0 0 0 0 0 0 0 0 0 0 0 0 0 0 0 0 0 0 0 0 0 0 0 0 0 0 0 0 0 0 0 0 0 0 0 0 0 0 0 1 0 0 0 0 0 0 0 0]
[3735652298376793292578499818119872236733228331356732361155632776419241793266793329810722800380332500742383243606266761986819253496908944990444887863382107284829472399347080864931919860460723033522264021323744822543804198149970332331030183745566185051079796811374582065636727674429851895268 0 0 0 0 0 0 0 0 0 0 0 0 0 0 0 0 0 0 0 0 0 0 0 0 0 0 0 0 0 0 0 0 0 0 0 0 0 0 0 0 0 0 0 0 0 0 0 0 0 0 0 0 0 0 0 0 0 0 0 0 0 0 0 0 0 0 0 0 0 0 0 0 0 0 0 0 0 0 0 0 0 0 0 0 0 0 0 1 0 0 0 0 0 0 0]
[3364709826882101156777873797908392647284862068680915953522463688097065439865310609690608267073135811309697970393132842653664598099489815636063808798815223246273026740834136532886203561747495098879386991783984895459487772627715767681837079809417328152090766928439543369013884255172107573356 0 0 0 0 0 0 0 0 0 0 0 0 0 0 0 0 0 0 0 0 0 0 0 0 0 0 0 0 0 0 0 0 0 0 0 0 0 0 0 0 0 0 0 0 0 0 0 0 0 0 0 0 0 0 0 0 0 0 0 0 0 0 0 0 0 0 0 0 0 0 0 0 0 0 0 0 0 0 0 0 0 0 0 0 0 0 0 0 1 0 0 0 0 0 0]
[4017467806164122148567134101748246496456860744697628880104336723548199130670635634058991838451389776771481414745389713205458285975888318684045966184238740774288967666095124622322366447856872977702137445184300578520940175988491121400661351417669083245512052841813999011997845193104985561987 0 0 0 0 0 0 0 0 0 0 0 0 0 0 0 0 0 0 0 0 0 0 0 0 0 0 0 0 0 0 0 0 0 0 0 0 0 0 0 0 0 0 0 0 0 0 0 0 0 0 0 0 0 0 0 0 0 0 0 0 0 0 0 0 0 0 0 0 0 0 0 0 0 0 0 0 0 0 0 0 0 0 0 0 0 0 0 0 0 1 0 0 0 0 0]
[5136473242374070209770021317826358907864498012842252473437807063011026414809509239211433625711609768302584950614342358896034882993229366552701520949412611194305958298071421030462290093514515201116902792223637040623999646698011460674834224294530130498125393538195071362207536830419310185212 0 0 0 0 0 0 0 0 0 0 0 0 0 0 0 0 0 0 0 0 0 0 0 0 0 0 0 0 0 0 0 0 0 0 0 0 0 0 0 0 0 0 0 0 0 0 0 0 0 0 0 0 0 0 0 0 0 0 0 0 0 0 0 0 0 0 0 0 0 0 0 0 0 0 0 0 0 0 0 0 0 0 0 0 0 0 0 0 0 0 1 0 0 0 0]
[512926846358879543080820783886404714697396556867892587324955911222304051933117970830702982812184509594347399137447910523027889283119363902540659530443320875876179302811902586988279741446924417561713671152381186321789695968032446189221646556074659011237307813559177724757848114122779224657 0 0 0 0 0 0 0 0 0 0 0 0 0 0 0 0 0 0 0 0 0 0 0 0 0 0 0 0 0 0 0 0 0 0 0 0 0 0 0 0 0 0 0 0 0 0 0 0 0 0 0 0 0 0 0 0 0 0 0 0 0 0 0 0 0 0 0 0 0 0 0 0 0 0 0 0 0 0 0 0 0 0 0 0 0 0 0 0 0 0 0 1 0 0 0]
[957833765994387631981063311753304920771397688451480006160624182888514081287284600537530749584183730034648063537181692583814527965705203339190792638185464615092858818901021043218311902558434385489073514018810133056177413838027170552196071762628895666194873335095745812412758609454176312160 0 0 0 0 0 0 0 0 0 0 0 0 0 0 0 0 0 0 0 0 0 0 0 0 0 0 0 0 0 0 0 0 0 0 0 0 0 0 0 0 0 0 0 0 0 0 0 0 0 0 0 0 0 0 0 0 0 0 0 0 0 0 0 0 0 0 0 0 0 0 0 0 0 0 0 0 0 0 0 0 0 0 0 0 0 0 0 0 0 0 0 0 1 0 0]
[1744594267417063463040449625021073988853658502760054745911549095648604138564902457576689116255346029864981230775051244114457900066451062291678787719871891985488543179101491365131577581878179190750129310237343741697854359308503694308248013373877322520005240468860744238794191265397270393398 0 0 0 0 0 0 0 0 0 0 0 0 0 0 0 0 0 0 0 0 0 0 0 0 0 0 0 0 0 0 0 0 0 0 0 0 0 0 0 0 0 0 0 0 0 0 0 0 0 0 0 0 0 0 0 0 0 0 0 0 0 0 0 0 0 0 0 0 0 0 0 0 0 0 0 0 0 0 0 0 0 0 0 0 0 0 0 0 0 0 0 0 0 1 0]
[2242951145108091226400854882066783892323394232128844123525924500200007199055123286550840942241618229535387446363225896977821138713080011798454709807405385940469823487780742717172567408916597800921362041181841048228685079393968250979813340638567225057523141442499113982574077644917426887726 0 0 0 0 0 0 0 0 0 0 0 0 0 0 0 0 0 0 0 0 0 0 0 0 0 0 0 0 0 0 0 0 0 0 0 0 0 0 0 0 0 0 0 0 0 0 0 0 0 0 0 0 0 0 0 0 0 0 0 0 0 0 0 0 0 0 0 0 0 0 0 0 0 0 0 0 0 0 0 0 0 0 0 0 0 0 0 0 0 0 0 0 0 0 1]
]
