[[6681553760974053342119642778415246261276505264005697516405471026692433649257344163555755504589746558212637841755290837308123730567900574257682535864327176934001288884308092226894100500640922857651162365755780677708607845524187053701841958314589147728427116810150905464137814888567032113099 0 0 0 0 0 0 0 0 0 0 0 0 0 0 0 0 0 0 0 0 0 0 0 0 0 0 0 0 0 0 0 0 0 0 0 0 0 0 0 0 0 0 0 0 0 0 0 0 0 0 0 0 0 0 0 0 0 0 0 0 0 0 0 0 0 0 0 0 0 0 0 0 0 0 0 0 0 0 0 0 0 0 0 0 0 0 0 0 0 0 0 0 0 0 0]
[5250943862925973053424097317287187177801637485274999603749105332784766862216002715651310686798610262581805776491502006818242286434014062847269144704580520221679485697031245512922910959478394556998198111651969890249154396182470319198637990920680853467475347278308673068545465350166278115832 1 0 0 0 0 0 0 0 0 0 0 0 0 0 0 0 0 0 0 0 0 0 0 0 0 0 0 0 0 0 0 0 0 0 0 0 0 0 0 0 0 0 0 0 0 0 0 0 0 0 0 0 0 0 0 0 0 0 0 0 0 0 0 0 0 0 0 0 0 0 0 0 0 0 0 0 0 0 0 0 0 0 0 0 0 0 0 0 0 0 0 0 0 0 0]
[40607651235255503128170707085588503048700132557485095515785947330939559980988789462719182748120068642448170610495344162616084220418698842715246170952732534288033859986328292782182110178582699550555104316350155345070693438548832741428260009389302069276495185486960204022544698100189358700 0 1 0 0 0 0 0 0 0 0 0 0 0 0 0 0 0 0 0 0 0 0 0 0 0 0 0 0 0 0 0 0 0 0 0 0 0 0 0 0 0 0 0 0 0 0 0 0 0 0 0 0 0 0 0 0 0 0 0 0 0 0 0 0 0 0 0 0 0 0 0 0 0 0 0 0 0 0 0 0 0 0 0 0 0 0 0 0 0 0 0 0 0 0 0]
[4521450987648304615041106612610365771549602590124753976662227556192950067400089585476762916243170903717085641347268825571950927962655959665698651594875279773068089297984102309783670843266541780736218901058376589352456412503111440474559134299962744638839658412790667109685132330619579745729 0 0 1 0 0 0 0 0 0 0 0 0 0 0 0 0 0 0 0 0 0 0 0 0 0 0 0 0 0 0 0 0 0 0 0 0 0 0 0 0 0 0 0 0 0 0 0 0 0 0 0 0 0 0 0 0 0 0 0 0 0 0 0 0 0 0 0 0 0 0 0 0 0 0 0 0 0 0 0 0 0 0 0 0 0 0 0 0 0 0 0 0 0 0 0]
[5665175151671732301289742239291192615187962444351384600147102429468648156516482126360123164672141746422468655609685553799920941197202818867257467551452061249364384235941664848370831786638186395546412819854640580565588404213221479875961454027152454321243133850167194407828985164637819527228 0 0 0 1 0 0 0 0 0 0 0 0 0 0 0 0 0 0 0 0 0 0 0 0 0 0 0 0 0 0 0 0 0 0 0 0 0 0 0 0 0 0 0 0 0 0 0 0 0 0 0 0 0 0 0 0 0 0 0 0 0 0 0 0 0 0 0 0 0 0 0 0 0 0 0 0 0 0 0 0 0 0 0 0 0 0 0 0 0 0 0 0 0 0 0]
[5813882234586983198704779414772392801286953776241708224203741548635040905138792315952997712504499591475145071433254759015469007029604895222445104950231185779943194704048337321650039702985436351202826666153221073228758601709059487499166005438744874293850400503783100936773475348597707874530 0 0 0 0 1 0 0 0 0 0 0 0 0 0 0 0 0 0 0 0 0 0 0 0 0 0 0 0 0 0 0 0 0 0 0 0 0 0 0 0 0 0 0 0 0 0 0 0 0 0 0 0 0 0 0 0 0 0 0 0 0 0 0 0 0 0 0 0 0 0 0 0 0 0 0 0 0 0 0 0 0 0 0 0 0 0 0 0 0 0 0 0 0 0 0]
[4348468468462517886650704514586837375554638833427639965511929246436124287887031684928392088076971292349548064432358013600321316079075083210321155441614031863647759608577693581926316904383585797971528650422021541747225571336733631061352506390561346709318855798418152050028349679878482768050 0 0 0 0 0 1 0 0 0 0 0 0 0 0 0 0 0 0 0 0 0 0 0 0 0 0 0 0 0 0 0 0 0 0 0 0 0 0 0 0 0 0 0 0 0 0 0 0 0 0 0 0 0 0 0 0 0 0 0 0 0 0 0 0 0 0 0 0 0 0 0 0 0 0 0 0 0 0 0 0 0 0 0 0 0 0 0 0 0 0 0 0 0 0 0]
[3113572721621570972846910555817220874239460467078924708869137935447145707871863859053805592678250044003703354545771383562939563531201975202767214152091703415769178169588237770304738659263734735365973109476906119212744549619154778776264595117672575301450036133040801793020311596500968558095 0 0 0 0 0 0 1 0 0 0 0 0 0 0 0 0 0 0 0 0 0 0 0 0 0 0 0 0 0 0 0 0 0 0 0 0 0 0 0 0 0 0 0 0 0 0 0 0 0 0 0 0 0 0 0 0 0 0 0 0 0 0 0 0 0 0 0 0 0 0 0 0 0 0 0 0 0 0 0 0 0 0 0 0 0 0 0 0 0 0 0 0 0 0 0]
[6287880265394302563560606787273228385740399464814533505293411378410470227449390652556771885799294945675681883056681569327688802677147046441157942114867078231426321990506752128507488052749700183609975691786293503779535930675611893443361316013861276119292189258779842068079353052654931132517 0 0 0 0 0 0 0 1 0 0 0 0 0 0 0 0 0 0 0 0 0 0 0 0 0 0 0 0 0 0 0 0 0 0 0 0 0 0 0 0 0 0 0 0 0 0 0 0 0 0 0 0 0 0 0 0 0 0 0 0 0 0 0 0 0 0 0 0 0 0 0 0 0 0 0 0 0 0 0 0 0 0 0 0 0 0 0 0 0 0 0 0 0 0 0]
[5849346195923550230454172757067856711746336065281543694711729504563638357510272343409766609384338033094907596924661005331200697532725929754729658146295247737647466909477508926150595904817872782414202745778654597822895566088842300642794973300401145143311052932855746528981589271099775692632 0 0 0 0 0 0 0 0 1 0 0 0 0 0 0 0 0 0 0 0 0 0 0 0 0 0 0 0 0 0 0 0 0 0 0 0 0 0 0 0 0 0 0 0 0 0 0 0 0 0 0 0 0 0 0 0 0 0 0 0 0 0 0 0 0 0 0 0 0 0 0 0 0 0 0 0 0 0 0 0 0 0 0 0 0 0 0 0 0 0 0 0 0 0 0]
[3261204196027065093533232895776091233325508776098304070578886432433437110495235161502929847692919202050376466667131843365272222021048774705634294047283696895059216273277921867089922863768674712526475864713821573472996283567464860003580611592073301544747112818074725137411267962810816905357 0 0 0 0 0 0 0 0 0 1 0 0 0 0 0 0 0 0 0 0 0 0 0 0 0 0 0 0 0 0 0 0 0 0 0 0 0 0 0 0 0 0 0 0 0 0 0 0 0 0 0 0 0 0 0 0 0 0 0 0 0 0 0 0 0 0 0 0 0 0 0 0 0 0 0 0 0 0 0 0 0 0 0 0 0 0 0 0 0 0 0 0 0 0 0]
[5762675638411411875626178353885555211091327349540128694656322174439640107986500990108959903281076728993980513681580516576074207554508766300068576392323319661728804132042697651761534077250895258433355017558073278951531708766960406570229234597761930923119777252141569670672797270534363647883 0 0 0 0 0 0 0 0 0 0 1 0 0 0 0 0 0 0 0 0 0 0 0 0 0 0 0 0 0 0 0 0 0 0 0 0 0 0 0 0 0 0 0 0 0 0 0 0 0 0 0 0 0 0 0 0 0 0 0 0 0 0 0 0 0 0 0 0 0 0 0 0 0 0 0 0 0 0 0 0 0 0 0 0 0 0 0 0 0 0 0 0 0 0 0]
[4624897252616342133600554284472411942041138042930794201222796258696593296993850649454811928328806411390910439622083343818512138226364930295821256631246858368898172877611451587098186176374250713729080498531549450382722251971594797140726643355112787286634485124651448552464054508747982485658 0 0 0 0 0 0 0 0 0 0 0 1 0 0 0 0 0 0 0 0 0 0 0 0 0 0 0 0 0 0 0 0 0 0 0 0 0 0 0 0 0 0 0 0 0 0 0 0 0 0 0 0 0 0 0 0 0 0 0 0 0 0 0 0 0 0 0 0 0 0 0 0 0 0 0 0 0 0 0 0 0 0 0 0 0 0 0 0 0 0 0 0 0 0 0]
[5455642910471100381934580544362803116483309717247778736215277134353966250399300605772488964848003810818294075938841360979523256911272036368095601897905896459392947329498168665757959424466844272163263523551972303175349691530554010910488404436574861643786719616121711604046997166850239577129 0 0 0 0 0 0 0 0 0 0 0 0 1 0 0 0 0 0 0 0 0 0 0 0 0 0 0 0 0 0 0 0 0 0 0 0 0 0 0 0 0 0 0 0 0 0 0 0 0 0 0 0 0 0 0 0 0 0 0 0 0 0 0 0 0 0 0 0 0 0 0 0 0 0 0 0 0 0 0 0 0 0 0 0 0 0 0 0 0 0 0 0 0 0 0]
[3758253550605980115577287994340658936520408066216172393794076949887202705186721500137593447866648111617589027553197202975394906043566589319752518488695160587495672059951391136142996868394209481684644586973790246855308820079810238089053153272427747118929675592564910975488676202162865551553 0 0 0 0 0 0 0 0 0 0 0 0 0 1 0 0 0 0 0 0 0 0 0 0 0 0 0 0 0 0 0 0 0 0 0 0 0 0 0 0 0 0 0 0 0 0 0 0 0 0 0 0 0 0 0 0 0 0 0 0 0 0 0 0 0 0 0 0 0 0 0 0 0 0 0 0 0 0 0 0 0 0 0 0 0 0 0 0 0 0 0 0 0 0 0]
[1311783417945219391258705757546711500662057780667959612297983889674617784581352710976638403016732296859292825046463625056513726883528368368194623973423065001291500948897645241127172661091310447620019252039129942420703797960750389063048420129076466800768506669086140072783167374191211315578 0 0 0 0 0 0 0 0 0 0 0 0 0 0 1 0 0 0 0 0 0 0 0 0 0 0 0 0 0 0 0 0 0 0 0 0 0 0 0 0 0 0 0 0 0 0 0 0 0 0 0 0 0 0 0 0 0 0 0 0 0 0 0 0 0 0 0 0 0 0 0 0 0 0 0 0 0 0 0 0 0 0 0 0 0 0 0 0 0 0 0 0 0 0 0]
[4944168542138415656994401675837242266577536163176824902871084275879242105121544165559297298657678973140449882581107806781134995277166518558833148045638004533663201728734082873678613189894326277864172561313895620988772264558627838312118877477249914974561705931386336081556081279688772489292 0 0 0 0 0 0 0 0 0 0 0 0 0 0 0 1 0 0 0 0 0 0 0 0 0 0 0 0 0 0 0 0 0 0 0 0 0 0 0 0 0 0 0 0 0 0 0 0 0 0 0 0 0 0 0 0 0 0 0 0 0 0 0 0 0 0 0 0 0 0 0 0 0 0 0 0 0 0 0 0 0 0 0 0 0 0 0 0 0 0 0 0 0 0 0]
[4734490650915606249955892381823718844625365317747687688409011796068053912836140898190844949249719867924205402924196225939359034539790235614485506871161654984209401064377850737008658550491542287399659919332794971028539432763390082070827639764599826266988033819406267857325543659997249933998 0 0 0 0 0 0 0 0 0 0 0 0 0 0 0 0 1 0 0 0 0 0 0 0 0 0 0 0 0 0 0 0 0 0 0 0 0 0 0 0 0 0 0 0 0 0 0 0 0 0 0 0 0 0 0 0 0 0 0 0 0 0 0 0 0 0 0 0 0 0 0 0 0 0 0 0 0 0 0 0 0 0 0 0 0 0 0 0 0 0 0 0 0 0 0]
[2239469502318526546533435510950637264930114075786644324053290383809786927581635016806663586397124235440945149486907309614611618420663360087644213739427803615546055750284487337145938687349437505520995381020679823070477802630215434563664108975222858945229792617954572154017755336387731377553 0 0 0 0 0 0 0 0 0 0 0 0 0 0 0 0 0 1 0 0 0 0 0 0 0 0 0 0 0 0 0 0 0 0 0 0 0 0 0 0 0 0 0 0 0 0 0 0 0 0 0 0 0 0 0 0 0 0 0 0 0 0 0 0 0 0 0 0 0 0 0 0 0 0 0 0 0 0 0 0 0 0 0 0 0 0 0 0 0 0 0 0 0 0 0]
[936102731926568096136580604835184517554312000434739076772619388805360218888381919572111061418332864572881615721553629956159934902664968493728769266398501547332828628057226844664774603122655991138789093418266383001911526706699585083991357842659338991724288792017771903019341413675043315872 0 0 0 0 0 0 0 0 0 0 0 0 0 0 0 0 0 0 1 0 0 0 0 0 0 0 0 0 0 0 0 0 0 0 0 0 0 0 0 0 0 0 0 0 0 0 0 0 0 0 0 0 0 0 0 0 0 0 0 0 0 0 0 0 0 0 0 0 0 0 0 0 0 0 0 0 0 0 0 0 0 0 0 0 0 0 0 0 0 0 0 0 0 0 0]
[698779656148863396501575369963710757384033181563149654472909377159377860442987725647188360350498656142802058714531434851671092453967055125620591205502356599485638592854281189725221009729910114377365946961691697768916919308498494970002026235336659054886981522361312713900750247668820922185 0 0 0 0 0 0 0 0 0 0 0 0 0 0 0 0 0 0 0 1 0 0 0 0 0 0 0 0 0 0 0 0 0 0 0 0 0 0 0 0 0 0 0 0 0 0 0 0 0 0 0 0 0 0 0 0 0 0 0 0 0 0 0 0 0 0 0 0 0 0 0 0 0 0 0 0 0 0 0 0 0 0 0 0 0 0 0 0 0 0 0 0 0 0 0]
[4553786799187467159484830960076701285507167618702290300256854745697873774676877492661581455869647802894259631081258790859541992970493933567518295536199151828538340669365241759156114594829478204518615989167678919691573550419803035673369668986659604445318754614697443766094681474263959868710 0 0 0 0 0 0 0 0 0 0 0 0 0 0 0 0 0 0 0 0 1 0 0 0 0 0 0 0 0 0 0 0 0 0 0 0 0 0 0 0 0 0 0 0 0 0 0 0 0 0 0 0 0 0 0 0 0 0 0 0 0 0 0 0 0 0 0 0 0 0 0 0 0 0 0 0 0 0 0 0 0 0 0 0 0 0 0 0 0 0 0 0 0 0 0]
[5019866495149601023734547821693014169892584328269648433369293532343316687072634037140208557214674275623973954384913194167214366205178940276656763325082468431182977189581228248255928869559203829354108195714713662131252945011939160145441868870828338847559076864977254058570502756501994285351 0 0 0 0 0 0 0 0 0 0 0 0 0 0 0 0 0 0 0 0 0 1 0 0 0 0 0 0 0 0 0 0 0 0 0 0 0 0 0 0 0 0 0 0 0 0 0 0 0 0 0 0 0 0 0 0 0 0 0 0 0 0 0 0 0 0 0 0 0 0 0 0 0 0 0 0 0 0 0 0 0 0 0 0 0 0 0 0 0 0 0 0 0 0 0]
[4792060865166255506922714150574193873614624824541285136906908018910152646297616116573906320890260480345475354625806791663716764423538865193507559091792798506303272939531575553630713449519270176202569901405939020433850197107751839808569313706106555919587073876445950778664480590672526530762 0 0 0 0 0 0 0 0 0 0 0 0 0 0 0 0 0 0 0 0 0 0 1 0 0 0 0 0 0 0 0 0 0 0 0 0 0 0 0 0 0 0 0 0 0 0 0 0 0 0 0 0 0 0 0 0 0 0 0 0 0 0 0 0 0 0 0 0 0 0 0 0 0 0 0 0 0 0 0 0 0 0 0 0 0 0 0 0 0 0 0 0 0 0 0]
[4736221069351833804494922718992696905631541197940235864584036459721528277414447166155670672700400702256358213818338188085876722297079753101368129348239123032557172949389590717408559515915378122774694886237584143850829804906832555488620278284016270863107220944170072782478877311903949253315 0 0 0 0 0 0 0 0 0 0 0 0 0 0 0 0 0 0 0 0 0 0 0 1 0 0 0 0 0 0 0 0 0 0 0 0 0 0 0 0 0 0 0 0 0 0 0 0 0 0 0 0 0 0 0 0 0 0 0 0 0 0 0 0 0 0 0 0 0 0 0 0 0 0 0 0 0 0 0 0 0 0 0 0 0 0 0 0 0 0 0 0 0 0 0]
[6406271753493465173611647644768052651823412858082136908388046829252948515942292983787550077093177702339289502906941942778340636106144593939891918217909888374785990207802703038566918869191172028854299470555744934094783218879000026330741765762941014243230156198607520100299281000125883610318 0 0 0 0 0 0 0 0 0 0 0 0 0 0 0 0 0 0 0 0 0 0 0 0 1 0 0 0 0 0 0 0 0 0 0 0 0 0 0 0 0 0 0 0 0 0 0 0 0 0 0 0 0 0 0 0 0 0 0 0 0 0 0 0 0 0 0 0 0 0 0 0 0 0 0 0 0 0 0 0 0 0 0 0 0 0 0 0 0 0 0 0 0 0 0]
[1480203372967332078430526770701643625656124692178799862619103882758885488251681794670560555551823679244842121483043285323109034183127414349755267329948828482568481621813370873825015284501884055075833164776807883165445079883115176074402428788906329286482523685444330830318197975977544119450 0 0 0 0 0 0 0 0 0 0 0 0 0 0 0 0 0 0 0 0 0 0 0 0 0 1 0 0 0 0 0 0 0 0 0 0 0 0 0 0 0 0 0 0 0 0 0 0 0 0 0 0 0 0 0 0 0 0 0 0 0 0 0 0 0 0 0 0 0 0 0 0 0 0 0 0 0 0 0 0 0 0 0 0 0 0 0 0 0 0 0 0 0 0 0]
[5188834902762313142530029010652198962139630796693101480131449887863626471849301660821445636272887343689495990441499777758883801506277710335005159226456053445766173538406346393957331649346044655281843327022645621814328198773761115181258897784932568481657780235320132700074749162886852827801 0 0 0 0 0 0 0 0 0 0 0 0 0 0 0 0 0 0 0 0 0 0 0 0 0 0 1 0 0 0 0 0 0 0 0 0 0 0 0 0 0 0 0 0 0 0 0 0 0 0 0 0 0 0 0 0 0 0 0 0 0 0 0 0 0 0 0 0 0 0 0 0 0 0 0 0 0 0 0 0 0 0 0 0 0 0 0 0 0 0 0 0 0 0 0]
[2605354928673095417631275301386493644047508562300244114950888843213369040593639310337569681432247630131467176213298829136262433612289569366471489053713775030051176152337933097182214675131617949989095088357467254608492200312865918721161071060136253879287125711689415203454017813347898753702 0 0 0 0 0 0 0 0 0 0 0 0 0 0 0 0 0 0 0 0 0 0 0 0 0 0 0 1 0 0 0 0 0 0 0 0 0 0 0 0 0 0 0 0 0 0 0 0 0 0 0 0 0 0 0 0 0 0 0 0 0 0 0 0 0 0 0 0 0 0 0 0 0 0 0 0 0 0 0 0 0 0 0 0 0 0 0 0 0 0 0 0 0 0 0]
[595917882418080932115295342996685041344664883684043299059863483232122564792289442304766742878885251514054742411215185286279421862808678250551681011089393017129490704905939255956814739938371448677286646770765435636561482069434536967778585902981685696959326965705516092963396602760731104335 0 0 0 0 0 0 0 0 0 0 0 0 0 0 0 0 0 0 0 0 0 0 0 0 0 0 0 0 1 0 0 0 0 0 0 0 0 0 0 0 0 0 0 0 0 0 0 0 0 0 0 0 0 0 0 0 0 0 0 0 0 0 0 0 0 0 0 0 0 0 0 0 0 0 0 0 0 0 0 0 0 0 0 0 0 0 0 0 0 0 0 0 0 0 0]
[5821687013064248913583995684777277044312749227798255176310071634311862147313938792450452645523361495775416859025190518177737596232896983628835286871587198766239966915600053876965913396637694263237952372508158050215013590693195032538337434934326724195455928042143429473962176353120501810128 0 0 0 0 0 0 0 0 0 0 0 0 0 0 0 0 0 0 0 0 0 0 0 0 0 0 0 0 0 1 0 0 0 0 0 0 0 0 0 0 0 0 0 0 0 0 0 0 0 0 0 0 0 0 0 0 0 0 0 0 0 0 0 0 0 0 0 0 0 0 0 0 0 0 0 0 0 0 0 0 0 0 0 0 0 0 0 0 0 0 0 0 0 0 0]
[3802942719733982598225043738929005725761111209435951409469159458686255116349519160985162184125617945797298146465796817683877822312020417432678158013179809902827833694296809440067500747749598415377370107959562498448649098275345768593083543677672564495105555425194854420005928268379824512108 0 0 0 0 0 0 0 0 0 0 0 0 0 0 0 0 0 0 0 0 0 0 0 0 0 0 0 0 0 0 1 0 0 0 0 0 0 0 0 0 0 0 0 0 0 0 0 0 0 0 0 0 0 0 0 0 0 0 0 0 0 0 0 0 0 0 0 0 0 0 0 0 0 0 0 0 0 0 0 0 0 0 0 0 0 0 0 0 0 0 0 0 0 0 0]
[2617208854960896409727097914200501565057374944430184502099941431994897166625317005427720380474891166895710202430361489258863173032305046316451943629498064321356848782054553749106893676232284087666714418142345251238914516776996420552315767187966189499248622332389716954046850725869414935300 0 0 0 0 0 0 0 0 0 0 0 0 0 0 0 0 0 0 0 0 0 0 0 0 0 0 0 0 0 0 0 1 0 0 0 0 0 0 0 0 0 0 0 0 0 0 0 0 0 0 0 0 0 0 0 0 0 0 0 0 0 0 0 0 0 0 0 0 0 0 0 0 0 0 0 0 0 0 0 0 0 0 0 0 0 0 0 0 0 0 0 0 0 0 0]
[3606613261927368054499053646073167893715285915137967578377387981359182093284642398157149802057080230391609074664384383336055681067079650486825003509390423014481136834956744524215653662300075416436203751499193190986304342059836055603864386427928159934382663102618070463762349136739370592346 0 0 0 0 0 0 0 0 0 0 0 0 0 0 0 0 0 0 0 0 0 0 0 0 0 0 0 0 0 0 0 0 1 0 0 0 0 0 0 0 0 0 0 0 0 0 0 0 0 0 0 0 0 0 0 0 0 0 0 0 0 0 0 0 0 0 0 0 0 0 0 0 0 0 0 0 0 0 0 0 0 0 0 0 0 0 0 0 0 0 0 0 0 0 0]
[5840611852659346721149149996782719234434414928237510450072090740990736447617212258958346744088178794327751260033188858113599555755723554230934664004202069106897067696150230136627603369193132312688261045049552643336058374268738559972179024299945680509393510971096341489962188072753470159550 0 0 0 0 0 0 0 0 0 0 0 0 0 0 0 0 0 0 0 0 0 0 0 0 0 0 0 0 0 0 0 0 0 1 0 0 0 0 0 0 0 0 0 0 0 0 0 0 0 0 0 0 0 0 0 0 0 0 0 0 0 0 0 0 0 0 0 0 0 0 0 0 0 0 0 0 0 0 0 0 0 0 0 0 0 0 0 0 0 0 0 0 0 0 0]
[2833463215580544899697253208205256163109124431043818696790242995661468375370968981017304146434795045698226783473331247057910713917841563435436528022718311787640341905773830914587408346854012572461603717699986666235707389992836203105858113336935279746127855228921552654024806120931695206384 0 0 0 0 0 0 0 0 0 0 0 0 0 0 0 0 0 0 0 0 0 0 0 0 0 0 0 0 0 0 0 0 0 0 1 0 0 0 0 0 0 0 0 0 0 0 0 0 0 0 0 0 0 0 0 0 0 0 0 0 0 0 0 0 0 0 0 0 0 0 0 0 0 0 0 0 0 0 0 0 0 0 0 0 0 0 0 0 0 0 0 0 0 0 0]
[5679874081502335570820746501148621297668377588773370406453204809601195349733353779878240789358846491106901129632134151677416872218362339033744551156018276347814098171711842073920149254229861589528482009999404950209787944288669789167409623924209575465748391630533206071820623443552233878846 0 0 0 0 0 0 0 0 0 0 0 0 0 0 0 0 0 0 0 0 0 0 0 0 0 0 0 0 0 0 0 0 0 0 0 1 0 0 0 0 0 0 0 0 0 0 0 0 0 0 0 0 0 0 0 0 0 0 0 0 0 0 0 0 0 0 0 0 0 0 0 0 0 0 0 0 0 0 0 0 0 0 0 0 0 0 0 0 0 0 0 0 0 0 0]
[250349773188968003629327768378893197751757841315901085917318070606283954020217673925935750080430464121572531790954500689911381199324687116071946291727168882143206159421609855662751927933218251873458289718740255665166141622298999273290749870127164007249741642230746292885396590104186011404 0 0 0 0 0 0 0 0 0 0 0 0 0 0 0 0 0 0 0 0 0 0 0 0 0 0 0 0 0 0 0 0 0 0 0 0 1 0 0 0 0 0 0 0 0 0 0 0 0 0 0 0 0 0 0 0 0 0 0 0 0 0 0 0 0 0 0 0 0 0 0 0 0 0 0 0 0 0 0 0 0 0 0 0 0 0 0 0 0 0 0 0 0 0 0]
[3248559736278425323684005613092732482608748958715616977451053688425719746635560615996249430740492671052656529869954681023214332068128832250374020643631786493454522144950842488258904214158039121212665720147349010247345118121495335235469705892957055100295426317431448634225984532182082175514 0 0 0 0 0 0 0 0 0 0 0 0 0 0 0 0 0 0 0 0 0 0 0 0 0 0 0 0 0 0 0 0 0 0 0 0 0 1 0 0 0 0 0 0 0 0 0 0 0 0 0 0 0 0 0 0 0 0 0 0 0 0 0 0 0 0 0 0 0 0 0 0 0 0 0 0 0 0 0 0 0 0 0 0 0 0 0 0 0 0 0 0 0 0 0]
[3178160187251417185180887605709489097155197675273645745603341848451613486249607821206514780786317349656903484652166494422115881187310273759190353004814996990744630969672576371515197963326687952605713226931721265005334253561432165594037929040519472643538325751125666456981936611240922456356 0 0 0 0 0 0 0 0 0 0 0 0 0 0 0 0 0 0 0 0 0 0 0 0 0 0 0 0 0 0 0 0 0 0 0 0 0 0 1 0 0 0 0 0 0 0 0 0 0 0 0 0 0 0 0 0 0 0 0 0 0 0 0 0 0 0 0 0 0 0 0 0 0 0 0 0 0 0 0 0 0 0 0 0 0 0 0 0 0 0 0 0 0 0 0]
[2244560278523511407913676927234609469603233357295222899401985884730655812597327797426316559652297618801123406848370190919977716412796567444193823129234757651477645053326080528096385524655942950258697315617013780154928393871248061426898887474772157152840670003047166226134579318570088699848 0 0 0 0 0 0 0 0 0 0 0 0 0 0 0 0 0 0 0 0 0 0 0 0 0 0 0 0 0 0 0 0 0 0 0 0 0 0 0 1 0 0 0 0 0 0 0 0 0 0 0 0 0 0 0 0 0 0 0 0 0 0 0 0 0 0 0 0 0 0 0 0 0 0 0 0 0 0 0 0 0 0 0 0 0 0 0 0 0 0 0 0 0 0 0]
[5180671654185781762664238529449133080321989848995857346871731222193927122098258662366259190684317546003160165222314396447179112064711450036481981357323140310167814717335081548902588109353856977188837265730330565894769779488584237521621181533887709174756147710719039125845301841145114710518 0 0 0 0 0 0 0 0 0 0 0 0 0 0 0 0 0 0 0 0 0 0 0 0 0 0 0 0 0 0 0 0 0 0 0 0 0 0 0 0 1 0 0 0 0 0 0 0 0 0 0 0 0 0 0 0 0 0 0 0 0 0 0 0 0 0 0 0 0 0 0 0 0 0 0 0 0 0 0 0 0 0 0 0 0 0 0 0 0 0 0 0 0 0 0]
[4482307644872922098739877361284255154812884432959357498232943312052589276274635085382453479147010768598240812216086915694300305944550106660790502209114417496027117513697474783851685358468488701226953961665740097283163263570891790798421023421030777543722481050910507196096442612742515980714 0 0 0 0 0 0 0 0 0 0 0 0 0 0 0 0 0 0 0 0 0 0 0 0 0 0 0 0 0 0 0 0 0 0 0 0 0 0 0 0 0 1 0 0 0 0 0 0 0 0 0 0 0 0 0 0 0 0 0 0 0 0 0 0 0 0 0 0 0 0 0 0 0 0 0 0 0 0 0 0 0 0 0 0 0 0 0 0 0 0 0 0 0 0 0]
[4742625915662320580930632631130194281622853765281354933497951707327917829269117259595941367587211103941163593775573142288543575067626940698288310376859700418971354225594312732983042421633572593311073677342949356907993122686166739779273975124238905882959758400740440706528446889052553952674 0 0 0 0 0 0 0 0 0 0 0 0 0 0 0 0 0 0 0 0 0 0 0 0 0 0 0 0 0 0 0 0 0 0 0 0 0 0 0 0 0 0 1 0 0 0 0 0 0 0 0 0 0 0 0 0 0 0 0 0 0 0 0 0 0 0 0 0 0 0 0 0 0 0 0 0 0 0 0 0 0 0 0 0 0 0 0 0 0 0 0 0 0 0 0]
[915632149676246186433455327576141746231642353274434674103601859476465202907729820439907805259255677787394550729307610843764851589737615430269624197205458541385063859423908158806787486875095575887849123933823274819759961348746082090545348300311010202982210057616748934419734735388219567517 0 0 0 0 0 0 0 0 0 0 0 0 0 0 0 0 0 0 0 0 0 0 0 0 0 0 0 0 0 0 0 0 0 0 0 0 0 0 0 0 0 0 0 1 0 0 0 0 0 0 0 0 0 0 0 0 0 0 0 0 0 0 0 0 0 0 0 0 0 0 0 0 0 0 0 0 0 0 0 0 0 0 0 0 0 0 0 0 0 0 0 0 0 0 0]
[2349810404694364815846269397302433895974780681907581056014267550450040257674957122767162154629167765420151936526492090946283623926459849862475336005221423659919457256487995498680076128097739550181920570675700232744378077609647923315307319439031983076061877299603885538400828666657142863634 0 0 0 0 0 0 0 0 0 0 0 0 0 0 0 0 0 0 0 0 0 0 0 0 0 0 0 0 0 0 0 0 0 0 0 0 0 0 0 0 0 0 0 0 1 0 0 0 0 0 0 0 0 0 0 0 0 0 0 0 0 0 0 0 0 0 0 0 0 0 0 0 0 0 0 0 0 0 0 0 0 0 0 0 0 0 0 0 0 0 0 0 0 0 0]
[5183913204567730010049642991246712245204412844040706255065856476706647257490807671396568441880953314281238894237871548862540555847763507882585883888832409924904871293557480349258384276339536155507958637933767991978492244081402844951784483274251514391260889866313327696331802422918785778057 0 0 0 0 0 0 0 0 0 0 0 0 0 0 0 0 0 0 0 0 0 0 0 0 0 0 0 0 0 0 0 0 0 0 0 0 0 0 0 0 0 0 0 0 0 1 0 0 0 0 0 0 0 0 0 0 0 0 0 0 0 0 0 0 0 0 0 0 0 0 0 0 0 0 0 0 0 0 0 0 0 0 0 0 0 0 0 0 0 0 0 0 0 0 0]
[1158280774220493070819547155793463040621048494310466819988059861583734472212410378536866862851888341255185495248316380059924996549460165536023433506588975668884954267189036293324191188665130559388684932097334481296982282800466522175917921523388581485610922689004089178655362697658290753762 0 0 0 0 0 0 0 0 0 0 0 0 0 0 0 0 0 0 0 0 0 0 0 0 0 0 0 0 0 0 0 0 0 0 0 0 0 0 0 0 0 0 0 0 0 0 1 0 0 0 0 0 0 0 0 0 0 0 0 0 0 0 0 0 0 0 0 0 0 0 0 0 0 0 0 0 0 0 0 0 0 0 0 0 0 0 0 0 0 0 0 0 0 0 0]
[4450935864133230883640962478552792608891241559057895819582149257342132733986178603357914986842531310277693555445307744411413998475645340717578455206451477179374636909295074341335547385352127775894652994750785233741336774885227717146806881601308206877864353478888685299600367049526566714378 0 0 0 0 0 0 0 0 0 0 0 0 0 0 0 0 0 0 0 0 0 0 0 0 0 0 0 0 0 0 0 0 0 0 0 0 0 0 0 0 0 0 0 0 0 0 0 1 0 0 0 0 0 0 0 0 0 0 0 0 0 0 0 0 0 0 0 0 0 0 0 0 0 0 0 0 0 0 0 0 0 0 0 0 0 0 0 0 0 0 0 0 0 0 0]
[2882345074484749529606794199439759690930810598483881766756528685455316286961172096468126511658457911339978524434245739711601908276472795260955118518625885763661295732806328137443666627527465615469201686468387721605661895680626741696423794277110143767323456557117259573768154344612253424761 0 0 0 0 0 0 0 0 0 0 0 0 0 0 0 0 0 0 0 0 0 0 0 0 0 0 0 0 0 0 0 0 0 0 0 0 0 0 0 0 0 0 0 0 0 0 0 0 1 0 0 0 0 0 0 0 0 0 0 0 0 0 0 0 0 0 0 0 0 0 0 0 0 0 0 0 0 0 0 0 0 0 0 0 0 0 0 0 0 0 0 0 0 0 0]
[2111206030183754943912757072964826657471824707157222182055106057262061615212034107933595392812368496284372766009396342682420848343399161357916483970918674810054037050508207705277239519008276086882326623328786928542384137234614767560093584646954968203321901450597073334364339825034861919964 0 0 0 0 0 0 0 0 0 0 0 0 0 0 0 0 0 0 0 0 0 0 0 0 0 0 0 0 0 0 0 0 0 0 0 0 0 0 0 0 0 0 0 0 0 0 0 0 0 1 0 0 0 0 0 0 0 0 0 0 0 0 0 0 0 0 0 0 0 0 0 0 0 0 0 0 0 0 0 0 0 0 0 0 0 0 0 0 0 0 0 0 0 0 0]
[5252031638819768170382880185468989178272162464037196889551823463191942261451952745327310700324450495269756750241809973399950254113464874609763619827389482016870742578728337418079501075004346868084067843430319737959170412643065447326634558063660565327190461487471531385381538637908933674591 0 0 0 0 0 0 0 0 0 0 0 0 0 0 0 0 0 0 0 0 0 0 0 0 0 0 0 0 0 0 0 0 0 0 0 0 0 0 0 0 0 0 0 0 0 0 0 0 0 0 1 0 0 0 0 0 0 0 0 0 0 0 0 0 0 0 0 0 0 0 0 0 0 0 0 0 0 0 0 0 0 0 0 0 0 0 0 0 0 0 0 0 0 0 0]
[2370291460726779946197705232459566061042906274496753578102979707016054343941891854862200544329406873594944682742890186776633963468797773709422533560332068164589878920213589414443889913740904316509531203185736196079131501159824957872495743588719247848569859811967149035274548494285788406417 0 0 0 0 0 0 0 0 0 0 0 0 0 0 0 0 0 0 0 0 0 0 0 0 0 0 0 0 0 0 0 0 0 0 0 0 0 0 0 0 0 0 0 0 0 0 0 0 0 0 0 1 0 0 0 0 0 0 0 0 0 0 0 0 0 0 0 0 0 0 0 0 0 0 0 0 0 0 0 0 0 0 0 0 0 0 0 0 0 0 0 0 0 0 0]
[3658670859208121561780413616314111885415421128266299440266245992963358308147467032656046993636909632008407692011831486409559144131032166880940661840561807125575802736568357945780644618209574114175984941109139232742587933568940411648677158249544242648533570641017770035670805008909930797788 0 0 0 0 0 0 0 0 0 0 0 0 0 0 0 0 0 0 0 0 0 0 0 0 0 0 0 0 0 0 0 0 0 0 0 0 0 0 0 0 0 0 0 0 0 0 0 0 0 0 0 0 1 0 0 0 0 0 0 0 0 0 0 0 0 0 0 0 0 0 0 0 0 0 0 0 0 0 0 0 0 0 0 0 0 0 0 0 0 0 0 0 0 0 0]
[5625505984087096502459541289245292102205267294504010229721542408005500034374581508062238000713114768228076113146782515938107850254522339110184734399100468223038041926699474094704213847793492499119346157048042826612630293105615598921001245091553506743681028041508658819938527996400854645489 0 0 0 0 0 0 0 0 0 0 0 0 0 0 0 0 0 0 0 0 0 0 0 0 0 0 0 0 0 0 0 0 0 0 0 0 0 0 0 0 0 0 0 0 0 0 0 0 0 0 0 0 0 1 0 0 0 0 0 0 0 0 0 0 0 0 0 0 0 0 0 0 0 0 0 0 0 0 0 0 0 0 0 0 0 0 0 0 0 0 0 0 0 0 0]
[5472179917759301046317301064801514606593577351645557110852727905770501183677332831584854836955496624593451643569880400491603615332551817948142276956867707663909238358282456301773518419751712789229644682477013435086423030924003886029764492712434003433612274169060494985991564322912194837918 0 0 0 0 0 0 0 0 0 0 0 0 0 0 0 0 0 0 0 0 0 0 0 0 0 0 0 0 0 0 0 0 0 0 0 0 0 0 0 0 0 0 0 0 0 0 0 0 0 0 0 0 0 0 1 0 0 0 0 0 0 0 0 0 0 0 0 0 0 0 0 0 0 0 0 0 0 0 0 0 0 0 0 0 0 0 0 0 0 0 0 0 0 0 0]
[3431400932967350762508769280036226784474704938293167800249354699751168896263489391147328037741024789417884803249966741680016604128715046118797942658330989334402401539087898701744796831901957969749423570652484537086966939057191050374483448686926761455004566316197049307426090976859441655142 0 0 0 0 0 0 0 0 0 0 0 0 0 0 0 0 0 0 0 0 0 0 0 0 0 0 0 0 0 0 0 0 0 0 0 0 0 0 0 0 0 0 0 0 0 0 0 0 0 0 0 0 0 0 0 1 0 0 0 0 0 0 0 0 0 0 0 0 0 0 0 0 0 0 0 0 0 0 0 0 0 0 0 0 0 0 0 0 0 0 0 0 0 0 0]
[5648115935986253894359608914694109630644067677238617584300985401146003507289389764293890978922946976348417125937743616446254046712560666768191402513685243644536711372591372479187384670588467716966140406448982838432124163746162401307993742657667015757107128555510991941191718920615483828194 0 0 0 0 0 0 0 0 0 0 0 0 0 0 0 0 0 0 0 0 0 0 0 0 0 0 0 0 0 0 0 0 0 0 0 0 0 0 0 0 0 0 0 0 0 0 0 0 0 0 0 0 0 0 0 0 1 0 0 0 0 0 0 0 0 0 0 0 0 0 0 0 0 0 0 0 0 0 0 0 0 0 0 0 0 0 0 0 0 0 0 0 0 0 0]
[2384094107635473112628167282151816241015852934206708908507467728729953785470993216283252944917527255130635015212366343602392322849115148520949050919848473070703142900221562725363315254020954890658913265586079523807840457055341393784930023235255760681342299184775191035038825380959871070070 0 0 0 0 0 0 0 0 0 0 0 0 0 0 0 0 0 0 0 0 0 0 0 0 0 0 0 0 0 0 0 0 0 0 0 0 0 0 0 0 0 0 0 0 0 0 0 0 0 0 0 0 0 0 0 0 0 1 0 0 0 0 0 0 0 0 0 0 0 0 0 0 0 0 0 0 0 0 0 0 0 0 0 0 0 0 0 0 0 0 0 0 0 0 0]
[5317215615604773360417461851768766939705790480383238404773145136811577890970600471829679228923129089792780246117968103384495961119061944537136457075810452543842941436345845652840108136240102658951267243390249117547919087919461566448164902395302274037979418225416803781474355363045460055786 0 0 0 0 0 0 0 0 0 0 0 0 0 0 0 0 0 0 0 0 0 0 0 0 0 0 0 0 0 0 0 0 0 0 0 0 0 0 0 0 0 0 0 0 0 0 0 0 0 0 0 0 0 0 0 0 0 0 1 0 0 0 0 0 0 0 0 0 0 0 0 0 0 0 0 0 0 0 0 0 0 0 0 0 0 0 0 0 0 0 0 0 0 0 0]
[6100057003620508666597203618249237959178391119012595547188553323672716771568684448680134007788827056259912447104866499061705845044462669072259787219254662960417898869742422423238516865429169385273727260005216815900995568433338391968701668269885949425236355555810831880679770024469196557290 0 0 0 0 0 0 0 0 0 0 0 0 0 0 0 0 0 0 0 0 0 0 0 0 0 0 0 0 0 0 0 0 0 0 0 0 0 0 0 0 0 0 0 0 0 0 0 0 0 0 0 0 0 0 0 0 0 0 0 1 0 0 0 0 0 0 0 0 0 0 0 0 0 0 0 0 0 0 0 0 0 0 0 0 0 0 0 0 0 0 0 0 0 0 0]
[5052032223299394560888017430512803513984856196787746513650549930516014935728703140036073362324103764486993483797935845820241845499355816360938189845249987132632101469282276633727371250158183295998598367476989337211620012989891292422309555808871713861887184433690571648362643769230494792958 0 0 0 0 0 0 0 0 0 0 0 0 0 0 0 0 0 0 0 0 0 0 0 0 0 0 0 0 0 0 0 0 0 0 0 0 0 0 0 0 0 0 0 0 0 0 0 0 0 0 0 0 0 0 0 0 0 0 0 0 1 0 0 0 0 0 0 0 0 0 0 0 0 0 0 0 0 0 0 0 0 0 0 0 0 0 0 0 0 0 0 0 0 0 0]
[1138983376652204468559911566024028556834301991279667698288466718093039780802847680230562231459898390098515017590558703061124963992488040964051810207257936317387516402571649790223676934377250733074765459678487844728613630525317381573313323881642043903463422623028458610570194300985727314757 0 0 0 0 0 0 0 0 0 0 0 0 0 0 0 0 0 0 0 0 0 0 0 0 0 0 0 0 0 0 0 0 0 0 0 0 0 0 0 0 0 0 0 0 0 0 0 0 0 0 0 0 0 0 0 0 0 0 0 0 0 1 0 0 0 0 0 0 0 0 0 0 0 0 0 0 0 0 0 0 0 0 0 0 0 0 0 0 0 0 0 0 0 0 0]
[3154361255347048878988828714080669578812904666840577356279745745253000294652574783274294868477333650584206893974507478268615676983682966424343444119835320739649435465776475185818649149544708185789392056548584123157826498905949152399678875591146586400306093226203551303834836085762428980069 0 0 0 0 0 0 0 0 0 0 0 0 0 0 0 0 0 0 0 0 0 0 0 0 0 0 0 0 0 0 0 0 0 0 0 0 0 0 0 0 0 0 0 0 0 0 0 0 0 0 0 0 0 0 0 0 0 0 0 0 0 0 1 0 0 0 0 0 0 0 0 0 0 0 0 0 0 0 0 0 0 0 0 0 0 0 0 0 0 0 0 0 0 0 0]
[4767684160662240541144874582553977926384215044630556522610776839997983049183498599935515118455452393597524263542820101003059893958603356376058006526417954723770577615444845318668710818988651799538303405660994667284641328878892499307844574815025676457236848060542769902343026430143987457504 0 0 0 0 0 0 0 0 0 0 0 0 0 0 0 0 0 0 0 0 0 0 0 0 0 0 0 0 0 0 0 0 0 0 0 0 0 0 0 0 0 0 0 0 0 0 0 0 0 0 0 0 0 0 0 0 0 0 0 0 0 0 0 1 0 0 0 0 0 0 0 0 0 0 0 0 0 0 0 0 0 0 0 0 0 0 0 0 0 0 0 0 0 0 0]
[975668809933640923475435183338740352455619973028055178920001451839885534759869307662719232430802056384309184622134415532020520798803231237358322560924583895407216344492549692738658597907645720702247080726088324503770408705952978122468263321784201585634663505042306711925457610225606761637 0 0 0 0 0 0 0 0 0 0 0 0 0 0 0 0 0 0 0 0 0 0 0 0 0 0 0 0 0 0 0 0 0 0 0 0 0 0 0 0 0 0 0 0 0 0 0 0 0 0 0 0 0 0 0 0 0 0 0 0 0 0 0 0 1 0 0 0 0 0 0 0 0 0 0 0 0 0 0 0 0 0 0 0 0 0 0 0 0 0 0 0 0 0 0]
[3120392409954975880577325328427979485603749691780329796257985046090282963618884711781092086625908874179229614403261898890605989127180128020095605402924087296758958073519023726883876082125826529274426684264040359593544948118383255630099543863156358576811081937990608930241480530087220147566 0 0 0 0 0 0 0 0 0 0 0 0 0 0 0 0 0 0 0 0 0 0 0 0 0 0 0 0 0 0 0 0 0 0 0 0 0 0 0 0 0 0 0 0 0 0 0 0 0 0 0 0 0 0 0 0 0 0 0 0 0 0 0 0 0 1 0 0 0 0 0 0 0 0 0 0 0 0 0 0 0 0 0 0 0 0 0 0 0 0 0 0 0 0 0]
[6083582337566728516761264173032461218611411436452426856381982392733106588643310029034761402014309276341780514658349031404746320260061312136174940634227023683156979804879110515352304140078674388493663011241561566470992217825621605411452645625921370306607583936867912160586527980786052441962 0 0 0 0 0 0 0 0 0 0 0 0 0 0 0 0 0 0 0 0 0 0 0 0 0 0 0 0 0 0 0 0 0 0 0 0 0 0 0 0 0 0 0 0 0 0 0 0 0 0 0 0 0 0 0 0 0 0 0 0 0 0 0 0 0 0 1 0 0 0 0 0 0 0 0 0 0 0 0 0 0 0 0 0 0 0 0 0 0 0 0 0 0 0 0]
[4259766108223174135233312218428113156058921947925612463560640007484917116236208087618742830753602924636514622818158576925192838841633895506764799145177050107716712753424134791692114037243810652485952286263591702823437261877097692160884493657592504623286473710160307642539494850856166254245 0 0 0 0 0 0 0 0 0 0 0 0 0 0 0 0 0 0 0 0 0 0 0 0 0 0 0 0 0 0 0 0 0 0 0 0 0 0 0 0 0 0 0 0 0 0 0 0 0 0 0 0 0 0 0 0 0 0 0 0 0 0 0 0 0 0 0 1 0 0 0 0 0 0 0 0 0 0 0 0 0 0 0 0 0 0 0 0 0 0 0 0 0 0 0]
[6008758306627628456586377035565326882142851557507073991893920323286324661954123795055497613490073078198416575025271789359802410494313763432620848685716587565639315885716392175516949655456322740117846378833457047482653841705572103218142414365285530001628469479193354692548229360497958172598 0 0 0 0 0 0 0 0 0 0 0 0 0 0 0 0 0 0 0 0 0 0 0 0 0 0 0 0 0 0 0 0 0 0 0 0 0 0 0 0 0 0 0 0 0 0 0 0 0 0 0 0 0 0 0 0 0 0 0 0 0 0 0 0 0 0 0 0 1 0 0 0 0 0 0 0 0 0 0 0 0 0 0 0 0 0 0 0 0 0 0 0 0 0 0]
[2655743838618823798441881773644772670977828635131178557186209892647963918884547305983840004402917058077114160778156880738105152170495274393283293222467573962676076997457940753591020702932935988001062277597142091359373733009764545688972614907574747678428830131672530378146335457222010619712 0 0 0 0 0 0 0 0 0 0 0 0 0 0 0 0 0 0 0 0 0 0 0 0 0 0 0 0 0 0 0 0 0 0 0 0 0 0 0 0 0 0 0 0 0 0 0 0 0 0 0 0 0 0 0 0 0 0 0 0 0 0 0 0 0 0 0 0 0 1 0 0 0 0 0 0 0 0 0 0 0 0 0 0 0 0 0 0 0 0 0 0 0 0 0]
[3355674023474451957288912163243478911169280302958619554157176438725292968950887338844535533462060634670639304532120340652015984561097656869786762573642171481351022566032187451363036939580877233047739982005766442062473311982989153580815065901452012296439969885107869051563811342182852334219 0 0 0 0 0 0 0 0 0 0 0 0 0 0 0 0 0 0 0 0 0 0 0 0 0 0 0 0 0 0 0 0 0 0 0 0 0 0 0 0 0 0 0 0 0 0 0 0 0 0 0 0 0 0 0 0 0 0 0 0 0 0 0 0 0 0 0 0 0 0 1 0 0 0 0 0 0 0 0 0 0 0 0 0 0 0 0 0 0 0 0 0 0 0 0]
[6142359617663703642111052840787473805581611523631961385041704748283578779935938958663042119358804965132697226972110625997588027535954134639159590094107531260040117663795366371124846271436295420925422667278408250405392231842071116876915040402766616351657645363480118557631591477720148693493 0 0 0 0 0 0 0 0 0 0 0 0 0 0 0 0 0 0 0 0 0 0 0 0 0 0 0 0 0 0 0 0 0 0 0 0 0 0 0 0 0 0 0 0 0 0 0 0 0 0 0 0 0 0 0 0 0 0 0 0 0 0 0 0 0 0 0 0 0 0 0 1 0 0 0 0 0 0 0 0 0 0 0 0 0 0 0 0 0 0 0 0 0 0 0]
[2410686120269141353670160553822988199154650404302385647796480428185353788095246402190690855852757436267437037929287472636405408173127707791637992030276782629821318357782828663501155081803606072425897898257455202423093821321368301198546617756626780506094641340933422797625346650384856899586 0 0 0 0 0 0 0 0 0 0 0 0 0 0 0 0 0 0 0 0 0 0 0 0 0 0 0 0 0 0 0 0 0 0 0 0 0 0 0 0 0 0 0 0 0 0 0 0 0 0 0 0 0 0 0 0 0 0 0 0 0 0 0 0 0 0 0 0 0 0 0 0 1 0 0 0 0 0 0 0 0 0 0 0 0 0 0 0 0 0 0 0 0 0 0]
[3614186084896537608555792008940319090772703201346769316148706566688675407797803563430697843757336645920899886267227860937531101530589941872443128111765043646076323550315051352042811203769941737616033963223698181642144303944282906393175003112631248403292768141603958169895458357994677881359 0 0 0 0 0 0 0 0 0 0 0 0 0 0 0 0 0 0 0 0 0 0 0 0 0 0 0 0 0 0 0 0 0 0 0 0 0 0 0 0 0 0 0 0 0 0 0 0 0 0 0 0 0 0 0 0 0 0 0 0 0 0 0 0 0 0 0 0 0 0 0 0 0 1 0 0 0 0 0 0 0 0 0 0 0 0 0 0 0 0 0 0 0 0 0]
[5952652691601886849520746684147375362392978729670323226386379076424520997292020343472406284820438816595667408444107906208797009168868261141012990462637338809952889505512086728736041998238970092964131126416240722526226625979805009064046761747103714649256500240697396381874086028805773443684 0 0 0 0 0 0 0 0 0 0 0 0 0 0 0 0 0 0 0 0 0 0 0 0 0 0 0 0 0 0 0 0 0 0 0 0 0 0 0 0 0 0 0 0 0 0 0 0 0 0 0 0 0 0 0 0 0 0 0 0 0 0 0 0 0 0 0 0 0 0 0 0 0 0 1 0 0 0 0 0 0 0 0 0 0 0 0 0 0 0 0 0 0 0 0]
[5821148432663847580198979245927791289708951568865080345960026495044868601939328062657627561336163852440357465267193740093924327532051480084897886962914332400795667222222131068033720869047711649215486391780312888597339172775969223623063108194463625082805308486827767494414477966939331914102 0 0 0 0 0 0 0 0 0 0 0 0 0 0 0 0 0 0 0 0 0 0 0 0 0 0 0 0 0 0 0 0 0 0 0 0 0 0 0 0 0 0 0 0 0 0 0 0 0 0 0 0 0 0 0 0 0 0 0 0 0 0 0 0 0 0 0 0 0 0 0 0 0 0 0 1 0 0 0 0 0 0 0 0 0 0 0 0 0 0 0 0 0 0 0]
[2654872379940934260800504470358985530725558412316091851150882752765903380528894388767963068094218793290804700972010937120379070201955714735925993325659788122907857413369746098617047529540438563168868892863367225672189741443806183632263377694054449547704436714029975811507364731700031092835 0 0 0 0 0 0 0 0 0 0 0 0 0 0 0 0 0 0 0 0 0 0 0 0 0 0 0 0 0 0 0 0 0 0 0 0 0 0 0 0 0 0 0 0 0 0 0 0 0 0 0 0 0 0 0 0 0 0 0 0 0 0 0 0 0 0 0 0 0 0 0 0 0 0 0 0 1 0 0 0 0 0 0 0 0 0 0 0 0 0 0 0 0 0 0]
[1998075100560830335384067079198819613098660816891343470624908082411279273837451576461466917061267514500573985347982377006436339538332689529040911391756102571566151751891414611846868955570125705775544211913223542925159235100792857753875462954701410174051002206977492109582280834719410568890 0 0 0 0 0 0 0 0 0 0 0 0 0 0 0 0 0 0 0 0 0 0 0 0 0 0 0 0 0 0 0 0 0 0 0 0 0 0 0 0 0 0 0 0 0 0 0 0 0 0 0 0 0 0 0 0 0 0 0 0 0 0 0 0 0 0 0 0 0 0 0 0 0 0 0 0 0 1 0 0 0 0 0 0 0 0 0 0 0 0 0 0 0 0 0]
[1029930725973703489043498156754078293707173008573329921464634600040559136431452934705234080613579393036816125124563869276076334142310519048764732160384997933136811956753445913797155926567129350299224233097880620759929261256023536456503629330106791358791518569624905210462345866034699267678 0 0 0 0 0 0 0 0 0 0 0 0 0 0 0 0 0 0 0 0 0 0 0 0 0 0 0 0 0 0 0 0 0 0 0 0 0 0 0 0 0 0 0 0 0 0 0 0 0 0 0 0 0 0 0 0 0 0 0 0 0 0 0 0 0 0 0 0 0 0 0 0 0 0 0 0 0 0 1 0 0 0 0 0 0 0 0 0 0 0 0 0 0 0 0]
[5696817149793031550926859653856736466422770825882397125447728608559447708166006018058093826487054212062550311295103470887083262193098629609363108585683834667524105861817443455850151077176487631929654049046242325495744199488644691137513814303175544875304043383259265805817433872113369107164 0 0 0 0 0 0 0 0 0 0 0 0 0 0 0 0 0 0 0 0 0 0 0 0 0 0 0 0 0 0 0 0 0 0 0 0 0 0 0 0 0 0 0 0 0 0 0 0 0 0 0 0 0 0 0 0 0 0 0 0 0 0 0 0 0 0 0 0 0 0 0 0 0 0 0 0 0 0 0 1 0 0 0 0 0 0 0 0 0 0 0 0 0 0 0]
[741265620315597009883378609225824329018549508118982331556004867713177247743764312997918646384740479190051568534587356094522058041680156410642991414255864178490009177306784640406039074660656512940300962380518804643272996488505719984810343273461475487383972396289637077397666278277615658373 0 0 0 0 0 0 0 0 0 0 0 0 0 0 0 0 0 0 0 0 0 0 0 0 0 0 0 0 0 0 0 0 0 0 0 0 0 0 0 0 0 0 0 0 0 0 0 0 0 0 0 0 0 0 0 0 0 0 0 0 0 0 0 0 0 0 0 0 0 0 0 0 0 0 0 0 0 0 0 0 1 0 0 0 0 0 0 0 0 0 0 0 0 0 0]
[1262684323516995158672565293520674968076337754495109732716417731365767935424296961700752639740880457922542333912025204393897989867461207468175432436959501970545176568636673191705952901776637155719847749254082604698469675819789353840436059659138227296836233044436456806600608200428643264856 0 0 0 0 0 0 0 0 0 0 0 0 0 0 0 0 0 0 0 0 0 0 0 0 0 0 0 0 0 0 0 0 0 0 0 0 0 0 0 0 0 0 0 0 0 0 0 0 0 0 0 0 0 0 0 0 0 0 0 0 0 0 0 0 0 0 0 0 0 0 0 0 0 0 0 0 0 0 0 0 0 1 0 0 0 0 0 0 0 0 0 0 0 0 0]
[1447910942975370613134936566462837078861715240896419497488280403308038686005568080938441188983897917711289112354731810004557141124679554240231590276927449865180856687010853396887248605629888639894160356516405136324274216192914791419644503488108492922939116105764068136147934402530996943331 0 0 0 0 0 0 0 0 0 0 0 0 0 0 0 0 0 0 0 0 0 0 0 0 0 0 0 0 0 0 0 0 0 0 0 0 0 0 0 0 0 0 0 0 0 0 0 0 0 0 0 0 0 0 0 0 0 0 0 0 0 0 0 0 0 0 0 0 0 0 0 0 0 0 0 0 0 0 0 0 0 0 1 0 0 0 0 0 0 0 0 0 0 0 0]
[5407052729244599727172128845553919690971789064636815135638475164508975804208874525666320219405760396014812909788934909466229066663527528728850566058413882832030648998666445226993232036573813949051263886079123987715707271583258716759070599367703047836421929164609367728999234791929136485109 0 0 0 0 0 0 0 0 0 0 0 0 0 0 0 0 0 0 0 0 0 0 0 0 0 0 0 0 0 0 0 0 0 0 0 0 0 0 0 0 0 0 0 0 0 0 0 0 0 0 0 0 0 0 0 0 0 0 0 0 0 0 0 0 0 0 0 0 0 0 0 0 0 0 0 0 0 0 0 0 0 0 0 1 0 0 0 0 0 0 0 0 0 0 0]
[1308933968731150094333308298792860949822619365767349313779151046453573361670316628886410604698225139834566942424860889251884300955131381624891827082011363296019296027165842119541971345210376452519654664894484357505204547341593808821263809631564990816548538810831286923613225693685815170672 0 0 0 0 0 0 0 0 0 0 0 0 0 0 0 0 0 0 0 0 0 0 0 0 0 0 0 0 0 0 0 0 0 0 0 0 0 0 0 0 0 0 0 0 0 0 0 0 0 0 0 0 0 0 0 0 0 0 0 0 0 0 0 0 0 0 0 0 0 0 0 0 0 0 0 0 0 0 0 0 0 0 0 0 1 0 0 0 0 0 0 0 0 0 0]
[3126797046044323061192086855959736015304708987366978781945301403021979045652809212084942358433659823930065171722428544659320956735343923520818840734497411816323537810947241612762139817244797468848428027443315285204366143955792111754430424163346615205021074630887410753145288829054972363145 0 0 0 0 0 0 0 0 0 0 0 0 0 0 0 0 0 0 0 0 0 0 0 0 0 0 0 0 0 0 0 0 0 0 0 0 0 0 0 0 0 0 0 0 0 0 0 0 0 0 0 0 0 0 0 0 0 0 0 0 0 0 0 0 0 0 0 0 0 0 0 0 0 0 0 0 0 0 0 0 0 0 0 0 0 1 0 0 0 0 0 0 0 0 0]
[2877517581432585953754135935383918489904596391622260876083509258872947397537104896861952486835492365529165844550782475719728447030536933262458467276858506241249234582847199327593072045644691105054421945424443033953343893007523917490451436374635058921895165146746740372949092320623844072665 0 0 0 0 0 0 0 0 0 0 0 0 0 0 0 0 0 0 0 0 0 0 0 0 0 0 0 0 0 0 0 0 0 0 0 0 0 0 0 0 0 0 0 0 0 0 0 0 0 0 0 0 0 0 0 0 0 0 0 0 0 0 0 0 0 0 0 0 0 0 0 0 0 0 0 0 0 0 0 0 0 0 0 0 0 0 1 0 0 0 0 0 0 0 0]
[4670750523863194149484595056039157177279521220710094484105974017536128679144737973480804058266630660465134738771132276939475221315419786862830033625417450888135648285094863187874900231734575986664959237269287242380788613588542986064338606015432948524112828706808092006535325417333968780930 0 0 0 0 0 0 0 0 0 0 0 0 0 0 0 0 0 0 0 0 0 0 0 0 0 0 0 0 0 0 0 0 0 0 0 0 0 0 0 0 0 0 0 0 0 0 0 0 0 0 0 0 0 0 0 0 0 0 0 0 0 0 0 0 0 0 0 0 0 0 0 0 0 0 0 0 0 0 0 0 0 0 0 0 0 0 0 1 0 0 0 0 0 0 0]
[1297613635395152791771668889022720621157803950464779582018651346368956490466693017234799936534394010802032844113178925264612282765903911852709949604834161330302554581617891577638647263147088144926803821099395821802831184829235216743370834284704096299246116674141094275757179033583359493350 0 0 0 0 0 0 0 0 0 0 0 0 0 0 0 0 0 0 0 0 0 0 0 0 0 0 0 0 0 0 0 0 0 0 0 0 0 0 0 0 0 0 0 0 0 0 0 0 0 0 0 0 0 0 0 0 0 0 0 0 0 0 0 0 0 0 0 0 0 0 0 0 0 0 0 0 0 0 0 0 0 0 0 0 0 0 0 0 1 0 0 0 0 0 0]
[2592323035379500952486233040454974449272065979611578636438549927395795363351688811956099667074339839637863700574715871709386791369820878997539215440614700233621661866597762605886470803021179930053468278671860220876137314293058655218716344288159246162478034403043603651310841520663080625672 0 0 0 0 0 0 0 0 0 0 0 0 0 0 0 0 0 0 0 0 0 0 0 0 0 0 0 0 0 0 0 0 0 0 0 0 0 0 0 0 0 0 0 0 0 0 0 0 0 0 0 0 0 0 0 0 0 0 0 0 0 0 0 0 0 0 0 0 0 0 0 0 0 0 0 0 0 0 0 0 0 0 0 0 0 0 0 0 0 1 0 0 0 0 0]
[868259690764740490800662204492389658616177175771145130566666235954470584794559026175381015602937960142577203105030901180987885588092302194349268123865999989241623365430089512816382187653073086686032994318342849520674031430621712897486978700639827021350584830386754107236108507858564197683 0 0 0 0 0 0 0 0 0 0 0 0 0 0 0 0 0 0 0 0 0 0 0 0 0 0 0 0 0 0 0 0 0 0 0 0 0 0 0 0 0 0 0 0 0 0 0 0 0 0 0 0 0 0 0 0 0 0 0 0 0 0 0 0 0 0 0 0 0 0 0 0 0 0 0 0 0 0 0 0 0 0 0 0 0 0 0 0 0 0 1 0 0 0 0]
[657505128771002969686028835094995451193813793571342704280951965984755927873987622093799205393686326320685432921645406227390618445563808401575343401340574636036279005796778484205923419534837603739158635554336665615731979219929145137514629047148923893816900345559275047437746685959458195975 0 0 0 0 0 0 0 0 0 0 0 0 0 0 0 0 0 0 0 0 0 0 0 0 0 0 0 0 0 0 0 0 0 0 0 0 0 0 0 0 0 0 0 0 0 0 0 0 0 0 0 0 0 0 0 0 0 0 0 0 0 0 0 0 0 0 0 0 0 0 0 0 0 0 0 0 0 0 0 0 0 0 0 0 0 0 0 0 0 0 0 1 0 0 0]
[2129633801957598002299632200913871996610657471241276151089720418352645801051608930029460797372471012354562023754714661367538969570163226211891193456990671400523712219124018711151911662775885131960741448795358761555460737556379619561830138099126893201985870283344656660347680417761281308647 0 0 0 0 0 0 0 0 0 0 0 0 0 0 0 0 0 0 0 0 0 0 0 0 0 0 0 0 0 0 0 0 0 0 0 0 0 0 0 0 0 0 0 0 0 0 0 0 0 0 0 0 0 0 0 0 0 0 0 0 0 0 0 0 0 0 0 0 0 0 0 0 0 0 0 0 0 0 0 0 0 0 0 0 0 0 0 0 0 0 0 0 1 0 0]
[4495217066448789399748634472354862089871430927977177241575818964695896289211485340687065079126958994229360800882780646678053832128871321379102889945913276366887902279289732215622044785853079573522752416874832986747240425421487344349982501000556245136941602320145944933172080879629471904697 0 0 0 0 0 0 0 0 0 0 0 0 0 0 0 0 0 0 0 0 0 0 0 0 0 0 0 0 0 0 0 0 0 0 0 0 0 0 0 0 0 0 0 0 0 0 0 0 0 0 0 0 0 0 0 0 0 0 0 0 0 0 0 0 0 0 0 0 0 0 0 0 0 0 0 0 0 0 0 0 0 0 0 0 0 0 0 0 0 0 0 0 0 1 0]
[4353949812786168842400460502007504109101930291052736597506881094858431810480582707655552979757560456510953329548435913656106116928293555854125330537244812395377256125370211565196089413897103155067491504504116024419566482382667258071196941620620697536027642689047133626555555293298213253208 0 0 0 0 0 0 0 0 0 0 0 0 0 0 0 0 0 0 0 0 0 0 0 0 0 0 0 0 0 0 0 0 0 0 0 0 0 0 0 0 0 0 0 0 0 0 0 0 0 0 0 0 0 0 0 0 0 0 0 0 0 0 0 0 0 0 0 0 0 0 0 0 0 0 0 0 0 0 0 0 0 0 0 0 0 0 0 0 0 0 0 0 0 0 1]
]
