[[5885272130258535487882278894080409886038109089002337960213681368680676767255343708509844684033617899654299898204712576794885985019868604825102298764945975799655498783515954415688670146914204155153374789698197674014194565582835344661136868560002680273506669388226936613268601713490710579403 0 0 0 0 0 0 0 0 0 0 0 0 0 0 0 0 0 0 0 0 0 0 0 0 0 0 0 0 0 0 0 0 0 0 0 0 0 0 0 0 0 0 0 0 0 0 0 0 0 0 0 0 0 0 0 0 0 0 0 0 0 0 0 0 0 0 0 0 0 0 0 0 0 0 0 0 0 0 0 0 0 0 0 0 0 0 0 0 0 0 0 0 0 0 0]
[5502994546528535967142294952467005258028501263265372762712441903200218645504251850196130392729260285145382119566948025570064239815532671981573945084848996918683062295538433053222348467701216294805437632417783900110542284022764742494515882085781522282689623676341070649748278469289600761347 1 0 0 0 0 0 0 0 0 0 0 0 0 0 0 0 0 0 0 0 0 0 0 0 0 0 0 0 0 0 0 0 0 0 0 0 0 0 0 0 0 0 0 0 0 0 0 0 0 0 0 0 0 0 0 0 0 0 0 0 0 0 0 0 0 0 0 0 0 0 0 0 0 0 0 0 0 0 0 0 0 0 0 0 0 0 0 0 0 0 0 0 0 0 0]
[4946378142347912689755854678798947099291236615797180399382556543951152482252800194941819072164461728054919455926318388410789083072723142676151583152033692217659344312129580179621591650338641713854325058935452528716735077934535070568190979897069231505173538494976080411191621440937862269208 0 1 0 0 0 0 0 0 0 0 0 0 0 0 0 0 0 0 0 0 0 0 0 0 0 0 0 0 0 0 0 0 0 0 0 0 0 0 0 0 0 0 0 0 0 0 0 0 0 0 0 0 0 0 0 0 0 0 0 0 0 0 0 0 0 0 0 0 0 0 0 0 0 0 0 0 0 0 0 0 0 0 0 0 0 0 0 0 0 0 0 0 0 0 0]
[2427544964225038406898576164788552844513798972910178692848355843074138476487499108141625332731059087540599729586134595773961262169327573385051656099107210249877975857338347025136397843040994991358311778001341195624306029761747872545520005626956725975838620854829409764516099191759299770649 0 0 1 0 0 0 0 0 0 0 0 0 0 0 0 0 0 0 0 0 0 0 0 0 0 0 0 0 0 0 0 0 0 0 0 0 0 0 0 0 0 0 0 0 0 0 0 0 0 0 0 0 0 0 0 0 0 0 0 0 0 0 0 0 0 0 0 0 0 0 0 0 0 0 0 0 0 0 0 0 0 0 0 0 0 0 0 0 0 0 0 0 0 0 0]
[2308230708677789433756543341464498608501201889356603511033441642443521784959258649142676363564952811333629657752036560205581267922262509715012560541026420770742030553047888946345298045575121059449500512618087622990342882846544670959049275536559217738580656481673700394591704646837603136634 0 0 0 1 0 0 0 0 0 0 0 0 0 0 0 0 0 0 0 0 0 0 0 0 0 0 0 0 0 0 0 0 0 0 0 0 0 0 0 0 0 0 0 0 0 0 0 0 0 0 0 0 0 0 0 0 0 0 0 0 0 0 0 0 0 0 0 0 0 0 0 0 0 0 0 0 0 0 0 0 0 0 0 0 0 0 0 0 0 0 0 0 0 0 0]
[5649171668929632286834357655402254727350848682925273780084181493868186118134187593019497343510696160513572036719771691395179376502684030632189999030666958372933008351248479779127709509601077693615421287237716088698206896472751044772351551632783974147527473254840257353566190067162897591228 0 0 0 0 1 0 0 0 0 0 0 0 0 0 0 0 0 0 0 0 0 0 0 0 0 0 0 0 0 0 0 0 0 0 0 0 0 0 0 0 0 0 0 0 0 0 0 0 0 0 0 0 0 0 0 0 0 0 0 0 0 0 0 0 0 0 0 0 0 0 0 0 0 0 0 0 0 0 0 0 0 0 0 0 0 0 0 0 0 0 0 0 0 0 0]
[5153781219818919124241754452323708381293349325647542826035699400134352753578943960819400773818880293959792674833006360442767814286374263290244255626579059423157567823289693079573078871188060754440047703350739650497505795901182909633165982923706498780115285626681865437355369348696508020767 0 0 0 0 0 1 0 0 0 0 0 0 0 0 0 0 0 0 0 0 0 0 0 0 0 0 0 0 0 0 0 0 0 0 0 0 0 0 0 0 0 0 0 0 0 0 0 0 0 0 0 0 0 0 0 0 0 0 0 0 0 0 0 0 0 0 0 0 0 0 0 0 0 0 0 0 0 0 0 0 0 0 0 0 0 0 0 0 0 0 0 0 0 0 0]
[2376993920009530159517235688432295157408099884380431174634711619381510526287955412511702340899657807235674069072151797623067375119633138550062560564915921037727834746257153032233107773195539764970802527129415772552446437355126775792876491306863031121332269497340139362472696048713081065699 0 0 0 0 0 0 1 0 0 0 0 0 0 0 0 0 0 0 0 0 0 0 0 0 0 0 0 0 0 0 0 0 0 0 0 0 0 0 0 0 0 0 0 0 0 0 0 0 0 0 0 0 0 0 0 0 0 0 0 0 0 0 0 0 0 0 0 0 0 0 0 0 0 0 0 0 0 0 0 0 0 0 0 0 0 0 0 0 0 0 0 0 0 0 0]
[5070587717783972732175732822718612079953073088423287473475547124859485195177551665676463455595914134346693475101735965389907801306996039732326150032518505169265767495058749618622983278549506579999980385182427593867721373109950453072115453611004700945519921985900888485218954082222668037939 0 0 0 0 0 0 0 1 0 0 0 0 0 0 0 0 0 0 0 0 0 0 0 0 0 0 0 0 0 0 0 0 0 0 0 0 0 0 0 0 0 0 0 0 0 0 0 0 0 0 0 0 0 0 0 0 0 0 0 0 0 0 0 0 0 0 0 0 0 0 0 0 0 0 0 0 0 0 0 0 0 0 0 0 0 0 0 0 0 0 0 0 0 0 0]
[167171908535038348403314704750787613615205231794458373067588245862926110804653085463129797753538991924702814323600193315510057483737493151790158023371210350154581618355270166637092663875637907441831050811537350052880364099791206314754670277193320746314280021540721345357945586682129604046 0 0 0 0 0 0 0 0 1 0 0 0 0 0 0 0 0 0 0 0 0 0 0 0 0 0 0 0 0 0 0 0 0 0 0 0 0 0 0 0 0 0 0 0 0 0 0 0 0 0 0 0 0 0 0 0 0 0 0 0 0 0 0 0 0 0 0 0 0 0 0 0 0 0 0 0 0 0 0 0 0 0 0 0 0 0 0 0 0 0 0 0 0 0 0]
[5674278303506225263222077074397975233048839932550306556885276981736746379590389752285803039135065908212990634113668976944593191919888633106047873900061066879618994854997101946842356355585406577546920575292112424563147521270156517243734571609178410941575434468536157533143745058573615730330 0 0 0 0 0 0 0 0 0 1 0 0 0 0 0 0 0 0 0 0 0 0 0 0 0 0 0 0 0 0 0 0 0 0 0 0 0 0 0 0 0 0 0 0 0 0 0 0 0 0 0 0 0 0 0 0 0 0 0 0 0 0 0 0 0 0 0 0 0 0 0 0 0 0 0 0 0 0 0 0 0 0 0 0 0 0 0 0 0 0 0 0 0 0 0]
[3517954715843227895089565173529970608686629559239096729634261006698238390902140995262792854271006553625655387275154152292925170597520468056200612985064630641621654365723436817861306469118280277466739569576448981938058043710328145083433292890562537798593707206917506183206967068429958248537 0 0 0 0 0 0 0 0 0 0 1 0 0 0 0 0 0 0 0 0 0 0 0 0 0 0 0 0 0 0 0 0 0 0 0 0 0 0 0 0 0 0 0 0 0 0 0 0 0 0 0 0 0 0 0 0 0 0 0 0 0 0 0 0 0 0 0 0 0 0 0 0 0 0 0 0 0 0 0 0 0 0 0 0 0 0 0 0 0 0 0 0 0 0 0]
[1662292175269476110209560686416020725449669017741321028702605867162749617342624092625591700345606549191905581375840584665502562073869900390124907947054682055206384658008407444992555724027372477848312931468933777302652040804280080699726852812423295936529127555442175898822638366288107570986 0 0 0 0 0 0 0 0 0 0 0 1 0 0 0 0 0 0 0 0 0 0 0 0 0 0 0 0 0 0 0 0 0 0 0 0 0 0 0 0 0 0 0 0 0 0 0 0 0 0 0 0 0 0 0 0 0 0 0 0 0 0 0 0 0 0 0 0 0 0 0 0 0 0 0 0 0 0 0 0 0 0 0 0 0 0 0 0 0 0 0 0 0 0 0]
[5005699044646583487251834864169583480972214729495384163947094066916330081699857689424552402339183896066208811347607253874095134549586797617809104789079123909113974573854854496661142357796205756158898100731908942738367635438229109395328634482865365791834670045631153230917558535904201828445 0 0 0 0 0 0 0 0 0 0 0 0 1 0 0 0 0 0 0 0 0 0 0 0 0 0 0 0 0 0 0 0 0 0 0 0 0 0 0 0 0 0 0 0 0 0 0 0 0 0 0 0 0 0 0 0 0 0 0 0 0 0 0 0 0 0 0 0 0 0 0 0 0 0 0 0 0 0 0 0 0 0 0 0 0 0 0 0 0 0 0 0 0 0 0]
[627419799156389374693453638576612458766968590355111639087275088197191821377636516245376513214360880641971093918293714938855699210040167656447911939354767764183650392381170836653691736248036268590236612409719953509852070646721030014298162636420447229767719038500928087179718183109175780824 0 0 0 0 0 0 0 0 0 0 0 0 0 1 0 0 0 0 0 0 0 0 0 0 0 0 0 0 0 0 0 0 0 0 0 0 0 0 0 0 0 0 0 0 0 0 0 0 0 0 0 0 0 0 0 0 0 0 0 0 0 0 0 0 0 0 0 0 0 0 0 0 0 0 0 0 0 0 0 0 0 0 0 0 0 0 0 0 0 0 0 0 0 0 0]
[2372340375681802608556910143090367755685964034258510510199559319251151389437315041583995241068966822152186921395234185929245032945355510466415472551174835997403828918223881612547474878979101219955937675351930381445855322497891148704751199197650772047088459198425612371769593957621944036895 0 0 0 0 0 0 0 0 0 0 0 0 0 0 1 0 0 0 0 0 0 0 0 0 0 0 0 0 0 0 0 0 0 0 0 0 0 0 0 0 0 0 0 0 0 0 0 0 0 0 0 0 0 0 0 0 0 0 0 0 0 0 0 0 0 0 0 0 0 0 0 0 0 0 0 0 0 0 0 0 0 0 0 0 0 0 0 0 0 0 0 0 0 0 0]
[5354437296087762195423124518595017015120481355764478411457024220349345441341942562458903118479383780061092660388460890103560318340229435205951315677981021188453881631026668744271438382877244413761426911119444116554648141314630507718793761635169418571090813034003819586752952826948559543208 0 0 0 0 0 0 0 0 0 0 0 0 0 0 0 1 0 0 0 0 0 0 0 0 0 0 0 0 0 0 0 0 0 0 0 0 0 0 0 0 0 0 0 0 0 0 0 0 0 0 0 0 0 0 0 0 0 0 0 0 0 0 0 0 0 0 0 0 0 0 0 0 0 0 0 0 0 0 0 0 0 0 0 0 0 0 0 0 0 0 0 0 0 0 0]
[3961798267067885435690291078032112483358463093828344330231173309211706380594127470426196441832658067057714920836827930340812707633296277679382988889407811400073733101396244005172473517222516812371951961600650799701178970973445548365597071481660647695178731177123539645078335110078202987594 0 0 0 0 0 0 0 0 0 0 0 0 0 0 0 0 1 0 0 0 0 0 0 0 0 0 0 0 0 0 0 0 0 0 0 0 0 0 0 0 0 0 0 0 0 0 0 0 0 0 0 0 0 0 0 0 0 0 0 0 0 0 0 0 0 0 0 0 0 0 0 0 0 0 0 0 0 0 0 0 0 0 0 0 0 0 0 0 0 0 0 0 0 0 0]
[2314397135862876918837467880989007666091350987812600688588439294768492000868419416665488475156538250339566640595885200237458433387301437682298872787592028026345611667719697341027459210910301216047196064481297372829626458299471308621348239726816816872880105558143724579944205285812577655073 0 0 0 0 0 0 0 0 0 0 0 0 0 0 0 0 0 1 0 0 0 0 0 0 0 0 0 0 0 0 0 0 0 0 0 0 0 0 0 0 0 0 0 0 0 0 0 0 0 0 0 0 0 0 0 0 0 0 0 0 0 0 0 0 0 0 0 0 0 0 0 0 0 0 0 0 0 0 0 0 0 0 0 0 0 0 0 0 0 0 0 0 0 0 0]
[3532407373086605317117625857436018130884954555254785802313741255494028078226958995322314474905883677986968799903980922045583647858857512676325322897066673968916505753852832640287635960579367979959688220262140591702549215701781755604275255568241739535428832170166740976123839828842359085040 0 0 0 0 0 0 0 0 0 0 0 0 0 0 0 0 0 0 1 0 0 0 0 0 0 0 0 0 0 0 0 0 0 0 0 0 0 0 0 0 0 0 0 0 0 0 0 0 0 0 0 0 0 0 0 0 0 0 0 0 0 0 0 0 0 0 0 0 0 0 0 0 0 0 0 0 0 0 0 0 0 0 0 0 0 0 0 0 0 0 0 0 0 0 0]
[460864848352198311784622196685393548101677888963101218883881064635597037518091857604883340556223217845689233542680385433088211398409551684107117288543231553734726310192564454506008457701840553279759726614713950513130949625449799406000947064705764639756463159217835161340531125822204911778 0 0 0 0 0 0 0 0 0 0 0 0 0 0 0 0 0 0 0 1 0 0 0 0 0 0 0 0 0 0 0 0 0 0 0 0 0 0 0 0 0 0 0 0 0 0 0 0 0 0 0 0 0 0 0 0 0 0 0 0 0 0 0 0 0 0 0 0 0 0 0 0 0 0 0 0 0 0 0 0 0 0 0 0 0 0 0 0 0 0 0 0 0 0 0]
[4757257367713919858464555360137955321532119587983257903036151576519903523174117084237896883216982562534391996656935627811079761819667927480730597030829574178156147733591814974394934019280036116281638724195264382689575677213184067373193886044966575269823078723962377624909762337314343221039 0 0 0 0 0 0 0 0 0 0 0 0 0 0 0 0 0 0 0 0 1 0 0 0 0 0 0 0 0 0 0 0 0 0 0 0 0 0 0 0 0 0 0 0 0 0 0 0 0 0 0 0 0 0 0 0 0 0 0 0 0 0 0 0 0 0 0 0 0 0 0 0 0 0 0 0 0 0 0 0 0 0 0 0 0 0 0 0 0 0 0 0 0 0 0]
[3245537911488587936979801300828577913054637808394350458772050927156384006791991479702808740815739735171798241646855473043846068999954157739616818464785113428826664097918185288547521913436436742180505158736290090545736538551709488248485800657503769414828923216359039934797784376504590362237 0 0 0 0 0 0 0 0 0 0 0 0 0 0 0 0 0 0 0 0 0 1 0 0 0 0 0 0 0 0 0 0 0 0 0 0 0 0 0 0 0 0 0 0 0 0 0 0 0 0 0 0 0 0 0 0 0 0 0 0 0 0 0 0 0 0 0 0 0 0 0 0 0 0 0 0 0 0 0 0 0 0 0 0 0 0 0 0 0 0 0 0 0 0 0]
[1424680915439764469552726973530231625756260568671916988273910377345027631472074315857521469510505896375457673422968535218454530958675413926132603295183909151536872647852733833483499838312340338720652339273470057489145707763587753520648918790028903107505849161004903669502538464002792842620 0 0 0 0 0 0 0 0 0 0 0 0 0 0 0 0 0 0 0 0 0 0 1 0 0 0 0 0 0 0 0 0 0 0 0 0 0 0 0 0 0 0 0 0 0 0 0 0 0 0 0 0 0 0 0 0 0 0 0 0 0 0 0 0 0 0 0 0 0 0 0 0 0 0 0 0 0 0 0 0 0 0 0 0 0 0 0 0 0 0 0 0 0 0 0]
[4682046946169872772422564319917080889887713378158389618954776408413120826945606178709667253847693233066952904212038275865352698901980303442333481922613794035116847857827452211969434186631967395687407931884323191866862694770714119623719167195443205435540470178638727879790720684515462852755 0 0 0 0 0 0 0 0 0 0 0 0 0 0 0 0 0 0 0 0 0 0 0 1 0 0 0 0 0 0 0 0 0 0 0 0 0 0 0 0 0 0 0 0 0 0 0 0 0 0 0 0 0 0 0 0 0 0 0 0 0 0 0 0 0 0 0 0 0 0 0 0 0 0 0 0 0 0 0 0 0 0 0 0 0 0 0 0 0 0 0 0 0 0 0]
[5301996811566403106760687753016357207204245564534746000769331649340156514384729008766021195903299104116812874024393458093066712543698298219784157210306706970774953348464969326972039657138447764332514773311868150782086742995739664659370683514527864931536839881664839347006573067380380079212 0 0 0 0 0 0 0 0 0 0 0 0 0 0 0 0 0 0 0 0 0 0 0 0 1 0 0 0 0 0 0 0 0 0 0 0 0 0 0 0 0 0 0 0 0 0 0 0 0 0 0 0 0 0 0 0 0 0 0 0 0 0 0 0 0 0 0 0 0 0 0 0 0 0 0 0 0 0 0 0 0 0 0 0 0 0 0 0 0 0 0 0 0 0 0]
[1879286255376145292618335112740717160943753007692218237744611637912025490106593963788590239274656536618218330505792776915034797049582753278175367452731928758779171698101084498453021722585057520351318702273502195632810370778334635711987912146150070681417704521766427325540269509691867642828 0 0 0 0 0 0 0 0 0 0 0 0 0 0 0 0 0 0 0 0 0 0 0 0 0 1 0 0 0 0 0 0 0 0 0 0 0 0 0 0 0 0 0 0 0 0 0 0 0 0 0 0 0 0 0 0 0 0 0 0 0 0 0 0 0 0 0 0 0 0 0 0 0 0 0 0 0 0 0 0 0 0 0 0 0 0 0 0 0 0 0 0 0 0 0]
[1065247864195471204338770057252296764370023677380877233701588420616684527365562114553292032390426409158441652788180564215851808780838019517099004040106859277481901803925985980243410493850223893240633648405295902856817054594539714056740621924563303624179731302400196278530401459642773671946 0 0 0 0 0 0 0 0 0 0 0 0 0 0 0 0 0 0 0 0 0 0 0 0 0 0 1 0 0 0 0 0 0 0 0 0 0 0 0 0 0 0 0 0 0 0 0 0 0 0 0 0 0 0 0 0 0 0 0 0 0 0 0 0 0 0 0 0 0 0 0 0 0 0 0 0 0 0 0 0 0 0 0 0 0 0 0 0 0 0 0 0 0 0 0]
[2731921027721869898555729724611967342546258390173255177805380984461364481462204768893063857994231205849838399905489096901005554962251626357241188277435140716848178831056449231731969273932574569120113921640642383238369063591352919064805856009853441778050122723729481648776896692905169659492 0 0 0 0 0 0 0 0 0 0 0 0 0 0 0 0 0 0 0 0 0 0 0 0 0 0 0 1 0 0 0 0 0 0 0 0 0 0 0 0 0 0 0 0 0 0 0 0 0 0 0 0 0 0 0 0 0 0 0 0 0 0 0 0 0 0 0 0 0 0 0 0 0 0 0 0 0 0 0 0 0 0 0 0 0 0 0 0 0 0 0 0 0 0 0]
[4723003728768395979404028265936698797670712318142051527858219285428687880671492417222417382316441789883752964676158197024670681750346939962581547669283396586212241767718294677606364614491454119091681505630791133208232436060259066727043797916034348590492968053038356221189959955678476616732 0 0 0 0 0 0 0 0 0 0 0 0 0 0 0 0 0 0 0 0 0 0 0 0 0 0 0 0 1 0 0 0 0 0 0 0 0 0 0 0 0 0 0 0 0 0 0 0 0 0 0 0 0 0 0 0 0 0 0 0 0 0 0 0 0 0 0 0 0 0 0 0 0 0 0 0 0 0 0 0 0 0 0 0 0 0 0 0 0 0 0 0 0 0 0]
[1294238729604694377920294369044134809790682201384513012736525314876874672600747168887679453410824366572229053197915645225588462615626695270394548632879744017670850976924413641047100830624243274340810527830186261562168251267755476527120167792392223259207421446534128276778931016089386583348 0 0 0 0 0 0 0 0 0 0 0 0 0 0 0 0 0 0 0 0 0 0 0 0 0 0 0 0 0 1 0 0 0 0 0 0 0 0 0 0 0 0 0 0 0 0 0 0 0 0 0 0 0 0 0 0 0 0 0 0 0 0 0 0 0 0 0 0 0 0 0 0 0 0 0 0 0 0 0 0 0 0 0 0 0 0 0 0 0 0 0 0 0 0 0]
[278583824244987166941778002462583640763439886860837361896355068479536236528329612817093508314126277523720406519678413852705787912491824117479606727707187392239929740514719860832497089641454008535155481469671042670537720579891458361732071637558781695510703674305777077379644672710986959765 0 0 0 0 0 0 0 0 0 0 0 0 0 0 0 0 0 0 0 0 0 0 0 0 0 0 0 0 0 0 1 0 0 0 0 0 0 0 0 0 0 0 0 0 0 0 0 0 0 0 0 0 0 0 0 0 0 0 0 0 0 0 0 0 0 0 0 0 0 0 0 0 0 0 0 0 0 0 0 0 0 0 0 0 0 0 0 0 0 0 0 0 0 0 0]
[5198756877440631277959373722189459938512034124969289634074531431679813540190954255074206957532217297561119342083844299715945600422775195666659775621532197847472194429183631069054966472654117857939784686828514592414906755917464320833969315223891711718720258418175634531297563996351929603597 0 0 0 0 0 0 0 0 0 0 0 0 0 0 0 0 0 0 0 0 0 0 0 0 0 0 0 0 0 0 0 1 0 0 0 0 0 0 0 0 0 0 0 0 0 0 0 0 0 0 0 0 0 0 0 0 0 0 0 0 0 0 0 0 0 0 0 0 0 0 0 0 0 0 0 0 0 0 0 0 0 0 0 0 0 0 0 0 0 0 0 0 0 0 0]
[927591564421378402523697253895413011374657565309413435449012261504220074796019534837867172723088812300865141329119050464707356296043376942424826221274027071913860111652786356678285857126647531045034061461484623790987828011158492279713068567259060944352327225827284973359486894320919196368 0 0 0 0 0 0 0 0 0 0 0 0 0 0 0 0 0 0 0 0 0 0 0 0 0 0 0 0 0 0 0 0 1 0 0 0 0 0 0 0 0 0 0 0 0 0 0 0 0 0 0 0 0 0 0 0 0 0 0 0 0 0 0 0 0 0 0 0 0 0 0 0 0 0 0 0 0 0 0 0 0 0 0 0 0 0 0 0 0 0 0 0 0 0 0]
[77420716093444412920426817378412404745221079156063917109421650206824505050795302816358222108924921340242696957989758953815374218450136622646830987939359416740339830823157828017345234762525000165788341201331499164664975301452500658093247907540299636025064663501556133062841693931450158288 0 0 0 0 0 0 0 0 0 0 0 0 0 0 0 0 0 0 0 0 0 0 0 0 0 0 0 0 0 0 0 0 0 1 0 0 0 0 0 0 0 0 0 0 0 0 0 0 0 0 0 0 0 0 0 0 0 0 0 0 0 0 0 0 0 0 0 0 0 0 0 0 0 0 0 0 0 0 0 0 0 0 0 0 0 0 0 0 0 0 0 0 0 0 0]
[357463825718608294957657437835404074221467677488214224050660856646904912827608855472625154718208503396396827457031796351361525722027032413987438928039964678662733205607218830084243696434741782394854221595177681218167390935029965811667184176326463043373700639112863773585238659826436640262 0 0 0 0 0 0 0 0 0 0 0 0 0 0 0 0 0 0 0 0 0 0 0 0 0 0 0 0 0 0 0 0 0 0 1 0 0 0 0 0 0 0 0 0 0 0 0 0 0 0 0 0 0 0 0 0 0 0 0 0 0 0 0 0 0 0 0 0 0 0 0 0 0 0 0 0 0 0 0 0 0 0 0 0 0 0 0 0 0 0 0 0 0 0 0]
[3682889084772753995175160054633006700095245654781252151190074431790195531046226469363525103325023443423038172520773894957380757355835303563525214004442048437573163199449852999913631765475416482168424103473201614802684152402247147763028463268061148737524743486914161701216568940932210356051 0 0 0 0 0 0 0 0 0 0 0 0 0 0 0 0 0 0 0 0 0 0 0 0 0 0 0 0 0 0 0 0 0 0 0 1 0 0 0 0 0 0 0 0 0 0 0 0 0 0 0 0 0 0 0 0 0 0 0 0 0 0 0 0 0 0 0 0 0 0 0 0 0 0 0 0 0 0 0 0 0 0 0 0 0 0 0 0 0 0 0 0 0 0 0]
[1589697895697215117591304701151831458332478799020266247014321879440455118648347234574617504503109641884151059054266458272601102365054545370307255759947121667727232912898721814948700198555948832850070421498808958994664275740109973862377630386295653376193575281489427574692801520254533484847 0 0 0 0 0 0 0 0 0 0 0 0 0 0 0 0 0 0 0 0 0 0 0 0 0 0 0 0 0 0 0 0 0 0 0 0 1 0 0 0 0 0 0 0 0 0 0 0 0 0 0 0 0 0 0 0 0 0 0 0 0 0 0 0 0 0 0 0 0 0 0 0 0 0 0 0 0 0 0 0 0 0 0 0 0 0 0 0 0 0 0 0 0 0 0]
[4688599878438997854680154798773743122382869094424568464934037627538772096903768102367294783087984776021351922104332687374309477576239731782870767738018468372050787802531806329159228842697561869097620444603551547371560284431382146200722711432831591029163565121538732318732936434760453976309 0 0 0 0 0 0 0 0 0 0 0 0 0 0 0 0 0 0 0 0 0 0 0 0 0 0 0 0 0 0 0 0 0 0 0 0 0 1 0 0 0 0 0 0 0 0 0 0 0 0 0 0 0 0 0 0 0 0 0 0 0 0 0 0 0 0 0 0 0 0 0 0 0 0 0 0 0 0 0 0 0 0 0 0 0 0 0 0 0 0 0 0 0 0 0]
[3038977231703249913975625353645497966383394815103230507895623978366554715995723557006971288525146894638753625629456636318952654622576792644025411431868602011245335468849241939434401067777388151943208913412815363032602450925630104925321210277888506199821595967986334916029601793644034643815 0 0 0 0 0 0 0 0 0 0 0 0 0 0 0 0 0 0 0 0 0 0 0 0 0 0 0 0 0 0 0 0 0 0 0 0 0 0 1 0 0 0 0 0 0 0 0 0 0 0 0 0 0 0 0 0 0 0 0 0 0 0 0 0 0 0 0 0 0 0 0 0 0 0 0 0 0 0 0 0 0 0 0 0 0 0 0 0 0 0 0 0 0 0 0]
[3680907449217549855326427422716613188051185774777534707877985225804230441496531496902629501630520637389274826374407340600805219166167296677176657988478136602382110314141946461637236590351161696848919062327095949514930695938358592986949074471713363813415362107233491318901173692376852850337 0 0 0 0 0 0 0 0 0 0 0 0 0 0 0 0 0 0 0 0 0 0 0 0 0 0 0 0 0 0 0 0 0 0 0 0 0 0 0 1 0 0 0 0 0 0 0 0 0 0 0 0 0 0 0 0 0 0 0 0 0 0 0 0 0 0 0 0 0 0 0 0 0 0 0 0 0 0 0 0 0 0 0 0 0 0 0 0 0 0 0 0 0 0 0]
[445416443747143517748991568982359882025772718003277477115606951071344492057494136163004028054615436361936767929107253224828419206871621292009523569311984312024780221806607244573489687398380628737649537524436536225451553385097521906987507479164074912038010527978933607105410969720776725005 0 0 0 0 0 0 0 0 0 0 0 0 0 0 0 0 0 0 0 0 0 0 0 0 0 0 0 0 0 0 0 0 0 0 0 0 0 0 0 0 1 0 0 0 0 0 0 0 0 0 0 0 0 0 0 0 0 0 0 0 0 0 0 0 0 0 0 0 0 0 0 0 0 0 0 0 0 0 0 0 0 0 0 0 0 0 0 0 0 0 0 0 0 0 0]
[153791171473547972592388109012080984229895408978469241720328455431435590229315328856671402235536012934545486738340397010327650037878554854203801713567752418240718051219770521887164506398230817013173891981882206646370043168335593022736689874947719466219789394035917568048912693588472277900 0 0 0 0 0 0 0 0 0 0 0 0 0 0 0 0 0 0 0 0 0 0 0 0 0 0 0 0 0 0 0 0 0 0 0 0 0 0 0 0 0 1 0 0 0 0 0 0 0 0 0 0 0 0 0 0 0 0 0 0 0 0 0 0 0 0 0 0 0 0 0 0 0 0 0 0 0 0 0 0 0 0 0 0 0 0 0 0 0 0 0 0 0 0 0]
[5114381327529377553858339894955954342474279234091283963400967285291891262163994624193563345770033978236976335731179736770368154357214079761419828724224402850164156470565718172415454747771418297259555394638820967281828203542542259063512264350978027416028057810352462142892145968436812336313 0 0 0 0 0 0 0 0 0 0 0 0 0 0 0 0 0 0 0 0 0 0 0 0 0 0 0 0 0 0 0 0 0 0 0 0 0 0 0 0 0 0 1 0 0 0 0 0 0 0 0 0 0 0 0 0 0 0 0 0 0 0 0 0 0 0 0 0 0 0 0 0 0 0 0 0 0 0 0 0 0 0 0 0 0 0 0 0 0 0 0 0 0 0 0]
[3692332783491071837429004373260195178471864215178213340981314553998958011218401116981091697873695255904190375645394594684028266372950423712882891002494980243839618769851196430566220514563539967197232680041418486332662875223531767240957227642959755491165012278151596889957811276549491973469 0 0 0 0 0 0 0 0 0 0 0 0 0 0 0 0 0 0 0 0 0 0 0 0 0 0 0 0 0 0 0 0 0 0 0 0 0 0 0 0 0 0 0 1 0 0 0 0 0 0 0 0 0 0 0 0 0 0 0 0 0 0 0 0 0 0 0 0 0 0 0 0 0 0 0 0 0 0 0 0 0 0 0 0 0 0 0 0 0 0 0 0 0 0 0]
[2384227969695271759894091803638787242785035415061963565735822100587768698331230724908777139950913629833772847830896013346722497027011267700971291459639042197743357749241214178902748720517802954984075219058355832254235503005573562371366464148353911021971982289689933822740468276489109676659 0 0 0 0 0 0 0 0 0 0 0 0 0 0 0 0 0 0 0 0 0 0 0 0 0 0 0 0 0 0 0 0 0 0 0 0 0 0 0 0 0 0 0 0 1 0 0 0 0 0 0 0 0 0 0 0 0 0 0 0 0 0 0 0 0 0 0 0 0 0 0 0 0 0 0 0 0 0 0 0 0 0 0 0 0 0 0 0 0 0 0 0 0 0 0]
[1559885103553966983421923817622716730841739884024950457365025357210761900494168983738252361205208722893264979074164646487219428739748967499330159572607292527044631071360201525640884257559283559369086746360367811798436411847346296962298045212472700617492968021810348280620240460441657285712 0 0 0 0 0 0 0 0 0 0 0 0 0 0 0 0 0 0 0 0 0 0 0 0 0 0 0 0 0 0 0 0 0 0 0 0 0 0 0 0 0 0 0 0 0 1 0 0 0 0 0 0 0 0 0 0 0 0 0 0 0 0 0 0 0 0 0 0 0 0 0 0 0 0 0 0 0 0 0 0 0 0 0 0 0 0 0 0 0 0 0 0 0 0 0]
[1214505484956213603923513063947784850832153715040094967056456462873526605287112414174876253533076490986565585875913939737328105919050706296622536740749060492123631426808082210666159740951007557685226042285357806343935338038746953306889051536997166106329652980112673576915990372213436324993 0 0 0 0 0 0 0 0 0 0 0 0 0 0 0 0 0 0 0 0 0 0 0 0 0 0 0 0 0 0 0 0 0 0 0 0 0 0 0 0 0 0 0 0 0 0 1 0 0 0 0 0 0 0 0 0 0 0 0 0 0 0 0 0 0 0 0 0 0 0 0 0 0 0 0 0 0 0 0 0 0 0 0 0 0 0 0 0 0 0 0 0 0 0 0]
[604029884239253764034765713578330879537256045971801409255908633552649443351300069602568758569463264069701118253614183103788767099675055315246509850631118440091047991689578298582373548063610101926920005673981888850950508283768156062533425701122163673399416041046165027316417921086608022069 0 0 0 0 0 0 0 0 0 0 0 0 0 0 0 0 0 0 0 0 0 0 0 0 0 0 0 0 0 0 0 0 0 0 0 0 0 0 0 0 0 0 0 0 0 0 0 1 0 0 0 0 0 0 0 0 0 0 0 0 0 0 0 0 0 0 0 0 0 0 0 0 0 0 0 0 0 0 0 0 0 0 0 0 0 0 0 0 0 0 0 0 0 0 0]
[1839466080967843884797386168266403279300913531381319358912812858437296954144144383560260471463866209845921702347167781375870343385257597893701542166770412817131167450486525061097264231629165558683384888290182269748099754520758609370659009848019606441003084908366089078716433114615977785421 0 0 0 0 0 0 0 0 0 0 0 0 0 0 0 0 0 0 0 0 0 0 0 0 0 0 0 0 0 0 0 0 0 0 0 0 0 0 0 0 0 0 0 0 0 0 0 0 1 0 0 0 0 0 0 0 0 0 0 0 0 0 0 0 0 0 0 0 0 0 0 0 0 0 0 0 0 0 0 0 0 0 0 0 0 0 0 0 0 0 0 0 0 0 0]
[2547251940917534370818540122491703013064026623377319256826980437046420560051085258467070480517252220514580715827616340572278819717082871437825846728376273024959971646438183354006529802732696655945934266174164860594076056798580452182985759322323233503549535180102199165853845643878644863882 0 0 0 0 0 0 0 0 0 0 0 0 0 0 0 0 0 0 0 0 0 0 0 0 0 0 0 0 0 0 0 0 0 0 0 0 0 0 0 0 0 0 0 0 0 0 0 0 0 1 0 0 0 0 0 0 0 0 0 0 0 0 0 0 0 0 0 0 0 0 0 0 0 0 0 0 0 0 0 0 0 0 0 0 0 0 0 0 0 0 0 0 0 0 0]
[4275739976197524295354600023334491609693769641401950526392352168889074819738245320412877616548360193629117898251804336999528344067055717996775063276848654670038511088115747450907403308001548075383518260374029281547229220861219473938690220869185341340096270175557777693917308096415586352357 0 0 0 0 0 0 0 0 0 0 0 0 0 0 0 0 0 0 0 0 0 0 0 0 0 0 0 0 0 0 0 0 0 0 0 0 0 0 0 0 0 0 0 0 0 0 0 0 0 0 1 0 0 0 0 0 0 0 0 0 0 0 0 0 0 0 0 0 0 0 0 0 0 0 0 0 0 0 0 0 0 0 0 0 0 0 0 0 0 0 0 0 0 0 0]
[1851859489011464448458499242164132515798782612678973446582410939363506872384137426831934658097090515824168792053214733682191674022598490242072339718832428709386921502143756806117401074047922378686121330900705220731357467328192293561059545536708596456026606085836041104904115898641844821258 0 0 0 0 0 0 0 0 0 0 0 0 0 0 0 0 0 0 0 0 0 0 0 0 0 0 0 0 0 0 0 0 0 0 0 0 0 0 0 0 0 0 0 0 0 0 0 0 0 0 0 1 0 0 0 0 0 0 0 0 0 0 0 0 0 0 0 0 0 0 0 0 0 0 0 0 0 0 0 0 0 0 0 0 0 0 0 0 0 0 0 0 0 0 0]
[3683716933004959764504918208322767909285492288513510067049040594126235358647664741909430676047330035784843513261095288316879686747384800814852331079421827494605676732627097361288467374736615772448735659800907438000280410520352210090198571176655974183473116536770117873333722084087900567237 0 0 0 0 0 0 0 0 0 0 0 0 0 0 0 0 0 0 0 0 0 0 0 0 0 0 0 0 0 0 0 0 0 0 0 0 0 0 0 0 0 0 0 0 0 0 0 0 0 0 0 0 1 0 0 0 0 0 0 0 0 0 0 0 0 0 0 0 0 0 0 0 0 0 0 0 0 0 0 0 0 0 0 0 0 0 0 0 0 0 0 0 0 0 0]
[5745260785521556036980479765443244421031289504701238878037057692462855455320704211219357478273017078487207830423923616278481457790168215421656122382125288518766944468385450213195782066779154561470384064061588992913018787588697849387213187153689911862897488854815325415966513278434058593466 0 0 0 0 0 0 0 0 0 0 0 0 0 0 0 0 0 0 0 0 0 0 0 0 0 0 0 0 0 0 0 0 0 0 0 0 0 0 0 0 0 0 0 0 0 0 0 0 0 0 0 0 0 1 0 0 0 0 0 0 0 0 0 0 0 0 0 0 0 0 0 0 0 0 0 0 0 0 0 0 0 0 0 0 0 0 0 0 0 0 0 0 0 0 0]
[476546216693283805760335419962812296364271380603177897154914593359577801266809126801868015732622181649295695090124934139366273931647622678512481379160919975162927432753423975152544087510954164946562707141972440299110435669822287004155917833435899466727024115482900548697048638598781114575 0 0 0 0 0 0 0 0 0 0 0 0 0 0 0 0 0 0 0 0 0 0 0 0 0 0 0 0 0 0 0 0 0 0 0 0 0 0 0 0 0 0 0 0 0 0 0 0 0 0 0 0 0 0 1 0 0 0 0 0 0 0 0 0 0 0 0 0 0 0 0 0 0 0 0 0 0 0 0 0 0 0 0 0 0 0 0 0 0 0 0 0 0 0 0]
[4178487352122733006216111095039138919731296308895921467475731098768149601263881442756547059454533310159317130900260794068525999312087077671246540859038876333267394683731864232437271569722009822431033294522255306002699977281151465200627152300111365213026213007943588199410025187766677420912 0 0 0 0 0 0 0 0 0 0 0 0 0 0 0 0 0 0 0 0 0 0 0 0 0 0 0 0 0 0 0 0 0 0 0 0 0 0 0 0 0 0 0 0 0 0 0 0 0 0 0 0 0 0 0 1 0 0 0 0 0 0 0 0 0 0 0 0 0 0 0 0 0 0 0 0 0 0 0 0 0 0 0 0 0 0 0 0 0 0 0 0 0 0 0]
[3344195634663052373699225292258423183975633951921507697093781798201154701178105580488756756242962843427882780071535947983706760405880759629805551099427684123579836271544975903698332122313061384066283207780998855512747647096181405332427677920791105427431531981391376257644383571663219280396 0 0 0 0 0 0 0 0 0 0 0 0 0 0 0 0 0 0 0 0 0 0 0 0 0 0 0 0 0 0 0 0 0 0 0 0 0 0 0 0 0 0 0 0 0 0 0 0 0 0 0 0 0 0 0 0 1 0 0 0 0 0 0 0 0 0 0 0 0 0 0 0 0 0 0 0 0 0 0 0 0 0 0 0 0 0 0 0 0 0 0 0 0 0 0]
[3585937916625723486291198987044302651625786589632010139857267622709827854939609052379739003543983591174635959096108308787122577935106413890981357156175736656471964614534349344471934911039397027678681648506483663113325079769252280540663250858252602384601986811670694186886364379336191239227 0 0 0 0 0 0 0 0 0 0 0 0 0 0 0 0 0 0 0 0 0 0 0 0 0 0 0 0 0 0 0 0 0 0 0 0 0 0 0 0 0 0 0 0 0 0 0 0 0 0 0 0 0 0 0 0 0 1 0 0 0 0 0 0 0 0 0 0 0 0 0 0 0 0 0 0 0 0 0 0 0 0 0 0 0 0 0 0 0 0 0 0 0 0 0]
[1138253628819216442760920202073060915159293265867729772786499555435460132967429330462303562411696207281968426091761115252679376629099513026114695682152772481336322245736989720760259029822584626294161570742125791733073944746038399260018699161149559927864176964428527499155121033481460601688 0 0 0 0 0 0 0 0 0 0 0 0 0 0 0 0 0 0 0 0 0 0 0 0 0 0 0 0 0 0 0 0 0 0 0 0 0 0 0 0 0 0 0 0 0 0 0 0 0 0 0 0 0 0 0 0 0 0 1 0 0 0 0 0 0 0 0 0 0 0 0 0 0 0 0 0 0 0 0 0 0 0 0 0 0 0 0 0 0 0 0 0 0 0 0]
[4428259831831668335124456932046067994119335824139795521021695218030547067076407430375929439906065682020640377407963724332714503805689859515219748940166170707855501300849066000533686071421766718413893235083786902249004988525767107806336436187252254383469139323212991394410846390812596630535 0 0 0 0 0 0 0 0 0 0 0 0 0 0 0 0 0 0 0 0 0 0 0 0 0 0 0 0 0 0 0 0 0 0 0 0 0 0 0 0 0 0 0 0 0 0 0 0 0 0 0 0 0 0 0 0 0 0 0 1 0 0 0 0 0 0 0 0 0 0 0 0 0 0 0 0 0 0 0 0 0 0 0 0 0 0 0 0 0 0 0 0 0 0 0]
[1028093185918165768029610866781645750170690824994023398940027396125521658081137933774241069095458581223774288890593007940382530608047368758398732510818528475767392868465024102552965249175495993229040097357468368483426966231734482848469544879001704575383634830126767157038466635366432913157 0 0 0 0 0 0 0 0 0 0 0 0 0 0 0 0 0 0 0 0 0 0 0 0 0 0 0 0 0 0 0 0 0 0 0 0 0 0 0 0 0 0 0 0 0 0 0 0 0 0 0 0 0 0 0 0 0 0 0 0 1 0 0 0 0 0 0 0 0 0 0 0 0 0 0 0 0 0 0 0 0 0 0 0 0 0 0 0 0 0 0 0 0 0 0]
[6937708409618021845735855071082652302515692404942856146468336619560516118573802762123857126216983663443340816249155033435189326528005237211374355052931823819232708494868114909945738306616706898314736466399466012538902171794798316830643677476624939472100484647915280341472945386228891875 0 0 0 0 0 0 0 0 0 0 0 0 0 0 0 0 0 0 0 0 0 0 0 0 0 0 0 0 0 0 0 0 0 0 0 0 0 0 0 0 0 0 0 0 0 0 0 0 0 0 0 0 0 0 0 0 0 0 0 0 0 1 0 0 0 0 0 0 0 0 0 0 0 0 0 0 0 0 0 0 0 0 0 0 0 0 0 0 0 0 0 0 0 0 0]
[2740716751841678473847050224250779268712841467782963095656204347787640538360498475263316491119541425471959676129943138676773272672493198203921991252770169220402908008513395016490834409412491566596944433593858531236333808094744342937931001443182378765556418689565149102722873847536883271975 0 0 0 0 0 0 0 0 0 0 0 0 0 0 0 0 0 0 0 0 0 0 0 0 0 0 0 0 0 0 0 0 0 0 0 0 0 0 0 0 0 0 0 0 0 0 0 0 0 0 0 0 0 0 0 0 0 0 0 0 0 0 1 0 0 0 0 0 0 0 0 0 0 0 0 0 0 0 0 0 0 0 0 0 0 0 0 0 0 0 0 0 0 0 0]
[5568020749833043186627694297092360488551932178851927565929159693436548449087782957250409509268080059632628100967464284357655804859029750600436219769158391308090690948454321880916765318244632877906328206564024152372998063505005560713455201397302093972733747930455931960771254352889651797237 0 0 0 0 0 0 0 0 0 0 0 0 0 0 0 0 0 0 0 0 0 0 0 0 0 0 0 0 0 0 0 0 0 0 0 0 0 0 0 0 0 0 0 0 0 0 0 0 0 0 0 0 0 0 0 0 0 0 0 0 0 0 0 1 0 0 0 0 0 0 0 0 0 0 0 0 0 0 0 0 0 0 0 0 0 0 0 0 0 0 0 0 0 0 0]
[135288651833647261173547272588102467675114019513486429411790053361521604258153302685328198891481678947858665259771554751265268631686781818831044385817665181260561031264622203056414745006487790053673617122682728494090460130522060570099760869386618711788000538771375053443065973751202424746 0 0 0 0 0 0 0 0 0 0 0 0 0 0 0 0 0 0 0 0 0 0 0 0 0 0 0 0 0 0 0 0 0 0 0 0 0 0 0 0 0 0 0 0 0 0 0 0 0 0 0 0 0 0 0 0 0 0 0 0 0 0 0 0 1 0 0 0 0 0 0 0 0 0 0 0 0 0 0 0 0 0 0 0 0 0 0 0 0 0 0 0 0 0 0]
[244927079325835820046234829010442253598781590048049302694727082718510490965212769781339874964123782708676059097578474404396113618622494779759616944726782504055370188376798018194408179085973857325901944124900030467023118873966183222923324841020234213137656216011982153916320885384785468245 0 0 0 0 0 0 0 0 0 0 0 0 0 0 0 0 0 0 0 0 0 0 0 0 0 0 0 0 0 0 0 0 0 0 0 0 0 0 0 0 0 0 0 0 0 0 0 0 0 0 0 0 0 0 0 0 0 0 0 0 0 0 0 0 0 1 0 0 0 0 0 0 0 0 0 0 0 0 0 0 0 0 0 0 0 0 0 0 0 0 0 0 0 0 0]
[3423003820063122106950578280765114699380957906468132939538454097161055983058602715439766464223575749881540691615943234517779755121071647196044813936805016688306222652116533890719039981782365619420835269112427298594025006811244553926378240640748057554021487090192882148145371205634960196994 0 0 0 0 0 0 0 0 0 0 0 0 0 0 0 0 0 0 0 0 0 0 0 0 0 0 0 0 0 0 0 0 0 0 0 0 0 0 0 0 0 0 0 0 0 0 0 0 0 0 0 0 0 0 0 0 0 0 0 0 0 0 0 0 0 0 1 0 0 0 0 0 0 0 0 0 0 0 0 0 0 0 0 0 0 0 0 0 0 0 0 0 0 0 0]
[5582895229701687441392554615914053244068747885903451966292136418966588092415354811580441675467165232296766467665388696045976917827676976887908914539803969812990747956704135628012054059921330030768908300076080313284294333380112428987527362073584182728088674019475493225193975045827906489307 0 0 0 0 0 0 0 0 0 0 0 0 0 0 0 0 0 0 0 0 0 0 0 0 0 0 0 0 0 0 0 0 0 0 0 0 0 0 0 0 0 0 0 0 0 0 0 0 0 0 0 0 0 0 0 0 0 0 0 0 0 0 0 0 0 0 0 1 0 0 0 0 0 0 0 0 0 0 0 0 0 0 0 0 0 0 0 0 0 0 0 0 0 0 0]
[2948584883359206773041527197146571269626775799138487314800786578154825752877866748471652378380595769210949653328334074359867195646242399060289969865989976501965275388096549893993169091344667377283984094737425637305410530043287428327491455494793511945289920868031537211582264334051045072995 0 0 0 0 0 0 0 0 0 0 0 0 0 0 0 0 0 0 0 0 0 0 0 0 0 0 0 0 0 0 0 0 0 0 0 0 0 0 0 0 0 0 0 0 0 0 0 0 0 0 0 0 0 0 0 0 0 0 0 0 0 0 0 0 0 0 0 0 1 0 0 0 0 0 0 0 0 0 0 0 0 0 0 0 0 0 0 0 0 0 0 0 0 0 0]
[4606227055348668544665671198598390499301105203497042891981848253673894973386009401021350506044573754494447749093250096365199761067931620270613176114604769942439868191435090661932840030943407649581284360728047105369427218734933614165360979314326882637732254894183635945393746419760482907982 0 0 0 0 0 0 0 0 0 0 0 0 0 0 0 0 0 0 0 0 0 0 0 0 0 0 0 0 0 0 0 0 0 0 0 0 0 0 0 0 0 0 0 0 0 0 0 0 0 0 0 0 0 0 0 0 0 0 0 0 0 0 0 0 0 0 0 0 0 1 0 0 0 0 0 0 0 0 0 0 0 0 0 0 0 0 0 0 0 0 0 0 0 0 0]
[4041950285379637594199087067322337373288999689031431861243498207129017573636307811889369009943550194326801935415930598215770128716842244740408968681245678396460305747549447580352613053415845117451178813332041133823527613710655162567564081533368454542568056637863417502276588317209453213680 0 0 0 0 0 0 0 0 0 0 0 0 0 0 0 0 0 0 0 0 0 0 0 0 0 0 0 0 0 0 0 0 0 0 0 0 0 0 0 0 0 0 0 0 0 0 0 0 0 0 0 0 0 0 0 0 0 0 0 0 0 0 0 0 0 0 0 0 0 0 1 0 0 0 0 0 0 0 0 0 0 0 0 0 0 0 0 0 0 0 0 0 0 0 0]
[2895483422811079012454387643601953118451955486317851924153729869867405705162298563516726809293886458502572825760398698891843352624021955898098462101450606492394295657035010612409170758639478641657728121193732205291247673443642669743917872899576749288501871567874098802062319761784856513197 0 0 0 0 0 0 0 0 0 0 0 0 0 0 0 0 0 0 0 0 0 0 0 0 0 0 0 0 0 0 0 0 0 0 0 0 0 0 0 0 0 0 0 0 0 0 0 0 0 0 0 0 0 0 0 0 0 0 0 0 0 0 0 0 0 0 0 0 0 0 0 1 0 0 0 0 0 0 0 0 0 0 0 0 0 0 0 0 0 0 0 0 0 0 0]
[2338847754406342042253213992350110027875545782304004325929272191989031218467748645891911063774728127766368332840343751240649317120312867127948059723424388425725105121350740490074806098659134790126299430905816016828594928033222139243198702729952987398006613734977656947498705892183049335866 0 0 0 0 0 0 0 0 0 0 0 0 0 0 0 0 0 0 0 0 0 0 0 0 0 0 0 0 0 0 0 0 0 0 0 0 0 0 0 0 0 0 0 0 0 0 0 0 0 0 0 0 0 0 0 0 0 0 0 0 0 0 0 0 0 0 0 0 0 0 0 0 1 0 0 0 0 0 0 0 0 0 0 0 0 0 0 0 0 0 0 0 0 0 0]
[3174131348446870688803319794151244389787714627117332122157625657783303747754482842651316711314949274062165368597658759854064833713390077304299428603449677318724319699160388838943530519588788248254728760211209415997962811287822638136510498443574953707463810135380280076028173605148230932217 0 0 0 0 0 0 0 0 0 0 0 0 0 0 0 0 0 0 0 0 0 0 0 0 0 0 0 0 0 0 0 0 0 0 0 0 0 0 0 0 0 0 0 0 0 0 0 0 0 0 0 0 0 0 0 0 0 0 0 0 0 0 0 0 0 0 0 0 0 0 0 0 0 1 0 0 0 0 0 0 0 0 0 0 0 0 0 0 0 0 0 0 0 0 0]
[5342259892685584108513953386719022772333199418535127141324198878260295464288163263501054178853634114402486766583992171046256406198383514343874787821154659483818736353950902273067806447996617160120248000623507242224259857736142370727107874915377169712844805294862510679297672109321875561968 0 0 0 0 0 0 0 0 0 0 0 0 0 0 0 0 0 0 0 0 0 0 0 0 0 0 0 0 0 0 0 0 0 0 0 0 0 0 0 0 0 0 0 0 0 0 0 0 0 0 0 0 0 0 0 0 0 0 0 0 0 0 0 0 0 0 0 0 0 0 0 0 0 0 1 0 0 0 0 0 0 0 0 0 0 0 0 0 0 0 0 0 0 0 0]
[548665123982462128772596064757559819795499858853773374557870297055575432557196210728145513087164036324077336412391913350692172057230676652506522849153638996205999094972396600828692773204104980566718327439144702581356000214866675141758616326015891675963422088344153592155999444479074122911 0 0 0 0 0 0 0 0 0 0 0 0 0 0 0 0 0 0 0 0 0 0 0 0 0 0 0 0 0 0 0 0 0 0 0 0 0 0 0 0 0 0 0 0 0 0 0 0 0 0 0 0 0 0 0 0 0 0 0 0 0 0 0 0 0 0 0 0 0 0 0 0 0 0 0 1 0 0 0 0 0 0 0 0 0 0 0 0 0 0 0 0 0 0 0]
[1625714603507272034477694910658269830740195718913024593223479227207459322449444627271518169170932014588798927531662178118933551988397660135299573638770202570652279547139670789427401823521276650512852984483947955161440890382749934460217840581343762605553556599635575694119879372923032836200 0 0 0 0 0 0 0 0 0 0 0 0 0 0 0 0 0 0 0 0 0 0 0 0 0 0 0 0 0 0 0 0 0 0 0 0 0 0 0 0 0 0 0 0 0 0 0 0 0 0 0 0 0 0 0 0 0 0 0 0 0 0 0 0 0 0 0 0 0 0 0 0 0 0 0 0 1 0 0 0 0 0 0 0 0 0 0 0 0 0 0 0 0 0 0]
[3974420034179610371441731896866810011465757279271401664919174514734594710590122572422845808691174993910365651962608990537627212176344921856979226742140278444864304767946833483927298750116822872738802438463136487980808202080133057304697730851068245681020185533641575954243016628308328373415 0 0 0 0 0 0 0 0 0 0 0 0 0 0 0 0 0 0 0 0 0 0 0 0 0 0 0 0 0 0 0 0 0 0 0 0 0 0 0 0 0 0 0 0 0 0 0 0 0 0 0 0 0 0 0 0 0 0 0 0 0 0 0 0 0 0 0 0 0 0 0 0 0 0 0 0 0 1 0 0 0 0 0 0 0 0 0 0 0 0 0 0 0 0 0]
[5010474337199128047292640358525732024772102580516108753514151951363664970663024170964576491729275178666238423444738338004887807094363663563036622496851293096274987762527884702879022049269191988872940889934250211497591623162256998871177038836881497624198128793762265377396859657760756119343 0 0 0 0 0 0 0 0 0 0 0 0 0 0 0 0 0 0 0 0 0 0 0 0 0 0 0 0 0 0 0 0 0 0 0 0 0 0 0 0 0 0 0 0 0 0 0 0 0 0 0 0 0 0 0 0 0 0 0 0 0 0 0 0 0 0 0 0 0 0 0 0 0 0 0 0 0 0 1 0 0 0 0 0 0 0 0 0 0 0 0 0 0 0 0]
[4488776387888536047222344267635891935695362217881798620520595850416954669168324845594969715065725400115162448694342610499086909045214699980587312194441116247157531728095670448239956520621434756979842693515920698642218851574936753820840522055421922081772722706343426279818501007124823711837 0 0 0 0 0 0 0 0 0 0 0 0 0 0 0 0 0 0 0 0 0 0 0 0 0 0 0 0 0 0 0 0 0 0 0 0 0 0 0 0 0 0 0 0 0 0 0 0 0 0 0 0 0 0 0 0 0 0 0 0 0 0 0 0 0 0 0 0 0 0 0 0 0 0 0 0 0 0 0 1 0 0 0 0 0 0 0 0 0 0 0 0 0 0 0]
[2417181811099409092391408754830973084583762520959105966605633011074317049739044346851524775703935825817811399906525069504669204641014544236678574958939754004523970743999613573771277842085130487897798213268242032851208838928523324536241646921145049585010146670781510130104108402083089347993 0 0 0 0 0 0 0 0 0 0 0 0 0 0 0 0 0 0 0 0 0 0 0 0 0 0 0 0 0 0 0 0 0 0 0 0 0 0 0 0 0 0 0 0 0 0 0 0 0 0 0 0 0 0 0 0 0 0 0 0 0 0 0 0 0 0 0 0 0 0 0 0 0 0 0 0 0 0 0 0 1 0 0 0 0 0 0 0 0 0 0 0 0 0 0]
[1909016395717555781324190180331048103905242348408613457739291107066980092320428534089987859249526769119219775902117188916074901513019680427377737873792630276524889445379474247420037442995833811744745958188858187669964484910218363733667270572043880804080588749321898977590127962582256869990 0 0 0 0 0 0 0 0 0 0 0 0 0 0 0 0 0 0 0 0 0 0 0 0 0 0 0 0 0 0 0 0 0 0 0 0 0 0 0 0 0 0 0 0 0 0 0 0 0 0 0 0 0 0 0 0 0 0 0 0 0 0 0 0 0 0 0 0 0 0 0 0 0 0 0 0 0 0 0 0 0 1 0 0 0 0 0 0 0 0 0 0 0 0 0]
[1976444926068161542507510150500890868353146094702074815205764442030858128773222737218403278109783647187864081161507621104240164317977029415975232274231781938267212328744192271839714594764369172160737554492679904189193176785853414858103621898735379770504091409085046841383640971055266303511 0 0 0 0 0 0 0 0 0 0 0 0 0 0 0 0 0 0 0 0 0 0 0 0 0 0 0 0 0 0 0 0 0 0 0 0 0 0 0 0 0 0 0 0 0 0 0 0 0 0 0 0 0 0 0 0 0 0 0 0 0 0 0 0 0 0 0 0 0 0 0 0 0 0 0 0 0 0 0 0 0 0 1 0 0 0 0 0 0 0 0 0 0 0 0]
[2248264241232420228950988137720538941809277982733470481732911050022063968026913667765019307170373661462566813426016965128903974851597069370580224614251428989054196276396150265785143919866625689429903050336932264390678112154060981436396635066245284397175220489303531645824985271756534684207 0 0 0 0 0 0 0 0 0 0 0 0 0 0 0 0 0 0 0 0 0 0 0 0 0 0 0 0 0 0 0 0 0 0 0 0 0 0 0 0 0 0 0 0 0 0 0 0 0 0 0 0 0 0 0 0 0 0 0 0 0 0 0 0 0 0 0 0 0 0 0 0 0 0 0 0 0 0 0 0 0 0 0 1 0 0 0 0 0 0 0 0 0 0 0]
[1222192626038872878273729334013696278536522520770580638053587010311568142314700423863043025289307641422106536301988230504293847314477131936905052694204267429545798144881730632708855394643343389243164278782277832502098987028869920648265877434819065746396401102745786612365582395928687763832 0 0 0 0 0 0 0 0 0 0 0 0 0 0 0 0 0 0 0 0 0 0 0 0 0 0 0 0 0 0 0 0 0 0 0 0 0 0 0 0 0 0 0 0 0 0 0 0 0 0 0 0 0 0 0 0 0 0 0 0 0 0 0 0 0 0 0 0 0 0 0 0 0 0 0 0 0 0 0 0 0 0 0 0 1 0 0 0 0 0 0 0 0 0 0]
[2658059861643684300717827640530356151699514218197847902924624148975924840029173130932834217874954642023263359167759910317014001944212412193238139817467507653295018090159231364650757709094050536051559703119991758806306413670608265785369236968035504733241451609918179213750903336627587460892 0 0 0 0 0 0 0 0 0 0 0 0 0 0 0 0 0 0 0 0 0 0 0 0 0 0 0 0 0 0 0 0 0 0 0 0 0 0 0 0 0 0 0 0 0 0 0 0 0 0 0 0 0 0 0 0 0 0 0 0 0 0 0 0 0 0 0 0 0 0 0 0 0 0 0 0 0 0 0 0 0 0 0 0 0 1 0 0 0 0 0 0 0 0 0]
[242253953860245252017370162670388657645461087729190934014987788859842314226663716111122187069321034257934215837629394518957614442516842164524174944909541215977074122509942704388376357028552341232953464811843165605853664210997650214535513220536865846028688591002437926202914412800557591916 0 0 0 0 0 0 0 0 0 0 0 0 0 0 0 0 0 0 0 0 0 0 0 0 0 0 0 0 0 0 0 0 0 0 0 0 0 0 0 0 0 0 0 0 0 0 0 0 0 0 0 0 0 0 0 0 0 0 0 0 0 0 0 0 0 0 0 0 0 0 0 0 0 0 0 0 0 0 0 0 0 0 0 0 0 0 1 0 0 0 0 0 0 0 0]
[4783099867023375794614171915037059149069977993319821028791908040989502506783780228419789715255153400671634161965773071127372970161789666120946726626638119132695001592064139619003795291421793947033374467101314473946735221269463279848079173041712440953124188936644905399583870538553094530522 0 0 0 0 0 0 0 0 0 0 0 0 0 0 0 0 0 0 0 0 0 0 0 0 0 0 0 0 0 0 0 0 0 0 0 0 0 0 0 0 0 0 0 0 0 0 0 0 0 0 0 0 0 0 0 0 0 0 0 0 0 0 0 0 0 0 0 0 0 0 0 0 0 0 0 0 0 0 0 0 0 0 0 0 0 0 0 1 0 0 0 0 0 0 0]
[3850009276413052470595050432623406078951771177190926260682955707363350315183469368012407270501244753715151910070196343164197222400303500182758627087565821610180542912748091432906624366459563639396167720988473292838200410307479953516547076671612645671957957320406541892553142096934449721517 0 0 0 0 0 0 0 0 0 0 0 0 0 0 0 0 0 0 0 0 0 0 0 0 0 0 0 0 0 0 0 0 0 0 0 0 0 0 0 0 0 0 0 0 0 0 0 0 0 0 0 0 0 0 0 0 0 0 0 0 0 0 0 0 0 0 0 0 0 0 0 0 0 0 0 0 0 0 0 0 0 0 0 0 0 0 0 0 1 0 0 0 0 0 0]
[2084275141038975646460859769382872937667765254471622414388996453598430902112566094913252440778222207982708732011842925101143178204846232398488762697168693687975327074262059816957792702898500563516256879191819242535554724256252858241079145582111481033018409334367082120664798724024385878698 0 0 0 0 0 0 0 0 0 0 0 0 0 0 0 0 0 0 0 0 0 0 0 0 0 0 0 0 0 0 0 0 0 0 0 0 0 0 0 0 0 0 0 0 0 0 0 0 0 0 0 0 0 0 0 0 0 0 0 0 0 0 0 0 0 0 0 0 0 0 0 0 0 0 0 0 0 0 0 0 0 0 0 0 0 0 0 0 0 1 0 0 0 0 0]
[2286164182586993927287250747500890464452604487045688617362252634236876320328790223346481401803044905405990545903999118801751736359194388057454978453494901843506129753207317054198610681743306826243440285882396575587704729188705086433094968291632493824885654195341367050123987158523883346106 0 0 0 0 0 0 0 0 0 0 0 0 0 0 0 0 0 0 0 0 0 0 0 0 0 0 0 0 0 0 0 0 0 0 0 0 0 0 0 0 0 0 0 0 0 0 0 0 0 0 0 0 0 0 0 0 0 0 0 0 0 0 0 0 0 0 0 0 0 0 0 0 0 0 0 0 0 0 0 0 0 0 0 0 0 0 0 0 0 0 1 0 0 0 0]
[4937544616761011429242310404927763636980232527940728680149563089788941387546154463682577753841566046551044055922688599013408198781048602879896209207649739936956617997813376170915437019169969089086541228864492401937587157192907501631118363966094732232351981718579439408223381940379864365531 0 0 0 0 0 0 0 0 0 0 0 0 0 0 0 0 0 0 0 0 0 0 0 0 0 0 0 0 0 0 0 0 0 0 0 0 0 0 0 0 0 0 0 0 0 0 0 0 0 0 0 0 0 0 0 0 0 0 0 0 0 0 0 0 0 0 0 0 0 0 0 0 0 0 0 0 0 0 0 0 0 0 0 0 0 0 0 0 0 0 0 1 0 0 0]
[1237707515235358076586161571787529265683610369573684829308601029880166708076275035320684222485747890276285651399710635480058670993057418846883735571261623051912344410337735687122764089463328727693699678042665460189232257878058075419681641415959299722317462422818980982599779504040111209626 0 0 0 0 0 0 0 0 0 0 0 0 0 0 0 0 0 0 0 0 0 0 0 0 0 0 0 0 0 0 0 0 0 0 0 0 0 0 0 0 0 0 0 0 0 0 0 0 0 0 0 0 0 0 0 0 0 0 0 0 0 0 0 0 0 0 0 0 0 0 0 0 0 0 0 0 0 0 0 0 0 0 0 0 0 0 0 0 0 0 0 0 1 0 0]
[2549323618862667267009470692823877897942018705792132935029327215816398242083701433521707627766604557431893675776729428901986912780896047135045829380192288197610464849958653837857200482466994783049732381904525236458241913352397591157664964149075026179389431327618109285582648595102558300645 0 0 0 0 0 0 0 0 0 0 0 0 0 0 0 0 0 0 0 0 0 0 0 0 0 0 0 0 0 0 0 0 0 0 0 0 0 0 0 0 0 0 0 0 0 0 0 0 0 0 0 0 0 0 0 0 0 0 0 0 0 0 0 0 0 0 0 0 0 0 0 0 0 0 0 0 0 0 0 0 0 0 0 0 0 0 0 0 0 0 0 0 0 1 0]
[3040844514474266518349566097253273405867067341957572222709059849228533213231744748995512043888345557057847279464411449810570596941456403210846469693523800618895193369740685763859227957514692461156595580473945095441174413928264654590706195592774917868076047627721434236201308830963218653422 0 0 0 0 0 0 0 0 0 0 0 0 0 0 0 0 0 0 0 0 0 0 0 0 0 0 0 0 0 0 0 0 0 0 0 0 0 0 0 0 0 0 0 0 0 0 0 0 0 0 0 0 0 0 0 0 0 0 0 0 0 0 0 0 0 0 0 0 0 0 0 0 0 0 0 0 0 0 0 0 0 0 0 0 0 0 0 0 0 0 0 0 0 0 1]
]
