[[2754028087363670084551032040622770636432880811683035344294519601986452693947999235215731385898829083991067286343470179263748060157249110097509306673047276529793124659099268574472749 0 0 0 0 0 0 0 0 0 0 0 0 0 0 0 0 0 0 0 0 0 0 0 0 0 0 0 0 0 0 0 0 0 0 0 0 0 0 0 0 0 0 0 0 0 0 0 0 0 0 0 0 0 0 0 0 0 0 0]
[860937033050828035610551257541767086919584976245303719694960116302458276786862337860592785693949154482007172168119117236039115447441784808825931284146376989863918175345370756775287 1 0 0 0 0 0 0 0 0 0 0 0 0 0 0 0 0 0 0 0 0 0 0 0 0 0 0 0 0 0 0 0 0 0 0 0 0 0 0 0 0 0 0 0 0 0 0 0 0 0 0 0 0 0 0 0 0 0 0]
[495026452663213884815329273105906625687066815185002607856815387009612148138964986882865980655676366292349943982909416303694255208021869275594635173593465141865571406941353082345212 0 1 0 0 0 0 0 0 0 0 0 0 0 0 0 0 0 0 0 0 0 0 0 0 0 0 0 0 0 0 0 0 0 0 0 0 0 0 0 0 0 0 0 0 0 0 0 0 0 0 0 0 0 0 0 0 0 0 0]
[1335938502607801718055498743428392659823226296378299787918890050756812530806667782178136449978409489322014164961815537177382594923371091048488101418146240342926628127286141637569315 0 0 1 0 0 0 0 0 0 0 0 0 0 0 0 0 0 0 0 0 0 0 0 0 0 0 0 0 0 0 0 0 0 0 0 0 0 0 0 0 0 0 0 0 0 0 0 0 0 0 0 0 0 0 0 0 0 0 0]
[1011573125750823591530700507149436473232225600767548100563854117148522847773617391187100907101324450413506694871421462670196267767528016093133388996042028468743141876163541833379745 0 0 0 1 0 0 0 0 0 0 0 0 0 0 0 0 0 0 0 0 0 0 0 0 0 0 0 0 0 0 0 0 0 0 0 0 0 0 0 0 0 0 0 0 0 0 0 0 0 0 0 0 0 0 0 0 0 0 0]
[1157875627601857915973625950399768543424854777795506265425439928586506524299939324600867366055625671420294038880161894603013525258450792032019171526370087232875826925364371627393513 0 0 0 0 1 0 0 0 0 0 0 0 0 0 0 0 0 0 0 0 0 0 0 0 0 0 0 0 0 0 0 0 0 0 0 0 0 0 0 0 0 0 0 0 0 0 0 0 0 0 0 0 0 0 0 0 0 0 0]
[1768339037284912713969210472483126562097680602137884556881777994972322703151361288434906944540519084094964762861390869330087536172683924278343844688009014724936264687370901913230980 0 0 0 0 0 1 0 0 0 0 0 0 0 0 0 0 0 0 0 0 0 0 0 0 0 0 0 0 0 0 0 0 0 0 0 0 0 0 0 0 0 0 0 0 0 0 0 0 0 0 0 0 0 0 0 0 0 0 0]
[1518021477449650930101011393499292887315973996764761121584663959451703958060832285838817873972042384974799594473099321034784181807230783727038699870179604459466093683491750101235286 0 0 0 0 0 0 1 0 0 0 0 0 0 0 0 0 0 0 0 0 0 0 0 0 0 0 0 0 0 0 0 0 0 0 0 0 0 0 0 0 0 0 0 0 0 0 0 0 0 0 0 0 0 0 0 0 0 0 0]
[2392460966973816994653616670385313077771496096494529481908552992222979984068836920002924607591074727421536413727022380039094365612227006331533817789513428914400521743819638996912011 0 0 0 0 0 0 0 1 0 0 0 0 0 0 0 0 0 0 0 0 0 0 0 0 0 0 0 0 0 0 0 0 0 0 0 0 0 0 0 0 0 0 0 0 0 0 0 0 0 0 0 0 0 0 0 0 0 0 0]
[1744042387477233055404280559529043988588120658790202080131216850024375125610326865666996084660298565082916053402457953844263594802232853670118605742263057898387926306956615418600723 0 0 0 0 0 0 0 0 1 0 0 0 0 0 0 0 0 0 0 0 0 0 0 0 0 0 0 0 0 0 0 0 0 0 0 0 0 0 0 0 0 0 0 0 0 0 0 0 0 0 0 0 0 0 0 0 0 0 0]
[2215021487257151555254782035266437856255240675995272450741311727549600934975700766541902428155740336351657726872170423862658289901600244834867393276689934702979293698756395059126998 0 0 0 0 0 0 0 0 0 1 0 0 0 0 0 0 0 0 0 0 0 0 0 0 0 0 0 0 0 0 0 0 0 0 0 0 0 0 0 0 0 0 0 0 0 0 0 0 0 0 0 0 0 0 0 0 0 0 0]
[648885503457935922812133144778884783217184788413553276257515478032895520341294848128897188291339993926098107228694411397909145128445686215564861358213807642320981576394150796290832 0 0 0 0 0 0 0 0 0 0 1 0 0 0 0 0 0 0 0 0 0 0 0 0 0 0 0 0 0 0 0 0 0 0 0 0 0 0 0 0 0 0 0 0 0 0 0 0 0 0 0 0 0 0 0 0 0 0 0]
[2068315414797589955581619709142336684912329699105448619178070510448624109923070664121634092534790652617964392196122173727223978322579880029592863028574879899392578420700875002948559 0 0 0 0 0 0 0 0 0 0 0 1 0 0 0 0 0 0 0 0 0 0 0 0 0 0 0 0 0 0 0 0 0 0 0 0 0 0 0 0 0 0 0 0 0 0 0 0 0 0 0 0 0 0 0 0 0 0 0]
[1639498185197838506367667383919948895513048003680523841693286100703331280459029715097362087131266832235840752378565146444422210776131864557436458241850709524744214734185193532458314 0 0 0 0 0 0 0 0 0 0 0 0 1 0 0 0 0 0 0 0 0 0 0 0 0 0 0 0 0 0 0 0 0 0 0 0 0 0 0 0 0 0 0 0 0 0 0 0 0 0 0 0 0 0 0 0 0 0 0]
[2487331918183146113060869092487229773001774811504230512625450572000350511559991059359133639269303203231752555354747878615593486447802601205383131401159918055212699916787190609695721 0 0 0 0 0 0 0 0 0 0 0 0 0 1 0 0 0 0 0 0 0 0 0 0 0 0 0 0 0 0 0 0 0 0 0 0 0 0 0 0 0 0 0 0 0 0 0 0 0 0 0 0 0 0 0 0 0 0 0]
[1053529883130815929238900788735010963059825440994782687947290289129379399990394246841965426315919091134515419630658809858668418201535184013347540390034547849814645148933037534201556 0 0 0 0 0 0 0 0 0 0 0 0 0 0 1 0 0 0 0 0 0 0 0 0 0 0 0 0 0 0 0 0 0 0 0 0 0 0 0 0 0 0 0 0 0 0 0 0 0 0 0 0 0 0 0 0 0 0 0]
[457562297962317876342133294262879692016144015277539653704555432168344826476814084821914147369749375672071697214516224335074236555116007257918607602483259809388010726522378443144312 0 0 0 0 0 0 0 0 0 0 0 0 0 0 0 1 0 0 0 0 0 0 0 0 0 0 0 0 0 0 0 0 0 0 0 0 0 0 0 0 0 0 0 0 0 0 0 0 0 0 0 0 0 0 0 0 0 0 0]
[1415361142358438495023777397567651715462482069178729098342575960658870897179847106972014431959309519853377488419029154651686233978739475982754471880681066433095534961240239145440470 0 0 0 0 0 0 0 0 0 0 0 0 0 0 0 0 1 0 0 0 0 0 0 0 0 0 0 0 0 0 0 0 0 0 0 0 0 0 0 0 0 0 0 0 0 0 0 0 0 0 0 0 0 0 0 0 0 0 0]
[1383939243185913754976278400001833232264211258803499337872016072671634052834531392176563532559717605564492834916356421121871251987774633502123784875670554841390088691068712863932504 0 0 0 0 0 0 0 0 0 0 0 0 0 0 0 0 0 1 0 0 0 0 0 0 0 0 0 0 0 0 0 0 0 0 0 0 0 0 0 0 0 0 0 0 0 0 0 0 0 0 0 0 0 0 0 0 0 0 0]
[866833144566536157714735639499760133202894898476113390218653780147748090008567310604306071911392224380127938023172169334406593314592070198476366441275328083265958513833100600998982 0 0 0 0 0 0 0 0 0 0 0 0 0 0 0 0 0 0 1 0 0 0 0 0 0 0 0 0 0 0 0 0 0 0 0 0 0 0 0 0 0 0 0 0 0 0 0 0 0 0 0 0 0 0 0 0 0 0 0]
[2652672197129592435893742705340636744034130210887890079378782387672808638776087002220085072230363497618130759664337321348552649726900554737287737128368656556913651457470673408848887 0 0 0 0 0 0 0 0 0 0 0 0 0 0 0 0 0 0 0 1 0 0 0 0 0 0 0 0 0 0 0 0 0 0 0 0 0 0 0 0 0 0 0 0 0 0 0 0 0 0 0 0 0 0 0 0 0 0 0]
[2338956626601975609983174795044591843446788598837247076013611904419317822740367296260702816301204560447489064399152958610366146532155501891618585911273198089882804337344898544159631 0 0 0 0 0 0 0 0 0 0 0 0 0 0 0 0 0 0 0 0 1 0 0 0 0 0 0 0 0 0 0 0 0 0 0 0 0 0 0 0 0 0 0 0 0 0 0 0 0 0 0 0 0 0 0 0 0 0 0]
[737688979617637132313555545327750076681591640247680018675979979090301026299516845718508897778405772566275093676507567196926724790124495269378653097941127165595217175244609196744818 0 0 0 0 0 0 0 0 0 0 0 0 0 0 0 0 0 0 0 0 0 1 0 0 0 0 0 0 0 0 0 0 0 0 0 0 0 0 0 0 0 0 0 0 0 0 0 0 0 0 0 0 0 0 0 0 0 0 0]
[1322384778934501559808763258123152235256826126732784013755619164242567445103525784494731399375087639282083839121896379737674415315435535543987974012501590108694664369229742781598565 0 0 0 0 0 0 0 0 0 0 0 0 0 0 0 0 0 0 0 0 0 0 1 0 0 0 0 0 0 0 0 0 0 0 0 0 0 0 0 0 0 0 0 0 0 0 0 0 0 0 0 0 0 0 0 0 0 0 0]
[80455008146911355690601665374967400366939816761516658750219171479825857200973743116088236897914965255752992843381738231178036966245453281111384116136403333404750419214965338804062 0 0 0 0 0 0 0 0 0 0 0 0 0 0 0 0 0 0 0 0 0 0 0 1 0 0 0 0 0 0 0 0 0 0 0 0 0 0 0 0 0 0 0 0 0 0 0 0 0 0 0 0 0 0 0 0 0 0 0]
[2082164541433311009267558369335962609471111396876375349088717714539622444089380996059385372296511161471524539534437093035162437921440963029240299550822039171869380839842710031487683 0 0 0 0 0 0 0 0 0 0 0 0 0 0 0 0 0 0 0 0 0 0 0 0 1 0 0 0 0 0 0 0 0 0 0 0 0 0 0 0 0 0 0 0 0 0 0 0 0 0 0 0 0 0 0 0 0 0 0]
[2012994642387259425988840848890769457738378319233319212103187873632687011350963924490428286473404966525361448062685742132789342176742070783261101284620803237688346157184765691159838 0 0 0 0 0 0 0 0 0 0 0 0 0 0 0 0 0 0 0 0 0 0 0 0 0 1 0 0 0 0 0 0 0 0 0 0 0 0 0 0 0 0 0 0 0 0 0 0 0 0 0 0 0 0 0 0 0 0 0]
[97309627492655495536669574506990954161935785455005630628257848729525206756453582530319385283392461849722759141084279498886630288134055884947674088557941843349964216190302356976884 0 0 0 0 0 0 0 0 0 0 0 0 0 0 0 0 0 0 0 0 0 0 0 0 0 0 1 0 0 0 0 0 0 0 0 0 0 0 0 0 0 0 0 0 0 0 0 0 0 0 0 0 0 0 0 0 0 0 0]
[1899161921179806276989423802196044790766961587616588386829647116717105516362663725102375885954984851082175833459962627039981327938246979543127949422540474908021972347395614135089766 0 0 0 0 0 0 0 0 0 0 0 0 0 0 0 0 0 0 0 0 0 0 0 0 0 0 0 1 0 0 0 0 0 0 0 0 0 0 0 0 0 0 0 0 0 0 0 0 0 0 0 0 0 0 0 0 0 0 0]
[829635719896936320826386271466289131832962528929847721798976558816488638168894309840294365672943357131759866707257539842833233513027131284913390789859086188404905108758568828175851 0 0 0 0 0 0 0 0 0 0 0 0 0 0 0 0 0 0 0 0 0 0 0 0 0 0 0 0 1 0 0 0 0 0 0 0 0 0 0 0 0 0 0 0 0 0 0 0 0 0 0 0 0 0 0 0 0 0 0]
[820056690533677103950336365190164403606067514014065338832418380370479088782224723557625935152173370184929039734167171168405261133153261561763190982759054889451749421638263686668297 0 0 0 0 0 0 0 0 0 0 0 0 0 0 0 0 0 0 0 0 0 0 0 0 0 0 0 0 0 1 0 0 0 0 0 0 0 0 0 0 0 0 0 0 0 0 0 0 0 0 0 0 0 0 0 0 0 0 0]
[108107333721338562822862343974987705825038868080134074683801161949306243464011771034507272374412247306013860080389295617361575132039935797690109001620591622123392873848055564770569 0 0 0 0 0 0 0 0 0 0 0 0 0 0 0 0 0 0 0 0 0 0 0 0 0 0 0 0 0 0 1 0 0 0 0 0 0 0 0 0 0 0 0 0 0 0 0 0 0 0 0 0 0 0 0 0 0 0 0]
[2734027483549842063802560504566711209098410888694579425721558824776671104369519325838247386916418594401427218148536671083016413538816034380094366607811019830794222842363149807599256 0 0 0 0 0 0 0 0 0 0 0 0 0 0 0 0 0 0 0 0 0 0 0 0 0 0 0 0 0 0 0 1 0 0 0 0 0 0 0 0 0 0 0 0 0 0 0 0 0 0 0 0 0 0 0 0 0 0 0]
[2732608026763675863966349035036197164512993692842074653850794442717450656321559779642467249341669585831896189655004257881745749775641376869034018932059001986887978807049836845597021 0 0 0 0 0 0 0 0 0 0 0 0 0 0 0 0 0 0 0 0 0 0 0 0 0 0 0 0 0 0 0 0 1 0 0 0 0 0 0 0 0 0 0 0 0 0 0 0 0 0 0 0 0 0 0 0 0 0 0]
[17382020325038161010327375511849726402280067457313287613584194305435336790046093553901116505465974814037812014899785833575635343269709199647878455557507673950775958789724641378551 0 0 0 0 0 0 0 0 0 0 0 0 0 0 0 0 0 0 0 0 0 0 0 0 0 0 0 0 0 0 0 0 0 1 0 0 0 0 0 0 0 0 0 0 0 0 0 0 0 0 0 0 0 0 0 0 0 0 0]
[549620084575820793894299039787947231800885535537702743570813595381299740438900483617704894571587643256865846982663265063185288431001832727733020353836812064191705478097209981652387 0 0 0 0 0 0 0 0 0 0 0 0 0 0 0 0 0 0 0 0 0 0 0 0 0 0 0 0 0 0 0 0 0 0 1 0 0 0 0 0 0 0 0 0 0 0 0 0 0 0 0 0 0 0 0 0 0 0 0]
[2211719899768867206059850935769600989726732778455765169448157755239130584479242839824685134562916777346666012006612580879583862170511473401132865511232382934279839232070103739191201 0 0 0 0 0 0 0 0 0 0 0 0 0 0 0 0 0 0 0 0 0 0 0 0 0 0 0 0 0 0 0 0 0 0 0 1 0 0 0 0 0 0 0 0 0 0 0 0 0 0 0 0 0 0 0 0 0 0 0]
[1928166413373310074244650572024016844151139323236857867132264202704880204574664667612173758779618904759878088560251600058069791854441957066130826860681434337898570263503142778529885 0 0 0 0 0 0 0 0 0 0 0 0 0 0 0 0 0 0 0 0 0 0 0 0 0 0 0 0 0 0 0 0 0 0 0 0 1 0 0 0 0 0 0 0 0 0 0 0 0 0 0 0 0 0 0 0 0 0 0]
[1574232090666049531884718817512697852315528558455373151064900038490971689036630716604265117338175931779081618782137351378143343353362019756935217375932786392625489717410271408498284 0 0 0 0 0 0 0 0 0 0 0 0 0 0 0 0 0 0 0 0 0 0 0 0 0 0 0 0 0 0 0 0 0 0 0 0 0 1 0 0 0 0 0 0 0 0 0 0 0 0 0 0 0 0 0 0 0 0 0]
[2245629320105657479819889880860106708908147450977001697061046830189098285046929689847069963345809804813266290758429796390679435039216935427224626119400332264929652297210887003871286 0 0 0 0 0 0 0 0 0 0 0 0 0 0 0 0 0 0 0 0 0 0 0 0 0 0 0 0 0 0 0 0 0 0 0 0 0 0 1 0 0 0 0 0 0 0 0 0 0 0 0 0 0 0 0 0 0 0 0]
[1954851977374036950219313193585414011198571602784605887867862680525547586483331662063871177017906037649116888434308104965072260369089006434682828541066714395867725667355522288991641 0 0 0 0 0 0 0 0 0 0 0 0 0 0 0 0 0 0 0 0 0 0 0 0 0 0 0 0 0 0 0 0 0 0 0 0 0 0 0 1 0 0 0 0 0 0 0 0 0 0 0 0 0 0 0 0 0 0 0]
[2084043130021921360496538108712896443144060634037480957565812101618830752430253443489270886976393803190482367703740520637365182370795072270923383303109489997530136925059329595864377 0 0 0 0 0 0 0 0 0 0 0 0 0 0 0 0 0 0 0 0 0 0 0 0 0 0 0 0 0 0 0 0 0 0 0 0 0 0 0 0 1 0 0 0 0 0 0 0 0 0 0 0 0 0 0 0 0 0 0]
[2695865921942218932889617318816291189366601777430953558749691306200870211263775383608456358772545117479869375100888461368240411420937613024359335294274954831846419281581223335842625 0 0 0 0 0 0 0 0 0 0 0 0 0 0 0 0 0 0 0 0 0 0 0 0 0 0 0 0 0 0 0 0 0 0 0 0 0 0 0 0 0 1 0 0 0 0 0 0 0 0 0 0 0 0 0 0 0 0 0]
[1151943560432131065249919724350592899340754234064958200575603923694913347872391475687649172333393584287367331578690704007153005704995065893543425340092755983284234026935565301711105 0 0 0 0 0 0 0 0 0 0 0 0 0 0 0 0 0 0 0 0 0 0 0 0 0 0 0 0 0 0 0 0 0 0 0 0 0 0 0 0 0 0 1 0 0 0 0 0 0 0 0 0 0 0 0 0 0 0 0]
[1277944704225116335438209134034354505255575902277237036721251851363734126658405651912630667519032807235968435667040983977444227933983260042822472241727725606748474595935667533334674 0 0 0 0 0 0 0 0 0 0 0 0 0 0 0 0 0 0 0 0 0 0 0 0 0 0 0 0 0 0 0 0 0 0 0 0 0 0 0 0 0 0 0 1 0 0 0 0 0 0 0 0 0 0 0 0 0 0 0]
[712770125114985148618341044918432571803628840890297593731084370486539808745832305124788387863175489144065092558703959798726156064462851391781757393237887388874025922924378498101311 0 0 0 0 0 0 0 0 0 0 0 0 0 0 0 0 0 0 0 0 0 0 0 0 0 0 0 0 0 0 0 0 0 0 0 0 0 0 0 0 0 0 0 0 1 0 0 0 0 0 0 0 0 0 0 0 0 0 0]
[798240739565784233196959805410409122706612359307210737829617703023369775783182875120455098665361108081797774956183263420562526375974376736698041334153027317569796677074990059608706 0 0 0 0 0 0 0 0 0 0 0 0 0 0 0 0 0 0 0 0 0 0 0 0 0 0 0 0 0 0 0 0 0 0 0 0 0 0 0 0 0 0 0 0 0 1 0 0 0 0 0 0 0 0 0 0 0 0 0]
[409453920942447457240922218866287282851656687706476873001186394480152640968790437592121644947370579063574828373673481062658401949011063465879418838388305311782737117976745101209891 0 0 0 0 0 0 0 0 0 0 0 0 0 0 0 0 0 0 0 0 0 0 0 0 0 0 0 0 0 0 0 0 0 0 0 0 0 0 0 0 0 0 0 0 0 0 1 0 0 0 0 0 0 0 0 0 0 0 0]
[2462595531126556857729116493223483358054038122296369765067743467343199066464226743839837367031383455001944074397200699369513730155585529073430590666717514538124418500332349380896833 0 0 0 0 0 0 0 0 0 0 0 0 0 0 0 0 0 0 0 0 0 0 0 0 0 0 0 0 0 0 0 0 0 0 0 0 0 0 0 0 0 0 0 0 0 0 0 1 0 0 0 0 0 0 0 0 0 0 0]
[430687742037199112376021706267139446448420601901159441412346987102520392834352508251986151809364077177190911398767201304181700834291812020886084954827936561018645258450431792812973 0 0 0 0 0 0 0 0 0 0 0 0 0 0 0 0 0 0 0 0 0 0 0 0 0 0 0 0 0 0 0 0 0 0 0 0 0 0 0 0 0 0 0 0 0 0 0 0 1 0 0 0 0 0 0 0 0 0 0]
[912210820107058387438597862710018511704269072076582967909499912209326431649558805529570021350417544512475620656199257316825713964648607030429150958709432315145101599425156937284961 0 0 0 0 0 0 0 0 0 0 0 0 0 0 0 0 0 0 0 0 0 0 0 0 0 0 0 0 0 0 0 0 0 0 0 0 0 0 0 0 0 0 0 0 0 0 0 0 0 1 0 0 0 0 0 0 0 0 0]
[1545532304992189991287410145868271567981431639281091213664975591029154919706168373853841445498398977208982528019299021212584035474624553755347260648844411889981836803817527159024565 0 0 0 0 0 0 0 0 0 0 0 0 0 0 0 0 0 0 0 0 0 0 0 0 0 0 0 0 0 0 0 0 0 0 0 0 0 0 0 0 0 0 0 0 0 0 0 0 0 0 1 0 0 0 0 0 0 0 0]
[323993782787139128333466655370771020338063498530853326559116134989245705763355309044512038274373112735784036497951555235913891492915898914783305817992536350848889734192639661062649 0 0 0 0 0 0 0 0 0 0 0 0 0 0 0 0 0 0 0 0 0 0 0 0 0 0 0 0 0 0 0 0 0 0 0 0 0 0 0 0 0 0 0 0 0 0 0 0 0 0 0 1 0 0 0 0 0 0 0]
[646376067605923769273978701828146916275726066148419618587570542101562700763070748918942163767478167815993453871473522999228525524484287969410250787863887589237550252067772982347014 0 0 0 0 0 0 0 0 0 0 0 0 0 0 0 0 0 0 0 0 0 0 0 0 0 0 0 0 0 0 0 0 0 0 0 0 0 0 0 0 0 0 0 0 0 0 0 0 0 0 0 0 1 0 0 0 0 0 0]
[2017953511934833829156393363180225978220067364480457362924750198283019085666848697694894522274510547439212887276537690097442944007940528263866429029388958276870794199570822810917336 0 0 0 0 0 0 0 0 0 0 0 0 0 0 0 0 0 0 0 0 0 0 0 0 0 0 0 0 0 0 0 0 0 0 0 0 0 0 0 0 0 0 0 0 0 0 0 0 0 0 0 0 0 1 0 0 0 0 0]
[1391366635380169843113483334192985284363117295005839869665072225266425778474644055950572228077868373708704069192874965779072661037867811540956947015846174751395572869384962863937469 0 0 0 0 0 0 0 0 0 0 0 0 0 0 0 0 0 0 0 0 0 0 0 0 0 0 0 0 0 0 0 0 0 0 0 0 0 0 0 0 0 0 0 0 0 0 0 0 0 0 0 0 0 0 1 0 0 0 0]
[585112856996353753730192337347711318987097684496748956378136125205037328020057168091126593017308606417534543880496576449730150601458746337826099010503641105946657083311705519732188 0 0 0 0 0 0 0 0 0 0 0 0 0 0 0 0 0 0 0 0 0 0 0 0 0 0 0 0 0 0 0 0 0 0 0 0 0 0 0 0 0 0 0 0 0 0 0 0 0 0 0 0 0 0 0 1 0 0 0]
[1164954373920099272097486471220517583255642509550601221531155035051725478761296013452757798578600673225234752255701469680191523337144921036372047658931726787243494987097586145590168 0 0 0 0 0 0 0 0 0 0 0 0 0 0 0 0 0 0 0 0 0 0 0 0 0 0 0 0 0 0 0 0 0 0 0 0 0 0 0 0 0 0 0 0 0 0 0 0 0 0 0 0 0 0 0 0 1 0 0]
[2367063392192927424676886082910212869237254368843229849909657029009231024901528209963802330043038985361345819304725256334143994219438801495201750262821517460202113931907305508015898 0 0 0 0 0 0 0 0 0 0 0 0 0 0 0 0 0 0 0 0 0 0 0 0 0 0 0 0 0 0 0 0 0 0 0 0 0 0 0 0 0 0 0 0 0 0 0 0 0 0 0 0 0 0 0 0 0 1 0]
[2514512470987644337928519434445187620893607773606729990363318255602422487352822215314823246406004500056725565471964091344256871768917426198522405062693899064647305160186196841077214 0 0 0 0 0 0 0 0 0 0 0 0 0 0 0 0 0 0 0 0 0 0 0 0 0 0 0 0 0 0 0 0 0 0 0 0 0 0 0 0 0 0 0 0 0 0 0 0 0 0 0 0 0 0 0 0 0 0 1]
]
