[[2898172463624124674227460757133391588259912481983247209488187665184178228505301766544982141920567430969687225094030923425618545754202052749444726041433853985411870719992344794083443 0 0 0 0 0 0 0 0 0 0 0 0 0 0 0 0 0 0 0 0 0 0 0 0 0 0 0 0 0 0 0 0 0 0 0 0 0 0 0 0 0 0 0 0 0 0 0 0 0 0 0 0 0 0 0 0 0 0 0]
[179303190443806084672335920602551214320119129666864962276787291561248704822818696042368123523085698929907535046494780820221842078825660274149400861213877412126586626183410109716338 1 0 0 0 0 0 0 0 0 0 0 0 0 0 0 0 0 0 0 0 0 0 0 0 0 0 0 0 0 0 0 0 0 0 0 0 0 0 0 0 0 0 0 0 0 0 0 0 0 0 0 0 0 0 0 0 0 0 0]
[2781777869731332053333991547300961080180325851759009888774868252850690155475260535331093874727955675133153677016806940830169640869748185892769300530788553257725636962015508111372981 0 1 0 0 0 0 0 0 0 0 0 0 0 0 0 0 0 0 0 0 0 0 0 0 0 0 0 0 0 0 0 0 0 0 0 0 0 0 0 0 0 0 0 0 0 0 0 0 0 0 0 0 0 0 0 0 0 0 0]
[1544431852746446139562762828840069457546189521668496011837605953434057486743487147138666929330261248873496165492770576376987592478747955240679254070989317279198507812553146574309119 0 0 1 0 0 0 0 0 0 0 0 0 0 0 0 0 0 0 0 0 0 0 0 0 0 0 0 0 0 0 0 0 0 0 0 0 0 0 0 0 0 0 0 0 0 0 0 0 0 0 0 0 0 0 0 0 0 0 0]
[1815788919241930733063371484909019993912561367579026636213979761903746964268456468945839059439568280147056388042306582337276164582455228410123975961280256501642892552615800183217639 0 0 0 1 0 0 0 0 0 0 0 0 0 0 0 0 0 0 0 0 0 0 0 0 0 0 0 0 0 0 0 0 0 0 0 0 0 0 0 0 0 0 0 0 0 0 0 0 0 0 0 0 0 0 0 0 0 0 0]
[1589291112719567126210933015964310743722558601697392621844459025801412880752912621782418298122183338844964060408632686294543771109366835485499597532880785784279264259859065408326959 0 0 0 0 1 0 0 0 0 0 0 0 0 0 0 0 0 0 0 0 0 0 0 0 0 0 0 0 0 0 0 0 0 0 0 0 0 0 0 0 0 0 0 0 0 0 0 0 0 0 0 0 0 0 0 0 0 0 0]
[1659594687388692061612137111731039936139702296884747707489111252157787724114459517536792240887323705204390833313517667413964807542755008460395356998315074538289294832619791284006223 0 0 0 0 0 1 0 0 0 0 0 0 0 0 0 0 0 0 0 0 0 0 0 0 0 0 0 0 0 0 0 0 0 0 0 0 0 0 0 0 0 0 0 0 0 0 0 0 0 0 0 0 0 0 0 0 0 0 0]
[1260487900020267731511704888385461558126990305246447541828819460406385620111604924147074105393586181124719748821412709715467321907472242369886148557127434757875434558281741002509008 0 0 0 0 0 0 1 0 0 0 0 0 0 0 0 0 0 0 0 0 0 0 0 0 0 0 0 0 0 0 0 0 0 0 0 0 0 0 0 0 0 0 0 0 0 0 0 0 0 0 0 0 0 0 0 0 0 0 0]
[2295945218850133650500470113996664161020924554066920155067606639290150145693723899618870452025813369711037656309524177105093275176898297045196646557207635957246328709591240099098313 0 0 0 0 0 0 0 1 0 0 0 0 0 0 0 0 0 0 0 0 0 0 0 0 0 0 0 0 0 0 0 0 0 0 0 0 0 0 0 0 0 0 0 0 0 0 0 0 0 0 0 0 0 0 0 0 0 0 0]
[1728073884097111515022630520959842557639330441006963079257026250538099734580951720912077028572568645227735911209318087739825260333373444582242251998690704596122202722396889339963836 0 0 0 0 0 0 0 0 1 0 0 0 0 0 0 0 0 0 0 0 0 0 0 0 0 0 0 0 0 0 0 0 0 0 0 0 0 0 0 0 0 0 0 0 0 0 0 0 0 0 0 0 0 0 0 0 0 0 0]
[2174676611853962977608542183152094266470774974795603237424610623485906364374856687333527237360452182243417410785484741588666662222083183648572518934635561578918003456435076526617689 0 0 0 0 0 0 0 0 0 1 0 0 0 0 0 0 0 0 0 0 0 0 0 0 0 0 0 0 0 0 0 0 0 0 0 0 0 0 0 0 0 0 0 0 0 0 0 0 0 0 0 0 0 0 0 0 0 0 0]
[953635854521685246002059516059740083667248180343431538257696358413965864191788308212230449311284496738111080778875647333148271941444740647249776415458152089025098289217588698575789 0 0 0 0 0 0 0 0 0 0 1 0 0 0 0 0 0 0 0 0 0 0 0 0 0 0 0 0 0 0 0 0 0 0 0 0 0 0 0 0 0 0 0 0 0 0 0 0 0 0 0 0 0 0 0 0 0 0 0]
[1463761949878794803377092770145323687339102823726549665013881275619973266023794608239409009949739343458082217345091716851857854084955174867460164842274928349859483372148042552911883 0 0 0 0 0 0 0 0 0 0 0 1 0 0 0 0 0 0 0 0 0 0 0 0 0 0 0 0 0 0 0 0 0 0 0 0 0 0 0 0 0 0 0 0 0 0 0 0 0 0 0 0 0 0 0 0 0 0 0]
[2667701659997531307597335045507313856137137414710491055632736618931577914657471455092372923678279855297867928146387411972541201360877605438837132896098251790923414585126738174011607 0 0 0 0 0 0 0 0 0 0 0 0 1 0 0 0 0 0 0 0 0 0 0 0 0 0 0 0 0 0 0 0 0 0 0 0 0 0 0 0 0 0 0 0 0 0 0 0 0 0 0 0 0 0 0 0 0 0 0]
[339111479282778319893140709152651703280271549983471784059584449691424661416279132922880192068835553772456607740992136062846198299502632722145003653979231872890563992026679010148807 0 0 0 0 0 0 0 0 0 0 0 0 0 1 0 0 0 0 0 0 0 0 0 0 0 0 0 0 0 0 0 0 0 0 0 0 0 0 0 0 0 0 0 0 0 0 0 0 0 0 0 0 0 0 0 0 0 0 0]
[2012514804425370217633535034338086523033587658133143953111755976594605182414017149532457677288866640609508257902751424683484168692530506257033097584308217916504612829206212807265168 0 0 0 0 0 0 0 0 0 0 0 0 0 0 1 0 0 0 0 0 0 0 0 0 0 0 0 0 0 0 0 0 0 0 0 0 0 0 0 0 0 0 0 0 0 0 0 0 0 0 0 0 0 0 0 0 0 0 0]
[261956071765589602842790813151603850703492609696150120085406785095914569694430850210747160350823539676182240562724031469067252526153518892083972362406360240961355791858944586584685 0 0 0 0 0 0 0 0 0 0 0 0 0 0 0 1 0 0 0 0 0 0 0 0 0 0 0 0 0 0 0 0 0 0 0 0 0 0 0 0 0 0 0 0 0 0 0 0 0 0 0 0 0 0 0 0 0 0 0]
[1943618366246868273697618418794690378688877021919840441083186348587134402137241310785500983581710579701682549378087481802655417035326561371218572570186570778167340908358756178074054 0 0 0 0 0 0 0 0 0 0 0 0 0 0 0 0 1 0 0 0 0 0 0 0 0 0 0 0 0 0 0 0 0 0 0 0 0 0 0 0 0 0 0 0 0 0 0 0 0 0 0 0 0 0 0 0 0 0 0]
[2742550556667685318545664905270409796152966340032172791928508688161206771730480222581440402340959714169917222921995702691752923286276914380160535536840889407544722402859850196743891 0 0 0 0 0 0 0 0 0 0 0 0 0 0 0 0 0 1 0 0 0 0 0 0 0 0 0 0 0 0 0 0 0 0 0 0 0 0 0 0 0 0 0 0 0 0 0 0 0 0 0 0 0 0 0 0 0 0 0]
[2228715257718928861483591797018401764148704940882423548271047736343777298996156476862360197696010237511385264773187414691943984426872931381126186807335683941149206433486361925735751 0 0 0 0 0 0 0 0 0 0 0 0 0 0 0 0 0 0 1 0 0 0 0 0 0 0 0 0 0 0 0 0 0 0 0 0 0 0 0 0 0 0 0 0 0 0 0 0 0 0 0 0 0 0 0 0 0 0 0]
[2464623025609695053609542810173253065083730244774437947824601612555253539167980379763679027486290586941197301490878055329200369899067408100444093477239651598090792632314063557977994 0 0 0 0 0 0 0 0 0 0 0 0 0 0 0 0 0 0 0 1 0 0 0 0 0 0 0 0 0 0 0 0 0 0 0 0 0 0 0 0 0 0 0 0 0 0 0 0 0 0 0 0 0 0 0 0 0 0 0]
[2371763950618513951424877148484470918175376448742972527588829775518650164021614501556313898888610258577836596410710732218536825273905685298425416621448279008518101583309014989726401 0 0 0 0 0 0 0 0 0 0 0 0 0 0 0 0 0 0 0 0 1 0 0 0 0 0 0 0 0 0 0 0 0 0 0 0 0 0 0 0 0 0 0 0 0 0 0 0 0 0 0 0 0 0 0 0 0 0 0]
[526588985180856248685470037464021667001797755739619593929770244196635475852097670943407237912582707334937669226915410815569554438925163138723949504625024974825743455913144911567251 0 0 0 0 0 0 0 0 0 0 0 0 0 0 0 0 0 0 0 0 0 1 0 0 0 0 0 0 0 0 0 0 0 0 0 0 0 0 0 0 0 0 0 0 0 0 0 0 0 0 0 0 0 0 0 0 0 0 0]
[2708800012359674870007480457261393116216338331845660185835267819419395049711491921920951184432955115238630456246553343371085540873811239158162720680433561370352275216999181820501894 0 0 0 0 0 0 0 0 0 0 0 0 0 0 0 0 0 0 0 0 0 0 1 0 0 0 0 0 0 0 0 0 0 0 0 0 0 0 0 0 0 0 0 0 0 0 0 0 0 0 0 0 0 0 0 0 0 0 0]
[2345470365013880371819109435919841740918084918403414111723772533056533023467337356275402720700290286292776368132002867019535892097151104585744073189551440803816140793717208918750530 0 0 0 0 0 0 0 0 0 0 0 0 0 0 0 0 0 0 0 0 0 0 0 1 0 0 0 0 0 0 0 0 0 0 0 0 0 0 0 0 0 0 0 0 0 0 0 0 0 0 0 0 0 0 0 0 0 0 0]
[829916852861866813894780028392986429450178202522514905622292881271406328145999378366087605545125265517594258622099430397065974358000594048041864875529709254584928849255988231426711 0 0 0 0 0 0 0 0 0 0 0 0 0 0 0 0 0 0 0 0 0 0 0 0 1 0 0 0 0 0 0 0 0 0 0 0 0 0 0 0 0 0 0 0 0 0 0 0 0 0 0 0 0 0 0 0 0 0 0]
[937231721725844200982653095299746954951362613104694063229086151659336765801076639631739325086655586465291626180544509632981730638271693988832783642723467469411122261047910621089372 0 0 0 0 0 0 0 0 0 0 0 0 0 0 0 0 0 0 0 0 0 0 0 0 0 1 0 0 0 0 0 0 0 0 0 0 0 0 0 0 0 0 0 0 0 0 0 0 0 0 0 0 0 0 0 0 0 0 0]
[2057124350116129056282997065000028084512387487194939690826452170053467027947129406299936934146421141641785212693987078256179219219599697017220537639786713733051932662689857491298955 0 0 0 0 0 0 0 0 0 0 0 0 0 0 0 0 0 0 0 0 0 0 0 0 0 0 1 0 0 0 0 0 0 0 0 0 0 0 0 0 0 0 0 0 0 0 0 0 0 0 0 0 0 0 0 0 0 0 0]
[985985027128691072423674738215435973087405473626756133557029142179617752971368791928205566351109197448072291772857384086807532367264208698831146391459479155314247609321139261387523 0 0 0 0 0 0 0 0 0 0 0 0 0 0 0 0 0 0 0 0 0 0 0 0 0 0 0 1 0 0 0 0 0 0 0 0 0 0 0 0 0 0 0 0 0 0 0 0 0 0 0 0 0 0 0 0 0 0 0]
[2683917950706504607638329678678419158180902316408776993522402237611677826687459105710097160262427572483411696699973250824110315675253715603604265729426152021573691094748297046249006 0 0 0 0 0 0 0 0 0 0 0 0 0 0 0 0 0 0 0 0 0 0 0 0 0 0 0 0 1 0 0 0 0 0 0 0 0 0 0 0 0 0 0 0 0 0 0 0 0 0 0 0 0 0 0 0 0 0 0]
[1878457259597506843950558197399327889433038226338655881139428944920647423362757957511045239608592735778438353517939655161943705761995452669278907729974717250904451491168338433140089 0 0 0 0 0 0 0 0 0 0 0 0 0 0 0 0 0 0 0 0 0 0 0 0 0 0 0 0 0 1 0 0 0 0 0 0 0 0 0 0 0 0 0 0 0 0 0 0 0 0 0 0 0 0 0 0 0 0 0]
[1144779905640620887945564914143152221165800566728644010158905728326732746423185925595024747647595198349228168477023799294809239733977659863666077963966936172683079306631664851866956 0 0 0 0 0 0 0 0 0 0 0 0 0 0 0 0 0 0 0 0 0 0 0 0 0 0 0 0 0 0 1 0 0 0 0 0 0 0 0 0 0 0 0 0 0 0 0 0 0 0 0 0 0 0 0 0 0 0 0]
[1797524083013080666306617237108394911046164661476137929673073581963892004338697005611947175502818715788700988734893768347133701362618781068346255485072093341481472441696055636157494 0 0 0 0 0 0 0 0 0 0 0 0 0 0 0 0 0 0 0 0 0 0 0 0 0 0 0 0 0 0 0 1 0 0 0 0 0 0 0 0 0 0 0 0 0 0 0 0 0 0 0 0 0 0 0 0 0 0 0]
[1560244016335871748002330393504159113546909089698540935533153799998450586548378790596678139177708146901597036355423623542606517795575039695310281508818424624391233174668466892607056 0 0 0 0 0 0 0 0 0 0 0 0 0 0 0 0 0 0 0 0 0 0 0 0 0 0 0 0 0 0 0 0 1 0 0 0 0 0 0 0 0 0 0 0 0 0 0 0 0 0 0 0 0 0 0 0 0 0 0]
[2771738494668194588887479620033950970248506246518610230956490647689856071630471086926273585811334790961623941291505828878056142726167984315314881978575380088368142873567990671099997 0 0 0 0 0 0 0 0 0 0 0 0 0 0 0 0 0 0 0 0 0 0 0 0 0 0 0 0 0 0 0 0 0 1 0 0 0 0 0 0 0 0 0 0 0 0 0 0 0 0 0 0 0 0 0 0 0 0 0]
[904733591744833471850281214986151045500181822248727563120643743001324550093445511197071852969753269545225505599920168185213332857098690561556111500026440902776594951038572045017047 0 0 0 0 0 0 0 0 0 0 0 0 0 0 0 0 0 0 0 0 0 0 0 0 0 0 0 0 0 0 0 0 0 0 1 0 0 0 0 0 0 0 0 0 0 0 0 0 0 0 0 0 0 0 0 0 0 0 0]
[980307048890642052881791456988768612039959874230061138571459981348829752274672643357471794926610586778538323094996932081771838684249326112387569389807439612449988925122251559436513 0 0 0 0 0 0 0 0 0 0 0 0 0 0 0 0 0 0 0 0 0 0 0 0 0 0 0 0 0 0 0 0 0 0 0 1 0 0 0 0 0 0 0 0 0 0 0 0 0 0 0 0 0 0 0 0 0 0 0]
[999425425704984806350877359734837151491778026687533735829573267180971087089965775420052849105319630728581500674269826538967092141934343612055399048574085810109189861533211540941623 0 0 0 0 0 0 0 0 0 0 0 0 0 0 0 0 0 0 0 0 0 0 0 0 0 0 0 0 0 0 0 0 0 0 0 0 1 0 0 0 0 0 0 0 0 0 0 0 0 0 0 0 0 0 0 0 0 0 0]
[1850184055539613546085208290015461430168351782087667765563373860330879551169664444185376913806078839934223299009181014953292854836595583287150202142377313901044273575869739846165701 0 0 0 0 0 0 0 0 0 0 0 0 0 0 0 0 0 0 0 0 0 0 0 0 0 0 0 0 0 0 0 0 0 0 0 0 0 1 0 0 0 0 0 0 0 0 0 0 0 0 0 0 0 0 0 0 0 0 0]
[1812427620840682185240529024269052881518429090940417505231462324327519147293462159391535855742146711226704169385656796736906351478856837113301423500490530983706455976810086714469200 0 0 0 0 0 0 0 0 0 0 0 0 0 0 0 0 0 0 0 0 0 0 0 0 0 0 0 0 0 0 0 0 0 0 0 0 0 0 1 0 0 0 0 0 0 0 0 0 0 0 0 0 0 0 0 0 0 0 0]
[1068039260943823283080867571512658321477553173652009112657683665770445113390389001678281727212363117965773174305515246956030583701074459314461757232349253275513150679510767704788802 0 0 0 0 0 0 0 0 0 0 0 0 0 0 0 0 0 0 0 0 0 0 0 0 0 0 0 0 0 0 0 0 0 0 0 0 0 0 0 1 0 0 0 0 0 0 0 0 0 0 0 0 0 0 0 0 0 0 0]
[2478043396508442088324432431338954284493359570944553328679759017939012777174849657664983629280751979142753938222424644969018536514167051350507624970132338063612979703429884357887178 0 0 0 0 0 0 0 0 0 0 0 0 0 0 0 0 0 0 0 0 0 0 0 0 0 0 0 0 0 0 0 0 0 0 0 0 0 0 0 0 1 0 0 0 0 0 0 0 0 0 0 0 0 0 0 0 0 0 0]
[1467235124434981291707559751418874204537929235789585862210523623629718683213150075705600164444623202168572093414639719735809600519183977734439308103662764359531079823513589488868414 0 0 0 0 0 0 0 0 0 0 0 0 0 0 0 0 0 0 0 0 0 0 0 0 0 0 0 0 0 0 0 0 0 0 0 0 0 0 0 0 0 1 0 0 0 0 0 0 0 0 0 0 0 0 0 0 0 0 0]
[723142732628084243291124222863155178161516559482802389532959952858398202874177727819937888944736495331816527872748369749225694310056168119279388371905906509965344355360322052479855 0 0 0 0 0 0 0 0 0 0 0 0 0 0 0 0 0 0 0 0 0 0 0 0 0 0 0 0 0 0 0 0 0 0 0 0 0 0 0 0 0 0 1 0 0 0 0 0 0 0 0 0 0 0 0 0 0 0 0]
[1268348174238697207392143698357184723819480549479536935437740668267573802001378595640585920728460626963145338212811056531402152179770638356300904370025418304949506627294992613670158 0 0 0 0 0 0 0 0 0 0 0 0 0 0 0 0 0 0 0 0 0 0 0 0 0 0 0 0 0 0 0 0 0 0 0 0 0 0 0 0 0 0 0 1 0 0 0 0 0 0 0 0 0 0 0 0 0 0 0]
[391486202327198093170739216345806083850656039018327263441328246327070321102259411905238126768668314385042644213585044811430465854727708613404947648300686239378485278290040898311574 0 0 0 0 0 0 0 0 0 0 0 0 0 0 0 0 0 0 0 0 0 0 0 0 0 0 0 0 0 0 0 0 0 0 0 0 0 0 0 0 0 0 0 0 1 0 0 0 0 0 0 0 0 0 0 0 0 0 0]
[865420383198190563666818066564303100572452692185553183151400127447132212909238152158483878196518305196943175647806696159421094926915529994030458979579993728626797388554527735902884 0 0 0 0 0 0 0 0 0 0 0 0 0 0 0 0 0 0 0 0 0 0 0 0 0 0 0 0 0 0 0 0 0 0 0 0 0 0 0 0 0 0 0 0 0 1 0 0 0 0 0 0 0 0 0 0 0 0 0]
[1771208391280497599041549166920869347894597043242511334534249308467289849424405724821757972979901080462517666561309868397472703124913807050836948086113290458323151016306398627358490 0 0 0 0 0 0 0 0 0 0 0 0 0 0 0 0 0 0 0 0 0 0 0 0 0 0 0 0 0 0 0 0 0 0 0 0 0 0 0 0 0 0 0 0 0 0 1 0 0 0 0 0 0 0 0 0 0 0 0]
[1820326114625649146578869946632695505951992981465220000912755063549863279981193127330855270692776478677091891720128332662792857620766506160016594498132054298462992038571004063004868 0 0 0 0 0 0 0 0 0 0 0 0 0 0 0 0 0 0 0 0 0 0 0 0 0 0 0 0 0 0 0 0 0 0 0 0 0 0 0 0 0 0 0 0 0 0 0 1 0 0 0 0 0 0 0 0 0 0 0]
[387432414383487455581394664798542938237483638530589205988042551081722624253033255691059258811791750332503696959463756535506810219864382883329121622459118382801350931347159929001586 0 0 0 0 0 0 0 0 0 0 0 0 0 0 0 0 0 0 0 0 0 0 0 0 0 0 0 0 0 0 0 0 0 0 0 0 0 0 0 0 0 0 0 0 0 0 0 0 1 0 0 0 0 0 0 0 0 0 0]
[2290819002739281476866260433393602720252723705855285895198785223373761151483270870682180692251137156081669452468163786089178033512084048413531870008885566401546863176758220236958405 0 0 0 0 0 0 0 0 0 0 0 0 0 0 0 0 0 0 0 0 0 0 0 0 0 0 0 0 0 0 0 0 0 0 0 0 0 0 0 0 0 0 0 0 0 0 0 0 0 1 0 0 0 0 0 0 0 0 0]
[1782105567178783571877063229969804832686229698779005348960237378015397291586386642158142589089882880790381395108446031128379326324935770288245409251165888375914037759561885256860186 0 0 0 0 0 0 0 0 0 0 0 0 0 0 0 0 0 0 0 0 0 0 0 0 0 0 0 0 0 0 0 0 0 0 0 0 0 0 0 0 0 0 0 0 0 0 0 0 0 0 1 0 0 0 0 0 0 0 0]
[945224797571789154519950949685379529810083267009567156385904996393609925941131217383971180512367505977217408843085709196526673100203049472510948737908107549338626464084035568867636 0 0 0 0 0 0 0 0 0 0 0 0 0 0 0 0 0 0 0 0 0 0 0 0 0 0 0 0 0 0 0 0 0 0 0 0 0 0 0 0 0 0 0 0 0 0 0 0 0 0 0 1 0 0 0 0 0 0 0]
[387541056519458481718211562409959622934412831858757715209358930394641341130497594915183502386479343889861131882945474622559761175719935107777584575506972973980993821278548440954687 0 0 0 0 0 0 0 0 0 0 0 0 0 0 0 0 0 0 0 0 0 0 0 0 0 0 0 0 0 0 0 0 0 0 0 0 0 0 0 0 0 0 0 0 0 0 0 0 0 0 0 0 1 0 0 0 0 0 0]
[631864060284592661934130794379819356252075872737005987668928782891339952766886662493773363576825692250089495927097687370323182619845603428503618805056101108392172097643364517582449 0 0 0 0 0 0 0 0 0 0 0 0 0 0 0 0 0 0 0 0 0 0 0 0 0 0 0 0 0 0 0 0 0 0 0 0 0 0 0 0 0 0 0 0 0 0 0 0 0 0 0 0 0 1 0 0 0 0 0]
[405894077022027271138874317698044852095300075165034879050109132577001775204852291565053540398259675218529936204970850685171444937786314770262287606901049664643519988582287080521720 0 0 0 0 0 0 0 0 0 0 0 0 0 0 0 0 0 0 0 0 0 0 0 0 0 0 0 0 0 0 0 0 0 0 0 0 0 0 0 0 0 0 0 0 0 0 0 0 0 0 0 0 0 0 1 0 0 0 0]
[264457060685946713300554716097996063736515823416247556892568813249023086741675987817325033405441952084689439747880971058801347860504069866589510646263220098457157530944213452866911 0 0 0 0 0 0 0 0 0 0 0 0 0 0 0 0 0 0 0 0 0 0 0 0 0 0 0 0 0 0 0 0 0 0 0 0 0 0 0 0 0 0 0 0 0 0 0 0 0 0 0 0 0 0 0 1 0 0 0]
[2705237477133128134061398747559970615494292867101048773779968196181551018444234079204114365858900413448632377617967142488726006077678243008650540882761448268722943226854346014716853 0 0 0 0 0 0 0 0 0 0 0 0 0 0 0 0 0 0 0 0 0 0 0 0 0 0 0 0 0 0 0 0 0 0 0 0 0 0 0 0 0 0 0 0 0 0 0 0 0 0 0 0 0 0 0 0 1 0 0]
[753645897763862121410452504386470608771014612949442914398120877231753754241619032911642912199761922245116374073398907887416883508780539004195554614698213836486405325586636652667683 0 0 0 0 0 0 0 0 0 0 0 0 0 0 0 0 0 0 0 0 0 0 0 0 0 0 0 0 0 0 0 0 0 0 0 0 0 0 0 0 0 0 0 0 0 0 0 0 0 0 0 0 0 0 0 0 0 1 0]
[103565564964456658256618665322329172443236516888657553072123369521483104563924962913408641418448877701814068113765037794669470783102327055588774154548587907746286496879140579806957 0 0 0 0 0 0 0 0 0 0 0 0 0 0 0 0 0 0 0 0 0 0 0 0 0 0 0 0 0 0 0 0 0 0 0 0 0 0 0 0 0 0 0 0 0 0 0 0 0 0 0 0 0 0 0 0 0 0 1]
]
