[[5435961987415988851409135266465058861430611175197877584941994278759338243998302111284892788261417288081123980243082577697431370753758923134931139299227443746540399839050709958601275287704041335293174475138703786649146857539944035029390089799207065297243887210749265113181 0 0 0 0 0 0 0 0 0 0 0 0 0 0 0 0 0 0 0 0 0 0 0 0 0 0 0 0 0 0 0 0 0 0 0 0 0 0 0 0 0 0 0 0 0 0 0 0 0 0 0 0 0 0 0 0 0 0 0 0 0 0 0 0 0 0 0 0 0 0 0 0 0 0 0 0 0 0 0 0 0 0 0 0 0 0 0 0 0]
[4010790630808992391369646608645158582766982311630113427487660013869802890540724550207348548076496178034317796243189540868480203647296866691912946954205810407662826759353693847346472922683411360054660677702274313677950400174882879123169883910663302708564399358410452970650 1 0 0 0 0 0 0 0 0 0 0 0 0 0 0 0 0 0 0 0 0 0 0 0 0 0 0 0 0 0 0 0 0 0 0 0 0 0 0 0 0 0 0 0 0 0 0 0 0 0 0 0 0 0 0 0 0 0 0 0 0 0 0 0 0 0 0 0 0 0 0 0 0 0 0 0 0 0 0 0 0 0 0 0 0 0 0 0 0]
[4269333242435065603367368250438358943077201951715055642768026085703205976539587980647659800815844639910328058181950901891504327556825068631989139821577431200795841103014516763537536653476685291386648590969168343406119693956832767283763115791304540883530747847874271585959 0 1 0 0 0 0 0 0 0 0 0 0 0 0 0 0 0 0 0 0 0 0 0 0 0 0 0 0 0 0 0 0 0 0 0 0 0 0 0 0 0 0 0 0 0 0 0 0 0 0 0 0 0 0 0 0 0 0 0 0 0 0 0 0 0 0 0 0 0 0 0 0 0 0 0 0 0 0 0 0 0 0 0 0 0 0 0 0 0]
[1415195713033620298096181387987277754596944346363181770335681682178963881266994949862377615242527440733786005379846701486725514591478206064545557519687622416956157272349037688847785196320159677842473049449263446753451536517364858325370872690154841183039605311414217143734 0 0 1 0 0 0 0 0 0 0 0 0 0 0 0 0 0 0 0 0 0 0 0 0 0 0 0 0 0 0 0 0 0 0 0 0 0 0 0 0 0 0 0 0 0 0 0 0 0 0 0 0 0 0 0 0 0 0 0 0 0 0 0 0 0 0 0 0 0 0 0 0 0 0 0 0 0 0 0 0 0 0 0 0 0 0 0 0 0]
[886788776169667077106601254753478216721482408027928061556620391248201797509500404379162564888239486244606621517450133464984739809743986297400411367148961131109860618449761377291927981476347950005694901247178270334949358408090945928608235571036589329899273547818608241639 0 0 0 1 0 0 0 0 0 0 0 0 0 0 0 0 0 0 0 0 0 0 0 0 0 0 0 0 0 0 0 0 0 0 0 0 0 0 0 0 0 0 0 0 0 0 0 0 0 0 0 0 0 0 0 0 0 0 0 0 0 0 0 0 0 0 0 0 0 0 0 0 0 0 0 0 0 0 0 0 0 0 0 0 0 0 0 0 0]
[4599224859843876284352570124087563371328660098185202434657040758835785195318557386397070248981545327465807764231619345754091986297998348065447450697579492642312446646545370913854645960391669392825776831513441952051518135183510862011815064782958555143840711254960141694257 0 0 0 0 1 0 0 0 0 0 0 0 0 0 0 0 0 0 0 0 0 0 0 0 0 0 0 0 0 0 0 0 0 0 0 0 0 0 0 0 0 0 0 0 0 0 0 0 0 0 0 0 0 0 0 0 0 0 0 0 0 0 0 0 0 0 0 0 0 0 0 0 0 0 0 0 0 0 0 0 0 0 0 0 0 0 0 0 0]
[4052182018546170297570382701241250794705789401434964984975123530672617520500224270675961322295184690185405112356348993833081416142207302279326821521209544539481559572663566375941569246768238640292178708862541800492234779547591408496255870525589473326092745899925623992968 0 0 0 0 0 1 0 0 0 0 0 0 0 0 0 0 0 0 0 0 0 0 0 0 0 0 0 0 0 0 0 0 0 0 0 0 0 0 0 0 0 0 0 0 0 0 0 0 0 0 0 0 0 0 0 0 0 0 0 0 0 0 0 0 0 0 0 0 0 0 0 0 0 0 0 0 0 0 0 0 0 0 0 0 0 0 0 0 0]
[1121633732998454251097035628111260095959243110655053890493576498199572500385540497771307127247567687944933273307379333274452814846708470338733781511510486359685280180115753668792699963666315802078839925965056974706819546486624791841229221494523582333720982044813143329921 0 0 0 0 0 0 1 0 0 0 0 0 0 0 0 0 0 0 0 0 0 0 0 0 0 0 0 0 0 0 0 0 0 0 0 0 0 0 0 0 0 0 0 0 0 0 0 0 0 0 0 0 0 0 0 0 0 0 0 0 0 0 0 0 0 0 0 0 0 0 0 0 0 0 0 0 0 0 0 0 0 0 0 0 0 0 0 0 0]
[91083751540657273888126518052931283738758785359838164113956335890118069315903529477167138413361165263006472114511377037217372181774291827766530020852246625471060092221661957625401492440153604895638814131774821252682403142223494274113123945559408775837574007349749279007 0 0 0 0 0 0 0 1 0 0 0 0 0 0 0 0 0 0 0 0 0 0 0 0 0 0 0 0 0 0 0 0 0 0 0 0 0 0 0 0 0 0 0 0 0 0 0 0 0 0 0 0 0 0 0 0 0 0 0 0 0 0 0 0 0 0 0 0 0 0 0 0 0 0 0 0 0 0 0 0 0 0 0 0 0 0 0 0 0]
[2726657911707636482415128737843734717395867416369035910506798212152957946763882988305424166466076865465996123472692373637546479532668856594057037934524394208287565709393784009352915110477687913790216052994920775653141141234484169178412479199827608295763379102026450614434 0 0 0 0 0 0 0 0 1 0 0 0 0 0 0 0 0 0 0 0 0 0 0 0 0 0 0 0 0 0 0 0 0 0 0 0 0 0 0 0 0 0 0 0 0 0 0 0 0 0 0 0 0 0 0 0 0 0 0 0 0 0 0 0 0 0 0 0 0 0 0 0 0 0 0 0 0 0 0 0 0 0 0 0 0 0 0 0 0]
[723362379728445387002692399329903760370120108235749253150117557907419922832457708362145873831432166031929095464458829410552028359382542437862170346882244554303390671392450588064503330721455107355131300544642192441633808268149941033333636997924934057410023097847078657382 0 0 0 0 0 0 0 0 0 1 0 0 0 0 0 0 0 0 0 0 0 0 0 0 0 0 0 0 0 0 0 0 0 0 0 0 0 0 0 0 0 0 0 0 0 0 0 0 0 0 0 0 0 0 0 0 0 0 0 0 0 0 0 0 0 0 0 0 0 0 0 0 0 0 0 0 0 0 0 0 0 0 0 0 0 0 0 0 0]
[380442961534951685317415306967095229195021674035804771851397164761628368993650484966015917889711815627434748196488121812491715951676025455768917285425483606234419222554293192822012286649501823145289577889116554362088944286794675502427444250358131526026411687335743393330 0 0 0 0 0 0 0 0 0 0 1 0 0 0 0 0 0 0 0 0 0 0 0 0 0 0 0 0 0 0 0 0 0 0 0 0 0 0 0 0 0 0 0 0 0 0 0 0 0 0 0 0 0 0 0 0 0 0 0 0 0 0 0 0 0 0 0 0 0 0 0 0 0 0 0 0 0 0 0 0 0 0 0 0 0 0 0 0 0]
[1816889266852766865753381269526920942558981137519064516958529310716173605397782550346731232467950011443227618450801067732494397139385357261591674642363500462873283948889232022936202390785438318394609002433582434131332175261162309317332239381088943244025855128665387928323 0 0 0 0 0 0 0 0 0 0 0 1 0 0 0 0 0 0 0 0 0 0 0 0 0 0 0 0 0 0 0 0 0 0 0 0 0 0 0 0 0 0 0 0 0 0 0 0 0 0 0 0 0 0 0 0 0 0 0 0 0 0 0 0 0 0 0 0 0 0 0 0 0 0 0 0 0 0 0 0 0 0 0 0 0 0 0 0 0]
[2398839390897796322172770544662864700768452370705588007595366635186588437501214734182950239197440657326971694004127848097658464027190649198706444972962183517207926496817173556792196837529308075173538647627979305572111304814542401054736232079138495839608164471033531219088 0 0 0 0 0 0 0 0 0 0 0 0 1 0 0 0 0 0 0 0 0 0 0 0 0 0 0 0 0 0 0 0 0 0 0 0 0 0 0 0 0 0 0 0 0 0 0 0 0 0 0 0 0 0 0 0 0 0 0 0 0 0 0 0 0 0 0 0 0 0 0 0 0 0 0 0 0 0 0 0 0 0 0 0 0 0 0 0 0]
[2608627047954789325488156575256403150092474240213619800187050996782979355855983989950214049062822842829166923418461039634144322305423314862522693970591269131038312847969995464468790554253539804870109241778373766931850048800255507800397572376442937368626096144595586503727 0 0 0 0 0 0 0 0 0 0 0 0 0 1 0 0 0 0 0 0 0 0 0 0 0 0 0 0 0 0 0 0 0 0 0 0 0 0 0 0 0 0 0 0 0 0 0 0 0 0 0 0 0 0 0 0 0 0 0 0 0 0 0 0 0 0 0 0 0 0 0 0 0 0 0 0 0 0 0 0 0 0 0 0 0 0 0 0 0]
[4834027864581255507265480627556454887099954776073565636841574662606333352241294011585826888619147053350252381146599205586765823797114398521034833838052687441745686648237416332906140420659395862405079749504020380127286175601264198153355295401252675519249623172251075704269 0 0 0 0 0 0 0 0 0 0 0 0 0 0 1 0 0 0 0 0 0 0 0 0 0 0 0 0 0 0 0 0 0 0 0 0 0 0 0 0 0 0 0 0 0 0 0 0 0 0 0 0 0 0 0 0 0 0 0 0 0 0 0 0 0 0 0 0 0 0 0 0 0 0 0 0 0 0 0 0 0 0 0 0 0 0 0 0 0]
[4519125550329366316727497052160257253948720302357009958902486045554982045720529606609030475249505431099253789589497424019195256422958710303124937416265030024288884374553147458932740779039781069403595850267834972603928497337130890601315045521882231206025154353176053738523 0 0 0 0 0 0 0 0 0 0 0 0 0 0 0 1 0 0 0 0 0 0 0 0 0 0 0 0 0 0 0 0 0 0 0 0 0 0 0 0 0 0 0 0 0 0 0 0 0 0 0 0 0 0 0 0 0 0 0 0 0 0 0 0 0 0 0 0 0 0 0 0 0 0 0 0 0 0 0 0 0 0 0 0 0 0 0 0 0]
[3640671169267370107682623764780001666762134846884099373198363599517130348713734013269214736933896256868959570777552663460918279040662716024073305264172186777446371569632248645099361446089365035073265716472071632128300340657373464364759805955441468727546405613867429452520 0 0 0 0 0 0 0 0 0 0 0 0 0 0 0 0 1 0 0 0 0 0 0 0 0 0 0 0 0 0 0 0 0 0 0 0 0 0 0 0 0 0 0 0 0 0 0 0 0 0 0 0 0 0 0 0 0 0 0 0 0 0 0 0 0 0 0 0 0 0 0 0 0 0 0 0 0 0 0 0 0 0 0 0 0 0 0 0 0]
[4510121668465230757875803070274241632622512312911882499776524654785652915104019619523119289286513653116586896582109814340900953162550668408172848527379775816162429719885027304966673048313761147478676969567014991920239022164813817742105966479532979453325571228534769501688 0 0 0 0 0 0 0 0 0 0 0 0 0 0 0 0 0 1 0 0 0 0 0 0 0 0 0 0 0 0 0 0 0 0 0 0 0 0 0 0 0 0 0 0 0 0 0 0 0 0 0 0 0 0 0 0 0 0 0 0 0 0 0 0 0 0 0 0 0 0 0 0 0 0 0 0 0 0 0 0 0 0 0 0 0 0 0 0 0]
[1125677593518634464816314955780336443055158415463484190437741119407490099473434980881012574290489080767473534242002952754373497004432368481602750386067229011848500552243523134084528919538289726943070125450599654354054276663900204165497268317958227314290940306594928054657 0 0 0 0 0 0 0 0 0 0 0 0 0 0 0 0 0 0 1 0 0 0 0 0 0 0 0 0 0 0 0 0 0 0 0 0 0 0 0 0 0 0 0 0 0 0 0 0 0 0 0 0 0 0 0 0 0 0 0 0 0 0 0 0 0 0 0 0 0 0 0 0 0 0 0 0 0 0 0 0 0 0 0 0 0 0 0 0 0]
[2472917616286675309808545243997315798346429807402522961790555661906554697069622807707884413437237573123246762624791376635612792005625060303682386684970828811726567731130647589970426868483604318062695479138230729082933782510492903812694518015220783778086282792445076128142 0 0 0 0 0 0 0 0 0 0 0 0 0 0 0 0 0 0 0 1 0 0 0 0 0 0 0 0 0 0 0 0 0 0 0 0 0 0 0 0 0 0 0 0 0 0 0 0 0 0 0 0 0 0 0 0 0 0 0 0 0 0 0 0 0 0 0 0 0 0 0 0 0 0 0 0 0 0 0 0 0 0 0 0 0 0 0 0 0]
[4878123633838480121933070977622895997219604749392300451179617278568765859950544211163151727830143243819402722865473790538055624194477717982960020865500232446285071950672573617583199459065233109052092202436661021196646207485377595187358202268138044057680769060957766582221 0 0 0 0 0 0 0 0 0 0 0 0 0 0 0 0 0 0 0 0 1 0 0 0 0 0 0 0 0 0 0 0 0 0 0 0 0 0 0 0 0 0 0 0 0 0 0 0 0 0 0 0 0 0 0 0 0 0 0 0 0 0 0 0 0 0 0 0 0 0 0 0 0 0 0 0 0 0 0 0 0 0 0 0 0 0 0 0 0]
[1389030536211449579653209758651294189993128847565648588626427071218003399736641618573210624448298440736597682681726862491145915085957186468110579542490629078078868252178390490003340619832684452270313204245363593543756878351336932651578716963847384033924477407676300894025 0 0 0 0 0 0 0 0 0 0 0 0 0 0 0 0 0 0 0 0 0 1 0 0 0 0 0 0 0 0 0 0 0 0 0 0 0 0 0 0 0 0 0 0 0 0 0 0 0 0 0 0 0 0 0 0 0 0 0 0 0 0 0 0 0 0 0 0 0 0 0 0 0 0 0 0 0 0 0 0 0 0 0 0 0 0 0 0 0]
[4616081779623491846398155918760997494328950039799241382439985610753130881775724704278183399455910288272503160028357785394196116635509755371999767280720373391357566466324438816802398634602326436113890735321085139694299319279413492859321593413081801261114811359767922641756 0 0 0 0 0 0 0 0 0 0 0 0 0 0 0 0 0 0 0 0 0 0 1 0 0 0 0 0 0 0 0 0 0 0 0 0 0 0 0 0 0 0 0 0 0 0 0 0 0 0 0 0 0 0 0 0 0 0 0 0 0 0 0 0 0 0 0 0 0 0 0 0 0 0 0 0 0 0 0 0 0 0 0 0 0 0 0 0 0]
[3142144832991350144373754281103379867251560818389100095662632087857674571720372286322906839430017910464071134184105327486196879283081845259801818111744801591043101533671030483094628524561026908016179601778209418200098899915122794251425501230363770024575514094178132231924 0 0 0 0 0 0 0 0 0 0 0 0 0 0 0 0 0 0 0 0 0 0 0 1 0 0 0 0 0 0 0 0 0 0 0 0 0 0 0 0 0 0 0 0 0 0 0 0 0 0 0 0 0 0 0 0 0 0 0 0 0 0 0 0 0 0 0 0 0 0 0 0 0 0 0 0 0 0 0 0 0 0 0 0 0 0 0 0 0]
[3633415491015974153281117058787376637955586457450737871782195411605122509388406833704349405193000735584978314803506239264397580922442538727668312682364816374249227226456467339361457588602628611346069580352105735730815880319909901438967602888680064555630401630503319643943 0 0 0 0 0 0 0 0 0 0 0 0 0 0 0 0 0 0 0 0 0 0 0 0 1 0 0 0 0 0 0 0 0 0 0 0 0 0 0 0 0 0 0 0 0 0 0 0 0 0 0 0 0 0 0 0 0 0 0 0 0 0 0 0 0 0 0 0 0 0 0 0 0 0 0 0 0 0 0 0 0 0 0 0 0 0 0 0 0]
[986947520297816776874218052159579590847225327530915057210789099574356082508394536000514326732302533461437888315669547350305705120637541081366006909277287954505019195062451956582262859295491763006216086133761716275112617753938131536839890813299806142333514390696712229088 0 0 0 0 0 0 0 0 0 0 0 0 0 0 0 0 0 0 0 0 0 0 0 0 0 1 0 0 0 0 0 0 0 0 0 0 0 0 0 0 0 0 0 0 0 0 0 0 0 0 0 0 0 0 0 0 0 0 0 0 0 0 0 0 0 0 0 0 0 0 0 0 0 0 0 0 0 0 0 0 0 0 0 0 0 0 0 0 0]
[3748116338965123762620627127822413294191510922209922608323488793101481683138401835948704095582005396769191218076838717009215379792533095529422098757771796656076967909738542091528805144201950405211391686297562715365018133039470480328424683230387388739843934083896723529630 0 0 0 0 0 0 0 0 0 0 0 0 0 0 0 0 0 0 0 0 0 0 0 0 0 0 1 0 0 0 0 0 0 0 0 0 0 0 0 0 0 0 0 0 0 0 0 0 0 0 0 0 0 0 0 0 0 0 0 0 0 0 0 0 0 0 0 0 0 0 0 0 0 0 0 0 0 0 0 0 0 0 0 0 0 0 0 0 0]
[3229214861892997155987066698057781000403950878945964107183539151832906662541288921137971915182950327680987205453602323339792590492953896739544256401261990025749034332659890990126308841445496275258931231207476329364990018988563125382084569030628059870183971358280538861744 0 0 0 0 0 0 0 0 0 0 0 0 0 0 0 0 0 0 0 0 0 0 0 0 0 0 0 1 0 0 0 0 0 0 0 0 0 0 0 0 0 0 0 0 0 0 0 0 0 0 0 0 0 0 0 0 0 0 0 0 0 0 0 0 0 0 0 0 0 0 0 0 0 0 0 0 0 0 0 0 0 0 0 0 0 0 0 0 0]
[4281579582511604937945510940014631279223808737292860234230727394447842275114233180556142432507748024768264941386609792746240827014158046975772570829399609827130782880125471882164815624267030532488619714880936411452016175131926008056353225013077416208629774686619376481202 0 0 0 0 0 0 0 0 0 0 0 0 0 0 0 0 0 0 0 0 0 0 0 0 0 0 0 0 1 0 0 0 0 0 0 0 0 0 0 0 0 0 0 0 0 0 0 0 0 0 0 0 0 0 0 0 0 0 0 0 0 0 0 0 0 0 0 0 0 0 0 0 0 0 0 0 0 0 0 0 0 0 0 0 0 0 0 0 0]
[2118646822739592259621545843337657340883378785021706619876996094136223480062781966893606850649304377364979671328061672357197285649356123936894152047626853250400020187422821658520282791347204195768426789055677757517462302449095083248903165089984422298610682505662665350853 0 0 0 0 0 0 0 0 0 0 0 0 0 0 0 0 0 0 0 0 0 0 0 0 0 0 0 0 0 1 0 0 0 0 0 0 0 0 0 0 0 0 0 0 0 0 0 0 0 0 0 0 0 0 0 0 0 0 0 0 0 0 0 0 0 0 0 0 0 0 0 0 0 0 0 0 0 0 0 0 0 0 0 0 0 0 0 0 0]
[4658542209609150826492803574101039295545933044866162674719082286281481788366036478183628483906836661490565014742131893801566993015479568068817471031348463581461658373925050468474318451642760305394183056887708065339771285963278929567188225734167754667849166512644756961826 0 0 0 0 0 0 0 0 0 0 0 0 0 0 0 0 0 0 0 0 0 0 0 0 0 0 0 0 0 0 1 0 0 0 0 0 0 0 0 0 0 0 0 0 0 0 0 0 0 0 0 0 0 0 0 0 0 0 0 0 0 0 0 0 0 0 0 0 0 0 0 0 0 0 0 0 0 0 0 0 0 0 0 0 0 0 0 0 0]
[1748924795814218520852108141555177461478085928650747175567183065468899281459777339005654112018528205378696264283551253862306423511017810114803907799617153318946173528017504276135945532819019182252044678142910642932716696510324491392260523648486140732895138446202272092374 0 0 0 0 0 0 0 0 0 0 0 0 0 0 0 0 0 0 0 0 0 0 0 0 0 0 0 0 0 0 0 1 0 0 0 0 0 0 0 0 0 0 0 0 0 0 0 0 0 0 0 0 0 0 0 0 0 0 0 0 0 0 0 0 0 0 0 0 0 0 0 0 0 0 0 0 0 0 0 0 0 0 0 0 0 0 0 0 0]
[4342972591477980363140340779101318617186263827248150321577207680341195805627408087050240991618802226927589203118534837718736797655583777500531064945862582486976946323042225910455256497399544714587662072983417306538064979797784780276126738151900998937895202226354516474309 0 0 0 0 0 0 0 0 0 0 0 0 0 0 0 0 0 0 0 0 0 0 0 0 0 0 0 0 0 0 0 0 1 0 0 0 0 0 0 0 0 0 0 0 0 0 0 0 0 0 0 0 0 0 0 0 0 0 0 0 0 0 0 0 0 0 0 0 0 0 0 0 0 0 0 0 0 0 0 0 0 0 0 0 0 0 0 0 0]
[969630418692577740448978549989706287677756493160283833131806140422576878863281129483670717798217547038567758188111269823345585808806589765846126904628005103158819756512822133409783661616565582254992919201430413704838734151320567215731159699370823216562325351489226785422 0 0 0 0 0 0 0 0 0 0 0 0 0 0 0 0 0 0 0 0 0 0 0 0 0 0 0 0 0 0 0 0 0 1 0 0 0 0 0 0 0 0 0 0 0 0 0 0 0 0 0 0 0 0 0 0 0 0 0 0 0 0 0 0 0 0 0 0 0 0 0 0 0 0 0 0 0 0 0 0 0 0 0 0 0 0 0 0 0]
[4501374098093167288112697255390265553632128493151268464119567319641211073330894540104465068605315720463796132839018879490273869336647572016000474834571040997618669314927131518907299542649942791120776068734390591987374335866984229572677919673488263939014006461714868936603 0 0 0 0 0 0 0 0 0 0 0 0 0 0 0 0 0 0 0 0 0 0 0 0 0 0 0 0 0 0 0 0 0 0 1 0 0 0 0 0 0 0 0 0 0 0 0 0 0 0 0 0 0 0 0 0 0 0 0 0 0 0 0 0 0 0 0 0 0 0 0 0 0 0 0 0 0 0 0 0 0 0 0 0 0 0 0 0 0]
[3422543648797563760144336645408205233676354054861485418603448221840270536691445043444025891800254653989430460847974111464837737997180256772748362330293342055326209782243247688962368246385642589766685541725778228978491444645762988055256029220603513499509076076574685677642 0 0 0 0 0 0 0 0 0 0 0 0 0 0 0 0 0 0 0 0 0 0 0 0 0 0 0 0 0 0 0 0 0 0 0 1 0 0 0 0 0 0 0 0 0 0 0 0 0 0 0 0 0 0 0 0 0 0 0 0 0 0 0 0 0 0 0 0 0 0 0 0 0 0 0 0 0 0 0 0 0 0 0 0 0 0 0 0 0]
[2707740276457904867322801907831259884478395464222163293756422355380868197726457366038861557728443241128311220823143749345307047370490642008250584362076769949714367543901894820197475453928457755466403232185928551815668749215395411507036478902172267504861085361515645534403 0 0 0 0 0 0 0 0 0 0 0 0 0 0 0 0 0 0 0 0 0 0 0 0 0 0 0 0 0 0 0 0 0 0 0 0 1 0 0 0 0 0 0 0 0 0 0 0 0 0 0 0 0 0 0 0 0 0 0 0 0 0 0 0 0 0 0 0 0 0 0 0 0 0 0 0 0 0 0 0 0 0 0 0 0 0 0 0 0]
[4647999615880656525943387735871308733459931305956095999692576254054488459196570885227174146845740792532650996201206009920087781866071641420419987058461202454281717461694325049002398657870394365367542526831254239728579246116027039474581075729207533948356587294551116086117 0 0 0 0 0 0 0 0 0 0 0 0 0 0 0 0 0 0 0 0 0 0 0 0 0 0 0 0 0 0 0 0 0 0 0 0 0 1 0 0 0 0 0 0 0 0 0 0 0 0 0 0 0 0 0 0 0 0 0 0 0 0 0 0 0 0 0 0 0 0 0 0 0 0 0 0 0 0 0 0 0 0 0 0 0 0 0 0 0]
[2337574722648104150343821879518136023245083428169407894452567060172351292187615431904393780308955764831068397043271556295642298165558288506194668340899362644089647042688735883766902927638317043962875501489627526327266008009735046108790482325463204980454065486171075162822 0 0 0 0 0 0 0 0 0 0 0 0 0 0 0 0 0 0 0 0 0 0 0 0 0 0 0 0 0 0 0 0 0 0 0 0 0 0 1 0 0 0 0 0 0 0 0 0 0 0 0 0 0 0 0 0 0 0 0 0 0 0 0 0 0 0 0 0 0 0 0 0 0 0 0 0 0 0 0 0 0 0 0 0 0 0 0 0 0]
[4081457128458771052343986373722776172615642706884427369479950932862012293658890412672166500948485351140187048802837305955963530637160467277727801474160504540960124113277396546663536718722296979686632113915779302527595199602126326926435759936600611718471964819498753677144 0 0 0 0 0 0 0 0 0 0 0 0 0 0 0 0 0 0 0 0 0 0 0 0 0 0 0 0 0 0 0 0 0 0 0 0 0 0 0 1 0 0 0 0 0 0 0 0 0 0 0 0 0 0 0 0 0 0 0 0 0 0 0 0 0 0 0 0 0 0 0 0 0 0 0 0 0 0 0 0 0 0 0 0 0 0 0 0 0]
[1819834523839720814891834346066918915964575803520355012339805081231881644294413252945587109901555365347792280917531623659496463925739994466271459680004167985396357412412571676443274177946498261410393489037566332945159044479003356836451941507175955460112646026554926461015 0 0 0 0 0 0 0 0 0 0 0 0 0 0 0 0 0 0 0 0 0 0 0 0 0 0 0 0 0 0 0 0 0 0 0 0 0 0 0 0 1 0 0 0 0 0 0 0 0 0 0 0 0 0 0 0 0 0 0 0 0 0 0 0 0 0 0 0 0 0 0 0 0 0 0 0 0 0 0 0 0 0 0 0 0 0 0 0 0]
[1423720898809006038866642670475979676283167671503160532080952605642525010163373533696130080190197098740246120840486003413621753370088458834308333408384300627200583563048263768645653210408448497175943428144583664778939392185368430035657664783465220012032616278366633310256 0 0 0 0 0 0 0 0 0 0 0 0 0 0 0 0 0 0 0 0 0 0 0 0 0 0 0 0 0 0 0 0 0 0 0 0 0 0 0 0 0 1 0 0 0 0 0 0 0 0 0 0 0 0 0 0 0 0 0 0 0 0 0 0 0 0 0 0 0 0 0 0 0 0 0 0 0 0 0 0 0 0 0 0 0 0 0 0 0]
[2888931178110434573214358261011587789766048077173881085610659143134043439417938051500551789302321773482841507281024248950293449157473667730500832007033254629294030424231997705287183493724737685655527187085364345769320472979382052694562958811128104781770770001926497543511 0 0 0 0 0 0 0 0 0 0 0 0 0 0 0 0 0 0 0 0 0 0 0 0 0 0 0 0 0 0 0 0 0 0 0 0 0 0 0 0 0 0 1 0 0 0 0 0 0 0 0 0 0 0 0 0 0 0 0 0 0 0 0 0 0 0 0 0 0 0 0 0 0 0 0 0 0 0 0 0 0 0 0 0 0 0 0 0 0]
[15125947669641063381778597719133589691823906511644462597443653050035615417713234068028351499284420672082971262080046157713230925976865211930238998842139421428697813756305252130443795823215060019572919059113791176139630113149401535770198720901676657942118143662846495595 0 0 0 0 0 0 0 0 0 0 0 0 0 0 0 0 0 0 0 0 0 0 0 0 0 0 0 0 0 0 0 0 0 0 0 0 0 0 0 0 0 0 0 1 0 0 0 0 0 0 0 0 0 0 0 0 0 0 0 0 0 0 0 0 0 0 0 0 0 0 0 0 0 0 0 0 0 0 0 0 0 0 0 0 0 0 0 0 0]
[5108526811774831092460419530534527001819005777066307672983487613466394951761233658889260028788373334762252817086593469639932728539377503084138595203111713583824445822742802205723754998499578394396248950082108602585893031976738085502106664972021507766175173814002555502988 0 0 0 0 0 0 0 0 0 0 0 0 0 0 0 0 0 0 0 0 0 0 0 0 0 0 0 0 0 0 0 0 0 0 0 0 0 0 0 0 0 0 0 0 1 0 0 0 0 0 0 0 0 0 0 0 0 0 0 0 0 0 0 0 0 0 0 0 0 0 0 0 0 0 0 0 0 0 0 0 0 0 0 0 0 0 0 0 0]
[878445610888293859829034172797674440805016495390910438999424789452637129417944478419885690794192976568963817734366760425871703943034060217529098105757993603355988853745603791648892836087403716532310231505181066812667707170477799546986439174654476977729840127997086704401 0 0 0 0 0 0 0 0 0 0 0 0 0 0 0 0 0 0 0 0 0 0 0 0 0 0 0 0 0 0 0 0 0 0 0 0 0 0 0 0 0 0 0 0 0 1 0 0 0 0 0 0 0 0 0 0 0 0 0 0 0 0 0 0 0 0 0 0 0 0 0 0 0 0 0 0 0 0 0 0 0 0 0 0 0 0 0 0 0]
[4698990157215962030726445610621457149993145861663676390064558616897312380168118281175332292030521481683790546861707360998246698874520332222764002538740429007586918999559667626987398400582251865826426711670030049974230678683786627793932877057841044574557553652251801989227 0 0 0 0 0 0 0 0 0 0 0 0 0 0 0 0 0 0 0 0 0 0 0 0 0 0 0 0 0 0 0 0 0 0 0 0 0 0 0 0 0 0 0 0 0 0 1 0 0 0 0 0 0 0 0 0 0 0 0 0 0 0 0 0 0 0 0 0 0 0 0 0 0 0 0 0 0 0 0 0 0 0 0 0 0 0 0 0 0]
[2183292098466133913783344077510448193075841319333293662687486478734895815107249313945245201049546902284527754274687096922440383914377462084810405807579417843907744506440611350872838210552448233264505651349197561004303038516383992800622515382229419257832829361964780791368 0 0 0 0 0 0 0 0 0 0 0 0 0 0 0 0 0 0 0 0 0 0 0 0 0 0 0 0 0 0 0 0 0 0 0 0 0 0 0 0 0 0 0 0 0 0 0 1 0 0 0 0 0 0 0 0 0 0 0 0 0 0 0 0 0 0 0 0 0 0 0 0 0 0 0 0 0 0 0 0 0 0 0 0 0 0 0 0 0]
[2228305628533289620341027698046902084543480199864241035581216566570058257419977163087723916101974207116602287548751285312488728113014187984836734395380202020820321746771316308929554565134423713965552153864458446422379526947030823020734892425811921549253936304671058182655 0 0 0 0 0 0 0 0 0 0 0 0 0 0 0 0 0 0 0 0 0 0 0 0 0 0 0 0 0 0 0 0 0 0 0 0 0 0 0 0 0 0 0 0 0 0 0 0 1 0 0 0 0 0 0 0 0 0 0 0 0 0 0 0 0 0 0 0 0 0 0 0 0 0 0 0 0 0 0 0 0 0 0 0 0 0 0 0 0]
[1652660022512543471597109140152383831374163482623512876101680747108640405771389949799606401080265075644851478932761668392872464688078446522142012948302550924524493268800283470521234051963889618147983859829739862944601836178780180576886177861357248313526371294248341323402 0 0 0 0 0 0 0 0 0 0 0 0 0 0 0 0 0 0 0 0 0 0 0 0 0 0 0 0 0 0 0 0 0 0 0 0 0 0 0 0 0 0 0 0 0 0 0 0 0 1 0 0 0 0 0 0 0 0 0 0 0 0 0 0 0 0 0 0 0 0 0 0 0 0 0 0 0 0 0 0 0 0 0 0 0 0 0 0 0]
[4266676615212889020884609300737102368339120675421585766763386766717865819671562595584918628801178629421849699124167126319772592091940837284253925653215095905616401725041154092856414103561406000614439537968275428024121854031648784353625737114678613020821291111835541186961 0 0 0 0 0 0 0 0 0 0 0 0 0 0 0 0 0 0 0 0 0 0 0 0 0 0 0 0 0 0 0 0 0 0 0 0 0 0 0 0 0 0 0 0 0 0 0 0 0 0 1 0 0 0 0 0 0 0 0 0 0 0 0 0 0 0 0 0 0 0 0 0 0 0 0 0 0 0 0 0 0 0 0 0 0 0 0 0 0]
[186434330994468136747709459320799081151280604895269501266313530013226011113281015518378042187901178624411555150672997402148690151038514568364435834422480123854001125300056568949915501444333379444718187805958251940168016570810911223800272130561364516197505018123555402233 0 0 0 0 0 0 0 0 0 0 0 0 0 0 0 0 0 0 0 0 0 0 0 0 0 0 0 0 0 0 0 0 0 0 0 0 0 0 0 0 0 0 0 0 0 0 0 0 0 0 0 1 0 0 0 0 0 0 0 0 0 0 0 0 0 0 0 0 0 0 0 0 0 0 0 0 0 0 0 0 0 0 0 0 0 0 0 0 0]
[4373916067402969462010503956214198060492987622191587333354738128188021101209316547341654694948626425201292813613676587299463653607418747169765424872359898981971923723660065989095362327714048921753447306145525774873975962089066283237259044623019813311160653374481278817924 0 0 0 0 0 0 0 0 0 0 0 0 0 0 0 0 0 0 0 0 0 0 0 0 0 0 0 0 0 0 0 0 0 0 0 0 0 0 0 0 0 0 0 0 0 0 0 0 0 0 0 0 1 0 0 0 0 0 0 0 0 0 0 0 0 0 0 0 0 0 0 0 0 0 0 0 0 0 0 0 0 0 0 0 0 0 0 0 0]
[3624434268566719174092153707368803851639789965637174103157393577120706411210441795712643796865357707301289654331231297599487614786186542830025150328109220836083034864245682122341788253835875602672254625289140077290842116528844811678416623108541670292301714075163646123202 0 0 0 0 0 0 0 0 0 0 0 0 0 0 0 0 0 0 0 0 0 0 0 0 0 0 0 0 0 0 0 0 0 0 0 0 0 0 0 0 0 0 0 0 0 0 0 0 0 0 0 0 0 1 0 0 0 0 0 0 0 0 0 0 0 0 0 0 0 0 0 0 0 0 0 0 0 0 0 0 0 0 0 0 0 0 0 0 0]
[3482111620069195990029918644361278387441970842036357140825501115773117727714623448105786024582485792850952930466287129543155801120198593512301590010359565482537726131907965969695490227598029879839734949186409485766487019395014314198970487441033405006769385394621111749722 0 0 0 0 0 0 0 0 0 0 0 0 0 0 0 0 0 0 0 0 0 0 0 0 0 0 0 0 0 0 0 0 0 0 0 0 0 0 0 0 0 0 0 0 0 0 0 0 0 0 0 0 0 0 1 0 0 0 0 0 0 0 0 0 0 0 0 0 0 0 0 0 0 0 0 0 0 0 0 0 0 0 0 0 0 0 0 0 0]
[1876733647342650312978308199318929305424222352618938946852450078853782501049706676174256571987570141741515636961472404673997994632224306060532886523444808532548180564256405712038412827603044290212339393362440447235813979988712722333399421681267652650634377760313614711816 0 0 0 0 0 0 0 0 0 0 0 0 0 0 0 0 0 0 0 0 0 0 0 0 0 0 0 0 0 0 0 0 0 0 0 0 0 0 0 0 0 0 0 0 0 0 0 0 0 0 0 0 0 0 0 1 0 0 0 0 0 0 0 0 0 0 0 0 0 0 0 0 0 0 0 0 0 0 0 0 0 0 0 0 0 0 0 0 0]
[4066247507851372450155866125418974821427952050652178724150226911308807565010594151399259087893297335943472666029846625194773324199282383389707264754710528853911218357090511844005004847958415798753575502539066065284436041790540267862748198724820545410644179269496204529113 0 0 0 0 0 0 0 0 0 0 0 0 0 0 0 0 0 0 0 0 0 0 0 0 0 0 0 0 0 0 0 0 0 0 0 0 0 0 0 0 0 0 0 0 0 0 0 0 0 0 0 0 0 0 0 0 1 0 0 0 0 0 0 0 0 0 0 0 0 0 0 0 0 0 0 0 0 0 0 0 0 0 0 0 0 0 0 0 0]
[2581364923168372255501020593493753311783234088909218004297806655059270753912763915677453335863179331276672304202461245732137547667327772677278402880386658935525554591621403589243150888474160988886122293157235295664008744786788957361474450907030400153319291606427212273389 0 0 0 0 0 0 0 0 0 0 0 0 0 0 0 0 0 0 0 0 0 0 0 0 0 0 0 0 0 0 0 0 0 0 0 0 0 0 0 0 0 0 0 0 0 0 0 0 0 0 0 0 0 0 0 0 0 1 0 0 0 0 0 0 0 0 0 0 0 0 0 0 0 0 0 0 0 0 0 0 0 0 0 0 0 0 0 0 0]
[407424308952514905705062296234545076631941302206238487506983172343818410807838336876363493583754786623039190329082728030833116060070267001340365166587170062229114115482268173047756274805715006117034522644353029493841253465316074552401664693873718447187819943553598230979 0 0 0 0 0 0 0 0 0 0 0 0 0 0 0 0 0 0 0 0 0 0 0 0 0 0 0 0 0 0 0 0 0 0 0 0 0 0 0 0 0 0 0 0 0 0 0 0 0 0 0 0 0 0 0 0 0 0 1 0 0 0 0 0 0 0 0 0 0 0 0 0 0 0 0 0 0 0 0 0 0 0 0 0 0 0 0 0 0]
[3319780459919681617034727173314137458649393358719093583861004876001175120212895497044697486976417763990582809053854865907059454472439716107943329980020007435467522373473798469920365502038490863114153933350475250167611915697406152840669758169672419376018019898382535565132 0 0 0 0 0 0 0 0 0 0 0 0 0 0 0 0 0 0 0 0 0 0 0 0 0 0 0 0 0 0 0 0 0 0 0 0 0 0 0 0 0 0 0 0 0 0 0 0 0 0 0 0 0 0 0 0 0 0 0 1 0 0 0 0 0 0 0 0 0 0 0 0 0 0 0 0 0 0 0 0 0 0 0 0 0 0 0 0 0]
[39201678555203388244717019342136001690028246200475684955346783504355636728106455604832449671544188705718774873114686970555414168370247120084312187537950625959890959621485587344211752094892366935893453938171670794072220265407683894828856841886443544506622649697752578055 0 0 0 0 0 0 0 0 0 0 0 0 0 0 0 0 0 0 0 0 0 0 0 0 0 0 0 0 0 0 0 0 0 0 0 0 0 0 0 0 0 0 0 0 0 0 0 0 0 0 0 0 0 0 0 0 0 0 0 0 1 0 0 0 0 0 0 0 0 0 0 0 0 0 0 0 0 0 0 0 0 0 0 0 0 0 0 0 0]
[2822832865551239181859907552741764218110711308279209204239532108564969352445970126899054432377951200207718533336463575057325603439839180335752365040437647581940232366209405104182699543484967275875103140078400804999940296273612719799952308059275716454383638849301807120381 0 0 0 0 0 0 0 0 0 0 0 0 0 0 0 0 0 0 0 0 0 0 0 0 0 0 0 0 0 0 0 0 0 0 0 0 0 0 0 0 0 0 0 0 0 0 0 0 0 0 0 0 0 0 0 0 0 0 0 0 0 1 0 0 0 0 0 0 0 0 0 0 0 0 0 0 0 0 0 0 0 0 0 0 0 0 0 0 0]
[4575236800460520545763204203249298087971000103641640007707045705918740876344861820858091961663566976382470460409178402151827466527651233500103488368735973751147172619194761635855941577576210111156076031079480755437389604710104717757321193171484206846093231925777696116386 0 0 0 0 0 0 0 0 0 0 0 0 0 0 0 0 0 0 0 0 0 0 0 0 0 0 0 0 0 0 0 0 0 0 0 0 0 0 0 0 0 0 0 0 0 0 0 0 0 0 0 0 0 0 0 0 0 0 0 0 0 0 1 0 0 0 0 0 0 0 0 0 0 0 0 0 0 0 0 0 0 0 0 0 0 0 0 0 0]
[2860046617415275914459871194315612828369564780917787664211563202173661694724099456006335346481707346778046129279290984176815064607678958748690564762589063282076074359803727287230423761388441063523336085588638663999573190222979257575533016994962662108018067905134310912105 0 0 0 0 0 0 0 0 0 0 0 0 0 0 0 0 0 0 0 0 0 0 0 0 0 0 0 0 0 0 0 0 0 0 0 0 0 0 0 0 0 0 0 0 0 0 0 0 0 0 0 0 0 0 0 0 0 0 0 0 0 0 0 1 0 0 0 0 0 0 0 0 0 0 0 0 0 0 0 0 0 0 0 0 0 0 0 0 0]
[2073713743701040205455433116016110501930466586254386663665621355205895654510694684432169536281091580413219580045501967916527149380199669701218117222713809559606252050914986206001679748015318666127911060393163973559206350731481263246280716794392563229555035434532719021406 0 0 0 0 0 0 0 0 0 0 0 0 0 0 0 0 0 0 0 0 0 0 0 0 0 0 0 0 0 0 0 0 0 0 0 0 0 0 0 0 0 0 0 0 0 0 0 0 0 0 0 0 0 0 0 0 0 0 0 0 0 0 0 0 1 0 0 0 0 0 0 0 0 0 0 0 0 0 0 0 0 0 0 0 0 0 0 0 0]
[2634239401217446531839524477305824032445926661277046350744095119294799605308551111744628804573574930164245448175306499512153791764989563401504826894121355403974230581679906845351850213831350759150870552371277208048269662819243880550897607695731575530323832862845159049675 0 0 0 0 0 0 0 0 0 0 0 0 0 0 0 0 0 0 0 0 0 0 0 0 0 0 0 0 0 0 0 0 0 0 0 0 0 0 0 0 0 0 0 0 0 0 0 0 0 0 0 0 0 0 0 0 0 0 0 0 0 0 0 0 0 1 0 0 0 0 0 0 0 0 0 0 0 0 0 0 0 0 0 0 0 0 0 0 0]
[216704020195814325956565841022049470689040476967691772630323146051910869658366371780300802483698418645771481067600287123566096457869614045860868883046130968234873021584628291408730386342164397894438799626460353450324364093840715407262318073071927733626928411223676844343 0 0 0 0 0 0 0 0 0 0 0 0 0 0 0 0 0 0 0 0 0 0 0 0 0 0 0 0 0 0 0 0 0 0 0 0 0 0 0 0 0 0 0 0 0 0 0 0 0 0 0 0 0 0 0 0 0 0 0 0 0 0 0 0 0 0 1 0 0 0 0 0 0 0 0 0 0 0 0 0 0 0 0 0 0 0 0 0 0]
[1450761768493511598918327906847677090474628356966381271121452974930381214637658519651600441841164730562908040661809213766274790280402207159659860777998264207939155506987748317121121316291746764851841823789660468345751157526512465410988113036819906348780891325922074692598 0 0 0 0 0 0 0 0 0 0 0 0 0 0 0 0 0 0 0 0 0 0 0 0 0 0 0 0 0 0 0 0 0 0 0 0 0 0 0 0 0 0 0 0 0 0 0 0 0 0 0 0 0 0 0 0 0 0 0 0 0 0 0 0 0 0 0 1 0 0 0 0 0 0 0 0 0 0 0 0 0 0 0 0 0 0 0 0 0]
[5406848829376616552239187644923995173263984952931998029207721176216744748116725216985387723026205719137223144123652470069185742584581859824424747154887197804332012286876169194300763354634366600837294762265890137920246679567904918850417239515141524879359054991318015540744 0 0 0 0 0 0 0 0 0 0 0 0 0 0 0 0 0 0 0 0 0 0 0 0 0 0 0 0 0 0 0 0 0 0 0 0 0 0 0 0 0 0 0 0 0 0 0 0 0 0 0 0 0 0 0 0 0 0 0 0 0 0 0 0 0 0 0 0 1 0 0 0 0 0 0 0 0 0 0 0 0 0 0 0 0 0 0 0 0]
[5348261284932145584207999052899933970963936341953765692784308348769138672424614980189940025715165972407832140343926663116557341751744083225906761338948073609176717836575558016033236316775609756738861446346294442645190769394080325074746732772623891658911976864897809778670 0 0 0 0 0 0 0 0 0 0 0 0 0 0 0 0 0 0 0 0 0 0 0 0 0 0 0 0 0 0 0 0 0 0 0 0 0 0 0 0 0 0 0 0 0 0 0 0 0 0 0 0 0 0 0 0 0 0 0 0 0 0 0 0 0 0 0 0 0 1 0 0 0 0 0 0 0 0 0 0 0 0 0 0 0 0 0 0 0]
[4720686664086554707192785791918878849897189476655481688214851416917962144155390431013102504093660540623278610552955220822772543149062726105478894326863661441962538552872188875244614884484208083305439424787563602639821563189794860961438073332882867248144678213138496164752 0 0 0 0 0 0 0 0 0 0 0 0 0 0 0 0 0 0 0 0 0 0 0 0 0 0 0 0 0 0 0 0 0 0 0 0 0 0 0 0 0 0 0 0 0 0 0 0 0 0 0 0 0 0 0 0 0 0 0 0 0 0 0 0 0 0 0 0 0 0 1 0 0 0 0 0 0 0 0 0 0 0 0 0 0 0 0 0 0]
[5033879114159333119156771521609208975274308796898117863680241506771164081511275678101776332588096832449122986083725511750637705022698681921474518933688993267911486422184437819212365283895431419380485617081451900621633747575243912615003919310452653557783712753433666298178 0 0 0 0 0 0 0 0 0 0 0 0 0 0 0 0 0 0 0 0 0 0 0 0 0 0 0 0 0 0 0 0 0 0 0 0 0 0 0 0 0 0 0 0 0 0 0 0 0 0 0 0 0 0 0 0 0 0 0 0 0 0 0 0 0 0 0 0 0 0 0 1 0 0 0 0 0 0 0 0 0 0 0 0 0 0 0 0 0]
[1864898268825431066737377448653851766731828565100943915652132103230157589943949770637628641356389221233242927136767482136115979844131852275980534229530658090194004556986287459689158142835671165963223410251943582114234794231336361830393721902310260754778059682245146146031 0 0 0 0 0 0 0 0 0 0 0 0 0 0 0 0 0 0 0 0 0 0 0 0 0 0 0 0 0 0 0 0 0 0 0 0 0 0 0 0 0 0 0 0 0 0 0 0 0 0 0 0 0 0 0 0 0 0 0 0 0 0 0 0 0 0 0 0 0 0 0 0 1 0 0 0 0 0 0 0 0 0 0 0 0 0 0 0 0]
[1572650689052688909660957649484223586413179514166251785271917889161326545324266262198551461458118562779708525674053005494382555879010075450703158085865683375162785184370538339003249218949564549681336998583285637375059407591802037837424767015704380355299386392907855978853 0 0 0 0 0 0 0 0 0 0 0 0 0 0 0 0 0 0 0 0 0 0 0 0 0 0 0 0 0 0 0 0 0 0 0 0 0 0 0 0 0 0 0 0 0 0 0 0 0 0 0 0 0 0 0 0 0 0 0 0 0 0 0 0 0 0 0 0 0 0 0 0 0 1 0 0 0 0 0 0 0 0 0 0 0 0 0 0 0]
[1025660900000908694911325002902652370517457698959974535608234432232784476800907671983332341248470809793811389913095930311781031938232578129223921907373650786393284512616181089374120222274289371168446434430719924991855126720532052451916595716901186650020102508491808965981 0 0 0 0 0 0 0 0 0 0 0 0 0 0 0 0 0 0 0 0 0 0 0 0 0 0 0 0 0 0 0 0 0 0 0 0 0 0 0 0 0 0 0 0 0 0 0 0 0 0 0 0 0 0 0 0 0 0 0 0 0 0 0 0 0 0 0 0 0 0 0 0 0 0 1 0 0 0 0 0 0 0 0 0 0 0 0 0 0]
[2013363858323114641592250205695371802247300008344429867831292234582445311140639387600245890106485811487723113200735444348778605168409661107384126100633501895630425989689906655405297687950763690048318593561968038341259550473904314684979444150907553623285312612899177318627 0 0 0 0 0 0 0 0 0 0 0 0 0 0 0 0 0 0 0 0 0 0 0 0 0 0 0 0 0 0 0 0 0 0 0 0 0 0 0 0 0 0 0 0 0 0 0 0 0 0 0 0 0 0 0 0 0 0 0 0 0 0 0 0 0 0 0 0 0 0 0 0 0 0 0 1 0 0 0 0 0 0 0 0 0 0 0 0 0]
[4782686084684838747107511013248510412833570756048777245926821643182726939950181307790024151303747467163062718343925464182802643743536293066133975462620357547651925775725039465372208304132793804122753289264462588481227180044891542502332593964802648807148564578810411154060 0 0 0 0 0 0 0 0 0 0 0 0 0 0 0 0 0 0 0 0 0 0 0 0 0 0 0 0 0 0 0 0 0 0 0 0 0 0 0 0 0 0 0 0 0 0 0 0 0 0 0 0 0 0 0 0 0 0 0 0 0 0 0 0 0 0 0 0 0 0 0 0 0 0 0 0 1 0 0 0 0 0 0 0 0 0 0 0 0]
[323464724034839461185455652691824411008225253270977268130908754716279861749373554009693243022404642425554347871313255107962470680074075075711230536957966648694639212500933770825789776010136456800105468601908153311704842969112955364465029710064571818188368065442681742258 0 0 0 0 0 0 0 0 0 0 0 0 0 0 0 0 0 0 0 0 0 0 0 0 0 0 0 0 0 0 0 0 0 0 0 0 0 0 0 0 0 0 0 0 0 0 0 0 0 0 0 0 0 0 0 0 0 0 0 0 0 0 0 0 0 0 0 0 0 0 0 0 0 0 0 0 0 1 0 0 0 0 0 0 0 0 0 0 0]
[1660311151017952955103989722083969047204664885642623233466169565010224111329308174229871056122266936694538119052267404908881017917708043580955283187242465194143259415397195633107241355783567713820838788885904634821090992554576278050461687232551379294872348477983691245466 0 0 0 0 0 0 0 0 0 0 0 0 0 0 0 0 0 0 0 0 0 0 0 0 0 0 0 0 0 0 0 0 0 0 0 0 0 0 0 0 0 0 0 0 0 0 0 0 0 0 0 0 0 0 0 0 0 0 0 0 0 0 0 0 0 0 0 0 0 0 0 0 0 0 0 0 0 0 1 0 0 0 0 0 0 0 0 0 0]
[5137229475116127900195970913847813671024547569048517529956939900768806499815444240250853390632289915116295798883123083533084384081178064072056738807106649249240852668228650699694511940582840052459858389057201680049085890992138875837731065010931379724176067064438363446958 0 0 0 0 0 0 0 0 0 0 0 0 0 0 0 0 0 0 0 0 0 0 0 0 0 0 0 0 0 0 0 0 0 0 0 0 0 0 0 0 0 0 0 0 0 0 0 0 0 0 0 0 0 0 0 0 0 0 0 0 0 0 0 0 0 0 0 0 0 0 0 0 0 0 0 0 0 0 0 1 0 0 0 0 0 0 0 0 0]
[2669781064548265264045688788598799970797991382600030904597256414254647076642809581919232748951291979373771543159464873454442732347151499705625074215972947270000173167220708533896646565210968308339777648906228758256814684790455017325885878391940032519615373985257881190455 0 0 0 0 0 0 0 0 0 0 0 0 0 0 0 0 0 0 0 0 0 0 0 0 0 0 0 0 0 0 0 0 0 0 0 0 0 0 0 0 0 0 0 0 0 0 0 0 0 0 0 0 0 0 0 0 0 0 0 0 0 0 0 0 0 0 0 0 0 0 0 0 0 0 0 0 0 0 0 0 1 0 0 0 0 0 0 0 0]
[3455533678537113862498013541186151830287348217627189188717959586425349694070727088638320085423034116893039086688302759960591185399476483603268506663482196992167009343882269752163450262056004493451022131702083030025674391910451408181246545458576534931648076332695340831623 0 0 0 0 0 0 0 0 0 0 0 0 0 0 0 0 0 0 0 0 0 0 0 0 0 0 0 0 0 0 0 0 0 0 0 0 0 0 0 0 0 0 0 0 0 0 0 0 0 0 0 0 0 0 0 0 0 0 0 0 0 0 0 0 0 0 0 0 0 0 0 0 0 0 0 0 0 0 0 0 0 1 0 0 0 0 0 0 0]
[3933651799892476962778992117095906251314179207605678927738927407624053862889334748213478614927692657227034270984335076106861675258443790013382127317950841370673604596823916368294687604812591063881222635792771119881239788711152387615715674927913767810146450797119961943148 0 0 0 0 0 0 0 0 0 0 0 0 0 0 0 0 0 0 0 0 0 0 0 0 0 0 0 0 0 0 0 0 0 0 0 0 0 0 0 0 0 0 0 0 0 0 0 0 0 0 0 0 0 0 0 0 0 0 0 0 0 0 0 0 0 0 0 0 0 0 0 0 0 0 0 0 0 0 0 0 0 0 1 0 0 0 0 0 0]
[235639269988917174765737525009693781678051212169882050279514085516103915324824084201435258987581073676127914118853954225592760019286777194519593786530318682771228094784089402006671143051162194005124769077360427960219818856360537933833376696901107897881732376493549953298 0 0 0 0 0 0 0 0 0 0 0 0 0 0 0 0 0 0 0 0 0 0 0 0 0 0 0 0 0 0 0 0 0 0 0 0 0 0 0 0 0 0 0 0 0 0 0 0 0 0 0 0 0 0 0 0 0 0 0 0 0 0 0 0 0 0 0 0 0 0 0 0 0 0 0 0 0 0 0 0 0 0 0 1 0 0 0 0 0]
[1054698714235014842176962767489219430116236170366252284331399168753344129510801033103746600612905461978928058328681899636670825370191093103223349161621446341023580253282681515749789764786132393283692635985386765980881984051976208478947532352216550235098621980313402989367 0 0 0 0 0 0 0 0 0 0 0 0 0 0 0 0 0 0 0 0 0 0 0 0 0 0 0 0 0 0 0 0 0 0 0 0 0 0 0 0 0 0 0 0 0 0 0 0 0 0 0 0 0 0 0 0 0 0 0 0 0 0 0 0 0 0 0 0 0 0 0 0 0 0 0 0 0 0 0 0 0 0 0 0 1 0 0 0 0]
[2650750813157430102675832914409631327026270495405612418661918961284390539510584635833069377003113261797245303106720023362320551307233005175371652222877287571853141893474415012913233310027377031623022078613375267214024443319661064408397574190206640092175865149550990344536 0 0 0 0 0 0 0 0 0 0 0 0 0 0 0 0 0 0 0 0 0 0 0 0 0 0 0 0 0 0 0 0 0 0 0 0 0 0 0 0 0 0 0 0 0 0 0 0 0 0 0 0 0 0 0 0 0 0 0 0 0 0 0 0 0 0 0 0 0 0 0 0 0 0 0 0 0 0 0 0 0 0 0 0 0 1 0 0 0]
[1076317858103476726813566569581931153270788607256123941021904759943536885308379454336459825739722091719927087856204074269288927479681203230790763795865214668433817796649946018544472535841550160309680790562430056708215181029848170259590390307534701371935448795003662009195 0 0 0 0 0 0 0 0 0 0 0 0 0 0 0 0 0 0 0 0 0 0 0 0 0 0 0 0 0 0 0 0 0 0 0 0 0 0 0 0 0 0 0 0 0 0 0 0 0 0 0 0 0 0 0 0 0 0 0 0 0 0 0 0 0 0 0 0 0 0 0 0 0 0 0 0 0 0 0 0 0 0 0 0 0 0 1 0 0]
[78052171998860520789576599575414709108416415007947167911483902124334182049361658377180385468425779026079393297371425824712091592202099004008208732483348247632167154807238039566488915425752012594953749618624325715131434160637180390702622743649445908814860131227159358930 0 0 0 0 0 0 0 0 0 0 0 0 0 0 0 0 0 0 0 0 0 0 0 0 0 0 0 0 0 0 0 0 0 0 0 0 0 0 0 0 0 0 0 0 0 0 0 0 0 0 0 0 0 0 0 0 0 0 0 0 0 0 0 0 0 0 0 0 0 0 0 0 0 0 0 0 0 0 0 0 0 0 0 0 0 0 0 1 0]
[199134853650848213801489937652969991817381040270150057152509066485497901863664115674449441752704440067080294958992341919364399314953891549928451751496194403113643013125982962646102026921910058428090199989267820140199226083295263864015126353576961339798138461294264940457 0 0 0 0 0 0 0 0 0 0 0 0 0 0 0 0 0 0 0 0 0 0 0 0 0 0 0 0 0 0 0 0 0 0 0 0 0 0 0 0 0 0 0 0 0 0 0 0 0 0 0 0 0 0 0 0 0 0 0 0 0 0 0 0 0 0 0 0 0 0 0 0 0 0 0 0 0 0 0 0 0 0 0 0 0 0 0 0 1]
]
