[[1189090472504725361963882030901880189518931 0 0 0 0 0 0 0 0 0 0 0 0 0]
[775264826664140800215132053202171857153118 1 0 0 0 0 0 0 0 0 0 0 0 0]
[405109428379572129046325286519814914054784 0 1 0 0 0 0 0 0 0 0 0 0 0]
[1050349464594272731404151363615166306036907 0 0 1 0 0 0 0 0 0 0 0 0 0]
[684345435961965451398893201965846386228398 0 0 0 1 0 0 0 0 0 0 0 0 0]
[1174905411281996431031384127264601780019133 0 0 0 0 1 0 0 0 0 0 0 0 0]
[513359617052891574573130593932012465333276 0 0 0 0 0 1 0 0 0 0 0 0 0]
[916370722543769150649381660612647602124336 0 0 0 0 0 0 1 0 0 0 0 0 0]
[955156488879529970242560611149460400566944 0 0 0 0 0 0 0 1 0 0 0 0 0]
[392034860402662722150851335934971002035652 0 0 0 0 0 0 0 0 1 0 0 0 0]
[462568098170536662769092045880065780979833 0 0 0 0 0 0 0 0 0 1 0 0 0]
[432788730480175640519796180200202145027811 0 0 0 0 0 0 0 0 0 0 1 0 0]
[1051623949553137027438374659657782596860051 0 0 0 0 0 0 0 0 0 0 0 1 0]
[737955005719651117007115735528300277791728 0 0 0 0 0 0 0 0 0 0 0 0 1]
]
