[[5555224294871399387402756549721576901772134139637929369550675958572477470220613368612386990871855787654856316463286039631300530423016847320675036888227592924392923669296175769456048892534005602645931581232932609024218606271720531156932369793990445722845013901297 0 0 0 0 0 0 0 0 0 0 0 0 0 0 0 0 0 0 0 0 0 0 0 0 0 0 0 0 0 0 0 0 0 0 0 0 0 0 0 0 0 0 0 0 0 0 0 0 0 0 0 0 0 0 0 0 0 0 0 0 0 0 0 0 0 0 0 0 0 0 0 0 0 0 0 0 0 0 0 0 0 0 0 0 0 0]
[2320655658723857206196556790624927422867766261827625119178288218415010833762230910877618275702929023696468821965722227061924317255744123147069020633523705519689838333660302241606222731722557480181448311516024412168277370541186570064614978252776008205285387399578 1 0 0 0 0 0 0 0 0 0 0 0 0 0 0 0 0 0 0 0 0 0 0 0 0 0 0 0 0 0 0 0 0 0 0 0 0 0 0 0 0 0 0 0 0 0 0 0 0 0 0 0 0 0 0 0 0 0 0 0 0 0 0 0 0 0 0 0 0 0 0 0 0 0 0 0 0 0 0 0 0 0 0 0 0 0]
[1460239118710554867348596854250568042705175301044501902085200831021298662096725197360794312562195618493439111030323125624277474270111544086501933180461462842229558483030161663077933562915583936567188484256525219774957926988392627737886546648259731882939483665040 0 1 0 0 0 0 0 0 0 0 0 0 0 0 0 0 0 0 0 0 0 0 0 0 0 0 0 0 0 0 0 0 0 0 0 0 0 0 0 0 0 0 0 0 0 0 0 0 0 0 0 0 0 0 0 0 0 0 0 0 0 0 0 0 0 0 0 0 0 0 0 0 0 0 0 0 0 0 0 0 0 0 0 0 0 0]
[1427956880177554135454916489281989525572993121741985325006958906024978988138250266732137751187691758140510364066145970554711699046677290719242631712190990615588286025471705294389797981773900612962571930446477568808071343366164287872317097315170696082911705358054 0 0 1 0 0 0 0 0 0 0 0 0 0 0 0 0 0 0 0 0 0 0 0 0 0 0 0 0 0 0 0 0 0 0 0 0 0 0 0 0 0 0 0 0 0 0 0 0 0 0 0 0 0 0 0 0 0 0 0 0 0 0 0 0 0 0 0 0 0 0 0 0 0 0 0 0 0 0 0 0 0 0 0 0 0 0]
[1368852643458478426982805791429217554028160792500240469453775702438252935918036789843911229374708124230154945220611651653858547544407605343471164271869196172744620896530054897173732627384580750244448408535252104316591455893984072099465487855243289032890159483546 0 0 0 1 0 0 0 0 0 0 0 0 0 0 0 0 0 0 0 0 0 0 0 0 0 0 0 0 0 0 0 0 0 0 0 0 0 0 0 0 0 0 0 0 0 0 0 0 0 0 0 0 0 0 0 0 0 0 0 0 0 0 0 0 0 0 0 0 0 0 0 0 0 0 0 0 0 0 0 0 0 0 0 0 0 0]
[4712342233670382493327193067136712500022247673454748150387729294228452447362760094923425568624942126102924839203525748122807668322073150123162311544839151479402504481169196260668353003375108534414605571863483015681584030685887560566896722659374532995002759039244 0 0 0 0 1 0 0 0 0 0 0 0 0 0 0 0 0 0 0 0 0 0 0 0 0 0 0 0 0 0 0 0 0 0 0 0 0 0 0 0 0 0 0 0 0 0 0 0 0 0 0 0 0 0 0 0 0 0 0 0 0 0 0 0 0 0 0 0 0 0 0 0 0 0 0 0 0 0 0 0 0 0 0 0 0 0]
[5495140945027636215066417923521164915208362664173430486499425075275009714413090032017786306635628698789471526877286120558615088251508463848611882846713296384811291520657637848021956175518435601892190270729444900234311034669542674043733878407490207510486994682886 0 0 0 0 0 1 0 0 0 0 0 0 0 0 0 0 0 0 0 0 0 0 0 0 0 0 0 0 0 0 0 0 0 0 0 0 0 0 0 0 0 0 0 0 0 0 0 0 0 0 0 0 0 0 0 0 0 0 0 0 0 0 0 0 0 0 0 0 0 0 0 0 0 0 0 0 0 0 0 0 0 0 0 0 0 0]
[2284992808744455720331986021675885860295944645551932901125229015511346037304955031340290031008862342686689852382559194243788125490865301365643249739585554869456215651558346401171796059965786536538013203951105043523050024325570496391720962632839882784208750194109 0 0 0 0 0 0 1 0 0 0 0 0 0 0 0 0 0 0 0 0 0 0 0 0 0 0 0 0 0 0 0 0 0 0 0 0 0 0 0 0 0 0 0 0 0 0 0 0 0 0 0 0 0 0 0 0 0 0 0 0 0 0 0 0 0 0 0 0 0 0 0 0 0 0 0 0 0 0 0 0 0 0 0 0 0 0]
[260851705353685949847686992532603813807347918558229474555443293578513614343670666598144164282403325129726063589511486087020860731679837609046718909817780424981744537049931195159383797562534092419840875550341688201490375489057127574793949289885098523454054354486 0 0 0 0 0 0 0 1 0 0 0 0 0 0 0 0 0 0 0 0 0 0 0 0 0 0 0 0 0 0 0 0 0 0 0 0 0 0 0 0 0 0 0 0 0 0 0 0 0 0 0 0 0 0 0 0 0 0 0 0 0 0 0 0 0 0 0 0 0 0 0 0 0 0 0 0 0 0 0 0 0 0 0 0 0 0]
[4824545373854107241623845495895308867446937813487768701725004330753982446101421472627802048503636443142972258008502276327517135594598183378156587925683429114405747519865929931043721109375544845093546880649339749398762735310564945652884754793854096888389865343989 0 0 0 0 0 0 0 0 1 0 0 0 0 0 0 0 0 0 0 0 0 0 0 0 0 0 0 0 0 0 0 0 0 0 0 0 0 0 0 0 0 0 0 0 0 0 0 0 0 0 0 0 0 0 0 0 0 0 0 0 0 0 0 0 0 0 0 0 0 0 0 0 0 0 0 0 0 0 0 0 0 0 0 0 0 0]
[3628490453895958933270347671615640470509686001047853208374507570804903123738672234257390159842013513265121605653951295129891736883160193038350154536235866518356506325421434815387926650583964952819580200905693276489969428733716954116532286341665309671077380400313 0 0 0 0 0 0 0 0 0 1 0 0 0 0 0 0 0 0 0 0 0 0 0 0 0 0 0 0 0 0 0 0 0 0 0 0 0 0 0 0 0 0 0 0 0 0 0 0 0 0 0 0 0 0 0 0 0 0 0 0 0 0 0 0 0 0 0 0 0 0 0 0 0 0 0 0 0 0 0 0 0 0 0 0 0 0]
[2482208089367097876668198876349771805676825922280803884632584322457395596006963368287585228448429755523836617027521165886506659509049699927153209730391611446210944903810622643139376712895406467505214897016535780850846320386001994064015993928551095577700426385894 0 0 0 0 0 0 0 0 0 0 1 0 0 0 0 0 0 0 0 0 0 0 0 0 0 0 0 0 0 0 0 0 0 0 0 0 0 0 0 0 0 0 0 0 0 0 0 0 0 0 0 0 0 0 0 0 0 0 0 0 0 0 0 0 0 0 0 0 0 0 0 0 0 0 0 0 0 0 0 0 0 0 0 0 0 0]
[1093300326020415705523934706695576765067849081778905447911991189898315451554539701430449549833422888929624234235399006326130971200268525887296253870998698812898212522962193527265314890699314587694574579244858866881818950244574354412413114162559363507268684056792 0 0 0 0 0 0 0 0 0 0 0 1 0 0 0 0 0 0 0 0 0 0 0 0 0 0 0 0 0 0 0 0 0 0 0 0 0 0 0 0 0 0 0 0 0 0 0 0 0 0 0 0 0 0 0 0 0 0 0 0 0 0 0 0 0 0 0 0 0 0 0 0 0 0 0 0 0 0 0 0 0 0 0 0 0 0]
[3288984614907798572915999905796950976703937915216927998692916120781332912729569380803252919053564569571979033228730371134838006951626790211884996623817907132846673331252679600507119274714388033861613610423668958393807259958851959755758417455723473168561581331424 0 0 0 0 0 0 0 0 0 0 0 0 1 0 0 0 0 0 0 0 0 0 0 0 0 0 0 0 0 0 0 0 0 0 0 0 0 0 0 0 0 0 0 0 0 0 0 0 0 0 0 0 0 0 0 0 0 0 0 0 0 0 0 0 0 0 0 0 0 0 0 0 0 0 0 0 0 0 0 0 0 0 0 0 0 0]
[1955542627273522451218711545492931833628202158951270819740102673910533919029615013091374900659385795854306589334223342094496160486207001376426444380283256651646665307844043594749833112233637669671066405421288077425828189830874822167507209739365062586357940666445 0 0 0 0 0 0 0 0 0 0 0 0 0 1 0 0 0 0 0 0 0 0 0 0 0 0 0 0 0 0 0 0 0 0 0 0 0 0 0 0 0 0 0 0 0 0 0 0 0 0 0 0 0 0 0 0 0 0 0 0 0 0 0 0 0 0 0 0 0 0 0 0 0 0 0 0 0 0 0 0 0 0 0 0 0 0]
[2455103659558857601873198884729312886240785058086518121357971442906102211900893375747122439946508825904541990989075056935911451055910397755662946852545511595152852483304035211945648164510653900779359442374507461191653231697148703857635798457336813826787751737718 0 0 0 0 0 0 0 0 0 0 0 0 0 0 1 0 0 0 0 0 0 0 0 0 0 0 0 0 0 0 0 0 0 0 0 0 0 0 0 0 0 0 0 0 0 0 0 0 0 0 0 0 0 0 0 0 0 0 0 0 0 0 0 0 0 0 0 0 0 0 0 0 0 0 0 0 0 0 0 0 0 0 0 0 0 0]
[713732294917106484325331007203635812940745057407553060108852507850225138661694528895547380577868405007498662658808396617585466418545147197494442321981237886768072820323716086773815061799429642008822204440696532841910502264044268198767803484272281484003569841890 0 0 0 0 0 0 0 0 0 0 0 0 0 0 0 1 0 0 0 0 0 0 0 0 0 0 0 0 0 0 0 0 0 0 0 0 0 0 0 0 0 0 0 0 0 0 0 0 0 0 0 0 0 0 0 0 0 0 0 0 0 0 0 0 0 0 0 0 0 0 0 0 0 0 0 0 0 0 0 0 0 0 0 0 0 0]
[4075046576122970982181577021264355424006851650425069580241457522936838760352873166659546573329719973573355684911486596880983741635265416742938403584153655506341077624299994161977381199820177703903645240539268177481870318661464812216989889247835789853609932101450 0 0 0 0 0 0 0 0 0 0 0 0 0 0 0 0 1 0 0 0 0 0 0 0 0 0 0 0 0 0 0 0 0 0 0 0 0 0 0 0 0 0 0 0 0 0 0 0 0 0 0 0 0 0 0 0 0 0 0 0 0 0 0 0 0 0 0 0 0 0 0 0 0 0 0 0 0 0 0 0 0 0 0 0 0 0]
[1816671253844248060393770933119969006376647782289657249301095724871295902644885066091202807940465284984892805412794694651973232119539205829908984805358075218426419959246470564181602142642169352261084939102082488520926664602940228300894644423054596770737134956409 0 0 0 0 0 0 0 0 0 0 0 0 0 0 0 0 0 1 0 0 0 0 0 0 0 0 0 0 0 0 0 0 0 0 0 0 0 0 0 0 0 0 0 0 0 0 0 0 0 0 0 0 0 0 0 0 0 0 0 0 0 0 0 0 0 0 0 0 0 0 0 0 0 0 0 0 0 0 0 0 0 0 0 0 0 0]
[985355718565069624368037174501465429061803796532094308346457124291198758816733088308517995406391707598185490462704238648453834105844600107273334854916888271076480202684584561223687422855142440909575058715111096525472847511267885323500108808832914663817860756109 0 0 0 0 0 0 0 0 0 0 0 0 0 0 0 0 0 0 1 0 0 0 0 0 0 0 0 0 0 0 0 0 0 0 0 0 0 0 0 0 0 0 0 0 0 0 0 0 0 0 0 0 0 0 0 0 0 0 0 0 0 0 0 0 0 0 0 0 0 0 0 0 0 0 0 0 0 0 0 0 0 0 0 0 0 0]
[5357594359586792461345045765810032202432916182011000877610857666066398946779678814750394872225724444369383736991770085685329838227370015110037780477963557888041123347794559382751250508060206859006854788234001800433351965862334129915980959386863333874430060077537 0 0 0 0 0 0 0 0 0 0 0 0 0 0 0 0 0 0 0 1 0 0 0 0 0 0 0 0 0 0 0 0 0 0 0 0 0 0 0 0 0 0 0 0 0 0 0 0 0 0 0 0 0 0 0 0 0 0 0 0 0 0 0 0 0 0 0 0 0 0 0 0 0 0 0 0 0 0 0 0 0 0 0 0 0 0]
[2260381715534574057658989993826317639837714897149177574019729690738580771716384821300594583373974385062323203509206196336212361797560103871431723971106485783885957530973488994271329645850168343862273913817959553082000782456324203822948650427935130313122929808359 0 0 0 0 0 0 0 0 0 0 0 0 0 0 0 0 0 0 0 0 1 0 0 0 0 0 0 0 0 0 0 0 0 0 0 0 0 0 0 0 0 0 0 0 0 0 0 0 0 0 0 0 0 0 0 0 0 0 0 0 0 0 0 0 0 0 0 0 0 0 0 0 0 0 0 0 0 0 0 0 0 0 0 0 0 0]
[3241707263821138351554240779520616301936432456056945619941959140152013269421963606673193486785932145082471636418348919926291384303193726396613552244810346460754461588979845249163116196519641216619672630645766797374622490032046711301711947875355167534842428177432 0 0 0 0 0 0 0 0 0 0 0 0 0 0 0 0 0 0 0 0 0 1 0 0 0 0 0 0 0 0 0 0 0 0 0 0 0 0 0 0 0 0 0 0 0 0 0 0 0 0 0 0 0 0 0 0 0 0 0 0 0 0 0 0 0 0 0 0 0 0 0 0 0 0 0 0 0 0 0 0 0 0 0 0 0 0]
[3556308817384822624033369796716180416770801232351393729844243226415222499822146131569079162741882446248138617014086441461614454071462244931130697920709850914856553652535692175591494523961869772977871044255751848192817490988807550041907217853426843009021133411199 0 0 0 0 0 0 0 0 0 0 0 0 0 0 0 0 0 0 0 0 0 0 1 0 0 0 0 0 0 0 0 0 0 0 0 0 0 0 0 0 0 0 0 0 0 0 0 0 0 0 0 0 0 0 0 0 0 0 0 0 0 0 0 0 0 0 0 0 0 0 0 0 0 0 0 0 0 0 0 0 0 0 0 0 0 0]
[56049632506356939078323640678972258593252571486694929992066626906533377833503759759447063322738262760405656528533882337405174111660926056328139455007127753734340364645782050247671335315211480671985270357065317971843569120562568199157994610973446992079890833195 0 0 0 0 0 0 0 0 0 0 0 0 0 0 0 0 0 0 0 0 0 0 0 1 0 0 0 0 0 0 0 0 0 0 0 0 0 0 0 0 0 0 0 0 0 0 0 0 0 0 0 0 0 0 0 0 0 0 0 0 0 0 0 0 0 0 0 0 0 0 0 0 0 0 0 0 0 0 0 0 0 0 0 0 0 0]
[4285413174141233733271141229081690460064673349867340008789076548950153894123959278793370547022163049157514820407340551095289238337461190434109419549882642146214936336705451157200235482681829807635264736086270897732517469036748090784209044883185152529483939872 0 0 0 0 0 0 0 0 0 0 0 0 0 0 0 0 0 0 0 0 0 0 0 0 1 0 0 0 0 0 0 0 0 0 0 0 0 0 0 0 0 0 0 0 0 0 0 0 0 0 0 0 0 0 0 0 0 0 0 0 0 0 0 0 0 0 0 0 0 0 0 0 0 0 0 0 0 0 0 0 0 0 0 0 0 0]
[114333400963521499845914359573178208806150625852321987898228961195549999781343521926594589665821649853040508912602139462302580338217404849711486198755718654649987808693682824033215458459567593970397921250097330401663008248550122280751447527946048344024191913287 0 0 0 0 0 0 0 0 0 0 0 0 0 0 0 0 0 0 0 0 0 0 0 0 0 1 0 0 0 0 0 0 0 0 0 0 0 0 0 0 0 0 0 0 0 0 0 0 0 0 0 0 0 0 0 0 0 0 0 0 0 0 0 0 0 0 0 0 0 0 0 0 0 0 0 0 0 0 0 0 0 0 0 0 0 0]
[193069072987894403986299324914161594203303921277325603744292323221097729710205368295577525462886175169530739730878403584604759410803704589905825807492835583658537412826565876221107495719131466077684966241845345566522300483419832831921774718169435529150503254472 0 0 0 0 0 0 0 0 0 0 0 0 0 0 0 0 0 0 0 0 0 0 0 0 0 0 1 0 0 0 0 0 0 0 0 0 0 0 0 0 0 0 0 0 0 0 0 0 0 0 0 0 0 0 0 0 0 0 0 0 0 0 0 0 0 0 0 0 0 0 0 0 0 0 0 0 0 0 0 0 0 0 0 0 0 0]
[1001188311033975523392662737550392926970473408002457215547653800890581850046198960172182255613639690094821725943812410841172653892354088202818813562674123440221843430616155833118122795877967929853434415509382843646764560289239008850186085396074176257287342506780 0 0 0 0 0 0 0 0 0 0 0 0 0 0 0 0 0 0 0 0 0 0 0 0 0 0 0 1 0 0 0 0 0 0 0 0 0 0 0 0 0 0 0 0 0 0 0 0 0 0 0 0 0 0 0 0 0 0 0 0 0 0 0 0 0 0 0 0 0 0 0 0 0 0 0 0 0 0 0 0 0 0 0 0 0 0]
[4572117712371417944008674315683388387228126103532369334686701921045355011453090557318294198322530042391790912240355718228907191685750233340905838918270249218350790065853708742938793045907527743805933430824469019696117272852326012572459544839088924737925489240410 0 0 0 0 0 0 0 0 0 0 0 0 0 0 0 0 0 0 0 0 0 0 0 0 0 0 0 0 1 0 0 0 0 0 0 0 0 0 0 0 0 0 0 0 0 0 0 0 0 0 0 0 0 0 0 0 0 0 0 0 0 0 0 0 0 0 0 0 0 0 0 0 0 0 0 0 0 0 0 0 0 0 0 0 0 0]
[5413669883308830438743737515064446482857517212216139322002201024127855002187189024001876895232532501902913427641628628975160915050745867188574834211236481802476342782233675355718213070715318280033463307419855627345067974281666488837730872610819097372566478002111 0 0 0 0 0 0 0 0 0 0 0 0 0 0 0 0 0 0 0 0 0 0 0 0 0 0 0 0 0 1 0 0 0 0 0 0 0 0 0 0 0 0 0 0 0 0 0 0 0 0 0 0 0 0 0 0 0 0 0 0 0 0 0 0 0 0 0 0 0 0 0 0 0 0 0 0 0 0 0 0 0 0 0 0 0 0]
[3195518005067105917403934077869600823205123170469500563144204239112230593313688412081969677735616218566600301160173211829800418687192384438297529049210217186588755806440581519149792898400798262111740394006685085466150815782201230663153212910023504598138292872642 0 0 0 0 0 0 0 0 0 0 0 0 0 0 0 0 0 0 0 0 0 0 0 0 0 0 0 0 0 0 1 0 0 0 0 0 0 0 0 0 0 0 0 0 0 0 0 0 0 0 0 0 0 0 0 0 0 0 0 0 0 0 0 0 0 0 0 0 0 0 0 0 0 0 0 0 0 0 0 0 0 0 0 0 0 0]
[1436595358662057231180213009640695116926220918034879385796456755468342902885508731435921825802687376243074133781477127353458572363231903008117240527222561001032517909322888927387836703479450391718420047540245773673209262369354268945671218595091870258086305515226 0 0 0 0 0 0 0 0 0 0 0 0 0 0 0 0 0 0 0 0 0 0 0 0 0 0 0 0 0 0 0 1 0 0 0 0 0 0 0 0 0 0 0 0 0 0 0 0 0 0 0 0 0 0 0 0 0 0 0 0 0 0 0 0 0 0 0 0 0 0 0 0 0 0 0 0 0 0 0 0 0 0 0 0 0 0]
[5077458839896829908513586255806846401949713709300429211774650948466644275431818168686134887371620771051393688037401848054465812887248479533843631487952006164682480991335422325230787599074054600238332912333341354603428639485578019251997389482057300848720100919119 0 0 0 0 0 0 0 0 0 0 0 0 0 0 0 0 0 0 0 0 0 0 0 0 0 0 0 0 0 0 0 0 1 0 0 0 0 0 0 0 0 0 0 0 0 0 0 0 0 0 0 0 0 0 0 0 0 0 0 0 0 0 0 0 0 0 0 0 0 0 0 0 0 0 0 0 0 0 0 0 0 0 0 0 0 0]
[1059194960497309902933593593869029985289196042726298299133484113394477021106095387058165985795998447743100989290584343345616672035825527097190539182295895383441489145565813077033466858847286160262128951107871631827930904310634415538994922453836536929525736362734 0 0 0 0 0 0 0 0 0 0 0 0 0 0 0 0 0 0 0 0 0 0 0 0 0 0 0 0 0 0 0 0 0 1 0 0 0 0 0 0 0 0 0 0 0 0 0 0 0 0 0 0 0 0 0 0 0 0 0 0 0 0 0 0 0 0 0 0 0 0 0 0 0 0 0 0 0 0 0 0 0 0 0 0 0 0]
[2272842343660100501064197973825088727172537132043048836913680359067884520114935059308329824899404923219026674894085487795641257007608708029258661162087165708892623866698647588218992368647045655712109916998288227039244175482602520019052662044867126068487474037830 0 0 0 0 0 0 0 0 0 0 0 0 0 0 0 0 0 0 0 0 0 0 0 0 0 0 0 0 0 0 0 0 0 0 1 0 0 0 0 0 0 0 0 0 0 0 0 0 0 0 0 0 0 0 0 0 0 0 0 0 0 0 0 0 0 0 0 0 0 0 0 0 0 0 0 0 0 0 0 0 0 0 0 0 0 0]
[3461709270430213358762442140049177407351375925634211792606390620713376483106501883029904258209741396318631823829912547772929588812696195277335916056028891476675094735865433972259849497393729570445389326505183050608720733718946850183700560353618453138832579851893 0 0 0 0 0 0 0 0 0 0 0 0 0 0 0 0 0 0 0 0 0 0 0 0 0 0 0 0 0 0 0 0 0 0 0 1 0 0 0 0 0 0 0 0 0 0 0 0 0 0 0 0 0 0 0 0 0 0 0 0 0 0 0 0 0 0 0 0 0 0 0 0 0 0 0 0 0 0 0 0 0 0 0 0 0 0]
[1503337399966913607676359388063051185893731250719931931013662432991468371652796771795653002463349379206672537612055862798334615922992506740032896513620139214255608126791788576015218347030683295672358983644211536842730662594578554744874128154646884471488564831289 0 0 0 0 0 0 0 0 0 0 0 0 0 0 0 0 0 0 0 0 0 0 0 0 0 0 0 0 0 0 0 0 0 0 0 0 1 0 0 0 0 0 0 0 0 0 0 0 0 0 0 0 0 0 0 0 0 0 0 0 0 0 0 0 0 0 0 0 0 0 0 0 0 0 0 0 0 0 0 0 0 0 0 0 0 0]
[2737734494505651930145884902831705850218854966492161295736886037716809982884943548104988250910751823938024173364111609842096207017093601354355339047039392754851008640019064423304951088582439312814785778924331776650252793336028474988700961975840851581207892096347 0 0 0 0 0 0 0 0 0 0 0 0 0 0 0 0 0 0 0 0 0 0 0 0 0 0 0 0 0 0 0 0 0 0 0 0 0 1 0 0 0 0 0 0 0 0 0 0 0 0 0 0 0 0 0 0 0 0 0 0 0 0 0 0 0 0 0 0 0 0 0 0 0 0 0 0 0 0 0 0 0 0 0 0 0 0]
[5076873763281376830325438618771747894887328611378183412141627930564352465502201120261315895192722764594830481168649711205821880922034550264764256655378891885858074216478532840694161782799013355967512357771095566566897541352184459655061815111753537108772945723596 0 0 0 0 0 0 0 0 0 0 0 0 0 0 0 0 0 0 0 0 0 0 0 0 0 0 0 0 0 0 0 0 0 0 0 0 0 0 1 0 0 0 0 0 0 0 0 0 0 0 0 0 0 0 0 0 0 0 0 0 0 0 0 0 0 0 0 0 0 0 0 0 0 0 0 0 0 0 0 0 0 0 0 0 0 0]
[2652311404948557242422050948972685011673394540203887650319766793405366270749641340523635832769846823000136675824822756805631361971644789672221177460441700120372734865583317947261559589059111749683718745551066768713997080722154341631439110415739187450658953182101 0 0 0 0 0 0 0 0 0 0 0 0 0 0 0 0 0 0 0 0 0 0 0 0 0 0 0 0 0 0 0 0 0 0 0 0 0 0 0 1 0 0 0 0 0 0 0 0 0 0 0 0 0 0 0 0 0 0 0 0 0 0 0 0 0 0 0 0 0 0 0 0 0 0 0 0 0 0 0 0 0 0 0 0 0 0]
[2041474596661998996944693351123239334912953774689002238470420328768299138382862293632275495648984437749728786946671876837706674073658862319569152772679779148960237251485898703403365673192827108128135877590609984988898801993977023794578675646981996332058805488099 0 0 0 0 0 0 0 0 0 0 0 0 0 0 0 0 0 0 0 0 0 0 0 0 0 0 0 0 0 0 0 0 0 0 0 0 0 0 0 0 1 0 0 0 0 0 0 0 0 0 0 0 0 0 0 0 0 0 0 0 0 0 0 0 0 0 0 0 0 0 0 0 0 0 0 0 0 0 0 0 0 0 0 0 0 0]
[1452166306976680197154711424521715498976622352612676330593764145567937060534196758450180768727734247762817996754206699368101029710344809158441691557455507254524047156097729802469121938392724121784830912110613994272970386230648687542261498862534284665727813223723 0 0 0 0 0 0 0 0 0 0 0 0 0 0 0 0 0 0 0 0 0 0 0 0 0 0 0 0 0 0 0 0 0 0 0 0 0 0 0 0 0 1 0 0 0 0 0 0 0 0 0 0 0 0 0 0 0 0 0 0 0 0 0 0 0 0 0 0 0 0 0 0 0 0 0 0 0 0 0 0 0 0 0 0 0 0]
[614264481283473957680568404788803749903085561765203607964425811709869506642665043119167934459134052725532756620125268434975288476730895279744250542121355282377662676908548036959882376061506355719191063162046214777875309738235526369005219601677472401569833044521 0 0 0 0 0 0 0 0 0 0 0 0 0 0 0 0 0 0 0 0 0 0 0 0 0 0 0 0 0 0 0 0 0 0 0 0 0 0 0 0 0 0 1 0 0 0 0 0 0 0 0 0 0 0 0 0 0 0 0 0 0 0 0 0 0 0 0 0 0 0 0 0 0 0 0 0 0 0 0 0 0 0 0 0 0 0]
[5331832325367050642147110188659278014101803750257557825660600963931657952043012014623929747138876991579642560396690998601879466441699529715099126989901752045642360350381978525340823477265367243439436961336817092630335825750700337042413977173345596495168482566115 0 0 0 0 0 0 0 0 0 0 0 0 0 0 0 0 0 0 0 0 0 0 0 0 0 0 0 0 0 0 0 0 0 0 0 0 0 0 0 0 0 0 0 1 0 0 0 0 0 0 0 0 0 0 0 0 0 0 0 0 0 0 0 0 0 0 0 0 0 0 0 0 0 0 0 0 0 0 0 0 0 0 0 0 0 0]
[987113518570790239896580510448060926175909693147929021945997733590219112969877963365759092404724051488235927608737181928513404275356120101654333099078320044185569467540159918173808544146172968970652480947615453033137220820024659338521933228443849347480047273395 0 0 0 0 0 0 0 0 0 0 0 0 0 0 0 0 0 0 0 0 0 0 0 0 0 0 0 0 0 0 0 0 0 0 0 0 0 0 0 0 0 0 0 0 1 0 0 0 0 0 0 0 0 0 0 0 0 0 0 0 0 0 0 0 0 0 0 0 0 0 0 0 0 0 0 0 0 0 0 0 0 0 0 0 0 0]
[1698784809800785209644124471733837573759101945070552621809018880753941860248796230254054222466981622724832562478101149157998702210721643135995804489538664828313449683927295057847927236853207765246428817762833245798128382749407329042145810553619221603135508102990 0 0 0 0 0 0 0 0 0 0 0 0 0 0 0 0 0 0 0 0 0 0 0 0 0 0 0 0 0 0 0 0 0 0 0 0 0 0 0 0 0 0 0 0 0 1 0 0 0 0 0 0 0 0 0 0 0 0 0 0 0 0 0 0 0 0 0 0 0 0 0 0 0 0 0 0 0 0 0 0 0 0 0 0 0 0]
[15315426746587243527950206186634611638758588517469953847365009791386780386134631887004340357652427504318386217911171499940718614242414561381330339664951972237892104505913512869909424303177207129321882468543027597351705384580371638546396221994711952645595745664 0 0 0 0 0 0 0 0 0 0 0 0 0 0 0 0 0 0 0 0 0 0 0 0 0 0 0 0 0 0 0 0 0 0 0 0 0 0 0 0 0 0 0 0 0 0 1 0 0 0 0 0 0 0 0 0 0 0 0 0 0 0 0 0 0 0 0 0 0 0 0 0 0 0 0 0 0 0 0 0 0 0 0 0 0 0]
[853311484844083605512164580565852598200162241063780795017638789395485548673723511593612751225939421278525456359276336027968919008374267381162770144383692764114703624830646812612581380809326939349648555113930251838534946619600347057264368501956831412876157363046 0 0 0 0 0 0 0 0 0 0 0 0 0 0 0 0 0 0 0 0 0 0 0 0 0 0 0 0 0 0 0 0 0 0 0 0 0 0 0 0 0 0 0 0 0 0 0 1 0 0 0 0 0 0 0 0 0 0 0 0 0 0 0 0 0 0 0 0 0 0 0 0 0 0 0 0 0 0 0 0 0 0 0 0 0 0]
[1434532818871916604227289981718792462297939071255485134761661335110266438576143455004699481133850885646622960499640088323666502197111020102197322562096304353403001315669921359753385054416455514650415977269904685384522542478314082790253364585455945918964627281624 0 0 0 0 0 0 0 0 0 0 0 0 0 0 0 0 0 0 0 0 0 0 0 0 0 0 0 0 0 0 0 0 0 0 0 0 0 0 0 0 0 0 0 0 0 0 0 0 1 0 0 0 0 0 0 0 0 0 0 0 0 0 0 0 0 0 0 0 0 0 0 0 0 0 0 0 0 0 0 0 0 0 0 0 0 0]
[2068231189203825711709085779723164208159397252901994964930520574228989577274132507958846581988227973267971890898699379495961154817710559567199786458426214825640197544856118795005672839658552177562310617897578342538875495341892217318718155253840572724874419994319 0 0 0 0 0 0 0 0 0 0 0 0 0 0 0 0 0 0 0 0 0 0 0 0 0 0 0 0 0 0 0 0 0 0 0 0 0 0 0 0 0 0 0 0 0 0 0 0 0 1 0 0 0 0 0 0 0 0 0 0 0 0 0 0 0 0 0 0 0 0 0 0 0 0 0 0 0 0 0 0 0 0 0 0 0 0]
[563884274495092209611457171602739776835740495623554514768717160542325503712497447061123526673655829721856442316992189894624922389032244030985370138521827779930302552658576150484260753019587040021318902633393034114254962030660402434506106310518486462322267898489 0 0 0 0 0 0 0 0 0 0 0 0 0 0 0 0 0 0 0 0 0 0 0 0 0 0 0 0 0 0 0 0 0 0 0 0 0 0 0 0 0 0 0 0 0 0 0 0 0 0 1 0 0 0 0 0 0 0 0 0 0 0 0 0 0 0 0 0 0 0 0 0 0 0 0 0 0 0 0 0 0 0 0 0 0 0]
[356858921679984492085987747394669568276396246289149510513212048908870710208112051523561746932570014143116937999185993397418522198267270118051075754289319082639089926920360527709023840667173905296755452079239977138412894690135262528128584016187574314964417250185 0 0 0 0 0 0 0 0 0 0 0 0 0 0 0 0 0 0 0 0 0 0 0 0 0 0 0 0 0 0 0 0 0 0 0 0 0 0 0 0 0 0 0 0 0 0 0 0 0 0 0 1 0 0 0 0 0 0 0 0 0 0 0 0 0 0 0 0 0 0 0 0 0 0 0 0 0 0 0 0 0 0 0 0 0 0]
[392897998392474983537773317987204853748782461638217097297572612106073489426058192019067472974676584909263171389783377180064372795013342482975223012120902630937396440911366288535712643698542063268621788397269247889631782109402450913813992262407459028811286625770 0 0 0 0 0 0 0 0 0 0 0 0 0 0 0 0 0 0 0 0 0 0 0 0 0 0 0 0 0 0 0 0 0 0 0 0 0 0 0 0 0 0 0 0 0 0 0 0 0 0 0 0 1 0 0 0 0 0 0 0 0 0 0 0 0 0 0 0 0 0 0 0 0 0 0 0 0 0 0 0 0 0 0 0 0 0]
[1275170006082838975031868971709951494786690896883867714785935356467310742563510510387678128738384393266681473443562343779946252618860464472279855192562789604107248628681220255373320227871923622900762218921684136744403713192699302857807229374058469387408137713481 0 0 0 0 0 0 0 0 0 0 0 0 0 0 0 0 0 0 0 0 0 0 0 0 0 0 0 0 0 0 0 0 0 0 0 0 0 0 0 0 0 0 0 0 0 0 0 0 0 0 0 0 0 1 0 0 0 0 0 0 0 0 0 0 0 0 0 0 0 0 0 0 0 0 0 0 0 0 0 0 0 0 0 0 0 0]
[3333491873457157016807381048949751881021923364079672779865574778372553701997874100584808040684123989960777548305171447556635245604164044967920964222238085806491424404077482714629688481629506384919068885962980096153771514632548066560702888925867491407820589751824 0 0 0 0 0 0 0 0 0 0 0 0 0 0 0 0 0 0 0 0 0 0 0 0 0 0 0 0 0 0 0 0 0 0 0 0 0 0 0 0 0 0 0 0 0 0 0 0 0 0 0 0 0 0 1 0 0 0 0 0 0 0 0 0 0 0 0 0 0 0 0 0 0 0 0 0 0 0 0 0 0 0 0 0 0 0]
[5409072249427348847143570854252617362888880516720409214363873262733659690044729198639627810375606053693866434406887941664114015970709318619170512502158755996744435753091320759409943008137226638904271068499657328256618500962175935498772448937918809308159281637537 0 0 0 0 0 0 0 0 0 0 0 0 0 0 0 0 0 0 0 0 0 0 0 0 0 0 0 0 0 0 0 0 0 0 0 0 0 0 0 0 0 0 0 0 0 0 0 0 0 0 0 0 0 0 0 1 0 0 0 0 0 0 0 0 0 0 0 0 0 0 0 0 0 0 0 0 0 0 0 0 0 0 0 0 0 0]
[778022968423670867927989991304662853679397220597600559549649604562696006415184853755251466086086293903830124777639107417151292124294790692417084808403266211710920256279938558383944376306990887415766463583770868323873131037308814614633796430896084389965568470311 0 0 0 0 0 0 0 0 0 0 0 0 0 0 0 0 0 0 0 0 0 0 0 0 0 0 0 0 0 0 0 0 0 0 0 0 0 0 0 0 0 0 0 0 0 0 0 0 0 0 0 0 0 0 0 0 1 0 0 0 0 0 0 0 0 0 0 0 0 0 0 0 0 0 0 0 0 0 0 0 0 0 0 0 0 0]
[4032365261935890887523418654951680940844172263023414355482611673451792021185548622120457238138339188387172455626574952940790134769815802646375526100456368222996284626136029089494184444762879071758438623461242959780703792511229328453338760159736565569046477900346 0 0 0 0 0 0 0 0 0 0 0 0 0 0 0 0 0 0 0 0 0 0 0 0 0 0 0 0 0 0 0 0 0 0 0 0 0 0 0 0 0 0 0 0 0 0 0 0 0 0 0 0 0 0 0 0 0 1 0 0 0 0 0 0 0 0 0 0 0 0 0 0 0 0 0 0 0 0 0 0 0 0 0 0 0 0]
[2928758737675084102015251706274983818667679667035035125632100405631757536386149752503141982046783415442327400989909053977912333493573099927146300886473453846772835045068263811902705899127285179518672329133992905071551721410174319162296523033578342553401979968622 0 0 0 0 0 0 0 0 0 0 0 0 0 0 0 0 0 0 0 0 0 0 0 0 0 0 0 0 0 0 0 0 0 0 0 0 0 0 0 0 0 0 0 0 0 0 0 0 0 0 0 0 0 0 0 0 0 0 1 0 0 0 0 0 0 0 0 0 0 0 0 0 0 0 0 0 0 0 0 0 0 0 0 0 0 0]
[3666021999356437583195161957090294722373524773230701638754300410501490454181515108599477153713135227872750972524022807807358731921053551736173103637022211930480450136377674962799438914612365398822632137762388231609004183800573904649558050929879128879930251292409 0 0 0 0 0 0 0 0 0 0 0 0 0 0 0 0 0 0 0 0 0 0 0 0 0 0 0 0 0 0 0 0 0 0 0 0 0 0 0 0 0 0 0 0 0 0 0 0 0 0 0 0 0 0 0 0 0 0 0 1 0 0 0 0 0 0 0 0 0 0 0 0 0 0 0 0 0 0 0 0 0 0 0 0 0 0]
[858649185962434973217865169026413354294032060207381354093234322795844892692096920016826814295220675658834765773614077348804775549857897122520058764547417089075289214322052561906551566210238362580805357223995208349562651314290908975350282366653385946679441083138 0 0 0 0 0 0 0 0 0 0 0 0 0 0 0 0 0 0 0 0 0 0 0 0 0 0 0 0 0 0 0 0 0 0 0 0 0 0 0 0 0 0 0 0 0 0 0 0 0 0 0 0 0 0 0 0 0 0 0 0 1 0 0 0 0 0 0 0 0 0 0 0 0 0 0 0 0 0 0 0 0 0 0 0 0 0]
[2453403617525645294054469534501226305740937834711107827797978454983540768306242674411909113260450569502591023382203518284429314994159731932344841813836016667009325279487960719976204368729899627253189584285243815855498749036916060595063067719708788968392172206021 0 0 0 0 0 0 0 0 0 0 0 0 0 0 0 0 0 0 0 0 0 0 0 0 0 0 0 0 0 0 0 0 0 0 0 0 0 0 0 0 0 0 0 0 0 0 0 0 0 0 0 0 0 0 0 0 0 0 0 0 0 1 0 0 0 0 0 0 0 0 0 0 0 0 0 0 0 0 0 0 0 0 0 0 0 0]
[1898535988750909031115178139275198250904243686466663145691316812239829766476832283700649558262765070463029282318517125080984748354715221552524948970189614959164005691667061062659854233551398646235854819520098324991714809417589252154280548922308855374320103115095 0 0 0 0 0 0 0 0 0 0 0 0 0 0 0 0 0 0 0 0 0 0 0 0 0 0 0 0 0 0 0 0 0 0 0 0 0 0 0 0 0 0 0 0 0 0 0 0 0 0 0 0 0 0 0 0 0 0 0 0 0 0 1 0 0 0 0 0 0 0 0 0 0 0 0 0 0 0 0 0 0 0 0 0 0 0]
[780451607010560247204734477972494589123470900243407365136652950853122843095884744918205377173415435975175819192824581825340202429270291668138009615901193205956406370539607288554966074073784549231834778205327095905807145478301669139067066588265345669001814816647 0 0 0 0 0 0 0 0 0 0 0 0 0 0 0 0 0 0 0 0 0 0 0 0 0 0 0 0 0 0 0 0 0 0 0 0 0 0 0 0 0 0 0 0 0 0 0 0 0 0 0 0 0 0 0 0 0 0 0 0 0 0 0 1 0 0 0 0 0 0 0 0 0 0 0 0 0 0 0 0 0 0 0 0 0 0]
[1595925201441369153541963368955687794162950605136995997212575931423753417724914233218948978601396626476521660539156664181947301829715228386403470015862985452791068293321422266613066577038877588720261173475758112701363002149503270187742328181124887594605343448490 0 0 0 0 0 0 0 0 0 0 0 0 0 0 0 0 0 0 0 0 0 0 0 0 0 0 0 0 0 0 0 0 0 0 0 0 0 0 0 0 0 0 0 0 0 0 0 0 0 0 0 0 0 0 0 0 0 0 0 0 0 0 0 0 1 0 0 0 0 0 0 0 0 0 0 0 0 0 0 0 0 0 0 0 0 0]
[265019853680821602349566151416010319003785062521955617823826909378968124665933254993110563209473752061854688957285855683153872776097466021576246705693207750923550968252643549107812699077946376708906790620254543059351654749618652492860371296596508942037839374489 0 0 0 0 0 0 0 0 0 0 0 0 0 0 0 0 0 0 0 0 0 0 0 0 0 0 0 0 0 0 0 0 0 0 0 0 0 0 0 0 0 0 0 0 0 0 0 0 0 0 0 0 0 0 0 0 0 0 0 0 0 0 0 0 0 1 0 0 0 0 0 0 0 0 0 0 0 0 0 0 0 0 0 0 0 0]
[1585114234789389920333576287875305494404842910188369955850365153565202716347682663776207017552542249796239674078783540808868948235842179099910067181486932916242782250667688953180998759536347518419752517980026831292540829135532255731507401027182783988663154743795 0 0 0 0 0 0 0 0 0 0 0 0 0 0 0 0 0 0 0 0 0 0 0 0 0 0 0 0 0 0 0 0 0 0 0 0 0 0 0 0 0 0 0 0 0 0 0 0 0 0 0 0 0 0 0 0 0 0 0 0 0 0 0 0 0 0 1 0 0 0 0 0 0 0 0 0 0 0 0 0 0 0 0 0 0 0]
[3494890958912961337928601955536912947395382874554080365123097983362451709200003409516970804000374093760262049411696170333501749796126211421275142898374281647014505504751528553474377688572891909019759277133005614161623786470223394033902269911667903792118939041617 0 0 0 0 0 0 0 0 0 0 0 0 0 0 0 0 0 0 0 0 0 0 0 0 0 0 0 0 0 0 0 0 0 0 0 0 0 0 0 0 0 0 0 0 0 0 0 0 0 0 0 0 0 0 0 0 0 0 0 0 0 0 0 0 0 0 0 1 0 0 0 0 0 0 0 0 0 0 0 0 0 0 0 0 0 0]
[4206738904850338099373325336822568350859031190760085408709211753102839678036202079659666424275156355761249449806934279823363874938368373265781723703314846009526711753308139659532231547407404576072054749302913313211613805178613029232258061596002988280786957034254 0 0 0 0 0 0 0 0 0 0 0 0 0 0 0 0 0 0 0 0 0 0 0 0 0 0 0 0 0 0 0 0 0 0 0 0 0 0 0 0 0 0 0 0 0 0 0 0 0 0 0 0 0 0 0 0 0 0 0 0 0 0 0 0 0 0 0 0 1 0 0 0 0 0 0 0 0 0 0 0 0 0 0 0 0 0]
[3538650183777832097196941717933698702767935867285511602437150112037408510959471975313806168481341940780085374481292247347241118158778396836890036384341480425529142296439420036698766397752491931459161632507704300693919810343820556664883554124242684944874527196466 0 0 0 0 0 0 0 0 0 0 0 0 0 0 0 0 0 0 0 0 0 0 0 0 0 0 0 0 0 0 0 0 0 0 0 0 0 0 0 0 0 0 0 0 0 0 0 0 0 0 0 0 0 0 0 0 0 0 0 0 0 0 0 0 0 0 0 0 0 1 0 0 0 0 0 0 0 0 0 0 0 0 0 0 0 0]
[5350553930847714318882806960565812522217782749900395453130008912193585944567300181765823783408395967688586613434728109912124552661593184231168298697999271390960997610994793520486813349049161661230057493836506687333346815203678022837409336866816369659084423677186 0 0 0 0 0 0 0 0 0 0 0 0 0 0 0 0 0 0 0 0 0 0 0 0 0 0 0 0 0 0 0 0 0 0 0 0 0 0 0 0 0 0 0 0 0 0 0 0 0 0 0 0 0 0 0 0 0 0 0 0 0 0 0 0 0 0 0 0 0 0 1 0 0 0 0 0 0 0 0 0 0 0 0 0 0 0]
[3395869512627502488092814152149741390446426443096826972029294674146418115251349672802350877073318678383471223962555347415926280529546757114215321612733957925329567049404441574653048691445519768372794787152302541579128786552377208553918364592595510653473039423167 0 0 0 0 0 0 0 0 0 0 0 0 0 0 0 0 0 0 0 0 0 0 0 0 0 0 0 0 0 0 0 0 0 0 0 0 0 0 0 0 0 0 0 0 0 0 0 0 0 0 0 0 0 0 0 0 0 0 0 0 0 0 0 0 0 0 0 0 0 0 0 1 0 0 0 0 0 0 0 0 0 0 0 0 0 0]
[2500631966050000363552792553699627942729851311117606060596663674274473894971119086716256688903899123757114227254154144707868912166404647914814766160844270847561745454669024094862902616884502042981800976088025295770399509766447755528057751642658587439353600206035 0 0 0 0 0 0 0 0 0 0 0 0 0 0 0 0 0 0 0 0 0 0 0 0 0 0 0 0 0 0 0 0 0 0 0 0 0 0 0 0 0 0 0 0 0 0 0 0 0 0 0 0 0 0 0 0 0 0 0 0 0 0 0 0 0 0 0 0 0 0 0 0 1 0 0 0 0 0 0 0 0 0 0 0 0 0]
[4792266686408919611361528291114264664509341924939857660555849163435737179927346085834177519655351683356808374134849892893244709406834339921091200868025047925453296916868632048181664621967986471110317359607340452725835923936712099454765724980884615365045154817547 0 0 0 0 0 0 0 0 0 0 0 0 0 0 0 0 0 0 0 0 0 0 0 0 0 0 0 0 0 0 0 0 0 0 0 0 0 0 0 0 0 0 0 0 0 0 0 0 0 0 0 0 0 0 0 0 0 0 0 0 0 0 0 0 0 0 0 0 0 0 0 0 0 1 0 0 0 0 0 0 0 0 0 0 0 0]
[3467846932564127447796785024640494265183600849824926348200131868321796644571873606689931556685256168366116353350506052214125685364059135469577557654740793455517183279782254399633873870228142778963926496946132637778321324092129562216885054678283367974470289802982 0 0 0 0 0 0 0 0 0 0 0 0 0 0 0 0 0 0 0 0 0 0 0 0 0 0 0 0 0 0 0 0 0 0 0 0 0 0 0 0 0 0 0 0 0 0 0 0 0 0 0 0 0 0 0 0 0 0 0 0 0 0 0 0 0 0 0 0 0 0 0 0 0 0 1 0 0 0 0 0 0 0 0 0 0 0]
[2276478366711442002739140060721047057344358615865854778034589739468402199599953214368944567315637975631423546183581676481359275782520002575063920763537641399749685678404241542749059716792472428648168766481667019698174774129465684185489137404340016498839730841454 0 0 0 0 0 0 0 0 0 0 0 0 0 0 0 0 0 0 0 0 0 0 0 0 0 0 0 0 0 0 0 0 0 0 0 0 0 0 0 0 0 0 0 0 0 0 0 0 0 0 0 0 0 0 0 0 0 0 0 0 0 0 0 0 0 0 0 0 0 0 0 0 0 0 0 1 0 0 0 0 0 0 0 0 0 0]
[511520170010114126482259797779408883600091402557293505318925377002070830966184497604565711035327739281058706003038441468616498065328641007838634142193716182403458348840306676931833115675791378178528686908328413841386435122697287333125913855578308784676656357917 0 0 0 0 0 0 0 0 0 0 0 0 0 0 0 0 0 0 0 0 0 0 0 0 0 0 0 0 0 0 0 0 0 0 0 0 0 0 0 0 0 0 0 0 0 0 0 0 0 0 0 0 0 0 0 0 0 0 0 0 0 0 0 0 0 0 0 0 0 0 0 0 0 0 0 0 1 0 0 0 0 0 0 0 0 0]
[2200175487166760375266595484724528804065098465230853136855041802191497438932351518722500639607278198742378722754271913273777523851121069125972537055330714668545861308643672869109618622240440399843042247777562423365032025861558798787248925311177099256921254345736 0 0 0 0 0 0 0 0 0 0 0 0 0 0 0 0 0 0 0 0 0 0 0 0 0 0 0 0 0 0 0 0 0 0 0 0 0 0 0 0 0 0 0 0 0 0 0 0 0 0 0 0 0 0 0 0 0 0 0 0 0 0 0 0 0 0 0 0 0 0 0 0 0 0 0 0 0 1 0 0 0 0 0 0 0 0]
[2669723310435208599779837788954132927395386786501248242875231815580294848570658818081605893507339071862287226279743461035958573519510526305195710634001341819567024315163443420902468746034679728123638435145148638211386432697836254137288027415734032736435670975820 0 0 0 0 0 0 0 0 0 0 0 0 0 0 0 0 0 0 0 0 0 0 0 0 0 0 0 0 0 0 0 0 0 0 0 0 0 0 0 0 0 0 0 0 0 0 0 0 0 0 0 0 0 0 0 0 0 0 0 0 0 0 0 0 0 0 0 0 0 0 0 0 0 0 0 0 0 0 1 0 0 0 0 0 0 0]
[5137781483423947648221677873186972369828302315761871593286529141932647595040315398290360941811647260537740817331826438017266712685155439888735713117828381408305807397509762361507875329456651639018566557852722103241876383421932271559126220802007969730861463617997 0 0 0 0 0 0 0 0 0 0 0 0 0 0 0 0 0 0 0 0 0 0 0 0 0 0 0 0 0 0 0 0 0 0 0 0 0 0 0 0 0 0 0 0 0 0 0 0 0 0 0 0 0 0 0 0 0 0 0 0 0 0 0 0 0 0 0 0 0 0 0 0 0 0 0 0 0 0 0 1 0 0 0 0 0 0]
[1342930157814522336322864100603407545473165709479626174470910243503385194668635849245105265027099403325405828937461668186872672796168300591268998209620211123529290219452317258528252328836165766228452521651136816982109663494313870871172295153135553472668517911418 0 0 0 0 0 0 0 0 0 0 0 0 0 0 0 0 0 0 0 0 0 0 0 0 0 0 0 0 0 0 0 0 0 0 0 0 0 0 0 0 0 0 0 0 0 0 0 0 0 0 0 0 0 0 0 0 0 0 0 0 0 0 0 0 0 0 0 0 0 0 0 0 0 0 0 0 0 0 0 0 1 0 0 0 0 0]
[3930366994794144798948113945191040141494446858331693314513230118428857896734460849071229392502056954351017737783371048026722782163936349059716329028794449593859841929507243807475528669620551264165123066321919176570461874554349223093866534688297191458346538307524 0 0 0 0 0 0 0 0 0 0 0 0 0 0 0 0 0 0 0 0 0 0 0 0 0 0 0 0 0 0 0 0 0 0 0 0 0 0 0 0 0 0 0 0 0 0 0 0 0 0 0 0 0 0 0 0 0 0 0 0 0 0 0 0 0 0 0 0 0 0 0 0 0 0 0 0 0 0 0 0 0 1 0 0 0 0]
[13255091389875233298349543217351119686173556929266551924353128381655600772859171270300717735682885721417067153696994625572436136114614555095154956813940812530821230243878927737558985126692685046479824984372160882421159180206509190672700729835036490552906362130 0 0 0 0 0 0 0 0 0 0 0 0 0 0 0 0 0 0 0 0 0 0 0 0 0 0 0 0 0 0 0 0 0 0 0 0 0 0 0 0 0 0 0 0 0 0 0 0 0 0 0 0 0 0 0 0 0 0 0 0 0 0 0 0 0 0 0 0 0 0 0 0 0 0 0 0 0 0 0 0 0 0 1 0 0 0]
[5456773546181147538707193320889831445314866090413417529637168603781742455701075390623738518144055971433347472415730456905697896258110052896504953594055143183535030507580817897285089305685396778071698717162673165006362110167149686515275649149075553040311075623732 0 0 0 0 0 0 0 0 0 0 0 0 0 0 0 0 0 0 0 0 0 0 0 0 0 0 0 0 0 0 0 0 0 0 0 0 0 0 0 0 0 0 0 0 0 0 0 0 0 0 0 0 0 0 0 0 0 0 0 0 0 0 0 0 0 0 0 0 0 0 0 0 0 0 0 0 0 0 0 0 0 0 0 1 0 0]
[480068141324598248667285984820973576072763958139112564144306445976214268969621909382739742791229734110636507855282738089182822549155890936663363976722589731439930976077903097374111596340802897261047096822114250241164047470286240553073284967730825386028181569502 0 0 0 0 0 0 0 0 0 0 0 0 0 0 0 0 0 0 0 0 0 0 0 0 0 0 0 0 0 0 0 0 0 0 0 0 0 0 0 0 0 0 0 0 0 0 0 0 0 0 0 0 0 0 0 0 0 0 0 0 0 0 0 0 0 0 0 0 0 0 0 0 0 0 0 0 0 0 0 0 0 0 0 0 1 0]
[2538319283609571099544147292803134018058906409557098510138944450137498752442691313377523225423540234401938133550067016592514678585734420115154986618830173168648921174659033825685563301276471307693121692241694760004967761129503857008223583961625683916743735449392 0 0 0 0 0 0 0 0 0 0 0 0 0 0 0 0 0 0 0 0 0 0 0 0 0 0 0 0 0 0 0 0 0 0 0 0 0 0 0 0 0 0 0 0 0 0 0 0 0 0 0 0 0 0 0 0 0 0 0 0 0 0 0 0 0 0 0 0 0 0 0 0 0 0 0 0 0 0 0 0 0 0 0 0 0 1]
]
