[[4374209632994444328685538299718154916567154057873928090565966395890436742521249024049747997985197699180544986361944603348892813393364133675434394859029764548015305751140200121398835920370185306975750887441744763292139103851423830234198509478450184561608585329231 0 0 0 0 0 0 0 0 0 0 0 0 0 0 0 0 0 0 0 0 0 0 0 0 0 0 0 0 0 0 0 0 0 0 0 0 0 0 0 0 0 0 0 0 0 0 0 0 0 0 0 0 0 0 0 0 0 0 0 0 0 0 0 0 0 0 0 0 0 0 0 0 0 0 0 0 0 0 0 0 0 0 0 0 0 0]
[2251244044817540440299290420355916523432008924141975816720592268454279470902131863388582921981850827738361449267066797888641691099856442552070208431471515865323625288737361737418534942197120584702307857296133120708057303142051373776061118502636328071197325830112 1 0 0 0 0 0 0 0 0 0 0 0 0 0 0 0 0 0 0 0 0 0 0 0 0 0 0 0 0 0 0 0 0 0 0 0 0 0 0 0 0 0 0 0 0 0 0 0 0 0 0 0 0 0 0 0 0 0 0 0 0 0 0 0 0 0 0 0 0 0 0 0 0 0 0 0 0 0 0 0 0 0 0 0 0 0]
[3155759101653628657194861922549551983472957033958630392418693247524538239266419527370122235112381301021112480834788136448267807496461111567146724110672489950233540408115241369966914324190579621869997338594771273717763520396208288046725941022129993315594459168897 0 1 0 0 0 0 0 0 0 0 0 0 0 0 0 0 0 0 0 0 0 0 0 0 0 0 0 0 0 0 0 0 0 0 0 0 0 0 0 0 0 0 0 0 0 0 0 0 0 0 0 0 0 0 0 0 0 0 0 0 0 0 0 0 0 0 0 0 0 0 0 0 0 0 0 0 0 0 0 0 0 0 0 0 0 0]
[187118048421661764067765594336733615578085156107849538250328409143155181317064569989307241420760809572770532232834622163459812563918195465519389325109133292728490500947826561683612430063960506190539794062876785792295223343047606876178533554155403223167017689878 0 0 1 0 0 0 0 0 0 0 0 0 0 0 0 0 0 0 0 0 0 0 0 0 0 0 0 0 0 0 0 0 0 0 0 0 0 0 0 0 0 0 0 0 0 0 0 0 0 0 0 0 0 0 0 0 0 0 0 0 0 0 0 0 0 0 0 0 0 0 0 0 0 0 0 0 0 0 0 0 0 0 0 0 0 0]
[1407992220134391156603045118340088470277295114184960877819196279729154763310851050754936524987229320193080104316824923084034017734279868531441169250839143854729765105492341132038051842043900714281547380416124801953442930533721529684485730967231978210336567429402 0 0 0 1 0 0 0 0 0 0 0 0 0 0 0 0 0 0 0 0 0 0 0 0 0 0 0 0 0 0 0 0 0 0 0 0 0 0 0 0 0 0 0 0 0 0 0 0 0 0 0 0 0 0 0 0 0 0 0 0 0 0 0 0 0 0 0 0 0 0 0 0 0 0 0 0 0 0 0 0 0 0 0 0 0 0]
[3933703731891436880674526567899874396792684794156806009671912608602729861125923539923485243296738431534083126072140623220846112458492151752288673732415428963852352552505329726684346044761267771425423535219703234493817861007421974426225637880063040894375464393061 0 0 0 0 1 0 0 0 0 0 0 0 0 0 0 0 0 0 0 0 0 0 0 0 0 0 0 0 0 0 0 0 0 0 0 0 0 0 0 0 0 0 0 0 0 0 0 0 0 0 0 0 0 0 0 0 0 0 0 0 0 0 0 0 0 0 0 0 0 0 0 0 0 0 0 0 0 0 0 0 0 0 0 0 0 0]
[1260569282042197963347942619482586666319899248836164403164838887310806407643884672472914234660347273177344652434871761517420346784637312680647233123094392875867742091304290929451699816555359294414733832213335766457775091149589640189823525533378086384019335024806 0 0 0 0 0 1 0 0 0 0 0 0 0 0 0 0 0 0 0 0 0 0 0 0 0 0 0 0 0 0 0 0 0 0 0 0 0 0 0 0 0 0 0 0 0 0 0 0 0 0 0 0 0 0 0 0 0 0 0 0 0 0 0 0 0 0 0 0 0 0 0 0 0 0 0 0 0 0 0 0 0 0 0 0 0 0]
[3751467769625043666190470853699373102539992608289152412950683741651027294568911596925252306751286063841715651847586218504544249594577034439015227921696333167783129067774020850841250820845528693375685316795211688923929503713404370623820550901531298112752718529098 0 0 0 0 0 0 1 0 0 0 0 0 0 0 0 0 0 0 0 0 0 0 0 0 0 0 0 0 0 0 0 0 0 0 0 0 0 0 0 0 0 0 0 0 0 0 0 0 0 0 0 0 0 0 0 0 0 0 0 0 0 0 0 0 0 0 0 0 0 0 0 0 0 0 0 0 0 0 0 0 0 0 0 0 0 0]
[2125012583029925444468131555655160478786556709146418443802684612072063747523675449594881434409008809678534539154224369753227256107842517319358397454432954048818359393556927134169598200294847887892070378858488750826684439569812558370492782933219415078031392597757 0 0 0 0 0 0 0 1 0 0 0 0 0 0 0 0 0 0 0 0 0 0 0 0 0 0 0 0 0 0 0 0 0 0 0 0 0 0 0 0 0 0 0 0 0 0 0 0 0 0 0 0 0 0 0 0 0 0 0 0 0 0 0 0 0 0 0 0 0 0 0 0 0 0 0 0 0 0 0 0 0 0 0 0 0 0]
[2321976839835491641959407543150472513771310729619669916127725438246221878643461316923907682897422926287368479915386002305716500067246544461053293389895263852574779266701415169509921147737475071528224401952378946219043919129043110084822638110274268951650084361322 0 0 0 0 0 0 0 0 1 0 0 0 0 0 0 0 0 0 0 0 0 0 0 0 0 0 0 0 0 0 0 0 0 0 0 0 0 0 0 0 0 0 0 0 0 0 0 0 0 0 0 0 0 0 0 0 0 0 0 0 0 0 0 0 0 0 0 0 0 0 0 0 0 0 0 0 0 0 0 0 0 0 0 0 0 0]
[2211316291788207136283182792144647701062707685819497340625443360224925339019545329996335562347200423245542335536489423180469278811696235260140041633881248278236055247199785027635248661372325922817644139482079512974055919281546965665776601296859228314448878064465 0 0 0 0 0 0 0 0 0 1 0 0 0 0 0 0 0 0 0 0 0 0 0 0 0 0 0 0 0 0 0 0 0 0 0 0 0 0 0 0 0 0 0 0 0 0 0 0 0 0 0 0 0 0 0 0 0 0 0 0 0 0 0 0 0 0 0 0 0 0 0 0 0 0 0 0 0 0 0 0 0 0 0 0 0 0]
[3881923940605213494910921809283849264919464838485146144046383925754314312277107784424031362943486894547990165878653607684417844109003106181491090567158045914820917073364594718250782729142111281266258179772713705049322902271641312386718893904023898043698790762538 0 0 0 0 0 0 0 0 0 0 1 0 0 0 0 0 0 0 0 0 0 0 0 0 0 0 0 0 0 0 0 0 0 0 0 0 0 0 0 0 0 0 0 0 0 0 0 0 0 0 0 0 0 0 0 0 0 0 0 0 0 0 0 0 0 0 0 0 0 0 0 0 0 0 0 0 0 0 0 0 0 0 0 0 0 0]
[1349099528023956013274149651178036691622025900810628199049185282759594867266394252068891582820639795944701316754112218213291446585335103088714426006860262863694688793644970880700035955145664279352596159646539001103504347751893866692336594268236175287905580003878 0 0 0 0 0 0 0 0 0 0 0 1 0 0 0 0 0 0 0 0 0 0 0 0 0 0 0 0 0 0 0 0 0 0 0 0 0 0 0 0 0 0 0 0 0 0 0 0 0 0 0 0 0 0 0 0 0 0 0 0 0 0 0 0 0 0 0 0 0 0 0 0 0 0 0 0 0 0 0 0 0 0 0 0 0 0]
[2735345378951400882656631478693143678726588364332327937381482293549459256779719017285467349357062250930073741806520462478868197693868031401606518131505660499601661664100003613455191030379594255888200996319994368821195395971983061248389972815392425742056964502743 0 0 0 0 0 0 0 0 0 0 0 0 1 0 0 0 0 0 0 0 0 0 0 0 0 0 0 0 0 0 0 0 0 0 0 0 0 0 0 0 0 0 0 0 0 0 0 0 0 0 0 0 0 0 0 0 0 0 0 0 0 0 0 0 0 0 0 0 0 0 0 0 0 0 0 0 0 0 0 0 0 0 0 0 0 0]
[3703455691549663800404384592298151530801287063697378972211729377697523357367551637467054787373103255010498588623916954001921787008217485392717927056059696627716181151647180878068248363648959253987054052740268312787443079155833376811761107600075366249456772923257 0 0 0 0 0 0 0 0 0 0 0 0 0 1 0 0 0 0 0 0 0 0 0 0 0 0 0 0 0 0 0 0 0 0 0 0 0 0 0 0 0 0 0 0 0 0 0 0 0 0 0 0 0 0 0 0 0 0 0 0 0 0 0 0 0 0 0 0 0 0 0 0 0 0 0 0 0 0 0 0 0 0 0 0 0 0]
[981775313297214158370710835431701598830840447620361098055887594828775814616746255267006467318955415131517570362222109825707590147067533588903872461658667401945212234020258991653120273043825222174598589625753832400705126050929526870116639729661925094825048272742 0 0 0 0 0 0 0 0 0 0 0 0 0 0 1 0 0 0 0 0 0 0 0 0 0 0 0 0 0 0 0 0 0 0 0 0 0 0 0 0 0 0 0 0 0 0 0 0 0 0 0 0 0 0 0 0 0 0 0 0 0 0 0 0 0 0 0 0 0 0 0 0 0 0 0 0 0 0 0 0 0 0 0 0 0 0]
[1436398544699448145618131695520898119075782975003441517045632401768151336743033089662402252436984094911991095140682062529674301870605786498122628937060027916746592917611718215005152426494263753525142659316099467822634344436977781959276547049986925224803394073683 0 0 0 0 0 0 0 0 0 0 0 0 0 0 0 1 0 0 0 0 0 0 0 0 0 0 0 0 0 0 0 0 0 0 0 0 0 0 0 0 0 0 0 0 0 0 0 0 0 0 0 0 0 0 0 0 0 0 0 0 0 0 0 0 0 0 0 0 0 0 0 0 0 0 0 0 0 0 0 0 0 0 0 0 0 0]
[2520075623405755870288821905167920426365748613804468508554260082499452662362817282879779613263458004211488980057965118291991101062869639791207061911659940039013499975339734820424859697243712140423249731336618182069183551669215514665995893298422786394366347829058 0 0 0 0 0 0 0 0 0 0 0 0 0 0 0 0 1 0 0 0 0 0 0 0 0 0 0 0 0 0 0 0 0 0 0 0 0 0 0 0 0 0 0 0 0 0 0 0 0 0 0 0 0 0 0 0 0 0 0 0 0 0 0 0 0 0 0 0 0 0 0 0 0 0 0 0 0 0 0 0 0 0 0 0 0 0]
[2426417826028410030067962096191893951690690435089459327169710844736743168348274327024596254116366972386949303467471675233171999365495137101581613396356568109929040012432992148472662022038310102054844738039961506403813755660306338393281445504152017981929448037256 0 0 0 0 0 0 0 0 0 0 0 0 0 0 0 0 0 1 0 0 0 0 0 0 0 0 0 0 0 0 0 0 0 0 0 0 0 0 0 0 0 0 0 0 0 0 0 0 0 0 0 0 0 0 0 0 0 0 0 0 0 0 0 0 0 0 0 0 0 0 0 0 0 0 0 0 0 0 0 0 0 0 0 0 0 0]
[655605532788684879712749207805696147230572863947946454612850261934788074728016355776982385549014330445405322955571320114381670309722090026942964360254453085883034820912770645657110937258192505195428944735787789925139364937030335668969310090994274929384101107798 0 0 0 0 0 0 0 0 0 0 0 0 0 0 0 0 0 0 1 0 0 0 0 0 0 0 0 0 0 0 0 0 0 0 0 0 0 0 0 0 0 0 0 0 0 0 0 0 0 0 0 0 0 0 0 0 0 0 0 0 0 0 0 0 0 0 0 0 0 0 0 0 0 0 0 0 0 0 0 0 0 0 0 0 0 0]
[1803478576174131548659033583488011407993794479128335631020299309440221659230757282593868122585379775134487439997785036643451340887029322116065874300940583645592714719033845585370351081445645081286859125190076033106926243410176748150546302435852565614538781837514 0 0 0 0 0 0 0 0 0 0 0 0 0 0 0 0 0 0 0 1 0 0 0 0 0 0 0 0 0 0 0 0 0 0 0 0 0 0 0 0 0 0 0 0 0 0 0 0 0 0 0 0 0 0 0 0 0 0 0 0 0 0 0 0 0 0 0 0 0 0 0 0 0 0 0 0 0 0 0 0 0 0 0 0 0 0]
[3743940897755308568620776134360026218315696037594981058090858550099230244967087279484218198713574043711178859250080440600867821133496019689344297626558515595945093611134823772351754401973982293668129183911453637594014449434411975723103292480345646958878685955206 0 0 0 0 0 0 0 0 0 0 0 0 0 0 0 0 0 0 0 0 1 0 0 0 0 0 0 0 0 0 0 0 0 0 0 0 0 0 0 0 0 0 0 0 0 0 0 0 0 0 0 0 0 0 0 0 0 0 0 0 0 0 0 0 0 0 0 0 0 0 0 0 0 0 0 0 0 0 0 0 0 0 0 0 0 0]
[254135453733370137152796647477360518367618586704432024820339516031900919853724036381421661791446311151723282476761571119559433976809013098101698689499029165879971435317795573052452143464785162307456365054725544919235448163688316212409845426280142951246592176048 0 0 0 0 0 0 0 0 0 0 0 0 0 0 0 0 0 0 0 0 0 1 0 0 0 0 0 0 0 0 0 0 0 0 0 0 0 0 0 0 0 0 0 0 0 0 0 0 0 0 0 0 0 0 0 0 0 0 0 0 0 0 0 0 0 0 0 0 0 0 0 0 0 0 0 0 0 0 0 0 0 0 0 0 0 0]
[2155707061524493165606929763986718423590641896883776801094426178661309223946244669980116248041354250115057861533061375702479800518445130678896717797033968328179030220119408732469243590469594902179392308856427957085952569494448461553306498330048683047606549785262 0 0 0 0 0 0 0 0 0 0 0 0 0 0 0 0 0 0 0 0 0 0 1 0 0 0 0 0 0 0 0 0 0 0 0 0 0 0 0 0 0 0 0 0 0 0 0 0 0 0 0 0 0 0 0 0 0 0 0 0 0 0 0 0 0 0 0 0 0 0 0 0 0 0 0 0 0 0 0 0 0 0 0 0 0 0]
[1710160628316492594308154322064690122750716711688337953376632636108181649464648842924237568387669812438184998264553918426647991898914989874218562960699962375265998925567387220532714953683257366126916816368227444632016676536259601035311730315019287084633482240538 0 0 0 0 0 0 0 0 0 0 0 0 0 0 0 0 0 0 0 0 0 0 0 1 0 0 0 0 0 0 0 0 0 0 0 0 0 0 0 0 0 0 0 0 0 0 0 0 0 0 0 0 0 0 0 0 0 0 0 0 0 0 0 0 0 0 0 0 0 0 0 0 0 0 0 0 0 0 0 0 0 0 0 0 0 0]
[2864434883243116820757261152940123712290998096016323301337102335046101094192307949001697789204121240255738118368788522866432021413833347836358875301806987139309818468432712964221457733085429440898044606855466986519092070021515521323265207799458007424249442875841 0 0 0 0 0 0 0 0 0 0 0 0 0 0 0 0 0 0 0 0 0 0 0 0 1 0 0 0 0 0 0 0 0 0 0 0 0 0 0 0 0 0 0 0 0 0 0 0 0 0 0 0 0 0 0 0 0 0 0 0 0 0 0 0 0 0 0 0 0 0 0 0 0 0 0 0 0 0 0 0 0 0 0 0 0 0]
[593252876127867496938877799537073474044147651464226025013938145608825347953008100155035610687581923146792555525768231189583753508081633137325955570178088677848422369523905106774827383191215745768379568085346344447108561018717858377536709209939542677757104954928 0 0 0 0 0 0 0 0 0 0 0 0 0 0 0 0 0 0 0 0 0 0 0 0 0 1 0 0 0 0 0 0 0 0 0 0 0 0 0 0 0 0 0 0 0 0 0 0 0 0 0 0 0 0 0 0 0 0 0 0 0 0 0 0 0 0 0 0 0 0 0 0 0 0 0 0 0 0 0 0 0 0 0 0 0 0]
[993571590637982508759071650837800913906413666637832129009772352079010376727386601948588100574758077498980551667731317240878548503835333706588503414452172157527134724720200005934818924984374320109200848826072608654076319040431808475291478186900059437131728208534 0 0 0 0 0 0 0 0 0 0 0 0 0 0 0 0 0 0 0 0 0 0 0 0 0 0 1 0 0 0 0 0 0 0 0 0 0 0 0 0 0 0 0 0 0 0 0 0 0 0 0 0 0 0 0 0 0 0 0 0 0 0 0 0 0 0 0 0 0 0 0 0 0 0 0 0 0 0 0 0 0 0 0 0 0 0]
[2546734268982299947151013818261567296671090757264212725204515371807123767790690972677099499978293545494324384731870220223247246571799942908131356215497330339411269024941240477039836532201310078283349281581620657267457909836350093913641075479010134894451359639668 0 0 0 0 0 0 0 0 0 0 0 0 0 0 0 0 0 0 0 0 0 0 0 0 0 0 0 1 0 0 0 0 0 0 0 0 0 0 0 0 0 0 0 0 0 0 0 0 0 0 0 0 0 0 0 0 0 0 0 0 0 0 0 0 0 0 0 0 0 0 0 0 0 0 0 0 0 0 0 0 0 0 0 0 0 0]
[3833813154094510665907718794658352994197527250512923391859798067422892871011882727944001531057036583503067467512602442918755639043188085229024331582720033187167187470876138803279531860650286942780972676603769208923896581637589198986676346498949921995999276100737 0 0 0 0 0 0 0 0 0 0 0 0 0 0 0 0 0 0 0 0 0 0 0 0 0 0 0 0 1 0 0 0 0 0 0 0 0 0 0 0 0 0 0 0 0 0 0 0 0 0 0 0 0 0 0 0 0 0 0 0 0 0 0 0 0 0 0 0 0 0 0 0 0 0 0 0 0 0 0 0 0 0 0 0 0 0]
[2088702821187260334040739351924115416860395742345524894967891646619679914086886621351203107579127388643561174826842540621295532842789618489634776472990162277521484978223054802494906850084333436497755582284060212917239836104560550723886649938067312786930861705706 0 0 0 0 0 0 0 0 0 0 0 0 0 0 0 0 0 0 0 0 0 0 0 0 0 0 0 0 0 1 0 0 0 0 0 0 0 0 0 0 0 0 0 0 0 0 0 0 0 0 0 0 0 0 0 0 0 0 0 0 0 0 0 0 0 0 0 0 0 0 0 0 0 0 0 0 0 0 0 0 0 0 0 0 0 0]
[2368637766962898120415820233546578913988870691015255301197059207207646304631000906072522333073432637173884678424889220261721322704924763601777958922606106960281848279736925794189988588462541041477563433035421608886804930083407434466256026729172959722970232324976 0 0 0 0 0 0 0 0 0 0 0 0 0 0 0 0 0 0 0 0 0 0 0 0 0 0 0 0 0 0 1 0 0 0 0 0 0 0 0 0 0 0 0 0 0 0 0 0 0 0 0 0 0 0 0 0 0 0 0 0 0 0 0 0 0 0 0 0 0 0 0 0 0 0 0 0 0 0 0 0 0 0 0 0 0 0]
[3995675616235650202319283035979192335760514955378545602584198652990588186495450944301868508472922254420517123149807432480753374956135342381336382906321096141896135877133704830965586983760753937341847054641811868549644340929753177909800029635134109184389149264037 0 0 0 0 0 0 0 0 0 0 0 0 0 0 0 0 0 0 0 0 0 0 0 0 0 0 0 0 0 0 0 1 0 0 0 0 0 0 0 0 0 0 0 0 0 0 0 0 0 0 0 0 0 0 0 0 0 0 0 0 0 0 0 0 0 0 0 0 0 0 0 0 0 0 0 0 0 0 0 0 0 0 0 0 0 0]
[314860357675118009624788943779021511351406942910672858040986928458444808135851836851098614320759039124599916260232820496967692607743091537667351548435517823312598195715431486711656833224524547387938766282090441465062805744511500703563525609449145414735237562854 0 0 0 0 0 0 0 0 0 0 0 0 0 0 0 0 0 0 0 0 0 0 0 0 0 0 0 0 0 0 0 0 1 0 0 0 0 0 0 0 0 0 0 0 0 0 0 0 0 0 0 0 0 0 0 0 0 0 0 0 0 0 0 0 0 0 0 0 0 0 0 0 0 0 0 0 0 0 0 0 0 0 0 0 0 0]
[1352657722490779650775390380099663254474691763076687951798294915394926933608241198338784167556612330404825259073120862948889602994635384794322128367602221843363110981011159670485158087656521164946910919545594027525585043443500741384354021383517412780278431453520 0 0 0 0 0 0 0 0 0 0 0 0 0 0 0 0 0 0 0 0 0 0 0 0 0 0 0 0 0 0 0 0 0 1 0 0 0 0 0 0 0 0 0 0 0 0 0 0 0 0 0 0 0 0 0 0 0 0 0 0 0 0 0 0 0 0 0 0 0 0 0 0 0 0 0 0 0 0 0 0 0 0 0 0 0 0]
[1963350775237755615945115035357002841188877034774425539262519629744467259407930773524680290612415008737575806757336003431947250765682818540299739053165144973034095691684677255293530369798364056655862969790259063168378651908635484728155297387004551131588450478235 0 0 0 0 0 0 0 0 0 0 0 0 0 0 0 0 0 0 0 0 0 0 0 0 0 0 0 0 0 0 0 0 0 0 1 0 0 0 0 0 0 0 0 0 0 0 0 0 0 0 0 0 0 0 0 0 0 0 0 0 0 0 0 0 0 0 0 0 0 0 0 0 0 0 0 0 0 0 0 0 0 0 0 0 0 0]
[1076817937504386459670771368753625742916341090672609848380483724614187058652817212612896923672965500002912266441477849335877466353829414933197576555948102806260638288567887721927833077607214246788969983567108363661866725492854538048119361977518074688331632954902 0 0 0 0 0 0 0 0 0 0 0 0 0 0 0 0 0 0 0 0 0 0 0 0 0 0 0 0 0 0 0 0 0 0 0 1 0 0 0 0 0 0 0 0 0 0 0 0 0 0 0 0 0 0 0 0 0 0 0 0 0 0 0 0 0 0 0 0 0 0 0 0 0 0 0 0 0 0 0 0 0 0 0 0 0 0]
[309356999739035563035100092314385662774937490016628227968373371827298160399255127642733646766173459225749614013975021740822597873537261417853280868649661790364615192703164392686029607094285304299778539277095279046074604403856096731308555428524358312130542865809 0 0 0 0 0 0 0 0 0 0 0 0 0 0 0 0 0 0 0 0 0 0 0 0 0 0 0 0 0 0 0 0 0 0 0 0 1 0 0 0 0 0 0 0 0 0 0 0 0 0 0 0 0 0 0 0 0 0 0 0 0 0 0 0 0 0 0 0 0 0 0 0 0 0 0 0 0 0 0 0 0 0 0 0 0 0]
[4100571293789705498301169549708088099670482389951414202105171971696872818438388631919669490323383673298319365008671606980479304129365088827119863859058598326958902097873218492780466143225325788650233332431345824744388804627539935255664695528340570352230008095280 0 0 0 0 0 0 0 0 0 0 0 0 0 0 0 0 0 0 0 0 0 0 0 0 0 0 0 0 0 0 0 0 0 0 0 0 0 1 0 0 0 0 0 0 0 0 0 0 0 0 0 0 0 0 0 0 0 0 0 0 0 0 0 0 0 0 0 0 0 0 0 0 0 0 0 0 0 0 0 0 0 0 0 0 0 0]
[525425168440988911140883234671514549846650876973698794934654408360693046547328264118418295707997812591141666997401411229903591124743532151396201484219294127339435298142864104928545683011711053226715695047728732464197585699916744785877293260696238887664272009224 0 0 0 0 0 0 0 0 0 0 0 0 0 0 0 0 0 0 0 0 0 0 0 0 0 0 0 0 0 0 0 0 0 0 0 0 0 0 1 0 0 0 0 0 0 0 0 0 0 0 0 0 0 0 0 0 0 0 0 0 0 0 0 0 0 0 0 0 0 0 0 0 0 0 0 0 0 0 0 0 0 0 0 0 0 0]
[858904534478369353899146172112943057421058757315997224269308970118427771911419660378288604575955877507179051045224689851270501838345924356821036726471240494158423359095430303862689770127297678004893399731639544983993704218912525866159387490636753610675436236334 0 0 0 0 0 0 0 0 0 0 0 0 0 0 0 0 0 0 0 0 0 0 0 0 0 0 0 0 0 0 0 0 0 0 0 0 0 0 0 1 0 0 0 0 0 0 0 0 0 0 0 0 0 0 0 0 0 0 0 0 0 0 0 0 0 0 0 0 0 0 0 0 0 0 0 0 0 0 0 0 0 0 0 0 0 0]
[2835417068287206932637514034617261811929801052934727075115980465224194584431243486172548620893797600695546886782202461873672694339982135027277510680612126948962613229985424220672141608918086098591432987446798567578983874596568152859771625355140049985307368495354 0 0 0 0 0 0 0 0 0 0 0 0 0 0 0 0 0 0 0 0 0 0 0 0 0 0 0 0 0 0 0 0 0 0 0 0 0 0 0 0 1 0 0 0 0 0 0 0 0 0 0 0 0 0 0 0 0 0 0 0 0 0 0 0 0 0 0 0 0 0 0 0 0 0 0 0 0 0 0 0 0 0 0 0 0 0]
[1487249530961047564238228086562909831288304003939531683874154249727110322067366817215575656553735150614297562205448139227507486755922031102137842896425655382028047441407798647698275032161353365514018445931287998821407469659357078275831495195317612500371676989880 0 0 0 0 0 0 0 0 0 0 0 0 0 0 0 0 0 0 0 0 0 0 0 0 0 0 0 0 0 0 0 0 0 0 0 0 0 0 0 0 0 1 0 0 0 0 0 0 0 0 0 0 0 0 0 0 0 0 0 0 0 0 0 0 0 0 0 0 0 0 0 0 0 0 0 0 0 0 0 0 0 0 0 0 0 0]
[3722599428843661346930017956926647236098702126143227776168721224778134483838971327450561928146180045324396608060656323829390094756558387789213557145243114924585773572066323017621629027439166190425224670772778713950270432616267966885431381745520738301287551074726 0 0 0 0 0 0 0 0 0 0 0 0 0 0 0 0 0 0 0 0 0 0 0 0 0 0 0 0 0 0 0 0 0 0 0 0 0 0 0 0 0 0 1 0 0 0 0 0 0 0 0 0 0 0 0 0 0 0 0 0 0 0 0 0 0 0 0 0 0 0 0 0 0 0 0 0 0 0 0 0 0 0 0 0 0 0]
[2645558821020493081443393775824075023845932360109303123412272027415501374513170108553268695184918736091024047230813466771086231217888980217379969109754749226072949081576225217839971434884145393939957358542322536169415655377489702870713018148780039010207092853436 0 0 0 0 0 0 0 0 0 0 0 0 0 0 0 0 0 0 0 0 0 0 0 0 0 0 0 0 0 0 0 0 0 0 0 0 0 0 0 0 0 0 0 1 0 0 0 0 0 0 0 0 0 0 0 0 0 0 0 0 0 0 0 0 0 0 0 0 0 0 0 0 0 0 0 0 0 0 0 0 0 0 0 0 0 0]
[3626095154640594796584058196303922727376516020429818319720109921778997623565105818217624716686562777900867133197502891171182299400115522863680124744742276878827305113845374930046914004485332616451790516358422113733812314205421408466057139603809653881266896873520 0 0 0 0 0 0 0 0 0 0 0 0 0 0 0 0 0 0 0 0 0 0 0 0 0 0 0 0 0 0 0 0 0 0 0 0 0 0 0 0 0 0 0 0 1 0 0 0 0 0 0 0 0 0 0 0 0 0 0 0 0 0 0 0 0 0 0 0 0 0 0 0 0 0 0 0 0 0 0 0 0 0 0 0 0 0]
[3373195613344463783786154839506535011190025349013109094536478252320816836685100428485496759727682876876377151435118390841932173677065167922759286623584681201685480811366465520139770626281955342007777625460863889014119560747236872133904194486567278825432151916067 0 0 0 0 0 0 0 0 0 0 0 0 0 0 0 0 0 0 0 0 0 0 0 0 0 0 0 0 0 0 0 0 0 0 0 0 0 0 0 0 0 0 0 0 0 1 0 0 0 0 0 0 0 0 0 0 0 0 0 0 0 0 0 0 0 0 0 0 0 0 0 0 0 0 0 0 0 0 0 0 0 0 0 0 0 0]
[3998528106135281523042967074366266820018871126082242600416812367960444230712010382222707508593673720535462674277595339643495766926708235699636880735596401968254459297352509865646280943314453659564772578012505645931305425035524837874027796237949678725004027411841 0 0 0 0 0 0 0 0 0 0 0 0 0 0 0 0 0 0 0 0 0 0 0 0 0 0 0 0 0 0 0 0 0 0 0 0 0 0 0 0 0 0 0 0 0 0 1 0 0 0 0 0 0 0 0 0 0 0 0 0 0 0 0 0 0 0 0 0 0 0 0 0 0 0 0 0 0 0 0 0 0 0 0 0 0 0]
[2492329884651388671086998076339017700236207953356921625542847195071571598941825814561011671287342408045239448300249809395582256349114352699415908220796934597009549086537571794254854834790636113790921697658570479059876600180548053146505715592771439430412954071090 0 0 0 0 0 0 0 0 0 0 0 0 0 0 0 0 0 0 0 0 0 0 0 0 0 0 0 0 0 0 0 0 0 0 0 0 0 0 0 0 0 0 0 0 0 0 0 1 0 0 0 0 0 0 0 0 0 0 0 0 0 0 0 0 0 0 0 0 0 0 0 0 0 0 0 0 0 0 0 0 0 0 0 0 0 0]
[3547229420491449662438346179904715568300599663622469351569904709065168395372216469998671481764986615735888984845842428384595910732287253749109302051488201599924819418736277714970581270002644913765372597986171454737613429285702632376547177488552596689752634326372 0 0 0 0 0 0 0 0 0 0 0 0 0 0 0 0 0 0 0 0 0 0 0 0 0 0 0 0 0 0 0 0 0 0 0 0 0 0 0 0 0 0 0 0 0 0 0 0 1 0 0 0 0 0 0 0 0 0 0 0 0 0 0 0 0 0 0 0 0 0 0 0 0 0 0 0 0 0 0 0 0 0 0 0 0 0]
[1679747116795482372104900001969242645649568622773436351712421896862283504778311318290098468829809841492413029878102252344200805665107699495745259027157125899528330955601684486289297211164513531644061923081219895554353673253658681922801814184328466708174502394855 0 0 0 0 0 0 0 0 0 0 0 0 0 0 0 0 0 0 0 0 0 0 0 0 0 0 0 0 0 0 0 0 0 0 0 0 0 0 0 0 0 0 0 0 0 0 0 0 0 1 0 0 0 0 0 0 0 0 0 0 0 0 0 0 0 0 0 0 0 0 0 0 0 0 0 0 0 0 0 0 0 0 0 0 0 0]
[3341579862404532683381343879416141200771844425567463725460430631404434595204465671550543102070928527615203107172838851516416834285004153360476463331617424764779341941839272073280974197451153027975077396434448408563303816025997520398146495403242735467815046273137 0 0 0 0 0 0 0 0 0 0 0 0 0 0 0 0 0 0 0 0 0 0 0 0 0 0 0 0 0 0 0 0 0 0 0 0 0 0 0 0 0 0 0 0 0 0 0 0 0 0 1 0 0 0 0 0 0 0 0 0 0 0 0 0 0 0 0 0 0 0 0 0 0 0 0 0 0 0 0 0 0 0 0 0 0 0]
[4328890412227051777666768254641974591791912206176116612198621137027959888869858490296749464783609596648957484781167710758646588317114324613730046067709431328442690341127934212370527014266376411166458151380032475869980601677192199342248756729315182367094822045966 0 0 0 0 0 0 0 0 0 0 0 0 0 0 0 0 0 0 0 0 0 0 0 0 0 0 0 0 0 0 0 0 0 0 0 0 0 0 0 0 0 0 0 0 0 0 0 0 0 0 0 1 0 0 0 0 0 0 0 0 0 0 0 0 0 0 0 0 0 0 0 0 0 0 0 0 0 0 0 0 0 0 0 0 0 0]
[2062356174905566825000009233221991807868949913654584248535378440149229609415708454896779287481308849296142988231651855972660054153325834966760877930499175758149245137967791420534598695006334824934306078670523226488438596471669332816560347860229563091966626419113 0 0 0 0 0 0 0 0 0 0 0 0 0 0 0 0 0 0 0 0 0 0 0 0 0 0 0 0 0 0 0 0 0 0 0 0 0 0 0 0 0 0 0 0 0 0 0 0 0 0 0 0 1 0 0 0 0 0 0 0 0 0 0 0 0 0 0 0 0 0 0 0 0 0 0 0 0 0 0 0 0 0 0 0 0 0]
[3125646828229373543885405346304739307190689446392594411899066834043086920088152886787854975422180630002268443450789907168025793435702092118306689279907254492365947915724375803035397713477496943190349711360586080218053264088362377702571495616267372945806720857100 0 0 0 0 0 0 0 0 0 0 0 0 0 0 0 0 0 0 0 0 0 0 0 0 0 0 0 0 0 0 0 0 0 0 0 0 0 0 0 0 0 0 0 0 0 0 0 0 0 0 0 0 0 1 0 0 0 0 0 0 0 0 0 0 0 0 0 0 0 0 0 0 0 0 0 0 0 0 0 0 0 0 0 0 0 0]
[999766030290887880096234131466234296758502406969637522142116387456965928433796165118154307002130184775308087337465115901599278892238047395732441666514019297354144507525656324771220488300209618174911902222292927404762671680296152381657594495893580879828777152682 0 0 0 0 0 0 0 0 0 0 0 0 0 0 0 0 0 0 0 0 0 0 0 0 0 0 0 0 0 0 0 0 0 0 0 0 0 0 0 0 0 0 0 0 0 0 0 0 0 0 0 0 0 0 1 0 0 0 0 0 0 0 0 0 0 0 0 0 0 0 0 0 0 0 0 0 0 0 0 0 0 0 0 0 0 0]
[1411554582826465175327735189920378281516460051928548257729682589431770070614175250838931462587927934942165227845313159076228573233149725430789435538042119972594991010470173225126738745694973344365850487280386285967538368268787495620615136337135434613507866896657 0 0 0 0 0 0 0 0 0 0 0 0 0 0 0 0 0 0 0 0 0 0 0 0 0 0 0 0 0 0 0 0 0 0 0 0 0 0 0 0 0 0 0 0 0 0 0 0 0 0 0 0 0 0 0 1 0 0 0 0 0 0 0 0 0 0 0 0 0 0 0 0 0 0 0 0 0 0 0 0 0 0 0 0 0 0]
[186351294805290594177123891381701196865714390936466622571738922483873205033164344945584414392111133520781801331104636430773806495239997163208352427640421858680133937930346508810106998612153551250048008218414083604192432680276548108235096648982743467167212533989 0 0 0 0 0 0 0 0 0 0 0 0 0 0 0 0 0 0 0 0 0 0 0 0 0 0 0 0 0 0 0 0 0 0 0 0 0 0 0 0 0 0 0 0 0 0 0 0 0 0 0 0 0 0 0 0 1 0 0 0 0 0 0 0 0 0 0 0 0 0 0 0 0 0 0 0 0 0 0 0 0 0 0 0 0 0]
[2578909058994371713605699402358825712397705008739195404810226719046713363988648203078547462551388979550367940468321788239527204241411310313955152683710703430629403445272041234740714221256405909030207422836167649364307778499476606990783933625769951956431101512036 0 0 0 0 0 0 0 0 0 0 0 0 0 0 0 0 0 0 0 0 0 0 0 0 0 0 0 0 0 0 0 0 0 0 0 0 0 0 0 0 0 0 0 0 0 0 0 0 0 0 0 0 0 0 0 0 0 1 0 0 0 0 0 0 0 0 0 0 0 0 0 0 0 0 0 0 0 0 0 0 0 0 0 0 0 0]
[338647075849137974528877361173830942823908080048278182415715301096231817256902007403240647869860769869194208150067350236283649102932301150957822190540075338084832197834918690698185760714809014721137329110320443405404875286105266404306372126361295501133270579169 0 0 0 0 0 0 0 0 0 0 0 0 0 0 0 0 0 0 0 0 0 0 0 0 0 0 0 0 0 0 0 0 0 0 0 0 0 0 0 0 0 0 0 0 0 0 0 0 0 0 0 0 0 0 0 0 0 0 1 0 0 0 0 0 0 0 0 0 0 0 0 0 0 0 0 0 0 0 0 0 0 0 0 0 0 0]
[344695575249096906186525739634515534178474310328033063652181671538026010823411401823675594765887399643056098131950488973558291406800174478563201593198594974668668959359193518734018319963231605196358115959356898417989785000973225537733654232875818939247317868090 0 0 0 0 0 0 0 0 0 0 0 0 0 0 0 0 0 0 0 0 0 0 0 0 0 0 0 0 0 0 0 0 0 0 0 0 0 0 0 0 0 0 0 0 0 0 0 0 0 0 0 0 0 0 0 0 0 0 0 1 0 0 0 0 0 0 0 0 0 0 0 0 0 0 0 0 0 0 0 0 0 0 0 0 0 0]
[2004556417966177768772431833581490082664239787404102303185536554001876447634237205677590641970747747716073425700679231823756740589695761222534018429123291648086745847914478699658598347973998675857355853183501152241993689224071821883971884486179432683573430184356 0 0 0 0 0 0 0 0 0 0 0 0 0 0 0 0 0 0 0 0 0 0 0 0 0 0 0 0 0 0 0 0 0 0 0 0 0 0 0 0 0 0 0 0 0 0 0 0 0 0 0 0 0 0 0 0 0 0 0 0 1 0 0 0 0 0 0 0 0 0 0 0 0 0 0 0 0 0 0 0 0 0 0 0 0 0]
[1947927401686483728653099473155737016786040771672521737021467510096950190565863584311802701214131787750948755713291059440768697592799731026147606173523563459167069866164721927397462507983724499393387149040860528443326067154458419059534943117398040045718064549528 0 0 0 0 0 0 0 0 0 0 0 0 0 0 0 0 0 0 0 0 0 0 0 0 0 0 0 0 0 0 0 0 0 0 0 0 0 0 0 0 0 0 0 0 0 0 0 0 0 0 0 0 0 0 0 0 0 0 0 0 0 1 0 0 0 0 0 0 0 0 0 0 0 0 0 0 0 0 0 0 0 0 0 0 0 0]
[3169437834810362309831874233656039838444540811450815013324665909717509973957708563887065972916423013375603211396368187381541383913191962852383278545145414496328992630011001370768937535485601989170863032082576601398234199264038121836135928027907266518874348446916 0 0 0 0 0 0 0 0 0 0 0 0 0 0 0 0 0 0 0 0 0 0 0 0 0 0 0 0 0 0 0 0 0 0 0 0 0 0 0 0 0 0 0 0 0 0 0 0 0 0 0 0 0 0 0 0 0 0 0 0 0 0 1 0 0 0 0 0 0 0 0 0 0 0 0 0 0 0 0 0 0 0 0 0 0 0]
[3940867551989857269531301262306429766814713814797324968724823836802197587867063367898802874537949103675367545169229942709204802660638537702805875571245803495678253503234666913944268972031346552245558023664010247294860622424168554104131793945361966891864015832039 0 0 0 0 0 0 0 0 0 0 0 0 0 0 0 0 0 0 0 0 0 0 0 0 0 0 0 0 0 0 0 0 0 0 0 0 0 0 0 0 0 0 0 0 0 0 0 0 0 0 0 0 0 0 0 0 0 0 0 0 0 0 0 1 0 0 0 0 0 0 0 0 0 0 0 0 0 0 0 0 0 0 0 0 0 0]
[1560864602309876908975225332361974895562697445116612646237128453338847172330101067887494970870017729811208594136461199263819005732763486971833471354952972839969560227465953594314670639952323538225780000311430516215860473500866904839701606711499213451384824971152 0 0 0 0 0 0 0 0 0 0 0 0 0 0 0 0 0 0 0 0 0 0 0 0 0 0 0 0 0 0 0 0 0 0 0 0 0 0 0 0 0 0 0 0 0 0 0 0 0 0 0 0 0 0 0 0 0 0 0 0 0 0 0 0 1 0 0 0 0 0 0 0 0 0 0 0 0 0 0 0 0 0 0 0 0 0]
[1319552360911485083362221704290580479044713101604751324347041613840595031885493816655905836790405671500337370423318102053957601594596963018751986599250951762008280383983742634530642765132520853575568039350225694955448425795372606263332348070461584609505791819739 0 0 0 0 0 0 0 0 0 0 0 0 0 0 0 0 0 0 0 0 0 0 0 0 0 0 0 0 0 0 0 0 0 0 0 0 0 0 0 0 0 0 0 0 0 0 0 0 0 0 0 0 0 0 0 0 0 0 0 0 0 0 0 0 0 1 0 0 0 0 0 0 0 0 0 0 0 0 0 0 0 0 0 0 0 0]
[38516319741787497067040775471827906058448353429066238547661109663778559963213293369983934903895494316378754798142887929215305418322004122037354044147643581420977131862000717806179299262345351310925675205926084083516686269389197027510441309476324015471418863367 0 0 0 0 0 0 0 0 0 0 0 0 0 0 0 0 0 0 0 0 0 0 0 0 0 0 0 0 0 0 0 0 0 0 0 0 0 0 0 0 0 0 0 0 0 0 0 0 0 0 0 0 0 0 0 0 0 0 0 0 0 0 0 0 0 0 1 0 0 0 0 0 0 0 0 0 0 0 0 0 0 0 0 0 0 0]
[1072510186001022202390447274523030822882028763228012383448192432583535571208411308926208715172663707729358995236306294316462707599198205768511818083512411002693403842374064891861800063460785297314537180173404386192839677624362216772568661087449074325358036266104 0 0 0 0 0 0 0 0 0 0 0 0 0 0 0 0 0 0 0 0 0 0 0 0 0 0 0 0 0 0 0 0 0 0 0 0 0 0 0 0 0 0 0 0 0 0 0 0 0 0 0 0 0 0 0 0 0 0 0 0 0 0 0 0 0 0 0 1 0 0 0 0 0 0 0 0 0 0 0 0 0 0 0 0 0 0]
[3037848492638321238510925907073710863106358345128700829608971556792808067372544922363867572906242908155033317441359596459302127974433110882269637050246861403276061351876813844778363088502738574170472553024744069400501185733602640447236787122440437140598010805530 0 0 0 0 0 0 0 0 0 0 0 0 0 0 0 0 0 0 0 0 0 0 0 0 0 0 0 0 0 0 0 0 0 0 0 0 0 0 0 0 0 0 0 0 0 0 0 0 0 0 0 0 0 0 0 0 0 0 0 0 0 0 0 0 0 0 0 0 1 0 0 0 0 0 0 0 0 0 0 0 0 0 0 0 0 0]
[2916785820919974876481299457357871305272747915350624011842055815735181234851712085669552085014241996949306635770773273224972432289297541947432446649776375050822150110005081681908122672185768008812344602225434662486140421828146179715150033460792187224349922462429 0 0 0 0 0 0 0 0 0 0 0 0 0 0 0 0 0 0 0 0 0 0 0 0 0 0 0 0 0 0 0 0 0 0 0 0 0 0 0 0 0 0 0 0 0 0 0 0 0 0 0 0 0 0 0 0 0 0 0 0 0 0 0 0 0 0 0 0 0 1 0 0 0 0 0 0 0 0 0 0 0 0 0 0 0 0]
[514890539990543024901818751572659005261447144671537030004971353990368311191293452027248156153021899969622725738383457659798255659731642670173303270705711596421400532306871043575747642953659017735230768937750928762122579732421260577260486927262843178433313922911 0 0 0 0 0 0 0 0 0 0 0 0 0 0 0 0 0 0 0 0 0 0 0 0 0 0 0 0 0 0 0 0 0 0 0 0 0 0 0 0 0 0 0 0 0 0 0 0 0 0 0 0 0 0 0 0 0 0 0 0 0 0 0 0 0 0 0 0 0 0 1 0 0 0 0 0 0 0 0 0 0 0 0 0 0 0]
[3986926570177848539414691251421222104637241242020782388724650262577974230258334566711507368487828160678239131699848288826956354492143504296222017191457505446301023746045751156798328183607773584936268532229776493888694134355517092284065460275772955907868367482083 0 0 0 0 0 0 0 0 0 0 0 0 0 0 0 0 0 0 0 0 0 0 0 0 0 0 0 0 0 0 0 0 0 0 0 0 0 0 0 0 0 0 0 0 0 0 0 0 0 0 0 0 0 0 0 0 0 0 0 0 0 0 0 0 0 0 0 0 0 0 0 1 0 0 0 0 0 0 0 0 0 0 0 0 0 0]
[3473935637781077250314233842963367902759016564775586612100301465512131287945524709431612176336607631221225378855744515948794586497889484677732475054669097920580191207447113304268662987023095711631190268410219393390947346424015517428303344343618011733261461428581 0 0 0 0 0 0 0 0 0 0 0 0 0 0 0 0 0 0 0 0 0 0 0 0 0 0 0 0 0 0 0 0 0 0 0 0 0 0 0 0 0 0 0 0 0 0 0 0 0 0 0 0 0 0 0 0 0 0 0 0 0 0 0 0 0 0 0 0 0 0 0 0 1 0 0 0 0 0 0 0 0 0 0 0 0 0]
[3851126118057780035974107443376212535605954982611389027594042063838576680593752225942911048403375617333976789572454879833251112051296279289142820358791459313667993380287227596326092544052260122116209737424036737815514182030328219193744384094324637108870208716252 0 0 0 0 0 0 0 0 0 0 0 0 0 0 0 0 0 0 0 0 0 0 0 0 0 0 0 0 0 0 0 0 0 0 0 0 0 0 0 0 0 0 0 0 0 0 0 0 0 0 0 0 0 0 0 0 0 0 0 0 0 0 0 0 0 0 0 0 0 0 0 0 0 1 0 0 0 0 0 0 0 0 0 0 0 0]
[922096648807048976930846480649710945881921504328870318185140352016036452795777819100467396892244985135317714050184706016651632539256647851874225268462129009331604731099032405564105513629608062817588374293644051427535847281037849253496441047909709907616799986033 0 0 0 0 0 0 0 0 0 0 0 0 0 0 0 0 0 0 0 0 0 0 0 0 0 0 0 0 0 0 0 0 0 0 0 0 0 0 0 0 0 0 0 0 0 0 0 0 0 0 0 0 0 0 0 0 0 0 0 0 0 0 0 0 0 0 0 0 0 0 0 0 0 0 1 0 0 0 0 0 0 0 0 0 0 0]
[1681137744170682555201088154954603422060805786280618149418323786464726495074534650454986862257051206334669142084347287225856101268037477312087306244209710978028475778410563316767838495482721989986935131171962391234718445459229055163366582813610217587189548414163 0 0 0 0 0 0 0 0 0 0 0 0 0 0 0 0 0 0 0 0 0 0 0 0 0 0 0 0 0 0 0 0 0 0 0 0 0 0 0 0 0 0 0 0 0 0 0 0 0 0 0 0 0 0 0 0 0 0 0 0 0 0 0 0 0 0 0 0 0 0 0 0 0 0 0 1 0 0 0 0 0 0 0 0 0 0]
[990736536905307426902066688282806663802695503530999251110281983601724779079200705064284201543038871943630966266877805408741336861400134702120095757629830366917111957443854521580501688418914300167263692858616532842288669871918029861944242156212343152873544468305 0 0 0 0 0 0 0 0 0 0 0 0 0 0 0 0 0 0 0 0 0 0 0 0 0 0 0 0 0 0 0 0 0 0 0 0 0 0 0 0 0 0 0 0 0 0 0 0 0 0 0 0 0 0 0 0 0 0 0 0 0 0 0 0 0 0 0 0 0 0 0 0 0 0 0 0 1 0 0 0 0 0 0 0 0 0]
[3070324484170598727445452113632384510793331657642616655238654757145558589455217366183150331262166261524933911500282428459601166505557607489285036816890393600750765827980996512419094419703652127529133716251208697934663830015045595812438848617028553086146235761631 0 0 0 0 0 0 0 0 0 0 0 0 0 0 0 0 0 0 0 0 0 0 0 0 0 0 0 0 0 0 0 0 0 0 0 0 0 0 0 0 0 0 0 0 0 0 0 0 0 0 0 0 0 0 0 0 0 0 0 0 0 0 0 0 0 0 0 0 0 0 0 0 0 0 0 0 0 1 0 0 0 0 0 0 0 0]
[3802087389888678571168047169884176275081220639971838905063840304573655553042934836183652114514467795168772995413678670933006363927392757969570185252411034679274648872186885143628678679121382585456588952117493267455206589878403360005093365207998252966821591775169 0 0 0 0 0 0 0 0 0 0 0 0 0 0 0 0 0 0 0 0 0 0 0 0 0 0 0 0 0 0 0 0 0 0 0 0 0 0 0 0 0 0 0 0 0 0 0 0 0 0 0 0 0 0 0 0 0 0 0 0 0 0 0 0 0 0 0 0 0 0 0 0 0 0 0 0 0 0 1 0 0 0 0 0 0 0]
[3358150634936993023071356727403811575171523449275821320603135397308711754030399003048099411877881155978649546363999936168095730337178997612437493535913332057109453069593882687735340559081626141728278366388113453839481706963544980665826575253289956559186267037191 0 0 0 0 0 0 0 0 0 0 0 0 0 0 0 0 0 0 0 0 0 0 0 0 0 0 0 0 0 0 0 0 0 0 0 0 0 0 0 0 0 0 0 0 0 0 0 0 0 0 0 0 0 0 0 0 0 0 0 0 0 0 0 0 0 0 0 0 0 0 0 0 0 0 0 0 0 0 0 1 0 0 0 0 0 0]
[686064384572243071838732526070287948308548269693736919262285117006423565270693651139779518034660864307603158125566895286556608555122752105167460167137103963298106702681735912006751569421930685275987596275414944222496312524305355290248021680398897038585263811857 0 0 0 0 0 0 0 0 0 0 0 0 0 0 0 0 0 0 0 0 0 0 0 0 0 0 0 0 0 0 0 0 0 0 0 0 0 0 0 0 0 0 0 0 0 0 0 0 0 0 0 0 0 0 0 0 0 0 0 0 0 0 0 0 0 0 0 0 0 0 0 0 0 0 0 0 0 0 0 0 1 0 0 0 0 0]
[4281061011623106144532959759083052176785175457203283709837388484629522986443814234140882752305597094622183110334542734426274801973341448132991391096202887809331725097208737974000063828594902596569102828391530332060514345009788640710740500282391661517741187623219 0 0 0 0 0 0 0 0 0 0 0 0 0 0 0 0 0 0 0 0 0 0 0 0 0 0 0 0 0 0 0 0 0 0 0 0 0 0 0 0 0 0 0 0 0 0 0 0 0 0 0 0 0 0 0 0 0 0 0 0 0 0 0 0 0 0 0 0 0 0 0 0 0 0 0 0 0 0 0 0 0 1 0 0 0 0]
[2637291117463336486353981918143695857658466438756049217006358940549442285026228799328969206017344057806317390287793795256236365219892755819164251732538529592884492586254560263639329611912120545103268692095032318657300158437602178398779556586453195320552325876090 0 0 0 0 0 0 0 0 0 0 0 0 0 0 0 0 0 0 0 0 0 0 0 0 0 0 0 0 0 0 0 0 0 0 0 0 0 0 0 0 0 0 0 0 0 0 0 0 0 0 0 0 0 0 0 0 0 0 0 0 0 0 0 0 0 0 0 0 0 0 0 0 0 0 0 0 0 0 0 0 0 0 1 0 0 0]
[334396249294194733233895377453821972932669238207048107335003054041991041109587763699798930692796873581576110904054190357193461599334570814044206150278445480759636064407050603172858584643519384136998079358014754034174459215985884674060085492150698518209116840588 0 0 0 0 0 0 0 0 0 0 0 0 0 0 0 0 0 0 0 0 0 0 0 0 0 0 0 0 0 0 0 0 0 0 0 0 0 0 0 0 0 0 0 0 0 0 0 0 0 0 0 0 0 0 0 0 0 0 0 0 0 0 0 0 0 0 0 0 0 0 0 0 0 0 0 0 0 0 0 0 0 0 0 1 0 0]
[3535287597787597893622129771195737538708766311581685268905350540875919353990697969997189277675139483999491099698072389129192938409944068271898254551257895538174769204919510737977532566768008058067660121825193739149316774306532040033881085821237153091995552664694 0 0 0 0 0 0 0 0 0 0 0 0 0 0 0 0 0 0 0 0 0 0 0 0 0 0 0 0 0 0 0 0 0 0 0 0 0 0 0 0 0 0 0 0 0 0 0 0 0 0 0 0 0 0 0 0 0 0 0 0 0 0 0 0 0 0 0 0 0 0 0 0 0 0 0 0 0 0 0 0 0 0 0 0 1 0]
[1922615931199391779590031322198583065649058651234111178706118734989988952230298210328109556220608339532407526119312916120199143931458998351833709140847820545741293125806040899549448778348314247868165934434064546624790115791555942330095251083518435066426952881904 0 0 0 0 0 0 0 0 0 0 0 0 0 0 0 0 0 0 0 0 0 0 0 0 0 0 0 0 0 0 0 0 0 0 0 0 0 0 0 0 0 0 0 0 0 0 0 0 0 0 0 0 0 0 0 0 0 0 0 0 0 0 0 0 0 0 0 0 0 0 0 0 0 0 0 0 0 0 0 0 0 0 0 0 0 1]
]
