[[4472075940896969227187109984111829585590470627384687220824204433224116626763396969742867333730119620666591957679152572010500042001284523530313172803805758219840314534754865879164726056193460286550808154661675319480903486012998829976518896193979644660389184678101 0 0 0 0 0 0 0 0 0 0 0 0 0 0 0 0 0 0 0 0 0 0 0 0 0 0 0 0 0 0 0 0 0 0 0 0 0 0 0 0 0 0 0 0 0 0 0 0 0 0 0 0 0 0 0 0 0 0 0 0 0 0 0 0 0 0 0 0 0 0 0 0 0 0 0 0 0 0 0 0 0 0 0 0 0 0]
[1123904527660516104671211055838426855947171280110205523688662450755824261036766095418851144756406777823520947802002345894690698424608854489794833658855449661705183315729072091440778598306358993941000914685851104778096395201431288805166116856536104954350330469148 1 0 0 0 0 0 0 0 0 0 0 0 0 0 0 0 0 0 0 0 0 0 0 0 0 0 0 0 0 0 0 0 0 0 0 0 0 0 0 0 0 0 0 0 0 0 0 0 0 0 0 0 0 0 0 0 0 0 0 0 0 0 0 0 0 0 0 0 0 0 0 0 0 0 0 0 0 0 0 0 0 0 0 0 0 0]
[124585962160973653544135387477900012741797018430337980761053816469840334306203038072069619053266612705542483556128131905895419512171963146648087748046527627597154553027840517197260116230325446573417268301465212999519034204180995004442820072967352949539611113358 0 1 0 0 0 0 0 0 0 0 0 0 0 0 0 0 0 0 0 0 0 0 0 0 0 0 0 0 0 0 0 0 0 0 0 0 0 0 0 0 0 0 0 0 0 0 0 0 0 0 0 0 0 0 0 0 0 0 0 0 0 0 0 0 0 0 0 0 0 0 0 0 0 0 0 0 0 0 0 0 0 0 0 0 0 0]
[1508711868291174301440528554042574636044530982369345989426219187221282818448506335239584960062389365278724061533053682003682993874195286151862667662325798133132009524316473040393465863752206784213226080842644698786584730881361821492454096997564876917353784825406 0 0 1 0 0 0 0 0 0 0 0 0 0 0 0 0 0 0 0 0 0 0 0 0 0 0 0 0 0 0 0 0 0 0 0 0 0 0 0 0 0 0 0 0 0 0 0 0 0 0 0 0 0 0 0 0 0 0 0 0 0 0 0 0 0 0 0 0 0 0 0 0 0 0 0 0 0 0 0 0 0 0 0 0 0 0]
[819450163665593614026507578328474996163548841811544420565749734863818324047755808471470860285873269569909557247024417420926027230092610417537023730903217941435395832264791428669439739680939595158457960800049233763614543625807505738524735797845750668606485733794 0 0 0 1 0 0 0 0 0 0 0 0 0 0 0 0 0 0 0 0 0 0 0 0 0 0 0 0 0 0 0 0 0 0 0 0 0 0 0 0 0 0 0 0 0 0 0 0 0 0 0 0 0 0 0 0 0 0 0 0 0 0 0 0 0 0 0 0 0 0 0 0 0 0 0 0 0 0 0 0 0 0 0 0 0 0]
[3058975382934159509640839015005995790855844356217553041180988005453796404177710885165308613974295764228923255218979401748108208050628226813670652057707328754645837968202619913713374963629539203831714147203500896653555829525062512772740284472433170814940065731544 0 0 0 0 1 0 0 0 0 0 0 0 0 0 0 0 0 0 0 0 0 0 0 0 0 0 0 0 0 0 0 0 0 0 0 0 0 0 0 0 0 0 0 0 0 0 0 0 0 0 0 0 0 0 0 0 0 0 0 0 0 0 0 0 0 0 0 0 0 0 0 0 0 0 0 0 0 0 0 0 0 0 0 0 0 0]
[2640674675802250350165217888549514716686708006210141936365459409652673008216078775161948242392171785299553692080076334106428280343002765392304134442846772442443894241180418714574150985703832904565309057879681011604864044940550192703360446040836568052757989634194 0 0 0 0 0 1 0 0 0 0 0 0 0 0 0 0 0 0 0 0 0 0 0 0 0 0 0 0 0 0 0 0 0 0 0 0 0 0 0 0 0 0 0 0 0 0 0 0 0 0 0 0 0 0 0 0 0 0 0 0 0 0 0 0 0 0 0 0 0 0 0 0 0 0 0 0 0 0 0 0 0 0 0 0 0 0]
[1450448945092275586333266121747504629813742131484359034372094662629434059436266754113879059950505181143120157332964278930612287477060039637004151188642158224522869072244526444546855671920271748903060887069922110047033146018879176539608340813338961527842231774457 0 0 0 0 0 0 1 0 0 0 0 0 0 0 0 0 0 0 0 0 0 0 0 0 0 0 0 0 0 0 0 0 0 0 0 0 0 0 0 0 0 0 0 0 0 0 0 0 0 0 0 0 0 0 0 0 0 0 0 0 0 0 0 0 0 0 0 0 0 0 0 0 0 0 0 0 0 0 0 0 0 0 0 0 0 0]
[2226202720505392271086428392634822147091172956659549245636587987705669269489970019094405344429446679401893450529358577725213382388928224576230569776828784107144193966663387234539319090823799777112475374573258573903870055266185501880353439157665978189825689067446 0 0 0 0 0 0 0 1 0 0 0 0 0 0 0 0 0 0 0 0 0 0 0 0 0 0 0 0 0 0 0 0 0 0 0 0 0 0 0 0 0 0 0 0 0 0 0 0 0 0 0 0 0 0 0 0 0 0 0 0 0 0 0 0 0 0 0 0 0 0 0 0 0 0 0 0 0 0 0 0 0 0 0 0 0 0]
[2220831286305717754596598405468231912125925701644656499021387360648193143277286815867999586344922945167589382723399462608753775496133283909425431869835053728462306231480267326147834695865965936042847740855357087483409091991713162793763220950098146338041308950428 0 0 0 0 0 0 0 0 1 0 0 0 0 0 0 0 0 0 0 0 0 0 0 0 0 0 0 0 0 0 0 0 0 0 0 0 0 0 0 0 0 0 0 0 0 0 0 0 0 0 0 0 0 0 0 0 0 0 0 0 0 0 0 0 0 0 0 0 0 0 0 0 0 0 0 0 0 0 0 0 0 0 0 0 0 0]
[3817155813979814778349844845503078784701384076390100017363308582437481662216282662884101528042242744699681735233849600473105739720914661496263039451960968798271054386581598067512366118408880749515894031311541923125339101404369512995143667609723639973139795368911 0 0 0 0 0 0 0 0 0 1 0 0 0 0 0 0 0 0 0 0 0 0 0 0 0 0 0 0 0 0 0 0 0 0 0 0 0 0 0 0 0 0 0 0 0 0 0 0 0 0 0 0 0 0 0 0 0 0 0 0 0 0 0 0 0 0 0 0 0 0 0 0 0 0 0 0 0 0 0 0 0 0 0 0 0 0]
[739151567057980644905501825523494509521771587278513854162006109342654716249411848291272108282120188506082585756020513532129804548360518443198276079692224639566630247338886780779859634612611907661228760160166300814030873733295949983771454023744955126246429864853 0 0 0 0 0 0 0 0 0 0 1 0 0 0 0 0 0 0 0 0 0 0 0 0 0 0 0 0 0 0 0 0 0 0 0 0 0 0 0 0 0 0 0 0 0 0 0 0 0 0 0 0 0 0 0 0 0 0 0 0 0 0 0 0 0 0 0 0 0 0 0 0 0 0 0 0 0 0 0 0 0 0 0 0 0 0]
[908584185755953106418870185084753703502835016389263686380417422113261666261282395123951625250253204810395117859072733041573529857976292818307146312844042300872068278271636166259622199028021449482673501183689966379677723304063007334181521142524456676448252870803 0 0 0 0 0 0 0 0 0 0 0 1 0 0 0 0 0 0 0 0 0 0 0 0 0 0 0 0 0 0 0 0 0 0 0 0 0 0 0 0 0 0 0 0 0 0 0 0 0 0 0 0 0 0 0 0 0 0 0 0 0 0 0 0 0 0 0 0 0 0 0 0 0 0 0 0 0 0 0 0 0 0 0 0 0 0]
[2024284711730177209922044208933801552674164154153271162974661403392424697050951847172597062396894026684871557282289627154243663622036625859870694749302423992250836613150655714266252023248426456182732527407186689979085724606662366715166995052753579501438716797348 0 0 0 0 0 0 0 0 0 0 0 0 1 0 0 0 0 0 0 0 0 0 0 0 0 0 0 0 0 0 0 0 0 0 0 0 0 0 0 0 0 0 0 0 0 0 0 0 0 0 0 0 0 0 0 0 0 0 0 0 0 0 0 0 0 0 0 0 0 0 0 0 0 0 0 0 0 0 0 0 0 0 0 0 0 0]
[2514218890088091358770222217477074334892901448101250313091554205735899261894854386388108169779530750732614520521117295168663794552300101947181403600652016721248778598858847432673470342403948173731839326121484555745455154578913269538123944535413435114735304509013 0 0 0 0 0 0 0 0 0 0 0 0 0 1 0 0 0 0 0 0 0 0 0 0 0 0 0 0 0 0 0 0 0 0 0 0 0 0 0 0 0 0 0 0 0 0 0 0 0 0 0 0 0 0 0 0 0 0 0 0 0 0 0 0 0 0 0 0 0 0 0 0 0 0 0 0 0 0 0 0 0 0 0 0 0 0]
[232640834602045057786040200991570266001406183927490949374447174528571936006385877899470033850857064300944682483889131772130220002760504669151005853309879501248409965399020829311367624603350145079651139571442107523914363343238995276686397007563065573534060403256 0 0 0 0 0 0 0 0 0 0 0 0 0 0 1 0 0 0 0 0 0 0 0 0 0 0 0 0 0 0 0 0 0 0 0 0 0 0 0 0 0 0 0 0 0 0 0 0 0 0 0 0 0 0 0 0 0 0 0 0 0 0 0 0 0 0 0 0 0 0 0 0 0 0 0 0 0 0 0 0 0 0 0 0 0 0]
[2490460108735180455906174036064791300870442658342730965498655686409587292277198242069712840460850311993981481180804698613569940770884993135848282176832689817670741582922682118978519520157764974941511996310242967090190403994790503297958576108884609759110252534814 0 0 0 0 0 0 0 0 0 0 0 0 0 0 0 1 0 0 0 0 0 0 0 0 0 0 0 0 0 0 0 0 0 0 0 0 0 0 0 0 0 0 0 0 0 0 0 0 0 0 0 0 0 0 0 0 0 0 0 0 0 0 0 0 0 0 0 0 0 0 0 0 0 0 0 0 0 0 0 0 0 0 0 0 0 0]
[3035926868055781452720778372123251271787784561394871981104607687318943012789488971996966836661224233827390177281315750170079366987946561038279873936416047359033538969977887355999276837081678223980637047944822923118597101587561142076795173116943521314543869054277 0 0 0 0 0 0 0 0 0 0 0 0 0 0 0 0 1 0 0 0 0 0 0 0 0 0 0 0 0 0 0 0 0 0 0 0 0 0 0 0 0 0 0 0 0 0 0 0 0 0 0 0 0 0 0 0 0 0 0 0 0 0 0 0 0 0 0 0 0 0 0 0 0 0 0 0 0 0 0 0 0 0 0 0 0 0]
[3296861563946858809487497910880520852825845256164361462108057294156295601351255496119785899100821452410316819781562080727997290265400717282566684824880315363438679864369514157407513978519079582362520917170684697230809814716857037897289459632909361065547908925023 0 0 0 0 0 0 0 0 0 0 0 0 0 0 0 0 0 1 0 0 0 0 0 0 0 0 0 0 0 0 0 0 0 0 0 0 0 0 0 0 0 0 0 0 0 0 0 0 0 0 0 0 0 0 0 0 0 0 0 0 0 0 0 0 0 0 0 0 0 0 0 0 0 0 0 0 0 0 0 0 0 0 0 0 0 0]
[1354199496568801807172976112252128694170813290539058146454865098193726496032385762730520295245826256308160532170107313709258546377027081696874369300084959951780874525637941145911063855022227936581706033118314718209890408853200452749964204635317385455499567696140 0 0 0 0 0 0 0 0 0 0 0 0 0 0 0 0 0 0 1 0 0 0 0 0 0 0 0 0 0 0 0 0 0 0 0 0 0 0 0 0 0 0 0 0 0 0 0 0 0 0 0 0 0 0 0 0 0 0 0 0 0 0 0 0 0 0 0 0 0 0 0 0 0 0 0 0 0 0 0 0 0 0 0 0 0 0]
[2813533755599719405112575528000140229979790092128124974754524864333540688695328596678661232290914081109981241273320941887244914028802731123477041312345798684315221394840491531225697226391178039725927119966759298974561466409110530429157791067297319384035450761878 0 0 0 0 0 0 0 0 0 0 0 0 0 0 0 0 0 0 0 1 0 0 0 0 0 0 0 0 0 0 0 0 0 0 0 0 0 0 0 0 0 0 0 0 0 0 0 0 0 0 0 0 0 0 0 0 0 0 0 0 0 0 0 0 0 0 0 0 0 0 0 0 0 0 0 0 0 0 0 0 0 0 0 0 0 0]
[987791895814487017905019912342996792090376916291685088876084011219290231181126302364675138447835121747259558380835778928633172119064452260588345592303959126212754717010440507502567787906222821054102263639101769419836305096812688354755375150416194660190153099871 0 0 0 0 0 0 0 0 0 0 0 0 0 0 0 0 0 0 0 0 1 0 0 0 0 0 0 0 0 0 0 0 0 0 0 0 0 0 0 0 0 0 0 0 0 0 0 0 0 0 0 0 0 0 0 0 0 0 0 0 0 0 0 0 0 0 0 0 0 0 0 0 0 0 0 0 0 0 0 0 0 0 0 0 0 0]
[2164532834054873170500731716222602276110732707950714765083877541053613542042100556631007753569566712351118324946577930579908805227204847735783647078611995934004645354301994269484908933805689734021324196090696158210019796308581490646493012418365664611284278264718 0 0 0 0 0 0 0 0 0 0 0 0 0 0 0 0 0 0 0 0 0 1 0 0 0 0 0 0 0 0 0 0 0 0 0 0 0 0 0 0 0 0 0 0 0 0 0 0 0 0 0 0 0 0 0 0 0 0 0 0 0 0 0 0 0 0 0 0 0 0 0 0 0 0 0 0 0 0 0 0 0 0 0 0 0 0]
[2843005853105590967911888687757720730544855738824468275371268545862755680620409458431169487164639771783583755886925736293641841922518601483756859446439252044093811892263062819387450689516692639466844801211616098571257581790991381511497925948250578344444722084210 0 0 0 0 0 0 0 0 0 0 0 0 0 0 0 0 0 0 0 0 0 0 1 0 0 0 0 0 0 0 0 0 0 0 0 0 0 0 0 0 0 0 0 0 0 0 0 0 0 0 0 0 0 0 0 0 0 0 0 0 0 0 0 0 0 0 0 0 0 0 0 0 0 0 0 0 0 0 0 0 0 0 0 0 0 0]
[2464091644950659421142181049775317240155469667689799936505400201669452941681630404242073148191711968134213609926298642007323532436608731842727712256096909825316247786247206471416510385861527928590981140604859226325306721014960521650593634786667516267958063257295 0 0 0 0 0 0 0 0 0 0 0 0 0 0 0 0 0 0 0 0 0 0 0 1 0 0 0 0 0 0 0 0 0 0 0 0 0 0 0 0 0 0 0 0 0 0 0 0 0 0 0 0 0 0 0 0 0 0 0 0 0 0 0 0 0 0 0 0 0 0 0 0 0 0 0 0 0 0 0 0 0 0 0 0 0 0]
[791255603544233631397017205355107849483096345706449732687557737543408524835372682742506377657602911676696464128904176368569592313575198226645035272060434164146359355564160055263997418821234795800169997771426553995704510364675322487843943269988589911112571397955 0 0 0 0 0 0 0 0 0 0 0 0 0 0 0 0 0 0 0 0 0 0 0 0 1 0 0 0 0 0 0 0 0 0 0 0 0 0 0 0 0 0 0 0 0 0 0 0 0 0 0 0 0 0 0 0 0 0 0 0 0 0 0 0 0 0 0 0 0 0 0 0 0 0 0 0 0 0 0 0 0 0 0 0 0 0]
[607219567038620282879797140857367703161392797767962079957383562238487949661373936851454115709862916280505755630076967961149282697851374732080687662226581274550236048364055931234172266029203899181129190469942179383675774796664714131621655384713039934015602999496 0 0 0 0 0 0 0 0 0 0 0 0 0 0 0 0 0 0 0 0 0 0 0 0 0 1 0 0 0 0 0 0 0 0 0 0 0 0 0 0 0 0 0 0 0 0 0 0 0 0 0 0 0 0 0 0 0 0 0 0 0 0 0 0 0 0 0 0 0 0 0 0 0 0 0 0 0 0 0 0 0 0 0 0 0 0]
[1686092260364553565433464404528120841658471352929980667047945304084548195879776564887873619529720973491261613427573476333878008060728677907603126305434098834621709194600792985929549719826792020260299878007408000272929839232287651502803068103553692699497974845659 0 0 0 0 0 0 0 0 0 0 0 0 0 0 0 0 0 0 0 0 0 0 0 0 0 0 1 0 0 0 0 0 0 0 0 0 0 0 0 0 0 0 0 0 0 0 0 0 0 0 0 0 0 0 0 0 0 0 0 0 0 0 0 0 0 0 0 0 0 0 0 0 0 0 0 0 0 0 0 0 0 0 0 0 0 0]
[2923720466891877115433720277277871539728114458621554325765452979916383468436186322325433469641037784486697546773579124437741621370462846449880623054101049110295313430290102525321780531188914047252706270307347568577076140024438297649418900972853269672770461346247 0 0 0 0 0 0 0 0 0 0 0 0 0 0 0 0 0 0 0 0 0 0 0 0 0 0 0 1 0 0 0 0 0 0 0 0 0 0 0 0 0 0 0 0 0 0 0 0 0 0 0 0 0 0 0 0 0 0 0 0 0 0 0 0 0 0 0 0 0 0 0 0 0 0 0 0 0 0 0 0 0 0 0 0 0 0]
[806163388478054682032684849725228236891788594507562961969235109484645549175661617423059865710058645136098312602660194465057108326396691002715940424257945741556257401867738096530579789724785299432616190270341241238173938056982744882462803019650164258201796663862 0 0 0 0 0 0 0 0 0 0 0 0 0 0 0 0 0 0 0 0 0 0 0 0 0 0 0 0 1 0 0 0 0 0 0 0 0 0 0 0 0 0 0 0 0 0 0 0 0 0 0 0 0 0 0 0 0 0 0 0 0 0 0 0 0 0 0 0 0 0 0 0 0 0 0 0 0 0 0 0 0 0 0 0 0 0]
[82568238340760024946535174890537823133459376398733482011827766995174137138549584954639630689910007334978811492357494523546812722079809005700144779785496958921186144307746982567923444645095010919425549298906196373982804980509622530724361354845532107775733886518 0 0 0 0 0 0 0 0 0 0 0 0 0 0 0 0 0 0 0 0 0 0 0 0 0 0 0 0 0 1 0 0 0 0 0 0 0 0 0 0 0 0 0 0 0 0 0 0 0 0 0 0 0 0 0 0 0 0 0 0 0 0 0 0 0 0 0 0 0 0 0 0 0 0 0 0 0 0 0 0 0 0 0 0 0 0]
[3845951738029887237855726297259880600220178760429252173911908638459893265103292595917728448704227745846815444375253361983691539138833599423265742311393649467546587731593821874752201711611325477936199749642702384412884027285821062572179814893273976056818993213123 0 0 0 0 0 0 0 0 0 0 0 0 0 0 0 0 0 0 0 0 0 0 0 0 0 0 0 0 0 0 1 0 0 0 0 0 0 0 0 0 0 0 0 0 0 0 0 0 0 0 0 0 0 0 0 0 0 0 0 0 0 0 0 0 0 0 0 0 0 0 0 0 0 0 0 0 0 0 0 0 0 0 0 0 0 0]
[683163787271317536071970677400197396185685314942594289519083511837580406296855548150245907408524173868016093142242181317491692653990969340856376406429894416869815230207528399419445558101641156035369135299658737082409254522480106756909480014625370566374808764207 0 0 0 0 0 0 0 0 0 0 0 0 0 0 0 0 0 0 0 0 0 0 0 0 0 0 0 0 0 0 0 1 0 0 0 0 0 0 0 0 0 0 0 0 0 0 0 0 0 0 0 0 0 0 0 0 0 0 0 0 0 0 0 0 0 0 0 0 0 0 0 0 0 0 0 0 0 0 0 0 0 0 0 0 0 0]
[1461482289365018028894120265459511020130435333622495045550995317703844010191865085535066062245707031558218809818269303658574495719448076316700051462995385808597517760762478423927701213819681047809395483116231618844742747024386232273598135729423932837394063139597 0 0 0 0 0 0 0 0 0 0 0 0 0 0 0 0 0 0 0 0 0 0 0 0 0 0 0 0 0 0 0 0 1 0 0 0 0 0 0 0 0 0 0 0 0 0 0 0 0 0 0 0 0 0 0 0 0 0 0 0 0 0 0 0 0 0 0 0 0 0 0 0 0 0 0 0 0 0 0 0 0 0 0 0 0 0]
[120549242247577734737302285574862128363694390225779318967769289399722071900095780460746805442533970595898358617990101796966245955502480390659642622151599530572205275291706464614990037482693651242639954805173704190912933723430935830924352893218242332091754414897 0 0 0 0 0 0 0 0 0 0 0 0 0 0 0 0 0 0 0 0 0 0 0 0 0 0 0 0 0 0 0 0 0 1 0 0 0 0 0 0 0 0 0 0 0 0 0 0 0 0 0 0 0 0 0 0 0 0 0 0 0 0 0 0 0 0 0 0 0 0 0 0 0 0 0 0 0 0 0 0 0 0 0 0 0 0]
[2222954136188412003864448139880466422543091482450070673908836301992482655716114913930087141500101349759672412231488903769922012566090894742146928994937923260051030493425544149713073842258371180488379916581605198686072378063307119303808711188421456523597651535278 0 0 0 0 0 0 0 0 0 0 0 0 0 0 0 0 0 0 0 0 0 0 0 0 0 0 0 0 0 0 0 0 0 0 1 0 0 0 0 0 0 0 0 0 0 0 0 0 0 0 0 0 0 0 0 0 0 0 0 0 0 0 0 0 0 0 0 0 0 0 0 0 0 0 0 0 0 0 0 0 0 0 0 0 0 0]
[4457352273445117018169519238799920384013534362651625072979416061668506428827835420690584730196462111030621352301611481874175593867376570728183550216192486720337329845402444647778768639838329780532169338556386362732215031482385333398942717880717859344242833025625 0 0 0 0 0 0 0 0 0 0 0 0 0 0 0 0 0 0 0 0 0 0 0 0 0 0 0 0 0 0 0 0 0 0 0 1 0 0 0 0 0 0 0 0 0 0 0 0 0 0 0 0 0 0 0 0 0 0 0 0 0 0 0 0 0 0 0 0 0 0 0 0 0 0 0 0 0 0 0 0 0 0 0 0 0 0]
[100692221631774390094900561771759994608347596250583732385760417233589416260352456295599438493724609568280911756840441996234043167595785682939592529266725693504429702876481235183634515540845418304022677056577915537705481285082368798618882988151749839337800837097 0 0 0 0 0 0 0 0 0 0 0 0 0 0 0 0 0 0 0 0 0 0 0 0 0 0 0 0 0 0 0 0 0 0 0 0 1 0 0 0 0 0 0 0 0 0 0 0 0 0 0 0 0 0 0 0 0 0 0 0 0 0 0 0 0 0 0 0 0 0 0 0 0 0 0 0 0 0 0 0 0 0 0 0 0 0]
[3511697547840264969116356810176893974761188192415789585797521032443941180225894756885382107782924723759217438313787720493435623775928757891212915177649059444788703671071758956905875865996929809719141880230801673772091849798212911791267684164354835173960259507137 0 0 0 0 0 0 0 0 0 0 0 0 0 0 0 0 0 0 0 0 0 0 0 0 0 0 0 0 0 0 0 0 0 0 0 0 0 1 0 0 0 0 0 0 0 0 0 0 0 0 0 0 0 0 0 0 0 0 0 0 0 0 0 0 0 0 0 0 0 0 0 0 0 0 0 0 0 0 0 0 0 0 0 0 0 0]
[540336530401453457741896325001052667843422116506521921365466739508807705186548447607964199271479278235998614898364476973471334814565349346856540842543256060749487390080018242626362018752866304599103291817227643940376144397043941048590031174389922556146322443131 0 0 0 0 0 0 0 0 0 0 0 0 0 0 0 0 0 0 0 0 0 0 0 0 0 0 0 0 0 0 0 0 0 0 0 0 0 0 1 0 0 0 0 0 0 0 0 0 0 0 0 0 0 0 0 0 0 0 0 0 0 0 0 0 0 0 0 0 0 0 0 0 0 0 0 0 0 0 0 0 0 0 0 0 0 0]
[3729419503481482723057644047531638496259150077414488091828933355072541769852909980863422027802804462908684705979154826649624725320321194997367331102020866634866402342639373853604885682332777816176786159438921190864189630936985437047627258568333369847231347712523 0 0 0 0 0 0 0 0 0 0 0 0 0 0 0 0 0 0 0 0 0 0 0 0 0 0 0 0 0 0 0 0 0 0 0 0 0 0 0 1 0 0 0 0 0 0 0 0 0 0 0 0 0 0 0 0 0 0 0 0 0 0 0 0 0 0 0 0 0 0 0 0 0 0 0 0 0 0 0 0 0 0 0 0 0 0]
[2779002326399442991828000916151991206436012968883163371661220040768062612648651922473258356842980701842127583199537042510165114072578708136013777684774808974985109329129114656301636334041632952334409522201932089955294427905989614690814236933099352511901052020846 0 0 0 0 0 0 0 0 0 0 0 0 0 0 0 0 0 0 0 0 0 0 0 0 0 0 0 0 0 0 0 0 0 0 0 0 0 0 0 0 1 0 0 0 0 0 0 0 0 0 0 0 0 0 0 0 0 0 0 0 0 0 0 0 0 0 0 0 0 0 0 0 0 0 0 0 0 0 0 0 0 0 0 0 0 0]
[3143695780433970358316125076866652094218282918868433768538281779343175460402082037224648081815333107217361876411936796523534754086257839850784070244100157805548119606807214927942836024181970041721275379930136039196372126457098478568104316586423819637849055907341 0 0 0 0 0 0 0 0 0 0 0 0 0 0 0 0 0 0 0 0 0 0 0 0 0 0 0 0 0 0 0 0 0 0 0 0 0 0 0 0 0 1 0 0 0 0 0 0 0 0 0 0 0 0 0 0 0 0 0 0 0 0 0 0 0 0 0 0 0 0 0 0 0 0 0 0 0 0 0 0 0 0 0 0 0 0]
[3442343180520975616266978044345734582728939164191316936335420960976554237027948688912458945695585731835872508370736246529325713179989779877326964749483957818311859524994050454953294603271922400961834531324092513260404481880238890092538104496619505169233448601682 0 0 0 0 0 0 0 0 0 0 0 0 0 0 0 0 0 0 0 0 0 0 0 0 0 0 0 0 0 0 0 0 0 0 0 0 0 0 0 0 0 0 1 0 0 0 0 0 0 0 0 0 0 0 0 0 0 0 0 0 0 0 0 0 0 0 0 0 0 0 0 0 0 0 0 0 0 0 0 0 0 0 0 0 0 0]
[1734419697467074868157177803474168981862140651767470786952995148031719286204985016795492044386710912241207318400778321377937975408502092524538749519496685587286486059036751582818613599205308540192852305717924847744815789385411236508055475920271027204159314436690 0 0 0 0 0 0 0 0 0 0 0 0 0 0 0 0 0 0 0 0 0 0 0 0 0 0 0 0 0 0 0 0 0 0 0 0 0 0 0 0 0 0 0 1 0 0 0 0 0 0 0 0 0 0 0 0 0 0 0 0 0 0 0 0 0 0 0 0 0 0 0 0 0 0 0 0 0 0 0 0 0 0 0 0 0 0]
[1321731466247245119669961611504014704690527581913936735565210255384478250165560659539731778182212121417124493034091072813649015665681114208177466172615600009094107100640072482045955215832880915110132465588605479967566735189451583165926002613057267246620875039440 0 0 0 0 0 0 0 0 0 0 0 0 0 0 0 0 0 0 0 0 0 0 0 0 0 0 0 0 0 0 0 0 0 0 0 0 0 0 0 0 0 0 0 0 1 0 0 0 0 0 0 0 0 0 0 0 0 0 0 0 0 0 0 0 0 0 0 0 0 0 0 0 0 0 0 0 0 0 0 0 0 0 0 0 0 0]
[720602110203723144457704996992702345168633010420724327216939464459511987497920219069117444561132179973653224672940046066696202612850114606521409673756029528983703996537170151014743631510481015990763119067420850063435999921469585490242840610573421789270342661873 0 0 0 0 0 0 0 0 0 0 0 0 0 0 0 0 0 0 0 0 0 0 0 0 0 0 0 0 0 0 0 0 0 0 0 0 0 0 0 0 0 0 0 0 0 1 0 0 0 0 0 0 0 0 0 0 0 0 0 0 0 0 0 0 0 0 0 0 0 0 0 0 0 0 0 0 0 0 0 0 0 0 0 0 0 0]
[4396505592680828571733803834424892761855444499833794954424126451165071000221102825356863679355341850086870332026193468179771498884427812320556602439361184953116304405393140188173812627311377847361982925387407396072610196325011311160772975865292687501921881456509 0 0 0 0 0 0 0 0 0 0 0 0 0 0 0 0 0 0 0 0 0 0 0 0 0 0 0 0 0 0 0 0 0 0 0 0 0 0 0 0 0 0 0 0 0 0 1 0 0 0 0 0 0 0 0 0 0 0 0 0 0 0 0 0 0 0 0 0 0 0 0 0 0 0 0 0 0 0 0 0 0 0 0 0 0 0]
[1734232775848681609508967652846039979536615215404175762464216541068768760093214870792063841017271264262097215031336015083193063374567423046747064836961203706686248831346670236129225045756266715226057145607853956951881381918816980219354482547594889876215447912860 0 0 0 0 0 0 0 0 0 0 0 0 0 0 0 0 0 0 0 0 0 0 0 0 0 0 0 0 0 0 0 0 0 0 0 0 0 0 0 0 0 0 0 0 0 0 0 1 0 0 0 0 0 0 0 0 0 0 0 0 0 0 0 0 0 0 0 0 0 0 0 0 0 0 0 0 0 0 0 0 0 0 0 0 0 0]
[2325580921234965423271876928863898602458698607723808717552695408963956422276058853923631418382415922808903422277802399266049459448853342016407092292805005051678183003518398564712135808180107889982432843015207050182126022076964490134247147048118200606630415080554 0 0 0 0 0 0 0 0 0 0 0 0 0 0 0 0 0 0 0 0 0 0 0 0 0 0 0 0 0 0 0 0 0 0 0 0 0 0 0 0 0 0 0 0 0 0 0 0 1 0 0 0 0 0 0 0 0 0 0 0 0 0 0 0 0 0 0 0 0 0 0 0 0 0 0 0 0 0 0 0 0 0 0 0 0 0]
[175903601114538749607430823824879416955705074349589454719566455554465274617899898896910798826947593807017129473823420429787733405016374177066364300859616928679616000926000462255616112208502126349650146374952213439370072394749289253545016275500478344550576827482 0 0 0 0 0 0 0 0 0 0 0 0 0 0 0 0 0 0 0 0 0 0 0 0 0 0 0 0 0 0 0 0 0 0 0 0 0 0 0 0 0 0 0 0 0 0 0 0 0 1 0 0 0 0 0 0 0 0 0 0 0 0 0 0 0 0 0 0 0 0 0 0 0 0 0 0 0 0 0 0 0 0 0 0 0 0]
[357653329457172014241808947403722287288787855226637025444004524689071919270433245378238712395292141679505040828812097920765475237749881265677709992077329347688397667368013832500973275652367324377252034273462392008052231257952586649683929787975286758828963536181 0 0 0 0 0 0 0 0 0 0 0 0 0 0 0 0 0 0 0 0 0 0 0 0 0 0 0 0 0 0 0 0 0 0 0 0 0 0 0 0 0 0 0 0 0 0 0 0 0 0 1 0 0 0 0 0 0 0 0 0 0 0 0 0 0 0 0 0 0 0 0 0 0 0 0 0 0 0 0 0 0 0 0 0 0 0]
[1036417381044502738061158309288894161987080305788682762605514979357531350728443966253429108037402263500474109941715965182633523179392930011891585370585589156526709674914099734219439470818892363858119106447505745882905039547161080600159916568982152077336680653581 0 0 0 0 0 0 0 0 0 0 0 0 0 0 0 0 0 0 0 0 0 0 0 0 0 0 0 0 0 0 0 0 0 0 0 0 0 0 0 0 0 0 0 0 0 0 0 0 0 0 0 1 0 0 0 0 0 0 0 0 0 0 0 0 0 0 0 0 0 0 0 0 0 0 0 0 0 0 0 0 0 0 0 0 0 0]
[2742850718500752121580143851061046249076091475956974538376153764708226142799334661718151288998734415842760399053149940708847408330283894738442649388416920363606205114987349026054380196270941930744839915129910337756441686843697609356755526251239673184999490270886 0 0 0 0 0 0 0 0 0 0 0 0 0 0 0 0 0 0 0 0 0 0 0 0 0 0 0 0 0 0 0 0 0 0 0 0 0 0 0 0 0 0 0 0 0 0 0 0 0 0 0 0 1 0 0 0 0 0 0 0 0 0 0 0 0 0 0 0 0 0 0 0 0 0 0 0 0 0 0 0 0 0 0 0 0 0]
[2449628638784703417895715477959337641541954730639717785984854485460348091033382810269594908539110663550055932344622848442381310906716236669043507137882461299247781127266980770625245299434359285742520608783651069142805796438875828374725729566004171818337767705552 0 0 0 0 0 0 0 0 0 0 0 0 0 0 0 0 0 0 0 0 0 0 0 0 0 0 0 0 0 0 0 0 0 0 0 0 0 0 0 0 0 0 0 0 0 0 0 0 0 0 0 0 0 1 0 0 0 0 0 0 0 0 0 0 0 0 0 0 0 0 0 0 0 0 0 0 0 0 0 0 0 0 0 0 0 0]
[1617074536406173255092686346878019716707901071779391092442079750858981365685329082596692425205806462382944217988541293026885510239217242812526253392556932473153830780264132428438868082994766238688488573018346393225183822008151003348920410203565848574590607230221 0 0 0 0 0 0 0 0 0 0 0 0 0 0 0 0 0 0 0 0 0 0 0 0 0 0 0 0 0 0 0 0 0 0 0 0 0 0 0 0 0 0 0 0 0 0 0 0 0 0 0 0 0 0 1 0 0 0 0 0 0 0 0 0 0 0 0 0 0 0 0 0 0 0 0 0 0 0 0 0 0 0 0 0 0 0]
[1082168270946289726021814124907361816709027250537169945048140330420580983449324705296682106999845258564607784392959955523450232249074826089340472689457031216011040567015085648319463160257450046423728867874769970014116581997431668918724800146075736591212359917337 0 0 0 0 0 0 0 0 0 0 0 0 0 0 0 0 0 0 0 0 0 0 0 0 0 0 0 0 0 0 0 0 0 0 0 0 0 0 0 0 0 0 0 0 0 0 0 0 0 0 0 0 0 0 0 1 0 0 0 0 0 0 0 0 0 0 0 0 0 0 0 0 0 0 0 0 0 0 0 0 0 0 0 0 0 0]
[3015113287378094124863767186422647280577085484554019587850431043741219876143000028253722095538196754548232527441138182049336824646818112084133850560751297041506322654960865283682291277696825482508499850869180053633544648166279171555822638606791571436933425715281 0 0 0 0 0 0 0 0 0 0 0 0 0 0 0 0 0 0 0 0 0 0 0 0 0 0 0 0 0 0 0 0 0 0 0 0 0 0 0 0 0 0 0 0 0 0 0 0 0 0 0 0 0 0 0 0 1 0 0 0 0 0 0 0 0 0 0 0 0 0 0 0 0 0 0 0 0 0 0 0 0 0 0 0 0 0]
[3478935825281246311979051404600497026066996448197817418323464057079450976732233355710914051422104362313274027011286793665903663109690593588212275867840690299969545891461291048631408741713739768176211294654055561881922178018012060951250851014427210443643166472793 0 0 0 0 0 0 0 0 0 0 0 0 0 0 0 0 0 0 0 0 0 0 0 0 0 0 0 0 0 0 0 0 0 0 0 0 0 0 0 0 0 0 0 0 0 0 0 0 0 0 0 0 0 0 0 0 0 1 0 0 0 0 0 0 0 0 0 0 0 0 0 0 0 0 0 0 0 0 0 0 0 0 0 0 0 0]
[907602869733697724800777158337741460817856240570494893698165221229898040967837919725761813496060925020109039311774945396912114725169243582237099482201961536188870472938640843563041775985334395155300489597535872869981548242254031971718841354466295580018404754709 0 0 0 0 0 0 0 0 0 0 0 0 0 0 0 0 0 0 0 0 0 0 0 0 0 0 0 0 0 0 0 0 0 0 0 0 0 0 0 0 0 0 0 0 0 0 0 0 0 0 0 0 0 0 0 0 0 0 1 0 0 0 0 0 0 0 0 0 0 0 0 0 0 0 0 0 0 0 0 0 0 0 0 0 0 0]
[219748512596959475897203089780446676179167010538302228717357506562400969331003977851214112787698520002582018687329439928357589504076281700592323484852839004401414656439190768026653271180057853740432347452340630238424250759402333215430214914811584308859223972995 0 0 0 0 0 0 0 0 0 0 0 0 0 0 0 0 0 0 0 0 0 0 0 0 0 0 0 0 0 0 0 0 0 0 0 0 0 0 0 0 0 0 0 0 0 0 0 0 0 0 0 0 0 0 0 0 0 0 0 1 0 0 0 0 0 0 0 0 0 0 0 0 0 0 0 0 0 0 0 0 0 0 0 0 0 0]
[1935326104333573571797151471020887548442976602468981943085342566788754089618057026233077296372403236235326853794620493011768367035411361343914812763250896770346574109620821557764086783540207591774881775605450524058760737585349053350594280948178714766339924725572 0 0 0 0 0 0 0 0 0 0 0 0 0 0 0 0 0 0 0 0 0 0 0 0 0 0 0 0 0 0 0 0 0 0 0 0 0 0 0 0 0 0 0 0 0 0 0 0 0 0 0 0 0 0 0 0 0 0 0 0 1 0 0 0 0 0 0 0 0 0 0 0 0 0 0 0 0 0 0 0 0 0 0 0 0 0]
[1514856647449830698454081098663495909072184769145740619241023699934283502033687767644883083857430988743143305483740955486765191994449352457652986995314750950397934180046566184046323724871479240133518492885812907398200347157280471674376196051987279055888150561470 0 0 0 0 0 0 0 0 0 0 0 0 0 0 0 0 0 0 0 0 0 0 0 0 0 0 0 0 0 0 0 0 0 0 0 0 0 0 0 0 0 0 0 0 0 0 0 0 0 0 0 0 0 0 0 0 0 0 0 0 0 1 0 0 0 0 0 0 0 0 0 0 0 0 0 0 0 0 0 0 0 0 0 0 0 0]
[3606873759634827644772512352410865419595604026781942721880814049026640646534356926759340280428362115477499006898442960255346572440883520547909401378728392792899477147720143892240410692185382599206458493666673530397699337408834565016708923529317365249489295349146 0 0 0 0 0 0 0 0 0 0 0 0 0 0 0 0 0 0 0 0 0 0 0 0 0 0 0 0 0 0 0 0 0 0 0 0 0 0 0 0 0 0 0 0 0 0 0 0 0 0 0 0 0 0 0 0 0 0 0 0 0 0 1 0 0 0 0 0 0 0 0 0 0 0 0 0 0 0 0 0 0 0 0 0 0 0]
[57701946002498686134403742537511062941608689486859355248071393460770374449606348975831488263090830303687458214772284813816197118688276095497000579928024440420456877930588099186880825672688405955097577166078616040483812489311740243506660471953751907095047240469 0 0 0 0 0 0 0 0 0 0 0 0 0 0 0 0 0 0 0 0 0 0 0 0 0 0 0 0 0 0 0 0 0 0 0 0 0 0 0 0 0 0 0 0 0 0 0 0 0 0 0 0 0 0 0 0 0 0 0 0 0 0 0 1 0 0 0 0 0 0 0 0 0 0 0 0 0 0 0 0 0 0 0 0 0 0]
[2118483052067673910093640762683742175242685878763948519883543139379736841214575372950537764287270405203967790590352902311682764128244145066302943910447675445430330106602988065762774071119812232171831230397849800345135420320904584558208783692154392727121912629941 0 0 0 0 0 0 0 0 0 0 0 0 0 0 0 0 0 0 0 0 0 0 0 0 0 0 0 0 0 0 0 0 0 0 0 0 0 0 0 0 0 0 0 0 0 0 0 0 0 0 0 0 0 0 0 0 0 0 0 0 0 0 0 0 1 0 0 0 0 0 0 0 0 0 0 0 0 0 0 0 0 0 0 0 0 0]
[688186358814014337975853761116384746864275574659893438118887960348550689731523405950296487248675996762588890371256176744872414503610587224702933922962163449263118753439373401403773980163497197623881878339809828848513351877597462485011970727661568040969696388775 0 0 0 0 0 0 0 0 0 0 0 0 0 0 0 0 0 0 0 0 0 0 0 0 0 0 0 0 0 0 0 0 0 0 0 0 0 0 0 0 0 0 0 0 0 0 0 0 0 0 0 0 0 0 0 0 0 0 0 0 0 0 0 0 0 1 0 0 0 0 0 0 0 0 0 0 0 0 0 0 0 0 0 0 0 0]
[2877484029240111262037885330240973493993813901545448547268568457321082392984607947775781801997404817834318453426138135099614516755687763801301001370576470153943188966846372095543295500110768332653118730777857590127703100969633369686069571989275425863466541680081 0 0 0 0 0 0 0 0 0 0 0 0 0 0 0 0 0 0 0 0 0 0 0 0 0 0 0 0 0 0 0 0 0 0 0 0 0 0 0 0 0 0 0 0 0 0 0 0 0 0 0 0 0 0 0 0 0 0 0 0 0 0 0 0 0 0 1 0 0 0 0 0 0 0 0 0 0 0 0 0 0 0 0 0 0 0]
[2568697214389026127829671918103418198347844674405427378957037986294523454649164515623308670341802377226102738555709147063124524248859108662257964604357982947136689233365803071833060765226319833137257145207000411315200038167282500412381324740288854947560089196867 0 0 0 0 0 0 0 0 0 0 0 0 0 0 0 0 0 0 0 0 0 0 0 0 0 0 0 0 0 0 0 0 0 0 0 0 0 0 0 0 0 0 0 0 0 0 0 0 0 0 0 0 0 0 0 0 0 0 0 0 0 0 0 0 0 0 0 1 0 0 0 0 0 0 0 0 0 0 0 0 0 0 0 0 0 0]
[3693674270104158513295586087513209533593008134441674102182252513951865435657046877554506368852109731096852547475314187361649042454146884250709954998033576348756227990416680025309218315113308830290268335400751651070784496269423077546703622811224964074525804401144 0 0 0 0 0 0 0 0 0 0 0 0 0 0 0 0 0 0 0 0 0 0 0 0 0 0 0 0 0 0 0 0 0 0 0 0 0 0 0 0 0 0 0 0 0 0 0 0 0 0 0 0 0 0 0 0 0 0 0 0 0 0 0 0 0 0 0 0 1 0 0 0 0 0 0 0 0 0 0 0 0 0 0 0 0 0]
[1766092844111131683061180654809765173290667080147274486424691191208744592548873656312914545412333221134723637177027476897497074549347050663994664685432056300104799290302654686187699236294554180163757504669412770963912734186222473133982578781353436595619535840913 0 0 0 0 0 0 0 0 0 0 0 0 0 0 0 0 0 0 0 0 0 0 0 0 0 0 0 0 0 0 0 0 0 0 0 0 0 0 0 0 0 0 0 0 0 0 0 0 0 0 0 0 0 0 0 0 0 0 0 0 0 0 0 0 0 0 0 0 0 1 0 0 0 0 0 0 0 0 0 0 0 0 0 0 0 0]
[2129489341299236999136668891802846838292782633818752434448292012440772630705191298486624474953136190569689313965964166961593736143859251758760150965077013514157294633452243793629336843589590472392490227343987713554642079531675604644557166088419728940300460854045 0 0 0 0 0 0 0 0 0 0 0 0 0 0 0 0 0 0 0 0 0 0 0 0 0 0 0 0 0 0 0 0 0 0 0 0 0 0 0 0 0 0 0 0 0 0 0 0 0 0 0 0 0 0 0 0 0 0 0 0 0 0 0 0 0 0 0 0 0 0 1 0 0 0 0 0 0 0 0 0 0 0 0 0 0 0]
[4046083996448889529349294398135676860510844376849076261204026643758067295585231266023735112019158840708663011299026613005783713203445993320264101812537561951146829455727538587848768607591923452974822852443573351415969310737395923711227922265488122608287711115517 0 0 0 0 0 0 0 0 0 0 0 0 0 0 0 0 0 0 0 0 0 0 0 0 0 0 0 0 0 0 0 0 0 0 0 0 0 0 0 0 0 0 0 0 0 0 0 0 0 0 0 0 0 0 0 0 0 0 0 0 0 0 0 0 0 0 0 0 0 0 0 1 0 0 0 0 0 0 0 0 0 0 0 0 0 0]
[1506438259151576281252430601188230058493243758329496018190963468176142744521536810478781842665438592735100196865130426973000254221336245979079566679942300756010368170130337060082305427312040458765525016486069872871262384016231607728398284400531118202576529046159 0 0 0 0 0 0 0 0 0 0 0 0 0 0 0 0 0 0 0 0 0 0 0 0 0 0 0 0 0 0 0 0 0 0 0 0 0 0 0 0 0 0 0 0 0 0 0 0 0 0 0 0 0 0 0 0 0 0 0 0 0 0 0 0 0 0 0 0 0 0 0 0 1 0 0 0 0 0 0 0 0 0 0 0 0 0]
[1209543477961064293920837871132290675680071815844622203645817732607555424827975832294122449752318856520513176557654816459180658883247008520317338964174446620105623964448359025162859695989673192185400840617072822330026734235759323826718362503457620213203746205805 0 0 0 0 0 0 0 0 0 0 0 0 0 0 0 0 0 0 0 0 0 0 0 0 0 0 0 0 0 0 0 0 0 0 0 0 0 0 0 0 0 0 0 0 0 0 0 0 0 0 0 0 0 0 0 0 0 0 0 0 0 0 0 0 0 0 0 0 0 0 0 0 0 1 0 0 0 0 0 0 0 0 0 0 0 0]
[3366089267990035602938216392907726074892484206985842562345406948516824109779914811740983584957459171202036179204408679833369016751074747881858169947268373417989031621615404017095419518088830605268948956095673255079803877069694034787919489736996152588954329414488 0 0 0 0 0 0 0 0 0 0 0 0 0 0 0 0 0 0 0 0 0 0 0 0 0 0 0 0 0 0 0 0 0 0 0 0 0 0 0 0 0 0 0 0 0 0 0 0 0 0 0 0 0 0 0 0 0 0 0 0 0 0 0 0 0 0 0 0 0 0 0 0 0 0 1 0 0 0 0 0 0 0 0 0 0 0]
[1574435271257400869187117982459235697523991263558130667467541546557510902727232284742631519186018669727004075255015403737739805371898479121964389513765318897267887063617377223548779385979480179921153608651448391733471064777575550641624079572725223038223389394632 0 0 0 0 0 0 0 0 0 0 0 0 0 0 0 0 0 0 0 0 0 0 0 0 0 0 0 0 0 0 0 0 0 0 0 0 0 0 0 0 0 0 0 0 0 0 0 0 0 0 0 0 0 0 0 0 0 0 0 0 0 0 0 0 0 0 0 0 0 0 0 0 0 0 0 1 0 0 0 0 0 0 0 0 0 0]
[401339821314108079289533166628101487707200186972656804555582265017574923865071564648230364885576478651332422031709828934796681462851878466386597081936506692371772710121868310743180828477983494797105695705559552938375058909435338199056554420844177426505871809354 0 0 0 0 0 0 0 0 0 0 0 0 0 0 0 0 0 0 0 0 0 0 0 0 0 0 0 0 0 0 0 0 0 0 0 0 0 0 0 0 0 0 0 0 0 0 0 0 0 0 0 0 0 0 0 0 0 0 0 0 0 0 0 0 0 0 0 0 0 0 0 0 0 0 0 0 1 0 0 0 0 0 0 0 0 0]
[3607779047321188011649313096189690220416523624095682485340976191376538708313755537108871730537584392177436617278036042175076062789968898976753707934726498884733713544982487250636442253636953638484375680121803029225362610797548654998239538817688516081011315172304 0 0 0 0 0 0 0 0 0 0 0 0 0 0 0 0 0 0 0 0 0 0 0 0 0 0 0 0 0 0 0 0 0 0 0 0 0 0 0 0 0 0 0 0 0 0 0 0 0 0 0 0 0 0 0 0 0 0 0 0 0 0 0 0 0 0 0 0 0 0 0 0 0 0 0 0 0 1 0 0 0 0 0 0 0 0]
[2226030735037157987254527388673306622307903022466484374761718782767232411592260067794536314471177275753160725659122283868173491749962449439551685510717386347272256475086667072634606762095701263725749055115440327359917914302718058094267988833300574792864141429073 0 0 0 0 0 0 0 0 0 0 0 0 0 0 0 0 0 0 0 0 0 0 0 0 0 0 0 0 0 0 0 0 0 0 0 0 0 0 0 0 0 0 0 0 0 0 0 0 0 0 0 0 0 0 0 0 0 0 0 0 0 0 0 0 0 0 0 0 0 0 0 0 0 0 0 0 0 0 1 0 0 0 0 0 0 0]
[3603365243222010639938760152190940208813288559463514339570409413323859221321979340784779520818544637491367920734912715836576643836124941667990965047425224288911667185446508526429267169111269438844902857788966538179225074439836987497970658676701138855386664282527 0 0 0 0 0 0 0 0 0 0 0 0 0 0 0 0 0 0 0 0 0 0 0 0 0 0 0 0 0 0 0 0 0 0 0 0 0 0 0 0 0 0 0 0 0 0 0 0 0 0 0 0 0 0 0 0 0 0 0 0 0 0 0 0 0 0 0 0 0 0 0 0 0 0 0 0 0 0 0 1 0 0 0 0 0 0]
[1473560436621481250763569342144413438152392700765434975535639603676413877783796359003086152777410577599044514181165102982384527049334206614631800547000041859165156989080290647517354621969118977626442793470212935692536788395095286097111919095320771039523612508865 0 0 0 0 0 0 0 0 0 0 0 0 0 0 0 0 0 0 0 0 0 0 0 0 0 0 0 0 0 0 0 0 0 0 0 0 0 0 0 0 0 0 0 0 0 0 0 0 0 0 0 0 0 0 0 0 0 0 0 0 0 0 0 0 0 0 0 0 0 0 0 0 0 0 0 0 0 0 0 0 1 0 0 0 0 0]
[2087181373903539106104236656700963148526857546552867147152516800047357123379425034274010604580756042992593706826188342189017651856211970260923662007711701567518271786654070219254126051485858758602529860170460947663835570985235833311775927251132658157554161198686 0 0 0 0 0 0 0 0 0 0 0 0 0 0 0 0 0 0 0 0 0 0 0 0 0 0 0 0 0 0 0 0 0 0 0 0 0 0 0 0 0 0 0 0 0 0 0 0 0 0 0 0 0 0 0 0 0 0 0 0 0 0 0 0 0 0 0 0 0 0 0 0 0 0 0 0 0 0 0 0 0 1 0 0 0 0]
[3140361518289875621069929749917444001277552581013023813386647495968193866638077704389861915620181934091239736226938423844157095463044308607507737663151847564208683003799129315984978953886580927798909020665885174044191183134463926172950815834432034064877840076648 0 0 0 0 0 0 0 0 0 0 0 0 0 0 0 0 0 0 0 0 0 0 0 0 0 0 0 0 0 0 0 0 0 0 0 0 0 0 0 0 0 0 0 0 0 0 0 0 0 0 0 0 0 0 0 0 0 0 0 0 0 0 0 0 0 0 0 0 0 0 0 0 0 0 0 0 0 0 0 0 0 0 1 0 0 0]
[22364674814535112837129221700319213294557542062476978830253952424325912801157855317358199128655290153829459017396847451142039667734877364620528433780490587230858551443692320459384457149988544245171981096034374167247601667723245396235462221603014268320289346682 0 0 0 0 0 0 0 0 0 0 0 0 0 0 0 0 0 0 0 0 0 0 0 0 0 0 0 0 0 0 0 0 0 0 0 0 0 0 0 0 0 0 0 0 0 0 0 0 0 0 0 0 0 0 0 0 0 0 0 0 0 0 0 0 0 0 0 0 0 0 0 0 0 0 0 0 0 0 0 0 0 0 0 1 0 0]
[3330230880919031616247001213786266450439765519571511068527278665429560076251592732018160726695290668241679794295205338459340315041612113677928785224707190783439895961004836229044482680279945557776366935869856899835163871070997048142307284441407735258796798246730 0 0 0 0 0 0 0 0 0 0 0 0 0 0 0 0 0 0 0 0 0 0 0 0 0 0 0 0 0 0 0 0 0 0 0 0 0 0 0 0 0 0 0 0 0 0 0 0 0 0 0 0 0 0 0 0 0 0 0 0 0 0 0 0 0 0 0 0 0 0 0 0 0 0 0 0 0 0 0 0 0 0 0 0 1 0]
[3188064303570162025105224243629741787918121806755617665017780533599162487819709516710226484969212420632120975623527950114346416235323906740504078213104396913436810941221011035184333042669229867459100808272790426150921509308261847165150948796544211711775195624636 0 0 0 0 0 0 0 0 0 0 0 0 0 0 0 0 0 0 0 0 0 0 0 0 0 0 0 0 0 0 0 0 0 0 0 0 0 0 0 0 0 0 0 0 0 0 0 0 0 0 0 0 0 0 0 0 0 0 0 0 0 0 0 0 0 0 0 0 0 0 0 0 0 0 0 0 0 0 0 0 0 0 0 0 0 1]
]
