[[6463580135423861574819184911291725096365577336428931609486372288677684941478366772375854681343073664519881093352068885307527988616567526597290026727541073880282503748174119928503830381393436157950975719367664280551379495365139520400460008727724354841556090969018745356279987700494510083 0 0 0 0 0 0 0 0 0 0 0 0 0 0 0 0 0 0 0 0 0 0 0 0 0 0 0 0 0 0 0 0 0 0 0 0 0 0 0 0 0 0 0 0 0 0 0 0 0 0 0 0 0 0 0 0 0 0 0 0 0 0 0 0 0 0 0 0 0 0 0 0 0 0 0 0 0 0 0 0 0 0 0 0 0 0 0 0 0 0 0 0 0 0]
[2896831363436549729614507022294989303090421825779155903922550434388800627825271769566078939616486996724975650074567901060886328567800117038265264673186490414647973061829672543465985327785355949492080584509744071219707296868503925783085902050128845980486528358341598475527490976688790407 1 0 0 0 0 0 0 0 0 0 0 0 0 0 0 0 0 0 0 0 0 0 0 0 0 0 0 0 0 0 0 0 0 0 0 0 0 0 0 0 0 0 0 0 0 0 0 0 0 0 0 0 0 0 0 0 0 0 0 0 0 0 0 0 0 0 0 0 0 0 0 0 0 0 0 0 0 0 0 0 0 0 0 0 0 0 0 0 0 0 0 0 0 0]
[745732241494485276184668978220769191439602970755156895094012408478058535094016525394068081446432785557737570259720956935517518992514925583037519571669251771544809257141840015985615064138123184352641442050948529733904389479080444324355035050631458106138498181956460011332709646710699943 0 1 0 0 0 0 0 0 0 0 0 0 0 0 0 0 0 0 0 0 0 0 0 0 0 0 0 0 0 0 0 0 0 0 0 0 0 0 0 0 0 0 0 0 0 0 0 0 0 0 0 0 0 0 0 0 0 0 0 0 0 0 0 0 0 0 0 0 0 0 0 0 0 0 0 0 0 0 0 0 0 0 0 0 0 0 0 0 0 0 0 0 0 0]
[6253235752964644495305072874778535040022462564523468435555835299827177788627670654679227080673446587694729211139906569445321916681962777859338210109953643335869931876993907494651707302749650883606900600401966238294614090627199547801268608075976651110003082187271858529832903703329802281 0 0 1 0 0 0 0 0 0 0 0 0 0 0 0 0 0 0 0 0 0 0 0 0 0 0 0 0 0 0 0 0 0 0 0 0 0 0 0 0 0 0 0 0 0 0 0 0 0 0 0 0 0 0 0 0 0 0 0 0 0 0 0 0 0 0 0 0 0 0 0 0 0 0 0 0 0 0 0 0 0 0 0 0 0 0 0 0 0 0 0 0 0 0]
[1375590242307345367861398931261956083742353526164986367700124248159395781170363817248135927208929600093313366617047352385645290387151015846336390868995972393835127272431482941022592977342983213997021316414531266601670047387515641982479838219736767599530366665513386695449082850192282312 0 0 0 1 0 0 0 0 0 0 0 0 0 0 0 0 0 0 0 0 0 0 0 0 0 0 0 0 0 0 0 0 0 0 0 0 0 0 0 0 0 0 0 0 0 0 0 0 0 0 0 0 0 0 0 0 0 0 0 0 0 0 0 0 0 0 0 0 0 0 0 0 0 0 0 0 0 0 0 0 0 0 0 0 0 0 0 0 0 0 0 0 0 0]
[5588033864117266165227917750292478375669784200802681363143492639010461900393533146180061016316663994355926222013960454291503809523568854494902324195502652859861010612121944868528714577907671304011294777738894738701554679915735342187409829729674875420401459327979342457239302724192005249 0 0 0 0 1 0 0 0 0 0 0 0 0 0 0 0 0 0 0 0 0 0 0 0 0 0 0 0 0 0 0 0 0 0 0 0 0 0 0 0 0 0 0 0 0 0 0 0 0 0 0 0 0 0 0 0 0 0 0 0 0 0 0 0 0 0 0 0 0 0 0 0 0 0 0 0 0 0 0 0 0 0 0 0 0 0 0 0 0 0 0 0 0 0]
[529118432180963005158690451420632094812965497605600889681809970942196728013979976394289728898497939328752025372963827623344590238569012035294713612186817607467660274436449487261091265439286663777702932440053203439871328837502620326047075031946172997054346169563050320986602752769871860 0 0 0 0 0 1 0 0 0 0 0 0 0 0 0 0 0 0 0 0 0 0 0 0 0 0 0 0 0 0 0 0 0 0 0 0 0 0 0 0 0 0 0 0 0 0 0 0 0 0 0 0 0 0 0 0 0 0 0 0 0 0 0 0 0 0 0 0 0 0 0 0 0 0 0 0 0 0 0 0 0 0 0 0 0 0 0 0 0 0 0 0 0 0]
[668679276753077090536053852879760683126431133764099784229099887031329291644135045636825638204444217818533789462178815074671852920276894614759420758095531075984456447547923791848770727232904216525900949392508781886675959486778954801172564511141174151998580328156129183644126644315582195 0 0 0 0 0 0 1 0 0 0 0 0 0 0 0 0 0 0 0 0 0 0 0 0 0 0 0 0 0 0 0 0 0 0 0 0 0 0 0 0 0 0 0 0 0 0 0 0 0 0 0 0 0 0 0 0 0 0 0 0 0 0 0 0 0 0 0 0 0 0 0 0 0 0 0 0 0 0 0 0 0 0 0 0 0 0 0 0 0 0 0 0 0 0]
[4115530518761907749828385285407144091232902404703364832641915476586204455842233865904720457461259907520561889053841609560708798919581105875893553701340615654797159093385052866150121153049099356220974121244051896129911963220495441476259752043756354337153553285316619311449909214331015664 0 0 0 0 0 0 0 1 0 0 0 0 0 0 0 0 0 0 0 0 0 0 0 0 0 0 0 0 0 0 0 0 0 0 0 0 0 0 0 0 0 0 0 0 0 0 0 0 0 0 0 0 0 0 0 0 0 0 0 0 0 0 0 0 0 0 0 0 0 0 0 0 0 0 0 0 0 0 0 0 0 0 0 0 0 0 0 0 0 0 0 0 0 0]
[5316189821556391032054831955559505958630232675170593547479901598709771245917977423089910671196025529654056220729036577874588864821883605084426175461947754121588128800029470989244103788696851796267577629653542878712069201603197457794232614357961700554981752899968207809935116548916316720 0 0 0 0 0 0 0 0 1 0 0 0 0 0 0 0 0 0 0 0 0 0 0 0 0 0 0 0 0 0 0 0 0 0 0 0 0 0 0 0 0 0 0 0 0 0 0 0 0 0 0 0 0 0 0 0 0 0 0 0 0 0 0 0 0 0 0 0 0 0 0 0 0 0 0 0 0 0 0 0 0 0 0 0 0 0 0 0 0 0 0 0 0 0]
[3899213417918623074677701507893472468455802720844335982627818646241347478849955640998565563702014439779059090749029102273743389551549606427708731854966234966937706095534975174551672877253467390822898164944139789961172599197380667606828661303060400321772566664156760627110818205260056795 0 0 0 0 0 0 0 0 0 1 0 0 0 0 0 0 0 0 0 0 0 0 0 0 0 0 0 0 0 0 0 0 0 0 0 0 0 0 0 0 0 0 0 0 0 0 0 0 0 0 0 0 0 0 0 0 0 0 0 0 0 0 0 0 0 0 0 0 0 0 0 0 0 0 0 0 0 0 0 0 0 0 0 0 0 0 0 0 0 0 0 0 0 0]
[5039088665166787200058605306512857503375143209210324548861008296533935637311222914497004073533917037465280296896787938024238253665085861134330450484915236613833764051777609536756911191660112437190700873429065155949288330121119057449385806090043927820756154254246785219248843008099248001 0 0 0 0 0 0 0 0 0 0 1 0 0 0 0 0 0 0 0 0 0 0 0 0 0 0 0 0 0 0 0 0 0 0 0 0 0 0 0 0 0 0 0 0 0 0 0 0 0 0 0 0 0 0 0 0 0 0 0 0 0 0 0 0 0 0 0 0 0 0 0 0 0 0 0 0 0 0 0 0 0 0 0 0 0 0 0 0 0 0 0 0 0 0]
[3721002911958515426894204187692538159328651286413048093367605891184337074067444365977151686399320380209485456018222769010920643694255037146743726065761740567205937446363856248146298758716321609883130764364446988679649547969898859187658941737872869917824873954876256874714261080034678262 0 0 0 0 0 0 0 0 0 0 0 1 0 0 0 0 0 0 0 0 0 0 0 0 0 0 0 0 0 0 0 0 0 0 0 0 0 0 0 0 0 0 0 0 0 0 0 0 0 0 0 0 0 0 0 0 0 0 0 0 0 0 0 0 0 0 0 0 0 0 0 0 0 0 0 0 0 0 0 0 0 0 0 0 0 0 0 0 0 0 0 0 0 0]
[3954026146952758975003540477391241513039495801220594648608634289871388452928406435879153760834692167520219503234531654247262102192051951771288314782437747393620568071940330282976618733760849338034317131374241603488243854403703073254526080431978851913505943680898332169840884748844040340 0 0 0 0 0 0 0 0 0 0 0 0 1 0 0 0 0 0 0 0 0 0 0 0 0 0 0 0 0 0 0 0 0 0 0 0 0 0 0 0 0 0 0 0 0 0 0 0 0 0 0 0 0 0 0 0 0 0 0 0 0 0 0 0 0 0 0 0 0 0 0 0 0 0 0 0 0 0 0 0 0 0 0 0 0 0 0 0 0 0 0 0 0 0]
[5183529013025677822363495881044840377768512317636773880229797505333431155165238067713767616510684467924495987587928408411714716339368520162336104499119456401187049115014927003223576582672913086108044575950585078771463841806175064194583564596074460136811555127068584018545460784688972568 0 0 0 0 0 0 0 0 0 0 0 0 0 1 0 0 0 0 0 0 0 0 0 0 0 0 0 0 0 0 0 0 0 0 0 0 0 0 0 0 0 0 0 0 0 0 0 0 0 0 0 0 0 0 0 0 0 0 0 0 0 0 0 0 0 0 0 0 0 0 0 0 0 0 0 0 0 0 0 0 0 0 0 0 0 0 0 0 0 0 0 0 0 0]
[6195592153471800011968587027199405297491473014102100895748656517101444505977571370402175746138980024016444964033136524410129277251026677665465995373673370818232195421164305720317217134304200615283113717875264074181324167698941380340416888933911081719453625140422651388772262132987793511 0 0 0 0 0 0 0 0 0 0 0 0 0 0 1 0 0 0 0 0 0 0 0 0 0 0 0 0 0 0 0 0 0 0 0 0 0 0 0 0 0 0 0 0 0 0 0 0 0 0 0 0 0 0 0 0 0 0 0 0 0 0 0 0 0 0 0 0 0 0 0 0 0 0 0 0 0 0 0 0 0 0 0 0 0 0 0 0 0 0 0 0 0 0]
[1181795478404288684329419028472676827654859883862910671964871199984704706437068777830999753716652520099199628876742833992373119268558118157516518363263003682200238257048850880377258121736397205474936892562365110399304366193189454267655480374215348832938906506315723215502781276205498034 0 0 0 0 0 0 0 0 0 0 0 0 0 0 0 1 0 0 0 0 0 0 0 0 0 0 0 0 0 0 0 0 0 0 0 0 0 0 0 0 0 0 0 0 0 0 0 0 0 0 0 0 0 0 0 0 0 0 0 0 0 0 0 0 0 0 0 0 0 0 0 0 0 0 0 0 0 0 0 0 0 0 0 0 0 0 0 0 0 0 0 0 0 0]
[4234808533247191524124800900978173885466693922809131546945669454725574268135837006514516995939582109510237224463096844521604590106917669634641749740284416642114552130067687842097875098372031624332177865559644039391942426261416398971319244057099863418203916697672712058356560460348152702 0 0 0 0 0 0 0 0 0 0 0 0 0 0 0 0 1 0 0 0 0 0 0 0 0 0 0 0 0 0 0 0 0 0 0 0 0 0 0 0 0 0 0 0 0 0 0 0 0 0 0 0 0 0 0 0 0 0 0 0 0 0 0 0 0 0 0 0 0 0 0 0 0 0 0 0 0 0 0 0 0 0 0 0 0 0 0 0 0 0 0 0 0 0]
[2422570484170854112108981352697737500924348774855358215757091208198958252108540667535075037979736797790220623830245766300933165104497272752970427995448108216978132965221049998546836761554104260365222757157956222583182405648069878787907992508349851747343919034173656932738187724008445916 0 0 0 0 0 0 0 0 0 0 0 0 0 0 0 0 0 1 0 0 0 0 0 0 0 0 0 0 0 0 0 0 0 0 0 0 0 0 0 0 0 0 0 0 0 0 0 0 0 0 0 0 0 0 0 0 0 0 0 0 0 0 0 0 0 0 0 0 0 0 0 0 0 0 0 0 0 0 0 0 0 0 0 0 0 0 0 0 0 0 0 0 0 0]
[3268161916522171452924477392244717541241069582677251095083932537308295718881925165371367031612865845572866079896043696482565676881396363392842067012649933679696881936014162553559901738468215817198707123718954151479121606307097764630404313894548239413424116363991291683211072007218867668 0 0 0 0 0 0 0 0 0 0 0 0 0 0 0 0 0 0 1 0 0 0 0 0 0 0 0 0 0 0 0 0 0 0 0 0 0 0 0 0 0 0 0 0 0 0 0 0 0 0 0 0 0 0 0 0 0 0 0 0 0 0 0 0 0 0 0 0 0 0 0 0 0 0 0 0 0 0 0 0 0 0 0 0 0 0 0 0 0 0 0 0 0 0]
[4420078833869561206275984912564725472824525405792330813466185289917599605557643551586665675084589883369569117503872941871437019544691538930614570460117870999011495686889346837573079076211399279495837348603032031985201336443656794988410295744683782284826784046195109532459317783233041722 0 0 0 0 0 0 0 0 0 0 0 0 0 0 0 0 0 0 0 1 0 0 0 0 0 0 0 0 0 0 0 0 0 0 0 0 0 0 0 0 0 0 0 0 0 0 0 0 0 0 0 0 0 0 0 0 0 0 0 0 0 0 0 0 0 0 0 0 0 0 0 0 0 0 0 0 0 0 0 0 0 0 0 0 0 0 0 0 0 0 0 0 0 0]
[1176657159558158823023552425029383620375173334798478370064562334618443091451493029434564188301292231989851200471274647120096622821647448492154351477131999272165809331694928830683318053742707327439401488794336282295726250108592855009360723462038970808980191271276293739159042790185085991 0 0 0 0 0 0 0 0 0 0 0 0 0 0 0 0 0 0 0 0 1 0 0 0 0 0 0 0 0 0 0 0 0 0 0 0 0 0 0 0 0 0 0 0 0 0 0 0 0 0 0 0 0 0 0 0 0 0 0 0 0 0 0 0 0 0 0 0 0 0 0 0 0 0 0 0 0 0 0 0 0 0 0 0 0 0 0 0 0 0 0 0 0 0]
[4906658663387494887245687714545383617517897411045831168393479248663323447186327316363260361026506289849585206689497778901948380335119402889710801956406803243551776741855923058934083926727776892868178892571303165832888792001469752041277682013664516530863516279122275025781091975774298046 0 0 0 0 0 0 0 0 0 0 0 0 0 0 0 0 0 0 0 0 0 1 0 0 0 0 0 0 0 0 0 0 0 0 0 0 0 0 0 0 0 0 0 0 0 0 0 0 0 0 0 0 0 0 0 0 0 0 0 0 0 0 0 0 0 0 0 0 0 0 0 0 0 0 0 0 0 0 0 0 0 0 0 0 0 0 0 0 0 0 0 0 0 0]
[5143696048323127508520923329524803650197656959623335377421801389828744248472634881274323879203554679568465236711966117162430635652018325918422387362409275826323741015862262715822190129452088401071334644980071169236412975588914872439181256322432851701023943273194604342907651555288080552 0 0 0 0 0 0 0 0 0 0 0 0 0 0 0 0 0 0 0 0 0 0 1 0 0 0 0 0 0 0 0 0 0 0 0 0 0 0 0 0 0 0 0 0 0 0 0 0 0 0 0 0 0 0 0 0 0 0 0 0 0 0 0 0 0 0 0 0 0 0 0 0 0 0 0 0 0 0 0 0 0 0 0 0 0 0 0 0 0 0 0 0 0 0]
[5236076307935586615847295778786915270545261811953455456978057196109771418999983062562476713799910350208548755359089305817766229946699339700978438913265979732886944238752118537532115146320389859752681932835322836380956736169433593701259969129298762853195550546137404352462710651002635849 0 0 0 0 0 0 0 0 0 0 0 0 0 0 0 0 0 0 0 0 0 0 0 1 0 0 0 0 0 0 0 0 0 0 0 0 0 0 0 0 0 0 0 0 0 0 0 0 0 0 0 0 0 0 0 0 0 0 0 0 0 0 0 0 0 0 0 0 0 0 0 0 0 0 0 0 0 0 0 0 0 0 0 0 0 0 0 0 0 0 0 0 0 0]
[5956359435930675605302881088223309795313796977983204818305543416890168658847075248256576753724717248270303763570954991721521325729639432784674080718703938187710109517039861558703760587380982069685741294684489774411876690578457752064000453125334643788654382372590328104219100837833826107 0 0 0 0 0 0 0 0 0 0 0 0 0 0 0 0 0 0 0 0 0 0 0 0 1 0 0 0 0 0 0 0 0 0 0 0 0 0 0 0 0 0 0 0 0 0 0 0 0 0 0 0 0 0 0 0 0 0 0 0 0 0 0 0 0 0 0 0 0 0 0 0 0 0 0 0 0 0 0 0 0 0 0 0 0 0 0 0 0 0 0 0 0 0]
[1843811762016133202286792567861476737913590985809080196954028443504918391174216896055968261696972508114614132644231246801316876282574044857875180489570082269504181387960807296846875417900336594888536779610874000509037550641315509412157851647365709622899262491988153325080870968136412279 0 0 0 0 0 0 0 0 0 0 0 0 0 0 0 0 0 0 0 0 0 0 0 0 0 1 0 0 0 0 0 0 0 0 0 0 0 0 0 0 0 0 0 0 0 0 0 0 0 0 0 0 0 0 0 0 0 0 0 0 0 0 0 0 0 0 0 0 0 0 0 0 0 0 0 0 0 0 0 0 0 0 0 0 0 0 0 0 0 0 0 0 0 0]
[783946792338801459476834139807832265335642011804579657857228425261082198311784487489265411324976777969720228681076717817741877060436244335676088009997591879048433680622264909013811167878477295630933436925263225060567468398270609793364428277110754510347737976537379897918530128560587554 0 0 0 0 0 0 0 0 0 0 0 0 0 0 0 0 0 0 0 0 0 0 0 0 0 0 1 0 0 0 0 0 0 0 0 0 0 0 0 0 0 0 0 0 0 0 0 0 0 0 0 0 0 0 0 0 0 0 0 0 0 0 0 0 0 0 0 0 0 0 0 0 0 0 0 0 0 0 0 0 0 0 0 0 0 0 0 0 0 0 0 0 0 0]
[57950506563123035393771965051635916393073035636893613373895572424663997660568227268506844256591294278397608989373210608331631022465337119980631315737304510341657755088787860959388734025987044448729669281120627557620411862616794501641080188023389804544402153501115703032819611681615203 0 0 0 0 0 0 0 0 0 0 0 0 0 0 0 0 0 0 0 0 0 0 0 0 0 0 0 1 0 0 0 0 0 0 0 0 0 0 0 0 0 0 0 0 0 0 0 0 0 0 0 0 0 0 0 0 0 0 0 0 0 0 0 0 0 0 0 0 0 0 0 0 0 0 0 0 0 0 0 0 0 0 0 0 0 0 0 0 0 0 0 0 0 0]
[1646434697114350682420773367585416727986251952411686330390471161141791017556742176218488464530365207770073556397920750307072821901605509907597446993013912980751284530155018995190239349576465257535866099263478680144018026466185926335080916236599153015604912140157414047920327243548778507 0 0 0 0 0 0 0 0 0 0 0 0 0 0 0 0 0 0 0 0 0 0 0 0 0 0 0 0 1 0 0 0 0 0 0 0 0 0 0 0 0 0 0 0 0 0 0 0 0 0 0 0 0 0 0 0 0 0 0 0 0 0 0 0 0 0 0 0 0 0 0 0 0 0 0 0 0 0 0 0 0 0 0 0 0 0 0 0 0 0 0 0 0 0]
[3941605627482856028877941407014398975387735964704482614318221999860779690556913164488416445615685329705233730333718349178656200194058930009304912966628826100246487260548509732764011558211845951196021772406921096101959580088354772560461680121740757009309828729065695011240736164294919804 0 0 0 0 0 0 0 0 0 0 0 0 0 0 0 0 0 0 0 0 0 0 0 0 0 0 0 0 0 1 0 0 0 0 0 0 0 0 0 0 0 0 0 0 0 0 0 0 0 0 0 0 0 0 0 0 0 0 0 0 0 0 0 0 0 0 0 0 0 0 0 0 0 0 0 0 0 0 0 0 0 0 0 0 0 0 0 0 0 0 0 0 0 0]
[3552137934658439487865683702071223581757688825485741620588512824497122152628923662430339443201934886110092623895826617079299891001588751023238681246097468655782507934446574303936313170239391199845353382736311744547971820569974801721199012544961844869848846917462654399562768372187311749 0 0 0 0 0 0 0 0 0 0 0 0 0 0 0 0 0 0 0 0 0 0 0 0 0 0 0 0 0 0 1 0 0 0 0 0 0 0 0 0 0 0 0 0 0 0 0 0 0 0 0 0 0 0 0 0 0 0 0 0 0 0 0 0 0 0 0 0 0 0 0 0 0 0 0 0 0 0 0 0 0 0 0 0 0 0 0 0 0 0 0 0 0 0]
[3785727621524851472639478474209943898247003004416031520032965095351474428611059503542037509748002525031009061399774424870890862602213922687013564627206778339007524452131236003223646961190939846798490196367920528283458951573476760097208596542614466261678126941438307649082559906920717254 0 0 0 0 0 0 0 0 0 0 0 0 0 0 0 0 0 0 0 0 0 0 0 0 0 0 0 0 0 0 0 1 0 0 0 0 0 0 0 0 0 0 0 0 0 0 0 0 0 0 0 0 0 0 0 0 0 0 0 0 0 0 0 0 0 0 0 0 0 0 0 0 0 0 0 0 0 0 0 0 0 0 0 0 0 0 0 0 0 0 0 0 0 0]
[1362015977939965804790096306360246800698157153413059103312328683298956798818088390106277758970898462385902932812410515055802474582237458722350797692742669796668488032551530666870751262785242506320311133441863188225875636398152957997699316796957122716035420179911811968748732522350726143 0 0 0 0 0 0 0 0 0 0 0 0 0 0 0 0 0 0 0 0 0 0 0 0 0 0 0 0 0 0 0 0 1 0 0 0 0 0 0 0 0 0 0 0 0 0 0 0 0 0 0 0 0 0 0 0 0 0 0 0 0 0 0 0 0 0 0 0 0 0 0 0 0 0 0 0 0 0 0 0 0 0 0 0 0 0 0 0 0 0 0 0 0 0]
[1115644451809214935983404841241000361758130829298215758254539759317478248200093082886728768828959697807613669746931727100427305165202888165140869799602240419399587764902733142697847272798876106126420760506411172000293203352519663714451884868247719077430243468747376891656255866399781378 0 0 0 0 0 0 0 0 0 0 0 0 0 0 0 0 0 0 0 0 0 0 0 0 0 0 0 0 0 0 0 0 0 1 0 0 0 0 0 0 0 0 0 0 0 0 0 0 0 0 0 0 0 0 0 0 0 0 0 0 0 0 0 0 0 0 0 0 0 0 0 0 0 0 0 0 0 0 0 0 0 0 0 0 0 0 0 0 0 0 0 0 0 0]
[191916994740778832312949858647095864972460096777950650682657015746791538211228282544220039600077047907829194317514492051324146423278340785458132164125412511888979795912122498676856549353315617831956691822261723797731230658151129036989009816210220097517942891164785404557296675885017267 0 0 0 0 0 0 0 0 0 0 0 0 0 0 0 0 0 0 0 0 0 0 0 0 0 0 0 0 0 0 0 0 0 0 1 0 0 0 0 0 0 0 0 0 0 0 0 0 0 0 0 0 0 0 0 0 0 0 0 0 0 0 0 0 0 0 0 0 0 0 0 0 0 0 0 0 0 0 0 0 0 0 0 0 0 0 0 0 0 0 0 0 0 0]
[5894668723400067483760937802182301238660452463765953097378794631684568707850836062359892869977242530010988148126596248235330400503362697520008312160582256963782707822148993287555884579269631357532499952221632093665469514042220175728257326332881128842268564305639014226564805644311419965 0 0 0 0 0 0 0 0 0 0 0 0 0 0 0 0 0 0 0 0 0 0 0 0 0 0 0 0 0 0 0 0 0 0 0 1 0 0 0 0 0 0 0 0 0 0 0 0 0 0 0 0 0 0 0 0 0 0 0 0 0 0 0 0 0 0 0 0 0 0 0 0 0 0 0 0 0 0 0 0 0 0 0 0 0 0 0 0 0 0 0 0 0 0]
[2792556372708864838034965350851216044217959896140602086866827474820776587152520719495567211230777060423051246833020844484033906884101799414708871307312903146685896804348748325370408006539913071950456958280718239639480257792814008697957710883357016750683062836150368141671983020170739018 0 0 0 0 0 0 0 0 0 0 0 0 0 0 0 0 0 0 0 0 0 0 0 0 0 0 0 0 0 0 0 0 0 0 0 0 1 0 0 0 0 0 0 0 0 0 0 0 0 0 0 0 0 0 0 0 0 0 0 0 0 0 0 0 0 0 0 0 0 0 0 0 0 0 0 0 0 0 0 0 0 0 0 0 0 0 0 0 0 0 0 0 0 0]
[2658992948917857965150698217333977609600444276662718910298247550858471270365456818877677920892377637203627410251968959699465947371637711609327942095929427004761766567138958191489150862039439512266471178458955046329916823818443620257140888215530320887484092890023794994072473660993738139 0 0 0 0 0 0 0 0 0 0 0 0 0 0 0 0 0 0 0 0 0 0 0 0 0 0 0 0 0 0 0 0 0 0 0 0 0 1 0 0 0 0 0 0 0 0 0 0 0 0 0 0 0 0 0 0 0 0 0 0 0 0 0 0 0 0 0 0 0 0 0 0 0 0 0 0 0 0 0 0 0 0 0 0 0 0 0 0 0 0 0 0 0 0]
[2430838507784662672603006194342542147417468300913035582184178504924157256946886654477190721859395734714582466845509930577775593664240816184993241024968221310741929968995458544461198494511696206912200182961372601918659977454289962294145342349689564703811096403968049947812177401046771672 0 0 0 0 0 0 0 0 0 0 0 0 0 0 0 0 0 0 0 0 0 0 0 0 0 0 0 0 0 0 0 0 0 0 0 0 0 0 1 0 0 0 0 0 0 0 0 0 0 0 0 0 0 0 0 0 0 0 0 0 0 0 0 0 0 0 0 0 0 0 0 0 0 0 0 0 0 0 0 0 0 0 0 0 0 0 0 0 0 0 0 0 0 0]
[5506501227221587027981379435999981216819088888947856620916643474017571048831024236044046350721902587949239508499603349123432893191835791595328554552592110581707150832599938030359028158122195127759776515764444590577056498671942463594711049479855976880903992734640456085089486436392098528 0 0 0 0 0 0 0 0 0 0 0 0 0 0 0 0 0 0 0 0 0 0 0 0 0 0 0 0 0 0 0 0 0 0 0 0 0 0 0 1 0 0 0 0 0 0 0 0 0 0 0 0 0 0 0 0 0 0 0 0 0 0 0 0 0 0 0 0 0 0 0 0 0 0 0 0 0 0 0 0 0 0 0 0 0 0 0 0 0 0 0 0 0 0]
[3656126500813327629630909549712521201094794015431972111129398354140443615352196699990028164301699215148040328667448791236507580515757715305095752056751586405161845158271924926860792977679666745214140157372837335171163610303397614185724345370823715702536900851411840419272006386072259638 0 0 0 0 0 0 0 0 0 0 0 0 0 0 0 0 0 0 0 0 0 0 0 0 0 0 0 0 0 0 0 0 0 0 0 0 0 0 0 0 1 0 0 0 0 0 0 0 0 0 0 0 0 0 0 0 0 0 0 0 0 0 0 0 0 0 0 0 0 0 0 0 0 0 0 0 0 0 0 0 0 0 0 0 0 0 0 0 0 0 0 0 0 0]
[3000533821404102001913376110194971904806361242458817421819111383426816381111235292276292260670570921757463731161245919407249042489375816830737158852053053324223916186045862568666568631402747753956182709207191314258422393629636777518111904774501421303608486844050619819455020413007437220 0 0 0 0 0 0 0 0 0 0 0 0 0 0 0 0 0 0 0 0 0 0 0 0 0 0 0 0 0 0 0 0 0 0 0 0 0 0 0 0 0 1 0 0 0 0 0 0 0 0 0 0 0 0 0 0 0 0 0 0 0 0 0 0 0 0 0 0 0 0 0 0 0 0 0 0 0 0 0 0 0 0 0 0 0 0 0 0 0 0 0 0 0 0]
[749204458690819070149528218718752362808607576514798722193056291525968258637816683047028241085235083625154921633411874502957940346452370615956922909895211398676641480310537178202805459632244218602426987275947936710614785687785872546776981224656237600038047361959095231145479302802257160 0 0 0 0 0 0 0 0 0 0 0 0 0 0 0 0 0 0 0 0 0 0 0 0 0 0 0 0 0 0 0 0 0 0 0 0 0 0 0 0 0 0 1 0 0 0 0 0 0 0 0 0 0 0 0 0 0 0 0 0 0 0 0 0 0 0 0 0 0 0 0 0 0 0 0 0 0 0 0 0 0 0 0 0 0 0 0 0 0 0 0 0 0 0]
[129555504007668510595931419480786277691864984981852343707930954131505312664063688566983618054861639964639664494235292066525979038436758414731260837331284896621268727131763823683437640792995742100591267116101983959242269835595191829046288788117433675849435677305592889034587658181735399 0 0 0 0 0 0 0 0 0 0 0 0 0 0 0 0 0 0 0 0 0 0 0 0 0 0 0 0 0 0 0 0 0 0 0 0 0 0 0 0 0 0 0 1 0 0 0 0 0 0 0 0 0 0 0 0 0 0 0 0 0 0 0 0 0 0 0 0 0 0 0 0 0 0 0 0 0 0 0 0 0 0 0 0 0 0 0 0 0 0 0 0 0 0]
[1512664865280734962954679072353521903112809583133868282554048207911552496662987357050342527659547375562762330880175374522881142187059013193135615106620110153937215997318359697410503943006684166924854412369463135763598004210677541191351766972898988549567947598374172102842183813137159983 0 0 0 0 0 0 0 0 0 0 0 0 0 0 0 0 0 0 0 0 0 0 0 0 0 0 0 0 0 0 0 0 0 0 0 0 0 0 0 0 0 0 0 0 1 0 0 0 0 0 0 0 0 0 0 0 0 0 0 0 0 0 0 0 0 0 0 0 0 0 0 0 0 0 0 0 0 0 0 0 0 0 0 0 0 0 0 0 0 0 0 0 0 0]
[5994518536171113470968503920863823448386411120474105023596428456184838107112597775235122801080400691197199963337230236641045240996239605935535563600915860283028679235508886049219935030143890196518895110266962456644911488206701890858116287749512872894579754244276738461854669385243561930 0 0 0 0 0 0 0 0 0 0 0 0 0 0 0 0 0 0 0 0 0 0 0 0 0 0 0 0 0 0 0 0 0 0 0 0 0 0 0 0 0 0 0 0 0 1 0 0 0 0 0 0 0 0 0 0 0 0 0 0 0 0 0 0 0 0 0 0 0 0 0 0 0 0 0 0 0 0 0 0 0 0 0 0 0 0 0 0 0 0 0 0 0 0]
[5799679925761100272275085984115059131789168303544735122588597331512810251070275229037796377299458830538839314444806092187358668130209083968706538564461178582522968571441852651816082069514669947534734832022921850520995722610213492242052274806654903962719180977644258328267645260292556000 0 0 0 0 0 0 0 0 0 0 0 0 0 0 0 0 0 0 0 0 0 0 0 0 0 0 0 0 0 0 0 0 0 0 0 0 0 0 0 0 0 0 0 0 0 0 1 0 0 0 0 0 0 0 0 0 0 0 0 0 0 0 0 0 0 0 0 0 0 0 0 0 0 0 0 0 0 0 0 0 0 0 0 0 0 0 0 0 0 0 0 0 0 0]
[6402065033691621841296708561592232385639740537038067058963963711331789062101995933852823915749527425167682247867464532555671871711540991567029010860808336647456772235169655777236698810256619782131116076119672686099877698805602911270935927462006794528146130665797268035707966154937544746 0 0 0 0 0 0 0 0 0 0 0 0 0 0 0 0 0 0 0 0 0 0 0 0 0 0 0 0 0 0 0 0 0 0 0 0 0 0 0 0 0 0 0 0 0 0 0 1 0 0 0 0 0 0 0 0 0 0 0 0 0 0 0 0 0 0 0 0 0 0 0 0 0 0 0 0 0 0 0 0 0 0 0 0 0 0 0 0 0 0 0 0 0 0]
[2518988526548281212116145315571329450875481630129628188250157740791113010080195316313049364770297202365351521370174430852757861398196476764225699477112477647362125780943281347550282201907677053450704083892873169692775220942203542966483816242525981233497994907428369265404949427442155364 0 0 0 0 0 0 0 0 0 0 0 0 0 0 0 0 0 0 0 0 0 0 0 0 0 0 0 0 0 0 0 0 0 0 0 0 0 0 0 0 0 0 0 0 0 0 0 0 1 0 0 0 0 0 0 0 0 0 0 0 0 0 0 0 0 0 0 0 0 0 0 0 0 0 0 0 0 0 0 0 0 0 0 0 0 0 0 0 0 0 0 0 0 0]
[4986826868380156942560799692217789998805539582523697768264776049951086439311565858283127100497567037224273537482411667647157206771680622336864297442022835918152574771991721462031606054365247994756782156401188061528905042104734303360709300588676029318418972193699655001625675467375808261 0 0 0 0 0 0 0 0 0 0 0 0 0 0 0 0 0 0 0 0 0 0 0 0 0 0 0 0 0 0 0 0 0 0 0 0 0 0 0 0 0 0 0 0 0 0 0 0 0 1 0 0 0 0 0 0 0 0 0 0 0 0 0 0 0 0 0 0 0 0 0 0 0 0 0 0 0 0 0 0 0 0 0 0 0 0 0 0 0 0 0 0 0 0]
[599569343818188387951255020775680530146287957286755928127193887776251683629330434412597053472966547030371044091758376431008791428076717681864726879831993266843432279524720474530071594549882147538444686068636177952190782866632646164642753762685768114873748090618325991729315279720405166 0 0 0 0 0 0 0 0 0 0 0 0 0 0 0 0 0 0 0 0 0 0 0 0 0 0 0 0 0 0 0 0 0 0 0 0 0 0 0 0 0 0 0 0 0 0 0 0 0 0 1 0 0 0 0 0 0 0 0 0 0 0 0 0 0 0 0 0 0 0 0 0 0 0 0 0 0 0 0 0 0 0 0 0 0 0 0 0 0 0 0 0 0 0]
[5676249181552379090512124184469806649309304102136273365781120185045938111655009585739227335771271500783050027975276799342910357849539596497003788503746114267505346079710099095265934523999328789050319692736635849065040423139752812020470875152457896206203864369763371811802138880938797743 0 0 0 0 0 0 0 0 0 0 0 0 0 0 0 0 0 0 0 0 0 0 0 0 0 0 0 0 0 0 0 0 0 0 0 0 0 0 0 0 0 0 0 0 0 0 0 0 0 0 0 1 0 0 0 0 0 0 0 0 0 0 0 0 0 0 0 0 0 0 0 0 0 0 0 0 0 0 0 0 0 0 0 0 0 0 0 0 0 0 0 0 0 0]
[1166526570713235995277972705185640919189061359872197096347513766665780336759219721546981121658167009219664301151079219116672180667826308114318101700256359229684066203025258162355790233519628556865974844420269708365803487549595633322261449135209548125157495093100977777705910287759220352 0 0 0 0 0 0 0 0 0 0 0 0 0 0 0 0 0 0 0 0 0 0 0 0 0 0 0 0 0 0 0 0 0 0 0 0 0 0 0 0 0 0 0 0 0 0 0 0 0 0 0 0 1 0 0 0 0 0 0 0 0 0 0 0 0 0 0 0 0 0 0 0 0 0 0 0 0 0 0 0 0 0 0 0 0 0 0 0 0 0 0 0 0 0]
[4345879495265822054959126045712546361669030346261243921353893614943472733746125258937657907380110395112663143168944432241839518699832599435136994523684740714029183168749328436316838956465619522649991980510043164143687298452372235976169628377117896391066377714532065469363395003058875438 0 0 0 0 0 0 0 0 0 0 0 0 0 0 0 0 0 0 0 0 0 0 0 0 0 0 0 0 0 0 0 0 0 0 0 0 0 0 0 0 0 0 0 0 0 0 0 0 0 0 0 0 0 1 0 0 0 0 0 0 0 0 0 0 0 0 0 0 0 0 0 0 0 0 0 0 0 0 0 0 0 0 0 0 0 0 0 0 0 0 0 0 0 0]
[4042800363985181613217388220636038064859773464755999581900607164252865703926315735054295375480981889282206972430953699455925716857905459163416326386063283786588998136966908174954259802275410783640242788893183507891800948567773429602009191697120766849447248055819419279554793319305779350 0 0 0 0 0 0 0 0 0 0 0 0 0 0 0 0 0 0 0 0 0 0 0 0 0 0 0 0 0 0 0 0 0 0 0 0 0 0 0 0 0 0 0 0 0 0 0 0 0 0 0 0 0 0 1 0 0 0 0 0 0 0 0 0 0 0 0 0 0 0 0 0 0 0 0 0 0 0 0 0 0 0 0 0 0 0 0 0 0 0 0 0 0 0]
[4301020420387882911371417018220962746531466354481650627811796907935395596754284799716507779346453904351825434934350344630082730894808732076257546043997853761540926098011596487574977776568307886414500769060028125389960077305498909119218734722776346904274870308802973493581041831730654068 0 0 0 0 0 0 0 0 0 0 0 0 0 0 0 0 0 0 0 0 0 0 0 0 0 0 0 0 0 0 0 0 0 0 0 0 0 0 0 0 0 0 0 0 0 0 0 0 0 0 0 0 0 0 0 1 0 0 0 0 0 0 0 0 0 0 0 0 0 0 0 0 0 0 0 0 0 0 0 0 0 0 0 0 0 0 0 0 0 0 0 0 0 0]
[3658934944590948651437558709337920560146241912658972475397713802106829739610580149672717336082948602585127934823984600819461476816730898869771197344498583012296790367508042557692804040074720124781976861672808389597529302596871296470966786735226873676990036417797273853929095237613075481 0 0 0 0 0 0 0 0 0 0 0 0 0 0 0 0 0 0 0 0 0 0 0 0 0 0 0 0 0 0 0 0 0 0 0 0 0 0 0 0 0 0 0 0 0 0 0 0 0 0 0 0 0 0 0 0 1 0 0 0 0 0 0 0 0 0 0 0 0 0 0 0 0 0 0 0 0 0 0 0 0 0 0 0 0 0 0 0 0 0 0 0 0 0]
[3573322989845388614468061579539275020196668666184670262184676220365861788231534144466211651181635031146376736538197287872097899118718403654350631277495888918334344574870363375983721092556886079893390140969263924402147175527959628878994851067025617549367953051397918407979923564213203170 0 0 0 0 0 0 0 0 0 0 0 0 0 0 0 0 0 0 0 0 0 0 0 0 0 0 0 0 0 0 0 0 0 0 0 0 0 0 0 0 0 0 0 0 0 0 0 0 0 0 0 0 0 0 0 0 0 1 0 0 0 0 0 0 0 0 0 0 0 0 0 0 0 0 0 0 0 0 0 0 0 0 0 0 0 0 0 0 0 0 0 0 0 0]
[3948502384269977628871553598294432187471110675089371725001995879096726975880755320159751091473951609043866442526151732555229162721668686015186496680103292726895099115393781952977458489043977918107044490761784257053349236992181752525850746744393343235420283440915225305417125180115594258 0 0 0 0 0 0 0 0 0 0 0 0 0 0 0 0 0 0 0 0 0 0 0 0 0 0 0 0 0 0 0 0 0 0 0 0 0 0 0 0 0 0 0 0 0 0 0 0 0 0 0 0 0 0 0 0 0 0 1 0 0 0 0 0 0 0 0 0 0 0 0 0 0 0 0 0 0 0 0 0 0 0 0 0 0 0 0 0 0 0 0 0 0 0]
[6273371364918441553968910513919891664753958612238037741890485465572484139115933227807856067482836949192030845662379018179138947822054240418409783032312043346819462447273753386478066070881924317083360775506384900701375872284585578062438074469200379839614707469376593898159869812591174069 0 0 0 0 0 0 0 0 0 0 0 0 0 0 0 0 0 0 0 0 0 0 0 0 0 0 0 0 0 0 0 0 0 0 0 0 0 0 0 0 0 0 0 0 0 0 0 0 0 0 0 0 0 0 0 0 0 0 0 1 0 0 0 0 0 0 0 0 0 0 0 0 0 0 0 0 0 0 0 0 0 0 0 0 0 0 0 0 0 0 0 0 0 0]
[2655685873604918466957007502344789223650775959354838515156935156602724767692420638279715397746604734700298974329788267261935435310519539751025112974100529735610249609175364467114676853446127216579541270004356534267664735381404081950559689321102371757907467503331539882072078813744089815 0 0 0 0 0 0 0 0 0 0 0 0 0 0 0 0 0 0 0 0 0 0 0 0 0 0 0 0 0 0 0 0 0 0 0 0 0 0 0 0 0 0 0 0 0 0 0 0 0 0 0 0 0 0 0 0 0 0 0 0 1 0 0 0 0 0 0 0 0 0 0 0 0 0 0 0 0 0 0 0 0 0 0 0 0 0 0 0 0 0 0 0 0 0]
[140942997901593302483105721599748745175036107248319006332225200165880413201472994727321057645602436188587682873291612700099619859652035151051331067720671399424384307553059975233926769010828327190893855050033586113244059404380613432135735802244167193268494804609921213700608090251765464 0 0 0 0 0 0 0 0 0 0 0 0 0 0 0 0 0 0 0 0 0 0 0 0 0 0 0 0 0 0 0 0 0 0 0 0 0 0 0 0 0 0 0 0 0 0 0 0 0 0 0 0 0 0 0 0 0 0 0 0 0 1 0 0 0 0 0 0 0 0 0 0 0 0 0 0 0 0 0 0 0 0 0 0 0 0 0 0 0 0 0 0 0 0]
[4945361561538814820569628614752165102165933423703076725196281131869139416870321350031991018916001604795345996983103114098981920170944856720573593611123454129569121398270224207591425319012419072131109109282322124409202981417327058107495040997547547346446202721343559665764902658138364741 0 0 0 0 0 0 0 0 0 0 0 0 0 0 0 0 0 0 0 0 0 0 0 0 0 0 0 0 0 0 0 0 0 0 0 0 0 0 0 0 0 0 0 0 0 0 0 0 0 0 0 0 0 0 0 0 0 0 0 0 0 0 1 0 0 0 0 0 0 0 0 0 0 0 0 0 0 0 0 0 0 0 0 0 0 0 0 0 0 0 0 0 0 0]
[2782664418805814333451885854946098846330866889883762701016475093309387870333650627769170518579436234754984760492773083213360349898945430593622871592498326360254455011092236952032026143322627663951843981070535024478380594911134227860314259847323836683633634450120966257638255972282691038 0 0 0 0 0 0 0 0 0 0 0 0 0 0 0 0 0 0 0 0 0 0 0 0 0 0 0 0 0 0 0 0 0 0 0 0 0 0 0 0 0 0 0 0 0 0 0 0 0 0 0 0 0 0 0 0 0 0 0 0 0 0 0 1 0 0 0 0 0 0 0 0 0 0 0 0 0 0 0 0 0 0 0 0 0 0 0 0 0 0 0 0 0 0]
[3912722853988624486679493597021148776450677736488190164832174129134994021711757053722244167218494336335095646391256964956256040370844207387518995485227000848293235364830856078096647611289868185965822678916924818469335242446352204445752955318823650960101506906957173534404936261740421530 0 0 0 0 0 0 0 0 0 0 0 0 0 0 0 0 0 0 0 0 0 0 0 0 0 0 0 0 0 0 0 0 0 0 0 0 0 0 0 0 0 0 0 0 0 0 0 0 0 0 0 0 0 0 0 0 0 0 0 0 0 0 0 0 1 0 0 0 0 0 0 0 0 0 0 0 0 0 0 0 0 0 0 0 0 0 0 0 0 0 0 0 0 0]
[1733973546424121462354668540932722459537732476422259591691532114889250951870467024166490621309898636357022012589099414325033774884697295069928658373397413916770052196931243965225423191599397246295336609733116650881613869874597633984329393711713366252235488864231678761576151258281683867 0 0 0 0 0 0 0 0 0 0 0 0 0 0 0 0 0 0 0 0 0 0 0 0 0 0 0 0 0 0 0 0 0 0 0 0 0 0 0 0 0 0 0 0 0 0 0 0 0 0 0 0 0 0 0 0 0 0 0 0 0 0 0 0 0 1 0 0 0 0 0 0 0 0 0 0 0 0 0 0 0 0 0 0 0 0 0 0 0 0 0 0 0 0]
[1853859361142318412322824004398409731227577122393813026950184384401095980931011242186803582421560906292795795331787870618145433466058943935339590965617545661366154645690542716410650886182682456535339417692484557367203008690267592862671627631980282780380781357843680828366794053137776782 0 0 0 0 0 0 0 0 0 0 0 0 0 0 0 0 0 0 0 0 0 0 0 0 0 0 0 0 0 0 0 0 0 0 0 0 0 0 0 0 0 0 0 0 0 0 0 0 0 0 0 0 0 0 0 0 0 0 0 0 0 0 0 0 0 0 1 0 0 0 0 0 0 0 0 0 0 0 0 0 0 0 0 0 0 0 0 0 0 0 0 0 0 0]
[1749001332335290072846203096734503836052955114562815880155233618742516512564625309238408315304110058301378201236148469436058769098391208303191970448709845521658055117939354924646435183534083599318996984203120493288203279144444793112709004210313061031260478124062852107093864002973569348 0 0 0 0 0 0 0 0 0 0 0 0 0 0 0 0 0 0 0 0 0 0 0 0 0 0 0 0 0 0 0 0 0 0 0 0 0 0 0 0 0 0 0 0 0 0 0 0 0 0 0 0 0 0 0 0 0 0 0 0 0 0 0 0 0 0 0 1 0 0 0 0 0 0 0 0 0 0 0 0 0 0 0 0 0 0 0 0 0 0 0 0 0 0]
[4023416884556951136840526242521967253711195707969969556096588507238416066991460820279449514830539065803216533176940484295693989621588935767766125828084800640038690599682847708203015097590184020296642099560351623738082014449056858201945912624126947240280946765219577849337672936103303273 0 0 0 0 0 0 0 0 0 0 0 0 0 0 0 0 0 0 0 0 0 0 0 0 0 0 0 0 0 0 0 0 0 0 0 0 0 0 0 0 0 0 0 0 0 0 0 0 0 0 0 0 0 0 0 0 0 0 0 0 0 0 0 0 0 0 0 0 1 0 0 0 0 0 0 0 0 0 0 0 0 0 0 0 0 0 0 0 0 0 0 0 0 0]
[5947428704134702032225020323929393351352713647917524918297836523722649398483824115169044242579809644174484831137837722738557926170565720999755475379741109296170568409659396520675139213506933185570282889606856462867719122167726911324270046355529045037537820615384265595429396951238204713 0 0 0 0 0 0 0 0 0 0 0 0 0 0 0 0 0 0 0 0 0 0 0 0 0 0 0 0 0 0 0 0 0 0 0 0 0 0 0 0 0 0 0 0 0 0 0 0 0 0 0 0 0 0 0 0 0 0 0 0 0 0 0 0 0 0 0 0 0 1 0 0 0 0 0 0 0 0 0 0 0 0 0 0 0 0 0 0 0 0 0 0 0 0]
[2919668172586999168525968448085056470385258746325385734406379387978540733810067855075417930478399090545294012535196618179948129312260453972205642616336743115320687003786274462272940543994748139035655320209887251480179402839754186454614639742721808686209856391429661642124785380785010246 0 0 0 0 0 0 0 0 0 0 0 0 0 0 0 0 0 0 0 0 0 0 0 0 0 0 0 0 0 0 0 0 0 0 0 0 0 0 0 0 0 0 0 0 0 0 0 0 0 0 0 0 0 0 0 0 0 0 0 0 0 0 0 0 0 0 0 0 0 0 1 0 0 0 0 0 0 0 0 0 0 0 0 0 0 0 0 0 0 0 0 0 0 0]
[1993354681570408261829138061761280730996243074408453301617986866508668611613743929367433083093749095508697591692762440683696845781314040892338416452938072244720403669276110294482553686383117730549769214835295144520875792050650866709000247725880149722732436175575402023410173918616700765 0 0 0 0 0 0 0 0 0 0 0 0 0 0 0 0 0 0 0 0 0 0 0 0 0 0 0 0 0 0 0 0 0 0 0 0 0 0 0 0 0 0 0 0 0 0 0 0 0 0 0 0 0 0 0 0 0 0 0 0 0 0 0 0 0 0 0 0 0 0 0 1 0 0 0 0 0 0 0 0 0 0 0 0 0 0 0 0 0 0 0 0 0 0]
[6055764431565126164176369576918161830556867051043300168367467338995901661094265687453597028333295677592839592583134930535043320852794701117682206635402574311555055934251697963328886856043986604890068887349723026477270850753023226906568353133666171459870602815755334183768452233048149388 0 0 0 0 0 0 0 0 0 0 0 0 0 0 0 0 0 0 0 0 0 0 0 0 0 0 0 0 0 0 0 0 0 0 0 0 0 0 0 0 0 0 0 0 0 0 0 0 0 0 0 0 0 0 0 0 0 0 0 0 0 0 0 0 0 0 0 0 0 0 0 0 1 0 0 0 0 0 0 0 0 0 0 0 0 0 0 0 0 0 0 0 0 0]
[416175374434023864603427265125670314136010061078107101717546865189679420166018125363289095566083562670556699323477016546694852762922602662366797066744813725440813819326154074278910513450393260677298251846741786822567510231341241187669966439991890951423895691147366212696829333425521952 0 0 0 0 0 0 0 0 0 0 0 0 0 0 0 0 0 0 0 0 0 0 0 0 0 0 0 0 0 0 0 0 0 0 0 0 0 0 0 0 0 0 0 0 0 0 0 0 0 0 0 0 0 0 0 0 0 0 0 0 0 0 0 0 0 0 0 0 0 0 0 0 0 1 0 0 0 0 0 0 0 0 0 0 0 0 0 0 0 0 0 0 0 0]
[1351606817909730206206504657163919376349561077685140789454268836116900636924433184311877718042822605300765311513275061090171081659855990315187094474967729887407067622627800075714943255528063877373791335317529085883839379084760198986237770399601713464644358151192390226474736116350312762 0 0 0 0 0 0 0 0 0 0 0 0 0 0 0 0 0 0 0 0 0 0 0 0 0 0 0 0 0 0 0 0 0 0 0 0 0 0 0 0 0 0 0 0 0 0 0 0 0 0 0 0 0 0 0 0 0 0 0 0 0 0 0 0 0 0 0 0 0 0 0 0 0 0 1 0 0 0 0 0 0 0 0 0 0 0 0 0 0 0 0 0 0 0]
[1216601352695056000238655594367522188628626666512517467380582679377206359571333566199774020603700040363804388171987296271549074222146069207979230358601386759762523111362405497745277149634026670664793020492187479946127770796281480587463663215632136628569917832551193728772119534385755452 0 0 0 0 0 0 0 0 0 0 0 0 0 0 0 0 0 0 0 0 0 0 0 0 0 0 0 0 0 0 0 0 0 0 0 0 0 0 0 0 0 0 0 0 0 0 0 0 0 0 0 0 0 0 0 0 0 0 0 0 0 0 0 0 0 0 0 0 0 0 0 0 0 0 0 1 0 0 0 0 0 0 0 0 0 0 0 0 0 0 0 0 0 0]
[3121051640313445999364818208578511281843638056270739037566382384573546784369711947554482411326144538786281937741720937884116062997636485893985001973638940978767002623170734942782873202063699463144364239013651123318511505128595784084453247619262116295298189990975808002248777345100418175 0 0 0 0 0 0 0 0 0 0 0 0 0 0 0 0 0 0 0 0 0 0 0 0 0 0 0 0 0 0 0 0 0 0 0 0 0 0 0 0 0 0 0 0 0 0 0 0 0 0 0 0 0 0 0 0 0 0 0 0 0 0 0 0 0 0 0 0 0 0 0 0 0 0 0 0 1 0 0 0 0 0 0 0 0 0 0 0 0 0 0 0 0 0]
[5252270365908819965425082679059010738447813080272394006915328094688575191453401683347138976016502575025740516592880997327319368731616078451366260979922288825916009364769085610898676844424826857703231046835722195147833106783326686180621087386460947214238001017909310275955235132131195674 0 0 0 0 0 0 0 0 0 0 0 0 0 0 0 0 0 0 0 0 0 0 0 0 0 0 0 0 0 0 0 0 0 0 0 0 0 0 0 0 0 0 0 0 0 0 0 0 0 0 0 0 0 0 0 0 0 0 0 0 0 0 0 0 0 0 0 0 0 0 0 0 0 0 0 0 0 1 0 0 0 0 0 0 0 0 0 0 0 0 0 0 0 0]
[2971966542524787602643506233395207187680136373410453238172780507603091702822383936377434411646336332729138410753133616534865729120629831923843904404854410362016155971473767880348904887974907338594488905362014801461998316009141299936716658449923975767404116491353941641486947048748623936 0 0 0 0 0 0 0 0 0 0 0 0 0 0 0 0 0 0 0 0 0 0 0 0 0 0 0 0 0 0 0 0 0 0 0 0 0 0 0 0 0 0 0 0 0 0 0 0 0 0 0 0 0 0 0 0 0 0 0 0 0 0 0 0 0 0 0 0 0 0 0 0 0 0 0 0 0 0 1 0 0 0 0 0 0 0 0 0 0 0 0 0 0 0]
[3529650622048231535300234443375159403367211091317108275430862356276917213573361152567410434536590117942970876465087156499537469093565988230282100584960786841539317149892150722616426463291511975810636107712314613625194488694481369978921597742002432559053408873117727655705373757270407111 0 0 0 0 0 0 0 0 0 0 0 0 0 0 0 0 0 0 0 0 0 0 0 0 0 0 0 0 0 0 0 0 0 0 0 0 0 0 0 0 0 0 0 0 0 0 0 0 0 0 0 0 0 0 0 0 0 0 0 0 0 0 0 0 0 0 0 0 0 0 0 0 0 0 0 0 0 0 0 1 0 0 0 0 0 0 0 0 0 0 0 0 0 0]
[5029870730469022791934832175618386084154675990427546653276383072136757302273436580953239175576773009504113161350236977211418760840099309930415301110359518750908751582430753089161421582995317775983809412868314797737421748202572852202782365296147829708329327766903598783726964630739266596 0 0 0 0 0 0 0 0 0 0 0 0 0 0 0 0 0 0 0 0 0 0 0 0 0 0 0 0 0 0 0 0 0 0 0 0 0 0 0 0 0 0 0 0 0 0 0 0 0 0 0 0 0 0 0 0 0 0 0 0 0 0 0 0 0 0 0 0 0 0 0 0 0 0 0 0 0 0 0 0 1 0 0 0 0 0 0 0 0 0 0 0 0 0]
[5047551820534240632343933262043480610472022781441137389867283785935865418309181876884774749047305403347597078984258918178810109855979336504549461407199441666405400396258809933564952973864875726926939765884756263880521477314314465976070670212132842233403852932954388310984213846771660716 0 0 0 0 0 0 0 0 0 0 0 0 0 0 0 0 0 0 0 0 0 0 0 0 0 0 0 0 0 0 0 0 0 0 0 0 0 0 0 0 0 0 0 0 0 0 0 0 0 0 0 0 0 0 0 0 0 0 0 0 0 0 0 0 0 0 0 0 0 0 0 0 0 0 0 0 0 0 0 0 0 1 0 0 0 0 0 0 0 0 0 0 0 0]
[2968267802306530349639825049707014873178993659988195866656870337310042572930731660329429480626442351248404470814495925503906288485945073645021822437242273259227941624536521105898919453440139086478970407046388163254235620771941877400935074675836019467502818049940681748702874651106173535 0 0 0 0 0 0 0 0 0 0 0 0 0 0 0 0 0 0 0 0 0 0 0 0 0 0 0 0 0 0 0 0 0 0 0 0 0 0 0 0 0 0 0 0 0 0 0 0 0 0 0 0 0 0 0 0 0 0 0 0 0 0 0 0 0 0 0 0 0 0 0 0 0 0 0 0 0 0 0 0 0 0 1 0 0 0 0 0 0 0 0 0 0 0]
[5693643833609553734904729658565643466066125724018925974382680353084018748940101857197816992676228543451723200911835647060992137865103578915198074278830020927335484134807727931422567661911200498957508053295068808567274815288822360604523112366118702214983059437102170553714189847218653160 0 0 0 0 0 0 0 0 0 0 0 0 0 0 0 0 0 0 0 0 0 0 0 0 0 0 0 0 0 0 0 0 0 0 0 0 0 0 0 0 0 0 0 0 0 0 0 0 0 0 0 0 0 0 0 0 0 0 0 0 0 0 0 0 0 0 0 0 0 0 0 0 0 0 0 0 0 0 0 0 0 0 0 1 0 0 0 0 0 0 0 0 0 0]
[3543166777376591969111239782897498173709005504556648478933515934027692620098348550622479532172190446747061961917447073468480298530753029401832758173064224288399079091728520217196035159906709987430193462787142772852493684672191706569983876163670893024770891263642914852152812968664931665 0 0 0 0 0 0 0 0 0 0 0 0 0 0 0 0 0 0 0 0 0 0 0 0 0 0 0 0 0 0 0 0 0 0 0 0 0 0 0 0 0 0 0 0 0 0 0 0 0 0 0 0 0 0 0 0 0 0 0 0 0 0 0 0 0 0 0 0 0 0 0 0 0 0 0 0 0 0 0 0 0 0 0 0 1 0 0 0 0 0 0 0 0 0]
[2772697908002710742435299979397687303197377132666269367057053599230079706711644796042496617717173685728596974235128669512664223312351893572368237949842975181509295465900205206354129092280675274723256819438454028441892278233273829241211323119881269242010937674098989514231435660315482378 0 0 0 0 0 0 0 0 0 0 0 0 0 0 0 0 0 0 0 0 0 0 0 0 0 0 0 0 0 0 0 0 0 0 0 0 0 0 0 0 0 0 0 0 0 0 0 0 0 0 0 0 0 0 0 0 0 0 0 0 0 0 0 0 0 0 0 0 0 0 0 0 0 0 0 0 0 0 0 0 0 0 0 0 0 1 0 0 0 0 0 0 0 0]
[2220652722572499267090034212207129717940906420961837913231496982308417735761779265020951779582308860629530255067076692865048915220068672587563095355001237921856386757465467977004559217772566187174438748111024662178051045375224066105392927560970514396757916046129202385309438815038874746 0 0 0 0 0 0 0 0 0 0 0 0 0 0 0 0 0 0 0 0 0 0 0 0 0 0 0 0 0 0 0 0 0 0 0 0 0 0 0 0 0 0 0 0 0 0 0 0 0 0 0 0 0 0 0 0 0 0 0 0 0 0 0 0 0 0 0 0 0 0 0 0 0 0 0 0 0 0 0 0 0 0 0 0 0 0 1 0 0 0 0 0 0 0]
[1400353946150045498987717503568374485231629985446235601902609546986521713891280675868839395810223856733224328016670186796272233292378617823271136817252961528820139864346028163000748237180790011332052266501730039776963439548172772908148139501905917321963094978475836828123692489353966788 0 0 0 0 0 0 0 0 0 0 0 0 0 0 0 0 0 0 0 0 0 0 0 0 0 0 0 0 0 0 0 0 0 0 0 0 0 0 0 0 0 0 0 0 0 0 0 0 0 0 0 0 0 0 0 0 0 0 0 0 0 0 0 0 0 0 0 0 0 0 0 0 0 0 0 0 0 0 0 0 0 0 0 0 0 0 0 1 0 0 0 0 0 0]
[277909220163461071593770530359422500285220082751457115122403749389703462528616203414520785863175074107972314284150341226877489361719877452264792802238539554814838704743030399420161524804722911048104197471243981634304021340848377679648693075300862345594870650394863273392579752691338252 0 0 0 0 0 0 0 0 0 0 0 0 0 0 0 0 0 0 0 0 0 0 0 0 0 0 0 0 0 0 0 0 0 0 0 0 0 0 0 0 0 0 0 0 0 0 0 0 0 0 0 0 0 0 0 0 0 0 0 0 0 0 0 0 0 0 0 0 0 0 0 0 0 0 0 0 0 0 0 0 0 0 0 0 0 0 0 0 1 0 0 0 0 0]
[4985959256809418403754448266240288004078518578197653102090198614216515851712407531868182807220529976966332075882905363268631038316656062600134749918930319918992291841012947576675441772753367669745911637322494879927151820820163139846100526343984377075839962619366598190964919258209522924 0 0 0 0 0 0 0 0 0 0 0 0 0 0 0 0 0 0 0 0 0 0 0 0 0 0 0 0 0 0 0 0 0 0 0 0 0 0 0 0 0 0 0 0 0 0 0 0 0 0 0 0 0 0 0 0 0 0 0 0 0 0 0 0 0 0 0 0 0 0 0 0 0 0 0 0 0 0 0 0 0 0 0 0 0 0 0 0 0 1 0 0 0 0]
[1327391764888248033729281008180517223399738264937291198058423330536451852440992981818869609368963247824021845049216839301454190355940075509967891591423464349206819478400671981001286377803295993885242455778452321273746783619043823195778179009123503471895506755772707189425757457432472567 0 0 0 0 0 0 0 0 0 0 0 0 0 0 0 0 0 0 0 0 0 0 0 0 0 0 0 0 0 0 0 0 0 0 0 0 0 0 0 0 0 0 0 0 0 0 0 0 0 0 0 0 0 0 0 0 0 0 0 0 0 0 0 0 0 0 0 0 0 0 0 0 0 0 0 0 0 0 0 0 0 0 0 0 0 0 0 0 0 0 1 0 0 0]
[5441798074795196787032917885159482785633139257204629194647929779147213340827038316905492791229734199502372594960731877651731269306405483582685702896345429656503269280044390549851827519431637408162843318203122376065874513099156104748648132225638389943713100995551078055832451974846418363 0 0 0 0 0 0 0 0 0 0 0 0 0 0 0 0 0 0 0 0 0 0 0 0 0 0 0 0 0 0 0 0 0 0 0 0 0 0 0 0 0 0 0 0 0 0 0 0 0 0 0 0 0 0 0 0 0 0 0 0 0 0 0 0 0 0 0 0 0 0 0 0 0 0 0 0 0 0 0 0 0 0 0 0 0 0 0 0 0 0 0 1 0 0]
[4539172392003759563194492097905161299339666813947540471058917703169081983969060067269207904327600085412480677306741477993237482868647846557181964691448165012160036771212798143960864319712045467602194991154151113122813500604260167336636580846618550424422592005124395237312021947333492482 0 0 0 0 0 0 0 0 0 0 0 0 0 0 0 0 0 0 0 0 0 0 0 0 0 0 0 0 0 0 0 0 0 0 0 0 0 0 0 0 0 0 0 0 0 0 0 0 0 0 0 0 0 0 0 0 0 0 0 0 0 0 0 0 0 0 0 0 0 0 0 0 0 0 0 0 0 0 0 0 0 0 0 0 0 0 0 0 0 0 0 0 1 0]
[5719580753962875769227881518224873081810202979809806419286347388921295322195059025233235586187993195883236296217405716117340915459987187155996806354227403056025703773338923754340296543959266597468870656836590999011811134073030263713847395103760693028323293037393284530030501303724383320 0 0 0 0 0 0 0 0 0 0 0 0 0 0 0 0 0 0 0 0 0 0 0 0 0 0 0 0 0 0 0 0 0 0 0 0 0 0 0 0 0 0 0 0 0 0 0 0 0 0 0 0 0 0 0 0 0 0 0 0 0 0 0 0 0 0 0 0 0 0 0 0 0 0 0 0 0 0 0 0 0 0 0 0 0 0 0 0 0 0 0 0 0 1]
]
