[[8798343835703864312686882953927945484608173859682703254749844071494461929163265749506389433247834075280380853684903286027148700966138145428397407992672962257366440422981003414148983336102472788157918525469848804787748601182249132521598163207451194870532959919611219830244299126748819351 0 0 0 0 0 0 0 0 0 0 0 0 0 0 0 0 0 0 0 0 0 0 0 0 0 0 0 0 0 0 0 0 0 0 0 0 0 0 0 0 0 0 0 0 0 0 0 0 0 0 0 0 0 0 0 0 0 0 0 0 0 0 0 0 0 0 0 0 0 0 0 0 0 0 0 0 0 0 0 0 0 0 0 0 0 0 0 0 0 0 0 0 0 0]
[823011810101138292687393798235215620834827410852841130178600990712218085368674111164000052707235873525402758983292532641685486345487131722272931378683047904811097974372665858708388263647068138001395894001986040901276802577193142545978320402349316061148451364179655693475125086951673782 1 0 0 0 0 0 0 0 0 0 0 0 0 0 0 0 0 0 0 0 0 0 0 0 0 0 0 0 0 0 0 0 0 0 0 0 0 0 0 0 0 0 0 0 0 0 0 0 0 0 0 0 0 0 0 0 0 0 0 0 0 0 0 0 0 0 0 0 0 0 0 0 0 0 0 0 0 0 0 0 0 0 0 0 0 0 0 0 0 0 0 0 0 0]
[6474512791150995548421536143305563248014754849660764088356979037427147406838790862631356628913609194833518703583508886033667005142582363343954795854747518561364885012037245333886904101987539267757633009481429555933398244269458916508465672589259029171736610489189457819943338652596419460 0 1 0 0 0 0 0 0 0 0 0 0 0 0 0 0 0 0 0 0 0 0 0 0 0 0 0 0 0 0 0 0 0 0 0 0 0 0 0 0 0 0 0 0 0 0 0 0 0 0 0 0 0 0 0 0 0 0 0 0 0 0 0 0 0 0 0 0 0 0 0 0 0 0 0 0 0 0 0 0 0 0 0 0 0 0 0 0 0 0 0 0 0 0]
[370667478403671974693370201691725021002222441743094896003217992598272172218299776646119197460566255304334678666094282337525830721590137432633304770032346741546585089201471402067527739401066691981710762940421681607909489886647560058851566793184326047559366371049811910963589675313105624 0 0 1 0 0 0 0 0 0 0 0 0 0 0 0 0 0 0 0 0 0 0 0 0 0 0 0 0 0 0 0 0 0 0 0 0 0 0 0 0 0 0 0 0 0 0 0 0 0 0 0 0 0 0 0 0 0 0 0 0 0 0 0 0 0 0 0 0 0 0 0 0 0 0 0 0 0 0 0 0 0 0 0 0 0 0 0 0 0 0 0 0 0 0]
[6552070540341461950444913351069164107600655890541676757164294784951720467739843459331586811435406151243532971935791663023003165190958604291531105828771885455667675775573441590518916118815190585591057047529147898889469434909671128733912762681893460681424926814761819632881947803177711753 0 0 0 1 0 0 0 0 0 0 0 0 0 0 0 0 0 0 0 0 0 0 0 0 0 0 0 0 0 0 0 0 0 0 0 0 0 0 0 0 0 0 0 0 0 0 0 0 0 0 0 0 0 0 0 0 0 0 0 0 0 0 0 0 0 0 0 0 0 0 0 0 0 0 0 0 0 0 0 0 0 0 0 0 0 0 0 0 0 0 0 0 0 0]
[2331103900287775746434053940791002682796565075615690490942797994915255803487367522650890797711927021496393675199489892742234283515791340543655406215840723820264132156312528846985982165412867106485787999865102919218365546676090942006671429317510333436963295266275765063090940456392523310 0 0 0 0 1 0 0 0 0 0 0 0 0 0 0 0 0 0 0 0 0 0 0 0 0 0 0 0 0 0 0 0 0 0 0 0 0 0 0 0 0 0 0 0 0 0 0 0 0 0 0 0 0 0 0 0 0 0 0 0 0 0 0 0 0 0 0 0 0 0 0 0 0 0 0 0 0 0 0 0 0 0 0 0 0 0 0 0 0 0 0 0 0 0]
[2098273733872568891501548116984964332622019968285330976161423177912477063315703017499929938857481521717776379007297807995370240617246121579027349842626492985929169893416751498922978548247345443241088874573436636268285655172296093668970879332290673663746189047318049231101365074469273095 0 0 0 0 0 1 0 0 0 0 0 0 0 0 0 0 0 0 0 0 0 0 0 0 0 0 0 0 0 0 0 0 0 0 0 0 0 0 0 0 0 0 0 0 0 0 0 0 0 0 0 0 0 0 0 0 0 0 0 0 0 0 0 0 0 0 0 0 0 0 0 0 0 0 0 0 0 0 0 0 0 0 0 0 0 0 0 0 0 0 0 0 0 0]
[8253348023825304793836247453192400853788418890005974183365573859470999300717613325442071478592555684628303939237768526183933466218752871824040937720063988837642631390533752768528233021693285095886910824946108189448852915786777287128070748749527375306670852122768791691650936803350350814 0 0 0 0 0 0 1 0 0 0 0 0 0 0 0 0 0 0 0 0 0 0 0 0 0 0 0 0 0 0 0 0 0 0 0 0 0 0 0 0 0 0 0 0 0 0 0 0 0 0 0 0 0 0 0 0 0 0 0 0 0 0 0 0 0 0 0 0 0 0 0 0 0 0 0 0 0 0 0 0 0 0 0 0 0 0 0 0 0 0 0 0 0 0]
[3000566098615500954160826404504161298404488991048548264482187986924319564271454015914024612263236839504227861211385012449678424274399150473733441376588794959548073574093819411674617536754394288981513798788169468763708598264051193331695771060083174967062304592163588705155088448849491684 0 0 0 0 0 0 0 1 0 0 0 0 0 0 0 0 0 0 0 0 0 0 0 0 0 0 0 0 0 0 0 0 0 0 0 0 0 0 0 0 0 0 0 0 0 0 0 0 0 0 0 0 0 0 0 0 0 0 0 0 0 0 0 0 0 0 0 0 0 0 0 0 0 0 0 0 0 0 0 0 0 0 0 0 0 0 0 0 0 0 0 0 0 0]
[124646604689254411080344763856337440723393201544026787059078400429224037592942523013862319259023042999756333211624088839100032998096939630620808343826172378187394050020087836845386565754272022764642771713170371823314470571022580484937335949445474564038993692825053823788467261509099630 0 0 0 0 0 0 0 0 1 0 0 0 0 0 0 0 0 0 0 0 0 0 0 0 0 0 0 0 0 0 0 0 0 0 0 0 0 0 0 0 0 0 0 0 0 0 0 0 0 0 0 0 0 0 0 0 0 0 0 0 0 0 0 0 0 0 0 0 0 0 0 0 0 0 0 0 0 0 0 0 0 0 0 0 0 0 0 0 0 0 0 0 0 0]
[7092561886226442407790646229899582659788435906604345096768943551205967712713277704959492131956761429712407471295604226279309642956544955876267482140583178043493849656053261265270589551851900649015942127582067366737877686306696459742478539346155504774353649805538481598681799918077150386 0 0 0 0 0 0 0 0 0 1 0 0 0 0 0 0 0 0 0 0 0 0 0 0 0 0 0 0 0 0 0 0 0 0 0 0 0 0 0 0 0 0 0 0 0 0 0 0 0 0 0 0 0 0 0 0 0 0 0 0 0 0 0 0 0 0 0 0 0 0 0 0 0 0 0 0 0 0 0 0 0 0 0 0 0 0 0 0 0 0 0 0 0 0]
[3987773997899074812292773425109961512197313928313890062350425714735811984552466583485303889100070514269683126466742023538515561794694639276140281963716093196197978127745456100263862191323583977453822734576189203143956945516679058052231217465355269820590443225787094223573830454649037587 0 0 0 0 0 0 0 0 0 0 1 0 0 0 0 0 0 0 0 0 0 0 0 0 0 0 0 0 0 0 0 0 0 0 0 0 0 0 0 0 0 0 0 0 0 0 0 0 0 0 0 0 0 0 0 0 0 0 0 0 0 0 0 0 0 0 0 0 0 0 0 0 0 0 0 0 0 0 0 0 0 0 0 0 0 0 0 0 0 0 0 0 0 0]
[965689572156681041024136092044661809949880187906709360697605792069771955048515187734001857782978275767569295926532735326470316108564746164999595083100766216303171222804290527642123798347787989032697709077176506468646299423467416238578462983361898200052789996392249351608036032686070526 0 0 0 0 0 0 0 0 0 0 0 1 0 0 0 0 0 0 0 0 0 0 0 0 0 0 0 0 0 0 0 0 0 0 0 0 0 0 0 0 0 0 0 0 0 0 0 0 0 0 0 0 0 0 0 0 0 0 0 0 0 0 0 0 0 0 0 0 0 0 0 0 0 0 0 0 0 0 0 0 0 0 0 0 0 0 0 0 0 0 0 0 0 0]
[5302787147053370555127610504325656275034790904663881756430634104186255633282257404494874771118542478995375679648749964955646874927657279932901062297355305166413371897670181938234120500843953637667591559965205628383628079890834959449232828138574849624298679201583761480942490654864770438 0 0 0 0 0 0 0 0 0 0 0 0 1 0 0 0 0 0 0 0 0 0 0 0 0 0 0 0 0 0 0 0 0 0 0 0 0 0 0 0 0 0 0 0 0 0 0 0 0 0 0 0 0 0 0 0 0 0 0 0 0 0 0 0 0 0 0 0 0 0 0 0 0 0 0 0 0 0 0 0 0 0 0 0 0 0 0 0 0 0 0 0 0 0]
[6995837176183853734116930650830307556226524129495635815077799692193002795825445567902506548071281261538833965388697622300756548128574972654604391006161255163900704516596280138948407106392241088724601337612041391714940812125262206918683551244942426198739028360898218766488118878417258562 0 0 0 0 0 0 0 0 0 0 0 0 0 1 0 0 0 0 0 0 0 0 0 0 0 0 0 0 0 0 0 0 0 0 0 0 0 0 0 0 0 0 0 0 0 0 0 0 0 0 0 0 0 0 0 0 0 0 0 0 0 0 0 0 0 0 0 0 0 0 0 0 0 0 0 0 0 0 0 0 0 0 0 0 0 0 0 0 0 0 0 0 0 0]
[1728141191629269855080215663649335309961288857983572539022958289086733341414293142578316658454429328290439816080524268456843761836080976542115756647012738079683721045962767897632473668818166423224423542555441494050097979790728973349477867855045334802794340476141457970841957052196175165 0 0 0 0 0 0 0 0 0 0 0 0 0 0 1 0 0 0 0 0 0 0 0 0 0 0 0 0 0 0 0 0 0 0 0 0 0 0 0 0 0 0 0 0 0 0 0 0 0 0 0 0 0 0 0 0 0 0 0 0 0 0 0 0 0 0 0 0 0 0 0 0 0 0 0 0 0 0 0 0 0 0 0 0 0 0 0 0 0 0 0 0 0 0]
[540993591168270484890421427687696640195606898819795505226881598582738644106034345105141437433101030482615497612955899470417308945541920719486181069082307341854466618226024428244493874498471708427784898528534164551442111493713297433654456005376455976133828899730887052038536067197668721 0 0 0 0 0 0 0 0 0 0 0 0 0 0 0 1 0 0 0 0 0 0 0 0 0 0 0 0 0 0 0 0 0 0 0 0 0 0 0 0 0 0 0 0 0 0 0 0 0 0 0 0 0 0 0 0 0 0 0 0 0 0 0 0 0 0 0 0 0 0 0 0 0 0 0 0 0 0 0 0 0 0 0 0 0 0 0 0 0 0 0 0 0 0]
[3110168362205025516807828538704744175271315081163794575220035924515061275787548565923934417722630471997801470621889299241741332296566478633946655182863506536234840821825460593567047865578879738149000004949827447248519948191710332394864880651976764012227063072022066529869615059713924296 0 0 0 0 0 0 0 0 0 0 0 0 0 0 0 0 1 0 0 0 0 0 0 0 0 0 0 0 0 0 0 0 0 0 0 0 0 0 0 0 0 0 0 0 0 0 0 0 0 0 0 0 0 0 0 0 0 0 0 0 0 0 0 0 0 0 0 0 0 0 0 0 0 0 0 0 0 0 0 0 0 0 0 0 0 0 0 0 0 0 0 0 0 0]
[7661464170688771169734317456808970788656063672364457738641074189316946591043404610277396027734552613447775092749179634867017697538540780442116891290513158909517949414837339969799089592557724961940004707253639699562962296599876152300827289035470311319607317680951983579451122371180263872 0 0 0 0 0 0 0 0 0 0 0 0 0 0 0 0 0 1 0 0 0 0 0 0 0 0 0 0 0 0 0 0 0 0 0 0 0 0 0 0 0 0 0 0 0 0 0 0 0 0 0 0 0 0 0 0 0 0 0 0 0 0 0 0 0 0 0 0 0 0 0 0 0 0 0 0 0 0 0 0 0 0 0 0 0 0 0 0 0 0 0 0 0 0]
[3236070390779733243348614292141306349232493281614191679648737019463939440371422231178229031681284748224683221898707512680914724671844507525574028876507311110672243806663633508844036119091381344761688439382151172383035715095083451484983958817942298609324789221380623082253880961517524377 0 0 0 0 0 0 0 0 0 0 0 0 0 0 0 0 0 0 1 0 0 0 0 0 0 0 0 0 0 0 0 0 0 0 0 0 0 0 0 0 0 0 0 0 0 0 0 0 0 0 0 0 0 0 0 0 0 0 0 0 0 0 0 0 0 0 0 0 0 0 0 0 0 0 0 0 0 0 0 0 0 0 0 0 0 0 0 0 0 0 0 0 0 0]
[1762506469792430232575779854109387774855880823685225564897431701694001020837865074361552865047543651864001132832887382818805043669500454319874963522493480709985692202969272570752309131603375557386378444711313076182710999897031672071321066240489551588993696487829660451071912595341193298 0 0 0 0 0 0 0 0 0 0 0 0 0 0 0 0 0 0 0 1 0 0 0 0 0 0 0 0 0 0 0 0 0 0 0 0 0 0 0 0 0 0 0 0 0 0 0 0 0 0 0 0 0 0 0 0 0 0 0 0 0 0 0 0 0 0 0 0 0 0 0 0 0 0 0 0 0 0 0 0 0 0 0 0 0 0 0 0 0 0 0 0 0 0]
[1172313944975513607549774099664035202773812730771773985794584924783220610040416990993760404994233386483344050400015361515136827147473630185395115746936831308260663170959726897685199520846361001588537211747662608325778083877119076161198104213407982705608543835404940114461738724062388022 0 0 0 0 0 0 0 0 0 0 0 0 0 0 0 0 0 0 0 0 1 0 0 0 0 0 0 0 0 0 0 0 0 0 0 0 0 0 0 0 0 0 0 0 0 0 0 0 0 0 0 0 0 0 0 0 0 0 0 0 0 0 0 0 0 0 0 0 0 0 0 0 0 0 0 0 0 0 0 0 0 0 0 0 0 0 0 0 0 0 0 0 0 0]
[2903124412291122072365482855874552602748384746113645235039426634281442335480318270602304033420080804920535545792574932384258989559690692269755279628749039232274943645699269358834042510397485013588319049051075910537762228482769809588217954831052265931321871324822445529540774589174560651 0 0 0 0 0 0 0 0 0 0 0 0 0 0 0 0 0 0 0 0 0 1 0 0 0 0 0 0 0 0 0 0 0 0 0 0 0 0 0 0 0 0 0 0 0 0 0 0 0 0 0 0 0 0 0 0 0 0 0 0 0 0 0 0 0 0 0 0 0 0 0 0 0 0 0 0 0 0 0 0 0 0 0 0 0 0 0 0 0 0 0 0 0 0]
[1351972030389424178476018335516686064131582380921746504216107685094026395015598438837371018328283980171928010538435059832576677196530536706965346184653783389298585747586951908696306854747188497665924303846996198198666933310905124711803124350406910536985829040056667137243856289042424542 0 0 0 0 0 0 0 0 0 0 0 0 0 0 0 0 0 0 0 0 0 0 1 0 0 0 0 0 0 0 0 0 0 0 0 0 0 0 0 0 0 0 0 0 0 0 0 0 0 0 0 0 0 0 0 0 0 0 0 0 0 0 0 0 0 0 0 0 0 0 0 0 0 0 0 0 0 0 0 0 0 0 0 0 0 0 0 0 0 0 0 0 0 0]
[3058832109014984318527221981160425029543574680485124742801520756001055865357859986204940879323834967029274668156877590398485505045775681341174574483745218089152749387008161462914114606245277939117214277799903062279502589403292640945045334587183442941181303838818550239551482790753731085 0 0 0 0 0 0 0 0 0 0 0 0 0 0 0 0 0 0 0 0 0 0 0 1 0 0 0 0 0 0 0 0 0 0 0 0 0 0 0 0 0 0 0 0 0 0 0 0 0 0 0 0 0 0 0 0 0 0 0 0 0 0 0 0 0 0 0 0 0 0 0 0 0 0 0 0 0 0 0 0 0 0 0 0 0 0 0 0 0 0 0 0 0 0]
[247381517504989386391662178099485077751663987253545976462526961101409876471637639410311743948940249940813406722680302178377804763323971741552875683659470293775934421960590199024270980077784487950778500812326539488695327948158890191741713876835944204693478917121142290484329785188732240 0 0 0 0 0 0 0 0 0 0 0 0 0 0 0 0 0 0 0 0 0 0 0 0 1 0 0 0 0 0 0 0 0 0 0 0 0 0 0 0 0 0 0 0 0 0 0 0 0 0 0 0 0 0 0 0 0 0 0 0 0 0 0 0 0 0 0 0 0 0 0 0 0 0 0 0 0 0 0 0 0 0 0 0 0 0 0 0 0 0 0 0 0 0]
[3313572366117287722062494208021682333462242786022577867950409726596877607716853190923234989995791446648491513160741890104123541899899374694356741734621332042070427980233256689320707848133338664493585793174228751970510764507608635302104551477018861317264135056859586204264605942299174343 0 0 0 0 0 0 0 0 0 0 0 0 0 0 0 0 0 0 0 0 0 0 0 0 0 1 0 0 0 0 0 0 0 0 0 0 0 0 0 0 0 0 0 0 0 0 0 0 0 0 0 0 0 0 0 0 0 0 0 0 0 0 0 0 0 0 0 0 0 0 0 0 0 0 0 0 0 0 0 0 0 0 0 0 0 0 0 0 0 0 0 0 0 0]
[5435886603419309747127613082592704205532232904953476263167949810080811521843054841230725634402145430348466542638841814160703587258184359826178977685139052733233105915175412984605646255313833049920516213507168195258207427738643815718810548713193023263758120942772147200834883032823116594 0 0 0 0 0 0 0 0 0 0 0 0 0 0 0 0 0 0 0 0 0 0 0 0 0 0 1 0 0 0 0 0 0 0 0 0 0 0 0 0 0 0 0 0 0 0 0 0 0 0 0 0 0 0 0 0 0 0 0 0 0 0 0 0 0 0 0 0 0 0 0 0 0 0 0 0 0 0 0 0 0 0 0 0 0 0 0 0 0 0 0 0 0 0]
[5237223938783423881591545569540997568556895756153388124641152547713688574421954618460040827737556029885565422570073569051495918320001318905852017668655285112259194160973693564797057437766508944234851605153160552617189297351170565273540033655278940114316096326044481887627372995153181144 0 0 0 0 0 0 0 0 0 0 0 0 0 0 0 0 0 0 0 0 0 0 0 0 0 0 0 1 0 0 0 0 0 0 0 0 0 0 0 0 0 0 0 0 0 0 0 0 0 0 0 0 0 0 0 0 0 0 0 0 0 0 0 0 0 0 0 0 0 0 0 0 0 0 0 0 0 0 0 0 0 0 0 0 0 0 0 0 0 0 0 0 0 0]
[1467700342650096236560351653890175008052024773031961809284506613196936117949232818393381465852234664084211262454567602116052185666665988467244961241157937055286370965194526101419081732074022301673668874512880644177696112136011682763509167835144081200188320370137376182279832862523991757 0 0 0 0 0 0 0 0 0 0 0 0 0 0 0 0 0 0 0 0 0 0 0 0 0 0 0 0 1 0 0 0 0 0 0 0 0 0 0 0 0 0 0 0 0 0 0 0 0 0 0 0 0 0 0 0 0 0 0 0 0 0 0 0 0 0 0 0 0 0 0 0 0 0 0 0 0 0 0 0 0 0 0 0 0 0 0 0 0 0 0 0 0 0]
[3046380978878346480097703511402965874567567718717390549979373880364035692618663550943006904188453180596025578674374976272237848183325221249296853413462430707025359743254956245694270376801626067744925421354820396106241549560049090115626659878057300265030650832209195459028291805915939256 0 0 0 0 0 0 0 0 0 0 0 0 0 0 0 0 0 0 0 0 0 0 0 0 0 0 0 0 0 1 0 0 0 0 0 0 0 0 0 0 0 0 0 0 0 0 0 0 0 0 0 0 0 0 0 0 0 0 0 0 0 0 0 0 0 0 0 0 0 0 0 0 0 0 0 0 0 0 0 0 0 0 0 0 0 0 0 0 0 0 0 0 0 0]
[7142519215943658839169839586667904269176357305353765352174718010336020624767381674780732552657077632778285359456771854918427237622595521185702419539247526811402722803635391254522325141941787792199327265165743194213107424399881131673526503362635623420528836391241740413950013587720067958 0 0 0 0 0 0 0 0 0 0 0 0 0 0 0 0 0 0 0 0 0 0 0 0 0 0 0 0 0 0 1 0 0 0 0 0 0 0 0 0 0 0 0 0 0 0 0 0 0 0 0 0 0 0 0 0 0 0 0 0 0 0 0 0 0 0 0 0 0 0 0 0 0 0 0 0 0 0 0 0 0 0 0 0 0 0 0 0 0 0 0 0 0 0]
[8340811970651763914957459738021073031493817158763062868494070510142747897519414844437433208071734994179412625888021704472092062369540570535275494953389628458466205823386033942612506609740618792658385434129552822597310033206021418289637077332495179309757300431620295714968102710463407724 0 0 0 0 0 0 0 0 0 0 0 0 0 0 0 0 0 0 0 0 0 0 0 0 0 0 0 0 0 0 0 1 0 0 0 0 0 0 0 0 0 0 0 0 0 0 0 0 0 0 0 0 0 0 0 0 0 0 0 0 0 0 0 0 0 0 0 0 0 0 0 0 0 0 0 0 0 0 0 0 0 0 0 0 0 0 0 0 0 0 0 0 0 0]
[8086066961923317042308348270201631887394845504818885670943988646921731656546238807905872135325110290350190155042619612273042840028138809160013536582457550967220446272533693807373568966823816899789225308497064209145755939191964816811219100777035085283887490284189038623231232596629193321 0 0 0 0 0 0 0 0 0 0 0 0 0 0 0 0 0 0 0 0 0 0 0 0 0 0 0 0 0 0 0 0 1 0 0 0 0 0 0 0 0 0 0 0 0 0 0 0 0 0 0 0 0 0 0 0 0 0 0 0 0 0 0 0 0 0 0 0 0 0 0 0 0 0 0 0 0 0 0 0 0 0 0 0 0 0 0 0 0 0 0 0 0 0]
[394372148856508310719255513379667149979560631072948659200074864008423827180003919898918804725485405977799550970193388524844755948772143992859814342430178654051969274635615606187267435122979309031243702447173342264792159802401047036958622125505115056663178238025879516013425965631483211 0 0 0 0 0 0 0 0 0 0 0 0 0 0 0 0 0 0 0 0 0 0 0 0 0 0 0 0 0 0 0 0 0 1 0 0 0 0 0 0 0 0 0 0 0 0 0 0 0 0 0 0 0 0 0 0 0 0 0 0 0 0 0 0 0 0 0 0 0 0 0 0 0 0 0 0 0 0 0 0 0 0 0 0 0 0 0 0 0 0 0 0 0 0]
[6228563013076894452365197465160110037094832220969178889946440333356798548922547211232663134266741997674287930716505938965880006026496893214558774669779873077176950440548390478287300882745151992520334567077203166489098735672473898126607596280696639082537354746470046522433789568616244963 0 0 0 0 0 0 0 0 0 0 0 0 0 0 0 0 0 0 0 0 0 0 0 0 0 0 0 0 0 0 0 0 0 0 1 0 0 0 0 0 0 0 0 0 0 0 0 0 0 0 0 0 0 0 0 0 0 0 0 0 0 0 0 0 0 0 0 0 0 0 0 0 0 0 0 0 0 0 0 0 0 0 0 0 0 0 0 0 0 0 0 0 0 0]
[4848553940618273712414950495361010767906225248580738564223738503160331735062257031156122236630812518200941174895950956471714148669435629124685567003058307330021819820159085746275470149652815167767054775129503359669911740439059203576674592158726359604234242277790527802505182378888181597 0 0 0 0 0 0 0 0 0 0 0 0 0 0 0 0 0 0 0 0 0 0 0 0 0 0 0 0 0 0 0 0 0 0 0 1 0 0 0 0 0 0 0 0 0 0 0 0 0 0 0 0 0 0 0 0 0 0 0 0 0 0 0 0 0 0 0 0 0 0 0 0 0 0 0 0 0 0 0 0 0 0 0 0 0 0 0 0 0 0 0 0 0 0]
[3624165894698713252494432878527574481040406226376441310940522774801081928422093954736133611094374647751235847941723962139506511236236654475613961121508488016317037814911910680812661870449415585544406455915980537248073115815673671171593857396486785424372872161339219273884608976001046886 0 0 0 0 0 0 0 0 0 0 0 0 0 0 0 0 0 0 0 0 0 0 0 0 0 0 0 0 0 0 0 0 0 0 0 0 1 0 0 0 0 0 0 0 0 0 0 0 0 0 0 0 0 0 0 0 0 0 0 0 0 0 0 0 0 0 0 0 0 0 0 0 0 0 0 0 0 0 0 0 0 0 0 0 0 0 0 0 0 0 0 0 0 0]
[1275745268791191035412082599998144393795143316403947859915226266321951180175782853434960740664727761845009802625448581981453996457188819065817869595620584991097316294698129409682964303605651016984606166492227833095814159595089198611162293633936307980967434630218987802112631234787001300 0 0 0 0 0 0 0 0 0 0 0 0 0 0 0 0 0 0 0 0 0 0 0 0 0 0 0 0 0 0 0 0 0 0 0 0 0 1 0 0 0 0 0 0 0 0 0 0 0 0 0 0 0 0 0 0 0 0 0 0 0 0 0 0 0 0 0 0 0 0 0 0 0 0 0 0 0 0 0 0 0 0 0 0 0 0 0 0 0 0 0 0 0 0]
[6330078823058295709600187179613576571169100909055147844080680177306222670728771090966170778216645697929078210239707378514928242885757382548094227837691014502752370381691689577979518708491079075887466328829781620392191040647307859346897850435391898969837281078822626981009346108431700295 0 0 0 0 0 0 0 0 0 0 0 0 0 0 0 0 0 0 0 0 0 0 0 0 0 0 0 0 0 0 0 0 0 0 0 0 0 0 1 0 0 0 0 0 0 0 0 0 0 0 0 0 0 0 0 0 0 0 0 0 0 0 0 0 0 0 0 0 0 0 0 0 0 0 0 0 0 0 0 0 0 0 0 0 0 0 0 0 0 0 0 0 0 0]
[2540144587152969541657755589744282738206311619081932350709075239740177192135641219071435583565992854621868113538630720439539542461595907200376469051650263510498499128424150793489339102106726566286844337897902168676335232363019803236959472737772666973843633972074761535969128676658373520 0 0 0 0 0 0 0 0 0 0 0 0 0 0 0 0 0 0 0 0 0 0 0 0 0 0 0 0 0 0 0 0 0 0 0 0 0 0 0 1 0 0 0 0 0 0 0 0 0 0 0 0 0 0 0 0 0 0 0 0 0 0 0 0 0 0 0 0 0 0 0 0 0 0 0 0 0 0 0 0 0 0 0 0 0 0 0 0 0 0 0 0 0 0]
[883891459852735201132658223995678532729986145933276087584020220896187458174376031238912496992603901984952630380978486703810110614932328264422308355691203511707514991868380608408555051720113684886036112078809691541335152000703909664494716956790564899103182774145127107531404833264186741 0 0 0 0 0 0 0 0 0 0 0 0 0 0 0 0 0 0 0 0 0 0 0 0 0 0 0 0 0 0 0 0 0 0 0 0 0 0 0 0 1 0 0 0 0 0 0 0 0 0 0 0 0 0 0 0 0 0 0 0 0 0 0 0 0 0 0 0 0 0 0 0 0 0 0 0 0 0 0 0 0 0 0 0 0 0 0 0 0 0 0 0 0 0]
[3700495025055525069303811646804529124668914329774260591746899504609998953297957837655419683913866325067283447465589237047576612945416169257879144506572824264216788565337505418113309600301549902117481940729902555996491428327607731448993290156561488152282306979017235354820589939747148860 0 0 0 0 0 0 0 0 0 0 0 0 0 0 0 0 0 0 0 0 0 0 0 0 0 0 0 0 0 0 0 0 0 0 0 0 0 0 0 0 0 1 0 0 0 0 0 0 0 0 0 0 0 0 0 0 0 0 0 0 0 0 0 0 0 0 0 0 0 0 0 0 0 0 0 0 0 0 0 0 0 0 0 0 0 0 0 0 0 0 0 0 0 0]
[7374236508440282872067646659181470637584633644037310348764909523503912118867306669176766476099050527808697345318946949899181396621708821971244989893430783173103925055293253846727346340464745289255325310569956883678634924527620488039028118215674842139317831892122773037228038421256099402 0 0 0 0 0 0 0 0 0 0 0 0 0 0 0 0 0 0 0 0 0 0 0 0 0 0 0 0 0 0 0 0 0 0 0 0 0 0 0 0 0 0 1 0 0 0 0 0 0 0 0 0 0 0 0 0 0 0 0 0 0 0 0 0 0 0 0 0 0 0 0 0 0 0 0 0 0 0 0 0 0 0 0 0 0 0 0 0 0 0 0 0 0 0]
[8265939873883726275986073071469892386745222165807788418642279906631961605525547659004211956707248180613692996427465182786200116900514739489706485414470914505475106992124790154861020973179538980383280973114742751265074812393704656151789945808113776282201873561378515458930649940615024272 0 0 0 0 0 0 0 0 0 0 0 0 0 0 0 0 0 0 0 0 0 0 0 0 0 0 0 0 0 0 0 0 0 0 0 0 0 0 0 0 0 0 0 1 0 0 0 0 0 0 0 0 0 0 0 0 0 0 0 0 0 0 0 0 0 0 0 0 0 0 0 0 0 0 0 0 0 0 0 0 0 0 0 0 0 0 0 0 0 0 0 0 0 0]
[2426081583999006362772129180990863014791454342682127270171380492920460784939932935518928439217511697248315037495861033293994539367406130053681465228897766393843925785276585868737739491448474849685164029601634609780935296376155322369310071398779284181920429218093651772491188830741344417 0 0 0 0 0 0 0 0 0 0 0 0 0 0 0 0 0 0 0 0 0 0 0 0 0 0 0 0 0 0 0 0 0 0 0 0 0 0 0 0 0 0 0 0 1 0 0 0 0 0 0 0 0 0 0 0 0 0 0 0 0 0 0 0 0 0 0 0 0 0 0 0 0 0 0 0 0 0 0 0 0 0 0 0 0 0 0 0 0 0 0 0 0 0]
[4921444557957368035372543764371339473959837130552820884585079662451280472971134487793773471090121473905322761124571764798441111793261392803214593936881761481636472586609648333776970973731505309205952948636712245533565839284045195675312303559052373916720129614262432837765536998133884410 0 0 0 0 0 0 0 0 0 0 0 0 0 0 0 0 0 0 0 0 0 0 0 0 0 0 0 0 0 0 0 0 0 0 0 0 0 0 0 0 0 0 0 0 0 1 0 0 0 0 0 0 0 0 0 0 0 0 0 0 0 0 0 0 0 0 0 0 0 0 0 0 0 0 0 0 0 0 0 0 0 0 0 0 0 0 0 0 0 0 0 0 0 0]
[2474051080691678003241169792896074746865601808717983593971170226446746860018691131604008305983181005640202484428789911556628967416608307949977479922130495762455983425079158335104347825408587255263301327701218887678303479408586039210156000562128929114539105349642944719067046001657565050 0 0 0 0 0 0 0 0 0 0 0 0 0 0 0 0 0 0 0 0 0 0 0 0 0 0 0 0 0 0 0 0 0 0 0 0 0 0 0 0 0 0 0 0 0 0 1 0 0 0 0 0 0 0 0 0 0 0 0 0 0 0 0 0 0 0 0 0 0 0 0 0 0 0 0 0 0 0 0 0 0 0 0 0 0 0 0 0 0 0 0 0 0 0]
[6624028903864905016541502341674736063221937281217442424404075182851572807050760763273391560267891431256627914910309926236792522389368093383373322214114451788754660828795936594475463851425339138588172816557539653620878055456001184833550043942758957974245637175906371214980592656419698603 0 0 0 0 0 0 0 0 0 0 0 0 0 0 0 0 0 0 0 0 0 0 0 0 0 0 0 0 0 0 0 0 0 0 0 0 0 0 0 0 0 0 0 0 0 0 0 1 0 0 0 0 0 0 0 0 0 0 0 0 0 0 0 0 0 0 0 0 0 0 0 0 0 0 0 0 0 0 0 0 0 0 0 0 0 0 0 0 0 0 0 0 0 0]
[946407755312686059123548831640907191656137033601531607774801685654220772553104835803954838354045872490471142273291690718581759791454917090028109289591502378015393555689278347276809311600187524668428779825151782787174052428177643063189811685078867781905122746475090922481483023158841725 0 0 0 0 0 0 0 0 0 0 0 0 0 0 0 0 0 0 0 0 0 0 0 0 0 0 0 0 0 0 0 0 0 0 0 0 0 0 0 0 0 0 0 0 0 0 0 0 1 0 0 0 0 0 0 0 0 0 0 0 0 0 0 0 0 0 0 0 0 0 0 0 0 0 0 0 0 0 0 0 0 0 0 0 0 0 0 0 0 0 0 0 0 0]
[3216765752908930095502525108833187335292041052382387566747524559197110701654644976968026427750009483026084381656893530742696455356926736530164911229379193089205996349886809226347867360530137576881609140837240311275910697941521197106010585149698910058984484543453449455645183659126921028 0 0 0 0 0 0 0 0 0 0 0 0 0 0 0 0 0 0 0 0 0 0 0 0 0 0 0 0 0 0 0 0 0 0 0 0 0 0 0 0 0 0 0 0 0 0 0 0 0 1 0 0 0 0 0 0 0 0 0 0 0 0 0 0 0 0 0 0 0 0 0 0 0 0 0 0 0 0 0 0 0 0 0 0 0 0 0 0 0 0 0 0 0 0]
[6707587724452946171078027253981714119485787828258929937350557493002548570451708068403208231452623206077666245173888521143790473903346519481772821385021639069101468311513608789846289352036143990008548536621459344234918389394269028383947927268995103252625057315218339141340502133860392703 0 0 0 0 0 0 0 0 0 0 0 0 0 0 0 0 0 0 0 0 0 0 0 0 0 0 0 0 0 0 0 0 0 0 0 0 0 0 0 0 0 0 0 0 0 0 0 0 0 0 1 0 0 0 0 0 0 0 0 0 0 0 0 0 0 0 0 0 0 0 0 0 0 0 0 0 0 0 0 0 0 0 0 0 0 0 0 0 0 0 0 0 0 0]
[3190432306997131536719096213850489190291756587600806161954948601948516180178616869442381267794779023085008661426223567696110917620690931407609573466424875919843597967983926782619882831781367859184711716720179558410948713470246086796755506684023643272599561415336818812965830658885271437 0 0 0 0 0 0 0 0 0 0 0 0 0 0 0 0 0 0 0 0 0 0 0 0 0 0 0 0 0 0 0 0 0 0 0 0 0 0 0 0 0 0 0 0 0 0 0 0 0 0 0 1 0 0 0 0 0 0 0 0 0 0 0 0 0 0 0 0 0 0 0 0 0 0 0 0 0 0 0 0 0 0 0 0 0 0 0 0 0 0 0 0 0 0]
[5406527762139233291046921895042030851221552983431947709672093590987087329114259612619818936071356182994661678956263661467813765783913849098894058721439201093160161968578098037038371640491256555760936439804085271366828812993438588346761919760232135758617817314554928991698358538437925838 0 0 0 0 0 0 0 0 0 0 0 0 0 0 0 0 0 0 0 0 0 0 0 0 0 0 0 0 0 0 0 0 0 0 0 0 0 0 0 0 0 0 0 0 0 0 0 0 0 0 0 0 1 0 0 0 0 0 0 0 0 0 0 0 0 0 0 0 0 0 0 0 0 0 0 0 0 0 0 0 0 0 0 0 0 0 0 0 0 0 0 0 0 0]
[2420367585478517317837589164762768856424665380386841310646289027866402294742052282720570446842541947724947180005579442158403657057160795979829811201493573072784949147502267796912739952376258250647119683707723208562246423246239625097132452130689947969800845754122589869165964152290663146 0 0 0 0 0 0 0 0 0 0 0 0 0 0 0 0 0 0 0 0 0 0 0 0 0 0 0 0 0 0 0 0 0 0 0 0 0 0 0 0 0 0 0 0 0 0 0 0 0 0 0 0 0 1 0 0 0 0 0 0 0 0 0 0 0 0 0 0 0 0 0 0 0 0 0 0 0 0 0 0 0 0 0 0 0 0 0 0 0 0 0 0 0 0]
[7886268469253507724619791609656826842011750810436429709832338385423286756771263456563716872426880679837844029012419444134956964762811722183509013539965353733883742990613453758941934327883817072002409597272068003940118551142022728769198265374234900606759395022475290762278265056952890263 0 0 0 0 0 0 0 0 0 0 0 0 0 0 0 0 0 0 0 0 0 0 0 0 0 0 0 0 0 0 0 0 0 0 0 0 0 0 0 0 0 0 0 0 0 0 0 0 0 0 0 0 0 0 1 0 0 0 0 0 0 0 0 0 0 0 0 0 0 0 0 0 0 0 0 0 0 0 0 0 0 0 0 0 0 0 0 0 0 0 0 0 0 0]
[8229311158225319383681196582676566087354104061135933148729488709762478070877067270191589555859918679381922389952975024271017121926937385225627400618635683411462208036613344992247770327020578901039666523569755079532236627289066196981186078237104671370936564903716578108752982220015762212 0 0 0 0 0 0 0 0 0 0 0 0 0 0 0 0 0 0 0 0 0 0 0 0 0 0 0 0 0 0 0 0 0 0 0 0 0 0 0 0 0 0 0 0 0 0 0 0 0 0 0 0 0 0 0 1 0 0 0 0 0 0 0 0 0 0 0 0 0 0 0 0 0 0 0 0 0 0 0 0 0 0 0 0 0 0 0 0 0 0 0 0 0 0]
[8771969262941918707161955565638270084969655743730698875333586878572981484308602774254486551692411162785145461909747684808787703673053053944138345861151917975482293124925379707637831177147176156887833861458463129691786928277178924083681697148392734332083242113502580074823416973794242905 0 0 0 0 0 0 0 0 0 0 0 0 0 0 0 0 0 0 0 0 0 0 0 0 0 0 0 0 0 0 0 0 0 0 0 0 0 0 0 0 0 0 0 0 0 0 0 0 0 0 0 0 0 0 0 0 1 0 0 0 0 0 0 0 0 0 0 0 0 0 0 0 0 0 0 0 0 0 0 0 0 0 0 0 0 0 0 0 0 0 0 0 0 0]
[6281918033129365128438794487348359359381810040003867611577751895469019737050220585515197084132277610147363789191086151190562757883781220337678127272538685239967132340109889685930821155076956659813859390560474795848415683381792163879016987767613627106721632303383422834798558956529649788 0 0 0 0 0 0 0 0 0 0 0 0 0 0 0 0 0 0 0 0 0 0 0 0 0 0 0 0 0 0 0 0 0 0 0 0 0 0 0 0 0 0 0 0 0 0 0 0 0 0 0 0 0 0 0 0 0 1 0 0 0 0 0 0 0 0 0 0 0 0 0 0 0 0 0 0 0 0 0 0 0 0 0 0 0 0 0 0 0 0 0 0 0 0]
[8552995639630558018233293481497055257546670640625165630915889655569950397817831240386979394261819204000787946704164652059297129197032466711830439919198136258507430579704535353111157029471799484353488161657030953422360953883559615933556236325427920998371280808859628714073488646771623952 0 0 0 0 0 0 0 0 0 0 0 0 0 0 0 0 0 0 0 0 0 0 0 0 0 0 0 0 0 0 0 0 0 0 0 0 0 0 0 0 0 0 0 0 0 0 0 0 0 0 0 0 0 0 0 0 0 0 1 0 0 0 0 0 0 0 0 0 0 0 0 0 0 0 0 0 0 0 0 0 0 0 0 0 0 0 0 0 0 0 0 0 0 0]
[5430882070890021316008094929423077631876339025333721742610279424098415564635493653277055826802653940222684608916871896499805729523469763922765025247579269265396943504140942628530672427881219005903881050178027299846222755296156983704816021256357327678365514472191426267879035748284724327 0 0 0 0 0 0 0 0 0 0 0 0 0 0 0 0 0 0 0 0 0 0 0 0 0 0 0 0 0 0 0 0 0 0 0 0 0 0 0 0 0 0 0 0 0 0 0 0 0 0 0 0 0 0 0 0 0 0 0 1 0 0 0 0 0 0 0 0 0 0 0 0 0 0 0 0 0 0 0 0 0 0 0 0 0 0 0 0 0 0 0 0 0 0]
[8222791936974401179482087297914662993719453939405921985196335122242178077612067067034936571318395130147318524532602721477397924009296274456199661759606059812671144645296621254750734510494014859221571777394400547794428041284211143264153653872724235748484211278491643598238222033581302828 0 0 0 0 0 0 0 0 0 0 0 0 0 0 0 0 0 0 0 0 0 0 0 0 0 0 0 0 0 0 0 0 0 0 0 0 0 0 0 0 0 0 0 0 0 0 0 0 0 0 0 0 0 0 0 0 0 0 0 0 1 0 0 0 0 0 0 0 0 0 0 0 0 0 0 0 0 0 0 0 0 0 0 0 0 0 0 0 0 0 0 0 0 0]
[7665109431347370882976212647595436718611381056013384510407282300782761198225445937458531898165592652343997312533229085095776978000644521315173555747022830432374132844552406818757293625072139708431489064726482218464925442232824513516269864181534909402115208556721922247470927474283323200 0 0 0 0 0 0 0 0 0 0 0 0 0 0 0 0 0 0 0 0 0 0 0 0 0 0 0 0 0 0 0 0 0 0 0 0 0 0 0 0 0 0 0 0 0 0 0 0 0 0 0 0 0 0 0 0 0 0 0 0 0 1 0 0 0 0 0 0 0 0 0 0 0 0 0 0 0 0 0 0 0 0 0 0 0 0 0 0 0 0 0 0 0 0]
[3789435934966444108663951949419114378333684446142091680289995694404202671470564387229816542052710748698025811803954389496147990297041417455275425232246540696043261796481001660510690324270725494293922086418747832056801441291643029869061412349500484826432282558145920303393642495358590920 0 0 0 0 0 0 0 0 0 0 0 0 0 0 0 0 0 0 0 0 0 0 0 0 0 0 0 0 0 0 0 0 0 0 0 0 0 0 0 0 0 0 0 0 0 0 0 0 0 0 0 0 0 0 0 0 0 0 0 0 0 0 1 0 0 0 0 0 0 0 0 0 0 0 0 0 0 0 0 0 0 0 0 0 0 0 0 0 0 0 0 0 0 0]
[5418858128229919167675273367813246641509908205989469185520682359728841679928550205500634047572006201036762379358661635035338054352801372659647294195090083836063830194229753074854782397622404663223879288320080527099802190851884902292161419422224322985403968218689856126197004295977937879 0 0 0 0 0 0 0 0 0 0 0 0 0 0 0 0 0 0 0 0 0 0 0 0 0 0 0 0 0 0 0 0 0 0 0 0 0 0 0 0 0 0 0 0 0 0 0 0 0 0 0 0 0 0 0 0 0 0 0 0 0 0 0 1 0 0 0 0 0 0 0 0 0 0 0 0 0 0 0 0 0 0 0 0 0 0 0 0 0 0 0 0 0 0]
[8741978483917101743960113526257682864013850735838021006102506203735812915024101525328088921833931971672243696747214642737239538722857715242663873778038134140930393843014478173089881280319456818489754277233580609592622012047068176936607713356725751239338967147927415821767353831384515256 0 0 0 0 0 0 0 0 0 0 0 0 0 0 0 0 0 0 0 0 0 0 0 0 0 0 0 0 0 0 0 0 0 0 0 0 0 0 0 0 0 0 0 0 0 0 0 0 0 0 0 0 0 0 0 0 0 0 0 0 0 0 0 0 1 0 0 0 0 0 0 0 0 0 0 0 0 0 0 0 0 0 0 0 0 0 0 0 0 0 0 0 0 0]
[515940535998701009283571553579451712823926980449146873131139958873397599216371574643471139625342412461241945280348708829505049918947258262204050815026880200937574265364455007527703414652842639746742148359284986317811792105831271828623356304624766374679425511699198582889890370699279630 0 0 0 0 0 0 0 0 0 0 0 0 0 0 0 0 0 0 0 0 0 0 0 0 0 0 0 0 0 0 0 0 0 0 0 0 0 0 0 0 0 0 0 0 0 0 0 0 0 0 0 0 0 0 0 0 0 0 0 0 0 0 0 0 0 1 0 0 0 0 0 0 0 0 0 0 0 0 0 0 0 0 0 0 0 0 0 0 0 0 0 0 0 0]
[7612063901290847438182526923274268345108071184102666953252995318612381580459224188525924187507949717327245150180127594859156599814015321407372682258918390763194847755094975551181070263252914478107908571862129521083841130074763662354222615153897801500826896103628850184008434072852479840 0 0 0 0 0 0 0 0 0 0 0 0 0 0 0 0 0 0 0 0 0 0 0 0 0 0 0 0 0 0 0 0 0 0 0 0 0 0 0 0 0 0 0 0 0 0 0 0 0 0 0 0 0 0 0 0 0 0 0 0 0 0 0 0 0 0 1 0 0 0 0 0 0 0 0 0 0 0 0 0 0 0 0 0 0 0 0 0 0 0 0 0 0 0]
[6457783104333391055056440915698763215003224134261581009118937604632496272528082363367541871865129740592415033904079806135163733673862885900386636841868283875240805363497114690219336967597683755827017726786179874017366161608923958765416883488044004818802185797635626842068610674582618184 0 0 0 0 0 0 0 0 0 0 0 0 0 0 0 0 0 0 0 0 0 0 0 0 0 0 0 0 0 0 0 0 0 0 0 0 0 0 0 0 0 0 0 0 0 0 0 0 0 0 0 0 0 0 0 0 0 0 0 0 0 0 0 0 0 0 0 1 0 0 0 0 0 0 0 0 0 0 0 0 0 0 0 0 0 0 0 0 0 0 0 0 0 0]
[7558341791999508953454274697053309332927744715960579918390366613858806907098721207724725175636478451519891552668086190500462585321373026224934311156433103666540699514640110828227269225845606744092628320082967351826553823082915918140642636292462139441914193511897244942321290084660800472 0 0 0 0 0 0 0 0 0 0 0 0 0 0 0 0 0 0 0 0 0 0 0 0 0 0 0 0 0 0 0 0 0 0 0 0 0 0 0 0 0 0 0 0 0 0 0 0 0 0 0 0 0 0 0 0 0 0 0 0 0 0 0 0 0 0 0 0 1 0 0 0 0 0 0 0 0 0 0 0 0 0 0 0 0 0 0 0 0 0 0 0 0 0]
[5720692224836945734274941291876446446961007375672130062018152597760925797799318295877095859183057129580647166020257712941261914450586781595235499739523694945579271095757404300770271883536995715461156540663022301912546370823247954853060526930935745316587658722095627277071305988884820015 0 0 0 0 0 0 0 0 0 0 0 0 0 0 0 0 0 0 0 0 0 0 0 0 0 0 0 0 0 0 0 0 0 0 0 0 0 0 0 0 0 0 0 0 0 0 0 0 0 0 0 0 0 0 0 0 0 0 0 0 0 0 0 0 0 0 0 0 0 1 0 0 0 0 0 0 0 0 0 0 0 0 0 0 0 0 0 0 0 0 0 0 0 0]
[1376285442700994234888064424198845387200283263960461540064638447672623632758092885263734840750354117651734388798472388816237151354395349891693753339681259144335448900867966192880541845589703138275135640525279909116432094129754793838908593837796789161784369275174182189411724195834273800 0 0 0 0 0 0 0 0 0 0 0 0 0 0 0 0 0 0 0 0 0 0 0 0 0 0 0 0 0 0 0 0 0 0 0 0 0 0 0 0 0 0 0 0 0 0 0 0 0 0 0 0 0 0 0 0 0 0 0 0 0 0 0 0 0 0 0 0 0 0 1 0 0 0 0 0 0 0 0 0 0 0 0 0 0 0 0 0 0 0 0 0 0 0]
[540837441444020228214069149899618446437243215638456335893551650683665481888989723957803857795798111562053202051664329206441889432372024071022013094379906259405818545511347530756584907969601723190710134205953414043173639326025942098581344877867181698352117602350496195789872984139848921 0 0 0 0 0 0 0 0 0 0 0 0 0 0 0 0 0 0 0 0 0 0 0 0 0 0 0 0 0 0 0 0 0 0 0 0 0 0 0 0 0 0 0 0 0 0 0 0 0 0 0 0 0 0 0 0 0 0 0 0 0 0 0 0 0 0 0 0 0 0 0 1 0 0 0 0 0 0 0 0 0 0 0 0 0 0 0 0 0 0 0 0 0 0]
[2375447313917149101710593460674969610737993716466964218233314573670338863541077725390401547018701313117345463161098711179758963322082398771136977287793863677431335136288520285573961404179473899891731547546705409521005598807117234236396012499410950683728850166145471537242741342226890618 0 0 0 0 0 0 0 0 0 0 0 0 0 0 0 0 0 0 0 0 0 0 0 0 0 0 0 0 0 0 0 0 0 0 0 0 0 0 0 0 0 0 0 0 0 0 0 0 0 0 0 0 0 0 0 0 0 0 0 0 0 0 0 0 0 0 0 0 0 0 0 0 1 0 0 0 0 0 0 0 0 0 0 0 0 0 0 0 0 0 0 0 0 0]
[5489208957234698288074180935358126687550471600232794236920600920515169343105663807609962648049788449199930198434656697831226858898308820848731271169722660458390688441387924559708985978935188822770914103169909378795267133647473879536723410159580828596949664575749930968975321136271878613 0 0 0 0 0 0 0 0 0 0 0 0 0 0 0 0 0 0 0 0 0 0 0 0 0 0 0 0 0 0 0 0 0 0 0 0 0 0 0 0 0 0 0 0 0 0 0 0 0 0 0 0 0 0 0 0 0 0 0 0 0 0 0 0 0 0 0 0 0 0 0 0 0 1 0 0 0 0 0 0 0 0 0 0 0 0 0 0 0 0 0 0 0 0]
[8490045645358194663789737358043042587705341016325855679615385279676098616103967400837672414836387902949547575441287273293943759651277600305987201190362432131728111732476500308955736087183231174298593938996160252275577030828208870213607655105862003070996268605769834175982666543969237196 0 0 0 0 0 0 0 0 0 0 0 0 0 0 0 0 0 0 0 0 0 0 0 0 0 0 0 0 0 0 0 0 0 0 0 0 0 0 0 0 0 0 0 0 0 0 0 0 0 0 0 0 0 0 0 0 0 0 0 0 0 0 0 0 0 0 0 0 0 0 0 0 0 0 1 0 0 0 0 0 0 0 0 0 0 0 0 0 0 0 0 0 0 0]
[1063265961793588407807886686167235085248220103939326256012970381300690172903689734691204324851388002122509855679646221142246724020326051818716677689476026070992983576207496221448848753380865289733665057377067713481194978998121927588451908357848018057416664872994349624504114258487121831 0 0 0 0 0 0 0 0 0 0 0 0 0 0 0 0 0 0 0 0 0 0 0 0 0 0 0 0 0 0 0 0 0 0 0 0 0 0 0 0 0 0 0 0 0 0 0 0 0 0 0 0 0 0 0 0 0 0 0 0 0 0 0 0 0 0 0 0 0 0 0 0 0 0 0 1 0 0 0 0 0 0 0 0 0 0 0 0 0 0 0 0 0 0]
[7292535638473776671354433489804348638793148533049692964947462860702873065282287653713002810698907134373354219342175821562627156958369794205126767748709001224460630545007903722495581401503609637461559368146119724006270018832828172010170021256262639088224319371360962109424491521203723312 0 0 0 0 0 0 0 0 0 0 0 0 0 0 0 0 0 0 0 0 0 0 0 0 0 0 0 0 0 0 0 0 0 0 0 0 0 0 0 0 0 0 0 0 0 0 0 0 0 0 0 0 0 0 0 0 0 0 0 0 0 0 0 0 0 0 0 0 0 0 0 0 0 0 0 0 1 0 0 0 0 0 0 0 0 0 0 0 0 0 0 0 0 0]
[3526096719782870956112127270006815389004073404822294524663711340441780081370011222953503806543576932344066734138053364210526818055240708792124815502882562396266466056399664791856909051453610080890425079375412326774126463732946088014120840769820426785001828968281658175796870510975423467 0 0 0 0 0 0 0 0 0 0 0 0 0 0 0 0 0 0 0 0 0 0 0 0 0 0 0 0 0 0 0 0 0 0 0 0 0 0 0 0 0 0 0 0 0 0 0 0 0 0 0 0 0 0 0 0 0 0 0 0 0 0 0 0 0 0 0 0 0 0 0 0 0 0 0 0 0 1 0 0 0 0 0 0 0 0 0 0 0 0 0 0 0 0]
[4797848040511281636321639664419042512917586129781937052437571739275246676338663137189670223152852144752644375232899231828187591999195541579489456357144401504044154943406526103751699402282758092311288699964699699676332751789726475301669501308245657251540500706827562459291680828103267452 0 0 0 0 0 0 0 0 0 0 0 0 0 0 0 0 0 0 0 0 0 0 0 0 0 0 0 0 0 0 0 0 0 0 0 0 0 0 0 0 0 0 0 0 0 0 0 0 0 0 0 0 0 0 0 0 0 0 0 0 0 0 0 0 0 0 0 0 0 0 0 0 0 0 0 0 0 0 1 0 0 0 0 0 0 0 0 0 0 0 0 0 0 0]
[2789204492922754663508090424870356917990944840924015363736423655762287714441786206425722286418441144746779551205172854403026078335793964890721220614467993485608320136633431561972626274736958793962325308281171700659235302657484264856076717589365778289608161761805861699514768488318002518 0 0 0 0 0 0 0 0 0 0 0 0 0 0 0 0 0 0 0 0 0 0 0 0 0 0 0 0 0 0 0 0 0 0 0 0 0 0 0 0 0 0 0 0 0 0 0 0 0 0 0 0 0 0 0 0 0 0 0 0 0 0 0 0 0 0 0 0 0 0 0 0 0 0 0 0 0 0 0 1 0 0 0 0 0 0 0 0 0 0 0 0 0 0]
[2955234304202348614045945924705111003534213166510037872735632196369725485606879930922904333492279207280755237188746292612826762274645866339953712204926296261270640971077093990086401681627581685861763409760124348474982623111206251987699864172664922107721277762658442894777713917217151766 0 0 0 0 0 0 0 0 0 0 0 0 0 0 0 0 0 0 0 0 0 0 0 0 0 0 0 0 0 0 0 0 0 0 0 0 0 0 0 0 0 0 0 0 0 0 0 0 0 0 0 0 0 0 0 0 0 0 0 0 0 0 0 0 0 0 0 0 0 0 0 0 0 0 0 0 0 0 0 0 1 0 0 0 0 0 0 0 0 0 0 0 0 0]
[7697282619834344360951495690937672675534958712323859019994302296131126067794353794485798639420830087687958362832028075272098611068212141123225293195140493354181442869595876259686360360512700469518327437968930236802837720920067868005550844145798534911162659515646374359852666697426030787 0 0 0 0 0 0 0 0 0 0 0 0 0 0 0 0 0 0 0 0 0 0 0 0 0 0 0 0 0 0 0 0 0 0 0 0 0 0 0 0 0 0 0 0 0 0 0 0 0 0 0 0 0 0 0 0 0 0 0 0 0 0 0 0 0 0 0 0 0 0 0 0 0 0 0 0 0 0 0 0 0 1 0 0 0 0 0 0 0 0 0 0 0 0]
[5321170330893368600199692390617510445662421248643747600760738272545366070538796703599633783694410385101829058945870860419834993909027963970173430773685480758875241457710415212229771611248173007006722243528288454203572128509920632810404873891314810971398467827807468787939657118703448640 0 0 0 0 0 0 0 0 0 0 0 0 0 0 0 0 0 0 0 0 0 0 0 0 0 0 0 0 0 0 0 0 0 0 0 0 0 0 0 0 0 0 0 0 0 0 0 0 0 0 0 0 0 0 0 0 0 0 0 0 0 0 0 0 0 0 0 0 0 0 0 0 0 0 0 0 0 0 0 0 0 0 1 0 0 0 0 0 0 0 0 0 0 0]
[5306030226173719117768144147582041684710254061518074619353090486906188613356290549507856287479231923972803017903036889656927161011011781323442236600139421775642813232023502016400522882321674071629778572780478474745970067721907362077462186764821794205024699794040034098664927137224869267 0 0 0 0 0 0 0 0 0 0 0 0 0 0 0 0 0 0 0 0 0 0 0 0 0 0 0 0 0 0 0 0 0 0 0 0 0 0 0 0 0 0 0 0 0 0 0 0 0 0 0 0 0 0 0 0 0 0 0 0 0 0 0 0 0 0 0 0 0 0 0 0 0 0 0 0 0 0 0 0 0 0 0 1 0 0 0 0 0 0 0 0 0 0]
[7988908845474967854561234837200696941154373191684129351330714168083238372805362713270004889424672948468828599618077941596109161521865914682919436506793982268266829640844167329857976718781150977184913437234385676408109769809029972236444629714765304245351990232454572423436704790629750298 0 0 0 0 0 0 0 0 0 0 0 0 0 0 0 0 0 0 0 0 0 0 0 0 0 0 0 0 0 0 0 0 0 0 0 0 0 0 0 0 0 0 0 0 0 0 0 0 0 0 0 0 0 0 0 0 0 0 0 0 0 0 0 0 0 0 0 0 0 0 0 0 0 0 0 0 0 0 0 0 0 0 0 0 1 0 0 0 0 0 0 0 0 0]
[2897197984448392218492481147002338644439346352853472193908636660970721523312734045886853515806385053935387668840419167244392039127924321571525521292775046298618032567608446873384611361902261186349475942394481352830315063747360436486265020940711651862517375206382499368907139325276263526 0 0 0 0 0 0 0 0 0 0 0 0 0 0 0 0 0 0 0 0 0 0 0 0 0 0 0 0 0 0 0 0 0 0 0 0 0 0 0 0 0 0 0 0 0 0 0 0 0 0 0 0 0 0 0 0 0 0 0 0 0 0 0 0 0 0 0 0 0 0 0 0 0 0 0 0 0 0 0 0 0 0 0 0 0 1 0 0 0 0 0 0 0 0]
[947791986136599882418682746387665824457538077829466781365318590840291645579552214370375322674414870986695200241077699224588134175350553585659669804177878072907551456865552764199071438740110336545581137997883854492855118007196516828183434424791553637991024158320233560764846674421587619 0 0 0 0 0 0 0 0 0 0 0 0 0 0 0 0 0 0 0 0 0 0 0 0 0 0 0 0 0 0 0 0 0 0 0 0 0 0 0 0 0 0 0 0 0 0 0 0 0 0 0 0 0 0 0 0 0 0 0 0 0 0 0 0 0 0 0 0 0 0 0 0 0 0 0 0 0 0 0 0 0 0 0 0 0 0 1 0 0 0 0 0 0 0]
[1747528993417897667811305666396869270264145177672798976353445219487053807960492350030815421551308437485385451822518202543904269300882018168413037497640785572809109826307618862621566490122746548223153955682954223669821433382365284382794410752467477834864107613044256278099021722245632996 0 0 0 0 0 0 0 0 0 0 0 0 0 0 0 0 0 0 0 0 0 0 0 0 0 0 0 0 0 0 0 0 0 0 0 0 0 0 0 0 0 0 0 0 0 0 0 0 0 0 0 0 0 0 0 0 0 0 0 0 0 0 0 0 0 0 0 0 0 0 0 0 0 0 0 0 0 0 0 0 0 0 0 0 0 0 0 1 0 0 0 0 0 0]
[3930710072818828125269139040787764549598151749189785220783595773026609078106244714386211987534750933541458234735913765539296058887164302552289235237143022951354807499656491774880640000831250257933801618871306446517656038867719372037191888813880640521782645158247749345500956579533815694 0 0 0 0 0 0 0 0 0 0 0 0 0 0 0 0 0 0 0 0 0 0 0 0 0 0 0 0 0 0 0 0 0 0 0 0 0 0 0 0 0 0 0 0 0 0 0 0 0 0 0 0 0 0 0 0 0 0 0 0 0 0 0 0 0 0 0 0 0 0 0 0 0 0 0 0 0 0 0 0 0 0 0 0 0 0 0 0 1 0 0 0 0 0]
[421035556841919566921539167758247760236788807636736839661579083518701643589756195343356601579259775824793075059787874833188923610010086203372807530801762266774571530531321794459306537477207181245231343253338107760071554959589101755407430906265964776969423596849824010319890881827907185 0 0 0 0 0 0 0 0 0 0 0 0 0 0 0 0 0 0 0 0 0 0 0 0 0 0 0 0 0 0 0 0 0 0 0 0 0 0 0 0 0 0 0 0 0 0 0 0 0 0 0 0 0 0 0 0 0 0 0 0 0 0 0 0 0 0 0 0 0 0 0 0 0 0 0 0 0 0 0 0 0 0 0 0 0 0 0 0 0 1 0 0 0 0]
[4418757455749927012830716317676469946157615220486037518144780649793069857268951606727869388953145825326148396542964546675382025851923292937576201938600192414171020095205933812303504083269168173968619077151959351978735767818805130816111959709921500361521322383572371947042027768145958501 0 0 0 0 0 0 0 0 0 0 0 0 0 0 0 0 0 0 0 0 0 0 0 0 0 0 0 0 0 0 0 0 0 0 0 0 0 0 0 0 0 0 0 0 0 0 0 0 0 0 0 0 0 0 0 0 0 0 0 0 0 0 0 0 0 0 0 0 0 0 0 0 0 0 0 0 0 0 0 0 0 0 0 0 0 0 0 0 0 0 1 0 0 0]
[2132860055850078309925557621384134472717657193462750245437081672603486728319473138349657327732118101478908700717755104566892028550531845863977219218185938416288717380443538232303631765012282844084373925204814051195744021133968542308079172554851843554617603691005681798517135326764296738 0 0 0 0 0 0 0 0 0 0 0 0 0 0 0 0 0 0 0 0 0 0 0 0 0 0 0 0 0 0 0 0 0 0 0 0 0 0 0 0 0 0 0 0 0 0 0 0 0 0 0 0 0 0 0 0 0 0 0 0 0 0 0 0 0 0 0 0 0 0 0 0 0 0 0 0 0 0 0 0 0 0 0 0 0 0 0 0 0 0 0 1 0 0]
[4899969367854244245017833649960466749159911052701400594236387125940029680770559317995686358701269622901554610815466463696478137120801189956454758436953119764075274751707618307963105868109260739541927328870951067608434380130382593011096385571532265936932824282234604208710656073555828305 0 0 0 0 0 0 0 0 0 0 0 0 0 0 0 0 0 0 0 0 0 0 0 0 0 0 0 0 0 0 0 0 0 0 0 0 0 0 0 0 0 0 0 0 0 0 0 0 0 0 0 0 0 0 0 0 0 0 0 0 0 0 0 0 0 0 0 0 0 0 0 0 0 0 0 0 0 0 0 0 0 0 0 0 0 0 0 0 0 0 0 0 1 0]
[6411079328987046112539657757202258892789679267645752648796019773901279360333370409487995954968576061503510630190280856667667479006403510664061997060831380634726034399031541554501204822197977479655491564056058959004335325555139149803752298691137057386779434503531497018908975399854561375 0 0 0 0 0 0 0 0 0 0 0 0 0 0 0 0 0 0 0 0 0 0 0 0 0 0 0 0 0 0 0 0 0 0 0 0 0 0 0 0 0 0 0 0 0 0 0 0 0 0 0 0 0 0 0 0 0 0 0 0 0 0 0 0 0 0 0 0 0 0 0 0 0 0 0 0 0 0 0 0 0 0 0 0 0 0 0 0 0 0 0 0 0 1]
]
