[[8759487077619310092381975876414690566799632009736176479608513227298470286100765320121753951513091354633098138451853794859151174474207251275708848895164043895137715413590606230125750778264473750107489961896644160667001354123037864837875370822029043831836027143837087956724339023336097791 0 0 0 0 0 0 0 0 0 0 0 0 0 0 0 0 0 0 0 0 0 0 0 0 0 0 0 0 0 0 0 0 0 0 0 0 0 0 0 0 0 0 0 0 0 0 0 0 0 0 0 0 0 0 0 0 0 0 0 0 0 0 0 0 0 0 0 0 0 0 0 0 0 0 0 0 0 0 0 0 0 0 0 0 0 0 0 0 0 0 0 0 0 0]
[393757864771896991496989969806559178115492539696835664992904816923115002569399597861423350899523506850909430423817257000393843028020118344616492634687392193657143588250200970099790577043179188389771077632686474429416523828473000612387078157315917021664592479564621724980609035535892904 1 0 0 0 0 0 0 0 0 0 0 0 0 0 0 0 0 0 0 0 0 0 0 0 0 0 0 0 0 0 0 0 0 0 0 0 0 0 0 0 0 0 0 0 0 0 0 0 0 0 0 0 0 0 0 0 0 0 0 0 0 0 0 0 0 0 0 0 0 0 0 0 0 0 0 0 0 0 0 0 0 0 0 0 0 0 0 0 0 0 0 0 0 0]
[226895352283388727340160784282398558237193872578390448149661643159884268677665751331715910679399001464843447144032269861863414823518950358283092972019482324024803102183399642031237912554065903658368401802169918167255378060087003457723085800719857698789261127992698846164394207604056122 0 1 0 0 0 0 0 0 0 0 0 0 0 0 0 0 0 0 0 0 0 0 0 0 0 0 0 0 0 0 0 0 0 0 0 0 0 0 0 0 0 0 0 0 0 0 0 0 0 0 0 0 0 0 0 0 0 0 0 0 0 0 0 0 0 0 0 0 0 0 0 0 0 0 0 0 0 0 0 0 0 0 0 0 0 0 0 0 0 0 0 0 0 0]
[8059164227402424575791734321929925789155530044837851949103814674806639920923413665180714463652769712477313747440404548886906556795239654184473531935419103196164895825342619194526875659245123653240422391938308263952725064336135016388626622556176149230712891932529580092592372286181220324 0 0 1 0 0 0 0 0 0 0 0 0 0 0 0 0 0 0 0 0 0 0 0 0 0 0 0 0 0 0 0 0 0 0 0 0 0 0 0 0 0 0 0 0 0 0 0 0 0 0 0 0 0 0 0 0 0 0 0 0 0 0 0 0 0 0 0 0 0 0 0 0 0 0 0 0 0 0 0 0 0 0 0 0 0 0 0 0 0 0 0 0 0 0]
[2327697325517277532170951115552678305532613420922819280896013432984804979036957963879398867052819175288462177642749378423351114651795185204078472647192675844689958449911840743075394093445321560962002600973388800737857109537098436740181328106774442885963645905409620447961942426715484600 0 0 0 1 0 0 0 0 0 0 0 0 0 0 0 0 0 0 0 0 0 0 0 0 0 0 0 0 0 0 0 0 0 0 0 0 0 0 0 0 0 0 0 0 0 0 0 0 0 0 0 0 0 0 0 0 0 0 0 0 0 0 0 0 0 0 0 0 0 0 0 0 0 0 0 0 0 0 0 0 0 0 0 0 0 0 0 0 0 0 0 0 0 0]
[7730895071355871430371133892133422830294262517041103589236289958854193623208478188877738262741080493276274640127237961137434839121038853660832004446516078063628474374557529489251356782798363606642447200246992879959873606238110725805904466972481139539812341857605050279181285603341638861 0 0 0 0 1 0 0 0 0 0 0 0 0 0 0 0 0 0 0 0 0 0 0 0 0 0 0 0 0 0 0 0 0 0 0 0 0 0 0 0 0 0 0 0 0 0 0 0 0 0 0 0 0 0 0 0 0 0 0 0 0 0 0 0 0 0 0 0 0 0 0 0 0 0 0 0 0 0 0 0 0 0 0 0 0 0 0 0 0 0 0 0 0 0]
[2794535173932164834065387793306117838574301116430844237982207491936392605565922160740500001307308815147746679851162476314293738027981323519602485220969754050211221667037451995568370005447477266075524830404543017653131924556761125890964487596993496813443039339879750073190614566317085722 0 0 0 0 0 1 0 0 0 0 0 0 0 0 0 0 0 0 0 0 0 0 0 0 0 0 0 0 0 0 0 0 0 0 0 0 0 0 0 0 0 0 0 0 0 0 0 0 0 0 0 0 0 0 0 0 0 0 0 0 0 0 0 0 0 0 0 0 0 0 0 0 0 0 0 0 0 0 0 0 0 0 0 0 0 0 0 0 0 0 0 0 0 0]
[3695686035769584607783110468690016825730877826269657596589087689443123679076351203275501520884422647173224715438634979220983638645995758522793906065579199386590084097211041675721583514627759564967492473014835595517061702802706135852734724266275403338051297807883448718830349959631465219 0 0 0 0 0 0 1 0 0 0 0 0 0 0 0 0 0 0 0 0 0 0 0 0 0 0 0 0 0 0 0 0 0 0 0 0 0 0 0 0 0 0 0 0 0 0 0 0 0 0 0 0 0 0 0 0 0 0 0 0 0 0 0 0 0 0 0 0 0 0 0 0 0 0 0 0 0 0 0 0 0 0 0 0 0 0 0 0 0 0 0 0 0 0]
[6239322652012070072242117264667074919031782289539318199855745394912463262775229342678406210263563748898576197377266469838243020250395186388449396608686292341517455821362291055034368385654798825373214665944035650893793393171501486275953854766134106385696740338422696357107663732806755342 0 0 0 0 0 0 0 1 0 0 0 0 0 0 0 0 0 0 0 0 0 0 0 0 0 0 0 0 0 0 0 0 0 0 0 0 0 0 0 0 0 0 0 0 0 0 0 0 0 0 0 0 0 0 0 0 0 0 0 0 0 0 0 0 0 0 0 0 0 0 0 0 0 0 0 0 0 0 0 0 0 0 0 0 0 0 0 0 0 0 0 0 0 0]
[7974154597014911028140575714716432562175743100095467171097697927603351696707322098661717427830264234086510626850595216251810840684887942282081951884170398267447386789341112302028981367375009126234379454120863209803061971833891137175841412406401549766570032526777534115701473952090965285 0 0 0 0 0 0 0 0 1 0 0 0 0 0 0 0 0 0 0 0 0 0 0 0 0 0 0 0 0 0 0 0 0 0 0 0 0 0 0 0 0 0 0 0 0 0 0 0 0 0 0 0 0 0 0 0 0 0 0 0 0 0 0 0 0 0 0 0 0 0 0 0 0 0 0 0 0 0 0 0 0 0 0 0 0 0 0 0 0 0 0 0 0 0]
[5928113373549121985972780617960622362375916327703883124587379298763193063204231139658921675867446427879874431842169554027270324824925571711457056372199693250307163220459234506946758715378709189913239363971662921137155524511378143186294391112733185951701490540584354800815545809055794772 0 0 0 0 0 0 0 0 0 1 0 0 0 0 0 0 0 0 0 0 0 0 0 0 0 0 0 0 0 0 0 0 0 0 0 0 0 0 0 0 0 0 0 0 0 0 0 0 0 0 0 0 0 0 0 0 0 0 0 0 0 0 0 0 0 0 0 0 0 0 0 0 0 0 0 0 0 0 0 0 0 0 0 0 0 0 0 0 0 0 0 0 0 0]
[3240641588458038054655603374445506571517881227538361283466356386220762550721612004434549248892094794022049057494712094414192969142416941159944450401188355752910491599926085467204981247767355220527970885523274754848709897777609220794153031191596514529250208700264520616178220890011471853 0 0 0 0 0 0 0 0 0 0 1 0 0 0 0 0 0 0 0 0 0 0 0 0 0 0 0 0 0 0 0 0 0 0 0 0 0 0 0 0 0 0 0 0 0 0 0 0 0 0 0 0 0 0 0 0 0 0 0 0 0 0 0 0 0 0 0 0 0 0 0 0 0 0 0 0 0 0 0 0 0 0 0 0 0 0 0 0 0 0 0 0 0 0]
[1061019185808405508951682018141341180315292178545812035458477655168978216889223585972875220013761857865301079080262968552198260845477237373500761770841915713165285146072963414787652836049104045783831006690644760268994713661869256067752487848785287020976947244327732971883155746756075471 0 0 0 0 0 0 0 0 0 0 0 1 0 0 0 0 0 0 0 0 0 0 0 0 0 0 0 0 0 0 0 0 0 0 0 0 0 0 0 0 0 0 0 0 0 0 0 0 0 0 0 0 0 0 0 0 0 0 0 0 0 0 0 0 0 0 0 0 0 0 0 0 0 0 0 0 0 0 0 0 0 0 0 0 0 0 0 0 0 0 0 0 0 0]
[8362737274001388368253252137632464686516170913339572606014701981572763315792908534681036028583958748443535848206337868538192606401617622364569534451953448366788563300198750790402405194633548242344256509049673789334253812030230859886972917573320214225496332052150326152817118877577235977 0 0 0 0 0 0 0 0 0 0 0 0 1 0 0 0 0 0 0 0 0 0 0 0 0 0 0 0 0 0 0 0 0 0 0 0 0 0 0 0 0 0 0 0 0 0 0 0 0 0 0 0 0 0 0 0 0 0 0 0 0 0 0 0 0 0 0 0 0 0 0 0 0 0 0 0 0 0 0 0 0 0 0 0 0 0 0 0 0 0 0 0 0 0]
[3814244571368614493550021256910128264383522003888014719946010213406490052302734603502564652630215636314688794753298768617048563751299026679980945635516055097703755722039434017032984759308762938115995072819362009684586877267247659813457956148638913541669364697997839260696842107425386553 0 0 0 0 0 0 0 0 0 0 0 0 0 1 0 0 0 0 0 0 0 0 0 0 0 0 0 0 0 0 0 0 0 0 0 0 0 0 0 0 0 0 0 0 0 0 0 0 0 0 0 0 0 0 0 0 0 0 0 0 0 0 0 0 0 0 0 0 0 0 0 0 0 0 0 0 0 0 0 0 0 0 0 0 0 0 0 0 0 0 0 0 0 0]
[8061405680833007094635630299757721279444268731657683302752953003610658094338850864539848176794373013468488766820808152788998771514036391511830339880641047809840202695867807567963105019093766694752639414599699293863471179826786683926386462061629522976216853830351182562235854598015192939 0 0 0 0 0 0 0 0 0 0 0 0 0 0 1 0 0 0 0 0 0 0 0 0 0 0 0 0 0 0 0 0 0 0 0 0 0 0 0 0 0 0 0 0 0 0 0 0 0 0 0 0 0 0 0 0 0 0 0 0 0 0 0 0 0 0 0 0 0 0 0 0 0 0 0 0 0 0 0 0 0 0 0 0 0 0 0 0 0 0 0 0 0 0]
[4158274994456605483904053027958847722504084738328815299745279255860444241139218349901514670353981747118970993949935113641413741228937075436479691692115137607284623894684094757168750050421083506718641145795348291850710653387336083722030565101436549861925949310178689326506965982702272861 0 0 0 0 0 0 0 0 0 0 0 0 0 0 0 1 0 0 0 0 0 0 0 0 0 0 0 0 0 0 0 0 0 0 0 0 0 0 0 0 0 0 0 0 0 0 0 0 0 0 0 0 0 0 0 0 0 0 0 0 0 0 0 0 0 0 0 0 0 0 0 0 0 0 0 0 0 0 0 0 0 0 0 0 0 0 0 0 0 0 0 0 0 0]
[5023519992814434044736765482159820260665848621332028466666029302082926171149578393354228110111469743383253156600900647198766145737828446596286453714064685503129637841241641807309814417260399020662753354678662023000268293355230716509212831786119278714227579254244290193614556917921565450 0 0 0 0 0 0 0 0 0 0 0 0 0 0 0 0 1 0 0 0 0 0 0 0 0 0 0 0 0 0 0 0 0 0 0 0 0 0 0 0 0 0 0 0 0 0 0 0 0 0 0 0 0 0 0 0 0 0 0 0 0 0 0 0 0 0 0 0 0 0 0 0 0 0 0 0 0 0 0 0 0 0 0 0 0 0 0 0 0 0 0 0 0 0]
[3730455918223630872295981775480696280843439769166946399542583167480143039864996861312346116569032274788811452810743400428772399473399671550227184467526728153156687439417545726089420994871050451842115107104481640592284893682778146842647787936729443409701646279324943194991876282198572192 0 0 0 0 0 0 0 0 0 0 0 0 0 0 0 0 0 1 0 0 0 0 0 0 0 0 0 0 0 0 0 0 0 0 0 0 0 0 0 0 0 0 0 0 0 0 0 0 0 0 0 0 0 0 0 0 0 0 0 0 0 0 0 0 0 0 0 0 0 0 0 0 0 0 0 0 0 0 0 0 0 0 0 0 0 0 0 0 0 0 0 0 0 0]
[6013689080266448804222509138963508601733699205567318284694568315247336313162578837512917132471481699077407739306610778328272965725200752011724002823594416580607550439240793017350045782618287469638726007645502031190540232073217194899705214250382216113195126484992823131992468843569738956 0 0 0 0 0 0 0 0 0 0 0 0 0 0 0 0 0 0 1 0 0 0 0 0 0 0 0 0 0 0 0 0 0 0 0 0 0 0 0 0 0 0 0 0 0 0 0 0 0 0 0 0 0 0 0 0 0 0 0 0 0 0 0 0 0 0 0 0 0 0 0 0 0 0 0 0 0 0 0 0 0 0 0 0 0 0 0 0 0 0 0 0 0 0]
[7104535141738595965207368997351340283470814887812782207767643636737206237886118874383639089643028959362320748120794978684829252230232119340668543198008971108925224457155918541724313963538088365431383133519257924569195132454189704260499583977641084764301334016901616378029984074571836995 0 0 0 0 0 0 0 0 0 0 0 0 0 0 0 0 0 0 0 1 0 0 0 0 0 0 0 0 0 0 0 0 0 0 0 0 0 0 0 0 0 0 0 0 0 0 0 0 0 0 0 0 0 0 0 0 0 0 0 0 0 0 0 0 0 0 0 0 0 0 0 0 0 0 0 0 0 0 0 0 0 0 0 0 0 0 0 0 0 0 0 0 0 0]
[2143792232824703205978355184545258274535828622635144945161109674611329037244576948886049286402314371208530919608554243869225704730864243679063833346719595335041353753159404702731346559859479025281511487576674369664565661629249155313566778204517456600160051792064998578735529035834463614 0 0 0 0 0 0 0 0 0 0 0 0 0 0 0 0 0 0 0 0 1 0 0 0 0 0 0 0 0 0 0 0 0 0 0 0 0 0 0 0 0 0 0 0 0 0 0 0 0 0 0 0 0 0 0 0 0 0 0 0 0 0 0 0 0 0 0 0 0 0 0 0 0 0 0 0 0 0 0 0 0 0 0 0 0 0 0 0 0 0 0 0 0 0]
[1220409984340854806835008648430261261626722649505520672843282205070465556508488617363028208841497056839170518744616903427096884405522522949669274865306942383604868333580484748609160943516484884872374624325564379149412087708117797538014434535282530002933332669579280894052534242947104944 0 0 0 0 0 0 0 0 0 0 0 0 0 0 0 0 0 0 0 0 0 1 0 0 0 0 0 0 0 0 0 0 0 0 0 0 0 0 0 0 0 0 0 0 0 0 0 0 0 0 0 0 0 0 0 0 0 0 0 0 0 0 0 0 0 0 0 0 0 0 0 0 0 0 0 0 0 0 0 0 0 0 0 0 0 0 0 0 0 0 0 0 0 0]
[4683699186004847364947146771351492547979331490650601694574572954772075099803619259468063612503685506920806874863445549118479210418607513639496781231988867621422378881797514004828305817932494954601462269313024981273881142196827275972912581885978963424472234884798572228746197617941303404 0 0 0 0 0 0 0 0 0 0 0 0 0 0 0 0 0 0 0 0 0 0 1 0 0 0 0 0 0 0 0 0 0 0 0 0 0 0 0 0 0 0 0 0 0 0 0 0 0 0 0 0 0 0 0 0 0 0 0 0 0 0 0 0 0 0 0 0 0 0 0 0 0 0 0 0 0 0 0 0 0 0 0 0 0 0 0 0 0 0 0 0 0 0]
[8269173253800430776010910317042430707263508465634923977988310537934752480727263229307389978917049979932344819733715695198156853929365336139457533116738077389793374087917762696485371761643272696827455830958937377074829940398098248329391393566628074912321156338564628881150200198391722749 0 0 0 0 0 0 0 0 0 0 0 0 0 0 0 0 0 0 0 0 0 0 0 1 0 0 0 0 0 0 0 0 0 0 0 0 0 0 0 0 0 0 0 0 0 0 0 0 0 0 0 0 0 0 0 0 0 0 0 0 0 0 0 0 0 0 0 0 0 0 0 0 0 0 0 0 0 0 0 0 0 0 0 0 0 0 0 0 0 0 0 0 0 0]
[6521786754304423096295561669197536355669666358405331911710752427875841525249494477833287132733506548657058862532358747718562620991061892054801825647422481111652028273472999997974049802540510855868082761330617963715996568257482624638272102712502467790275579863493007573281695877465095657 0 0 0 0 0 0 0 0 0 0 0 0 0 0 0 0 0 0 0 0 0 0 0 0 1 0 0 0 0 0 0 0 0 0 0 0 0 0 0 0 0 0 0 0 0 0 0 0 0 0 0 0 0 0 0 0 0 0 0 0 0 0 0 0 0 0 0 0 0 0 0 0 0 0 0 0 0 0 0 0 0 0 0 0 0 0 0 0 0 0 0 0 0 0]
[5046779838070496944732096549178056136082161433399133902943980802883236131560246230981761604870040433485872972164378369325843985855047424453781074378731817904955365696842997739573154251783668564267631617611657613256904540979660295760400724143247326089875341409392007608860271958093522838 0 0 0 0 0 0 0 0 0 0 0 0 0 0 0 0 0 0 0 0 0 0 0 0 0 1 0 0 0 0 0 0 0 0 0 0 0 0 0 0 0 0 0 0 0 0 0 0 0 0 0 0 0 0 0 0 0 0 0 0 0 0 0 0 0 0 0 0 0 0 0 0 0 0 0 0 0 0 0 0 0 0 0 0 0 0 0 0 0 0 0 0 0 0]
[1930588321168652217647617000451745621699338089960738376244884207571871401949531513598842793273440691020375429847812686205987023646747909682951380608085946076805196208168827182275531462582766956590240810863260739927229877489259344704835423649609709030768769839901761718043620913226868709 0 0 0 0 0 0 0 0 0 0 0 0 0 0 0 0 0 0 0 0 0 0 0 0 0 0 1 0 0 0 0 0 0 0 0 0 0 0 0 0 0 0 0 0 0 0 0 0 0 0 0 0 0 0 0 0 0 0 0 0 0 0 0 0 0 0 0 0 0 0 0 0 0 0 0 0 0 0 0 0 0 0 0 0 0 0 0 0 0 0 0 0 0 0]
[3315166591788697126935453706109616143805306007962742536842392623386012902865859981486893925982057065378629548385748470275755177864084372371679913127911722097502179224009008447460220807561715952984707120089147553279523008839881584631010828705035953412537198809934208515936030269318972026 0 0 0 0 0 0 0 0 0 0 0 0 0 0 0 0 0 0 0 0 0 0 0 0 0 0 0 1 0 0 0 0 0 0 0 0 0 0 0 0 0 0 0 0 0 0 0 0 0 0 0 0 0 0 0 0 0 0 0 0 0 0 0 0 0 0 0 0 0 0 0 0 0 0 0 0 0 0 0 0 0 0 0 0 0 0 0 0 0 0 0 0 0 0]
[1878260864032885644888794079706519349035920912538627665832701185611149073840217257579352100255128469737048777740018040023604185999773606449764205662815707511278697699643476857285421948621974776498440823394001623458240708696482218079471950411575869666488915997589933989257454208916301048 0 0 0 0 0 0 0 0 0 0 0 0 0 0 0 0 0 0 0 0 0 0 0 0 0 0 0 0 1 0 0 0 0 0 0 0 0 0 0 0 0 0 0 0 0 0 0 0 0 0 0 0 0 0 0 0 0 0 0 0 0 0 0 0 0 0 0 0 0 0 0 0 0 0 0 0 0 0 0 0 0 0 0 0 0 0 0 0 0 0 0 0 0 0]
[1669042432483768705131571786551859794785540716875139820112204940650184838597245727882452036436724967333737175450552615146246614851785287406779070783931875878444034968123249001116878829330803119123894132794095458476569283044217641217415016413387076855271040039016757039797562633515565889 0 0 0 0 0 0 0 0 0 0 0 0 0 0 0 0 0 0 0 0 0 0 0 0 0 0 0 0 0 1 0 0 0 0 0 0 0 0 0 0 0 0 0 0 0 0 0 0 0 0 0 0 0 0 0 0 0 0 0 0 0 0 0 0 0 0 0 0 0 0 0 0 0 0 0 0 0 0 0 0 0 0 0 0 0 0 0 0 0 0 0 0 0 0]
[5841381713032199144424538923852900026637491572211830244707938371639385722059125817533205517738832546060830038643514742724278504953878099018522709543547483925749754920792450589905537062379875578395737885777809418179295034605687758514055395137117165699686803311444070367057485385160331249 0 0 0 0 0 0 0 0 0 0 0 0 0 0 0 0 0 0 0 0 0 0 0 0 0 0 0 0 0 0 1 0 0 0 0 0 0 0 0 0 0 0 0 0 0 0 0 0 0 0 0 0 0 0 0 0 0 0 0 0 0 0 0 0 0 0 0 0 0 0 0 0 0 0 0 0 0 0 0 0 0 0 0 0 0 0 0 0 0 0 0 0 0 0]
[336156199115657313340064904549688808738832782496045345793193673266169619566789827620103921376147592771248738736902192466260974604725810777883324421348264238371443204139044731869884409842540814018968684191892550942600339895052232558002433268841178777375824335815315598573259549622509373 0 0 0 0 0 0 0 0 0 0 0 0 0 0 0 0 0 0 0 0 0 0 0 0 0 0 0 0 0 0 0 1 0 0 0 0 0 0 0 0 0 0 0 0 0 0 0 0 0 0 0 0 0 0 0 0 0 0 0 0 0 0 0 0 0 0 0 0 0 0 0 0 0 0 0 0 0 0 0 0 0 0 0 0 0 0 0 0 0 0 0 0 0 0]
[8504576660442615040618632121695743520440199956490147930611502460209914016552874905318444137454947100549593993565258500518234444753757997965178438401876507828709667923087821431369645725111891950264949141686446529102790812871872904138024111160356294522475081076886204386736468496427164164 0 0 0 0 0 0 0 0 0 0 0 0 0 0 0 0 0 0 0 0 0 0 0 0 0 0 0 0 0 0 0 0 1 0 0 0 0 0 0 0 0 0 0 0 0 0 0 0 0 0 0 0 0 0 0 0 0 0 0 0 0 0 0 0 0 0 0 0 0 0 0 0 0 0 0 0 0 0 0 0 0 0 0 0 0 0 0 0 0 0 0 0 0 0]
[715973478244893596783752462351893469613447165911148616878257632878124145036511874842268166016409490662626173509167679086327921807917351572934203299754154233864604030134933511533088420265308251841913611347854522974851889166351553885080136766891376914600972742283525138984063323260212720 0 0 0 0 0 0 0 0 0 0 0 0 0 0 0 0 0 0 0 0 0 0 0 0 0 0 0 0 0 0 0 0 0 1 0 0 0 0 0 0 0 0 0 0 0 0 0 0 0 0 0 0 0 0 0 0 0 0 0 0 0 0 0 0 0 0 0 0 0 0 0 0 0 0 0 0 0 0 0 0 0 0 0 0 0 0 0 0 0 0 0 0 0 0]
[1911219531904155888904755928335758199741911279177690199579266038688933870846874626408738936897865727234721929474905292757767114102763874696913871908099689874979362126214502967740819461721019759024661607276735284916799039053467669021329914580336565021223519815720993359439854045462381058 0 0 0 0 0 0 0 0 0 0 0 0 0 0 0 0 0 0 0 0 0 0 0 0 0 0 0 0 0 0 0 0 0 0 1 0 0 0 0 0 0 0 0 0 0 0 0 0 0 0 0 0 0 0 0 0 0 0 0 0 0 0 0 0 0 0 0 0 0 0 0 0 0 0 0 0 0 0 0 0 0 0 0 0 0 0 0 0 0 0 0 0 0 0]
[368256067559816422698355004750561957960034062634014563758463403652579970209081776812338068141260981580711813471122095463635562220769828500111423030869952915184201372698793383167793199944220538088211706209563809629656236087445545475592309410125171525445154955679137593553073710888249021 0 0 0 0 0 0 0 0 0 0 0 0 0 0 0 0 0 0 0 0 0 0 0 0 0 0 0 0 0 0 0 0 0 0 0 1 0 0 0 0 0 0 0 0 0 0 0 0 0 0 0 0 0 0 0 0 0 0 0 0 0 0 0 0 0 0 0 0 0 0 0 0 0 0 0 0 0 0 0 0 0 0 0 0 0 0 0 0 0 0 0 0 0 0]
[8018191572741445839263648306705464374296306822657462120804396042824773020844537356629965505176323356431802576907931162088631345229780848967136059889835928987541307331794131402667133554713319495962111733148784703210368333349807889500855822827001383461118766899072912015223816069093224276 0 0 0 0 0 0 0 0 0 0 0 0 0 0 0 0 0 0 0 0 0 0 0 0 0 0 0 0 0 0 0 0 0 0 0 0 1 0 0 0 0 0 0 0 0 0 0 0 0 0 0 0 0 0 0 0 0 0 0 0 0 0 0 0 0 0 0 0 0 0 0 0 0 0 0 0 0 0 0 0 0 0 0 0 0 0 0 0 0 0 0 0 0 0]
[1077998755009250446758442138942577998528586170765417262325055245986959789297782461864628554302737824446462278726837860178642510706857334245750942097424591111867390353097213389788583833128819083354538717657334499622740683620085601555990818436025136552585351309580148876597319740434896687 0 0 0 0 0 0 0 0 0 0 0 0 0 0 0 0 0 0 0 0 0 0 0 0 0 0 0 0 0 0 0 0 0 0 0 0 0 1 0 0 0 0 0 0 0 0 0 0 0 0 0 0 0 0 0 0 0 0 0 0 0 0 0 0 0 0 0 0 0 0 0 0 0 0 0 0 0 0 0 0 0 0 0 0 0 0 0 0 0 0 0 0 0 0]
[6397081967149058427501089265985163524301073698920433362315208881785101203617650946880291365443948605410605060611077328320249781458833136255089872632711852429711643417704852538314029139982950369504500602836496301932280396988321626368859173100406459841213017585401665484787517692568443204 0 0 0 0 0 0 0 0 0 0 0 0 0 0 0 0 0 0 0 0 0 0 0 0 0 0 0 0 0 0 0 0 0 0 0 0 0 0 1 0 0 0 0 0 0 0 0 0 0 0 0 0 0 0 0 0 0 0 0 0 0 0 0 0 0 0 0 0 0 0 0 0 0 0 0 0 0 0 0 0 0 0 0 0 0 0 0 0 0 0 0 0 0 0]
[422085748026939839593147664104162950554542629913839570318992039021101045253562003693548677490643855651322623174428883270709349766130558415140182878946533364137516477070149319708536934029305968555239274861552611258003473666352583257160101173958379525185303488737820231790548181487283519 0 0 0 0 0 0 0 0 0 0 0 0 0 0 0 0 0 0 0 0 0 0 0 0 0 0 0 0 0 0 0 0 0 0 0 0 0 0 0 1 0 0 0 0 0 0 0 0 0 0 0 0 0 0 0 0 0 0 0 0 0 0 0 0 0 0 0 0 0 0 0 0 0 0 0 0 0 0 0 0 0 0 0 0 0 0 0 0 0 0 0 0 0 0]
[665728645990225096439512609800293388832568763074001809059295228376583870285189698216525813869773238149193365604455691659220884157963045171581992877847587183357519884432169472532304087590804302893531816978799138978436634007846116379910139208346668579999702309759635108610954636176526127 0 0 0 0 0 0 0 0 0 0 0 0 0 0 0 0 0 0 0 0 0 0 0 0 0 0 0 0 0 0 0 0 0 0 0 0 0 0 0 0 1 0 0 0 0 0 0 0 0 0 0 0 0 0 0 0 0 0 0 0 0 0 0 0 0 0 0 0 0 0 0 0 0 0 0 0 0 0 0 0 0 0 0 0 0 0 0 0 0 0 0 0 0 0]
[6324252836234710820337973622803454221193292046256690665864292855646382745655119102171438502942100202877143028829896815732812387325365394346802006867328543606684625497539561433442877210687968701121872111554377402611676222398711574882690063785288715131526068131430836585990372352462532044 0 0 0 0 0 0 0 0 0 0 0 0 0 0 0 0 0 0 0 0 0 0 0 0 0 0 0 0 0 0 0 0 0 0 0 0 0 0 0 0 0 1 0 0 0 0 0 0 0 0 0 0 0 0 0 0 0 0 0 0 0 0 0 0 0 0 0 0 0 0 0 0 0 0 0 0 0 0 0 0 0 0 0 0 0 0 0 0 0 0 0 0 0 0]
[1124359749025737936888601031937783189940093939429752236711802696745244538029190200116280173509981374480359785153611288225876681044011965749984239641468310651870662795892665258032177196684011086177634074464511232462826931837069992386421914838247333098519948914250982028643334623726745585 0 0 0 0 0 0 0 0 0 0 0 0 0 0 0 0 0 0 0 0 0 0 0 0 0 0 0 0 0 0 0 0 0 0 0 0 0 0 0 0 0 0 1 0 0 0 0 0 0 0 0 0 0 0 0 0 0 0 0 0 0 0 0 0 0 0 0 0 0 0 0 0 0 0 0 0 0 0 0 0 0 0 0 0 0 0 0 0 0 0 0 0 0 0]
[7251749311450592048877663851754674610001903119491311919353065717425465527732314621822819500387086428855701098168563096814124221050700020899827286661989262539487610773072434960536298074610466845410000561821523925039062940641960240841685049843767863035614514182565800811398499201437242887 0 0 0 0 0 0 0 0 0 0 0 0 0 0 0 0 0 0 0 0 0 0 0 0 0 0 0 0 0 0 0 0 0 0 0 0 0 0 0 0 0 0 0 1 0 0 0 0 0 0 0 0 0 0 0 0 0 0 0 0 0 0 0 0 0 0 0 0 0 0 0 0 0 0 0 0 0 0 0 0 0 0 0 0 0 0 0 0 0 0 0 0 0 0]
[7334020353744160067281798398379293868325256704554337869222482176339135844641008116737237227343847642079127120896349476263905644861403082049595901695821633677558055402654007410940046816905441949414325221282437985477961284617733414896793900099456647912883837972781313176324841694403791734 0 0 0 0 0 0 0 0 0 0 0 0 0 0 0 0 0 0 0 0 0 0 0 0 0 0 0 0 0 0 0 0 0 0 0 0 0 0 0 0 0 0 0 0 1 0 0 0 0 0 0 0 0 0 0 0 0 0 0 0 0 0 0 0 0 0 0 0 0 0 0 0 0 0 0 0 0 0 0 0 0 0 0 0 0 0 0 0 0 0 0 0 0 0]
[2945142027615669343674151170858577598534136355769242193037043326478894699489327230159925247368323351510567483170138651561948124739372295974549624292564471445879098900334661917055303258834154828014276394614464972384928356803992339119340679205373946489855043198691782826427218327785972194 0 0 0 0 0 0 0 0 0 0 0 0 0 0 0 0 0 0 0 0 0 0 0 0 0 0 0 0 0 0 0 0 0 0 0 0 0 0 0 0 0 0 0 0 0 1 0 0 0 0 0 0 0 0 0 0 0 0 0 0 0 0 0 0 0 0 0 0 0 0 0 0 0 0 0 0 0 0 0 0 0 0 0 0 0 0 0 0 0 0 0 0 0 0]
[7700097525386055802829003966800311741974640740272675510303633598127474737976071536753195767584048613322972014685814712559516112562858018282108275123509610816499881211389026121067785349660345236260210700363081773159153027794562110307854761141533184030374320125011365374034180134806390530 0 0 0 0 0 0 0 0 0 0 0 0 0 0 0 0 0 0 0 0 0 0 0 0 0 0 0 0 0 0 0 0 0 0 0 0 0 0 0 0 0 0 0 0 0 0 1 0 0 0 0 0 0 0 0 0 0 0 0 0 0 0 0 0 0 0 0 0 0 0 0 0 0 0 0 0 0 0 0 0 0 0 0 0 0 0 0 0 0 0 0 0 0 0]
[2171588145150650078536117876494374142446792311423359151377222245746971373500806792005879529619837539314966501698820811590546435138698940215645171099519535201511387703324950728409716164257116856319820046894604011431235234925516421377361600380201563783963864973199203592633592089490449372 0 0 0 0 0 0 0 0 0 0 0 0 0 0 0 0 0 0 0 0 0 0 0 0 0 0 0 0 0 0 0 0 0 0 0 0 0 0 0 0 0 0 0 0 0 0 0 1 0 0 0 0 0 0 0 0 0 0 0 0 0 0 0 0 0 0 0 0 0 0 0 0 0 0 0 0 0 0 0 0 0 0 0 0 0 0 0 0 0 0 0 0 0 0]
[6096183131435730606998086584385449178616671052924345608664104181459102192709924303354712466354069859221855176890725788050646770587235224728662989769823863398920813226695220528919880948000953487214900538855976743924121848342180765747064985874461180680107541422106214021976789858874070736 0 0 0 0 0 0 0 0 0 0 0 0 0 0 0 0 0 0 0 0 0 0 0 0 0 0 0 0 0 0 0 0 0 0 0 0 0 0 0 0 0 0 0 0 0 0 0 0 1 0 0 0 0 0 0 0 0 0 0 0 0 0 0 0 0 0 0 0 0 0 0 0 0 0 0 0 0 0 0 0 0 0 0 0 0 0 0 0 0 0 0 0 0 0]
[5338504789099919815997180881445049372992244938012667220082124026184054617192829904069387506487276088432057731194482713083261850031209319432644683677672581399433370403470654160147947792728948604458159909767369197405212241313336836119886971099507564110270289712618009709928837082234944346 0 0 0 0 0 0 0 0 0 0 0 0 0 0 0 0 0 0 0 0 0 0 0 0 0 0 0 0 0 0 0 0 0 0 0 0 0 0 0 0 0 0 0 0 0 0 0 0 0 1 0 0 0 0 0 0 0 0 0 0 0 0 0 0 0 0 0 0 0 0 0 0 0 0 0 0 0 0 0 0 0 0 0 0 0 0 0 0 0 0 0 0 0 0]
[684058427665708027302938604580995256932220144462915031825529368973874118029421761334823463232907429683412885962266544903634983902314587957395536420586151985824604017872383330789683397465004773693506588490508855669799225915196236095923283284791195614304884801027389273118853431839712970 0 0 0 0 0 0 0 0 0 0 0 0 0 0 0 0 0 0 0 0 0 0 0 0 0 0 0 0 0 0 0 0 0 0 0 0 0 0 0 0 0 0 0 0 0 0 0 0 0 0 1 0 0 0 0 0 0 0 0 0 0 0 0 0 0 0 0 0 0 0 0 0 0 0 0 0 0 0 0 0 0 0 0 0 0 0 0 0 0 0 0 0 0 0]
[1873710718439649641201064522666733770459611134474730814899754000391323164313471563186614662170460630487484694294337639499251653359416386631076299326647189334887781237910106898778885233883673852351951476707770289614998094233888364894082413203514383201478414346262231483310939109630238395 0 0 0 0 0 0 0 0 0 0 0 0 0 0 0 0 0 0 0 0 0 0 0 0 0 0 0 0 0 0 0 0 0 0 0 0 0 0 0 0 0 0 0 0 0 0 0 0 0 0 0 1 0 0 0 0 0 0 0 0 0 0 0 0 0 0 0 0 0 0 0 0 0 0 0 0 0 0 0 0 0 0 0 0 0 0 0 0 0 0 0 0 0 0]
[6642565353432656790219658059274058540664063344110459284137049799696858769973395820384392646719424421653065392184553331908370921335008529943149246308119381321087017716274520495619751339554062123434193778755307343605692359609728171726585604842025153314123323246501428853429218191272406272 0 0 0 0 0 0 0 0 0 0 0 0 0 0 0 0 0 0 0 0 0 0 0 0 0 0 0 0 0 0 0 0 0 0 0 0 0 0 0 0 0 0 0 0 0 0 0 0 0 0 0 0 1 0 0 0 0 0 0 0 0 0 0 0 0 0 0 0 0 0 0 0 0 0 0 0 0 0 0 0 0 0 0 0 0 0 0 0 0 0 0 0 0 0]
[410012639709050670409310306719211795049072742029842955641061132185578025304010061359699367924451560605957537750961425666347725295933716276018698220270478400096461172672600102507616586049326640360666224640764853514690095420634807339308400562382153740782396915540147757843074770485400896 0 0 0 0 0 0 0 0 0 0 0 0 0 0 0 0 0 0 0 0 0 0 0 0 0 0 0 0 0 0 0 0 0 0 0 0 0 0 0 0 0 0 0 0 0 0 0 0 0 0 0 0 0 1 0 0 0 0 0 0 0 0 0 0 0 0 0 0 0 0 0 0 0 0 0 0 0 0 0 0 0 0 0 0 0 0 0 0 0 0 0 0 0 0]
[5223044086209579044568211033270296964608084398195509799206911079090574524121709682152573346233005749667031108635564110545415900445548617961698995512912584257955724144062349591560018194423408289230951208176277372148303643979478035502977738771021467218922815471374825194653468775825102506 0 0 0 0 0 0 0 0 0 0 0 0 0 0 0 0 0 0 0 0 0 0 0 0 0 0 0 0 0 0 0 0 0 0 0 0 0 0 0 0 0 0 0 0 0 0 0 0 0 0 0 0 0 0 1 0 0 0 0 0 0 0 0 0 0 0 0 0 0 0 0 0 0 0 0 0 0 0 0 0 0 0 0 0 0 0 0 0 0 0 0 0 0 0]
[3858236549055691409889724900036499718023742268852203386221651416980005846237186600008763221177140846432956476826923565485760197832779824768706881683937382697149573421742060674431084622118523872859685438110762773936117627946040182274606675997511411789507657905398272085789412747112867234 0 0 0 0 0 0 0 0 0 0 0 0 0 0 0 0 0 0 0 0 0 0 0 0 0 0 0 0 0 0 0 0 0 0 0 0 0 0 0 0 0 0 0 0 0 0 0 0 0 0 0 0 0 0 0 1 0 0 0 0 0 0 0 0 0 0 0 0 0 0 0 0 0 0 0 0 0 0 0 0 0 0 0 0 0 0 0 0 0 0 0 0 0 0]
[8673389445747413463423885370873278661342760368962639184421778458634907624338203634438663442901568106180514152345937792829003327322752842818487276889235756193653873058348670900877043740117776317895695003460811197981810578852512288680204309366091397787493722082995715386184162725659950739 0 0 0 0 0 0 0 0 0 0 0 0 0 0 0 0 0 0 0 0 0 0 0 0 0 0 0 0 0 0 0 0 0 0 0 0 0 0 0 0 0 0 0 0 0 0 0 0 0 0 0 0 0 0 0 0 1 0 0 0 0 0 0 0 0 0 0 0 0 0 0 0 0 0 0 0 0 0 0 0 0 0 0 0 0 0 0 0 0 0 0 0 0 0]
[1019113626039826041346665610655487776906291389746121065666018551588539030473687860930508999860107318090117879050311990258373324273031251271397479773068653847869191023953137093379810029322655185689751807704594612282898885886247101762204044230960640384762689739122948361875893019683702932 0 0 0 0 0 0 0 0 0 0 0 0 0 0 0 0 0 0 0 0 0 0 0 0 0 0 0 0 0 0 0 0 0 0 0 0 0 0 0 0 0 0 0 0 0 0 0 0 0 0 0 0 0 0 0 0 0 1 0 0 0 0 0 0 0 0 0 0 0 0 0 0 0 0 0 0 0 0 0 0 0 0 0 0 0 0 0 0 0 0 0 0 0 0]
[43883725079831578718777399398829652739019016726158298030145523117372335351189876858305349479035796250578688326071194847486739755887845855153052197857216822908765533601748299120387975555080769424551479775447677104059987647822636498132617934047743061031407207601516412575300694891624720 0 0 0 0 0 0 0 0 0 0 0 0 0 0 0 0 0 0 0 0 0 0 0 0 0 0 0 0 0 0 0 0 0 0 0 0 0 0 0 0 0 0 0 0 0 0 0 0 0 0 0 0 0 0 0 0 0 0 1 0 0 0 0 0 0 0 0 0 0 0 0 0 0 0 0 0 0 0 0 0 0 0 0 0 0 0 0 0 0 0 0 0 0 0]
[2342199904386940492822782013033409900272599564797165900843412205828892474483148989925414495106268299618947537548384142806598944410520536911141868094636062011365122078286315228129423368449378940575981959762007739952339392602942154123883095926253901492573901898352357859019598491129568233 0 0 0 0 0 0 0 0 0 0 0 0 0 0 0 0 0 0 0 0 0 0 0 0 0 0 0 0 0 0 0 0 0 0 0 0 0 0 0 0 0 0 0 0 0 0 0 0 0 0 0 0 0 0 0 0 0 0 0 1 0 0 0 0 0 0 0 0 0 0 0 0 0 0 0 0 0 0 0 0 0 0 0 0 0 0 0 0 0 0 0 0 0 0]
[8246616017519326569641657584167309188437805857528122217348920463436822650000818628953926917774360685363833363336521461465990029127656393162537270165562577276853336931024010995468961439023036715484314311658899038967591627024779253676792633188044074596100410636692045449752552205198096022 0 0 0 0 0 0 0 0 0 0 0 0 0 0 0 0 0 0 0 0 0 0 0 0 0 0 0 0 0 0 0 0 0 0 0 0 0 0 0 0 0 0 0 0 0 0 0 0 0 0 0 0 0 0 0 0 0 0 0 0 1 0 0 0 0 0 0 0 0 0 0 0 0 0 0 0 0 0 0 0 0 0 0 0 0 0 0 0 0 0 0 0 0 0]
[2749914659577687426824041635255694503017568040297705060506505288243233528524662645565850635483258351455294893426677151215042086086083791761817291816944817069604537619329200252352845835039296395544612951789492110721178006966889265652830728189884367494245659997245080896280863376937165248 0 0 0 0 0 0 0 0 0 0 0 0 0 0 0 0 0 0 0 0 0 0 0 0 0 0 0 0 0 0 0 0 0 0 0 0 0 0 0 0 0 0 0 0 0 0 0 0 0 0 0 0 0 0 0 0 0 0 0 0 0 1 0 0 0 0 0 0 0 0 0 0 0 0 0 0 0 0 0 0 0 0 0 0 0 0 0 0 0 0 0 0 0 0]
[2501206127517398268580400415008206851039376704263090057887915141010459679622668343741819070240651076085421697482467910743049731252591501335985331391495068674230004774478910374044387415335145997741133210343335478946231238334706214244741187223751551495271677990083652396327324119557772287 0 0 0 0 0 0 0 0 0 0 0 0 0 0 0 0 0 0 0 0 0 0 0 0 0 0 0 0 0 0 0 0 0 0 0 0 0 0 0 0 0 0 0 0 0 0 0 0 0 0 0 0 0 0 0 0 0 0 0 0 0 0 1 0 0 0 0 0 0 0 0 0 0 0 0 0 0 0 0 0 0 0 0 0 0 0 0 0 0 0 0 0 0 0]
[7738772371629984414942608797921381963639670494311192121846191965501900288895805056195076812168191792973666758029199791705443377003284623341301747223914147500122978212165968921162386013132021826474056073543454710093575617172175107415159935936322702694908184113357605764473088340647471427 0 0 0 0 0 0 0 0 0 0 0 0 0 0 0 0 0 0 0 0 0 0 0 0 0 0 0 0 0 0 0 0 0 0 0 0 0 0 0 0 0 0 0 0 0 0 0 0 0 0 0 0 0 0 0 0 0 0 0 0 0 0 0 1 0 0 0 0 0 0 0 0 0 0 0 0 0 0 0 0 0 0 0 0 0 0 0 0 0 0 0 0 0 0]
[4650720980678943881424381168274507882854600822047039111009013373468777127427641840508141950177038272590714739111957390579260432709525415759019050049448915688741523088106416619321521347516263930004520852744962420144080482497449834013067583379995938023103887686181479715801578179359251026 0 0 0 0 0 0 0 0 0 0 0 0 0 0 0 0 0 0 0 0 0 0 0 0 0 0 0 0 0 0 0 0 0 0 0 0 0 0 0 0 0 0 0 0 0 0 0 0 0 0 0 0 0 0 0 0 0 0 0 0 0 0 0 0 1 0 0 0 0 0 0 0 0 0 0 0 0 0 0 0 0 0 0 0 0 0 0 0 0 0 0 0 0 0]
[5864577403753619070601702656413350698662740106917550633259420793404843406729213831480432724584065326534269695103049005364142302234219382386189508301053023213271670950623074992308157138320287526795623931328636879765766462455511723485784028064990687293450480482066834650936080038544358207 0 0 0 0 0 0 0 0 0 0 0 0 0 0 0 0 0 0 0 0 0 0 0 0 0 0 0 0 0 0 0 0 0 0 0 0 0 0 0 0 0 0 0 0 0 0 0 0 0 0 0 0 0 0 0 0 0 0 0 0 0 0 0 0 0 1 0 0 0 0 0 0 0 0 0 0 0 0 0 0 0 0 0 0 0 0 0 0 0 0 0 0 0 0]
[3452184969418755036435037932365137409370878536838413151945015527125075234547737846154778040124922232640826326708476888065448004373044653393432212438664843267221114595884519330613706191246151721240758742927932526803066962995106187006924925579771019859339072331113125313855441457552506066 0 0 0 0 0 0 0 0 0 0 0 0 0 0 0 0 0 0 0 0 0 0 0 0 0 0 0 0 0 0 0 0 0 0 0 0 0 0 0 0 0 0 0 0 0 0 0 0 0 0 0 0 0 0 0 0 0 0 0 0 0 0 0 0 0 0 1 0 0 0 0 0 0 0 0 0 0 0 0 0 0 0 0 0 0 0 0 0 0 0 0 0 0 0]
[4671847036958272287428015264694772025099437620179617505480085952828625720109629003248870773463227582498900525059827500277945088746433497645025954926595827598321692664327948511029357219668151965788860802060672515082023904616274748251253504451492839942157083350511927397738579892613295311 0 0 0 0 0 0 0 0 0 0 0 0 0 0 0 0 0 0 0 0 0 0 0 0 0 0 0 0 0 0 0 0 0 0 0 0 0 0 0 0 0 0 0 0 0 0 0 0 0 0 0 0 0 0 0 0 0 0 0 0 0 0 0 0 0 0 0 1 0 0 0 0 0 0 0 0 0 0 0 0 0 0 0 0 0 0 0 0 0 0 0 0 0 0]
[6550685562625463385996831652906278553056733452343970421396940644751445019317298910957110071615371064090090134506452891118007208966873424820712719090810223259709046385308470605375594558351867774747000660283458499910125252929915970607880818171623509746709334643218593110712860985642601952 0 0 0 0 0 0 0 0 0 0 0 0 0 0 0 0 0 0 0 0 0 0 0 0 0 0 0 0 0 0 0 0 0 0 0 0 0 0 0 0 0 0 0 0 0 0 0 0 0 0 0 0 0 0 0 0 0 0 0 0 0 0 0 0 0 0 0 0 1 0 0 0 0 0 0 0 0 0 0 0 0 0 0 0 0 0 0 0 0 0 0 0 0 0]
[4431231416561144912089570134810368075955378427431738455972929522568336190595456503241577200374692896358579536971537762930905318654624522440130856169892009342603021916020696092194255944979307553718328706017938796263010421317933796113598840693142990452801983562474529312185098506129708568 0 0 0 0 0 0 0 0 0 0 0 0 0 0 0 0 0 0 0 0 0 0 0 0 0 0 0 0 0 0 0 0 0 0 0 0 0 0 0 0 0 0 0 0 0 0 0 0 0 0 0 0 0 0 0 0 0 0 0 0 0 0 0 0 0 0 0 0 0 1 0 0 0 0 0 0 0 0 0 0 0 0 0 0 0 0 0 0 0 0 0 0 0 0]
[4609502057268893167571736693988732351019134882980607729247828402839364768150762778003941818122847765200535009392851969241129753364017271858623376400995714035952610508148609165902571868412009511904452536950984405296834697133673077014724157404691483065975089741305888369785798710945766694 0 0 0 0 0 0 0 0 0 0 0 0 0 0 0 0 0 0 0 0 0 0 0 0 0 0 0 0 0 0 0 0 0 0 0 0 0 0 0 0 0 0 0 0 0 0 0 0 0 0 0 0 0 0 0 0 0 0 0 0 0 0 0 0 0 0 0 0 0 0 1 0 0 0 0 0 0 0 0 0 0 0 0 0 0 0 0 0 0 0 0 0 0 0]
[6053002549218344509908734524425554351912680675015356634687992322986904532415994938568886564915912901141111797066949142189530317181368911946774823201101010602930852208267784948648023770730450450224895517660384439355357509721137407898856195297462081548149212154505265520964563648487904199 0 0 0 0 0 0 0 0 0 0 0 0 0 0 0 0 0 0 0 0 0 0 0 0 0 0 0 0 0 0 0 0 0 0 0 0 0 0 0 0 0 0 0 0 0 0 0 0 0 0 0 0 0 0 0 0 0 0 0 0 0 0 0 0 0 0 0 0 0 0 0 1 0 0 0 0 0 0 0 0 0 0 0 0 0 0 0 0 0 0 0 0 0 0]
[8204279804714260095002604016866876640108273977700985563896322819869775568558516473287486421851820563222818892538047661147950759099628845789022437917978327877877053288490182684055330740593292783746280738111205219871077477326318121433317475881801874197103799985462003081440887030832017528 0 0 0 0 0 0 0 0 0 0 0 0 0 0 0 0 0 0 0 0 0 0 0 0 0 0 0 0 0 0 0 0 0 0 0 0 0 0 0 0 0 0 0 0 0 0 0 0 0 0 0 0 0 0 0 0 0 0 0 0 0 0 0 0 0 0 0 0 0 0 0 0 1 0 0 0 0 0 0 0 0 0 0 0 0 0 0 0 0 0 0 0 0 0]
[3983524023114619071250615583680707324354888093140648478151713774270100285972789829186104204656277623951405828948270418850204703816168109952920098620625834713309612669881122170120491177408077248787520407995949281874607236288203953166276700421576721598181013800705653194290408196547618789 0 0 0 0 0 0 0 0 0 0 0 0 0 0 0 0 0 0 0 0 0 0 0 0 0 0 0 0 0 0 0 0 0 0 0 0 0 0 0 0 0 0 0 0 0 0 0 0 0 0 0 0 0 0 0 0 0 0 0 0 0 0 0 0 0 0 0 0 0 0 0 0 0 1 0 0 0 0 0 0 0 0 0 0 0 0 0 0 0 0 0 0 0 0]
[3165799879579397944590593708564785203632834902434797723555421532529710854070522408073944411897079027859453401868053793851384708832921831955910139770656091975594931927880033177922947772595234985314676308899635892492127007287756729220238256525914396894053492202202789962774997240067018985 0 0 0 0 0 0 0 0 0 0 0 0 0 0 0 0 0 0 0 0 0 0 0 0 0 0 0 0 0 0 0 0 0 0 0 0 0 0 0 0 0 0 0 0 0 0 0 0 0 0 0 0 0 0 0 0 0 0 0 0 0 0 0 0 0 0 0 0 0 0 0 0 0 0 1 0 0 0 0 0 0 0 0 0 0 0 0 0 0 0 0 0 0 0]
[4687205880992926751863484671505715935848467075175283733916687067007613387363429740688164116274954992519128972163798623713610058774268972982088616425648411568680104282577356635537837301988313857828671489075461928269025404745588991537697445372587345005395924649229960544726360004891588684 0 0 0 0 0 0 0 0 0 0 0 0 0 0 0 0 0 0 0 0 0 0 0 0 0 0 0 0 0 0 0 0 0 0 0 0 0 0 0 0 0 0 0 0 0 0 0 0 0 0 0 0 0 0 0 0 0 0 0 0 0 0 0 0 0 0 0 0 0 0 0 0 0 0 0 1 0 0 0 0 0 0 0 0 0 0 0 0 0 0 0 0 0 0]
[5440955830714341988250224003564690271601319102653465588236972606648837234214409955825805266667681487059490231723784781197013494163174607513289895703090023149708958001024113356252068613484181049090900828529700910095002464145220248451356052160737962468507948240635597481158208158632682743 0 0 0 0 0 0 0 0 0 0 0 0 0 0 0 0 0 0 0 0 0 0 0 0 0 0 0 0 0 0 0 0 0 0 0 0 0 0 0 0 0 0 0 0 0 0 0 0 0 0 0 0 0 0 0 0 0 0 0 0 0 0 0 0 0 0 0 0 0 0 0 0 0 0 0 0 1 0 0 0 0 0 0 0 0 0 0 0 0 0 0 0 0 0]
[7563888962364583467978763617765743700566977839545888533179029367706752161686275405125049225087756104190559944479358694213529774163581084358469159906234738374120315420675237359717785543818469665453723763080588516837514938197258668707489649917260669412037854017445845669605537804202881720 0 0 0 0 0 0 0 0 0 0 0 0 0 0 0 0 0 0 0 0 0 0 0 0 0 0 0 0 0 0 0 0 0 0 0 0 0 0 0 0 0 0 0 0 0 0 0 0 0 0 0 0 0 0 0 0 0 0 0 0 0 0 0 0 0 0 0 0 0 0 0 0 0 0 0 0 0 1 0 0 0 0 0 0 0 0 0 0 0 0 0 0 0 0]
[1833935286174928249067562542507771120695288440017999674728093331138085766800238291735457193390916122013611610598173088037175300255401978284605308171900141445010861130757289438800231161316787376250804419579866875952111524655911107618680408605328011312607832363223888637104754515612829894 0 0 0 0 0 0 0 0 0 0 0 0 0 0 0 0 0 0 0 0 0 0 0 0 0 0 0 0 0 0 0 0 0 0 0 0 0 0 0 0 0 0 0 0 0 0 0 0 0 0 0 0 0 0 0 0 0 0 0 0 0 0 0 0 0 0 0 0 0 0 0 0 0 0 0 0 0 0 1 0 0 0 0 0 0 0 0 0 0 0 0 0 0 0]
[423727741305863550454853583390218561837870324569030211385079529574236219035565315444125160770745548272362521090154468232126866975220867130439140010500420739657447289997234839726415570582193241629608265852590096205795466089486181750931580181222204921404364659020448400171474437829456102 0 0 0 0 0 0 0 0 0 0 0 0 0 0 0 0 0 0 0 0 0 0 0 0 0 0 0 0 0 0 0 0 0 0 0 0 0 0 0 0 0 0 0 0 0 0 0 0 0 0 0 0 0 0 0 0 0 0 0 0 0 0 0 0 0 0 0 0 0 0 0 0 0 0 0 0 0 0 0 1 0 0 0 0 0 0 0 0 0 0 0 0 0 0]
[4716036834537272774228416574549368400523559101561925514879678211170671614631756506588562317724317650529585642763937196684177643836992112733786088263775514730543772703401124039866460486153441142499979829572925362909179595406171612206096841857396843587632533743857065661692304739321367124 0 0 0 0 0 0 0 0 0 0 0 0 0 0 0 0 0 0 0 0 0 0 0 0 0 0 0 0 0 0 0 0 0 0 0 0 0 0 0 0 0 0 0 0 0 0 0 0 0 0 0 0 0 0 0 0 0 0 0 0 0 0 0 0 0 0 0 0 0 0 0 0 0 0 0 0 0 0 0 0 1 0 0 0 0 0 0 0 0 0 0 0 0 0]
[1354057568762068220180137567405430064074221367668680879099620471589717972679101757517960828441879920856121090752859569277156533106994667206090502877456969197030502985419394824046384126629271884775700229867940555542619349814474218072386488078940748669132514784609576432154578025948465258 0 0 0 0 0 0 0 0 0 0 0 0 0 0 0 0 0 0 0 0 0 0 0 0 0 0 0 0 0 0 0 0 0 0 0 0 0 0 0 0 0 0 0 0 0 0 0 0 0 0 0 0 0 0 0 0 0 0 0 0 0 0 0 0 0 0 0 0 0 0 0 0 0 0 0 0 0 0 0 0 0 1 0 0 0 0 0 0 0 0 0 0 0 0]
[1301823871150650229981478758748940214002423647616201803467633750313111097142654569287339104988331487124386696197401280338437167675170529743665199156307971058371175044735196499896307408956573149465369960848266974259149860542333584233467459196380616327560784074883228932657569305853232040 0 0 0 0 0 0 0 0 0 0 0 0 0 0 0 0 0 0 0 0 0 0 0 0 0 0 0 0 0 0 0 0 0 0 0 0 0 0 0 0 0 0 0 0 0 0 0 0 0 0 0 0 0 0 0 0 0 0 0 0 0 0 0 0 0 0 0 0 0 0 0 0 0 0 0 0 0 0 0 0 0 0 1 0 0 0 0 0 0 0 0 0 0 0]
[5593843072683254615405318683700916444365663234218169153708876856820388302676320238638249234312389380586726028932241111448639771358817320339563863695102797099946258045009558123502055850458944899729554175777780675686981920544976510079372394050121784338800999591854506228436992012868994247 0 0 0 0 0 0 0 0 0 0 0 0 0 0 0 0 0 0 0 0 0 0 0 0 0 0 0 0 0 0 0 0 0 0 0 0 0 0 0 0 0 0 0 0 0 0 0 0 0 0 0 0 0 0 0 0 0 0 0 0 0 0 0 0 0 0 0 0 0 0 0 0 0 0 0 0 0 0 0 0 0 0 0 1 0 0 0 0 0 0 0 0 0 0]
[6862175888542851198841587944936538205103848158360212845024944454874920385902003242148998401538233670853915032285757090881303314667091271612119675810888871836437445706013847758195231676987273955681475024896824830788503800779326286068673186838387150432238827220771134393569907587560959614 0 0 0 0 0 0 0 0 0 0 0 0 0 0 0 0 0 0 0 0 0 0 0 0 0 0 0 0 0 0 0 0 0 0 0 0 0 0 0 0 0 0 0 0 0 0 0 0 0 0 0 0 0 0 0 0 0 0 0 0 0 0 0 0 0 0 0 0 0 0 0 0 0 0 0 0 0 0 0 0 0 0 0 0 1 0 0 0 0 0 0 0 0 0]
[4663878240697788949053089293042185493321569496450807854346539715845448148543688608908095969673043363743353148807925343292801114041022606032831263750630718103500424727172078537074094524114397997495629832881042033610165321293585079125346421207257994789717997001643692051653648498735658964 0 0 0 0 0 0 0 0 0 0 0 0 0 0 0 0 0 0 0 0 0 0 0 0 0 0 0 0 0 0 0 0 0 0 0 0 0 0 0 0 0 0 0 0 0 0 0 0 0 0 0 0 0 0 0 0 0 0 0 0 0 0 0 0 0 0 0 0 0 0 0 0 0 0 0 0 0 0 0 0 0 0 0 0 0 1 0 0 0 0 0 0 0 0]
[2167866550444955544704434587454017093416823993187072110312200097767218088813428328635396558863226449009214610999429223921108107242783181501793241202020378262446661654464958129589780513063164956070914845383453614084761667321213324152570694856404186570888424423377446776476526311513774855 0 0 0 0 0 0 0 0 0 0 0 0 0 0 0 0 0 0 0 0 0 0 0 0 0 0 0 0 0 0 0 0 0 0 0 0 0 0 0 0 0 0 0 0 0 0 0 0 0 0 0 0 0 0 0 0 0 0 0 0 0 0 0 0 0 0 0 0 0 0 0 0 0 0 0 0 0 0 0 0 0 0 0 0 0 0 1 0 0 0 0 0 0 0]
[2961872526713430220813019132993696329344778539477083508825033531075564508792646243552825129306114491235101856706759245310332317381144735236761486103538471834716983894105510983524515280634915454610501806287903759853020121576254569475634824526078272476464386868519045313394891145977684673 0 0 0 0 0 0 0 0 0 0 0 0 0 0 0 0 0 0 0 0 0 0 0 0 0 0 0 0 0 0 0 0 0 0 0 0 0 0 0 0 0 0 0 0 0 0 0 0 0 0 0 0 0 0 0 0 0 0 0 0 0 0 0 0 0 0 0 0 0 0 0 0 0 0 0 0 0 0 0 0 0 0 0 0 0 0 0 1 0 0 0 0 0 0]
[3544090053951302117510390828057650259403934063705210074155300414875664410348218821924225271194830838781917705210419071127466459239081838025698256842279785108984142630934773247344136562934300855352215202790759768986166464124518514700081795198955344398211215956020965265933857482696554948 0 0 0 0 0 0 0 0 0 0 0 0 0 0 0 0 0 0 0 0 0 0 0 0 0 0 0 0 0 0 0 0 0 0 0 0 0 0 0 0 0 0 0 0 0 0 0 0 0 0 0 0 0 0 0 0 0 0 0 0 0 0 0 0 0 0 0 0 0 0 0 0 0 0 0 0 0 0 0 0 0 0 0 0 0 0 0 0 1 0 0 0 0 0]
[2761976747375874889656915392831916823273935814349587477811792912836111067383519960420921128115137947466494235984219159972770421442683244259876956434112762943234190261359255377498833126809142720179651926166707166714210210169867630971799985394401363433124246048040641431694244365040796408 0 0 0 0 0 0 0 0 0 0 0 0 0 0 0 0 0 0 0 0 0 0 0 0 0 0 0 0 0 0 0 0 0 0 0 0 0 0 0 0 0 0 0 0 0 0 0 0 0 0 0 0 0 0 0 0 0 0 0 0 0 0 0 0 0 0 0 0 0 0 0 0 0 0 0 0 0 0 0 0 0 0 0 0 0 0 0 0 0 1 0 0 0 0]
[2782435047243063156535778724606067097679348235603399306177298076580377524346300777235347255413270145821350012619745256889729110283191822891263448014369604787631989785463234544047847225677477119475293610005009705261816651467827982631174471801824103554476257352589912235925080422190932747 0 0 0 0 0 0 0 0 0 0 0 0 0 0 0 0 0 0 0 0 0 0 0 0 0 0 0 0 0 0 0 0 0 0 0 0 0 0 0 0 0 0 0 0 0 0 0 0 0 0 0 0 0 0 0 0 0 0 0 0 0 0 0 0 0 0 0 0 0 0 0 0 0 0 0 0 0 0 0 0 0 0 0 0 0 0 0 0 0 0 1 0 0 0]
[4043591968861444428400871609727865907615623784452269658444955997104814162420121149910070471809148668442202985580645808436707385480577482499545999464388233865706724295570665328838592551738747673742310977459866822144946395502614600548624131284428027628604707268349809103799323600679327770 0 0 0 0 0 0 0 0 0 0 0 0 0 0 0 0 0 0 0 0 0 0 0 0 0 0 0 0 0 0 0 0 0 0 0 0 0 0 0 0 0 0 0 0 0 0 0 0 0 0 0 0 0 0 0 0 0 0 0 0 0 0 0 0 0 0 0 0 0 0 0 0 0 0 0 0 0 0 0 0 0 0 0 0 0 0 0 0 0 0 0 1 0 0]
[2363055942308896793245225736109573531024674065733393344342817358264702272016445067409426752719478636674760852689492172975833475966544154767666893959066095870802769871183079078564396199763231755902844378696456384124255045548274889394025775821303589614202317802531694441921373129123510765 0 0 0 0 0 0 0 0 0 0 0 0 0 0 0 0 0 0 0 0 0 0 0 0 0 0 0 0 0 0 0 0 0 0 0 0 0 0 0 0 0 0 0 0 0 0 0 0 0 0 0 0 0 0 0 0 0 0 0 0 0 0 0 0 0 0 0 0 0 0 0 0 0 0 0 0 0 0 0 0 0 0 0 0 0 0 0 0 0 0 0 0 1 0]
[8312686966927595814577279287987505616590488066502578048551893626727396497074480198573802722640995168750604441427771498973614010777013716213376987634137774054546983770922913263112145619841354296399274300617305542818519264705505800893272528292582996918855917207441442550664198003752149270 0 0 0 0 0 0 0 0 0 0 0 0 0 0 0 0 0 0 0 0 0 0 0 0 0 0 0 0 0 0 0 0 0 0 0 0 0 0 0 0 0 0 0 0 0 0 0 0 0 0 0 0 0 0 0 0 0 0 0 0 0 0 0 0 0 0 0 0 0 0 0 0 0 0 0 0 0 0 0 0 0 0 0 0 0 0 0 0 0 0 0 0 0 1]
]
