[[2944030947717143284259279746225640528185488713098662572497583061105516642181084580033890205591277257910766552215249054511658667117801307961370977623361878426791392065554109 0 0 0 0 0 0 0 0 0 0 0 0 0 0 0 0 0 0 0 0 0 0 0 0 0 0 0 0 0 0 0 0 0 0 0 0 0 0 0 0 0 0 0 0 0 0 0 0 0 0 0 0 0 0 0 0]
[2762544954976847138541962914497190077477021462343726820357440374233504119253443112742090223335831358313706391699214696564213208747667509309684965374472595651594603097048760 1 0 0 0 0 0 0 0 0 0 0 0 0 0 0 0 0 0 0 0 0 0 0 0 0 0 0 0 0 0 0 0 0 0 0 0 0 0 0 0 0 0 0 0 0 0 0 0 0 0 0 0 0 0 0 0]
[376245813198994931075779952932373129871392244226984577794692802958561833693685843490498339068621066874953371823298911619432849154817903502816686528237491842250487322244384 0 1 0 0 0 0 0 0 0 0 0 0 0 0 0 0 0 0 0 0 0 0 0 0 0 0 0 0 0 0 0 0 0 0 0 0 0 0 0 0 0 0 0 0 0 0 0 0 0 0 0 0 0 0 0 0]
[2476627583797837920639028136757205747854596028769456822170139448549727334477937448060538306439870687950693920386078339290104267817706315026297121519820686167133488682520283 0 0 1 0 0 0 0 0 0 0 0 0 0 0 0 0 0 0 0 0 0 0 0 0 0 0 0 0 0 0 0 0 0 0 0 0 0 0 0 0 0 0 0 0 0 0 0 0 0 0 0 0 0 0 0 0]
[1486388314848395262660122398112271181600241639224430772345268720340801775799361413276601989493248124501700310767186771135135324604397772383548507257613898247291265883643172 0 0 0 1 0 0 0 0 0 0 0 0 0 0 0 0 0 0 0 0 0 0 0 0 0 0 0 0 0 0 0 0 0 0 0 0 0 0 0 0 0 0 0 0 0 0 0 0 0 0 0 0 0 0 0 0]
[1276483475045576763466627473622242676700063224558909480351377944634867691955873475668463927943059842525550138939729944308018990652049094941078745561074525421939063226183746 0 0 0 0 1 0 0 0 0 0 0 0 0 0 0 0 0 0 0 0 0 0 0 0 0 0 0 0 0 0 0 0 0 0 0 0 0 0 0 0 0 0 0 0 0 0 0 0 0 0 0 0 0 0 0 0]
[1723655471130793400213741322071529581010794939143408198769819995466946181702165900433590521327290125566660927969817532228555646107915310876907911584805150234809678259013305 0 0 0 0 0 1 0 0 0 0 0 0 0 0 0 0 0 0 0 0 0 0 0 0 0 0 0 0 0 0 0 0 0 0 0 0 0 0 0 0 0 0 0 0 0 0 0 0 0 0 0 0 0 0 0 0]
[2442218137354822564975747980076612426922898760965351879688569348575091337489146353217860105163700513718923887411534958135207132796419692035381402128600385273521139313736972 0 0 0 0 0 0 1 0 0 0 0 0 0 0 0 0 0 0 0 0 0 0 0 0 0 0 0 0 0 0 0 0 0 0 0 0 0 0 0 0 0 0 0 0 0 0 0 0 0 0 0 0 0 0 0 0]
[342673197693532537182721697333331383318261819386710257742082287401639336200872498887336151144386585894104605730537357316943502365313222559203918400854088432376190612577817 0 0 0 0 0 0 0 1 0 0 0 0 0 0 0 0 0 0 0 0 0 0 0 0 0 0 0 0 0 0 0 0 0 0 0 0 0 0 0 0 0 0 0 0 0 0 0 0 0 0 0 0 0 0 0 0]
[1932517886393958649752876121091079379004804392030655191942228405913364452286605052159618206536314993767848037691740293113390792768542334100157428269347032143566643238064955 0 0 0 0 0 0 0 0 1 0 0 0 0 0 0 0 0 0 0 0 0 0 0 0 0 0 0 0 0 0 0 0 0 0 0 0 0 0 0 0 0 0 0 0 0 0 0 0 0 0 0 0 0 0 0 0]
[898482541918651633790089080789029248368691588807777080089488352158227410688365838730979133481729369536936978119579255029458830288244341963263530670624051826573295057037908 0 0 0 0 0 0 0 0 0 1 0 0 0 0 0 0 0 0 0 0 0 0 0 0 0 0 0 0 0 0 0 0 0 0 0 0 0 0 0 0 0 0 0 0 0 0 0 0 0 0 0 0 0 0 0 0]
[1452927352584478904799920113272476512144371910315109362287181829664321951358601240593874820700181889558451101858402210652944267135612098611468450362261464913655248331000315 0 0 0 0 0 0 0 0 0 0 1 0 0 0 0 0 0 0 0 0 0 0 0 0 0 0 0 0 0 0 0 0 0 0 0 0 0 0 0 0 0 0 0 0 0 0 0 0 0 0 0 0 0 0 0 0]
[2537668093842439300239224526716424950776911408534401181429678933738692417749504392325065680237746450469904736513345477833497853009296786565394039283518283104525444824433697 0 0 0 0 0 0 0 0 0 0 0 1 0 0 0 0 0 0 0 0 0 0 0 0 0 0 0 0 0 0 0 0 0 0 0 0 0 0 0 0 0 0 0 0 0 0 0 0 0 0 0 0 0 0 0 0]
[2845613259003722941800777759931464581136698731133006942283750186863439901311468834654495463768010146620919051486203006732039484607566692819286600176998133906080108051488497 0 0 0 0 0 0 0 0 0 0 0 0 1 0 0 0 0 0 0 0 0 0 0 0 0 0 0 0 0 0 0 0 0 0 0 0 0 0 0 0 0 0 0 0 0 0 0 0 0 0 0 0 0 0 0 0]
[2179974564969079266262645349147990858861037031642301462256633482144227000200791526166541183047044115562031453106515969516451704448902125564058261728077523372727077002442356 0 0 0 0 0 0 0 0 0 0 0 0 0 1 0 0 0 0 0 0 0 0 0 0 0 0 0 0 0 0 0 0 0 0 0 0 0 0 0 0 0 0 0 0 0 0 0 0 0 0 0 0 0 0 0 0]
[875923138814154429289469942496515465395446481137977576661848093852910495980640985511419793743914160149920083517492897902543021635821584726176893141128408814593860933489152 0 0 0 0 0 0 0 0 0 0 0 0 0 0 1 0 0 0 0 0 0 0 0 0 0 0 0 0 0 0 0 0 0 0 0 0 0 0 0 0 0 0 0 0 0 0 0 0 0 0 0 0 0 0 0 0]
[1592935536878449166988451029740012111867054062068496170229226483988386781071581326150079508768655534968364219646544414791167250114195447931629779076374168814462053222931344 0 0 0 0 0 0 0 0 0 0 0 0 0 0 0 1 0 0 0 0 0 0 0 0 0 0 0 0 0 0 0 0 0 0 0 0 0 0 0 0 0 0 0 0 0 0 0 0 0 0 0 0 0 0 0 0]
[562451421536351047283669783683049485909298899733064470341743678993533001447031708286712953784460122823598841880814473377841545049270462073859942632018414126582105356163283 0 0 0 0 0 0 0 0 0 0 0 0 0 0 0 0 1 0 0 0 0 0 0 0 0 0 0 0 0 0 0 0 0 0 0 0 0 0 0 0 0 0 0 0 0 0 0 0 0 0 0 0 0 0 0 0]
[2190479440417820498699963333113652226164647796752215348327554376374069958370649593144997506650846854976612782296630584394554383332532362744344873674380491044091982375403385 0 0 0 0 0 0 0 0 0 0 0 0 0 0 0 0 0 1 0 0 0 0 0 0 0 0 0 0 0 0 0 0 0 0 0 0 0 0 0 0 0 0 0 0 0 0 0 0 0 0 0 0 0 0 0 0]
[2890945287637758572652292432535683977434310679643579551719489250841524597461493158400625804785893175241984410849952083648218015271709831220487066406705864886201463303303154 0 0 0 0 0 0 0 0 0 0 0 0 0 0 0 0 0 0 1 0 0 0 0 0 0 0 0 0 0 0 0 0 0 0 0 0 0 0 0 0 0 0 0 0 0 0 0 0 0 0 0 0 0 0 0 0]
[2766115005178741168324922577015318738298605595680334867801014571688841142669658627158190301215078689778292518327147401606879726350417589990509559097032236918723672216846253 0 0 0 0 0 0 0 0 0 0 0 0 0 0 0 0 0 0 0 1 0 0 0 0 0 0 0 0 0 0 0 0 0 0 0 0 0 0 0 0 0 0 0 0 0 0 0 0 0 0 0 0 0 0 0 0]
[1455651741515508798002296368072349997946094205119444179302170447939313782797718192378696040562395499714322031020299691102185560879561835230121758629170436647614997600251855 0 0 0 0 0 0 0 0 0 0 0 0 0 0 0 0 0 0 0 0 1 0 0 0 0 0 0 0 0 0 0 0 0 0 0 0 0 0 0 0 0 0 0 0 0 0 0 0 0 0 0 0 0 0 0 0]
[2307185803836686749289190560920540427189362993621727965244572488004833305831427744473356990842121719781761811482210607054255031908583001461085271792845058304669935888670665 0 0 0 0 0 0 0 0 0 0 0 0 0 0 0 0 0 0 0 0 0 1 0 0 0 0 0 0 0 0 0 0 0 0 0 0 0 0 0 0 0 0 0 0 0 0 0 0 0 0 0 0 0 0 0 0]
[301358362359322444387953257185140487820429164826721142754284331304745242346099479713575400773222485366644048045980283981029853831956178040033082578206975390033202138060008 0 0 0 0 0 0 0 0 0 0 0 0 0 0 0 0 0 0 0 0 0 0 1 0 0 0 0 0 0 0 0 0 0 0 0 0 0 0 0 0 0 0 0 0 0 0 0 0 0 0 0 0 0 0 0 0]
[133007554342951652516905859559689944879579125705495799589345332765340422452011992724687283212186096739823829306950268502674496843448624100818236139484298179587065100672375 0 0 0 0 0 0 0 0 0 0 0 0 0 0 0 0 0 0 0 0 0 0 0 1 0 0 0 0 0 0 0 0 0 0 0 0 0 0 0 0 0 0 0 0 0 0 0 0 0 0 0 0 0 0 0 0]
[2942280767152836556576610093473262051048622191688469972012847023025444337429893563063815777322017453124506425051566531292376143365416470682440158049896602986171966611100233 0 0 0 0 0 0 0 0 0 0 0 0 0 0 0 0 0 0 0 0 0 0 0 0 1 0 0 0 0 0 0 0 0 0 0 0 0 0 0 0 0 0 0 0 0 0 0 0 0 0 0 0 0 0 0 0]
[2465479640138556720783644074727643309316310751120555471786613084891692820943675320235377731601537524529557075963580562261611468948222883656788652610949851455606718637821526 0 0 0 0 0 0 0 0 0 0 0 0 0 0 0 0 0 0 0 0 0 0 0 0 0 1 0 0 0 0 0 0 0 0 0 0 0 0 0 0 0 0 0 0 0 0 0 0 0 0 0 0 0 0 0 0]
[624937848285660500848141047658656727582206255596255037948326196121348557231414090024340749609943437237882933438466904090896103996851412065053482511394735173297839389120745 0 0 0 0 0 0 0 0 0 0 0 0 0 0 0 0 0 0 0 0 0 0 0 0 0 0 1 0 0 0 0 0 0 0 0 0 0 0 0 0 0 0 0 0 0 0 0 0 0 0 0 0 0 0 0 0]
[1689194533340657048565115091072236914276367003498750366902134115074164317203263696898408414655868155227406629459847035237884052135760488045413480062454591308779669103789248 0 0 0 0 0 0 0 0 0 0 0 0 0 0 0 0 0 0 0 0 0 0 0 0 0 0 0 1 0 0 0 0 0 0 0 0 0 0 0 0 0 0 0 0 0 0 0 0 0 0 0 0 0 0 0 0]
[1969936009257279675475860916632694572235310763926029418138397263726629642463928425259260165688109248981576463448016557408153585984571277870722644637848113691892166421930273 0 0 0 0 0 0 0 0 0 0 0 0 0 0 0 0 0 0 0 0 0 0 0 0 0 0 0 0 1 0 0 0 0 0 0 0 0 0 0 0 0 0 0 0 0 0 0 0 0 0 0 0 0 0 0 0]
[2427659371311417827520014522971187686365150680673971293252620774628831340771915094072497223897154812006431271622787986796452188481610166327343553841401321371511268098700690 0 0 0 0 0 0 0 0 0 0 0 0 0 0 0 0 0 0 0 0 0 0 0 0 0 0 0 0 0 1 0 0 0 0 0 0 0 0 0 0 0 0 0 0 0 0 0 0 0 0 0 0 0 0 0 0]
[1324957731517003717940708355368875219054884214832224725578233556042712953008651832912259128040252188394606826902825171567972093540709092713487961599970745304529678786073376 0 0 0 0 0 0 0 0 0 0 0 0 0 0 0 0 0 0 0 0 0 0 0 0 0 0 0 0 0 0 1 0 0 0 0 0 0 0 0 0 0 0 0 0 0 0 0 0 0 0 0 0 0 0 0 0]
[219745582602375781315645570330552462521677475472190265830658345852172478225104667919637082692331850544632471454610377961376258972551865173905694340660339224794405756468770 0 0 0 0 0 0 0 0 0 0 0 0 0 0 0 0 0 0 0 0 0 0 0 0 0 0 0 0 0 0 0 1 0 0 0 0 0 0 0 0 0 0 0 0 0 0 0 0 0 0 0 0 0 0 0 0]
[1029732578688851504711589589491548177553016876213091730148925633154913872751236769901353872233004233811247057235235096260885116131553782555121008725160183519293616631901107 0 0 0 0 0 0 0 0 0 0 0 0 0 0 0 0 0 0 0 0 0 0 0 0 0 0 0 0 0 0 0 0 1 0 0 0 0 0 0 0 0 0 0 0 0 0 0 0 0 0 0 0 0 0 0 0]
[147217539032126368134431133483391564266844225038368326727383747930495483131522815797556756167380737060100024256583512869213441994619071497703284925513164694958106796811847 0 0 0 0 0 0 0 0 0 0 0 0 0 0 0 0 0 0 0 0 0 0 0 0 0 0 0 0 0 0 0 0 0 1 0 0 0 0 0 0 0 0 0 0 0 0 0 0 0 0 0 0 0 0 0 0]
[1033373938694283285000127797593585675059019143451486860827678355189841506492668262329967468973314983422242490331205726325566226879531337871010975443726561571553715092275630 0 0 0 0 0 0 0 0 0 0 0 0 0 0 0 0 0 0 0 0 0 0 0 0 0 0 0 0 0 0 0 0 0 0 1 0 0 0 0 0 0 0 0 0 0 0 0 0 0 0 0 0 0 0 0 0]
[1478282206499259353925368035611433548461846600877009473149246587295377191828704545075534732071610534723536996540530532568143823641035666870181889451473807832727501525048603 0 0 0 0 0 0 0 0 0 0 0 0 0 0 0 0 0 0 0 0 0 0 0 0 0 0 0 0 0 0 0 0 0 0 0 1 0 0 0 0 0 0 0 0 0 0 0 0 0 0 0 0 0 0 0 0]
[423310955918189285047106211161652152053564648296135140578579686363504564393519424260083911845390101801261261782288590052374984494386418670439843434485942873316340518184776 0 0 0 0 0 0 0 0 0 0 0 0 0 0 0 0 0 0 0 0 0 0 0 0 0 0 0 0 0 0 0 0 0 0 0 0 1 0 0 0 0 0 0 0 0 0 0 0 0 0 0 0 0 0 0 0]
[1864771681497313587791227784683451606795408319444045705509120198095032017360055521586163438515439091719348022924507539441294651116899845954082854789171487295789332329332137 0 0 0 0 0 0 0 0 0 0 0 0 0 0 0 0 0 0 0 0 0 0 0 0 0 0 0 0 0 0 0 0 0 0 0 0 0 1 0 0 0 0 0 0 0 0 0 0 0 0 0 0 0 0 0 0]
[1060550081487360598031588868068474025253485034035332132153354943853876733130398115549921852600690432050324108972952232513412023587803992299221371907004134202583143065599085 0 0 0 0 0 0 0 0 0 0 0 0 0 0 0 0 0 0 0 0 0 0 0 0 0 0 0 0 0 0 0 0 0 0 0 0 0 0 1 0 0 0 0 0 0 0 0 0 0 0 0 0 0 0 0 0]
[825636503539537665395009980490376516194258562175787461983757649125703711060428897757164089530462143760766621813340551432820274456540383774799446371485116318748487685463547 0 0 0 0 0 0 0 0 0 0 0 0 0 0 0 0 0 0 0 0 0 0 0 0 0 0 0 0 0 0 0 0 0 0 0 0 0 0 0 1 0 0 0 0 0 0 0 0 0 0 0 0 0 0 0 0]
[1375060910944637391007983533766433772712988569297387869025865134554034072332866979789753959706157977410639171644672013550002191998496225345839933808393073567992968522898851 0 0 0 0 0 0 0 0 0 0 0 0 0 0 0 0 0 0 0 0 0 0 0 0 0 0 0 0 0 0 0 0 0 0 0 0 0 0 0 0 1 0 0 0 0 0 0 0 0 0 0 0 0 0 0 0]
[2407148971828569106948633812203006324600941595083389221473831794578131827518766109519752683929875171248552512332273863508198544650787348197628931188969182924351286541072021 0 0 0 0 0 0 0 0 0 0 0 0 0 0 0 0 0 0 0 0 0 0 0 0 0 0 0 0 0 0 0 0 0 0 0 0 0 0 0 0 0 1 0 0 0 0 0 0 0 0 0 0 0 0 0 0]
[2623112548249625820211448818404713097525599931027156294096703144582756521431782028704373106246718126721352582485744076526886181292713517610828109880817513929362788398983043 0 0 0 0 0 0 0 0 0 0 0 0 0 0 0 0 0 0 0 0 0 0 0 0 0 0 0 0 0 0 0 0 0 0 0 0 0 0 0 0 0 0 1 0 0 0 0 0 0 0 0 0 0 0 0 0]
[1850829007414933582967061674964570870377650681777325649479243985997172537658434499750123249121612961122393833663649453189508302991010167912047335755398351338369467261135148 0 0 0 0 0 0 0 0 0 0 0 0 0 0 0 0 0 0 0 0 0 0 0 0 0 0 0 0 0 0 0 0 0 0 0 0 0 0 0 0 0 0 0 1 0 0 0 0 0 0 0 0 0 0 0 0]
[48951417166814828656331436659230273470169617734231389336017381428029813919064002772662219574657255078010705297988433158725089160803660296336983238741487817921315969206020 0 0 0 0 0 0 0 0 0 0 0 0 0 0 0 0 0 0 0 0 0 0 0 0 0 0 0 0 0 0 0 0 0 0 0 0 0 0 0 0 0 0 0 0 1 0 0 0 0 0 0 0 0 0 0 0]
[2397001461603611312573826552290917067596905284044891879207607921230798076301441078844123008955890098038479400967894074944377328658143426986834274929809582758086133886539662 0 0 0 0 0 0 0 0 0 0 0 0 0 0 0 0 0 0 0 0 0 0 0 0 0 0 0 0 0 0 0 0 0 0 0 0 0 0 0 0 0 0 0 0 0 1 0 0 0 0 0 0 0 0 0 0]
[1109622532311629191589669085740250830289811978942763010402450109644254469917105310253299670452812014435469598972347047281728232737752255433038292938107390925810542353735441 0 0 0 0 0 0 0 0 0 0 0 0 0 0 0 0 0 0 0 0 0 0 0 0 0 0 0 0 0 0 0 0 0 0 0 0 0 0 0 0 0 0 0 0 0 0 1 0 0 0 0 0 0 0 0 0]
[640547932422440804967756356811911850644855531617685878918002525442268947312526974639916240957874173609089117622060166005838287654794946042279923569860920560631796270118656 0 0 0 0 0 0 0 0 0 0 0 0 0 0 0 0 0 0 0 0 0 0 0 0 0 0 0 0 0 0 0 0 0 0 0 0 0 0 0 0 0 0 0 0 0 0 0 1 0 0 0 0 0 0 0 0]
[2662891417658874531661263072162276849886871227546053246565293363402990137530717054890944874879300858685310103765566134311710675095834116761391094288859946725763032420374560 0 0 0 0 0 0 0 0 0 0 0 0 0 0 0 0 0 0 0 0 0 0 0 0 0 0 0 0 0 0 0 0 0 0 0 0 0 0 0 0 0 0 0 0 0 0 0 0 1 0 0 0 0 0 0 0]
[329997984922414253838053982740970803946701825856237082515377954945545544260999513415761110590214657448216763061825685427128654582430180338348799224260274236565673855462848 0 0 0 0 0 0 0 0 0 0 0 0 0 0 0 0 0 0 0 0 0 0 0 0 0 0 0 0 0 0 0 0 0 0 0 0 0 0 0 0 0 0 0 0 0 0 0 0 0 1 0 0 0 0 0 0]
[2501126548830069350415811471494809749510395835122035105157401445355143137695407909649183481429483344573333498041566135658654273604734437241930579282105085961304331896046160 0 0 0 0 0 0 0 0 0 0 0 0 0 0 0 0 0 0 0 0 0 0 0 0 0 0 0 0 0 0 0 0 0 0 0 0 0 0 0 0 0 0 0 0 0 0 0 0 0 0 1 0 0 0 0 0]
[217047574558084502039421550636989397601170719849231524507950687668025884182572903799278462588441285716079336863730556518566473270466734774348488172813689803271752342754436 0 0 0 0 0 0 0 0 0 0 0 0 0 0 0 0 0 0 0 0 0 0 0 0 0 0 0 0 0 0 0 0 0 0 0 0 0 0 0 0 0 0 0 0 0 0 0 0 0 0 0 1 0 0 0 0]
[2395983466287831847686872144881256864771858688743117295528660583428941052296984150732092840602076779198777040736915342841439930332155750417880319920289344444058615010508702 0 0 0 0 0 0 0 0 0 0 0 0 0 0 0 0 0 0 0 0 0 0 0 0 0 0 0 0 0 0 0 0 0 0 0 0 0 0 0 0 0 0 0 0 0 0 0 0 0 0 0 0 1 0 0 0]
[1944927499797060527310986216222713266085636568891050997715619456521523920190205728637772480140255265953719002295638705421283937005983584371800970418244132821849782102952556 0 0 0 0 0 0 0 0 0 0 0 0 0 0 0 0 0 0 0 0 0 0 0 0 0 0 0 0 0 0 0 0 0 0 0 0 0 0 0 0 0 0 0 0 0 0 0 0 0 0 0 0 0 1 0 0]
[53481239075708116442832977179516570499346990856665863510640404930554207429092856850951289505089549883088626633214037844760671458028591184402750002330885106563838259670172 0 0 0 0 0 0 0 0 0 0 0 0 0 0 0 0 0 0 0 0 0 0 0 0 0 0 0 0 0 0 0 0 0 0 0 0 0 0 0 0 0 0 0 0 0 0 0 0 0 0 0 0 0 0 1 0]
[2185796197603575845452826646470554639826994283630384710282840115048409467828519678931312371194267572685414825762010453234016761835928034481685386572995408772917468825389424 0 0 0 0 0 0 0 0 0 0 0 0 0 0 0 0 0 0 0 0 0 0 0 0 0 0 0 0 0 0 0 0 0 0 0 0 0 0 0 0 0 0 0 0 0 0 0 0 0 0 0 0 0 0 0 1]
]
