[[2840533654509404458199310495342518542638855980035704294008640648737440068567135025191342204529285951216612463701540128523978618840319547436834855957437530250090812744987519 0 0 0 0 0 0 0 0 0 0 0 0 0 0 0 0 0 0 0 0 0 0 0 0 0 0 0 0 0 0 0 0 0 0 0 0 0 0 0 0 0 0 0 0 0 0 0 0 0 0 0 0 0 0 0 0]
[2475502970449968112631549541804955694493864599091198122947035789166268192584273612634097228030953728551274894771205206670320757528765725288506839359100558229328110798169070 1 0 0 0 0 0 0 0 0 0 0 0 0 0 0 0 0 0 0 0 0 0 0 0 0 0 0 0 0 0 0 0 0 0 0 0 0 0 0 0 0 0 0 0 0 0 0 0 0 0 0 0 0 0 0 0]
[729264867422210432761493428470352914422901548049223678355218062252075211801991882543628569792689841825335322898319342104069926172971516308671178231153735018970497049441059 0 1 0 0 0 0 0 0 0 0 0 0 0 0 0 0 0 0 0 0 0 0 0 0 0 0 0 0 0 0 0 0 0 0 0 0 0 0 0 0 0 0 0 0 0 0 0 0 0 0 0 0 0 0 0 0]
[2009167171620046750759672081623587823750570201750362651147954954854721885413889064332123791722039578620524098603682024281000828770244384954091150744772074953159310161661153 0 0 1 0 0 0 0 0 0 0 0 0 0 0 0 0 0 0 0 0 0 0 0 0 0 0 0 0 0 0 0 0 0 0 0 0 0 0 0 0 0 0 0 0 0 0 0 0 0 0 0 0 0 0 0 0]
[834326531142848114762348086499972577112980907239544436776678165693954991170964314548117980438521258614073325726378131830591603484211581617493557674435398177727253656119543 0 0 0 1 0 0 0 0 0 0 0 0 0 0 0 0 0 0 0 0 0 0 0 0 0 0 0 0 0 0 0 0 0 0 0 0 0 0 0 0 0 0 0 0 0 0 0 0 0 0 0 0 0 0 0 0]
[1607877162323202131197052476128713688345612527382258576358353731453890594938543451943996456646855092630223046869021277585399914430287447816378394159652651257181935915920841 0 0 0 0 1 0 0 0 0 0 0 0 0 0 0 0 0 0 0 0 0 0 0 0 0 0 0 0 0 0 0 0 0 0 0 0 0 0 0 0 0 0 0 0 0 0 0 0 0 0 0 0 0 0 0 0]
[2190755101476029792637940864225137163792495835953785005595599274122932997358281147429878756228121513285427408306839171891592912374220018204798713134418789080222727364294627 0 0 0 0 0 1 0 0 0 0 0 0 0 0 0 0 0 0 0 0 0 0 0 0 0 0 0 0 0 0 0 0 0 0 0 0 0 0 0 0 0 0 0 0 0 0 0 0 0 0 0 0 0 0 0 0]
[2778645153644767922102543330158155349644970587411885607196821969421471855767550120665648253011437310623930818235755663702401263407817445085751956947673544438621663255597599 0 0 0 0 0 0 1 0 0 0 0 0 0 0 0 0 0 0 0 0 0 0 0 0 0 0 0 0 0 0 0 0 0 0 0 0 0 0 0 0 0 0 0 0 0 0 0 0 0 0 0 0 0 0 0 0]
[2170849897885493124408475551993354107101320091184659740950888352068513830713810103613948759477625379500724575457700980760358961090415296970827560013628560051450930879364393 0 0 0 0 0 0 0 1 0 0 0 0 0 0 0 0 0 0 0 0 0 0 0 0 0 0 0 0 0 0 0 0 0 0 0 0 0 0 0 0 0 0 0 0 0 0 0 0 0 0 0 0 0 0 0 0]
[2223075539939747374990730351216081831903410065313027609714850895030398835368014535914441889525187156654450536105225643978191428856742417595469207328788203695415640599890171 0 0 0 0 0 0 0 0 1 0 0 0 0 0 0 0 0 0 0 0 0 0 0 0 0 0 0 0 0 0 0 0 0 0 0 0 0 0 0 0 0 0 0 0 0 0 0 0 0 0 0 0 0 0 0 0]
[2630824117903040082875821617707474197574225070635750193107948700319975861930314042853553749267884462781614942287803093074591300924481959582373236595145909410141629330384886 0 0 0 0 0 0 0 0 0 1 0 0 0 0 0 0 0 0 0 0 0 0 0 0 0 0 0 0 0 0 0 0 0 0 0 0 0 0 0 0 0 0 0 0 0 0 0 0 0 0 0 0 0 0 0 0]
[2036313022509561483219108707480668319972610178108700021856591538334662468231602977208087756121007967100212298154947410980253536246140688952453910935779436615087750492558513 0 0 0 0 0 0 0 0 0 0 1 0 0 0 0 0 0 0 0 0 0 0 0 0 0 0 0 0 0 0 0 0 0 0 0 0 0 0 0 0 0 0 0 0 0 0 0 0 0 0 0 0 0 0 0 0]
[1280049948924496830955736483513235680593459257431935837193789661181695415671656263422868780947385850781375912783034694333122555075629730560083415910203808030911723768735435 0 0 0 0 0 0 0 0 0 0 0 1 0 0 0 0 0 0 0 0 0 0 0 0 0 0 0 0 0 0 0 0 0 0 0 0 0 0 0 0 0 0 0 0 0 0 0 0 0 0 0 0 0 0 0 0]
[796790597961840209112476735586962032352293390677038847680047081748506536853033945053487587874101679867561738237709920571398782666084121223092444728718826522548613183534413 0 0 0 0 0 0 0 0 0 0 0 0 1 0 0 0 0 0 0 0 0 0 0 0 0 0 0 0 0 0 0 0 0 0 0 0 0 0 0 0 0 0 0 0 0 0 0 0 0 0 0 0 0 0 0 0]
[328771830332264474741273479212565813286002351802986067612723107834850939135655076430409104002422187562904354575281289831092149734352298435640297668646015400675062571568216 0 0 0 0 0 0 0 0 0 0 0 0 0 1 0 0 0 0 0 0 0 0 0 0 0 0 0 0 0 0 0 0 0 0 0 0 0 0 0 0 0 0 0 0 0 0 0 0 0 0 0 0 0 0 0 0]
[2041200064324905559729836048376966244365507423604705846040392580683707943137344937322715162226121684813507277093379656306931982027807546158528321147175116714366262420616728 0 0 0 0 0 0 0 0 0 0 0 0 0 0 1 0 0 0 0 0 0 0 0 0 0 0 0 0 0 0 0 0 0 0 0 0 0 0 0 0 0 0 0 0 0 0 0 0 0 0 0 0 0 0 0 0]
[2055886938517574663929576185466236692462939752309108841250860504532009316475528372981138845410292914171037469168092449942675401741869657180917796396191979084147393464737334 0 0 0 0 0 0 0 0 0 0 0 0 0 0 0 1 0 0 0 0 0 0 0 0 0 0 0 0 0 0 0 0 0 0 0 0 0 0 0 0 0 0 0 0 0 0 0 0 0 0 0 0 0 0 0 0]
[2079518561769808894085547792047354199121114378454374271175539711807043764310563637941376318484167194263187239330154229328559657597388093336566599867315458977269636263265820 0 0 0 0 0 0 0 0 0 0 0 0 0 0 0 0 1 0 0 0 0 0 0 0 0 0 0 0 0 0 0 0 0 0 0 0 0 0 0 0 0 0 0 0 0 0 0 0 0 0 0 0 0 0 0 0]
[2090255276556817276803725132997993784366832525017274379967630325699135445399999534750195963602981021018745737886590706688746168566812213479436750166806037670965503314029892 0 0 0 0 0 0 0 0 0 0 0 0 0 0 0 0 0 1 0 0 0 0 0 0 0 0 0 0 0 0 0 0 0 0 0 0 0 0 0 0 0 0 0 0 0 0 0 0 0 0 0 0 0 0 0 0]
[2144376289054149581802539170552718088301458062031878063725921290620667453607474150915316061418133515836822048452202147511806767862138375851647018630895918454934917069250048 0 0 0 0 0 0 0 0 0 0 0 0 0 0 0 0 0 0 1 0 0 0 0 0 0 0 0 0 0 0 0 0 0 0 0 0 0 0 0 0 0 0 0 0 0 0 0 0 0 0 0 0 0 0 0 0]
[706521723815915595335365607702322194750999590123082670375645458094800697249376238477869249273614821405836518465749676740052578642566981405894472706400038015725024104016844 0 0 0 0 0 0 0 0 0 0 0 0 0 0 0 0 0 0 0 1 0 0 0 0 0 0 0 0 0 0 0 0 0 0 0 0 0 0 0 0 0 0 0 0 0 0 0 0 0 0 0 0 0 0 0 0]
[1473081806932254330973002675232726171889269244508104914334567075116459697617816996789020882891573207717376650770132198679305007844875090530078611112172033719053602167983771 0 0 0 0 0 0 0 0 0 0 0 0 0 0 0 0 0 0 0 0 1 0 0 0 0 0 0 0 0 0 0 0 0 0 0 0 0 0 0 0 0 0 0 0 0 0 0 0 0 0 0 0 0 0 0 0]
[399620002673236278630069065599722576180311101739219825846688145061388668213143332073200705943131848365494142595817149968598972282176337671777762450417722304852071257825770 0 0 0 0 0 0 0 0 0 0 0 0 0 0 0 0 0 0 0 0 0 1 0 0 0 0 0 0 0 0 0 0 0 0 0 0 0 0 0 0 0 0 0 0 0 0 0 0 0 0 0 0 0 0 0 0]
[313102897173619713540799191668597358100189359463617343370913749045681189386693624304350267760064397319403837956961285239601329205013873759151107158093267246372930556892185 0 0 0 0 0 0 0 0 0 0 0 0 0 0 0 0 0 0 0 0 0 0 1 0 0 0 0 0 0 0 0 0 0 0 0 0 0 0 0 0 0 0 0 0 0 0 0 0 0 0 0 0 0 0 0 0]
[1345936055482213223805432576610603061641520350415505951127486619465166756327599971336975247616090627326679521245652300529033907401747729478919425085316640519328330434256287 0 0 0 0 0 0 0 0 0 0 0 0 0 0 0 0 0 0 0 0 0 0 0 1 0 0 0 0 0 0 0 0 0 0 0 0 0 0 0 0 0 0 0 0 0 0 0 0 0 0 0 0 0 0 0 0]
[2642194023669161240026149773087745884529460491780681149688052789919003796080476505393372092280952656347566174092735035614572413494525585436473296186871006269624628625821993 0 0 0 0 0 0 0 0 0 0 0 0 0 0 0 0 0 0 0 0 0 0 0 0 1 0 0 0 0 0 0 0 0 0 0 0 0 0 0 0 0 0 0 0 0 0 0 0 0 0 0 0 0 0 0 0]
[112829970078754864219442537318824460615627553611268081339240932423134327022593880421782540608156790616094563739279076056646315582228615195869703993963646318604065148748842 0 0 0 0 0 0 0 0 0 0 0 0 0 0 0 0 0 0 0 0 0 0 0 0 0 1 0 0 0 0 0 0 0 0 0 0 0 0 0 0 0 0 0 0 0 0 0 0 0 0 0 0 0 0 0 0]
[2187821751747484956198383009363084964227590038783851417191006594491844550667566892249664622326050590078449409644789377971092294897774892637717575922256382585351107202033745 0 0 0 0 0 0 0 0 0 0 0 0 0 0 0 0 0 0 0 0 0 0 0 0 0 0 1 0 0 0 0 0 0 0 0 0 0 0 0 0 0 0 0 0 0 0 0 0 0 0 0 0 0 0 0 0]
[2568723855198563033795215969226757309421942123738425760989500223880411548982379398834799061117058790732170489850166481851505683792016622323143594671756103681141702873314790 0 0 0 0 0 0 0 0 0 0 0 0 0 0 0 0 0 0 0 0 0 0 0 0 0 0 0 1 0 0 0 0 0 0 0 0 0 0 0 0 0 0 0 0 0 0 0 0 0 0 0 0 0 0 0 0]
[2313202388872067749223656376476921602463956298384006996350549994620231669317424754837194179210681125281252474551808378631551106553836001456940545985876530564464372833207654 0 0 0 0 0 0 0 0 0 0 0 0 0 0 0 0 0 0 0 0 0 0 0 0 0 0 0 0 1 0 0 0 0 0 0 0 0 0 0 0 0 0 0 0 0 0 0 0 0 0 0 0 0 0 0 0]
[854279109359824320242696231882704853718894285659553712085111333159534132101439199656316393538902297775252610883331705623176083805704066848084921487222326112502528900696272 0 0 0 0 0 0 0 0 0 0 0 0 0 0 0 0 0 0 0 0 0 0 0 0 0 0 0 0 0 1 0 0 0 0 0 0 0 0 0 0 0 0 0 0 0 0 0 0 0 0 0 0 0 0 0 0]
[9676818609840033143793472185132305113984023478249567461407452298453249838531667293752221065919441896035223896268846712829745743693050205148711993905526474630271745717453 0 0 0 0 0 0 0 0 0 0 0 0 0 0 0 0 0 0 0 0 0 0 0 0 0 0 0 0 0 0 1 0 0 0 0 0 0 0 0 0 0 0 0 0 0 0 0 0 0 0 0 0 0 0 0 0]
[2207570117056877623770122118041595557137481756078880927857222951834592211549636816411622555395012326054801577130414415807634304668960837067991863124232991007084859965620647 0 0 0 0 0 0 0 0 0 0 0 0 0 0 0 0 0 0 0 0 0 0 0 0 0 0 0 0 0 0 0 1 0 0 0 0 0 0 0 0 0 0 0 0 0 0 0 0 0 0 0 0 0 0 0 0]
[2024860145664591615269029401774994837558726346374457871561537798521459728673912148025832313264082262082457541872324885212006371017613774194315188617274147431904376475044614 0 0 0 0 0 0 0 0 0 0 0 0 0 0 0 0 0 0 0 0 0 0 0 0 0 0 0 0 0 0 0 0 1 0 0 0 0 0 0 0 0 0 0 0 0 0 0 0 0 0 0 0 0 0 0 0]
[49420296544667437433939694078507588432266069541181293302620942140248046216586334149268832445008331462647857028250576926779946579730432058811179978063106548821015870904212 0 0 0 0 0 0 0 0 0 0 0 0 0 0 0 0 0 0 0 0 0 0 0 0 0 0 0 0 0 0 0 0 0 1 0 0 0 0 0 0 0 0 0 0 0 0 0 0 0 0 0 0 0 0 0 0]
[2402346382855263616482113542200075255218701765113984307885567511515940039012967061098847979660003556661052334153300767558204360406341488886032644251585003380394443293291803 0 0 0 0 0 0 0 0 0 0 0 0 0 0 0 0 0 0 0 0 0 0 0 0 0 0 0 0 0 0 0 0 0 0 1 0 0 0 0 0 0 0 0 0 0 0 0 0 0 0 0 0 0 0 0 0]
[1729838844994662575175978577087703334717796088152557760964053575141777711335399055780054161025255749297512262857484662992281036866363843376884270873173046536459060639842783 0 0 0 0 0 0 0 0 0 0 0 0 0 0 0 0 0 0 0 0 0 0 0 0 0 0 0 0 0 0 0 0 0 0 0 1 0 0 0 0 0 0 0 0 0 0 0 0 0 0 0 0 0 0 0 0]
[1202875296623528958044022574764026874504805061821951804227786327946918766465767745575565067050147327962224622366260178709071299772465361477696538006973764891566292554980197 0 0 0 0 0 0 0 0 0 0 0 0 0 0 0 0 0 0 0 0 0 0 0 0 0 0 0 0 0 0 0 0 0 0 0 0 1 0 0 0 0 0 0 0 0 0 0 0 0 0 0 0 0 0 0 0]
[612939469016699100672831257232020354593590972169019344387679147942508089980469313587054792257414412058896148749590699993810385559342257896301115387011668616251820954982619 0 0 0 0 0 0 0 0 0 0 0 0 0 0 0 0 0 0 0 0 0 0 0 0 0 0 0 0 0 0 0 0 0 0 0 0 0 1 0 0 0 0 0 0 0 0 0 0 0 0 0 0 0 0 0 0]
[1343746536933741490145979824821340682568097235045925833429502105410212353614319821871321160328590863902931140806085580609015791640215670089773568722419304193552538484047112 0 0 0 0 0 0 0 0 0 0 0 0 0 0 0 0 0 0 0 0 0 0 0 0 0 0 0 0 0 0 0 0 0 0 0 0 0 0 1 0 0 0 0 0 0 0 0 0 0 0 0 0 0 0 0 0]
[661440432003565140886428390209293876364989199421771660287732038207248932732388850267510848625024940067826365241883591393597436052830169263467942936861742378027577530496096 0 0 0 0 0 0 0 0 0 0 0 0 0 0 0 0 0 0 0 0 0 0 0 0 0 0 0 0 0 0 0 0 0 0 0 0 0 0 0 1 0 0 0 0 0 0 0 0 0 0 0 0 0 0 0 0]
[184251320147328932356380025650082544172669251825424669672701687786590988953312156554846989463393657049741293278940212091314616376293394459257167299540015534211893421790257 0 0 0 0 0 0 0 0 0 0 0 0 0 0 0 0 0 0 0 0 0 0 0 0 0 0 0 0 0 0 0 0 0 0 0 0 0 0 0 0 1 0 0 0 0 0 0 0 0 0 0 0 0 0 0 0]
[1253250580904163867373274602408473537650015634104102234993369788475016740095759318068573628907784638280020111702898764703762124509695346689268556437134851110818465219994427 0 0 0 0 0 0 0 0 0 0 0 0 0 0 0 0 0 0 0 0 0 0 0 0 0 0 0 0 0 0 0 0 0 0 0 0 0 0 0 0 0 1 0 0 0 0 0 0 0 0 0 0 0 0 0 0]
[2501759669439102810106147898576570687175382869014367914056572186514697005944176075373612027403851164337521643092686757948686025720248763556750054817980019651400702068657177 0 0 0 0 0 0 0 0 0 0 0 0 0 0 0 0 0 0 0 0 0 0 0 0 0 0 0 0 0 0 0 0 0 0 0 0 0 0 0 0 0 0 1 0 0 0 0 0 0 0 0 0 0 0 0 0]
[158259034010433717410740417127213430092731314572100511196219394428137141024628274364904351833801618925564921912365117217927717568808750234950652856058590002708671587259411 0 0 0 0 0 0 0 0 0 0 0 0 0 0 0 0 0 0 0 0 0 0 0 0 0 0 0 0 0 0 0 0 0 0 0 0 0 0 0 0 0 0 0 1 0 0 0 0 0 0 0 0 0 0 0 0]
[116540220162723368152241007133848285156604657588757328630728576967808870698251124207928915509336820764600550674231427734671847466465819865481654741050030295509005131628170 0 0 0 0 0 0 0 0 0 0 0 0 0 0 0 0 0 0 0 0 0 0 0 0 0 0 0 0 0 0 0 0 0 0 0 0 0 0 0 0 0 0 0 0 1 0 0 0 0 0 0 0 0 0 0 0]
[2341286658079735387045908792143915574005887724598937133597886361342533463491795111806375787066368945108719332205300655769337708001535726253996528233152088113636000189573665 0 0 0 0 0 0 0 0 0 0 0 0 0 0 0 0 0 0 0 0 0 0 0 0 0 0 0 0 0 0 0 0 0 0 0 0 0 0 0 0 0 0 0 0 0 1 0 0 0 0 0 0 0 0 0 0]
[1313819363538922630012628640062443670894278193453776746175842393371781082547441746231704117661508412275465206880441454763684740933810099821809849936815137014131612453139758 0 0 0 0 0 0 0 0 0 0 0 0 0 0 0 0 0 0 0 0 0 0 0 0 0 0 0 0 0 0 0 0 0 0 0 0 0 0 0 0 0 0 0 0 0 0 1 0 0 0 0 0 0 0 0 0]
[2600817143454414281143996760121954702412876534112750340620383855769715287777310130298255662729293697318226381001211197625991733099331511210258364966318033537354028290978264 0 0 0 0 0 0 0 0 0 0 0 0 0 0 0 0 0 0 0 0 0 0 0 0 0 0 0 0 0 0 0 0 0 0 0 0 0 0 0 0 0 0 0 0 0 0 0 1 0 0 0 0 0 0 0 0]
[527352113891890541430258460579952768287854465239348736575104494184912878992586093866076459977070640985064005745004275435241545146897746726293220409168921491570386637037745 0 0 0 0 0 0 0 0 0 0 0 0 0 0 0 0 0 0 0 0 0 0 0 0 0 0 0 0 0 0 0 0 0 0 0 0 0 0 0 0 0 0 0 0 0 0 0 0 1 0 0 0 0 0 0 0]
[973763553529394409130083197590400859658151630213451516255761707578148656242363469274530294714709655152470006066671228910019314376792992595606938763306421735375415278953562 0 0 0 0 0 0 0 0 0 0 0 0 0 0 0 0 0 0 0 0 0 0 0 0 0 0 0 0 0 0 0 0 0 0 0 0 0 0 0 0 0 0 0 0 0 0 0 0 0 1 0 0 0 0 0 0]
[1227263131491819910726513710833176583365775683306563258800275782475960177811654916923215781396879444121912744046853825903740160401526115787318651027858070123059332143787715 0 0 0 0 0 0 0 0 0 0 0 0 0 0 0 0 0 0 0 0 0 0 0 0 0 0 0 0 0 0 0 0 0 0 0 0 0 0 0 0 0 0 0 0 0 0 0 0 0 0 1 0 0 0 0 0]
[897258488016087583042090551934432886398439104892512836527849467168984092872673499737683968729284501752388160047487806422060769578120765991934685146586295267924094772493603 0 0 0 0 0 0 0 0 0 0 0 0 0 0 0 0 0 0 0 0 0 0 0 0 0 0 0 0 0 0 0 0 0 0 0 0 0 0 0 0 0 0 0 0 0 0 0 0 0 0 0 1 0 0 0 0]
[395793236616984817501185446538820244137513520124713197863301424301152479037422102414927763105734095307565238035879523096838028190459881115831539199473740403280058745201816 0 0 0 0 0 0 0 0 0 0 0 0 0 0 0 0 0 0 0 0 0 0 0 0 0 0 0 0 0 0 0 0 0 0 0 0 0 0 0 0 0 0 0 0 0 0 0 0 0 0 0 0 1 0 0 0]
[700301625273948688462135751511477775449101212408091814993602422824417497485594195568870882876900384650151340466859038389827856527509070429236820215257534785454593323617796 0 0 0 0 0 0 0 0 0 0 0 0 0 0 0 0 0 0 0 0 0 0 0 0 0 0 0 0 0 0 0 0 0 0 0 0 0 0 0 0 0 0 0 0 0 0 0 0 0 0 0 0 0 1 0 0]
[2824231584700823724812037211912893728394204404171593955730557610417889409291293384169777264440230417081935160722074314240479796378530654717547940469678339842178960143865229 0 0 0 0 0 0 0 0 0 0 0 0 0 0 0 0 0 0 0 0 0 0 0 0 0 0 0 0 0 0 0 0 0 0 0 0 0 0 0 0 0 0 0 0 0 0 0 0 0 0 0 0 0 0 1 0]
[999221854175468412212733954775506998070725938838032474872762156119441916726243570467412536763879383079450423214971381095052117714132434885844474310706249299933951391461145 0 0 0 0 0 0 0 0 0 0 0 0 0 0 0 0 0 0 0 0 0 0 0 0 0 0 0 0 0 0 0 0 0 0 0 0 0 0 0 0 0 0 0 0 0 0 0 0 0 0 0 0 0 0 0 1]
]
