[[3585462324823619666639624866856719910264451392638927358248743371494122970649094326550072339905942698511668291468264820606778263769015029220916878352307107969160716402367009 0 0 0 0 0 0 0 0 0 0 0 0 0 0 0 0 0 0 0 0 0 0 0 0 0 0 0 0 0 0 0 0 0 0 0 0 0 0 0 0 0 0 0 0 0 0 0 0 0 0 0 0 0 0 0 0]
[3093853699677275847572405389368368484203873879845210735702377679860660230295263120294753069011930670746476858804689544048497715646833848543320255720100958920585332574487242 1 0 0 0 0 0 0 0 0 0 0 0 0 0 0 0 0 0 0 0 0 0 0 0 0 0 0 0 0 0 0 0 0 0 0 0 0 0 0 0 0 0 0 0 0 0 0 0 0 0 0 0 0 0 0 0]
[407618263777150173222256376325938604905714221652732158959115998721942184508282222120371939465427393182081225215557670335018482680500439314161067830552698731681290313139660 0 1 0 0 0 0 0 0 0 0 0 0 0 0 0 0 0 0 0 0 0 0 0 0 0 0 0 0 0 0 0 0 0 0 0 0 0 0 0 0 0 0 0 0 0 0 0 0 0 0 0 0 0 0 0 0]
[2544076257750221781791426265164309043444273196955222793236207891069513895414584040599475769918277099994680515686580388786974335963812922626451311193731648320357334834458814 0 0 1 0 0 0 0 0 0 0 0 0 0 0 0 0 0 0 0 0 0 0 0 0 0 0 0 0 0 0 0 0 0 0 0 0 0 0 0 0 0 0 0 0 0 0 0 0 0 0 0 0 0 0 0 0]
[2886481999668119923608574447902828367613499945126605389564172740111028490594063944902460487302827999548951393027971367483486978459419359028299387596324604222929763921696663 0 0 0 1 0 0 0 0 0 0 0 0 0 0 0 0 0 0 0 0 0 0 0 0 0 0 0 0 0 0 0 0 0 0 0 0 0 0 0 0 0 0 0 0 0 0 0 0 0 0 0 0 0 0 0 0]
[233102404238245611802085312109117266114016738688309162974574876726547752114520381052695162032620310860723859114190903722000863730301643627925114150297358668011932572891791 0 0 0 0 1 0 0 0 0 0 0 0 0 0 0 0 0 0 0 0 0 0 0 0 0 0 0 0 0 0 0 0 0 0 0 0 0 0 0 0 0 0 0 0 0 0 0 0 0 0 0 0 0 0 0 0]
[1883700410647507580795730344754413595158797828090854719997521293473362057179100309546041415144712563929646403630546970088680845291213411649344833272374394077268047705985420 0 0 0 0 0 1 0 0 0 0 0 0 0 0 0 0 0 0 0 0 0 0 0 0 0 0 0 0 0 0 0 0 0 0 0 0 0 0 0 0 0 0 0 0 0 0 0 0 0 0 0 0 0 0 0 0]
[1004545928705237257118667784013941255798311591689666404649088707146422684442940303797707366213178118591367899229902508788772338385692243030340650575237427279434850924223500 0 0 0 0 0 0 1 0 0 0 0 0 0 0 0 0 0 0 0 0 0 0 0 0 0 0 0 0 0 0 0 0 0 0 0 0 0 0 0 0 0 0 0 0 0 0 0 0 0 0 0 0 0 0 0 0]
[1152067060141034121228287965654068699445867635191300857164216663046739136078652225221112121923245152161800313589425959424036594138558163209997442655298422119678531688996901 0 0 0 0 0 0 0 1 0 0 0 0 0 0 0 0 0 0 0 0 0 0 0 0 0 0 0 0 0 0 0 0 0 0 0 0 0 0 0 0 0 0 0 0 0 0 0 0 0 0 0 0 0 0 0 0]
[2596830560892980821673872031536427557092532853787769418940134316536936366346099580302040561142793452677835036538938534942908061741331050105118330537417540753998841354913974 0 0 0 0 0 0 0 0 1 0 0 0 0 0 0 0 0 0 0 0 0 0 0 0 0 0 0 0 0 0 0 0 0 0 0 0 0 0 0 0 0 0 0 0 0 0 0 0 0 0 0 0 0 0 0 0]
[2049712145169429000000717091886266681935051147594382057217359210295883955416104699718675889611226134221023078765436445594973655161251435994228085175992722768835868539258809 0 0 0 0 0 0 0 0 0 1 0 0 0 0 0 0 0 0 0 0 0 0 0 0 0 0 0 0 0 0 0 0 0 0 0 0 0 0 0 0 0 0 0 0 0 0 0 0 0 0 0 0 0 0 0 0]
[2296877904166000852876130987000335582505795716297852573640300627856312266152653217052257232007749005693630137702821615749530858130145431232762265206256799989403489065088480 0 0 0 0 0 0 0 0 0 0 1 0 0 0 0 0 0 0 0 0 0 0 0 0 0 0 0 0 0 0 0 0 0 0 0 0 0 0 0 0 0 0 0 0 0 0 0 0 0 0 0 0 0 0 0 0]
[2213154397699745387072945511565580303643287138693274496725615400003804966124764547106516869280102079634394922387719930226568022905364092867663063907925280367080615357566727 0 0 0 0 0 0 0 0 0 0 0 1 0 0 0 0 0 0 0 0 0 0 0 0 0 0 0 0 0 0 0 0 0 0 0 0 0 0 0 0 0 0 0 0 0 0 0 0 0 0 0 0 0 0 0 0]
[1712962861210675027066012725242360874954522115717033050359877028744732554459476038321135213755926076073460406228023609468725589405408300466892853296924346594358773824190992 0 0 0 0 0 0 0 0 0 0 0 0 1 0 0 0 0 0 0 0 0 0 0 0 0 0 0 0 0 0 0 0 0 0 0 0 0 0 0 0 0 0 0 0 0 0 0 0 0 0 0 0 0 0 0 0]
[3139651736100280974252869739534560982674116399523112022535826074329091019362539984541217673397834171354713450426775536608698340200329761836650976730124469847031454215017573 0 0 0 0 0 0 0 0 0 0 0 0 0 1 0 0 0 0 0 0 0 0 0 0 0 0 0 0 0 0 0 0 0 0 0 0 0 0 0 0 0 0 0 0 0 0 0 0 0 0 0 0 0 0 0 0]
[690055335969512770472720811473646174430564267045649066789929672865794338807424468725583042498195483514177896408702551122507286004648117991068171345431725530204404592486274 0 0 0 0 0 0 0 0 0 0 0 0 0 0 1 0 0 0 0 0 0 0 0 0 0 0 0 0 0 0 0 0 0 0 0 0 0 0 0 0 0 0 0 0 0 0 0 0 0 0 0 0 0 0 0 0]
[1112842731644543436525930054388937953190717372301558537000932337611891583724956799757534104892869155696636924717929812616019725030544024270450934121597315975852503945303257 0 0 0 0 0 0 0 0 0 0 0 0 0 0 0 1 0 0 0 0 0 0 0 0 0 0 0 0 0 0 0 0 0 0 0 0 0 0 0 0 0 0 0 0 0 0 0 0 0 0 0 0 0 0 0 0]
[235602852954176124971896006944765980533320700643343933839579407493920006229570474167951702470287923781241153740359044386410438696544730964995063293609231408029227295482713 0 0 0 0 0 0 0 0 0 0 0 0 0 0 0 0 1 0 0 0 0 0 0 0 0 0 0 0 0 0 0 0 0 0 0 0 0 0 0 0 0 0 0 0 0 0 0 0 0 0 0 0 0 0 0 0]
[1964177690727344249929978996673390616613189807759343384806292915303522273610840342117818405551102996303308480110753993689367931334181057607662128325898592786465527973123220 0 0 0 0 0 0 0 0 0 0 0 0 0 0 0 0 0 1 0 0 0 0 0 0 0 0 0 0 0 0 0 0 0 0 0 0 0 0 0 0 0 0 0 0 0 0 0 0 0 0 0 0 0 0 0 0]
[1754367134457757373448337923589757722125225097082496811914961222814730837263271072814946597891591669841120601355631549935328128755924928616663431059040803248636199525196622 0 0 0 0 0 0 0 0 0 0 0 0 0 0 0 0 0 0 1 0 0 0 0 0 0 0 0 0 0 0 0 0 0 0 0 0 0 0 0 0 0 0 0 0 0 0 0 0 0 0 0 0 0 0 0 0]
[3306706508890062179497618384360685967225042428200618034462949210876243538260785336535768790933055591024004248473517721530135912537338691491339931546690365347802020832339975 0 0 0 0 0 0 0 0 0 0 0 0 0 0 0 0 0 0 0 1 0 0 0 0 0 0 0 0 0 0 0 0 0 0 0 0 0 0 0 0 0 0 0 0 0 0 0 0 0 0 0 0 0 0 0 0]
[1741761061985957766213296200884078600486932280750452721069541239013968882977031871246128165024229505313643446172336629209281241292659965612996677176774195395908399298327161 0 0 0 0 0 0 0 0 0 0 0 0 0 0 0 0 0 0 0 0 1 0 0 0 0 0 0 0 0 0 0 0 0 0 0 0 0 0 0 0 0 0 0 0 0 0 0 0 0 0 0 0 0 0 0 0]
[3126111176101990255939269872700342466219056160347088735138242202913469321917692253626580406154934077960258929037778164250812449414536612292094928286918994764451533664181430 0 0 0 0 0 0 0 0 0 0 0 0 0 0 0 0 0 0 0 0 0 1 0 0 0 0 0 0 0 0 0 0 0 0 0 0 0 0 0 0 0 0 0 0 0 0 0 0 0 0 0 0 0 0 0 0]
[1544568456480191569627457697889605987341451942037524975480117103160836013804804416830702975640570541682773544315826220415698627909634127915777278365620825415207824986078136 0 0 0 0 0 0 0 0 0 0 0 0 0 0 0 0 0 0 0 0 0 0 1 0 0 0 0 0 0 0 0 0 0 0 0 0 0 0 0 0 0 0 0 0 0 0 0 0 0 0 0 0 0 0 0 0]
[3509408139568644927318617175024332447098102473819733684874671671839310149742868148840150027136479680216428303127655848246298946921732252163519959706824019045886999809018182 0 0 0 0 0 0 0 0 0 0 0 0 0 0 0 0 0 0 0 0 0 0 0 1 0 0 0 0 0 0 0 0 0 0 0 0 0 0 0 0 0 0 0 0 0 0 0 0 0 0 0 0 0 0 0 0]
[618808580928036842702335594945087902229759718778180976594360929595161561500381642330637991730133173673409685258082286636020516801864580151448172799532688594056680610585370 0 0 0 0 0 0 0 0 0 0 0 0 0 0 0 0 0 0 0 0 0 0 0 0 1 0 0 0 0 0 0 0 0 0 0 0 0 0 0 0 0 0 0 0 0 0 0 0 0 0 0 0 0 0 0 0]
[3564655608543811587587050063867747086794965448873740506119407999381366730996844025814221601233106495209193347222241617937295141281496899680950329927249052418144954728407140 0 0 0 0 0 0 0 0 0 0 0 0 0 0 0 0 0 0 0 0 0 0 0 0 0 1 0 0 0 0 0 0 0 0 0 0 0 0 0 0 0 0 0 0 0 0 0 0 0 0 0 0 0 0 0 0]
[847387456912257435411521235330992744818635420036346927267884281525959726876300151634694715967865270070272020183170686794879114728918827038342522693394545776317318099018794 0 0 0 0 0 0 0 0 0 0 0 0 0 0 0 0 0 0 0 0 0 0 0 0 0 0 1 0 0 0 0 0 0 0 0 0 0 0 0 0 0 0 0 0 0 0 0 0 0 0 0 0 0 0 0 0]
[1782023204263602496418400320137757455029962088341465549877720666280074794748295741710205975109683220204036218810024181040517629026354546105553677915157349370226779423666039 0 0 0 0 0 0 0 0 0 0 0 0 0 0 0 0 0 0 0 0 0 0 0 0 0 0 0 1 0 0 0 0 0 0 0 0 0 0 0 0 0 0 0 0 0 0 0 0 0 0 0 0 0 0 0 0]
[757731902603290609173294542684991646781773768545240673310136445732434852278857057923849912568472539312950819492895692605782459187351172184436937765727295977332062530450215 0 0 0 0 0 0 0 0 0 0 0 0 0 0 0 0 0 0 0 0 0 0 0 0 0 0 0 0 1 0 0 0 0 0 0 0 0 0 0 0 0 0 0 0 0 0 0 0 0 0 0 0 0 0 0 0]
[3261049346516287825582269393360000588941823884191554171889864689799859976325794206236942631519786906777588921155474820386151775627021180843371645366573840546102189052839861 0 0 0 0 0 0 0 0 0 0 0 0 0 0 0 0 0 0 0 0 0 0 0 0 0 0 0 0 0 1 0 0 0 0 0 0 0 0 0 0 0 0 0 0 0 0 0 0 0 0 0 0 0 0 0 0]
[2990418322651150094869702713590126673929612984895120602201457480842865880712975455557414407559164782281587244415228939916325728194079493571872370105194896725166077339791455 0 0 0 0 0 0 0 0 0 0 0 0 0 0 0 0 0 0 0 0 0 0 0 0 0 0 0 0 0 0 1 0 0 0 0 0 0 0 0 0 0 0 0 0 0 0 0 0 0 0 0 0 0 0 0 0]
[22531713194805449107518141185245558479468150682866204648582065378993756458072865342987599804711621050209786795577424278774613565773783984489473265450274321465591562252900 0 0 0 0 0 0 0 0 0 0 0 0 0 0 0 0 0 0 0 0 0 0 0 0 0 0 0 0 0 0 0 1 0 0 0 0 0 0 0 0 0 0 0 0 0 0 0 0 0 0 0 0 0 0 0 0]
[3441246442533480799313174066321790134993570342860596660154202329945879164368470351442192997719166132255438225282593303790874381768642046389667829389489525241677727351421635 0 0 0 0 0 0 0 0 0 0 0 0 0 0 0 0 0 0 0 0 0 0 0 0 0 0 0 0 0 0 0 0 1 0 0 0 0 0 0 0 0 0 0 0 0 0 0 0 0 0 0 0 0 0 0 0]
[2194197994465151577467222857968531183483945664521214484504707411547910994261726754894518125257885532141697930918328478729574131100617867676764501698962771344273495060021622 0 0 0 0 0 0 0 0 0 0 0 0 0 0 0 0 0 0 0 0 0 0 0 0 0 0 0 0 0 0 0 0 0 1 0 0 0 0 0 0 0 0 0 0 0 0 0 0 0 0 0 0 0 0 0 0]
[1549937160098101235323247688275065929654668995044004871882514243456806900806487031361547205018540639280782551009090262132594661678200017556832017818107004044499464458773610 0 0 0 0 0 0 0 0 0 0 0 0 0 0 0 0 0 0 0 0 0 0 0 0 0 0 0 0 0 0 0 0 0 0 1 0 0 0 0 0 0 0 0 0 0 0 0 0 0 0 0 0 0 0 0 0]
[2245114688594042885290789204453511018082806473007269830638063431677615433501233840156077617306607438531625017956265669274854646687888625982162396919923609241868952857546756 0 0 0 0 0 0 0 0 0 0 0 0 0 0 0 0 0 0 0 0 0 0 0 0 0 0 0 0 0 0 0 0 0 0 0 1 0 0 0 0 0 0 0 0 0 0 0 0 0 0 0 0 0 0 0 0]
[790019649719660841537355621384478877862892861626373976970962281619462249724215902273879638272116541960341009954293293154672247464423660190913343143348569790697801611936991 0 0 0 0 0 0 0 0 0 0 0 0 0 0 0 0 0 0 0 0 0 0 0 0 0 0 0 0 0 0 0 0 0 0 0 0 1 0 0 0 0 0 0 0 0 0 0 0 0 0 0 0 0 0 0 0]
[1220554492489012073022973527903365427051041225990679348167538525379641855815814531280623210566925562957946194320286434846482482548101273896636400229844434645182629596508305 0 0 0 0 0 0 0 0 0 0 0 0 0 0 0 0 0 0 0 0 0 0 0 0 0 0 0 0 0 0 0 0 0 0 0 0 0 1 0 0 0 0 0 0 0 0 0 0 0 0 0 0 0 0 0 0]
[411779627937802484766314463186015000414344203457605364183866024986076330059274125070614416237215147351087318260500732942960934539238178632203086140884677439557104350692670 0 0 0 0 0 0 0 0 0 0 0 0 0 0 0 0 0 0 0 0 0 0 0 0 0 0 0 0 0 0 0 0 0 0 0 0 0 0 1 0 0 0 0 0 0 0 0 0 0 0 0 0 0 0 0 0]
[2825614386962579633348209404291761422738512429452315916426473897212627289966247768515043973672840484153025810506514395437995355955380801412210611833429443104264895191981871 0 0 0 0 0 0 0 0 0 0 0 0 0 0 0 0 0 0 0 0 0 0 0 0 0 0 0 0 0 0 0 0 0 0 0 0 0 0 0 1 0 0 0 0 0 0 0 0 0 0 0 0 0 0 0 0]
[1095123548850624161826620372509371105461463628348011866538761376749682519413733935624407274698043502906200968608069832611173783429555682248797361594077892759467477648963953 0 0 0 0 0 0 0 0 0 0 0 0 0 0 0 0 0 0 0 0 0 0 0 0 0 0 0 0 0 0 0 0 0 0 0 0 0 0 0 0 1 0 0 0 0 0 0 0 0 0 0 0 0 0 0 0]
[3552246589844171824092995902079838387707224896503754937190396443056990276203415505075643914003356439437074647851041176895633538918067162309453289061861158930435991609562010 0 0 0 0 0 0 0 0 0 0 0 0 0 0 0 0 0 0 0 0 0 0 0 0 0 0 0 0 0 0 0 0 0 0 0 0 0 0 0 0 0 1 0 0 0 0 0 0 0 0 0 0 0 0 0 0]
[2193630260168519941879502908321755789799909463566079415794382209975393240936760804464187864394348781897071377331977109536895599613536641270302467900538034798418025771900687 0 0 0 0 0 0 0 0 0 0 0 0 0 0 0 0 0 0 0 0 0 0 0 0 0 0 0 0 0 0 0 0 0 0 0 0 0 0 0 0 0 0 1 0 0 0 0 0 0 0 0 0 0 0 0 0]
[2136688309027386764695668566224002233935699290277167119584967197191328975241396879056863881450041675973873860953974810787768680041491084590740064610578552903565791126628747 0 0 0 0 0 0 0 0 0 0 0 0 0 0 0 0 0 0 0 0 0 0 0 0 0 0 0 0 0 0 0 0 0 0 0 0 0 0 0 0 0 0 0 1 0 0 0 0 0 0 0 0 0 0 0 0]
[228589899188316814828011515576635597289602767526201527035740105568714263683069374962130462249629983220828999857566081151454001088171838089821424630900842817219623044266235 0 0 0 0 0 0 0 0 0 0 0 0 0 0 0 0 0 0 0 0 0 0 0 0 0 0 0 0 0 0 0 0 0 0 0 0 0 0 0 0 0 0 0 0 1 0 0 0 0 0 0 0 0 0 0 0]
[73467993286715499634671995933219146917528318061330892927748576042820670973904505467216533032546318050388287865134821488301182206887714787695997068134796247258866999372887 0 0 0 0 0 0 0 0 0 0 0 0 0 0 0 0 0 0 0 0 0 0 0 0 0 0 0 0 0 0 0 0 0 0 0 0 0 0 0 0 0 0 0 0 0 1 0 0 0 0 0 0 0 0 0 0]
[2063537434798690550398648366225297716582050475848371621563555717940684534638039297227272494437337705571206701995600247202756379326135328565670026731075593112556848364865680 0 0 0 0 0 0 0 0 0 0 0 0 0 0 0 0 0 0 0 0 0 0 0 0 0 0 0 0 0 0 0 0 0 0 0 0 0 0 0 0 0 0 0 0 0 0 1 0 0 0 0 0 0 0 0 0]
[1443444340942522385772523702279729372790091132252363627664120551311667454127186648073738586908460257250461358955224220472240027338856369160910249688080160495891608958554213 0 0 0 0 0 0 0 0 0 0 0 0 0 0 0 0 0 0 0 0 0 0 0 0 0 0 0 0 0 0 0 0 0 0 0 0 0 0 0 0 0 0 0 0 0 0 0 1 0 0 0 0 0 0 0 0]
[1558150185764844242203513635471948192011798940793852411362563625974146757336180619398295668104541623916600022748605477418123573781648909815363529688206233785998497377117829 0 0 0 0 0 0 0 0 0 0 0 0 0 0 0 0 0 0 0 0 0 0 0 0 0 0 0 0 0 0 0 0 0 0 0 0 0 0 0 0 0 0 0 0 0 0 0 0 1 0 0 0 0 0 0 0]
[2580630619114471706066277174793777718300167287431524043381612331905975227193741877646784845247665520178546008015025709052459606702738478991732016101560566831354334626021983 0 0 0 0 0 0 0 0 0 0 0 0 0 0 0 0 0 0 0 0 0 0 0 0 0 0 0 0 0 0 0 0 0 0 0 0 0 0 0 0 0 0 0 0 0 0 0 0 0 1 0 0 0 0 0 0]
[2928334502214124625462402151201445126486463511315969854316111444506034515887241033761393473517820232537467503071602983187892249091577912922589337291157225761639513538217912 0 0 0 0 0 0 0 0 0 0 0 0 0 0 0 0 0 0 0 0 0 0 0 0 0 0 0 0 0 0 0 0 0 0 0 0 0 0 0 0 0 0 0 0 0 0 0 0 0 0 1 0 0 0 0 0]
[1970902450149003302597039757051181073488034246192237608726612972125690832579752764362135932430240560761986883393723452104138710672785023795315928344494390981365223988673145 0 0 0 0 0 0 0 0 0 0 0 0 0 0 0 0 0 0 0 0 0 0 0 0 0 0 0 0 0 0 0 0 0 0 0 0 0 0 0 0 0 0 0 0 0 0 0 0 0 0 0 1 0 0 0 0]
[2288562417479242830809115599228007987617840866753936614923677795686876715210179283430085768340161986059189960614248776877147016762470112750396792221804580501626597393424736 0 0 0 0 0 0 0 0 0 0 0 0 0 0 0 0 0 0 0 0 0 0 0 0 0 0 0 0 0 0 0 0 0 0 0 0 0 0 0 0 0 0 0 0 0 0 0 0 0 0 0 0 1 0 0 0]
[3405078329235311237659468778588013696604921164634621045088596311458911048130101529409725216462608357068750292430430024737700844821054716962507999622730310140465520673776454 0 0 0 0 0 0 0 0 0 0 0 0 0 0 0 0 0 0 0 0 0 0 0 0 0 0 0 0 0 0 0 0 0 0 0 0 0 0 0 0 0 0 0 0 0 0 0 0 0 0 0 0 0 1 0 0]
[3544462032689974525022190439147649207705970782299504329014122629079913975059804526644061229393881489867867543450807090596276907374614547436745215908242450082670950547519733 0 0 0 0 0 0 0 0 0 0 0 0 0 0 0 0 0 0 0 0 0 0 0 0 0 0 0 0 0 0 0 0 0 0 0 0 0 0 0 0 0 0 0 0 0 0 0 0 0 0 0 0 0 0 1 0]
[3055262373246280180397969508226852025891029653126057888270918338736437929482489823248780972847701346719126414917794187427011188553557497585706766283758374299671361300633782 0 0 0 0 0 0 0 0 0 0 0 0 0 0 0 0 0 0 0 0 0 0 0 0 0 0 0 0 0 0 0 0 0 0 0 0 0 0 0 0 0 0 0 0 0 0 0 0 0 0 0 0 0 0 0 1]
]
