[[7951747274746382746212039719685391554224261558988495591740203715269394664467130330259198260371269238475695229256179068342036014291530851398189536258658125475753517908657174909466115264154162854555837564079312874207780933108274516568602509725702841031339752141625579357861845963224170777181884948377109465183114879781518633637435040132866691 0 0 0 0 0 0 0 0 0 0 0 0 0 0 0 0 0 0 0 0 0 0 0 0 0 0 0 0 0 0 0 0 0 0 0 0 0 0 0 0 0 0 0 0 0 0 0 0 0 0 0 0 0 0 0 0 0 0 0 0 0 0 0 0 0 0 0 0 0 0 0 0 0 0 0 0 0 0 0 0 0 0 0 0 0 0 0 0 0 0 0 0 0 0 0 0 0 0 0 0 0 0 0 0 0 0 0 0 0 0 0 0]
[773194897331230909672213508151038068262327002786024900895236258847476894005312016032272038416239209981458945716701198388146358509168992028902466663591439140680778430827053702726835071928513614306041349900973690119777592352060355054842338146685342682187633754093642608385638548651767836914176350885825774249806880995421258030370258695342123 1 0 0 0 0 0 0 0 0 0 0 0 0 0 0 0 0 0 0 0 0 0 0 0 0 0 0 0 0 0 0 0 0 0 0 0 0 0 0 0 0 0 0 0 0 0 0 0 0 0 0 0 0 0 0 0 0 0 0 0 0 0 0 0 0 0 0 0 0 0 0 0 0 0 0 0 0 0 0 0 0 0 0 0 0 0 0 0 0 0 0 0 0 0 0 0 0 0 0 0 0 0 0 0 0 0 0 0 0 0 0 0]
[7902496235173912343619677208185286225763126674647143314340492917522381415853496392782173154333654181274962335665645933556720458064796104993584448263371331719884665228605592894615811893134794257754399653141486501084285572704506920166049549056712266671888873259033730411920929756784123433062775385223938730290156193205527063852636220726696213 0 1 0 0 0 0 0 0 0 0 0 0 0 0 0 0 0 0 0 0 0 0 0 0 0 0 0 0 0 0 0 0 0 0 0 0 0 0 0 0 0 0 0 0 0 0 0 0 0 0 0 0 0 0 0 0 0 0 0 0 0 0 0 0 0 0 0 0 0 0 0 0 0 0 0 0 0 0 0 0 0 0 0 0 0 0 0 0 0 0 0 0 0 0 0 0 0 0 0 0 0 0 0 0 0 0 0 0 0 0 0 0]
[1868718328497232353893635905722760118397182188986636306681880558041092078540133884203463000439785969631264417984007824898740296267066701289299394084263290277435879524476754077803959381780663788162225513024491445467598560885444104238918711354854214897121908878598780622720798597040761309711532406267905135671910472509503155273059037746065844 0 0 1 0 0 0 0 0 0 0 0 0 0 0 0 0 0 0 0 0 0 0 0 0 0 0 0 0 0 0 0 0 0 0 0 0 0 0 0 0 0 0 0 0 0 0 0 0 0 0 0 0 0 0 0 0 0 0 0 0 0 0 0 0 0 0 0 0 0 0 0 0 0 0 0 0 0 0 0 0 0 0 0 0 0 0 0 0 0 0 0 0 0 0 0 0 0 0 0 0 0 0 0 0 0 0 0 0 0 0 0 0]
[935280435730543910386449168044141192063403149458215897206348570567552348174979929574716720643937919370954996708245870480357189272092092461774200805601387065436767654400824066083318990131300450143020212844428034519050651619682062337954776958799871010269176377508599139671870979483314168621691970117579494174183218189491187112808853720429703 0 0 0 1 0 0 0 0 0 0 0 0 0 0 0 0 0 0 0 0 0 0 0 0 0 0 0 0 0 0 0 0 0 0 0 0 0 0 0 0 0 0 0 0 0 0 0 0 0 0 0 0 0 0 0 0 0 0 0 0 0 0 0 0 0 0 0 0 0 0 0 0 0 0 0 0 0 0 0 0 0 0 0 0 0 0 0 0 0 0 0 0 0 0 0 0 0 0 0 0 0 0 0 0 0 0 0 0 0 0 0 0]
[2380182723219449495905962507622873360132968991001189195300098326686122330950904923694701055911610316275192185212165153793064192970581990015608529043436591861295980833490363864280869087963980667368030833634749568426176251320164903275224832664813650080650535206218983805729383272646718950972197827955239359118197610594537025992281066812097526 0 0 0 0 1 0 0 0 0 0 0 0 0 0 0 0 0 0 0 0 0 0 0 0 0 0 0 0 0 0 0 0 0 0 0 0 0 0 0 0 0 0 0 0 0 0 0 0 0 0 0 0 0 0 0 0 0 0 0 0 0 0 0 0 0 0 0 0 0 0 0 0 0 0 0 0 0 0 0 0 0 0 0 0 0 0 0 0 0 0 0 0 0 0 0 0 0 0 0 0 0 0 0 0 0 0 0 0 0 0 0 0]
[624243586539707735596004803104561194825087208228464705694756804685783021953505075269330495272531317381448262885346555010023847998457826936363541853620763245072877954880367332993961257043194095884483116893961523197180699317415981376994070504538909911512976581853567264055302909120710543747715406005669252487934850373632413169061291337154484 0 0 0 0 0 1 0 0 0 0 0 0 0 0 0 0 0 0 0 0 0 0 0 0 0 0 0 0 0 0 0 0 0 0 0 0 0 0 0 0 0 0 0 0 0 0 0 0 0 0 0 0 0 0 0 0 0 0 0 0 0 0 0 0 0 0 0 0 0 0 0 0 0 0 0 0 0 0 0 0 0 0 0 0 0 0 0 0 0 0 0 0 0 0 0 0 0 0 0 0 0 0 0 0 0 0 0 0 0 0 0 0]
[1965771698118008635371613441896512964574334489115806500437611110483275569688327460629759502493790221537518194344041543437131872446767845328412626267479987036566873230394631146686243043632170467292930004603864546603041261250687289190678743768163288254515801226019602383187092550878368174601901883607270175582582805184818611903651525414277335 0 0 0 0 0 0 1 0 0 0 0 0 0 0 0 0 0 0 0 0 0 0 0 0 0 0 0 0 0 0 0 0 0 0 0 0 0 0 0 0 0 0 0 0 0 0 0 0 0 0 0 0 0 0 0 0 0 0 0 0 0 0 0 0 0 0 0 0 0 0 0 0 0 0 0 0 0 0 0 0 0 0 0 0 0 0 0 0 0 0 0 0 0 0 0 0 0 0 0 0 0 0 0 0 0 0 0 0 0 0 0 0]
[2203326298440232657274163273922331631212453272429570163164971595378647585826328600155219959044783490160071805681633788956607410494281781287322079618051104982914267580602206016254118626148609667586772908367277062177722029646129131921574436504213241518507255031478360028647033096242611645877206546838574697178790787239615925568097965377947764 0 0 0 0 0 0 0 1 0 0 0 0 0 0 0 0 0 0 0 0 0 0 0 0 0 0 0 0 0 0 0 0 0 0 0 0 0 0 0 0 0 0 0 0 0 0 0 0 0 0 0 0 0 0 0 0 0 0 0 0 0 0 0 0 0 0 0 0 0 0 0 0 0 0 0 0 0 0 0 0 0 0 0 0 0 0 0 0 0 0 0 0 0 0 0 0 0 0 0 0 0 0 0 0 0 0 0 0 0 0 0 0]
[5686104643541914328733888696250650277169265902229840081340211210361274233723863361605713605025551831751234025958476931504994209895339951057888259251134032372573532823570390827852324675575555673140177563000121712355458661950026124053423221338979658436748835479451456656213615084516895896461240745336172703762425469052040390658052787515738910 0 0 0 0 0 0 0 0 1 0 0 0 0 0 0 0 0 0 0 0 0 0 0 0 0 0 0 0 0 0 0 0 0 0 0 0 0 0 0 0 0 0 0 0 0 0 0 0 0 0 0 0 0 0 0 0 0 0 0 0 0 0 0 0 0 0 0 0 0 0 0 0 0 0 0 0 0 0 0 0 0 0 0 0 0 0 0 0 0 0 0 0 0 0 0 0 0 0 0 0 0 0 0 0 0 0 0 0 0 0 0 0]
[4700298119707322801430600852665061871117091956464294333763586176140121312748396888814167138144821951306884203344365318364979986405335647573898556146899853933793818363363406374270552545443770899510890767351103597657419125423145028358486319681157024951545105310000594125598008406097038614918680033894392755301937130284190855091418429495197253 0 0 0 0 0 0 0 0 0 1 0 0 0 0 0 0 0 0 0 0 0 0 0 0 0 0 0 0 0 0 0 0 0 0 0 0 0 0 0 0 0 0 0 0 0 0 0 0 0 0 0 0 0 0 0 0 0 0 0 0 0 0 0 0 0 0 0 0 0 0 0 0 0 0 0 0 0 0 0 0 0 0 0 0 0 0 0 0 0 0 0 0 0 0 0 0 0 0 0 0 0 0 0 0 0 0 0 0 0 0 0 0]
[5360384925976157015502374416723457448289290985514756502792513858789152558265568103116180812699156259957166401895819202734945454810589958839143785263637000505365467413578955828901653948567883122823107438621534193679498644435448062953646436284072633047910260237541245041047427399367390046903288500184861091549540006951369418943897260984321735 0 0 0 0 0 0 0 0 0 0 1 0 0 0 0 0 0 0 0 0 0 0 0 0 0 0 0 0 0 0 0 0 0 0 0 0 0 0 0 0 0 0 0 0 0 0 0 0 0 0 0 0 0 0 0 0 0 0 0 0 0 0 0 0 0 0 0 0 0 0 0 0 0 0 0 0 0 0 0 0 0 0 0 0 0 0 0 0 0 0 0 0 0 0 0 0 0 0 0 0 0 0 0 0 0 0 0 0 0 0 0 0]
[1926396932618905188439182572888070888747444298608610565812320909003936737614699119071005368606163942812296350613329229688259945178272291221081461118410772736214164403644103130645758382922668551661786390133080373355731445331922380333962119568369046799819486844320649029685277713034937167496902213849098115593589865439571332616770660870844831 0 0 0 0 0 0 0 0 0 0 0 1 0 0 0 0 0 0 0 0 0 0 0 0 0 0 0 0 0 0 0 0 0 0 0 0 0 0 0 0 0 0 0 0 0 0 0 0 0 0 0 0 0 0 0 0 0 0 0 0 0 0 0 0 0 0 0 0 0 0 0 0 0 0 0 0 0 0 0 0 0 0 0 0 0 0 0 0 0 0 0 0 0 0 0 0 0 0 0 0 0 0 0 0 0 0 0 0 0 0 0 0]
[5455232266195836932328135828700924235236509522370086175578554066404641909668567670017693146579896859587619989569266103601357639260644920581144899699250023300925125126407950594363339501790649563656103567733133864808308128684750543731817929394159241334283989402147160982986180358426347499212271146530113992210665154085184674284872589688186914 0 0 0 0 0 0 0 0 0 0 0 0 1 0 0 0 0 0 0 0 0 0 0 0 0 0 0 0 0 0 0 0 0 0 0 0 0 0 0 0 0 0 0 0 0 0 0 0 0 0 0 0 0 0 0 0 0 0 0 0 0 0 0 0 0 0 0 0 0 0 0 0 0 0 0 0 0 0 0 0 0 0 0 0 0 0 0 0 0 0 0 0 0 0 0 0 0 0 0 0 0 0 0 0 0 0 0 0 0 0 0 0]
[322330477139751103559344861643720121190641219956620473336848479809525555979948226086061536436915789657706259135784008059899256003779239731615276829351636785178369187913684759642656011496410671824783923122207150302690704981971577352466761765420074603457893616308664601168664160743080723986920430474415856198676434027991682218827233064366479 0 0 0 0 0 0 0 0 0 0 0 0 0 1 0 0 0 0 0 0 0 0 0 0 0 0 0 0 0 0 0 0 0 0 0 0 0 0 0 0 0 0 0 0 0 0 0 0 0 0 0 0 0 0 0 0 0 0 0 0 0 0 0 0 0 0 0 0 0 0 0 0 0 0 0 0 0 0 0 0 0 0 0 0 0 0 0 0 0 0 0 0 0 0 0 0 0 0 0 0 0 0 0 0 0 0 0 0 0 0 0 0]
[6511397797377438560132988119118510721223653047404058189977072628604232352865931291507658966665245930479256655709593410667230241035089859650537844874934630004830191103202560684755063928223606828204109770829595027986190564453674586551903990143486089945016640509657432771173824365229341030964381318409014126309333821199952721344711423718162965 0 0 0 0 0 0 0 0 0 0 0 0 0 0 1 0 0 0 0 0 0 0 0 0 0 0 0 0 0 0 0 0 0 0 0 0 0 0 0 0 0 0 0 0 0 0 0 0 0 0 0 0 0 0 0 0 0 0 0 0 0 0 0 0 0 0 0 0 0 0 0 0 0 0 0 0 0 0 0 0 0 0 0 0 0 0 0 0 0 0 0 0 0 0 0 0 0 0 0 0 0 0 0 0 0 0 0 0 0 0 0 0]
[1009962694493909714842376993252381415091481683361859538905316029971241672531811796111091694400228457611911247233393043544699413893951290461809141514162857947469231402432711618830626033240566306276675357393238767668478334297765702035105413220755216686395173764588397399333543432902763426209537899425751479690889693198151905783476930672368720 0 0 0 0 0 0 0 0 0 0 0 0 0 0 0 1 0 0 0 0 0 0 0 0 0 0 0 0 0 0 0 0 0 0 0 0 0 0 0 0 0 0 0 0 0 0 0 0 0 0 0 0 0 0 0 0 0 0 0 0 0 0 0 0 0 0 0 0 0 0 0 0 0 0 0 0 0 0 0 0 0 0 0 0 0 0 0 0 0 0 0 0 0 0 0 0 0 0 0 0 0 0 0 0 0 0 0 0 0 0 0 0]
[371784749909995560551509514751292533575979042999660099503036256032674508038566884620844459091277900086959437846171949532638662307245532185070159719566467877510400594039558777239740193106512524793938483117269529848839436191950521907081095317170758204331331829162977911600102527180555400762148474443848139750154772670392952176964799179096240 0 0 0 0 0 0 0 0 0 0 0 0 0 0 0 0 1 0 0 0 0 0 0 0 0 0 0 0 0 0 0 0 0 0 0 0 0 0 0 0 0 0 0 0 0 0 0 0 0 0 0 0 0 0 0 0 0 0 0 0 0 0 0 0 0 0 0 0 0 0 0 0 0 0 0 0 0 0 0 0 0 0 0 0 0 0 0 0 0 0 0 0 0 0 0 0 0 0 0 0 0 0 0 0 0 0 0 0 0 0 0 0]
[3822704353646966035471641101228352969857323172004858439737811524100946240380405796967312503615370646927373071271921390643350232903320341941072237694683076811134382008058379083460536224265952357345934520997051028097731720911564042290305094135695071101000764730290884598734305342594535416293418225521240070448475469819981166809981297515814359 0 0 0 0 0 0 0 0 0 0 0 0 0 0 0 0 0 1 0 0 0 0 0 0 0 0 0 0 0 0 0 0 0 0 0 0 0 0 0 0 0 0 0 0 0 0 0 0 0 0 0 0 0 0 0 0 0 0 0 0 0 0 0 0 0 0 0 0 0 0 0 0 0 0 0 0 0 0 0 0 0 0 0 0 0 0 0 0 0 0 0 0 0 0 0 0 0 0 0 0 0 0 0 0 0 0 0 0 0 0 0 0]
[2445501635394359629651292578033330827887471247429670433562202788484631987095655055838842717280275965490694424018661948534965341455694855929657779823544360062454497767939914606778631732625331949183433860439831100560163681937907111612876723561722520857853646176787903079823468967808023130007252827446671215997922339502862545579394566059904154 0 0 0 0 0 0 0 0 0 0 0 0 0 0 0 0 0 0 1 0 0 0 0 0 0 0 0 0 0 0 0 0 0 0 0 0 0 0 0 0 0 0 0 0 0 0 0 0 0 0 0 0 0 0 0 0 0 0 0 0 0 0 0 0 0 0 0 0 0 0 0 0 0 0 0 0 0 0 0 0 0 0 0 0 0 0 0 0 0 0 0 0 0 0 0 0 0 0 0 0 0 0 0 0 0 0 0 0 0 0 0 0]
[7389234129739293523381810255309298095131741334641072147440173096000801383683976647067974193173472580924415101689301097406816602728229119394113473090169130844220398423319659614333316074172403744178998757409177033571575482831811842262508164877681279939387761029170106219882877651343990562157530771384442698565396374332207645922987776906825351 0 0 0 0 0 0 0 0 0 0 0 0 0 0 0 0 0 0 0 1 0 0 0 0 0 0 0 0 0 0 0 0 0 0 0 0 0 0 0 0 0 0 0 0 0 0 0 0 0 0 0 0 0 0 0 0 0 0 0 0 0 0 0 0 0 0 0 0 0 0 0 0 0 0 0 0 0 0 0 0 0 0 0 0 0 0 0 0 0 0 0 0 0 0 0 0 0 0 0 0 0 0 0 0 0 0 0 0 0 0 0 0]
[6800190172534896340007499885097123864065807859140034295534676880241375440083520879042811743207273739604728883327243592022689987154168089983264158567642966489709473326737777709675361950796325965444867789196531783329691860571339404700286135627340582025934310510292143791384572047426755896968500747137612656445236503912532002568672971443660144 0 0 0 0 0 0 0 0 0 0 0 0 0 0 0 0 0 0 0 0 1 0 0 0 0 0 0 0 0 0 0 0 0 0 0 0 0 0 0 0 0 0 0 0 0 0 0 0 0 0 0 0 0 0 0 0 0 0 0 0 0 0 0 0 0 0 0 0 0 0 0 0 0 0 0 0 0 0 0 0 0 0 0 0 0 0 0 0 0 0 0 0 0 0 0 0 0 0 0 0 0 0 0 0 0 0 0 0 0 0 0 0]
[1597807315219489457930841805679759553893922447086120089286446840862454935115437651847991567363399802419505279369683149832463324051900014861596000396808622734558800601699627617678404843713694662782473294167600811689054845332258800712634885305134733342519881703030327438079597601779876334696654302835189007541994841802735050872300745858514188 0 0 0 0 0 0 0 0 0 0 0 0 0 0 0 0 0 0 0 0 0 1 0 0 0 0 0 0 0 0 0 0 0 0 0 0 0 0 0 0 0 0 0 0 0 0 0 0 0 0 0 0 0 0 0 0 0 0 0 0 0 0 0 0 0 0 0 0 0 0 0 0 0 0 0 0 0 0 0 0 0 0 0 0 0 0 0 0 0 0 0 0 0 0 0 0 0 0 0 0 0 0 0 0 0 0 0 0 0 0 0 0]
[7525577317653669772025165166552771573343059426190077670597390681948093532359833787040358659109068390870294987492523459328753602937933367804293822787089329087976760645016927477690060504908336452833976909382630299336326269526606052820022287327657245022735075971958131502627117704188696929724044124289703268391616847191830386391467481374322455 0 0 0 0 0 0 0 0 0 0 0 0 0 0 0 0 0 0 0 0 0 0 1 0 0 0 0 0 0 0 0 0 0 0 0 0 0 0 0 0 0 0 0 0 0 0 0 0 0 0 0 0 0 0 0 0 0 0 0 0 0 0 0 0 0 0 0 0 0 0 0 0 0 0 0 0 0 0 0 0 0 0 0 0 0 0 0 0 0 0 0 0 0 0 0 0 0 0 0 0 0 0 0 0 0 0 0 0 0 0 0 0]
[4226514243477403974406932109752176872646081928190683006196223444230661081742832741908678300085025650669790445182328404730445386053111402827998139613195416716986569523297399208385967558188464127278238032433603142352713403599453260856280830289465564199489532685119828131704823253624182766986879903690908517027892353472603514943823385698345222 0 0 0 0 0 0 0 0 0 0 0 0 0 0 0 0 0 0 0 0 0 0 0 1 0 0 0 0 0 0 0 0 0 0 0 0 0 0 0 0 0 0 0 0 0 0 0 0 0 0 0 0 0 0 0 0 0 0 0 0 0 0 0 0 0 0 0 0 0 0 0 0 0 0 0 0 0 0 0 0 0 0 0 0 0 0 0 0 0 0 0 0 0 0 0 0 0 0 0 0 0 0 0 0 0 0 0 0 0 0 0 0]
[2235322493017165776020281131759941129300071562777180754350321865825724360881204577076701031767518389756635335027212396759302629155816668424243052587051406884896877273981449661114205669549981870889934165377468742071189978345672159471989978362296939988942947539421194977586438591327224922308637310915752680181704075128184479672968341260016648 0 0 0 0 0 0 0 0 0 0 0 0 0 0 0 0 0 0 0 0 0 0 0 0 1 0 0 0 0 0 0 0 0 0 0 0 0 0 0 0 0 0 0 0 0 0 0 0 0 0 0 0 0 0 0 0 0 0 0 0 0 0 0 0 0 0 0 0 0 0 0 0 0 0 0 0 0 0 0 0 0 0 0 0 0 0 0 0 0 0 0 0 0 0 0 0 0 0 0 0 0 0 0 0 0 0 0 0 0 0 0 0]
[6992879362003881781237785950897255762964091928356850905134662118879142129253672694635764694503538482982447488442807563185847974266100503027995512077672996551021626777403651979705168989160581627108394805938019780237361307998961648333369890069677906619991296129080807714291296587312289615825824678795308392892037147891735756838303610277671691 0 0 0 0 0 0 0 0 0 0 0 0 0 0 0 0 0 0 0 0 0 0 0 0 0 1 0 0 0 0 0 0 0 0 0 0 0 0 0 0 0 0 0 0 0 0 0 0 0 0 0 0 0 0 0 0 0 0 0 0 0 0 0 0 0 0 0 0 0 0 0 0 0 0 0 0 0 0 0 0 0 0 0 0 0 0 0 0 0 0 0 0 0 0 0 0 0 0 0 0 0 0 0 0 0 0 0 0 0 0 0 0]
[3648537274128637174292369209068503733036721803110759290193654929847027208582965047356070332268828505642806071181824121179334943177892323402488699745547574564704233701769483499152538372285256792195504806883342234762429356878280481090663314285998715950862964436810177384656472449362208463483713740030686135033973428089050004367918271795529512 0 0 0 0 0 0 0 0 0 0 0 0 0 0 0 0 0 0 0 0 0 0 0 0 0 0 1 0 0 0 0 0 0 0 0 0 0 0 0 0 0 0 0 0 0 0 0 0 0 0 0 0 0 0 0 0 0 0 0 0 0 0 0 0 0 0 0 0 0 0 0 0 0 0 0 0 0 0 0 0 0 0 0 0 0 0 0 0 0 0 0 0 0 0 0 0 0 0 0 0 0 0 0 0 0 0 0 0 0 0 0 0]
[7680211311988511921822743337985414167079947267438179277981291985300316638684590089680782942046416045829328879663646093340005603120471707869911937485383292229553515253813328290882463996568343241013512496822671633283114677488987973595038872144895328274587589331768842791935289680781330229283798567177251226093529039315906504856033412004455231 0 0 0 0 0 0 0 0 0 0 0 0 0 0 0 0 0 0 0 0 0 0 0 0 0 0 0 1 0 0 0 0 0 0 0 0 0 0 0 0 0 0 0 0 0 0 0 0 0 0 0 0 0 0 0 0 0 0 0 0 0 0 0 0 0 0 0 0 0 0 0 0 0 0 0 0 0 0 0 0 0 0 0 0 0 0 0 0 0 0 0 0 0 0 0 0 0 0 0 0 0 0 0 0 0 0 0 0 0 0 0 0]
[7657294328410402308649478653125321094037135521425262231405995191704739600711249666275452128475039120116851444089811912723714706072093927083567037093884153341566059360646664210615690462452206633506885419960244862141892047383325249822493737172004078760946206069176173899963813837607799922692636279667968274233724340176917671688417114097687928 0 0 0 0 0 0 0 0 0 0 0 0 0 0 0 0 0 0 0 0 0 0 0 0 0 0 0 0 1 0 0 0 0 0 0 0 0 0 0 0 0 0 0 0 0 0 0 0 0 0 0 0 0 0 0 0 0 0 0 0 0 0 0 0 0 0 0 0 0 0 0 0 0 0 0 0 0 0 0 0 0 0 0 0 0 0 0 0 0 0 0 0 0 0 0 0 0 0 0 0 0 0 0 0 0 0 0 0 0 0 0 0]
[5413199602382474162363438246354989160917258507603920825577092986173088015964359240583682980754483390781603497028911595513311823084657483374459534316930398776475671084398473140985019219909696512055320972431883299154758940993918045159698780947674993390622167476006026184770716685048222933024411862311135276931730502331003948364513427524172130 0 0 0 0 0 0 0 0 0 0 0 0 0 0 0 0 0 0 0 0 0 0 0 0 0 0 0 0 0 1 0 0 0 0 0 0 0 0 0 0 0 0 0 0 0 0 0 0 0 0 0 0 0 0 0 0 0 0 0 0 0 0 0 0 0 0 0 0 0 0 0 0 0 0 0 0 0 0 0 0 0 0 0 0 0 0 0 0 0 0 0 0 0 0 0 0 0 0 0 0 0 0 0 0 0 0 0 0 0 0 0 0]
[6145634628452328229191508484708598196686710633022356308783737526448419696344110674804373234818475270166918753280360705681348626662334568577956548339853558153809011831826187667341757553910652168061763560154635172876166005999936080351301676638238628148739593595780736657695499983189412701304516667136292595979963280997606967993586744567451352 0 0 0 0 0 0 0 0 0 0 0 0 0 0 0 0 0 0 0 0 0 0 0 0 0 0 0 0 0 0 1 0 0 0 0 0 0 0 0 0 0 0 0 0 0 0 0 0 0 0 0 0 0 0 0 0 0 0 0 0 0 0 0 0 0 0 0 0 0 0 0 0 0 0 0 0 0 0 0 0 0 0 0 0 0 0 0 0 0 0 0 0 0 0 0 0 0 0 0 0 0 0 0 0 0 0 0 0 0 0 0 0]
[4229779440547648815074414387998307362858661386206583994326262643426217864256833197747173841463710607779851027430273811917872629732181699926884283452886337307950073979153447361699758753603996979661685178671472010551855997963372093284373140176017436505012742144602158421200447814209735969174699392158746295949902965208762963829829251785082712 0 0 0 0 0 0 0 0 0 0 0 0 0 0 0 0 0 0 0 0 0 0 0 0 0 0 0 0 0 0 0 1 0 0 0 0 0 0 0 0 0 0 0 0 0 0 0 0 0 0 0 0 0 0 0 0 0 0 0 0 0 0 0 0 0 0 0 0 0 0 0 0 0 0 0 0 0 0 0 0 0 0 0 0 0 0 0 0 0 0 0 0 0 0 0 0 0 0 0 0 0 0 0 0 0 0 0 0 0 0 0 0]
[722051643290205171668458084713070768896430572447121269737614184368225778408538457129135325593300389809915839022758161139197759560787967796994605022772789665648719793266717064310096131236963790730214178682553592910139812941893228690317577314413013327613246658306766148632338410987891267583918498930642614072839159257285702043254709958233530 0 0 0 0 0 0 0 0 0 0 0 0 0 0 0 0 0 0 0 0 0 0 0 0 0 0 0 0 0 0 0 0 1 0 0 0 0 0 0 0 0 0 0 0 0 0 0 0 0 0 0 0 0 0 0 0 0 0 0 0 0 0 0 0 0 0 0 0 0 0 0 0 0 0 0 0 0 0 0 0 0 0 0 0 0 0 0 0 0 0 0 0 0 0 0 0 0 0 0 0 0 0 0 0 0 0 0 0 0 0 0 0]
[7488185710443618791663977409976508262241230612455236274473611668576061574388388253358232304621567245200627274655803065220391061887810128212140595477127994196634450074249561129682240603289809084701513028001065166359857996167123670110694578675679104559457352562691260189414983745522825067002268364563672318949411687821526724677283553293991758 0 0 0 0 0 0 0 0 0 0 0 0 0 0 0 0 0 0 0 0 0 0 0 0 0 0 0 0 0 0 0 0 0 1 0 0 0 0 0 0 0 0 0 0 0 0 0 0 0 0 0 0 0 0 0 0 0 0 0 0 0 0 0 0 0 0 0 0 0 0 0 0 0 0 0 0 0 0 0 0 0 0 0 0 0 0 0 0 0 0 0 0 0 0 0 0 0 0 0 0 0 0 0 0 0 0 0 0 0 0 0 0]
[7947661542568655223932627270615662302447461513925727722974980225113191593035678193585590510643467961541478151932438745873660287527737176008275695815322288929641675515987238239042258495230049124721312037272396118853401324640487351988280107313222577808958274513453076056461544085004016473938725636455416828240992753798096176252928884673987505 0 0 0 0 0 0 0 0 0 0 0 0 0 0 0 0 0 0 0 0 0 0 0 0 0 0 0 0 0 0 0 0 0 0 1 0 0 0 0 0 0 0 0 0 0 0 0 0 0 0 0 0 0 0 0 0 0 0 0 0 0 0 0 0 0 0 0 0 0 0 0 0 0 0 0 0 0 0 0 0 0 0 0 0 0 0 0 0 0 0 0 0 0 0 0 0 0 0 0 0 0 0 0 0 0 0 0 0 0 0 0 0]
[6472055045090473873488292168537251030135029682443606603882213049668567357432613377072761045558565411337690209324162579578905049737755530076807095681730903533684235717038527819335114411486656105104815466021617822650445593461419770602887619449576581696404306355782226705616640404730563427448246280388937209091102771252930730751193141031891632 0 0 0 0 0 0 0 0 0 0 0 0 0 0 0 0 0 0 0 0 0 0 0 0 0 0 0 0 0 0 0 0 0 0 0 1 0 0 0 0 0 0 0 0 0 0 0 0 0 0 0 0 0 0 0 0 0 0 0 0 0 0 0 0 0 0 0 0 0 0 0 0 0 0 0 0 0 0 0 0 0 0 0 0 0 0 0 0 0 0 0 0 0 0 0 0 0 0 0 0 0 0 0 0 0 0 0 0 0 0 0 0]
[6771681168360410429326229315331782276589369482555908607120738899753532587498493220244645418440491912709607086291256509073989794174530861162063350297831554504639491643049941244228468659329471622056472179471898953293688015027882930539147466771596402032640463358372330969782541371395090140927157503409117531168872009598584077332570608379436107 0 0 0 0 0 0 0 0 0 0 0 0 0 0 0 0 0 0 0 0 0 0 0 0 0 0 0 0 0 0 0 0 0 0 0 0 1 0 0 0 0 0 0 0 0 0 0 0 0 0 0 0 0 0 0 0 0 0 0 0 0 0 0 0 0 0 0 0 0 0 0 0 0 0 0 0 0 0 0 0 0 0 0 0 0 0 0 0 0 0 0 0 0 0 0 0 0 0 0 0 0 0 0 0 0 0 0 0 0 0 0 0]
[5158060724130975851626720697280601686302830222684448132791280824188656535228969283962792129006982319799066811516858170295726640764177734681963480991621345947786668089590055291942869460901067542967887413315700024517877475629000393341709923267939924776585263221310206737846933347100480248504629828399214351492137184568910235310653632709517397 0 0 0 0 0 0 0 0 0 0 0 0 0 0 0 0 0 0 0 0 0 0 0 0 0 0 0 0 0 0 0 0 0 0 0 0 0 1 0 0 0 0 0 0 0 0 0 0 0 0 0 0 0 0 0 0 0 0 0 0 0 0 0 0 0 0 0 0 0 0 0 0 0 0 0 0 0 0 0 0 0 0 0 0 0 0 0 0 0 0 0 0 0 0 0 0 0 0 0 0 0 0 0 0 0 0 0 0 0 0 0 0]
[5865073170267791661242310214291257415784716437841024478158015185197666742335444346930889805779556092054610890490466646236794982607848474617002707137828069175496275043370921118619005438123919586331565875908999269729078184917717675733554101007159404228168253789958369376240086177447431868226943246344515827668550339451956374281496821102616006 0 0 0 0 0 0 0 0 0 0 0 0 0 0 0 0 0 0 0 0 0 0 0 0 0 0 0 0 0 0 0 0 0 0 0 0 0 0 1 0 0 0 0 0 0 0 0 0 0 0 0 0 0 0 0 0 0 0 0 0 0 0 0 0 0 0 0 0 0 0 0 0 0 0 0 0 0 0 0 0 0 0 0 0 0 0 0 0 0 0 0 0 0 0 0 0 0 0 0 0 0 0 0 0 0 0 0 0 0 0 0 0]
[5789907286159573229487753270263155173851043254004515823551618037809225627989757084996191586707099889301012473197460748646946749566018181533581644900241069943477522423083336081350625981009908860676313349808014601289636856245441921487573163216650047511600568160669468592939492594675218578576125825177594274225808554744897419119085728113470298 0 0 0 0 0 0 0 0 0 0 0 0 0 0 0 0 0 0 0 0 0 0 0 0 0 0 0 0 0 0 0 0 0 0 0 0 0 0 0 1 0 0 0 0 0 0 0 0 0 0 0 0 0 0 0 0 0 0 0 0 0 0 0 0 0 0 0 0 0 0 0 0 0 0 0 0 0 0 0 0 0 0 0 0 0 0 0 0 0 0 0 0 0 0 0 0 0 0 0 0 0 0 0 0 0 0 0 0 0 0 0 0]
[6662401804055298794305057524825121558317953168863649419863170510618785602033566599953458804829681317850695323857941682498609255402970308633429146084373698696326076067761964969217052734727559043670477487356419464533788644699403324559756892538752407487561863436190191131326640981105266909830286968565859924028143949054703848357266524019816002 0 0 0 0 0 0 0 0 0 0 0 0 0 0 0 0 0 0 0 0 0 0 0 0 0 0 0 0 0 0 0 0 0 0 0 0 0 0 0 0 1 0 0 0 0 0 0 0 0 0 0 0 0 0 0 0 0 0 0 0 0 0 0 0 0 0 0 0 0 0 0 0 0 0 0 0 0 0 0 0 0 0 0 0 0 0 0 0 0 0 0 0 0 0 0 0 0 0 0 0 0 0 0 0 0 0 0 0 0 0 0 0]
[6979213669410061989507839203289361347290306438582342284980979315966058157137833258042707549568359249717029174295987840538538064239568413648393688101633744727127365051845467603087337659714673852599896174747952944142242223102813995771800166007195345032568404620366899690566492139871753583604238468108457182937276767134334980335544504410470459 0 0 0 0 0 0 0 0 0 0 0 0 0 0 0 0 0 0 0 0 0 0 0 0 0 0 0 0 0 0 0 0 0 0 0 0 0 0 0 0 0 1 0 0 0 0 0 0 0 0 0 0 0 0 0 0 0 0 0 0 0 0 0 0 0 0 0 0 0 0 0 0 0 0 0 0 0 0 0 0 0 0 0 0 0 0 0 0 0 0 0 0 0 0 0 0 0 0 0 0 0 0 0 0 0 0 0 0 0 0 0 0]
[6803231077485997192219860273911130877176275910841592727081818893257787113880395497419658548870833680514185666002472419338643923760218602169002694951306133493209025333309068430949594880122966970597168310104588722789169753971158372821095821128349882401878944079609095324560505714030778228042408632939103397856543368251975157007980440064568276 0 0 0 0 0 0 0 0 0 0 0 0 0 0 0 0 0 0 0 0 0 0 0 0 0 0 0 0 0 0 0 0 0 0 0 0 0 0 0 0 0 0 1 0 0 0 0 0 0 0 0 0 0 0 0 0 0 0 0 0 0 0 0 0 0 0 0 0 0 0 0 0 0 0 0 0 0 0 0 0 0 0 0 0 0 0 0 0 0 0 0 0 0 0 0 0 0 0 0 0 0 0 0 0 0 0 0 0 0 0 0 0]
[6414780255842394991248490560981232059836472065115465415797274463292077357032187614787774621015942048339595484776424870050528106182978888686870437247152684168504474488247609170199263643748025321345159336686176367038047663798274336074343200078061015987497294063771590489115710612733767706895524809427749213244719039055066822558508092812145953 0 0 0 0 0 0 0 0 0 0 0 0 0 0 0 0 0 0 0 0 0 0 0 0 0 0 0 0 0 0 0 0 0 0 0 0 0 0 0 0 0 0 0 1 0 0 0 0 0 0 0 0 0 0 0 0 0 0 0 0 0 0 0 0 0 0 0 0 0 0 0 0 0 0 0 0 0 0 0 0 0 0 0 0 0 0 0 0 0 0 0 0 0 0 0 0 0 0 0 0 0 0 0 0 0 0 0 0 0 0 0 0]
[7880182022448532214142799206558676740368506068715095213395537951922311792253976468722099106924615355943326618558605035183902340564228059676320219414836881097117860511714037413103268267490661804765422932326026088638517019610729262973786856427866413586552374136588760816085629413490088057641182267888771703836502230093756584057466337513690754 0 0 0 0 0 0 0 0 0 0 0 0 0 0 0 0 0 0 0 0 0 0 0 0 0 0 0 0 0 0 0 0 0 0 0 0 0 0 0 0 0 0 0 0 1 0 0 0 0 0 0 0 0 0 0 0 0 0 0 0 0 0 0 0 0 0 0 0 0 0 0 0 0 0 0 0 0 0 0 0 0 0 0 0 0 0 0 0 0 0 0 0 0 0 0 0 0 0 0 0 0 0 0 0 0 0 0 0 0 0 0 0]
[5340317983142958869507520522359346513553828104218861321206429831184234068120743055646901593831677698430418031095887343061668896646563320807315593739944993717748953680811701513924068971271599774474653592911073919471708268415224628950698961190712425381305089849165163360752239381521824292720174243574071179127496858148640521206026913197653985 0 0 0 0 0 0 0 0 0 0 0 0 0 0 0 0 0 0 0 0 0 0 0 0 0 0 0 0 0 0 0 0 0 0 0 0 0 0 0 0 0 0 0 0 0 1 0 0 0 0 0 0 0 0 0 0 0 0 0 0 0 0 0 0 0 0 0 0 0 0 0 0 0 0 0 0 0 0 0 0 0 0 0 0 0 0 0 0 0 0 0 0 0 0 0 0 0 0 0 0 0 0 0 0 0 0 0 0 0 0 0 0]
[7330335586501205860551381151770294144911196384313458961780194256322542401416747070915907790696431631326533409764380097895240718821830457086644536745767094691078079082570748514917410662276751479926735625162879820764532934169892229258667685510995788118150419058817551183871988401020586242693868565647319745697296619432032632368178881962545879 0 0 0 0 0 0 0 0 0 0 0 0 0 0 0 0 0 0 0 0 0 0 0 0 0 0 0 0 0 0 0 0 0 0 0 0 0 0 0 0 0 0 0 0 0 0 1 0 0 0 0 0 0 0 0 0 0 0 0 0 0 0 0 0 0 0 0 0 0 0 0 0 0 0 0 0 0 0 0 0 0 0 0 0 0 0 0 0 0 0 0 0 0 0 0 0 0 0 0 0 0 0 0 0 0 0 0 0 0 0 0 0]
[2773873072357005096813460692172975741297548574045071553060662910184992215750464517891545751944724021731813926145715368651037930756691582690882260995908647079078402698250157046446195863995524916429514082919230142493081882765963850498137121151301295608661409039677024099876601126386021398137845180002716627931703450185755207186016835848599132 0 0 0 0 0 0 0 0 0 0 0 0 0 0 0 0 0 0 0 0 0 0 0 0 0 0 0 0 0 0 0 0 0 0 0 0 0 0 0 0 0 0 0 0 0 0 0 1 0 0 0 0 0 0 0 0 0 0 0 0 0 0 0 0 0 0 0 0 0 0 0 0 0 0 0 0 0 0 0 0 0 0 0 0 0 0 0 0 0 0 0 0 0 0 0 0 0 0 0 0 0 0 0 0 0 0 0 0 0 0 0 0]
[1561853416153899359143917147567080160655642564812881220812999779752128623408281008239245930798903048220400699431312808275091739955954556794695273859337439609017977345740405527764348750709473009485893075761461794460909968757557854252469623313319149754046441979353281073737137429786675448002548742485783142627644170867916786883300275672455618 0 0 0 0 0 0 0 0 0 0 0 0 0 0 0 0 0 0 0 0 0 0 0 0 0 0 0 0 0 0 0 0 0 0 0 0 0 0 0 0 0 0 0 0 0 0 0 0 1 0 0 0 0 0 0 0 0 0 0 0 0 0 0 0 0 0 0 0 0 0 0 0 0 0 0 0 0 0 0 0 0 0 0 0 0 0 0 0 0 0 0 0 0 0 0 0 0 0 0 0 0 0 0 0 0 0 0 0 0 0 0 0]
[7374064656940408060125564964639116734051886989371628958886720350861591274183777016197528091366220554984391605610166775813742051291512733398502923503251216014308912954370177097861398084117862599773316371188859124427151310044174646616688124804566372325816262272923323425199350297243702618875508732460555266888174960358631946526319634105091189 0 0 0 0 0 0 0 0 0 0 0 0 0 0 0 0 0 0 0 0 0 0 0 0 0 0 0 0 0 0 0 0 0 0 0 0 0 0 0 0 0 0 0 0 0 0 0 0 0 1 0 0 0 0 0 0 0 0 0 0 0 0 0 0 0 0 0 0 0 0 0 0 0 0 0 0 0 0 0 0 0 0 0 0 0 0 0 0 0 0 0 0 0 0 0 0 0 0 0 0 0 0 0 0 0 0 0 0 0 0 0 0]
[6153633888866328631852991783485522607693449631628381357646568024705274658668158940912319467218664534750466505697146470536469093831787320854132197303160013073628253900269391737998160413781912149890336799949017530479455649117518691049492048847882328838546659483807388876757121117167232712351145940369955763953084745772018466382692901410408181 0 0 0 0 0 0 0 0 0 0 0 0 0 0 0 0 0 0 0 0 0 0 0 0 0 0 0 0 0 0 0 0 0 0 0 0 0 0 0 0 0 0 0 0 0 0 0 0 0 0 1 0 0 0 0 0 0 0 0 0 0 0 0 0 0 0 0 0 0 0 0 0 0 0 0 0 0 0 0 0 0 0 0 0 0 0 0 0 0 0 0 0 0 0 0 0 0 0 0 0 0 0 0 0 0 0 0 0 0 0 0 0]
[7920001225808687056223612722378371998705007469974810454243679197905418690993681631981966905178902535965057681421694230452690439892706009932801488422356228425486383340281583687349252753884411449476264337797475983404120118618315235534799353586913181280077846832178502617306074682755000204918355415191421949054588283070795764669350373089549079 0 0 0 0 0 0 0 0 0 0 0 0 0 0 0 0 0 0 0 0 0 0 0 0 0 0 0 0 0 0 0 0 0 0 0 0 0 0 0 0 0 0 0 0 0 0 0 0 0 0 0 1 0 0 0 0 0 0 0 0 0 0 0 0 0 0 0 0 0 0 0 0 0 0 0 0 0 0 0 0 0 0 0 0 0 0 0 0 0 0 0 0 0 0 0 0 0 0 0 0 0 0 0 0 0 0 0 0 0 0 0 0]
[3352497811249522973364384087772052577152462478935193641788618600262080291212588300006811149134816650695690069558164171256735117331556051516302124941161814496227722105337986045068806800898357449717944570412000547365465686096493027717644416429018429580392234034976340228915235384405960806980844267100655423576310514806980272845273158642230689 0 0 0 0 0 0 0 0 0 0 0 0 0 0 0 0 0 0 0 0 0 0 0 0 0 0 0 0 0 0 0 0 0 0 0 0 0 0 0 0 0 0 0 0 0 0 0 0 0 0 0 0 1 0 0 0 0 0 0 0 0 0 0 0 0 0 0 0 0 0 0 0 0 0 0 0 0 0 0 0 0 0 0 0 0 0 0 0 0 0 0 0 0 0 0 0 0 0 0 0 0 0 0 0 0 0 0 0 0 0 0 0]
[7567106210154146688194897747971539872010700991350529876350771633873138017897360589729319464994384278144058484845199796824014121115898190927433896030540501501482547902271281774442179072462945974261650748639962638831951648937920323173080390105784707427452123455470734816330922626806447042368666171121669135371595546578307573332557330539561920 0 0 0 0 0 0 0 0 0 0 0 0 0 0 0 0 0 0 0 0 0 0 0 0 0 0 0 0 0 0 0 0 0 0 0 0 0 0 0 0 0 0 0 0 0 0 0 0 0 0 0 0 0 1 0 0 0 0 0 0 0 0 0 0 0 0 0 0 0 0 0 0 0 0 0 0 0 0 0 0 0 0 0 0 0 0 0 0 0 0 0 0 0 0 0 0 0 0 0 0 0 0 0 0 0 0 0 0 0 0 0 0]
[7847469187602168385505268767007847218999671788940044864410887858194467459388674100190230933625380026260247225685609930490925608213387432615910327360633136705756466473462979024606427275463778168815747374612598795967896980179750877933765600861085218109681014277306732369005124081722158030950787163318084537462568591804306604415406943739623719 0 0 0 0 0 0 0 0 0 0 0 0 0 0 0 0 0 0 0 0 0 0 0 0 0 0 0 0 0 0 0 0 0 0 0 0 0 0 0 0 0 0 0 0 0 0 0 0 0 0 0 0 0 0 1 0 0 0 0 0 0 0 0 0 0 0 0 0 0 0 0 0 0 0 0 0 0 0 0 0 0 0 0 0 0 0 0 0 0 0 0 0 0 0 0 0 0 0 0 0 0 0 0 0 0 0 0 0 0 0 0 0]
[290176906864350401467576044797927947323337363482845691211570216697888075138654323997587778984111578114326132521666186724146672857915580478932769155456845146873247381241910350020031503426479139779709309740219191678044548703280306372603754205368410699897407778218682042848370381199794123541970959226873331048363556476825630046338847977489178 0 0 0 0 0 0 0 0 0 0 0 0 0 0 0 0 0 0 0 0 0 0 0 0 0 0 0 0 0 0 0 0 0 0 0 0 0 0 0 0 0 0 0 0 0 0 0 0 0 0 0 0 0 0 0 1 0 0 0 0 0 0 0 0 0 0 0 0 0 0 0 0 0 0 0 0 0 0 0 0 0 0 0 0 0 0 0 0 0 0 0 0 0 0 0 0 0 0 0 0 0 0 0 0 0 0 0 0 0 0 0 0]
[5573222799378931613977862462290527538774048594707174319878293552661919361166328924025705601127705875272470861714757643775081505420980505887518919146459789771361012235092753914544156250734296167175904298213043718864603895467936393457533733954899175259057874690132459469306549614588229218247741275048225924906634768665256402763253685435960331 0 0 0 0 0 0 0 0 0 0 0 0 0 0 0 0 0 0 0 0 0 0 0 0 0 0 0 0 0 0 0 0 0 0 0 0 0 0 0 0 0 0 0 0 0 0 0 0 0 0 0 0 0 0 0 0 1 0 0 0 0 0 0 0 0 0 0 0 0 0 0 0 0 0 0 0 0 0 0 0 0 0 0 0 0 0 0 0 0 0 0 0 0 0 0 0 0 0 0 0 0 0 0 0 0 0 0 0 0 0 0 0]
[7431226912573119197238349539771071716418630510548256241273207397196659394391379076619105942832383701539163205479357972342614231375410393082011340333584790944712123464782792623631675386386013011799636920906735290134477814026795938518592855337217487990238792051869088969916226472765555859346573365318891462148113486323501739419334002327440652 0 0 0 0 0 0 0 0 0 0 0 0 0 0 0 0 0 0 0 0 0 0 0 0 0 0 0 0 0 0 0 0 0 0 0 0 0 0 0 0 0 0 0 0 0 0 0 0 0 0 0 0 0 0 0 0 0 1 0 0 0 0 0 0 0 0 0 0 0 0 0 0 0 0 0 0 0 0 0 0 0 0 0 0 0 0 0 0 0 0 0 0 0 0 0 0 0 0 0 0 0 0 0 0 0 0 0 0 0 0 0 0]
[4114818337315975420207081367802462581959163956117300945579405905967870193233850215872684245640189150710304926327032719931767626162921498871831673351033938681577345914456125744071816128399430576545761163327313435753908698592331194833074827539906584008113284730087835642044652129864463823130285562911675778271619758875239220996950747132661497 0 0 0 0 0 0 0 0 0 0 0 0 0 0 0 0 0 0 0 0 0 0 0 0 0 0 0 0 0 0 0 0 0 0 0 0 0 0 0 0 0 0 0 0 0 0 0 0 0 0 0 0 0 0 0 0 0 0 1 0 0 0 0 0 0 0 0 0 0 0 0 0 0 0 0 0 0 0 0 0 0 0 0 0 0 0 0 0 0 0 0 0 0 0 0 0 0 0 0 0 0 0 0 0 0 0 0 0 0 0 0 0]
[5844929880965518287062030845233978691368978550007446844122197335402193929769452187987818626869464936855507121105471121028443010045586327832828946645080171402350580771889583383092717903690538735323166942423197873633383474637824577550588369749974572704332427523923049321870552922301785732282500205371660477080449750318295435572361910234993413 0 0 0 0 0 0 0 0 0 0 0 0 0 0 0 0 0 0 0 0 0 0 0 0 0 0 0 0 0 0 0 0 0 0 0 0 0 0 0 0 0 0 0 0 0 0 0 0 0 0 0 0 0 0 0 0 0 0 0 1 0 0 0 0 0 0 0 0 0 0 0 0 0 0 0 0 0 0 0 0 0 0 0 0 0 0 0 0 0 0 0 0 0 0 0 0 0 0 0 0 0 0 0 0 0 0 0 0 0 0 0 0]
[4548180381508347123900518072598655674127412420361276766493560909980533424691538292550612653141868694813326554876977942416220990677399910769831334343618327466023036468790658748820869043258026932476701074854082592682496328227959499284555347391233086980032751140757919454889726753319801440599451421077894541398542889893513087515164376036463087 0 0 0 0 0 0 0 0 0 0 0 0 0 0 0 0 0 0 0 0 0 0 0 0 0 0 0 0 0 0 0 0 0 0 0 0 0 0 0 0 0 0 0 0 0 0 0 0 0 0 0 0 0 0 0 0 0 0 0 0 1 0 0 0 0 0 0 0 0 0 0 0 0 0 0 0 0 0 0 0 0 0 0 0 0 0 0 0 0 0 0 0 0 0 0 0 0 0 0 0 0 0 0 0 0 0 0 0 0 0 0 0]
[1469777734116049297249951765407934701462192891939978785542239197873792885126673853671576347121637364084859547912468010305441963726115796814809786610306765836038728126214167214694820782132371132034378562935172201201217402424634247316520698683326611891930292110952820732949253751049608404921627283671336227597056166288433509124803415933681880 0 0 0 0 0 0 0 0 0 0 0 0 0 0 0 0 0 0 0 0 0 0 0 0 0 0 0 0 0 0 0 0 0 0 0 0 0 0 0 0 0 0 0 0 0 0 0 0 0 0 0 0 0 0 0 0 0 0 0 0 0 1 0 0 0 0 0 0 0 0 0 0 0 0 0 0 0 0 0 0 0 0 0 0 0 0 0 0 0 0 0 0 0 0 0 0 0 0 0 0 0 0 0 0 0 0 0 0 0 0 0 0]
[164241878729410157192495093895286806076147646547009152131343692679904648356911919436146311619842832551257623704803180892181339641840355621691049180584148840786561716734763448673917327024498890229257036528864078019289799832169770128334290656439795717933709216825761952552956986135159560973338172658553491457766376217651248568942611473449971 0 0 0 0 0 0 0 0 0 0 0 0 0 0 0 0 0 0 0 0 0 0 0 0 0 0 0 0 0 0 0 0 0 0 0 0 0 0 0 0 0 0 0 0 0 0 0 0 0 0 0 0 0 0 0 0 0 0 0 0 0 0 1 0 0 0 0 0 0 0 0 0 0 0 0 0 0 0 0 0 0 0 0 0 0 0 0 0 0 0 0 0 0 0 0 0 0 0 0 0 0 0 0 0 0 0 0 0 0 0 0 0]
[2704810544721410166922519599354695810021164437274129478041044980356033905713776108524689303646853061202328887424373276213284972833524536749508074249781156505862408868387410099244442334953397673256630429863687154975405723691638094198927972823289544541301559863923904327984736310952244672183592543230646084176480142217665751378601872051278145 0 0 0 0 0 0 0 0 0 0 0 0 0 0 0 0 0 0 0 0 0 0 0 0 0 0 0 0 0 0 0 0 0 0 0 0 0 0 0 0 0 0 0 0 0 0 0 0 0 0 0 0 0 0 0 0 0 0 0 0 0 0 0 1 0 0 0 0 0 0 0 0 0 0 0 0 0 0 0 0 0 0 0 0 0 0 0 0 0 0 0 0 0 0 0 0 0 0 0 0 0 0 0 0 0 0 0 0 0 0 0 0]
[5822318386942530141283538288238717233637662129425600498132741360563028197869540449082630535203372784766640291319438056122596852107588121605746873608526539303757648606889179864622233079895004422216862628853913676520609237921156761491366080890168235579755201686305476994932751169478114927000681213464898810985039924792997453659765497159666012 0 0 0 0 0 0 0 0 0 0 0 0 0 0 0 0 0 0 0 0 0 0 0 0 0 0 0 0 0 0 0 0 0 0 0 0 0 0 0 0 0 0 0 0 0 0 0 0 0 0 0 0 0 0 0 0 0 0 0 0 0 0 0 0 1 0 0 0 0 0 0 0 0 0 0 0 0 0 0 0 0 0 0 0 0 0 0 0 0 0 0 0 0 0 0 0 0 0 0 0 0 0 0 0 0 0 0 0 0 0 0 0]
[6346723890437123910391262470422211307928511324805519287430491509737758769005501363357503796545770254963129861651228360484685537426451396009743345106770869166184654294806578530012969474196253275345723167421951212636235861440422178102572874264599185155697300791308715906410539454360922768888048570801186858626573223772746638818473551338220111 0 0 0 0 0 0 0 0 0 0 0 0 0 0 0 0 0 0 0 0 0 0 0 0 0 0 0 0 0 0 0 0 0 0 0 0 0 0 0 0 0 0 0 0 0 0 0 0 0 0 0 0 0 0 0 0 0 0 0 0 0 0 0 0 0 1 0 0 0 0 0 0 0 0 0 0 0 0 0 0 0 0 0 0 0 0 0 0 0 0 0 0 0 0 0 0 0 0 0 0 0 0 0 0 0 0 0 0 0 0 0 0]
[7786007061920775514765141914057894151806748613678485049987095868100637080038406480091420274236658566484672222521813856265300474007768409453342811043399889452785252575273102646931382202813882396780155386004466691162329373510886385720024194476319685989579684143445012334495713505373562925162345354414745876177486479370618604022647955113652603 0 0 0 0 0 0 0 0 0 0 0 0 0 0 0 0 0 0 0 0 0 0 0 0 0 0 0 0 0 0 0 0 0 0 0 0 0 0 0 0 0 0 0 0 0 0 0 0 0 0 0 0 0 0 0 0 0 0 0 0 0 0 0 0 0 0 1 0 0 0 0 0 0 0 0 0 0 0 0 0 0 0 0 0 0 0 0 0 0 0 0 0 0 0 0 0 0 0 0 0 0 0 0 0 0 0 0 0 0 0 0 0]
[4153362516008636093334636237267600000061350469657393423496466966737111718497714922173952207334358835632860063191552106108540940305425566803157687520931545776171041659255786009325632719069352134361368773521462985618520848665326739919479237692179275365587891320920245627513729545705325028176222328213822194668868258105047472887604428882002278 0 0 0 0 0 0 0 0 0 0 0 0 0 0 0 0 0 0 0 0 0 0 0 0 0 0 0 0 0 0 0 0 0 0 0 0 0 0 0 0 0 0 0 0 0 0 0 0 0 0 0 0 0 0 0 0 0 0 0 0 0 0 0 0 0 0 0 1 0 0 0 0 0 0 0 0 0 0 0 0 0 0 0 0 0 0 0 0 0 0 0 0 0 0 0 0 0 0 0 0 0 0 0 0 0 0 0 0 0 0 0 0]
[301481683168567518460153836531174287849157925216373307063130732368910593727641206860051525978271398833423098128826207766521877099101388754110871509410733430015099702621292956214215034640851756973077428830969814551560043360000248033661314576424466790744216527495797021749498407146865946173213006858335312496907479336268939787959422137116130 0 0 0 0 0 0 0 0 0 0 0 0 0 0 0 0 0 0 0 0 0 0 0 0 0 0 0 0 0 0 0 0 0 0 0 0 0 0 0 0 0 0 0 0 0 0 0 0 0 0 0 0 0 0 0 0 0 0 0 0 0 0 0 0 0 0 0 0 1 0 0 0 0 0 0 0 0 0 0 0 0 0 0 0 0 0 0 0 0 0 0 0 0 0 0 0 0 0 0 0 0 0 0 0 0 0 0 0 0 0 0 0]
[705330813589668664807375177499556046981622022369899936910325691789587746163884245863755425127221871117378790478060925444434650409836470996018163959621743459482146306413551960151615680781649749797200192688148251317064321596834241025890296422468490896184271901610354467772784812054155200237047695499797418191763058785732105257289001874413415 0 0 0 0 0 0 0 0 0 0 0 0 0 0 0 0 0 0 0 0 0 0 0 0 0 0 0 0 0 0 0 0 0 0 0 0 0 0 0 0 0 0 0 0 0 0 0 0 0 0 0 0 0 0 0 0 0 0 0 0 0 0 0 0 0 0 0 0 0 1 0 0 0 0 0 0 0 0 0 0 0 0 0 0 0 0 0 0 0 0 0 0 0 0 0 0 0 0 0 0 0 0 0 0 0 0 0 0 0 0 0 0]
[126248120501438686780682567984510865549710495877762650762592952839588649136239725251994928152790917639196474423495707224871975002892896926435489623858209808547711813644144334628748532392087588608808916075901680043466640510510039372263852971718308301312531066219101669594493903671088447321437036751000662831661482715310433118803130235626019 0 0 0 0 0 0 0 0 0 0 0 0 0 0 0 0 0 0 0 0 0 0 0 0 0 0 0 0 0 0 0 0 0 0 0 0 0 0 0 0 0 0 0 0 0 0 0 0 0 0 0 0 0 0 0 0 0 0 0 0 0 0 0 0 0 0 0 0 0 0 1 0 0 0 0 0 0 0 0 0 0 0 0 0 0 0 0 0 0 0 0 0 0 0 0 0 0 0 0 0 0 0 0 0 0 0 0 0 0 0 0 0]
[262635054147505506436690569315269145322070651964380864250858486453343131732440455693034079194865735087645582338109297442841855599279871118470399650253881216521423608472061308027712499082308819814596975207323082738255900683284365151844224660725341474217348790922771614502781072571612977941122520043513418378374301290438414636857505012642747 0 0 0 0 0 0 0 0 0 0 0 0 0 0 0 0 0 0 0 0 0 0 0 0 0 0 0 0 0 0 0 0 0 0 0 0 0 0 0 0 0 0 0 0 0 0 0 0 0 0 0 0 0 0 0 0 0 0 0 0 0 0 0 0 0 0 0 0 0 0 0 1 0 0 0 0 0 0 0 0 0 0 0 0 0 0 0 0 0 0 0 0 0 0 0 0 0 0 0 0 0 0 0 0 0 0 0 0 0 0 0 0]
[870055145176177256746501191076489383291432050056493523256278044695524177364754565439669828780598657736142891282776496292802459348660220036356946649529657067734474976676278192932088458125728267426199179870236148525333121486428530103156668259317239339665183189129416129356954367734539965989437140714465706160638451265372755894140166674172576 0 0 0 0 0 0 0 0 0 0 0 0 0 0 0 0 0 0 0 0 0 0 0 0 0 0 0 0 0 0 0 0 0 0 0 0 0 0 0 0 0 0 0 0 0 0 0 0 0 0 0 0 0 0 0 0 0 0 0 0 0 0 0 0 0 0 0 0 0 0 0 0 1 0 0 0 0 0 0 0 0 0 0 0 0 0 0 0 0 0 0 0 0 0 0 0 0 0 0 0 0 0 0 0 0 0 0 0 0 0 0 0]
[1969418656237467038876633808447479626140974989392325783605170999837075735429935180141586682247887124577342901517139889548829378273285223871972495805559227758621480389118454871834034873542236878312700017795751805788735668747618342289174380680767682415456310727407966144903718285627370471577722964692379300342497202231413132308639961078059588 0 0 0 0 0 0 0 0 0 0 0 0 0 0 0 0 0 0 0 0 0 0 0 0 0 0 0 0 0 0 0 0 0 0 0 0 0 0 0 0 0 0 0 0 0 0 0 0 0 0 0 0 0 0 0 0 0 0 0 0 0 0 0 0 0 0 0 0 0 0 0 0 0 1 0 0 0 0 0 0 0 0 0 0 0 0 0 0 0 0 0 0 0 0 0 0 0 0 0 0 0 0 0 0 0 0 0 0 0 0 0 0]
[328962726071598047524539263139288859481445131365746389581984066999331763194882440140056325652320856422736331108019033713705304472237316852909342795934631248603835371230625553274376675821873244053095556381341502497337333372908110564049830944721636247059792777187914691189708531932514271037714960772686806246784816393465673343601843036557793 0 0 0 0 0 0 0 0 0 0 0 0 0 0 0 0 0 0 0 0 0 0 0 0 0 0 0 0 0 0 0 0 0 0 0 0 0 0 0 0 0 0 0 0 0 0 0 0 0 0 0 0 0 0 0 0 0 0 0 0 0 0 0 0 0 0 0 0 0 0 0 0 0 0 1 0 0 0 0 0 0 0 0 0 0 0 0 0 0 0 0 0 0 0 0 0 0 0 0 0 0 0 0 0 0 0 0 0 0 0 0 0]
[7060101210275412585164456192093933274247720258663158301499040761245161685708641269839169679271980141770907764022978808660780085373325093745194093592705626288793243618914211936137604351375842588305599288720702801416304302571686288148802517332850168631447532761606442271817879508525079270612641948154349605961196773497560715566708087533080946 0 0 0 0 0 0 0 0 0 0 0 0 0 0 0 0 0 0 0 0 0 0 0 0 0 0 0 0 0 0 0 0 0 0 0 0 0 0 0 0 0 0 0 0 0 0 0 0 0 0 0 0 0 0 0 0 0 0 0 0 0 0 0 0 0 0 0 0 0 0 0 0 0 0 0 1 0 0 0 0 0 0 0 0 0 0 0 0 0 0 0 0 0 0 0 0 0 0 0 0 0 0 0 0 0 0 0 0 0 0 0 0]
[7163151520445545605794653835306294092328379908672152554423709600425965871421155925940707301147626504878945977146871667288430893870326792159975897943179456632349126831863308366987324654583578351370699228903910190941984533608083517781992879885927267042806361797995894625916123498932960014030263171219644313751684243481609477984215438158356728 0 0 0 0 0 0 0 0 0 0 0 0 0 0 0 0 0 0 0 0 0 0 0 0 0 0 0 0 0 0 0 0 0 0 0 0 0 0 0 0 0 0 0 0 0 0 0 0 0 0 0 0 0 0 0 0 0 0 0 0 0 0 0 0 0 0 0 0 0 0 0 0 0 0 0 0 1 0 0 0 0 0 0 0 0 0 0 0 0 0 0 0 0 0 0 0 0 0 0 0 0 0 0 0 0 0 0 0 0 0 0 0]
[2997280307799383940849477807694294952766750655487900759617995459354459250497028603964367885776253238506160925467569185515296953000764335936048857113344299421086541817780844448357282368319880977239599375458535948460025988477926835953136834563882053263876951277643207567060799733107284803374481527264826787004625662134271847435410711871770822 0 0 0 0 0 0 0 0 0 0 0 0 0 0 0 0 0 0 0 0 0 0 0 0 0 0 0 0 0 0 0 0 0 0 0 0 0 0 0 0 0 0 0 0 0 0 0 0 0 0 0 0 0 0 0 0 0 0 0 0 0 0 0 0 0 0 0 0 0 0 0 0 0 0 0 0 0 1 0 0 0 0 0 0 0 0 0 0 0 0 0 0 0 0 0 0 0 0 0 0 0 0 0 0 0 0 0 0 0 0 0 0]
[2132650508009742998706642396166207473348915948750867148011652084756999906112948546439886877129869321611622509977269806033925934582011610722772361923277556350218027205498428913886317183375794577895472517948667832778953410547653565504490613077640789255598210476341900303505249966024400008077788633014339272051268934066696778936319526954092202 0 0 0 0 0 0 0 0 0 0 0 0 0 0 0 0 0 0 0 0 0 0 0 0 0 0 0 0 0 0 0 0 0 0 0 0 0 0 0 0 0 0 0 0 0 0 0 0 0 0 0 0 0 0 0 0 0 0 0 0 0 0 0 0 0 0 0 0 0 0 0 0 0 0 0 0 0 0 1 0 0 0 0 0 0 0 0 0 0 0 0 0 0 0 0 0 0 0 0 0 0 0 0 0 0 0 0 0 0 0 0 0]
[6109471498050058057821982464089767070550198364434102132158096849258566013346699880155163068050868715840075121809472983784330204371393298057612434995854872331087154791372543193371079280935468527273433748784375011830578343320878961654220660326659907032533281762177434235906691421112151463356631439250822548918825577756002080778125288337676907 0 0 0 0 0 0 0 0 0 0 0 0 0 0 0 0 0 0 0 0 0 0 0 0 0 0 0 0 0 0 0 0 0 0 0 0 0 0 0 0 0 0 0 0 0 0 0 0 0 0 0 0 0 0 0 0 0 0 0 0 0 0 0 0 0 0 0 0 0 0 0 0 0 0 0 0 0 0 0 1 0 0 0 0 0 0 0 0 0 0 0 0 0 0 0 0 0 0 0 0 0 0 0 0 0 0 0 0 0 0 0 0]
[2082556337044081404184451305417501879864084179138923357189843018415079845718277198542588531909786038136025857603323539306186597019277796135133458922076140600335604940469947942599472953544008938285879679526588478247281139635386393465173619386686670652541567353687564108692633461012213399324058897590894503538236847469364479329807110039052830 0 0 0 0 0 0 0 0 0 0 0 0 0 0 0 0 0 0 0 0 0 0 0 0 0 0 0 0 0 0 0 0 0 0 0 0 0 0 0 0 0 0 0 0 0 0 0 0 0 0 0 0 0 0 0 0 0 0 0 0 0 0 0 0 0 0 0 0 0 0 0 0 0 0 0 0 0 0 0 0 1 0 0 0 0 0 0 0 0 0 0 0 0 0 0 0 0 0 0 0 0 0 0 0 0 0 0 0 0 0 0 0]
[3949491455156745373317700288701366583136088020108959415831050750061534462447792557014871631492821392249232526010731370080151517463038803337999382898989371660538496472333061086237132739303095242865304051851405631491630500775742978939800259524128047674282099975567720682652893081605200920889890332861562536311803418088287356232607384084300797 0 0 0 0 0 0 0 0 0 0 0 0 0 0 0 0 0 0 0 0 0 0 0 0 0 0 0 0 0 0 0 0 0 0 0 0 0 0 0 0 0 0 0 0 0 0 0 0 0 0 0 0 0 0 0 0 0 0 0 0 0 0 0 0 0 0 0 0 0 0 0 0 0 0 0 0 0 0 0 0 0 1 0 0 0 0 0 0 0 0 0 0 0 0 0 0 0 0 0 0 0 0 0 0 0 0 0 0 0 0 0 0]
[946853301880569579425939753084964697580189938063614687101654834648416412409421170460771286920517014034608598995283081835565677381381111893741607876712780991166761996912343112563668753179522635256346785705857353564823322468573331041133362599480580015435690244153850033309816564957251090635781011367289963760460994313130942606929136848087924 0 0 0 0 0 0 0 0 0 0 0 0 0 0 0 0 0 0 0 0 0 0 0 0 0 0 0 0 0 0 0 0 0 0 0 0 0 0 0 0 0 0 0 0 0 0 0 0 0 0 0 0 0 0 0 0 0 0 0 0 0 0 0 0 0 0 0 0 0 0 0 0 0 0 0 0 0 0 0 0 0 0 1 0 0 0 0 0 0 0 0 0 0 0 0 0 0 0 0 0 0 0 0 0 0 0 0 0 0 0 0 0]
[7247050174875303794138875742887893870106326073893674522665243493617255793873753699651655218112971137275579940270965011676371705438786441210602591695348728278022323389006252196769890107442555782815256786944983156443812123879637048783904162747333946897392700373230333918975041252077287404118400769721248519607252357130244889854322190813050058 0 0 0 0 0 0 0 0 0 0 0 0 0 0 0 0 0 0 0 0 0 0 0 0 0 0 0 0 0 0 0 0 0 0 0 0 0 0 0 0 0 0 0 0 0 0 0 0 0 0 0 0 0 0 0 0 0 0 0 0 0 0 0 0 0 0 0 0 0 0 0 0 0 0 0 0 0 0 0 0 0 0 0 1 0 0 0 0 0 0 0 0 0 0 0 0 0 0 0 0 0 0 0 0 0 0 0 0 0 0 0 0]
[4552269072022095539549256088581575964303523056551954468769755608941071600641517530537419773056800525325775132735661965672799584401841723857104170372232499117822576223280973980979267438177163698331949402909174051832459742959605430665522115110724090229952887773659291866073693904671452151634524256830298389284017369174605209672212679878779591 0 0 0 0 0 0 0 0 0 0 0 0 0 0 0 0 0 0 0 0 0 0 0 0 0 0 0 0 0 0 0 0 0 0 0 0 0 0 0 0 0 0 0 0 0 0 0 0 0 0 0 0 0 0 0 0 0 0 0 0 0 0 0 0 0 0 0 0 0 0 0 0 0 0 0 0 0 0 0 0 0 0 0 0 1 0 0 0 0 0 0 0 0 0 0 0 0 0 0 0 0 0 0 0 0 0 0 0 0 0 0 0]
[5918993344917855703557658340243948082978203208674026692111985296274758263274011113913699512954504628038732792548537648455186035591912325430912549368511534886666949057473010868407792998038517610272460849750963732404814551907632785682151785185345162971618358270413636253800168109406843408625770235346843812457983284047426031553253570071886736 0 0 0 0 0 0 0 0 0 0 0 0 0 0 0 0 0 0 0 0 0 0 0 0 0 0 0 0 0 0 0 0 0 0 0 0 0 0 0 0 0 0 0 0 0 0 0 0 0 0 0 0 0 0 0 0 0 0 0 0 0 0 0 0 0 0 0 0 0 0 0 0 0 0 0 0 0 0 0 0 0 0 0 0 0 1 0 0 0 0 0 0 0 0 0 0 0 0 0 0 0 0 0 0 0 0 0 0 0 0 0 0]
[6599087717826803826322692944251249544040252373308647029489954525059471643676314809668859007656211199670637306341735944728250454333431055880161879861503725334963201463610759239321228397991736906665452730530358202683555196825812556489305270998702415178880218418708187366825394733647441305657478363423766041866876929695345060089346849830185851 0 0 0 0 0 0 0 0 0 0 0 0 0 0 0 0 0 0 0 0 0 0 0 0 0 0 0 0 0 0 0 0 0 0 0 0 0 0 0 0 0 0 0 0 0 0 0 0 0 0 0 0 0 0 0 0 0 0 0 0 0 0 0 0 0 0 0 0 0 0 0 0 0 0 0 0 0 0 0 0 0 0 0 0 0 0 1 0 0 0 0 0 0 0 0 0 0 0 0 0 0 0 0 0 0 0 0 0 0 0 0 0]
[6380669034073319799864305533760349249488840124749000265686900284128690746062081542674973899457998332353229445804654352519258365925198076514791590385512996108081901243866659481511801894485345434950070491869210281100993016297015501912333067388108152222296273373292377501373335854795982652408502483528165819004195004294479383633091898699002607 0 0 0 0 0 0 0 0 0 0 0 0 0 0 0 0 0 0 0 0 0 0 0 0 0 0 0 0 0 0 0 0 0 0 0 0 0 0 0 0 0 0 0 0 0 0 0 0 0 0 0 0 0 0 0 0 0 0 0 0 0 0 0 0 0 0 0 0 0 0 0 0 0 0 0 0 0 0 0 0 0 0 0 0 0 0 0 1 0 0 0 0 0 0 0 0 0 0 0 0 0 0 0 0 0 0 0 0 0 0 0 0]
[7638226016345221217454502377479946920473736739478571028733075241999352964095639292218272756174268941936451100107237431348415845809022335809666062360677249888332175229764365321857915413785963538908167375168889427295133057110656951037933411286776993224664647577408217304418769493628214526628364880431826827550823567548825530004506034049387803 0 0 0 0 0 0 0 0 0 0 0 0 0 0 0 0 0 0 0 0 0 0 0 0 0 0 0 0 0 0 0 0 0 0 0 0 0 0 0 0 0 0 0 0 0 0 0 0 0 0 0 0 0 0 0 0 0 0 0 0 0 0 0 0 0 0 0 0 0 0 0 0 0 0 0 0 0 0 0 0 0 0 0 0 0 0 0 0 1 0 0 0 0 0 0 0 0 0 0 0 0 0 0 0 0 0 0 0 0 0 0 0]
[5701024394657490989336096993110269000485059250436187856156939855788816227978940101635643021516666536451803119668429643435860814095649483375538515261872187128455705234094651554962090805876473468608653611255652418094546530348608239498085205963162636506118962561256020689229572089550055285861133067792050086527393790425020916597618790717831381 0 0 0 0 0 0 0 0 0 0 0 0 0 0 0 0 0 0 0 0 0 0 0 0 0 0 0 0 0 0 0 0 0 0 0 0 0 0 0 0 0 0 0 0 0 0 0 0 0 0 0 0 0 0 0 0 0 0 0 0 0 0 0 0 0 0 0 0 0 0 0 0 0 0 0 0 0 0 0 0 0 0 0 0 0 0 0 0 0 1 0 0 0 0 0 0 0 0 0 0 0 0 0 0 0 0 0 0 0 0 0 0]
[2499363931766402355685462565427236304229678142207491770018677790171728740296826699363165068973000648314570297583765442920237838106119845596123777146155848369829674530097393605286049408950631268689658180981550262863046913786888336392265409760702779496300914342617971370964496916839664348546053611276721000492207256626694655004093162726260513 0 0 0 0 0 0 0 0 0 0 0 0 0 0 0 0 0 0 0 0 0 0 0 0 0 0 0 0 0 0 0 0 0 0 0 0 0 0 0 0 0 0 0 0 0 0 0 0 0 0 0 0 0 0 0 0 0 0 0 0 0 0 0 0 0 0 0 0 0 0 0 0 0 0 0 0 0 0 0 0 0 0 0 0 0 0 0 0 0 0 1 0 0 0 0 0 0 0 0 0 0 0 0 0 0 0 0 0 0 0 0 0]
[3961475684308999517125995726322271118186884582660205874077468575521353066738177363358395896095667312541536540901056664305412151769668918590338745917266491634968342587458236788087236377253794928608069881491118861910955721259835926704891441599356089524925492851518585721662618731677698475816030145941803506638924940590855626556601879451915080 0 0 0 0 0 0 0 0 0 0 0 0 0 0 0 0 0 0 0 0 0 0 0 0 0 0 0 0 0 0 0 0 0 0 0 0 0 0 0 0 0 0 0 0 0 0 0 0 0 0 0 0 0 0 0 0 0 0 0 0 0 0 0 0 0 0 0 0 0 0 0 0 0 0 0 0 0 0 0 0 0 0 0 0 0 0 0 0 0 0 0 1 0 0 0 0 0 0 0 0 0 0 0 0 0 0 0 0 0 0 0 0]
[2637135479772737852406637303914059941879023422686898958024249020790431057675703167801804998492941445187002573392720931113180068083286743523829498361554197980892306034644430730229203769634181671588143196990535145205751342143586881641584340917513921291608962280558370189266511384440910423319006734655897795627756888412060394705507851126398124 0 0 0 0 0 0 0 0 0 0 0 0 0 0 0 0 0 0 0 0 0 0 0 0 0 0 0 0 0 0 0 0 0 0 0 0 0 0 0 0 0 0 0 0 0 0 0 0 0 0 0 0 0 0 0 0 0 0 0 0 0 0 0 0 0 0 0 0 0 0 0 0 0 0 0 0 0 0 0 0 0 0 0 0 0 0 0 0 0 0 0 0 1 0 0 0 0 0 0 0 0 0 0 0 0 0 0 0 0 0 0 0]
[2511367051640384671057927399900933939846385452293120049765883182508865448029166891047070769777948756948692539510582594377690299222702246564777458902521810335202391910680219884429802921221097424553947085782347922112942678369381356572803402647806737590839243263089290507837949010461153459401065403958316817702468704671765260340366814070918665 0 0 0 0 0 0 0 0 0 0 0 0 0 0 0 0 0 0 0 0 0 0 0 0 0 0 0 0 0 0 0 0 0 0 0 0 0 0 0 0 0 0 0 0 0 0 0 0 0 0 0 0 0 0 0 0 0 0 0 0 0 0 0 0 0 0 0 0 0 0 0 0 0 0 0 0 0 0 0 0 0 0 0 0 0 0 0 0 0 0 0 0 0 1 0 0 0 0 0 0 0 0 0 0 0 0 0 0 0 0 0 0]
[1574224281973435906428860215456556970172086930648423387421706171221782290642346968116920782027451849434442673802090926863794322539797373025399371846151368579471229037152529818071784565582161562811762547291985551924619366630673710216532793161676799731674733046680959011680654300112536689963655498741349865376708663109575897355695890955205840 0 0 0 0 0 0 0 0 0 0 0 0 0 0 0 0 0 0 0 0 0 0 0 0 0 0 0 0 0 0 0 0 0 0 0 0 0 0 0 0 0 0 0 0 0 0 0 0 0 0 0 0 0 0 0 0 0 0 0 0 0 0 0 0 0 0 0 0 0 0 0 0 0 0 0 0 0 0 0 0 0 0 0 0 0 0 0 0 0 0 0 0 0 0 1 0 0 0 0 0 0 0 0 0 0 0 0 0 0 0 0 0]
[6909291228459465231597123656510495219199310936582146995748000297808398306153110728875578012614414857670844555691982172296045395595206455817964638209775442204375196911224855298226587803053299046023514056251106109833012731357779145152818091853767225634659371861783751543287933285068889656484579208150486499793164572863793178027952726339868021 0 0 0 0 0 0 0 0 0 0 0 0 0 0 0 0 0 0 0 0 0 0 0 0 0 0 0 0 0 0 0 0 0 0 0 0 0 0 0 0 0 0 0 0 0 0 0 0 0 0 0 0 0 0 0 0 0 0 0 0 0 0 0 0 0 0 0 0 0 0 0 0 0 0 0 0 0 0 0 0 0 0 0 0 0 0 0 0 0 0 0 0 0 0 0 1 0 0 0 0 0 0 0 0 0 0 0 0 0 0 0 0]
[3499363938845439384271686111136889436339583472746439455556832562170145078044437545159279399244136355912522417244835146445972255194549632819275135068142552578156146549853511312877332919059246333283755220065356741546153230527449317808481448141627713682067916406312926014727096392799997722404468749635320689881061268813158276692265875813340354 0 0 0 0 0 0 0 0 0 0 0 0 0 0 0 0 0 0 0 0 0 0 0 0 0 0 0 0 0 0 0 0 0 0 0 0 0 0 0 0 0 0 0 0 0 0 0 0 0 0 0 0 0 0 0 0 0 0 0 0 0 0 0 0 0 0 0 0 0 0 0 0 0 0 0 0 0 0 0 0 0 0 0 0 0 0 0 0 0 0 0 0 0 0 0 0 1 0 0 0 0 0 0 0 0 0 0 0 0 0 0 0]
[2633100459564652580626538560939711156444623325282947646996341401700296488550185306552983216039542212163918846845945871593921378337920547170334033630937698164442550716887265446151054478491897482218823511920320658101885818752516922060197070691918086053746484279224988243026297336929700816499868203384880738948990936180619307268290625182030447 0 0 0 0 0 0 0 0 0 0 0 0 0 0 0 0 0 0 0 0 0 0 0 0 0 0 0 0 0 0 0 0 0 0 0 0 0 0 0 0 0 0 0 0 0 0 0 0 0 0 0 0 0 0 0 0 0 0 0 0 0 0 0 0 0 0 0 0 0 0 0 0 0 0 0 0 0 0 0 0 0 0 0 0 0 0 0 0 0 0 0 0 0 0 0 0 0 1 0 0 0 0 0 0 0 0 0 0 0 0 0 0]
[6304229488152556219121306919539604143134901426821086159130793775492791061534792980321843045723183007802096738204357001724643221040920067237237643158995905317718734588114773555546132488479885380707545787181371336914827808150635075817042214212857688622272519403651165772073764132976771696070644657703026286174792097308321096595870607334881865 0 0 0 0 0 0 0 0 0 0 0 0 0 0 0 0 0 0 0 0 0 0 0 0 0 0 0 0 0 0 0 0 0 0 0 0 0 0 0 0 0 0 0 0 0 0 0 0 0 0 0 0 0 0 0 0 0 0 0 0 0 0 0 0 0 0 0 0 0 0 0 0 0 0 0 0 0 0 0 0 0 0 0 0 0 0 0 0 0 0 0 0 0 0 0 0 0 0 1 0 0 0 0 0 0 0 0 0 0 0 0 0]
[5432063912605921547723223374277930843168616392544403025915925178991047461927903654154520596865437079623632664082396307904979888327411158215706093343634495323101260010622551063228870253154075835793186122646713264921413274144158604569052433466349495304768471600643935899081096612576045559518580712998436480485009017974171455070047519140012439 0 0 0 0 0 0 0 0 0 0 0 0 0 0 0 0 0 0 0 0 0 0 0 0 0 0 0 0 0 0 0 0 0 0 0 0 0 0 0 0 0 0 0 0 0 0 0 0 0 0 0 0 0 0 0 0 0 0 0 0 0 0 0 0 0 0 0 0 0 0 0 0 0 0 0 0 0 0 0 0 0 0 0 0 0 0 0 0 0 0 0 0 0 0 0 0 0 0 0 1 0 0 0 0 0 0 0 0 0 0 0 0]
[6109656163290653504147345695537047019670033619304815682421660764200579604337651399894696965710981086656400329102880864476066386575103728264158961750185446715046301029454212141493556598696239299703142832321836820676812961690932480249196522028666161076511861422560797014950994662794944769461544660257047576260198857361019541389333302243670920 0 0 0 0 0 0 0 0 0 0 0 0 0 0 0 0 0 0 0 0 0 0 0 0 0 0 0 0 0 0 0 0 0 0 0 0 0 0 0 0 0 0 0 0 0 0 0 0 0 0 0 0 0 0 0 0 0 0 0 0 0 0 0 0 0 0 0 0 0 0 0 0 0 0 0 0 0 0 0 0 0 0 0 0 0 0 0 0 0 0 0 0 0 0 0 0 0 0 0 0 1 0 0 0 0 0 0 0 0 0 0 0]
[4722137864947495087892700284579033882176195650753970865091145353084108875445563625083267834831007262819242556389677455709836236013673994750851814103197609529969537770171941200036625881398922854039087224603186747625103531358247451212705268158013939496039102701363812725246432419353489316125093066987484466253584057240328787669892048369800389 0 0 0 0 0 0 0 0 0 0 0 0 0 0 0 0 0 0 0 0 0 0 0 0 0 0 0 0 0 0 0 0 0 0 0 0 0 0 0 0 0 0 0 0 0 0 0 0 0 0 0 0 0 0 0 0 0 0 0 0 0 0 0 0 0 0 0 0 0 0 0 0 0 0 0 0 0 0 0 0 0 0 0 0 0 0 0 0 0 0 0 0 0 0 0 0 0 0 0 0 0 1 0 0 0 0 0 0 0 0 0 0]
[348575049504822975274065145022675125245506561526780576397285131753539337052593451362034893255245735439071299021154335694641764264644122218399808991412401680728356765673501463778159073621322766497042585203114034555662541264569225742542944116228950515193563224757770972073433779529714422332451458390878169980480078233357945973479934532164476 0 0 0 0 0 0 0 0 0 0 0 0 0 0 0 0 0 0 0 0 0 0 0 0 0 0 0 0 0 0 0 0 0 0 0 0 0 0 0 0 0 0 0 0 0 0 0 0 0 0 0 0 0 0 0 0 0 0 0 0 0 0 0 0 0 0 0 0 0 0 0 0 0 0 0 0 0 0 0 0 0 0 0 0 0 0 0 0 0 0 0 0 0 0 0 0 0 0 0 0 0 0 1 0 0 0 0 0 0 0 0 0]
[7040814708569377878739319466098905005670713301519239647355656144121349030384926174787598818262532953059856816760063621503790160983702064094088761282611973806833283840780583985843353326179742624937208775140564881137925935979548098821796409742210771684140332889925911869937783813506396904411275982334446677732523909582070646649395955087708411 0 0 0 0 0 0 0 0 0 0 0 0 0 0 0 0 0 0 0 0 0 0 0 0 0 0 0 0 0 0 0 0 0 0 0 0 0 0 0 0 0 0 0 0 0 0 0 0 0 0 0 0 0 0 0 0 0 0 0 0 0 0 0 0 0 0 0 0 0 0 0 0 0 0 0 0 0 0 0 0 0 0 0 0 0 0 0 0 0 0 0 0 0 0 0 0 0 0 0 0 0 0 0 1 0 0 0 0 0 0 0 0]
[2839010468669642584465144280698181968598785683885212423000324148121205788597846146054909687296629471227036466209887132197554285739785886056441915440141590265045043454915520319433374300257007161474716174645500252887730315882045996723822363538700535142688423049408131276529134230678904451032918475464110317259587733949762433772616810704269898 0 0 0 0 0 0 0 0 0 0 0 0 0 0 0 0 0 0 0 0 0 0 0 0 0 0 0 0 0 0 0 0 0 0 0 0 0 0 0 0 0 0 0 0 0 0 0 0 0 0 0 0 0 0 0 0 0 0 0 0 0 0 0 0 0 0 0 0 0 0 0 0 0 0 0 0 0 0 0 0 0 0 0 0 0 0 0 0 0 0 0 0 0 0 0 0 0 0 0 0 0 0 0 0 1 0 0 0 0 0 0 0]
[3391909213339575474819138129555247229272278957866153687199196014101946748503904763856405858493641633719878371099376886551688381428437204234859862134859717136634947268614406868513815601011861797021017274693061745846649875389969134077752156246695964605854912967281947829606306377435951608436759022984580835787601441125520530197970252423133306 0 0 0 0 0 0 0 0 0 0 0 0 0 0 0 0 0 0 0 0 0 0 0 0 0 0 0 0 0 0 0 0 0 0 0 0 0 0 0 0 0 0 0 0 0 0 0 0 0 0 0 0 0 0 0 0 0 0 0 0 0 0 0 0 0 0 0 0 0 0 0 0 0 0 0 0 0 0 0 0 0 0 0 0 0 0 0 0 0 0 0 0 0 0 0 0 0 0 0 0 0 0 0 0 0 1 0 0 0 0 0 0]
[4286033670998608599390680360950665870684526867917249453596937678170752386897379197347186096759352353971413695300863824219205013905409792109838203625079106368253002320380499670602942185354012683928956705121304977399122396408817215343971658942084787793473700909021813358333114819404466274387938225990453189204971320283708010192335121780591226 0 0 0 0 0 0 0 0 0 0 0 0 0 0 0 0 0 0 0 0 0 0 0 0 0 0 0 0 0 0 0 0 0 0 0 0 0 0 0 0 0 0 0 0 0 0 0 0 0 0 0 0 0 0 0 0 0 0 0 0 0 0 0 0 0 0 0 0 0 0 0 0 0 0 0 0 0 0 0 0 0 0 0 0 0 0 0 0 0 0 0 0 0 0 0 0 0 0 0 0 0 0 0 0 0 0 1 0 0 0 0 0]
[5816814387677306081533143899007787549101021510212663609150335478569200530574966179617659947353290987620219780462396971135209906179441883727684351438981800318549704991474247376458874196407280799941461881137482827939293760031401419582790832146514793003995103918202114988098268460674912250410331326167989091015681777711007623613495070172159074 0 0 0 0 0 0 0 0 0 0 0 0 0 0 0 0 0 0 0 0 0 0 0 0 0 0 0 0 0 0 0 0 0 0 0 0 0 0 0 0 0 0 0 0 0 0 0 0 0 0 0 0 0 0 0 0 0 0 0 0 0 0 0 0 0 0 0 0 0 0 0 0 0 0 0 0 0 0 0 0 0 0 0 0 0 0 0 0 0 0 0 0 0 0 0 0 0 0 0 0 0 0 0 0 0 0 0 1 0 0 0 0]
[3989462171578231842212268358694012289738211060946472215414829495840452713730630999954212674693145658095966712438809169230005370558431218479297236774968475318092144772739163558507402300625230406096245610181560901510880124994858328575072618970719712680155842375234185063233284194002401752415839165956747118047453085888929972245233944417808470 0 0 0 0 0 0 0 0 0 0 0 0 0 0 0 0 0 0 0 0 0 0 0 0 0 0 0 0 0 0 0 0 0 0 0 0 0 0 0 0 0 0 0 0 0 0 0 0 0 0 0 0 0 0 0 0 0 0 0 0 0 0 0 0 0 0 0 0 0 0 0 0 0 0 0 0 0 0 0 0 0 0 0 0 0 0 0 0 0 0 0 0 0 0 0 0 0 0 0 0 0 0 0 0 0 0 0 0 1 0 0 0]
[839914476009041197526777354176942410884465565619430087100241004199428788306297923524565990848569077899311333810585963319401666870958117657811607539516287446771432821166349032309409675349726270482649388706813042248646307364990050856032239921014018194430363764552555114167606007532683794826902812613166246276967913311822418017397166200147825 0 0 0 0 0 0 0 0 0 0 0 0 0 0 0 0 0 0 0 0 0 0 0 0 0 0 0 0 0 0 0 0 0 0 0 0 0 0 0 0 0 0 0 0 0 0 0 0 0 0 0 0 0 0 0 0 0 0 0 0 0 0 0 0 0 0 0 0 0 0 0 0 0 0 0 0 0 0 0 0 0 0 0 0 0 0 0 0 0 0 0 0 0 0 0 0 0 0 0 0 0 0 0 0 0 0 0 0 0 1 0 0]
[7222195451094633620915246349699422843033641257686260140384583846266979612829016599053374747867313520924457906839821608990630555005220251043537091777308330825127952050741086191429022282796812402790491266190520809609708488826571455227637464778794129744371691878433312571757787829606815915749203392445059235382009174860223816402095950106578460 0 0 0 0 0 0 0 0 0 0 0 0 0 0 0 0 0 0 0 0 0 0 0 0 0 0 0 0 0 0 0 0 0 0 0 0 0 0 0 0 0 0 0 0 0 0 0 0 0 0 0 0 0 0 0 0 0 0 0 0 0 0 0 0 0 0 0 0 0 0 0 0 0 0 0 0 0 0 0 0 0 0 0 0 0 0 0 0 0 0 0 0 0 0 0 0 0 0 0 0 0 0 0 0 0 0 0 0 0 0 1 0]
[5300569225873956736897233188333276983593767219685974734963762888521598152335191693339842923924126392666023022342190514344327222623454198516674233644106701457505696944960345626159547463854422380194831119237734018456274393936857977861639904566649223510158558164359002159108136252675828742909921771826597866724623096919237262611348635137509458 0 0 0 0 0 0 0 0 0 0 0 0 0 0 0 0 0 0 0 0 0 0 0 0 0 0 0 0 0 0 0 0 0 0 0 0 0 0 0 0 0 0 0 0 0 0 0 0 0 0 0 0 0 0 0 0 0 0 0 0 0 0 0 0 0 0 0 0 0 0 0 0 0 0 0 0 0 0 0 0 0 0 0 0 0 0 0 0 0 0 0 0 0 0 0 0 0 0 0 0 0 0 0 0 0 0 0 0 0 0 0 1]
]
