[[2013792781975631998344150490691143992456057405116339360329611489471932113588920944452060161518238654003639874894173034107270720487 0 0 0 0 0 0 0 0 0 0 0 0 0 0 0 0 0 0 0 0 0 0 0 0 0 0 0 0 0 0 0 0 0 0 0 0 0 0 0 0 0 0]
[1044481130457533356997545755904593425605857273465374055045488151563131962891957690027674480204631214659287721582313615660110709274 1 0 0 0 0 0 0 0 0 0 0 0 0 0 0 0 0 0 0 0 0 0 0 0 0 0 0 0 0 0 0 0 0 0 0 0 0 0 0 0 0 0]
[1774679222762449658585735328121991352781750326133739419118561405103185530700593645136523139146311256460513110654957410663481283309 0 1 0 0 0 0 0 0 0 0 0 0 0 0 0 0 0 0 0 0 0 0 0 0 0 0 0 0 0 0 0 0 0 0 0 0 0 0 0 0 0 0]
[1389594072310625418504845628240543728791936542537082293824772626195413190925963411823030667518280544850363530662525458948523425550 0 0 1 0 0 0 0 0 0 0 0 0 0 0 0 0 0 0 0 0 0 0 0 0 0 0 0 0 0 0 0 0 0 0 0 0 0 0 0 0 0 0]
[1054499085648590715485851454752398613298443557568468754650728227828621285710149947239584210619725750226216795795797770972302899687 0 0 0 1 0 0 0 0 0 0 0 0 0 0 0 0 0 0 0 0 0 0 0 0 0 0 0 0 0 0 0 0 0 0 0 0 0 0 0 0 0 0]
[1028877187863253006300070863841938117910113915218935941198165856845749172484389234417030596469829780296293425124678856668972666487 0 0 0 0 1 0 0 0 0 0 0 0 0 0 0 0 0 0 0 0 0 0 0 0 0 0 0 0 0 0 0 0 0 0 0 0 0 0 0 0 0 0]
[1791114183225172147974424192702845996361621205518894930640611823585632045302927750472810902378894603760254229370708653366488854714 0 0 0 0 0 1 0 0 0 0 0 0 0 0 0 0 0 0 0 0 0 0 0 0 0 0 0 0 0 0 0 0 0 0 0 0 0 0 0 0 0 0]
[96367398719029459762596404147392293853712312531823272309786003933888815342640724231200363631356947436711432634080950145489973631 0 0 0 0 0 0 1 0 0 0 0 0 0 0 0 0 0 0 0 0 0 0 0 0 0 0 0 0 0 0 0 0 0 0 0 0 0 0 0 0 0 0]
[890269559243451030840956017049139862292123096687863896485716194573271551958293089774108643281564531888818052122079078168816691724 0 0 0 0 0 0 0 1 0 0 0 0 0 0 0 0 0 0 0 0 0 0 0 0 0 0 0 0 0 0 0 0 0 0 0 0 0 0 0 0 0 0]
[1297367556758643160268135160709960858395353889002844763591870976215440434737084205622761509741965883077363033959971889051923747700 0 0 0 0 0 0 0 0 1 0 0 0 0 0 0 0 0 0 0 0 0 0 0 0 0 0 0 0 0 0 0 0 0 0 0 0 0 0 0 0 0 0]
[857310878113330854214690834008722855009335268062531588870292710940458114063323101130456368032445735512831512748685782088881283750 0 0 0 0 0 0 0 0 0 1 0 0 0 0 0 0 0 0 0 0 0 0 0 0 0 0 0 0 0 0 0 0 0 0 0 0 0 0 0 0 0 0]
[217014706152069432542794892424730685090882794926527980782136142004087317561322499341826572775154735122458612109721417024110540577 0 0 0 0 0 0 0 0 0 0 1 0 0 0 0 0 0 0 0 0 0 0 0 0 0 0 0 0 0 0 0 0 0 0 0 0 0 0 0 0 0 0]
[1850068270876301688665629868314656541936981721098918583044750032285252683880845465780619977428793864277741519127466168309889160561 0 0 0 0 0 0 0 0 0 0 0 1 0 0 0 0 0 0 0 0 0 0 0 0 0 0 0 0 0 0 0 0 0 0 0 0 0 0 0 0 0 0]
[1827147635042541718468489568848999353726069526331872502091682186454399308337924997153908514204356144750030031382561667491070383611 0 0 0 0 0 0 0 0 0 0 0 0 1 0 0 0 0 0 0 0 0 0 0 0 0 0 0 0 0 0 0 0 0 0 0 0 0 0 0 0 0 0]
[1288314650402278525347959279774290984237802485648353247944135170229866330479994703846597455437883361708483775255566126315071604813 0 0 0 0 0 0 0 0 0 0 0 0 0 1 0 0 0 0 0 0 0 0 0 0 0 0 0 0 0 0 0 0 0 0 0 0 0 0 0 0 0 0]
[1948934442021122545492963491459364084268472026255148097943431707176831642760001277607987754386891401482971140755426783302953097523 0 0 0 0 0 0 0 0 0 0 0 0 0 0 1 0 0 0 0 0 0 0 0 0 0 0 0 0 0 0 0 0 0 0 0 0 0 0 0 0 0 0]
[1177575856227686759079395572217860071274718387142345760480911861645546801569473306354663756579258199920714401674268392351777981858 0 0 0 0 0 0 0 0 0 0 0 0 0 0 0 1 0 0 0 0 0 0 0 0 0 0 0 0 0 0 0 0 0 0 0 0 0 0 0 0 0 0]
[1932021798647036474856906765511784546985664082058506243637434123162132841163531294506370788734825800827135455008940546743707186423 0 0 0 0 0 0 0 0 0 0 0 0 0 0 0 0 1 0 0 0 0 0 0 0 0 0 0 0 0 0 0 0 0 0 0 0 0 0 0 0 0 0]
[102952580830195149694266951297974856491720682241514482599056954133125680097862061264506281564031456057826567694594868157355199005 0 0 0 0 0 0 0 0 0 0 0 0 0 0 0 0 0 1 0 0 0 0 0 0 0 0 0 0 0 0 0 0 0 0 0 0 0 0 0 0 0 0]
[1367273375643259048319849644197201952925726830028538694463559762053913409826488266500893489335292610019508427812535510641067832411 0 0 0 0 0 0 0 0 0 0 0 0 0 0 0 0 0 0 1 0 0 0 0 0 0 0 0 0 0 0 0 0 0 0 0 0 0 0 0 0 0 0]
[1336487573455938371737424386032757703689635289457708668982331227819448235554580454332265926311916174810927961528039577403541113413 0 0 0 0 0 0 0 0 0 0 0 0 0 0 0 0 0 0 0 1 0 0 0 0 0 0 0 0 0 0 0 0 0 0 0 0 0 0 0 0 0 0]
[1596343303925832684850149605430584465943703532979232637617225145752253079338029418889441127444396474814232022061833683106378369498 0 0 0 0 0 0 0 0 0 0 0 0 0 0 0 0 0 0 0 0 1 0 0 0 0 0 0 0 0 0 0 0 0 0 0 0 0 0 0 0 0 0]
[97200862230141945821282039834401902270126477529580483295614416947650348364082888396410630110121415087353381729992374379310123027 0 0 0 0 0 0 0 0 0 0 0 0 0 0 0 0 0 0 0 0 0 1 0 0 0 0 0 0 0 0 0 0 0 0 0 0 0 0 0 0 0 0]
[1031697925240946344496173217097170903222095213980725036510492443934468648791438770429604533308831477970447082519189511733179046510 0 0 0 0 0 0 0 0 0 0 0 0 0 0 0 0 0 0 0 0 0 0 1 0 0 0 0 0 0 0 0 0 0 0 0 0 0 0 0 0 0 0]
[1731226570947514171500636512800077318779166610009505310693486102895472575002948939211200421418722279131482506847285187449064741361 0 0 0 0 0 0 0 0 0 0 0 0 0 0 0 0 0 0 0 0 0 0 0 1 0 0 0 0 0 0 0 0 0 0 0 0 0 0 0 0 0 0]
[1976478839498829883072500347684351345042966031995154935485313178398898573266302315687049728234107483448918583268784760521517922251 0 0 0 0 0 0 0 0 0 0 0 0 0 0 0 0 0 0 0 0 0 0 0 0 1 0 0 0 0 0 0 0 0 0 0 0 0 0 0 0 0 0]
[763822403881136793996155412796853517562835431520293508283289317233713212958550414875186539727898412072890059492146411383123983014 0 0 0 0 0 0 0 0 0 0 0 0 0 0 0 0 0 0 0 0 0 0 0 0 0 1 0 0 0 0 0 0 0 0 0 0 0 0 0 0 0 0]
[264964844739281772129330825188231707267897760612066786231646370792920662284503077121234033504049525768513957365755971780388515785 0 0 0 0 0 0 0 0 0 0 0 0 0 0 0 0 0 0 0 0 0 0 0 0 0 0 1 0 0 0 0 0 0 0 0 0 0 0 0 0 0 0]
[1503506097703159919707780405035481095818674376330753331482490738811313015028773163605758593718482195347767330929654039009949928720 0 0 0 0 0 0 0 0 0 0 0 0 0 0 0 0 0 0 0 0 0 0 0 0 0 0 0 1 0 0 0 0 0 0 0 0 0 0 0 0 0 0]
[1415810442993692008277413243498503806446813276334518476975654018168941080996226911035817575124770944270089008031376563428981484935 0 0 0 0 0 0 0 0 0 0 0 0 0 0 0 0 0 0 0 0 0 0 0 0 0 0 0 0 1 0 0 0 0 0 0 0 0 0 0 0 0 0]
[1240431252586147336029180594603826771710097566029434578172185960227285579216360606060688856039676594454998927095878978058546571018 0 0 0 0 0 0 0 0 0 0 0 0 0 0 0 0 0 0 0 0 0 0 0 0 0 0 0 0 0 1 0 0 0 0 0 0 0 0 0 0 0 0]
[1339014367189260449462182224947578767015559544400356912592227326415271442383838209359400604380501658554281226485431143742313099640 0 0 0 0 0 0 0 0 0 0 0 0 0 0 0 0 0 0 0 0 0 0 0 0 0 0 0 0 0 0 1 0 0 0 0 0 0 0 0 0 0 0]
[312444843124682197389316947583356696736548920792908901968751419189119410716195589093585601220631815511099426689661963033043985563 0 0 0 0 0 0 0 0 0 0 0 0 0 0 0 0 0 0 0 0 0 0 0 0 0 0 0 0 0 0 0 1 0 0 0 0 0 0 0 0 0 0]
[634597604903880558439231724127092623343905090522141628032514407156003760356177023369436802980126376933099308275857892472400341863 0 0 0 0 0 0 0 0 0 0 0 0 0 0 0 0 0 0 0 0 0 0 0 0 0 0 0 0 0 0 0 0 1 0 0 0 0 0 0 0 0 0]
[1833493383901272099079789839049451545464678836239030512699068478485500694869589049241619431947552243000894686855396322887608622959 0 0 0 0 0 0 0 0 0 0 0 0 0 0 0 0 0 0 0 0 0 0 0 0 0 0 0 0 0 0 0 0 0 1 0 0 0 0 0 0 0 0]
[290782655695498028925918348663930075112873022483940142973612722073516234806848538314020706912980506192355133622820790417909805081 0 0 0 0 0 0 0 0 0 0 0 0 0 0 0 0 0 0 0 0 0 0 0 0 0 0 0 0 0 0 0 0 0 0 1 0 0 0 0 0 0 0]
[528699880622021056460757359382287397121524056442201593654045704521046490313837480040807342240592286460992664828519056653690203403 0 0 0 0 0 0 0 0 0 0 0 0 0 0 0 0 0 0 0 0 0 0 0 0 0 0 0 0 0 0 0 0 0 0 0 1 0 0 0 0 0 0]
[1204063768807841853849274037770275508630459635845583737809521027296203708385086695756557489912037574683601405572784556233325289823 0 0 0 0 0 0 0 0 0 0 0 0 0 0 0 0 0 0 0 0 0 0 0 0 0 0 0 0 0 0 0 0 0 0 0 0 1 0 0 0 0 0]
[732654728044726407710187447098105929217613021991292931591685256920921993201048376193669190800793453969732426401328944289290290110 0 0 0 0 0 0 0 0 0 0 0 0 0 0 0 0 0 0 0 0 0 0 0 0 0 0 0 0 0 0 0 0 0 0 0 0 0 1 0 0 0 0]
[1850100292412225773530376162964604558780200671195186769340181048570629909747968624783468441741014298561646374306561941767009011629 0 0 0 0 0 0 0 0 0 0 0 0 0 0 0 0 0 0 0 0 0 0 0 0 0 0 0 0 0 0 0 0 0 0 0 0 0 0 1 0 0 0]
[1768776002287562311838195336387999183102883842799866789468850319119188121305948770267992502571030161303993859098796642527701634049 0 0 0 0 0 0 0 0 0 0 0 0 0 0 0 0 0 0 0 0 0 0 0 0 0 0 0 0 0 0 0 0 0 0 0 0 0 0 0 1 0 0]
[173558974115113543714467412686385923083043450982972796774840559954160573820061346789379037221062868822868140055237662673538272414 0 0 0 0 0 0 0 0 0 0 0 0 0 0 0 0 0 0 0 0 0 0 0 0 0 0 0 0 0 0 0 0 0 0 0 0 0 0 0 0 1 0]
[573399427931629730089242364813971282643320543308752813837064057025944868032638937868823073202063897637216453377087550043719741847 0 0 0 0 0 0 0 0 0 0 0 0 0 0 0 0 0 0 0 0 0 0 0 0 0 0 0 0 0 0 0 0 0 0 0 0 0 0 0 0 0 1]
]
