[[2192353963729031664592862490277785453709680902863296402415146212979641718423457100957891436336725915755926706927628125021660179407 0 0 0 0 0 0 0 0 0 0 0 0 0 0 0 0 0 0 0 0 0 0 0 0 0 0 0 0 0 0 0 0 0 0 0 0 0 0 0 0 0 0]
[999723953230760361484337221601152748874923597844345878510622229643244113117370436615455176467844035633915854286374723590337900556 1 0 0 0 0 0 0 0 0 0 0 0 0 0 0 0 0 0 0 0 0 0 0 0 0 0 0 0 0 0 0 0 0 0 0 0 0 0 0 0 0 0]
[1645663620220190161718548588836498008206021337016716499862477928936098891707829268237857443687831087219720067025030345226558251117 0 1 0 0 0 0 0 0 0 0 0 0 0 0 0 0 0 0 0 0 0 0 0 0 0 0 0 0 0 0 0 0 0 0 0 0 0 0 0 0 0 0]
[523888079525271057222942930199070744138161997786890597740050274919121321041716201509298203456421383181438996671614181466396433110 0 0 1 0 0 0 0 0 0 0 0 0 0 0 0 0 0 0 0 0 0 0 0 0 0 0 0 0 0 0 0 0 0 0 0 0 0 0 0 0 0 0]
[1102571037657800231336194459098512824739871517166390028643049123371638967098221513440865153831115143378917671628374318708087126446 0 0 0 1 0 0 0 0 0 0 0 0 0 0 0 0 0 0 0 0 0 0 0 0 0 0 0 0 0 0 0 0 0 0 0 0 0 0 0 0 0 0]
[1050353653031389038428277881831569069592753849182597734029182776441144793440838024383683985318841393806787816224619172978252032672 0 0 0 0 1 0 0 0 0 0 0 0 0 0 0 0 0 0 0 0 0 0 0 0 0 0 0 0 0 0 0 0 0 0 0 0 0 0 0 0 0 0]
[1700435405449615743644301017648888025103596560175212226117418958767577450341090249049650015262119445421405314403373717677511394197 0 0 0 0 0 1 0 0 0 0 0 0 0 0 0 0 0 0 0 0 0 0 0 0 0 0 0 0 0 0 0 0 0 0 0 0 0 0 0 0 0 0]
[995981977065625483850308531165235749402417067757489473859420608129150863845104840987397356669513184578926297917418908580577538719 0 0 0 0 0 0 1 0 0 0 0 0 0 0 0 0 0 0 0 0 0 0 0 0 0 0 0 0 0 0 0 0 0 0 0 0 0 0 0 0 0 0]
[353800403407692984085664133726931634127462269493387648402900865566783206680476840757998753169292846236058180116112155285809770844 0 0 0 0 0 0 0 1 0 0 0 0 0 0 0 0 0 0 0 0 0 0 0 0 0 0 0 0 0 0 0 0 0 0 0 0 0 0 0 0 0 0]
[1840274288389403906825038520415705573473129116289441225284588155233752997335686517294076924125281871729038647958443097859365078318 0 0 0 0 0 0 0 0 1 0 0 0 0 0 0 0 0 0 0 0 0 0 0 0 0 0 0 0 0 0 0 0 0 0 0 0 0 0 0 0 0 0]
[2150118125020264028866443165135496547866787059780166451301130599252687665145335914077738720608839924788912990760135368098595913335 0 0 0 0 0 0 0 0 0 1 0 0 0 0 0 0 0 0 0 0 0 0 0 0 0 0 0 0 0 0 0 0 0 0 0 0 0 0 0 0 0 0]
[1344374326835077975958578349639649882091871911250543549022238279678149298856639351181321488745748051735562870506509502020352218820 0 0 0 0 0 0 0 0 0 0 1 0 0 0 0 0 0 0 0 0 0 0 0 0 0 0 0 0 0 0 0 0 0 0 0 0 0 0 0 0 0 0]
[1507358631810411900751472696052860679898542180313927352703009404000053942321783539278636338473741103647050574456413106365402416261 0 0 0 0 0 0 0 0 0 0 0 1 0 0 0 0 0 0 0 0 0 0 0 0 0 0 0 0 0 0 0 0 0 0 0 0 0 0 0 0 0 0]
[1809527428787217030520577755692117108196468854748484554819014137123269018780879223801806816151881448293563689952248048153189179144 0 0 0 0 0 0 0 0 0 0 0 0 1 0 0 0 0 0 0 0 0 0 0 0 0 0 0 0 0 0 0 0 0 0 0 0 0 0 0 0 0 0]
[620734240945789772225392695437038148740492219809589493123463069927159421124304359790234617713453439096707685221264037704185900437 0 0 0 0 0 0 0 0 0 0 0 0 0 1 0 0 0 0 0 0 0 0 0 0 0 0 0 0 0 0 0 0 0 0 0 0 0 0 0 0 0 0]
[1545377221329972178847544503686851234592413201155277942907157699195120045543257933829991445158839009080139606597662916921663076424 0 0 0 0 0 0 0 0 0 0 0 0 0 0 1 0 0 0 0 0 0 0 0 0 0 0 0 0 0 0 0 0 0 0 0 0 0 0 0 0 0 0]
[469625150890885711568663144956133157009522256466865005823673760923936194524504134985685241224993076954897738198661943504585557556 0 0 0 0 0 0 0 0 0 0 0 0 0 0 0 1 0 0 0 0 0 0 0 0 0 0 0 0 0 0 0 0 0 0 0 0 0 0 0 0 0 0]
[909875436932052617272402930393624087005884307488571215196298304948765579983862759799063362634975844075286800527089445271763644151 0 0 0 0 0 0 0 0 0 0 0 0 0 0 0 0 1 0 0 0 0 0 0 0 0 0 0 0 0 0 0 0 0 0 0 0 0 0 0 0 0 0]
[1824987942920949454426693862330615894081842389931262344426412673334080891433911229993208508151590764604225590824747644060748243024 0 0 0 0 0 0 0 0 0 0 0 0 0 0 0 0 0 1 0 0 0 0 0 0 0 0 0 0 0 0 0 0 0 0 0 0 0 0 0 0 0 0]
[876781041696834923911365883912491426807920298599613624472573151249702523127644437738198806907897608873655648804726432112002421993 0 0 0 0 0 0 0 0 0 0 0 0 0 0 0 0 0 0 1 0 0 0 0 0 0 0 0 0 0 0 0 0 0 0 0 0 0 0 0 0 0 0]
[737088180867208299922613083394462378959164649483514434797001570013548773621567597654923747251017538563088551604580933075714734926 0 0 0 0 0 0 0 0 0 0 0 0 0 0 0 0 0 0 0 1 0 0 0 0 0 0 0 0 0 0 0 0 0 0 0 0 0 0 0 0 0 0]
[747325006255480961432845075434318830744110945870022252422546279423538189832481172098017057144605883640178138340547642983492788295 0 0 0 0 0 0 0 0 0 0 0 0 0 0 0 0 0 0 0 0 1 0 0 0 0 0 0 0 0 0 0 0 0 0 0 0 0 0 0 0 0 0]
[1831325481638968022528945221238582538253656713096700277004708676297811504268214653550112129096575382175436595832396525945824656330 0 0 0 0 0 0 0 0 0 0 0 0 0 0 0 0 0 0 0 0 0 1 0 0 0 0 0 0 0 0 0 0 0 0 0 0 0 0 0 0 0 0]
[1586108706663903399827776544357651884030109415172078545305205167759937014750718489885541804038862153443256992414191370477154608194 0 0 0 0 0 0 0 0 0 0 0 0 0 0 0 0 0 0 0 0 0 0 1 0 0 0 0 0 0 0 0 0 0 0 0 0 0 0 0 0 0 0]
[993450681861388948247090441158761846314935437513322317883566110212509303166850747580480562874078675513711988027380844558303308203 0 0 0 0 0 0 0 0 0 0 0 0 0 0 0 0 0 0 0 0 0 0 0 1 0 0 0 0 0 0 0 0 0 0 0 0 0 0 0 0 0 0]
[1172125979223135651331561183985290395065225027655321300707664014637184304615004736097810567673665333984859310859556660332607373913 0 0 0 0 0 0 0 0 0 0 0 0 0 0 0 0 0 0 0 0 0 0 0 0 1 0 0 0 0 0 0 0 0 0 0 0 0 0 0 0 0 0]
[2178712083781373636601845724536418061737464507922213593256793124475456398074035251818934354692345687977734329019433784807687787448 0 0 0 0 0 0 0 0 0 0 0 0 0 0 0 0 0 0 0 0 0 0 0 0 0 1 0 0 0 0 0 0 0 0 0 0 0 0 0 0 0 0]
[645962583270632465839251803916344987683459615405291161837084861981635839492957564923128213115401372449395314655213168195992557517 0 0 0 0 0 0 0 0 0 0 0 0 0 0 0 0 0 0 0 0 0 0 0 0 0 0 1 0 0 0 0 0 0 0 0 0 0 0 0 0 0 0]
[997587308965695129596617301786657908956809733326122452234934185480510593104275800665027391074103760012464067605161515907532790138 0 0 0 0 0 0 0 0 0 0 0 0 0 0 0 0 0 0 0 0 0 0 0 0 0 0 0 1 0 0 0 0 0 0 0 0 0 0 0 0 0 0]
[442679836259515894064575109176178992920058175106238969289178383737843320216424035594411824728828310946825408387694098385587567666 0 0 0 0 0 0 0 0 0 0 0 0 0 0 0 0 0 0 0 0 0 0 0 0 0 0 0 0 1 0 0 0 0 0 0 0 0 0 0 0 0 0]
[990426794067191445296483488293107259233774919547467962458455026735846743843811283292057332165117789049423088612646333639730922871 0 0 0 0 0 0 0 0 0 0 0 0 0 0 0 0 0 0 0 0 0 0 0 0 0 0 0 0 0 1 0 0 0 0 0 0 0 0 0 0 0 0]
[52429450629572574309935773321279942392812354843254509115774587551276332870228183369814699710644263489670208903219169139671861815 0 0 0 0 0 0 0 0 0 0 0 0 0 0 0 0 0 0 0 0 0 0 0 0 0 0 0 0 0 0 1 0 0 0 0 0 0 0 0 0 0 0]
[2126894416628181621109508884897106978367565061334850581259681187448552617094350584567898400890974600568658745854755559645743790640 0 0 0 0 0 0 0 0 0 0 0 0 0 0 0 0 0 0 0 0 0 0 0 0 0 0 0 0 0 0 0 1 0 0 0 0 0 0 0 0 0 0]
[1546590605263083890740596251776680947357432971132845330005429342939249077166960004316324645787996099396962329601804990498192331757 0 0 0 0 0 0 0 0 0 0 0 0 0 0 0 0 0 0 0 0 0 0 0 0 0 0 0 0 0 0 0 0 1 0 0 0 0 0 0 0 0 0]
[1261077462016427621800296324369304742279021174999334487414873425811870722975739239872745179743954791662693192171123009767221837050 0 0 0 0 0 0 0 0 0 0 0 0 0 0 0 0 0 0 0 0 0 0 0 0 0 0 0 0 0 0 0 0 0 1 0 0 0 0 0 0 0 0]
[2092310378184679114814126960084823228404265296091351314949277734012289954252268915727920911648106205759723895178807009473182252783 0 0 0 0 0 0 0 0 0 0 0 0 0 0 0 0 0 0 0 0 0 0 0 0 0 0 0 0 0 0 0 0 0 0 1 0 0 0 0 0 0 0]
[1063499499686995552214390909112995505142685514724358691998532620225699360739930055746247503512785147070262066038523374197774867331 0 0 0 0 0 0 0 0 0 0 0 0 0 0 0 0 0 0 0 0 0 0 0 0 0 0 0 0 0 0 0 0 0 0 0 1 0 0 0 0 0 0]
[1926429056765924613077228665926583415740571284765238681393245223052567681231831554726532760752746134736900087753222277324901009408 0 0 0 0 0 0 0 0 0 0 0 0 0 0 0 0 0 0 0 0 0 0 0 0 0 0 0 0 0 0 0 0 0 0 0 0 1 0 0 0 0 0]
[433081241516916230028175946152939547788717752769023707119732760356193206391927415306990769044329900149532212389022471725647823043 0 0 0 0 0 0 0 0 0 0 0 0 0 0 0 0 0 0 0 0 0 0 0 0 0 0 0 0 0 0 0 0 0 0 0 0 0 1 0 0 0 0]
[1128168247439538766904512140098491281508568983676134419767086926207342433830215453663581433106803490072682791676508183400009338237 0 0 0 0 0 0 0 0 0 0 0 0 0 0 0 0 0 0 0 0 0 0 0 0 0 0 0 0 0 0 0 0 0 0 0 0 0 0 1 0 0 0]
[1527885071033998264550523342038122889382311375411295400255330871779711112437785128300051684135634907045053552326674935628307794408 0 0 0 0 0 0 0 0 0 0 0 0 0 0 0 0 0 0 0 0 0 0 0 0 0 0 0 0 0 0 0 0 0 0 0 0 0 0 0 1 0 0]
[1785127121806714728800560640252688705980727158367655694262342964620018113648029236183786586909004367282317876105395379097317971564 0 0 0 0 0 0 0 0 0 0 0 0 0 0 0 0 0 0 0 0 0 0 0 0 0 0 0 0 0 0 0 0 0 0 0 0 0 0 0 0 1 0]
[139350305065483622431822555285877666898390472943984899300072752157134066947513900946677686592038159679504228168301889767218640200 0 0 0 0 0 0 0 0 0 0 0 0 0 0 0 0 0 0 0 0 0 0 0 0 0 0 0 0 0 0 0 0 0 0 0 0 0 0 0 0 0 1]
]
