[[13838014659574401398287137246947577664604812368801232548397873231192101262504464056478200823211429902482968618526665524697823299161130367201337401917179754855717016602447539137114941482995142206953960280468601041583123189050847995395608418713651238847780942718031525021220684592628547310495248453609651327273783521313840554435334097415511748633247937770949 0 0 0 0 0 0 0 0 0 0 0 0 0 0 0 0 0 0 0 0 0 0 0 0 0 0 0 0 0 0 0 0 0 0 0 0 0 0 0 0 0 0 0 0 0 0 0 0 0 0 0 0 0 0 0 0 0 0 0 0 0 0 0 0 0 0 0 0 0 0 0 0 0 0 0 0 0 0 0 0 0 0 0 0 0 0 0 0 0 0 0 0 0 0 0 0 0 0 0 0 0 0 0 0 0 0 0 0 0 0 0 0 0 0 0 0 0]
[8962475238677527140688182640359602992456032258574801786872251191592433528716477650049862283327825840176666141021747320395133866354727584927465829839682188454935010337590299716591463406988070736633258141287686006694643868745062489331793040734067196939639248563192726605447598842694418024918526717728918150668386157519738979860895584447450234302920734832786 1 0 0 0 0 0 0 0 0 0 0 0 0 0 0 0 0 0 0 0 0 0 0 0 0 0 0 0 0 0 0 0 0 0 0 0 0 0 0 0 0 0 0 0 0 0 0 0 0 0 0 0 0 0 0 0 0 0 0 0 0 0 0 0 0 0 0 0 0 0 0 0 0 0 0 0 0 0 0 0 0 0 0 0 0 0 0 0 0 0 0 0 0 0 0 0 0 0 0 0 0 0 0 0 0 0 0 0 0 0 0 0 0 0 0 0 0]
[10168245552288104797403975507184918867655019279490510144701242185531176475526832647633359136801666415508148097532176267455092019398167755373250444054211299022032341213575577610626251356615929863201858757166062339836060904602487417456254349196571299720889542520595843597412663466511525855851655349169789892042747009583574635157503866451914127907904690851875 0 1 0 0 0 0 0 0 0 0 0 0 0 0 0 0 0 0 0 0 0 0 0 0 0 0 0 0 0 0 0 0 0 0 0 0 0 0 0 0 0 0 0 0 0 0 0 0 0 0 0 0 0 0 0 0 0 0 0 0 0 0 0 0 0 0 0 0 0 0 0 0 0 0 0 0 0 0 0 0 0 0 0 0 0 0 0 0 0 0 0 0 0 0 0 0 0 0 0 0 0 0 0 0 0 0 0 0 0 0 0 0 0 0 0 0 0]
[11018192203023280831008566670854754661305327538354421938180365449474942934514206682353649160852372702803324197506279059780154389648703896385978794607051399782925296465714302872859782654580530001862298072986245787627238457592686277425975345239779165689748400114028514132611875730123356318312304033769359855712430071255868131923404889034289293589567706600910 0 0 1 0 0 0 0 0 0 0 0 0 0 0 0 0 0 0 0 0 0 0 0 0 0 0 0 0 0 0 0 0 0 0 0 0 0 0 0 0 0 0 0 0 0 0 0 0 0 0 0 0 0 0 0 0 0 0 0 0 0 0 0 0 0 0 0 0 0 0 0 0 0 0 0 0 0 0 0 0 0 0 0 0 0 0 0 0 0 0 0 0 0 0 0 0 0 0 0 0 0 0 0 0 0 0 0 0 0 0 0 0 0 0 0 0 0]
[4475993799061380845455448132870348507424320710635597340216077769704142743775682338695723203448053959664832259724939071620464082199182357716611053755893528191284247932437264900042518646936535813932597629250890947500508808686153877195190550726973292584987084975494854195642454500418861810678503910310774254634343032611085783880864665109705799480362678764880 0 0 0 1 0 0 0 0 0 0 0 0 0 0 0 0 0 0 0 0 0 0 0 0 0 0 0 0 0 0 0 0 0 0 0 0 0 0 0 0 0 0 0 0 0 0 0 0 0 0 0 0 0 0 0 0 0 0 0 0 0 0 0 0 0 0 0 0 0 0 0 0 0 0 0 0 0 0 0 0 0 0 0 0 0 0 0 0 0 0 0 0 0 0 0 0 0 0 0 0 0 0 0 0 0 0 0 0 0 0 0 0 0 0 0 0 0]
[13691159957133122739533955089214622054643940340022917689831659605759902740247287576412967605431942238730522017169518247516657783142362784362986783363865178766082658013805198390866697858333237189918672699037036051708787437096418714323091102288111677488604465191083647340615575286692955335013471343927723155067454514468192931041713318517894811867643740868615 0 0 0 0 1 0 0 0 0 0 0 0 0 0 0 0 0 0 0 0 0 0 0 0 0 0 0 0 0 0 0 0 0 0 0 0 0 0 0 0 0 0 0 0 0 0 0 0 0 0 0 0 0 0 0 0 0 0 0 0 0 0 0 0 0 0 0 0 0 0 0 0 0 0 0 0 0 0 0 0 0 0 0 0 0 0 0 0 0 0 0 0 0 0 0 0 0 0 0 0 0 0 0 0 0 0 0 0 0 0 0 0 0 0 0 0 0]
[13710725180136726219984629174909056738406841235558726071690180101002570675036202197199282623270461017772355319703558227565233090458914351733082030831862186149290014491953678574707203388637419007174119488866260333356529618354577941213015179147021844611211106171334283074036269954854214171508531941747357916269106424386027353086637177136639602378959357576906 0 0 0 0 0 1 0 0 0 0 0 0 0 0 0 0 0 0 0 0 0 0 0 0 0 0 0 0 0 0 0 0 0 0 0 0 0 0 0 0 0 0 0 0 0 0 0 0 0 0 0 0 0 0 0 0 0 0 0 0 0 0 0 0 0 0 0 0 0 0 0 0 0 0 0 0 0 0 0 0 0 0 0 0 0 0 0 0 0 0 0 0 0 0 0 0 0 0 0 0 0 0 0 0 0 0 0 0 0 0 0 0 0 0 0 0 0]
[11760840196188017309010267109692917497196272935737381374305851118824705188216600903397806675802877490151517420997303207785449735048509623291750844738370013883100150614661363981399380328254743906353736711310576538919557800899498966136917979752869020110672950147849760250700387615881956865294104383730361267157989084962295685514612125572028256372762104643744 0 0 0 0 0 0 1 0 0 0 0 0 0 0 0 0 0 0 0 0 0 0 0 0 0 0 0 0 0 0 0 0 0 0 0 0 0 0 0 0 0 0 0 0 0 0 0 0 0 0 0 0 0 0 0 0 0 0 0 0 0 0 0 0 0 0 0 0 0 0 0 0 0 0 0 0 0 0 0 0 0 0 0 0 0 0 0 0 0 0 0 0 0 0 0 0 0 0 0 0 0 0 0 0 0 0 0 0 0 0 0 0 0 0 0 0 0]
[7789999395590534834803245594323212760984079075893490761625041173633290470055685007269081464117725873925923458347905280675965417501614680609636659319409550270169610084135987058800273363162270537799314704054387870268829198406359107001944417784077712399994167252734931857666278845250997220891490068997906650218982004627704671851486244222842942313843573546739 0 0 0 0 0 0 0 1 0 0 0 0 0 0 0 0 0 0 0 0 0 0 0 0 0 0 0 0 0 0 0 0 0 0 0 0 0 0 0 0 0 0 0 0 0 0 0 0 0 0 0 0 0 0 0 0 0 0 0 0 0 0 0 0 0 0 0 0 0 0 0 0 0 0 0 0 0 0 0 0 0 0 0 0 0 0 0 0 0 0 0 0 0 0 0 0 0 0 0 0 0 0 0 0 0 0 0 0 0 0 0 0 0 0 0 0 0]
[2448137882649259419052030986624182803777290493671420156351710800643045635533936628031157360656307251916398515635047807389411578984311075564491095237922075260212302717073765128761590206495501438810113423401539014597376008335362226227454315592787626677937545462532925351154131197929785813752655360082153443732402390311378513771414371020755434262890693425472 0 0 0 0 0 0 0 0 1 0 0 0 0 0 0 0 0 0 0 0 0 0 0 0 0 0 0 0 0 0 0 0 0 0 0 0 0 0 0 0 0 0 0 0 0 0 0 0 0 0 0 0 0 0 0 0 0 0 0 0 0 0 0 0 0 0 0 0 0 0 0 0 0 0 0 0 0 0 0 0 0 0 0 0 0 0 0 0 0 0 0 0 0 0 0 0 0 0 0 0 0 0 0 0 0 0 0 0 0 0 0 0 0 0 0 0 0]
[3152088845924579879578904576459477271025245357592275040995599701157424630826811650514225303256722935483818169930486711521837489085202363639876598980005416660804692816682439745642220027084839725322490762990451526812939893095166640999866934019767535106966799712041055824224041921807289020328110099347588627477742295410240648221640784006495381205118065082276 0 0 0 0 0 0 0 0 0 1 0 0 0 0 0 0 0 0 0 0 0 0 0 0 0 0 0 0 0 0 0 0 0 0 0 0 0 0 0 0 0 0 0 0 0 0 0 0 0 0 0 0 0 0 0 0 0 0 0 0 0 0 0 0 0 0 0 0 0 0 0 0 0 0 0 0 0 0 0 0 0 0 0 0 0 0 0 0 0 0 0 0 0 0 0 0 0 0 0 0 0 0 0 0 0 0 0 0 0 0 0 0 0 0 0 0 0]
[12771666920816341759492479656332327605344281403358113209486665498705335507568787979716192893271865144410991230645332743492358612913166771511164384703990974370838054434817782070256905674619086666809507892414529765352110919978587701668848832223319790567400655135839192900293239833875308129873913791681399370837012472393823932288824981348915840156510588710358 0 0 0 0 0 0 0 0 0 0 1 0 0 0 0 0 0 0 0 0 0 0 0 0 0 0 0 0 0 0 0 0 0 0 0 0 0 0 0 0 0 0 0 0 0 0 0 0 0 0 0 0 0 0 0 0 0 0 0 0 0 0 0 0 0 0 0 0 0 0 0 0 0 0 0 0 0 0 0 0 0 0 0 0 0 0 0 0 0 0 0 0 0 0 0 0 0 0 0 0 0 0 0 0 0 0 0 0 0 0 0 0 0 0 0 0 0]
[7320039136548997506042326670355830752273373223279170091570643432278097508654230576289281501359749511932196090753792417218895032285183170292125837475020307690874888005643436123327124873542019400954596785316112644834028850433340280898925057900883571755938776779844752313441069426158722485283303003655012443295037973212136865911474974563130635752461940232019 0 0 0 0 0 0 0 0 0 0 0 1 0 0 0 0 0 0 0 0 0 0 0 0 0 0 0 0 0 0 0 0 0 0 0 0 0 0 0 0 0 0 0 0 0 0 0 0 0 0 0 0 0 0 0 0 0 0 0 0 0 0 0 0 0 0 0 0 0 0 0 0 0 0 0 0 0 0 0 0 0 0 0 0 0 0 0 0 0 0 0 0 0 0 0 0 0 0 0 0 0 0 0 0 0 0 0 0 0 0 0 0 0 0 0 0 0]
[5096346374150894641654750486133485335599525230033783803149957303888569493055137188141704534831373050987082693370031302661766252978164909804190703659647047632238397213328201511646699160656662775667101942336996867815350371510415581838583365154725248657360097547371577089115834299435711337592179503532566075872245411089343451387210293621893360522652775478780 0 0 0 0 0 0 0 0 0 0 0 0 1 0 0 0 0 0 0 0 0 0 0 0 0 0 0 0 0 0 0 0 0 0 0 0 0 0 0 0 0 0 0 0 0 0 0 0 0 0 0 0 0 0 0 0 0 0 0 0 0 0 0 0 0 0 0 0 0 0 0 0 0 0 0 0 0 0 0 0 0 0 0 0 0 0 0 0 0 0 0 0 0 0 0 0 0 0 0 0 0 0 0 0 0 0 0 0 0 0 0 0 0 0 0 0 0]
[4306986538210524092165769199973146487430673685009390560868180978832802616319801149171185928245593770196739260520274653604990734912273840827183577107232509098385276738237843413781873353049927082655306072912908167785000041952843686708406245855389828987668727961469128396638300227308390303773926618390056297963116353779024620018085170726075555756968034193816 0 0 0 0 0 0 0 0 0 0 0 0 0 1 0 0 0 0 0 0 0 0 0 0 0 0 0 0 0 0 0 0 0 0 0 0 0 0 0 0 0 0 0 0 0 0 0 0 0 0 0 0 0 0 0 0 0 0 0 0 0 0 0 0 0 0 0 0 0 0 0 0 0 0 0 0 0 0 0 0 0 0 0 0 0 0 0 0 0 0 0 0 0 0 0 0 0 0 0 0 0 0 0 0 0 0 0 0 0 0 0 0 0 0 0 0 0]
[2916554558367026353457664238834214970049530300800805813132842451236475330471480488072862395791980714151226380467336074023243964376838085147566083242692906992819295540570929027642314499458965424701711151438957293656528464968869886913655930803267976733180228044183552189775129314910252431993735433609597714102787925801760036087431802521446281971317494867053 0 0 0 0 0 0 0 0 0 0 0 0 0 0 1 0 0 0 0 0 0 0 0 0 0 0 0 0 0 0 0 0 0 0 0 0 0 0 0 0 0 0 0 0 0 0 0 0 0 0 0 0 0 0 0 0 0 0 0 0 0 0 0 0 0 0 0 0 0 0 0 0 0 0 0 0 0 0 0 0 0 0 0 0 0 0 0 0 0 0 0 0 0 0 0 0 0 0 0 0 0 0 0 0 0 0 0 0 0 0 0 0 0 0 0 0 0]
[9460456576879331733639336057687338354030800138136419330573528799361136384346825933603255771501300795643267607917168612866461411799932377110740552632104293126860545091743108474162603145484311928397739597371276991438788319243027334959894611114291321119362551695910014735990141336264940772266500707617186870681661561251367489582579107133800802101861800721971 0 0 0 0 0 0 0 0 0 0 0 0 0 0 0 1 0 0 0 0 0 0 0 0 0 0 0 0 0 0 0 0 0 0 0 0 0 0 0 0 0 0 0 0 0 0 0 0 0 0 0 0 0 0 0 0 0 0 0 0 0 0 0 0 0 0 0 0 0 0 0 0 0 0 0 0 0 0 0 0 0 0 0 0 0 0 0 0 0 0 0 0 0 0 0 0 0 0 0 0 0 0 0 0 0 0 0 0 0 0 0 0 0 0 0 0 0]
[259705483415966603699559792191003191629214867485293336754369423573635398726784843989149638715827200800002963232503936563488546310196314106467714908372003846861449197369785269760059390681628477520958128031502332956192708254518164949600101372457466269614685349286869661058176304666617851069965335699697613113895481695218547464096260540892398747844823196804 0 0 0 0 0 0 0 0 0 0 0 0 0 0 0 0 1 0 0 0 0 0 0 0 0 0 0 0 0 0 0 0 0 0 0 0 0 0 0 0 0 0 0 0 0 0 0 0 0 0 0 0 0 0 0 0 0 0 0 0 0 0 0 0 0 0 0 0 0 0 0 0 0 0 0 0 0 0 0 0 0 0 0 0 0 0 0 0 0 0 0 0 0 0 0 0 0 0 0 0 0 0 0 0 0 0 0 0 0 0 0 0 0 0 0 0 0]
[12703457091887652501260593111548201356388022028234035639143536329299759113150667663127827464748544812108752746639050813281074704171389838416462833121040676180423390394981821526595923558970846427044599964026300218285313791634858129564143164097116424063244973721479489416268437230043269187928711233437599512287934325203845711125356680499701204715548165138705 0 0 0 0 0 0 0 0 0 0 0 0 0 0 0 0 0 1 0 0 0 0 0 0 0 0 0 0 0 0 0 0 0 0 0 0 0 0 0 0 0 0 0 0 0 0 0 0 0 0 0 0 0 0 0 0 0 0 0 0 0 0 0 0 0 0 0 0 0 0 0 0 0 0 0 0 0 0 0 0 0 0 0 0 0 0 0 0 0 0 0 0 0 0 0 0 0 0 0 0 0 0 0 0 0 0 0 0 0 0 0 0 0 0 0 0 0]
[2619132608968285339571597566744941088449959160432685625762071053949564669306894340635466849230485937751506662204656981361236258573271126424947914027477395055890175489626245099054722613455714049085966542034161526690871057519928278450166459189006993582182120641384884341551104801395959393232177908228338829782898058421257903889755733833538681477208329310080 0 0 0 0 0 0 0 0 0 0 0 0 0 0 0 0 0 0 1 0 0 0 0 0 0 0 0 0 0 0 0 0 0 0 0 0 0 0 0 0 0 0 0 0 0 0 0 0 0 0 0 0 0 0 0 0 0 0 0 0 0 0 0 0 0 0 0 0 0 0 0 0 0 0 0 0 0 0 0 0 0 0 0 0 0 0 0 0 0 0 0 0 0 0 0 0 0 0 0 0 0 0 0 0 0 0 0 0 0 0 0 0 0 0 0 0 0]
[883243233962999798185731154924387991722635877403651539547746171975728436897065866265356508356218768587011082106634209938225273230863431742854918730161711167626006625243668427005019779894129183485616903272579535315478666139024539086561579196512538392958047832556128573503347237849750265627643256476867322500566670285921999142665412854781232758346497359789 0 0 0 0 0 0 0 0 0 0 0 0 0 0 0 0 0 0 0 1 0 0 0 0 0 0 0 0 0 0 0 0 0 0 0 0 0 0 0 0 0 0 0 0 0 0 0 0 0 0 0 0 0 0 0 0 0 0 0 0 0 0 0 0 0 0 0 0 0 0 0 0 0 0 0 0 0 0 0 0 0 0 0 0 0 0 0 0 0 0 0 0 0 0 0 0 0 0 0 0 0 0 0 0 0 0 0 0 0 0 0 0 0 0 0 0 0]
[13672257587316661012660966884592962539474911510776386143059379984145881867023878003243469194008846866865261884367961049960356444922626936562112915966425232825775950255230511936436608175027719236147521027526959205560389612786906107252037166532494052126294685279752400904131620863478031729487148700112189720919910180854442867590674315174893345143576242233547 0 0 0 0 0 0 0 0 0 0 0 0 0 0 0 0 0 0 0 0 1 0 0 0 0 0 0 0 0 0 0 0 0 0 0 0 0 0 0 0 0 0 0 0 0 0 0 0 0 0 0 0 0 0 0 0 0 0 0 0 0 0 0 0 0 0 0 0 0 0 0 0 0 0 0 0 0 0 0 0 0 0 0 0 0 0 0 0 0 0 0 0 0 0 0 0 0 0 0 0 0 0 0 0 0 0 0 0 0 0 0 0 0 0 0 0 0]
[10297840559368715324506004484738747842706613428475067742669444184612706938548524943620679638869526641547983792066782690146769362863715283801792263816873245766757280322640363388739130558047987480690071787280782374281310007612560035049911518499733079128845091001470773316006400895996617525342381075311835254042279542623297500899355586339452674503681878050161 0 0 0 0 0 0 0 0 0 0 0 0 0 0 0 0 0 0 0 0 0 1 0 0 0 0 0 0 0 0 0 0 0 0 0 0 0 0 0 0 0 0 0 0 0 0 0 0 0 0 0 0 0 0 0 0 0 0 0 0 0 0 0 0 0 0 0 0 0 0 0 0 0 0 0 0 0 0 0 0 0 0 0 0 0 0 0 0 0 0 0 0 0 0 0 0 0 0 0 0 0 0 0 0 0 0 0 0 0 0 0 0 0 0 0 0 0]
[2209488949089274909346385376289085613842928017825455814870301247415227434865777182475862396470222055173679213283354244710632326364282785725749551537021635070332411039392916303347393433360951645986643942401350496988555484647906356672514693233497186837803601957278333147624424005260896060832673495742229311008255327465569689932791508893495948377981157962580 0 0 0 0 0 0 0 0 0 0 0 0 0 0 0 0 0 0 0 0 0 0 1 0 0 0 0 0 0 0 0 0 0 0 0 0 0 0 0 0 0 0 0 0 0 0 0 0 0 0 0 0 0 0 0 0 0 0 0 0 0 0 0 0 0 0 0 0 0 0 0 0 0 0 0 0 0 0 0 0 0 0 0 0 0 0 0 0 0 0 0 0 0 0 0 0 0 0 0 0 0 0 0 0 0 0 0 0 0 0 0 0 0 0 0 0 0]
[6472072435189029079676270332216236370243395407007878940842112937194053993579343376430290486145703973020136683031687126097843246169070790755731775007459861729525668624149808274222620592701358380815199735388624988256877978213926899451247162360377330397765596105140012974518539465977500032303612373044017365137611102349491222841174392814150864508882230674255 0 0 0 0 0 0 0 0 0 0 0 0 0 0 0 0 0 0 0 0 0 0 0 1 0 0 0 0 0 0 0 0 0 0 0 0 0 0 0 0 0 0 0 0 0 0 0 0 0 0 0 0 0 0 0 0 0 0 0 0 0 0 0 0 0 0 0 0 0 0 0 0 0 0 0 0 0 0 0 0 0 0 0 0 0 0 0 0 0 0 0 0 0 0 0 0 0 0 0 0 0 0 0 0 0 0 0 0 0 0 0 0 0 0 0 0 0]
[8157600818460781604850354855621797959058435237407214847787665472809124898193657609702323735665724198901198028400145544254927990362968126693657420810671292086981300672040434152726792849635141146474425405035028229751969401902133142977163263030511643110116183280040705780614025140373712465425156580977300558830780393930160833257802172088066845321665637897718 0 0 0 0 0 0 0 0 0 0 0 0 0 0 0 0 0 0 0 0 0 0 0 0 1 0 0 0 0 0 0 0 0 0 0 0 0 0 0 0 0 0 0 0 0 0 0 0 0 0 0 0 0 0 0 0 0 0 0 0 0 0 0 0 0 0 0 0 0 0 0 0 0 0 0 0 0 0 0 0 0 0 0 0 0 0 0 0 0 0 0 0 0 0 0 0 0 0 0 0 0 0 0 0 0 0 0 0 0 0 0 0 0 0 0 0 0]
[11070463332700236082286773465101578893781482478444694320264169670577769872853343616163072085600139088730568419636738716143620113329939763963070152671097502556634468063148815052431045341707623022054362662790413504309288625988476192729933628072320729101260882713603114930858838034429146625758774960356743669446144468150421572350080259960013292531768503748657 0 0 0 0 0 0 0 0 0 0 0 0 0 0 0 0 0 0 0 0 0 0 0 0 0 1 0 0 0 0 0 0 0 0 0 0 0 0 0 0 0 0 0 0 0 0 0 0 0 0 0 0 0 0 0 0 0 0 0 0 0 0 0 0 0 0 0 0 0 0 0 0 0 0 0 0 0 0 0 0 0 0 0 0 0 0 0 0 0 0 0 0 0 0 0 0 0 0 0 0 0 0 0 0 0 0 0 0 0 0 0 0 0 0 0 0 0]
[3128107890146209903485996812541392503197956458345920710894131754477090467573936797598863757927863939179667231484089445858271055296255725184725085625200874673686547926667012467500503270424129524128455783879192031731804976248510865004433313337313984424579762128404997340947274609636668180575077087455693507115876627657729510086192232261332815075550554561252 0 0 0 0 0 0 0 0 0 0 0 0 0 0 0 0 0 0 0 0 0 0 0 0 0 0 1 0 0 0 0 0 0 0 0 0 0 0 0 0 0 0 0 0 0 0 0 0 0 0 0 0 0 0 0 0 0 0 0 0 0 0 0 0 0 0 0 0 0 0 0 0 0 0 0 0 0 0 0 0 0 0 0 0 0 0 0 0 0 0 0 0 0 0 0 0 0 0 0 0 0 0 0 0 0 0 0 0 0 0 0 0 0 0 0 0 0]
[5535656808282709192770546776009692664766387517359145683913157955279418229042158387422709650777473947187245221280532375707739005251663247294393969899542144319639564893188695649459716181748305835838588714598621858949242216684525320957958808252575650692030606764779714670137300886476992695649620807160276882886116594896356870816691300142115433693482582752364 0 0 0 0 0 0 0 0 0 0 0 0 0 0 0 0 0 0 0 0 0 0 0 0 0 0 0 1 0 0 0 0 0 0 0 0 0 0 0 0 0 0 0 0 0 0 0 0 0 0 0 0 0 0 0 0 0 0 0 0 0 0 0 0 0 0 0 0 0 0 0 0 0 0 0 0 0 0 0 0 0 0 0 0 0 0 0 0 0 0 0 0 0 0 0 0 0 0 0 0 0 0 0 0 0 0 0 0 0 0 0 0 0 0 0 0 0]
[11516350682828299605628510786636186802085172348768487266445904932137408188828445154717955807309894091103233302189520749643618386101075867236630128337951785030379094521931891879208704579880551275570675014106229506734633516676762557315796095357095650711229982141089548348666167869854100639273434094373593760251279576271372121379613675247234562520485548407962 0 0 0 0 0 0 0 0 0 0 0 0 0 0 0 0 0 0 0 0 0 0 0 0 0 0 0 0 1 0 0 0 0 0 0 0 0 0 0 0 0 0 0 0 0 0 0 0 0 0 0 0 0 0 0 0 0 0 0 0 0 0 0 0 0 0 0 0 0 0 0 0 0 0 0 0 0 0 0 0 0 0 0 0 0 0 0 0 0 0 0 0 0 0 0 0 0 0 0 0 0 0 0 0 0 0 0 0 0 0 0 0 0 0 0 0 0]
[4750908324190528518771200439847943249546431995266839389516655205462685809514010591044846584110935918451969720117188279448430891766426731008669951714371939876967558858584576735135528548295777028982209865451024010664023853740766498823719308603569300245941008637816564475444813765890838199320009983505856885863928482190918508482359967826829093826844270705919 0 0 0 0 0 0 0 0 0 0 0 0 0 0 0 0 0 0 0 0 0 0 0 0 0 0 0 0 0 1 0 0 0 0 0 0 0 0 0 0 0 0 0 0 0 0 0 0 0 0 0 0 0 0 0 0 0 0 0 0 0 0 0 0 0 0 0 0 0 0 0 0 0 0 0 0 0 0 0 0 0 0 0 0 0 0 0 0 0 0 0 0 0 0 0 0 0 0 0 0 0 0 0 0 0 0 0 0 0 0 0 0 0 0 0 0 0]
[2081528226516363832745468408537020529389764814294614913448657405920819691676556309545964030931627758728279625187433403874016039284068137419671956894963740669580896627387488103316238649753539344845443546870548952565490166799033287051213762010728560347258335459655952421570018687972113805585517618813612656111499624556519304067318865913271842208450867958790 0 0 0 0 0 0 0 0 0 0 0 0 0 0 0 0 0 0 0 0 0 0 0 0 0 0 0 0 0 0 1 0 0 0 0 0 0 0 0 0 0 0 0 0 0 0 0 0 0 0 0 0 0 0 0 0 0 0 0 0 0 0 0 0 0 0 0 0 0 0 0 0 0 0 0 0 0 0 0 0 0 0 0 0 0 0 0 0 0 0 0 0 0 0 0 0 0 0 0 0 0 0 0 0 0 0 0 0 0 0 0 0 0 0 0 0 0]
[3864345695142003711874198667281083117639752265841040477343194052521395556820938496903219157669756269139715123971694801015734378577731649446570546067732193452879375378665783574006272405215654157454751735188983025411342186778077704455492837290980892550982618994514407911152781772384680408082017388201321382082668572473620418281377086120391804117994964995540 0 0 0 0 0 0 0 0 0 0 0 0 0 0 0 0 0 0 0 0 0 0 0 0 0 0 0 0 0 0 0 1 0 0 0 0 0 0 0 0 0 0 0 0 0 0 0 0 0 0 0 0 0 0 0 0 0 0 0 0 0 0 0 0 0 0 0 0 0 0 0 0 0 0 0 0 0 0 0 0 0 0 0 0 0 0 0 0 0 0 0 0 0 0 0 0 0 0 0 0 0 0 0 0 0 0 0 0 0 0 0 0 0 0 0 0 0]
[13282348561893080770021170038740008557573169536869243925736464090163492331628448405880393950836648885492500765614299472315885656889240009257019839698954159463258497178112101693032116333961960222220679526186831559395147137626332557837889869752972318220616838168236311148448964722880214399243995177923266833631482361122330986403891558726786442164780071347202 0 0 0 0 0 0 0 0 0 0 0 0 0 0 0 0 0 0 0 0 0 0 0 0 0 0 0 0 0 0 0 0 1 0 0 0 0 0 0 0 0 0 0 0 0 0 0 0 0 0 0 0 0 0 0 0 0 0 0 0 0 0 0 0 0 0 0 0 0 0 0 0 0 0 0 0 0 0 0 0 0 0 0 0 0 0 0 0 0 0 0 0 0 0 0 0 0 0 0 0 0 0 0 0 0 0 0 0 0 0 0 0 0 0 0 0 0]
[5325740199127459410346115212951808456903037924908981414967194884685155081016190826486788484987775967255920670151880979463265652467018913438505546798216322115627347377481469654463929690461667452024317107896764487554488974797294746967382130568331616828704157719246644197810361795416678923134862433218092174490371074441626086522574931464983256862909652290958 0 0 0 0 0 0 0 0 0 0 0 0 0 0 0 0 0 0 0 0 0 0 0 0 0 0 0 0 0 0 0 0 0 1 0 0 0 0 0 0 0 0 0 0 0 0 0 0 0 0 0 0 0 0 0 0 0 0 0 0 0 0 0 0 0 0 0 0 0 0 0 0 0 0 0 0 0 0 0 0 0 0 0 0 0 0 0 0 0 0 0 0 0 0 0 0 0 0 0 0 0 0 0 0 0 0 0 0 0 0 0 0 0 0 0 0 0]
[9598460123061329143252023422091409547451727378675176653920281442369728682518586593833822902322558090368880865803899808933027755944468135989397926778626764870500111917976458601425705148884391362469599345408294631881805985701418904105693192061290845315708694465396222767827644910039951624235509166862756988939461509424608897322933098032987425998545656424320 0 0 0 0 0 0 0 0 0 0 0 0 0 0 0 0 0 0 0 0 0 0 0 0 0 0 0 0 0 0 0 0 0 0 1 0 0 0 0 0 0 0 0 0 0 0 0 0 0 0 0 0 0 0 0 0 0 0 0 0 0 0 0 0 0 0 0 0 0 0 0 0 0 0 0 0 0 0 0 0 0 0 0 0 0 0 0 0 0 0 0 0 0 0 0 0 0 0 0 0 0 0 0 0 0 0 0 0 0 0 0 0 0 0 0 0 0]
[3286647042210078543767263160584960107158343101272570797547376402371009930178910392974068376813672472120287898778324551534934565485022777873058592587438960883876848687927996597257279130195293089046113539261619205456632838526494701568623146962678275433519130829616027588092838784791062674489431631992105121600474655375783147974729297752466602292546187463540 0 0 0 0 0 0 0 0 0 0 0 0 0 0 0 0 0 0 0 0 0 0 0 0 0 0 0 0 0 0 0 0 0 0 0 1 0 0 0 0 0 0 0 0 0 0 0 0 0 0 0 0 0 0 0 0 0 0 0 0 0 0 0 0 0 0 0 0 0 0 0 0 0 0 0 0 0 0 0 0 0 0 0 0 0 0 0 0 0 0 0 0 0 0 0 0 0 0 0 0 0 0 0 0 0 0 0 0 0 0 0 0 0 0 0 0 0]
[1552435274661348368572451889728984172892770679579647567225186789785217141740844777255336348351675361883693044531398036860107685266709199830139269628417481463224131893648929368036327709907905242726966780286218515125151376245788132301975550998709246392693321433259598729702485622960360105185172733947991993384775601845157480056952747419776473481399110232290 0 0 0 0 0 0 0 0 0 0 0 0 0 0 0 0 0 0 0 0 0 0 0 0 0 0 0 0 0 0 0 0 0 0 0 0 1 0 0 0 0 0 0 0 0 0 0 0 0 0 0 0 0 0 0 0 0 0 0 0 0 0 0 0 0 0 0 0 0 0 0 0 0 0 0 0 0 0 0 0 0 0 0 0 0 0 0 0 0 0 0 0 0 0 0 0 0 0 0 0 0 0 0 0 0 0 0 0 0 0 0 0 0 0 0 0 0]
[3231820084036352365395108961466218905788764982150515571973350913066646776157306236641662792744359312623951744528954117554243025686189308817469562902539769818069048081768005095401650193452838788801178196704665547413625947528573608573574320069187691352304856164964322429528224290021659825640378315209284251077144883165845671673543939676682566198766922561993 0 0 0 0 0 0 0 0 0 0 0 0 0 0 0 0 0 0 0 0 0 0 0 0 0 0 0 0 0 0 0 0 0 0 0 0 0 1 0 0 0 0 0 0 0 0 0 0 0 0 0 0 0 0 0 0 0 0 0 0 0 0 0 0 0 0 0 0 0 0 0 0 0 0 0 0 0 0 0 0 0 0 0 0 0 0 0 0 0 0 0 0 0 0 0 0 0 0 0 0 0 0 0 0 0 0 0 0 0 0 0 0 0 0 0 0 0]
[3515588798856583727731147356234167114983826051209086420484987368296666299729549108092694330974730507423622012441477428602180913169641617677735141064329381104299663750951126994731209623733691131631461194934710723131382775415106318709676242778202108303346102012821827128473191149250221208171850284733334129810062023178416950634086291825347899535222714521349 0 0 0 0 0 0 0 0 0 0 0 0 0 0 0 0 0 0 0 0 0 0 0 0 0 0 0 0 0 0 0 0 0 0 0 0 0 0 1 0 0 0 0 0 0 0 0 0 0 0 0 0 0 0 0 0 0 0 0 0 0 0 0 0 0 0 0 0 0 0 0 0 0 0 0 0 0 0 0 0 0 0 0 0 0 0 0 0 0 0 0 0 0 0 0 0 0 0 0 0 0 0 0 0 0 0 0 0 0 0 0 0 0 0 0 0 0]
[6068231410262075192987937335997750320870489026455264214620925471786501803515353783566980682813124215093710982228709262845350012046136167622500426466829577652311054092058932255229117599017515858007927884971987703246134871778107638177632377997987710979992283315908935300191457987095315081826128968729705542374601352846586185622535872441273717808309116445834 0 0 0 0 0 0 0 0 0 0 0 0 0 0 0 0 0 0 0 0 0 0 0 0 0 0 0 0 0 0 0 0 0 0 0 0 0 0 0 1 0 0 0 0 0 0 0 0 0 0 0 0 0 0 0 0 0 0 0 0 0 0 0 0 0 0 0 0 0 0 0 0 0 0 0 0 0 0 0 0 0 0 0 0 0 0 0 0 0 0 0 0 0 0 0 0 0 0 0 0 0 0 0 0 0 0 0 0 0 0 0 0 0 0 0 0 0]
[5614719235027578522537905168066739803644742827200705302811505357498760281843105678205364806267071177150429928181724595768149100628872433734891945526715792065598638802489862021327213685570252629442883260885694979422185087963752129181428722246876376367324791411300006959847236741225158849269726464702759592081086446041714097080091849151534608384457894425647 0 0 0 0 0 0 0 0 0 0 0 0 0 0 0 0 0 0 0 0 0 0 0 0 0 0 0 0 0 0 0 0 0 0 0 0 0 0 0 0 1 0 0 0 0 0 0 0 0 0 0 0 0 0 0 0 0 0 0 0 0 0 0 0 0 0 0 0 0 0 0 0 0 0 0 0 0 0 0 0 0 0 0 0 0 0 0 0 0 0 0 0 0 0 0 0 0 0 0 0 0 0 0 0 0 0 0 0 0 0 0 0 0 0 0 0 0]
[4093672631904241275334197209002419212564178597048173500818378912480610683967789503396564527317983244777559179051427568808014648587377792196585194518276393182438927900055175492627334056763012864710970757847613938609622530528591612927054744956568321683591366419567344905989186482318436443298182632563267040902648174323579709942953149256282539188074354846314 0 0 0 0 0 0 0 0 0 0 0 0 0 0 0 0 0 0 0 0 0 0 0 0 0 0 0 0 0 0 0 0 0 0 0 0 0 0 0 0 0 1 0 0 0 0 0 0 0 0 0 0 0 0 0 0 0 0 0 0 0 0 0 0 0 0 0 0 0 0 0 0 0 0 0 0 0 0 0 0 0 0 0 0 0 0 0 0 0 0 0 0 0 0 0 0 0 0 0 0 0 0 0 0 0 0 0 0 0 0 0 0 0 0 0 0 0]
[12642700451016709104255118323144160232392747564330545299928130760558765395425600945794837559231789964768754056210340398988291100739123135560493016714799322111944840010922208508867286261019979892091500744416701339154016084336339338490675837995758667938636863901728997953683383137881865110020657572040437654923930884304159859854026129854996293476271730460598 0 0 0 0 0 0 0 0 0 0 0 0 0 0 0 0 0 0 0 0 0 0 0 0 0 0 0 0 0 0 0 0 0 0 0 0 0 0 0 0 0 0 1 0 0 0 0 0 0 0 0 0 0 0 0 0 0 0 0 0 0 0 0 0 0 0 0 0 0 0 0 0 0 0 0 0 0 0 0 0 0 0 0 0 0 0 0 0 0 0 0 0 0 0 0 0 0 0 0 0 0 0 0 0 0 0 0 0 0 0 0 0 0 0 0 0 0]
[8506513317617974578993486210601081160500591052051285442894045469220255579209837366240154232677992043096923046777543225533455065003263310011303823492207156832518395633703596406390472127942074108686393347689107249059168100461459072932652365248912984957632403769381305669659133871878361301110311666685593107675189135358333793915575637242948708720750891786310 0 0 0 0 0 0 0 0 0 0 0 0 0 0 0 0 0 0 0 0 0 0 0 0 0 0 0 0 0 0 0 0 0 0 0 0 0 0 0 0 0 0 0 1 0 0 0 0 0 0 0 0 0 0 0 0 0 0 0 0 0 0 0 0 0 0 0 0 0 0 0 0 0 0 0 0 0 0 0 0 0 0 0 0 0 0 0 0 0 0 0 0 0 0 0 0 0 0 0 0 0 0 0 0 0 0 0 0 0 0 0 0 0 0 0 0 0]
[605445852941784407646350044628427258611672467506202052678366318645386978938091847611925548568674597144926660312391834581554698900559815635374618172776742376839151876853328049340471332799022494897332306799673221589496364188999651813604339661513848607225636207777473639706866051190232219660522858496019030174292048460935624048164561955430756169005212101282 0 0 0 0 0 0 0 0 0 0 0 0 0 0 0 0 0 0 0 0 0 0 0 0 0 0 0 0 0 0 0 0 0 0 0 0 0 0 0 0 0 0 0 0 1 0 0 0 0 0 0 0 0 0 0 0 0 0 0 0 0 0 0 0 0 0 0 0 0 0 0 0 0 0 0 0 0 0 0 0 0 0 0 0 0 0 0 0 0 0 0 0 0 0 0 0 0 0 0 0 0 0 0 0 0 0 0 0 0 0 0 0 0 0 0 0 0]
[6978593799238504936133178271479501369892403501666875895287869645845679394301774186234129287235321711163371181700461751159904566472921409162146921600598813723729298843619914590261681735842264055296660963991590951338629409401166554865617858148061242174616241122132717956759087626601484559034058651019387288643735273723740466252932667746810782919485332600566 0 0 0 0 0 0 0 0 0 0 0 0 0 0 0 0 0 0 0 0 0 0 0 0 0 0 0 0 0 0 0 0 0 0 0 0 0 0 0 0 0 0 0 0 0 1 0 0 0 0 0 0 0 0 0 0 0 0 0 0 0 0 0 0 0 0 0 0 0 0 0 0 0 0 0 0 0 0 0 0 0 0 0 0 0 0 0 0 0 0 0 0 0 0 0 0 0 0 0 0 0 0 0 0 0 0 0 0 0 0 0 0 0 0 0 0 0]
[1590590301520173454077495816258369802885001668883536265067737205474275011592174738302647928544865448781764829264131296847252487368901568644919974153507950555094147377484666370616511963816727455823687228502272032396705271000534517198712234045965644341276718056639610551732459117771954889645846831086240935067658045547005293055892871790228392544692649350299 0 0 0 0 0 0 0 0 0 0 0 0 0 0 0 0 0 0 0 0 0 0 0 0 0 0 0 0 0 0 0 0 0 0 0 0 0 0 0 0 0 0 0 0 0 0 1 0 0 0 0 0 0 0 0 0 0 0 0 0 0 0 0 0 0 0 0 0 0 0 0 0 0 0 0 0 0 0 0 0 0 0 0 0 0 0 0 0 0 0 0 0 0 0 0 0 0 0 0 0 0 0 0 0 0 0 0 0 0 0 0 0 0 0 0 0 0]
[11019599018034229083293028727673625100828909001729100990196378605552682716286057600956203078893303656290029707541148107727167833137495411419187546597733227348451401599559782563345153985823534793532593005445463255724327221154650749598536691550735503104685989930340624783067138132711740647435604321361647306559854948713888824019646199612484040188558975143864 0 0 0 0 0 0 0 0 0 0 0 0 0 0 0 0 0 0 0 0 0 0 0 0 0 0 0 0 0 0 0 0 0 0 0 0 0 0 0 0 0 0 0 0 0 0 0 1 0 0 0 0 0 0 0 0 0 0 0 0 0 0 0 0 0 0 0 0 0 0 0 0 0 0 0 0 0 0 0 0 0 0 0 0 0 0 0 0 0 0 0 0 0 0 0 0 0 0 0 0 0 0 0 0 0 0 0 0 0 0 0 0 0 0 0 0 0]
[13705358004647998420748322513141551139991211766238294713457045485051466173383101856804180518935459809389035469831379752772145256260901479676070461800550541950332186540113823673163196386455852622378841078114403330144019476190312355472194342078628472911681750302635387530505954435357391866875030652392089215104889467268907128218845694236396074656929485602943 0 0 0 0 0 0 0 0 0 0 0 0 0 0 0 0 0 0 0 0 0 0 0 0 0 0 0 0 0 0 0 0 0 0 0 0 0 0 0 0 0 0 0 0 0 0 0 0 1 0 0 0 0 0 0 0 0 0 0 0 0 0 0 0 0 0 0 0 0 0 0 0 0 0 0 0 0 0 0 0 0 0 0 0 0 0 0 0 0 0 0 0 0 0 0 0 0 0 0 0 0 0 0 0 0 0 0 0 0 0 0 0 0 0 0 0 0]
[4454835938362439597974476130732704460150343194364715945149269556317064250189649660366393130800838855019199704030445809858037326490589368985478594241350517456962826485531389563312215129194839352872015233843791086834023001702743743441508326743610191420827256426857762662650671860617030407606102638377585869885696628942675099477812418851511053267790371586849 0 0 0 0 0 0 0 0 0 0 0 0 0 0 0 0 0 0 0 0 0 0 0 0 0 0 0 0 0 0 0 0 0 0 0 0 0 0 0 0 0 0 0 0 0 0 0 0 0 1 0 0 0 0 0 0 0 0 0 0 0 0 0 0 0 0 0 0 0 0 0 0 0 0 0 0 0 0 0 0 0 0 0 0 0 0 0 0 0 0 0 0 0 0 0 0 0 0 0 0 0 0 0 0 0 0 0 0 0 0 0 0 0 0 0 0 0]
[4886462967027916642768325011870034692126293895049742649167940796321877828390720884559666143223075812016722614279622379208381038464389129753568219779183856710911789931925834200105988929713912502937017519133611640644472054182108804632898245607560556544609527278845856329550517603438361049395529366558694262199259151653990672432230099371649489815496262559877 0 0 0 0 0 0 0 0 0 0 0 0 0 0 0 0 0 0 0 0 0 0 0 0 0 0 0 0 0 0 0 0 0 0 0 0 0 0 0 0 0 0 0 0 0 0 0 0 0 0 1 0 0 0 0 0 0 0 0 0 0 0 0 0 0 0 0 0 0 0 0 0 0 0 0 0 0 0 0 0 0 0 0 0 0 0 0 0 0 0 0 0 0 0 0 0 0 0 0 0 0 0 0 0 0 0 0 0 0 0 0 0 0 0 0 0 0]
[6650265938141813675556334226153772591662386427583176202603698503093575805674134742783928411749838637708416695114475824955179517021155016223369049577340869771404407411125518594621028384016941048425090621434857983223323923034774951860702534786738689059942620938219583957456626968273542982757925734026542992158665717844433056404370253338381547861527753531751 0 0 0 0 0 0 0 0 0 0 0 0 0 0 0 0 0 0 0 0 0 0 0 0 0 0 0 0 0 0 0 0 0 0 0 0 0 0 0 0 0 0 0 0 0 0 0 0 0 0 0 1 0 0 0 0 0 0 0 0 0 0 0 0 0 0 0 0 0 0 0 0 0 0 0 0 0 0 0 0 0 0 0 0 0 0 0 0 0 0 0 0 0 0 0 0 0 0 0 0 0 0 0 0 0 0 0 0 0 0 0 0 0 0 0 0 0]
[6216152594633695208186724522178668912701376205839327386115085313850637077615827512265362321645646618327888018647471838646895994511879929026721759805956974298849233868886703419048087147970054114127415634240745195606230454037608111888672256915564432843157125926105900385453370337954540358062477912280532197454849920697331458434561016455975934246677824987899 0 0 0 0 0 0 0 0 0 0 0 0 0 0 0 0 0 0 0 0 0 0 0 0 0 0 0 0 0 0 0 0 0 0 0 0 0 0 0 0 0 0 0 0 0 0 0 0 0 0 0 0 1 0 0 0 0 0 0 0 0 0 0 0 0 0 0 0 0 0 0 0 0 0 0 0 0 0 0 0 0 0 0 0 0 0 0 0 0 0 0 0 0 0 0 0 0 0 0 0 0 0 0 0 0 0 0 0 0 0 0 0 0 0 0 0 0]
[6968158507642044422894429779363166532567964067883002348640488034708779532866472468473226656167246369321271878590165506464140481539908012953561599550380854579012504715030822321461924433157476370720015830178310091389635287393382963212787683560090627668860786408424559429361658713994557529943130750626451219887476841467050986681408518460472834693334493436252 0 0 0 0 0 0 0 0 0 0 0 0 0 0 0 0 0 0 0 0 0 0 0 0 0 0 0 0 0 0 0 0 0 0 0 0 0 0 0 0 0 0 0 0 0 0 0 0 0 0 0 0 0 1 0 0 0 0 0 0 0 0 0 0 0 0 0 0 0 0 0 0 0 0 0 0 0 0 0 0 0 0 0 0 0 0 0 0 0 0 0 0 0 0 0 0 0 0 0 0 0 0 0 0 0 0 0 0 0 0 0 0 0 0 0 0 0]
[2976519810293366186210543438371174982909065263266098395200879819407699839452988703831071778564581489785156309117876825598771240969886287192760470425868529387603827008144727163160898985396639147409237773342226764379507779424341761704826934779803920580382659675143236486450175130470312994096618058269488598691894289292457097710437461616118541695821707201259 0 0 0 0 0 0 0 0 0 0 0 0 0 0 0 0 0 0 0 0 0 0 0 0 0 0 0 0 0 0 0 0 0 0 0 0 0 0 0 0 0 0 0 0 0 0 0 0 0 0 0 0 0 0 1 0 0 0 0 0 0 0 0 0 0 0 0 0 0 0 0 0 0 0 0 0 0 0 0 0 0 0 0 0 0 0 0 0 0 0 0 0 0 0 0 0 0 0 0 0 0 0 0 0 0 0 0 0 0 0 0 0 0 0 0 0 0]
[331266312594559645560826441513807656484255496122668473805928910389146043234364882295551195697171183206739666022208258812778704786062753925985844061673901888421437729790716252860850620858651445511483279693381541022780981820800551254044289646374028529918675982759104466457954358847199436654855459232261578157888581752262313379544067632221759330116481389928 0 0 0 0 0 0 0 0 0 0 0 0 0 0 0 0 0 0 0 0 0 0 0 0 0 0 0 0 0 0 0 0 0 0 0 0 0 0 0 0 0 0 0 0 0 0 0 0 0 0 0 0 0 0 0 1 0 0 0 0 0 0 0 0 0 0 0 0 0 0 0 0 0 0 0 0 0 0 0 0 0 0 0 0 0 0 0 0 0 0 0 0 0 0 0 0 0 0 0 0 0 0 0 0 0 0 0 0 0 0 0 0 0 0 0 0 0]
[9579843933885626970014022997242062533378409470944391549363242837257579942872628141906683040778727125618485618809412713028020556841183279794111723883068543800924735575373112027583421903961430583938116035273439808677828650230503511735869524934727896471740088934736739479483827158190841275962443442739482018227270386202475292570568004374667605887361451829140 0 0 0 0 0 0 0 0 0 0 0 0 0 0 0 0 0 0 0 0 0 0 0 0 0 0 0 0 0 0 0 0 0 0 0 0 0 0 0 0 0 0 0 0 0 0 0 0 0 0 0 0 0 0 0 0 1 0 0 0 0 0 0 0 0 0 0 0 0 0 0 0 0 0 0 0 0 0 0 0 0 0 0 0 0 0 0 0 0 0 0 0 0 0 0 0 0 0 0 0 0 0 0 0 0 0 0 0 0 0 0 0 0 0 0 0 0]
[8941162532907175657424070270949854871338599381998671478909513079017049053565485324949580671675834414359401564790695031074614590319455304379882220265074342210330694878741092434552775011425637763781368732106287860687616579225011278675999341422496066844272783067089848648738198420772365161449805844650072599952532363602404762375207082681042446948124663433169 0 0 0 0 0 0 0 0 0 0 0 0 0 0 0 0 0 0 0 0 0 0 0 0 0 0 0 0 0 0 0 0 0 0 0 0 0 0 0 0 0 0 0 0 0 0 0 0 0 0 0 0 0 0 0 0 0 1 0 0 0 0 0 0 0 0 0 0 0 0 0 0 0 0 0 0 0 0 0 0 0 0 0 0 0 0 0 0 0 0 0 0 0 0 0 0 0 0 0 0 0 0 0 0 0 0 0 0 0 0 0 0 0 0 0 0 0]
[7723615335948481887090672428227428848374241652337425505418797167905514041766802975554236772441982887393794546242910796428307132416571551527428919864977000977173245825434810551293002922372984472629241142842579983928553480630067601232571607250142005201509881076056758166526840192887519051417493198745366515515541047451780873240171552372498513789340768435532 0 0 0 0 0 0 0 0 0 0 0 0 0 0 0 0 0 0 0 0 0 0 0 0 0 0 0 0 0 0 0 0 0 0 0 0 0 0 0 0 0 0 0 0 0 0 0 0 0 0 0 0 0 0 0 0 0 0 1 0 0 0 0 0 0 0 0 0 0 0 0 0 0 0 0 0 0 0 0 0 0 0 0 0 0 0 0 0 0 0 0 0 0 0 0 0 0 0 0 0 0 0 0 0 0 0 0 0 0 0 0 0 0 0 0 0 0]
[10479955836751743068732069294540021732066739676482622172619794921308595605466785417229422436109226760480542514998661747150218274428449601629797525233654403450716907983557012456091245383150321529435920228097885273097336694928450929998423114449942826877500397543179585068821619658362530242859914788930195662088210095135488553350517492954980161915972828843260 0 0 0 0 0 0 0 0 0 0 0 0 0 0 0 0 0 0 0 0 0 0 0 0 0 0 0 0 0 0 0 0 0 0 0 0 0 0 0 0 0 0 0 0 0 0 0 0 0 0 0 0 0 0 0 0 0 0 0 1 0 0 0 0 0 0 0 0 0 0 0 0 0 0 0 0 0 0 0 0 0 0 0 0 0 0 0 0 0 0 0 0 0 0 0 0 0 0 0 0 0 0 0 0 0 0 0 0 0 0 0 0 0 0 0 0 0]
[5621683081820256308896541404204345935205730324017513095496963766441478210789468249721792570140248043808739527337553705242747025218957303006770695087264895069187092051356206615090019861985777517171626411303815609371854792031176091987511624959814620526707084238830644760897784429970692574346411046592005028014612897962214271058847878387474522759975427647191 0 0 0 0 0 0 0 0 0 0 0 0 0 0 0 0 0 0 0 0 0 0 0 0 0 0 0 0 0 0 0 0 0 0 0 0 0 0 0 0 0 0 0 0 0 0 0 0 0 0 0 0 0 0 0 0 0 0 0 0 1 0 0 0 0 0 0 0 0 0 0 0 0 0 0 0 0 0 0 0 0 0 0 0 0 0 0 0 0 0 0 0 0 0 0 0 0 0 0 0 0 0 0 0 0 0 0 0 0 0 0 0 0 0 0 0 0]
[11755581831737027736412252094184662941795996253265445793962838591189362892109740739808596179281133852512169693904185646565308032934591030474971225865619161959949640578229101991030067737533971276616630835148929461199503418140714267935067326676707749183445993301792532003805589346384413209595123689922154094824002653573137315647475516224189949300860056035448 0 0 0 0 0 0 0 0 0 0 0 0 0 0 0 0 0 0 0 0 0 0 0 0 0 0 0 0 0 0 0 0 0 0 0 0 0 0 0 0 0 0 0 0 0 0 0 0 0 0 0 0 0 0 0 0 0 0 0 0 0 1 0 0 0 0 0 0 0 0 0 0 0 0 0 0 0 0 0 0 0 0 0 0 0 0 0 0 0 0 0 0 0 0 0 0 0 0 0 0 0 0 0 0 0 0 0 0 0 0 0 0 0 0 0 0 0]
[3009641431650596649219436754180555109649369737802330683607484704039993491510624697733644544968369949711350364466234333732363218196414926212921123525689729724087909186288809656177819262227686311643017200475891504324323986912789476724740746427620791251266337692611956274495577143968385527089901351610439860265448785266686812292085694393873032014392794186955 0 0 0 0 0 0 0 0 0 0 0 0 0 0 0 0 0 0 0 0 0 0 0 0 0 0 0 0 0 0 0 0 0 0 0 0 0 0 0 0 0 0 0 0 0 0 0 0 0 0 0 0 0 0 0 0 0 0 0 0 0 0 1 0 0 0 0 0 0 0 0 0 0 0 0 0 0 0 0 0 0 0 0 0 0 0 0 0 0 0 0 0 0 0 0 0 0 0 0 0 0 0 0 0 0 0 0 0 0 0 0 0 0 0 0 0 0]
[7063197634432197846939014133339545839492446330411024390350433361660618083763015271578041131674272837622759076052962939193235820993726961011790409718591617301123480722475084368481101667781293546045718705647387954716946719039213676908465732486066688935927770637679557971162794471103547967719997100735727170799553076127133804964856413140309943628907167014463 0 0 0 0 0 0 0 0 0 0 0 0 0 0 0 0 0 0 0 0 0 0 0 0 0 0 0 0 0 0 0 0 0 0 0 0 0 0 0 0 0 0 0 0 0 0 0 0 0 0 0 0 0 0 0 0 0 0 0 0 0 0 0 1 0 0 0 0 0 0 0 0 0 0 0 0 0 0 0 0 0 0 0 0 0 0 0 0 0 0 0 0 0 0 0 0 0 0 0 0 0 0 0 0 0 0 0 0 0 0 0 0 0 0 0 0 0]
[8547314272596028080756724731414494719779101853018220823165655377085927454142425106596359771334699109040890990571509128043645225151137593483055473095442716316510737421483228563640666324690646309710550177090724529352501623110678406933269490016183308400599356611783075636569603318599960279443855217481042392715559712060929173762686021807259714006343311351392 0 0 0 0 0 0 0 0 0 0 0 0 0 0 0 0 0 0 0 0 0 0 0 0 0 0 0 0 0 0 0 0 0 0 0 0 0 0 0 0 0 0 0 0 0 0 0 0 0 0 0 0 0 0 0 0 0 0 0 0 0 0 0 0 1 0 0 0 0 0 0 0 0 0 0 0 0 0 0 0 0 0 0 0 0 0 0 0 0 0 0 0 0 0 0 0 0 0 0 0 0 0 0 0 0 0 0 0 0 0 0 0 0 0 0 0 0]
[5197497185668778277648863588235703623493546658620860970028805609474910418239993801500376947893787217656408933352989153074812572172134733791610568984623182958010925683280154472980781794276012264520665568977118365171311336153813079721478085397904586834270989650027247853780121603373742938694180839853723538167457244434290621774502193463673501018489445233699 0 0 0 0 0 0 0 0 0 0 0 0 0 0 0 0 0 0 0 0 0 0 0 0 0 0 0 0 0 0 0 0 0 0 0 0 0 0 0 0 0 0 0 0 0 0 0 0 0 0 0 0 0 0 0 0 0 0 0 0 0 0 0 0 0 1 0 0 0 0 0 0 0 0 0 0 0 0 0 0 0 0 0 0 0 0 0 0 0 0 0 0 0 0 0 0 0 0 0 0 0 0 0 0 0 0 0 0 0 0 0 0 0 0 0 0 0]
[12446109190245870744395551317046790354595130783949629046854004541220706836174150574854836197452127777688788186313683770120035548480172262125946523478755489908316825041226236090779294208017354589720050393235837675203070989899220211000185269753267250403916803402641133120177697014564921281601665503840727827663659501599694762819902024222550310215541109021978 0 0 0 0 0 0 0 0 0 0 0 0 0 0 0 0 0 0 0 0 0 0 0 0 0 0 0 0 0 0 0 0 0 0 0 0 0 0 0 0 0 0 0 0 0 0 0 0 0 0 0 0 0 0 0 0 0 0 0 0 0 0 0 0 0 0 1 0 0 0 0 0 0 0 0 0 0 0 0 0 0 0 0 0 0 0 0 0 0 0 0 0 0 0 0 0 0 0 0 0 0 0 0 0 0 0 0 0 0 0 0 0 0 0 0 0 0]
[10010843456629323999421985667545530077086468266593060056161351565259566221146873211011176815012600118068934153134466148517796498497392972724847366092179204720648503705789193659829450490236333985047279312796701140060485364215137464200733448632260488914891425708126645449524844485357907455759929136037328543377259690017301066527551654177152731922580396899435 0 0 0 0 0 0 0 0 0 0 0 0 0 0 0 0 0 0 0 0 0 0 0 0 0 0 0 0 0 0 0 0 0 0 0 0 0 0 0 0 0 0 0 0 0 0 0 0 0 0 0 0 0 0 0 0 0 0 0 0 0 0 0 0 0 0 0 1 0 0 0 0 0 0 0 0 0 0 0 0 0 0 0 0 0 0 0 0 0 0 0 0 0 0 0 0 0 0 0 0 0 0 0 0 0 0 0 0 0 0 0 0 0 0 0 0 0]
[1773741872009427527338548383743353558073551776173133989525634359163328004325215075024501022788936358406503069159474904977781355689410767215277257734609767446384573438335312444077010306601612509921311294078544285895298226937225635903997305257708042512090097046198079621474065350643220178237502951571590524784344790330950567368156779031262917755061189592751 0 0 0 0 0 0 0 0 0 0 0 0 0 0 0 0 0 0 0 0 0 0 0 0 0 0 0 0 0 0 0 0 0 0 0 0 0 0 0 0 0 0 0 0 0 0 0 0 0 0 0 0 0 0 0 0 0 0 0 0 0 0 0 0 0 0 0 0 1 0 0 0 0 0 0 0 0 0 0 0 0 0 0 0 0 0 0 0 0 0 0 0 0 0 0 0 0 0 0 0 0 0 0 0 0 0 0 0 0 0 0 0 0 0 0 0 0]
[6729520629663701705412344877091278966584620497170161637324361125728453015226118645924051633626622426295909022133040740500303546979763090035280763429102865276113320329570978409255181783065607480704261639990464868554179314136934690012433783304719729130487354665542386028791116297009660488695766455358045204479943464624611960039814794294975008575434937378076 0 0 0 0 0 0 0 0 0 0 0 0 0 0 0 0 0 0 0 0 0 0 0 0 0 0 0 0 0 0 0 0 0 0 0 0 0 0 0 0 0 0 0 0 0 0 0 0 0 0 0 0 0 0 0 0 0 0 0 0 0 0 0 0 0 0 0 0 0 1 0 0 0 0 0 0 0 0 0 0 0 0 0 0 0 0 0 0 0 0 0 0 0 0 0 0 0 0 0 0 0 0 0 0 0 0 0 0 0 0 0 0 0 0 0 0 0]
[13151976443562362763137721363650844609220998813415431851035842595276035461726788333795089109316856174966706871470600684063037289847811653429144397863952941981577148341637011976635492813087121959917811008126114277538754906130818687573694931221044504995188397710480257998994405408074997370823465747463603495968268807196706449025661582432188129195850225094169 0 0 0 0 0 0 0 0 0 0 0 0 0 0 0 0 0 0 0 0 0 0 0 0 0 0 0 0 0 0 0 0 0 0 0 0 0 0 0 0 0 0 0 0 0 0 0 0 0 0 0 0 0 0 0 0 0 0 0 0 0 0 0 0 0 0 0 0 0 0 1 0 0 0 0 0 0 0 0 0 0 0 0 0 0 0 0 0 0 0 0 0 0 0 0 0 0 0 0 0 0 0 0 0 0 0 0 0 0 0 0 0 0 0 0 0 0]
[1176455319573066779536645641970266558549694637632285185049871274937025273285115330335848924239271146500127407622593033373931105371779113889965774370844997578758635777498971417915314456317640183891335647300410714235376109964613385568008478068455791709008409426893035575549949250728961881266187932172413184787963613662005947744237311061657684193553588401548 0 0 0 0 0 0 0 0 0 0 0 0 0 0 0 0 0 0 0 0 0 0 0 0 0 0 0 0 0 0 0 0 0 0 0 0 0 0 0 0 0 0 0 0 0 0 0 0 0 0 0 0 0 0 0 0 0 0 0 0 0 0 0 0 0 0 0 0 0 0 0 1 0 0 0 0 0 0 0 0 0 0 0 0 0 0 0 0 0 0 0 0 0 0 0 0 0 0 0 0 0 0 0 0 0 0 0 0 0 0 0 0 0 0 0 0 0]
[12569067103438689754625562454689367395996848311042424324968364505222311649666647323995950105390244996920665415204332081225926012406250685275154685585988889343378264188213628296379110670889427327254449980053316985101295451148145194524813868986924380404562441276086661062840659114393058514345707576405400546146130689202568419172020990976129361490538305823629 0 0 0 0 0 0 0 0 0 0 0 0 0 0 0 0 0 0 0 0 0 0 0 0 0 0 0 0 0 0 0 0 0 0 0 0 0 0 0 0 0 0 0 0 0 0 0 0 0 0 0 0 0 0 0 0 0 0 0 0 0 0 0 0 0 0 0 0 0 0 0 0 1 0 0 0 0 0 0 0 0 0 0 0 0 0 0 0 0 0 0 0 0 0 0 0 0 0 0 0 0 0 0 0 0 0 0 0 0 0 0 0 0 0 0 0 0]
[7086453561291305742645539756360016530381311264486271657107347603831020850410806543365967196666367128691957710636952658581799375467351942665073496985201522570666647465227116938581345341689280905822807685960480304105914041101106216301439594094390383045941517365528892957668046620927136349004921838160445962219792466425635710217337093813702083353909111124526 0 0 0 0 0 0 0 0 0 0 0 0 0 0 0 0 0 0 0 0 0 0 0 0 0 0 0 0 0 0 0 0 0 0 0 0 0 0 0 0 0 0 0 0 0 0 0 0 0 0 0 0 0 0 0 0 0 0 0 0 0 0 0 0 0 0 0 0 0 0 0 0 0 1 0 0 0 0 0 0 0 0 0 0 0 0 0 0 0 0 0 0 0 0 0 0 0 0 0 0 0 0 0 0 0 0 0 0 0 0 0 0 0 0 0 0 0]
[9073678661603946287120865616944887186197764263887573485214390882442861123521668929885554835335928567672922911576804974983437502073785622174369678692507438779342292283990037707894595715407264286239215713706955747195514674444934374219473427827138125844953350438113226516015675551505929231228489702618443732879020689319907907096009542026103849641086919884163 0 0 0 0 0 0 0 0 0 0 0 0 0 0 0 0 0 0 0 0 0 0 0 0 0 0 0 0 0 0 0 0 0 0 0 0 0 0 0 0 0 0 0 0 0 0 0 0 0 0 0 0 0 0 0 0 0 0 0 0 0 0 0 0 0 0 0 0 0 0 0 0 0 0 1 0 0 0 0 0 0 0 0 0 0 0 0 0 0 0 0 0 0 0 0 0 0 0 0 0 0 0 0 0 0 0 0 0 0 0 0 0 0 0 0 0 0]
[2106549796860118688083047717688168251840472008537106730945061666909338081382675235497119575675295105907151601270669743406048838718494027054391869119020296981922482718844614905774625984839048647514845861496931675957184694440361696150772527398227822178681675980423578091301964028334181007677287082036100469932327640787279605286672607411372166581522016290254 0 0 0 0 0 0 0 0 0 0 0 0 0 0 0 0 0 0 0 0 0 0 0 0 0 0 0 0 0 0 0 0 0 0 0 0 0 0 0 0 0 0 0 0 0 0 0 0 0 0 0 0 0 0 0 0 0 0 0 0 0 0 0 0 0 0 0 0 0 0 0 0 0 0 0 1 0 0 0 0 0 0 0 0 0 0 0 0 0 0 0 0 0 0 0 0 0 0 0 0 0 0 0 0 0 0 0 0 0 0 0 0 0 0 0 0 0]
[2991942060126891945838404376140770451632564651626417490616752380903788398037745750552996867885973847962057247866325039811995545373290828693608649692725624437789975126945560179904455614700562340226324949972653648019981680479073908044693471578467903958321636206449833977306500303160537157517953242189202839200484433247879733762175157547830870083380751570746 0 0 0 0 0 0 0 0 0 0 0 0 0 0 0 0 0 0 0 0 0 0 0 0 0 0 0 0 0 0 0 0 0 0 0 0 0 0 0 0 0 0 0 0 0 0 0 0 0 0 0 0 0 0 0 0 0 0 0 0 0 0 0 0 0 0 0 0 0 0 0 0 0 0 0 0 1 0 0 0 0 0 0 0 0 0 0 0 0 0 0 0 0 0 0 0 0 0 0 0 0 0 0 0 0 0 0 0 0 0 0 0 0 0 0 0 0]
[5555862667277118964988033954524391706248031547353769131666143102292269402414874696888058649321257222598352891165428017568328625512170774004651099996616565110282922937282067388971648588142247652658443041886134161269157671165471729621309779932101104701544495254413757896668498987413995590125862038775628352305854930476226098407185303071606294331667440497938 0 0 0 0 0 0 0 0 0 0 0 0 0 0 0 0 0 0 0 0 0 0 0 0 0 0 0 0 0 0 0 0 0 0 0 0 0 0 0 0 0 0 0 0 0 0 0 0 0 0 0 0 0 0 0 0 0 0 0 0 0 0 0 0 0 0 0 0 0 0 0 0 0 0 0 0 0 1 0 0 0 0 0 0 0 0 0 0 0 0 0 0 0 0 0 0 0 0 0 0 0 0 0 0 0 0 0 0 0 0 0 0 0 0 0 0 0]
[10284285961088709342709898640478751162471928348129397750543710286779328926569967272615422310629616552804268915843812196474917895152980058832188876970046766576595748435783861465789658147764508320420154396340291606081015621041470150128008402567832569514239959335235290857620045385768285310689981404142085423141332530783952169329798031811614859078384704662894 0 0 0 0 0 0 0 0 0 0 0 0 0 0 0 0 0 0 0 0 0 0 0 0 0 0 0 0 0 0 0 0 0 0 0 0 0 0 0 0 0 0 0 0 0 0 0 0 0 0 0 0 0 0 0 0 0 0 0 0 0 0 0 0 0 0 0 0 0 0 0 0 0 0 0 0 0 0 1 0 0 0 0 0 0 0 0 0 0 0 0 0 0 0 0 0 0 0 0 0 0 0 0 0 0 0 0 0 0 0 0 0 0 0 0 0 0]
[367024676371327111037911239437141681070108880795870742955096784770963914953079694675095820780851766633944909819511534455366353547315271596109593887176869602412556505467215909710275323714801256823436983663253670621335480716252078789195134279579559604837710594347353651412616264814547290568886358303054986756167594377439178434581564552982208131503289253152 0 0 0 0 0 0 0 0 0 0 0 0 0 0 0 0 0 0 0 0 0 0 0 0 0 0 0 0 0 0 0 0 0 0 0 0 0 0 0 0 0 0 0 0 0 0 0 0 0 0 0 0 0 0 0 0 0 0 0 0 0 0 0 0 0 0 0 0 0 0 0 0 0 0 0 0 0 0 0 1 0 0 0 0 0 0 0 0 0 0 0 0 0 0 0 0 0 0 0 0 0 0 0 0 0 0 0 0 0 0 0 0 0 0 0 0 0]
[1725544047705974253142914908787330931066307902191452491449819832899942363458100626294171183771135981426580910661829669531776355443410252950410032299212236594270872508831782529158374886915663793555441709348578623072961436311524420630831299498264375034608579469345600324693154285006289091263716739372495546349120300401089511899868820519825508118809693606639 0 0 0 0 0 0 0 0 0 0 0 0 0 0 0 0 0 0 0 0 0 0 0 0 0 0 0 0 0 0 0 0 0 0 0 0 0 0 0 0 0 0 0 0 0 0 0 0 0 0 0 0 0 0 0 0 0 0 0 0 0 0 0 0 0 0 0 0 0 0 0 0 0 0 0 0 0 0 0 0 1 0 0 0 0 0 0 0 0 0 0 0 0 0 0 0 0 0 0 0 0 0 0 0 0 0 0 0 0 0 0 0 0 0 0 0 0]
[5918919699825843748998663785890213566250770445992801414725103431121862371100017006979388935463300085323954521675018887845103951965935009527979338228774686239669769283356357836473028592514148444754872818426935366823870782978942528244773737859625151732808325895761233225042178748959981940355958949792104293308310451698103791835356662596766949076945715325143 0 0 0 0 0 0 0 0 0 0 0 0 0 0 0 0 0 0 0 0 0 0 0 0 0 0 0 0 0 0 0 0 0 0 0 0 0 0 0 0 0 0 0 0 0 0 0 0 0 0 0 0 0 0 0 0 0 0 0 0 0 0 0 0 0 0 0 0 0 0 0 0 0 0 0 0 0 0 0 0 0 1 0 0 0 0 0 0 0 0 0 0 0 0 0 0 0 0 0 0 0 0 0 0 0 0 0 0 0 0 0 0 0 0 0 0 0]
[9823267425005181037843710139624935685149814180268918683418460530680890902229241866713865460583812208785671370707260630738387958674967950275266687460706981702559425440644282449299245332507427722987947599696225766388349879020131498755209787965981253371374049137811913215732529905766168792853157048530831320960217826724468737859853627300853509236525261767599 0 0 0 0 0 0 0 0 0 0 0 0 0 0 0 0 0 0 0 0 0 0 0 0 0 0 0 0 0 0 0 0 0 0 0 0 0 0 0 0 0 0 0 0 0 0 0 0 0 0 0 0 0 0 0 0 0 0 0 0 0 0 0 0 0 0 0 0 0 0 0 0 0 0 0 0 0 0 0 0 0 0 1 0 0 0 0 0 0 0 0 0 0 0 0 0 0 0 0 0 0 0 0 0 0 0 0 0 0 0 0 0 0 0 0 0 0]
[10387195622487020826279374129039365145101203326688171953174056678921331358998326425790191431243207313305922995977424169320413443425615148383031391241024870282061806996230591939381954261465989636578798621634254413414531217836884224637540016324870299698353345110580973843679455174200423446232800764546793120013065289837718231836360956832236475349680173498994 0 0 0 0 0 0 0 0 0 0 0 0 0 0 0 0 0 0 0 0 0 0 0 0 0 0 0 0 0 0 0 0 0 0 0 0 0 0 0 0 0 0 0 0 0 0 0 0 0 0 0 0 0 0 0 0 0 0 0 0 0 0 0 0 0 0 0 0 0 0 0 0 0 0 0 0 0 0 0 0 0 0 0 1 0 0 0 0 0 0 0 0 0 0 0 0 0 0 0 0 0 0 0 0 0 0 0 0 0 0 0 0 0 0 0 0 0]
[10009131013536446865548419052637010137612439009644066729947529455979255359798942689354818133552689098669831390289014617231482214099268876662795540414105461282899131924346856849614062499590366042011833043780291497814812098496819159684158425559508469652418199332802394586000277806874218709259964390494285977056427887887426794986757140511242869618835467301178 0 0 0 0 0 0 0 0 0 0 0 0 0 0 0 0 0 0 0 0 0 0 0 0 0 0 0 0 0 0 0 0 0 0 0 0 0 0 0 0 0 0 0 0 0 0 0 0 0 0 0 0 0 0 0 0 0 0 0 0 0 0 0 0 0 0 0 0 0 0 0 0 0 0 0 0 0 0 0 0 0 0 0 0 1 0 0 0 0 0 0 0 0 0 0 0 0 0 0 0 0 0 0 0 0 0 0 0 0 0 0 0 0 0 0 0 0]
[12960646127759804653805915593918618302800695232573188105939551040843669686966154415149644549939179092896290699572313166362447221581320753862642683576112453059134443044119417035749549369270599026084669681547454129700513196169198192811823668939565118587943562681416478950202057327830574716209699748478950062583889924002327109368601042238625337846549729518391 0 0 0 0 0 0 0 0 0 0 0 0 0 0 0 0 0 0 0 0 0 0 0 0 0 0 0 0 0 0 0 0 0 0 0 0 0 0 0 0 0 0 0 0 0 0 0 0 0 0 0 0 0 0 0 0 0 0 0 0 0 0 0 0 0 0 0 0 0 0 0 0 0 0 0 0 0 0 0 0 0 0 0 0 0 1 0 0 0 0 0 0 0 0 0 0 0 0 0 0 0 0 0 0 0 0 0 0 0 0 0 0 0 0 0 0 0]
[8468516590652968729878052554672984033483663374199095148083462966597948824760010887033123913670725779513033474614256595050312043220540790862609810325856437770225153615717866492774554718465613899468528724716302502301061967272041820823109321000179504807680930038616991041860021149620447780049735153734627895192294868460737507743383344058881818062369034221708 0 0 0 0 0 0 0 0 0 0 0 0 0 0 0 0 0 0 0 0 0 0 0 0 0 0 0 0 0 0 0 0 0 0 0 0 0 0 0 0 0 0 0 0 0 0 0 0 0 0 0 0 0 0 0 0 0 0 0 0 0 0 0 0 0 0 0 0 0 0 0 0 0 0 0 0 0 0 0 0 0 0 0 0 0 0 1 0 0 0 0 0 0 0 0 0 0 0 0 0 0 0 0 0 0 0 0 0 0 0 0 0 0 0 0 0 0]
[2623313989365996265310873900901305956298584586989530869573330255335950424021758271891557907036318450840926780010265735722696984186661003541059432660509771139172118806416700144171312259760836236677852969126952225261572021281058824289192565948241010373021268010732351164420290475289054967674115255591935437484043632011886452930961840651787118201615819498839 0 0 0 0 0 0 0 0 0 0 0 0 0 0 0 0 0 0 0 0 0 0 0 0 0 0 0 0 0 0 0 0 0 0 0 0 0 0 0 0 0 0 0 0 0 0 0 0 0 0 0 0 0 0 0 0 0 0 0 0 0 0 0 0 0 0 0 0 0 0 0 0 0 0 0 0 0 0 0 0 0 0 0 0 0 0 0 1 0 0 0 0 0 0 0 0 0 0 0 0 0 0 0 0 0 0 0 0 0 0 0 0 0 0 0 0 0]
[10814872023717880090611616237958161171764589542215438694890723944523433322187429288371076573611347135526707514266261017980389021782330288018314115332365936228320241886065948911020209549386194050704107615459082779152818331154780928567473964735383038690634164608375047345507188749836262111640599587086230848996883076738159881638661240262826812282105817068871 0 0 0 0 0 0 0 0 0 0 0 0 0 0 0 0 0 0 0 0 0 0 0 0 0 0 0 0 0 0 0 0 0 0 0 0 0 0 0 0 0 0 0 0 0 0 0 0 0 0 0 0 0 0 0 0 0 0 0 0 0 0 0 0 0 0 0 0 0 0 0 0 0 0 0 0 0 0 0 0 0 0 0 0 0 0 0 0 1 0 0 0 0 0 0 0 0 0 0 0 0 0 0 0 0 0 0 0 0 0 0 0 0 0 0 0 0]
[11402383377608528581165737562876720828805387617847018130076490004688384544278080357858821917002911684713705358428637958937902334913767766022855942086057373525592030507980739760520390036344204470886466493962365367511366588337256654168842055521131650366201851292988670684566818155350900077558995767328555785347610618541603622370924629021384855510901550874404 0 0 0 0 0 0 0 0 0 0 0 0 0 0 0 0 0 0 0 0 0 0 0 0 0 0 0 0 0 0 0 0 0 0 0 0 0 0 0 0 0 0 0 0 0 0 0 0 0 0 0 0 0 0 0 0 0 0 0 0 0 0 0 0 0 0 0 0 0 0 0 0 0 0 0 0 0 0 0 0 0 0 0 0 0 0 0 0 0 1 0 0 0 0 0 0 0 0 0 0 0 0 0 0 0 0 0 0 0 0 0 0 0 0 0 0 0]
[1176602831681285309021932966693949482161211569523333290006558642639666617683173060867873537083010781751492323213411730700015666373785444234929381692926784302762295016202524324026318688474703305398767700745880601168499423749869764527089119090945738629685708157779580224366750053063644756098344769210427084101844052973406387777755469338062349948200840569291 0 0 0 0 0 0 0 0 0 0 0 0 0 0 0 0 0 0 0 0 0 0 0 0 0 0 0 0 0 0 0 0 0 0 0 0 0 0 0 0 0 0 0 0 0 0 0 0 0 0 0 0 0 0 0 0 0 0 0 0 0 0 0 0 0 0 0 0 0 0 0 0 0 0 0 0 0 0 0 0 0 0 0 0 0 0 0 0 0 0 1 0 0 0 0 0 0 0 0 0 0 0 0 0 0 0 0 0 0 0 0 0 0 0 0 0 0]
[10582771133622589585532231133273891758868196066965361364429136381244662176815632881752466351160020949909399571360147197299622853102823399042671057363421218878334469646194327919818589926386619715429936874468045592980544035348779820501061373379214220699769993512101819086003994544310542165964639203132481082473546189104353249943374819140845115955711068904536 0 0 0 0 0 0 0 0 0 0 0 0 0 0 0 0 0 0 0 0 0 0 0 0 0 0 0 0 0 0 0 0 0 0 0 0 0 0 0 0 0 0 0 0 0 0 0 0 0 0 0 0 0 0 0 0 0 0 0 0 0 0 0 0 0 0 0 0 0 0 0 0 0 0 0 0 0 0 0 0 0 0 0 0 0 0 0 0 0 0 0 1 0 0 0 0 0 0 0 0 0 0 0 0 0 0 0 0 0 0 0 0 0 0 0 0 0]
[7906952493493125592226955033465180878636421691900049679351602195996598521367598812897626925629290630530903494838896347639352140038521919875224957182699136943823410808695270053395462316348290575698776528231833119617966289210229413129617154139406663192466054371241506007381961858964151377704110580914668714537676989387337516747306588866948061065995826211343 0 0 0 0 0 0 0 0 0 0 0 0 0 0 0 0 0 0 0 0 0 0 0 0 0 0 0 0 0 0 0 0 0 0 0 0 0 0 0 0 0 0 0 0 0 0 0 0 0 0 0 0 0 0 0 0 0 0 0 0 0 0 0 0 0 0 0 0 0 0 0 0 0 0 0 0 0 0 0 0 0 0 0 0 0 0 0 0 0 0 0 0 1 0 0 0 0 0 0 0 0 0 0 0 0 0 0 0 0 0 0 0 0 0 0 0 0]
[2922359705972488570894982475508322590844030624364183789191388687430581207682384298344897488074044246389680197870958076491929325291577295811421332011399555336281113529883957682065758913020085654975355850539942184486674924542431536193899629786095298238817035342646144628394897852159727076219743749228814073468025915227621159805204628038744034981757812000717 0 0 0 0 0 0 0 0 0 0 0 0 0 0 0 0 0 0 0 0 0 0 0 0 0 0 0 0 0 0 0 0 0 0 0 0 0 0 0 0 0 0 0 0 0 0 0 0 0 0 0 0 0 0 0 0 0 0 0 0 0 0 0 0 0 0 0 0 0 0 0 0 0 0 0 0 0 0 0 0 0 0 0 0 0 0 0 0 0 0 0 0 0 1 0 0 0 0 0 0 0 0 0 0 0 0 0 0 0 0 0 0 0 0 0 0 0]
[9162545928400482585155819360982739154987841495817155076545895369183520055899324752755855371213910894824316412699852046049530446421971141204576462299116879972040349017110924640602828832163188967340293868770305738723557739071633552869417743931143029799776094624413005328689741830950099159791964147388892434272290846943412297703780267323892495237582399550146 0 0 0 0 0 0 0 0 0 0 0 0 0 0 0 0 0 0 0 0 0 0 0 0 0 0 0 0 0 0 0 0 0 0 0 0 0 0 0 0 0 0 0 0 0 0 0 0 0 0 0 0 0 0 0 0 0 0 0 0 0 0 0 0 0 0 0 0 0 0 0 0 0 0 0 0 0 0 0 0 0 0 0 0 0 0 0 0 0 0 0 0 0 0 1 0 0 0 0 0 0 0 0 0 0 0 0 0 0 0 0 0 0 0 0 0 0]
[8090106953185527710461580595897238270426865459518872786981801668405782261012087444935365901779013214743741685060101772816344674463450735770595882511091953710546137875970727739860315763878557711693765375696157831853848157247440023978772175903433929213840462976991777705675012619160878086896660319102986666448954714562089813503818535104235942205692275368667 0 0 0 0 0 0 0 0 0 0 0 0 0 0 0 0 0 0 0 0 0 0 0 0 0 0 0 0 0 0 0 0 0 0 0 0 0 0 0 0 0 0 0 0 0 0 0 0 0 0 0 0 0 0 0 0 0 0 0 0 0 0 0 0 0 0 0 0 0 0 0 0 0 0 0 0 0 0 0 0 0 0 0 0 0 0 0 0 0 0 0 0 0 0 0 1 0 0 0 0 0 0 0 0 0 0 0 0 0 0 0 0 0 0 0 0 0]
[10879201070170093075431557774800130751412417036782767525160490006462267673054551258533985348692885702613016802308518579816772678272274332391884696856367012039254370148067910275811705718979630485454854993169041694390369992350596668107876134000291296335922171722272976681956103966322518676272730333706163710926640767777332487894074007549599501087517171898036 0 0 0 0 0 0 0 0 0 0 0 0 0 0 0 0 0 0 0 0 0 0 0 0 0 0 0 0 0 0 0 0 0 0 0 0 0 0 0 0 0 0 0 0 0 0 0 0 0 0 0 0 0 0 0 0 0 0 0 0 0 0 0 0 0 0 0 0 0 0 0 0 0 0 0 0 0 0 0 0 0 0 0 0 0 0 0 0 0 0 0 0 0 0 0 0 1 0 0 0 0 0 0 0 0 0 0 0 0 0 0 0 0 0 0 0 0]
[12660929765973494410594510770495088322615037630475328020822287384943250961210339849644985492933807978978455903272745906474919045379281462804545071228832943316307029163782163511769756837821381494866357742198973803163781496709450855420812604905140823483012886233257541108550522142919949243437978102615171388921848524534200418752385665112807168380810266133695 0 0 0 0 0 0 0 0 0 0 0 0 0 0 0 0 0 0 0 0 0 0 0 0 0 0 0 0 0 0 0 0 0 0 0 0 0 0 0 0 0 0 0 0 0 0 0 0 0 0 0 0 0 0 0 0 0 0 0 0 0 0 0 0 0 0 0 0 0 0 0 0 0 0 0 0 0 0 0 0 0 0 0 0 0 0 0 0 0 0 0 0 0 0 0 0 0 1 0 0 0 0 0 0 0 0 0 0 0 0 0 0 0 0 0 0 0]
[7130604338979744492993534741756270296700635252881114215885376150214060726136735961445185158043621212671965674845242132066850367430011645215641131904877014518780802658218597753107990469841253893377139320944167787163150486742359856558523668227734930874078943636514848153312664673377728597249625390740109463040000275216520041331966725870250725421178875761657 0 0 0 0 0 0 0 0 0 0 0 0 0 0 0 0 0 0 0 0 0 0 0 0 0 0 0 0 0 0 0 0 0 0 0 0 0 0 0 0 0 0 0 0 0 0 0 0 0 0 0 0 0 0 0 0 0 0 0 0 0 0 0 0 0 0 0 0 0 0 0 0 0 0 0 0 0 0 0 0 0 0 0 0 0 0 0 0 0 0 0 0 0 0 0 0 0 0 1 0 0 0 0 0 0 0 0 0 0 0 0 0 0 0 0 0 0]
[4095093382676514904626571056741891832089880482304658109490658757471876374395220445356247478531341463770250801401886341087231559721162023027559360174862551263169033695057420876789643303406842995987571020401302708535834626905909022720944058579155615483679550387752432186874555242672806606131219176080794709914053283510984973711969800429162935016136212789305 0 0 0 0 0 0 0 0 0 0 0 0 0 0 0 0 0 0 0 0 0 0 0 0 0 0 0 0 0 0 0 0 0 0 0 0 0 0 0 0 0 0 0 0 0 0 0 0 0 0 0 0 0 0 0 0 0 0 0 0 0 0 0 0 0 0 0 0 0 0 0 0 0 0 0 0 0 0 0 0 0 0 0 0 0 0 0 0 0 0 0 0 0 0 0 0 0 0 0 1 0 0 0 0 0 0 0 0 0 0 0 0 0 0 0 0 0]
[2791740341428680168238718439732899089089705041751066061774551903154718539860157263986872850343192450874406460491084225804146717439978808901875863074713299820451527380173800519111363859866744914820282723035237764828306180067400568056512369951734792424134484283735429804797289943610898203267064384278917033141648141142877379797839781112366228576611914429646 0 0 0 0 0 0 0 0 0 0 0 0 0 0 0 0 0 0 0 0 0 0 0 0 0 0 0 0 0 0 0 0 0 0 0 0 0 0 0 0 0 0 0 0 0 0 0 0 0 0 0 0 0 0 0 0 0 0 0 0 0 0 0 0 0 0 0 0 0 0 0 0 0 0 0 0 0 0 0 0 0 0 0 0 0 0 0 0 0 0 0 0 0 0 0 0 0 0 0 0 1 0 0 0 0 0 0 0 0 0 0 0 0 0 0 0 0]
[3991338249893802778815952135363318179556898042923614878027867014199247044267259366351766545197504129494688578355047551000153606277093503826118505681549308281379744226042854045711936518243874478504057547141669531918563223576579936160422577183131591562163180912559196731388852051557040833771498583568673270141271328297995752243793689944621738651579153260094 0 0 0 0 0 0 0 0 0 0 0 0 0 0 0 0 0 0 0 0 0 0 0 0 0 0 0 0 0 0 0 0 0 0 0 0 0 0 0 0 0 0 0 0 0 0 0 0 0 0 0 0 0 0 0 0 0 0 0 0 0 0 0 0 0 0 0 0 0 0 0 0 0 0 0 0 0 0 0 0 0 0 0 0 0 0 0 0 0 0 0 0 0 0 0 0 0 0 0 0 0 1 0 0 0 0 0 0 0 0 0 0 0 0 0 0 0]
[5511895350603843775583869751900520076634520949255289232281741831650548904423533579374180989062708248656987784856644496113605643890958065461083331861474724705848433317721016488018421082709846197474379833579929126041801265731296912997185055723985053293393400125033591657767596985726059360874223559088229727397347969985190930050365617771391463314022632350929 0 0 0 0 0 0 0 0 0 0 0 0 0 0 0 0 0 0 0 0 0 0 0 0 0 0 0 0 0 0 0 0 0 0 0 0 0 0 0 0 0 0 0 0 0 0 0 0 0 0 0 0 0 0 0 0 0 0 0 0 0 0 0 0 0 0 0 0 0 0 0 0 0 0 0 0 0 0 0 0 0 0 0 0 0 0 0 0 0 0 0 0 0 0 0 0 0 0 0 0 0 0 1 0 0 0 0 0 0 0 0 0 0 0 0 0 0]
[10696253584881899808035616458118235404780972728732539103345197405525484406964653331813558209543639557412909679104179196222679158444947592424497948777962369733500223351531545089252223105787399715932645577851612056074319391452126204890869249850451558133057942624320755225174152553664650020856424681683949809184842517826363966911353384499812552721313494193519 0 0 0 0 0 0 0 0 0 0 0 0 0 0 0 0 0 0 0 0 0 0 0 0 0 0 0 0 0 0 0 0 0 0 0 0 0 0 0 0 0 0 0 0 0 0 0 0 0 0 0 0 0 0 0 0 0 0 0 0 0 0 0 0 0 0 0 0 0 0 0 0 0 0 0 0 0 0 0 0 0 0 0 0 0 0 0 0 0 0 0 0 0 0 0 0 0 0 0 0 0 0 0 1 0 0 0 0 0 0 0 0 0 0 0 0 0]
[4466286613476175612870051582852242335598970597975534898846274130988392294976444341519979472179511525632601974432002177187141087555245998175131809308484835240084948073079185706193619132166798215649164908903628943912133808740220918274329200475374528402666456278705811798894788830901274735851344856441155618476849480591261913987576433955900666110686765895200 0 0 0 0 0 0 0 0 0 0 0 0 0 0 0 0 0 0 0 0 0 0 0 0 0 0 0 0 0 0 0 0 0 0 0 0 0 0 0 0 0 0 0 0 0 0 0 0 0 0 0 0 0 0 0 0 0 0 0 0 0 0 0 0 0 0 0 0 0 0 0 0 0 0 0 0 0 0 0 0 0 0 0 0 0 0 0 0 0 0 0 0 0 0 0 0 0 0 0 0 0 0 0 0 1 0 0 0 0 0 0 0 0 0 0 0 0]
[12852525042223503564572134557104393340906421727193803440864215556256919768272282021833216933730992468767906959515301859460630585800350898866759735544184047885296778173050772176425724182138376385965851063878730899719796738169874332594522174445009918248940240437350511512866790607710075412444759303583956400502063579101448809740898772300971130688979377117178 0 0 0 0 0 0 0 0 0 0 0 0 0 0 0 0 0 0 0 0 0 0 0 0 0 0 0 0 0 0 0 0 0 0 0 0 0 0 0 0 0 0 0 0 0 0 0 0 0 0 0 0 0 0 0 0 0 0 0 0 0 0 0 0 0 0 0 0 0 0 0 0 0 0 0 0 0 0 0 0 0 0 0 0 0 0 0 0 0 0 0 0 0 0 0 0 0 0 0 0 0 0 0 0 0 1 0 0 0 0 0 0 0 0 0 0 0]
[5632466554381527158205119081427185175680557158068310845792851217358676859864349552779802829178391336234827414741541866980772210763161168187827352243123523233940640461442272858398325354472017406867121584344112002116972773276168502855685248575246045550000081609537414424265126068319090887414721990803184478968555637309352200806598368689991413215070256207745 0 0 0 0 0 0 0 0 0 0 0 0 0 0 0 0 0 0 0 0 0 0 0 0 0 0 0 0 0 0 0 0 0 0 0 0 0 0 0 0 0 0 0 0 0 0 0 0 0 0 0 0 0 0 0 0 0 0 0 0 0 0 0 0 0 0 0 0 0 0 0 0 0 0 0 0 0 0 0 0 0 0 0 0 0 0 0 0 0 0 0 0 0 0 0 0 0 0 0 0 0 0 0 0 0 0 1 0 0 0 0 0 0 0 0 0 0]
[12313916383304060094613234398315002631777412672630103536360988211051752408096446014977500620306397898404557183984734813750446881555008841763362625649246189487923751617083237214912272647205833058452958936540700760952506714456033084540100417128388511479681257431563276286131858753876663751671838121872243385208987646448620939995817317427376738869894142068394 0 0 0 0 0 0 0 0 0 0 0 0 0 0 0 0 0 0 0 0 0 0 0 0 0 0 0 0 0 0 0 0 0 0 0 0 0 0 0 0 0 0 0 0 0 0 0 0 0 0 0 0 0 0 0 0 0 0 0 0 0 0 0 0 0 0 0 0 0 0 0 0 0 0 0 0 0 0 0 0 0 0 0 0 0 0 0 0 0 0 0 0 0 0 0 0 0 0 0 0 0 0 0 0 0 0 0 1 0 0 0 0 0 0 0 0 0]
[9942492249505302261173312700240704898349605550617147407484723767962215108385636074696470078528921859284847223853583563555011369323623947959991091481688094318435515675256406668431608014285016162851096289865779504926863464534933281239934706914068783074101559853148761846817502091698063955466170949403595700500570447225037698210694575942308859256846222845018 0 0 0 0 0 0 0 0 0 0 0 0 0 0 0 0 0 0 0 0 0 0 0 0 0 0 0 0 0 0 0 0 0 0 0 0 0 0 0 0 0 0 0 0 0 0 0 0 0 0 0 0 0 0 0 0 0 0 0 0 0 0 0 0 0 0 0 0 0 0 0 0 0 0 0 0 0 0 0 0 0 0 0 0 0 0 0 0 0 0 0 0 0 0 0 0 0 0 0 0 0 0 0 0 0 0 0 0 1 0 0 0 0 0 0 0 0]
[11444943331294469979954002363599436681302721570513156381889798508996364697356400981685389708194495469875630141438572915534559426998644279538022731623867823159607892441218448892466070017736260113579234452177186760500969653271885615776394077171807011899610539805017818786533790173702609053451927739387072790009590396088331567545910835710322928711701542518128 0 0 0 0 0 0 0 0 0 0 0 0 0 0 0 0 0 0 0 0 0 0 0 0 0 0 0 0 0 0 0 0 0 0 0 0 0 0 0 0 0 0 0 0 0 0 0 0 0 0 0 0 0 0 0 0 0 0 0 0 0 0 0 0 0 0 0 0 0 0 0 0 0 0 0 0 0 0 0 0 0 0 0 0 0 0 0 0 0 0 0 0 0 0 0 0 0 0 0 0 0 0 0 0 0 0 0 0 0 1 0 0 0 0 0 0 0]
[10515294296788471511614860281621696052660972035087281057819768560607006543661917294281715304296497216866544164697048666590390990465077748202808649499297109829748269497619423254080891577686325481667724432719204449375951103185002417962952383973271799961869514969686328101352807878103045743842275149066219608066092233762813371876840102583959134751922101227151 0 0 0 0 0 0 0 0 0 0 0 0 0 0 0 0 0 0 0 0 0 0 0 0 0 0 0 0 0 0 0 0 0 0 0 0 0 0 0 0 0 0 0 0 0 0 0 0 0 0 0 0 0 0 0 0 0 0 0 0 0 0 0 0 0 0 0 0 0 0 0 0 0 0 0 0 0 0 0 0 0 0 0 0 0 0 0 0 0 0 0 0 0 0 0 0 0 0 0 0 0 0 0 0 0 0 0 0 0 0 1 0 0 0 0 0 0]
[12347407766096507573642237375806628327954359937158890423156765282096003684495590174243011858709928389545353547019704992248613256606748948994578548388449561234419285370813392077036403010993537087705262173701362393099720522477637869256733758563431055187641576041545882050684295846522777720059636780304289836340211907846437835970743182797583925874727030854062 0 0 0 0 0 0 0 0 0 0 0 0 0 0 0 0 0 0 0 0 0 0 0 0 0 0 0 0 0 0 0 0 0 0 0 0 0 0 0 0 0 0 0 0 0 0 0 0 0 0 0 0 0 0 0 0 0 0 0 0 0 0 0 0 0 0 0 0 0 0 0 0 0 0 0 0 0 0 0 0 0 0 0 0 0 0 0 0 0 0 0 0 0 0 0 0 0 0 0 0 0 0 0 0 0 0 0 0 0 0 0 1 0 0 0 0 0]
[12403150301140562916554675695005057681807092194480631809987250480369901566334308128182062214458128535249239185912992680217290698370928514786225404995878258456802108640595412345782107453742465339857031395104874166619323759732118178684426104622423384682630780720542969213240414736474428879676247720881112270700272992836918741749788133570763272184998832929822 0 0 0 0 0 0 0 0 0 0 0 0 0 0 0 0 0 0 0 0 0 0 0 0 0 0 0 0 0 0 0 0 0 0 0 0 0 0 0 0 0 0 0 0 0 0 0 0 0 0 0 0 0 0 0 0 0 0 0 0 0 0 0 0 0 0 0 0 0 0 0 0 0 0 0 0 0 0 0 0 0 0 0 0 0 0 0 0 0 0 0 0 0 0 0 0 0 0 0 0 0 0 0 0 0 0 0 0 0 0 0 0 1 0 0 0 0]
[3734037123885573601552656578406027164001792434409152630080951235643396090816065314679298993058839773516530605242407556121351607894285158902371082485328986153642795939209441852052250988662542180012669852931276069645963016642143905277367951236621903869524294357578309741049021620922127599408299252565410241891089766485233093046954855817858196868841831127488 0 0 0 0 0 0 0 0 0 0 0 0 0 0 0 0 0 0 0 0 0 0 0 0 0 0 0 0 0 0 0 0 0 0 0 0 0 0 0 0 0 0 0 0 0 0 0 0 0 0 0 0 0 0 0 0 0 0 0 0 0 0 0 0 0 0 0 0 0 0 0 0 0 0 0 0 0 0 0 0 0 0 0 0 0 0 0 0 0 0 0 0 0 0 0 0 0 0 0 0 0 0 0 0 0 0 0 0 0 0 0 0 0 1 0 0 0]
[11710138727508729750226092602115539963240757572099789348654679461382745742511291149574313649124389118028358978938231229097983169590774638399527428816568507744586703305815418251569668480451306166928212559087463320260329123703864360328080049514833918573909227836640696961465948820985177907196636363816568898866726549754338617772890442751470772835619469416656 0 0 0 0 0 0 0 0 0 0 0 0 0 0 0 0 0 0 0 0 0 0 0 0 0 0 0 0 0 0 0 0 0 0 0 0 0 0 0 0 0 0 0 0 0 0 0 0 0 0 0 0 0 0 0 0 0 0 0 0 0 0 0 0 0 0 0 0 0 0 0 0 0 0 0 0 0 0 0 0 0 0 0 0 0 0 0 0 0 0 0 0 0 0 0 0 0 0 0 0 0 0 0 0 0 0 0 0 0 0 0 0 0 0 1 0 0]
[154321192561498391566313885924106675546211380035777863299545403093526480207028375914738888370122249019663065408139080364311095376328112232818511459085583542190905761609975026556688350767988117637636602588745980782627802895254234185572397609926467927279963932004677049275820905183625805473875143471592797387622463543618284577178002690620085514038180938819 0 0 0 0 0 0 0 0 0 0 0 0 0 0 0 0 0 0 0 0 0 0 0 0 0 0 0 0 0 0 0 0 0 0 0 0 0 0 0 0 0 0 0 0 0 0 0 0 0 0 0 0 0 0 0 0 0 0 0 0 0 0 0 0 0 0 0 0 0 0 0 0 0 0 0 0 0 0 0 0 0 0 0 0 0 0 0 0 0 0 0 0 0 0 0 0 0 0 0 0 0 0 0 0 0 0 0 0 0 0 0 0 0 0 0 1 0]
[9433739185736537946218581947893796264880014659346142023783669098752993444781666856547152927998745709071689799123569783112577172589636087313758177535798819440819518436545188236007438192988757325310574308194423190152175399321386630692384813897235562213773699055677278021740725669166191635190399266162021852519947242445562641749871655484087395642463670030861 0 0 0 0 0 0 0 0 0 0 0 0 0 0 0 0 0 0 0 0 0 0 0 0 0 0 0 0 0 0 0 0 0 0 0 0 0 0 0 0 0 0 0 0 0 0 0 0 0 0 0 0 0 0 0 0 0 0 0 0 0 0 0 0 0 0 0 0 0 0 0 0 0 0 0 0 0 0 0 0 0 0 0 0 0 0 0 0 0 0 0 0 0 0 0 0 0 0 0 0 0 0 0 0 0 0 0 0 0 0 0 0 0 0 0 0 1]
]
