[[945756720801661400974620218844804737997292998084083201288977573 0 0 0 0 0 0 0 0 0 0 0 0 0 0 0 0 0 0 0 0]
[66019597869162429546530655650448386426245958743405718798032602 1 0 0 0 0 0 0 0 0 0 0 0 0 0 0 0 0 0 0 0]
[849257612516343726958349177093547034476762972282306552626594230 0 1 0 0 0 0 0 0 0 0 0 0 0 0 0 0 0 0 0 0]
[90875613022090844989787980372235961159631578639851093908742844 0 0 1 0 0 0 0 0 0 0 0 0 0 0 0 0 0 0 0 0]
[399812179274843738618165022332880501256605092604748799472811288 0 0 0 1 0 0 0 0 0 0 0 0 0 0 0 0 0 0 0 0]
[66689928727703266927952017483198426704824847524535067175895477 0 0 0 0 1 0 0 0 0 0 0 0 0 0 0 0 0 0 0 0]
[800999639601982313325684824562037370141038037112717313891257872 0 0 0 0 0 1 0 0 0 0 0 0 0 0 0 0 0 0 0 0]
[906627830656871913682759037887943973902131855776461584796081039 0 0 0 0 0 0 1 0 0 0 0 0 0 0 0 0 0 0 0 0]
[649064084129414061369913072090679920032593400913727400711705889 0 0 0 0 0 0 0 1 0 0 0 0 0 0 0 0 0 0 0 0]
[630169449627687568450530690541024335525119274283612592022517345 0 0 0 0 0 0 0 0 1 0 0 0 0 0 0 0 0 0 0 0]
[266154633255401540451704573929123945284109277993777468143821004 0 0 0 0 0 0 0 0 0 1 0 0 0 0 0 0 0 0 0 0]
[64839249300321342333774818738544974310127290973303328988979289 0 0 0 0 0 0 0 0 0 0 1 0 0 0 0 0 0 0 0 0]
[550189992429409738653749356016824908535180198738866849463259035 0 0 0 0 0 0 0 0 0 0 0 1 0 0 0 0 0 0 0 0]
[481712560945563309972514937871925138881665480941342444452965244 0 0 0 0 0 0 0 0 0 0 0 0 1 0 0 0 0 0 0 0]
[121415957736144896565079939153572846483277466505219706782718781 0 0 0 0 0 0 0 0 0 0 0 0 0 1 0 0 0 0 0 0]
[23552489174518128743473381859373437334871987766883590635914049 0 0 0 0 0 0 0 0 0 0 0 0 0 0 1 0 0 0 0 0]
[588279477018489188802657637673382652042272370512614329509587988 0 0 0 0 0 0 0 0 0 0 0 0 0 0 0 1 0 0 0 0]
[935571368071510189330251207709592431298895873275129940273623026 0 0 0 0 0 0 0 0 0 0 0 0 0 0 0 0 1 0 0 0]
[79714039686189096855176958061819964606223761622863299888352601 0 0 0 0 0 0 0 0 0 0 0 0 0 0 0 0 0 1 0 0]
[937593590672141100305018289896399984083909898633032813209038251 0 0 0 0 0 0 0 0 0 0 0 0 0 0 0 0 0 0 1 0]
[826482956138938670151567235188787281351801528759157174032746882 0 0 0 0 0 0 0 0 0 0 0 0 0 0 0 0 0 0 0 1]
]
