[[1486362663158134198405684348282662509369363028436288341337296649 0 0 0 0 0 0 0 0 0 0 0 0 0 0 0 0 0 0 0 0]
[904927799819059148152606965808660991897726784484404894179354150 1 0 0 0 0 0 0 0 0 0 0 0 0 0 0 0 0 0 0 0]
[1205001498272107273002376086985178434259451636757930809743575361 0 1 0 0 0 0 0 0 0 0 0 0 0 0 0 0 0 0 0 0]
[1212785764849262045961714337210404975814247742243619377039578155 0 0 1 0 0 0 0 0 0 0 0 0 0 0 0 0 0 0 0 0]
[173755676657624321652983295963107278890808914131084213982434459 0 0 0 1 0 0 0 0 0 0 0 0 0 0 0 0 0 0 0 0]
[1331375291118535108027507589952565497935836291865427067091299252 0 0 0 0 1 0 0 0 0 0 0 0 0 0 0 0 0 0 0 0]
[1068051746466460029513682288142765235955361836351271768636472843 0 0 0 0 0 1 0 0 0 0 0 0 0 0 0 0 0 0 0 0]
[683325446785652972255135230079562412017968646409370720446319559 0 0 0 0 0 0 1 0 0 0 0 0 0 0 0 0 0 0 0 0]
[1235356492969565673848675125024840548179991275883579084280043139 0 0 0 0 0 0 0 1 0 0 0 0 0 0 0 0 0 0 0 0]
[182425109741365790205260511621593332113522262170795833278009580 0 0 0 0 0 0 0 0 1 0 0 0 0 0 0 0 0 0 0 0]
[209504476124499730334428483303594676596843889332659522284923338 0 0 0 0 0 0 0 0 0 1 0 0 0 0 0 0 0 0 0 0]
[566643495272649752113960408202094940659400783247482476964808784 0 0 0 0 0 0 0 0 0 0 1 0 0 0 0 0 0 0 0 0]
[473818695611433472773525429984663837730326263670611965113210490 0 0 0 0 0 0 0 0 0 0 0 1 0 0 0 0 0 0 0 0]
[422104312651024817184391833694943731831277261309506645604044781 0 0 0 0 0 0 0 0 0 0 0 0 1 0 0 0 0 0 0 0]
[751492370297223809656292435658030244626989630421835235002039228 0 0 0 0 0 0 0 0 0 0 0 0 0 1 0 0 0 0 0 0]
[885411339733057501722601839219645547921710736721276902489316824 0 0 0 0 0 0 0 0 0 0 0 0 0 0 1 0 0 0 0 0]
[1058961268739472062085510402871630886533798140654602584036015897 0 0 0 0 0 0 0 0 0 0 0 0 0 0 0 1 0 0 0 0]
[1371165546463560325504722216280640003731315727659114405145251469 0 0 0 0 0 0 0 0 0 0 0 0 0 0 0 0 1 0 0 0]
[258155731972068695450807618725642551490380554211340283805614324 0 0 0 0 0 0 0 0 0 0 0 0 0 0 0 0 0 1 0 0]
[710112394106308107287324216124128528674788768654774769762372169 0 0 0 0 0 0 0 0 0 0 0 0 0 0 0 0 0 0 1 0]
[987429487141080002486946884251444334483074587469829283010154448 0 0 0 0 0 0 0 0 0 0 0 0 0 0 0 0 0 0 0 1]
]
