[[939382339775892750679656358433577442391116539496866175402159961 0 0 0 0 0 0 0 0 0 0 0 0 0 0 0 0 0 0 0 0]
[291056450680734454241939150629430558510149510334459709648263816 1 0 0 0 0 0 0 0 0 0 0 0 0 0 0 0 0 0 0 0]
[616459120714222041141783876816571064452542198433426288071641303 0 1 0 0 0 0 0 0 0 0 0 0 0 0 0 0 0 0 0 0]
[383960961513604884720759728974065222322383059367080717764772717 0 0 1 0 0 0 0 0 0 0 0 0 0 0 0 0 0 0 0 0]
[762667222073846686651486136340428743405814581108828150966807397 0 0 0 1 0 0 0 0 0 0 0 0 0 0 0 0 0 0 0 0]
[332171244900120275149102068125202545912857260526513995341477700 0 0 0 0 1 0 0 0 0 0 0 0 0 0 0 0 0 0 0 0]
[814591428638604924478518499752086711090812431280365105432583885 0 0 0 0 0 1 0 0 0 0 0 0 0 0 0 0 0 0 0 0]
[36689405242126182887753909820267697333986149572567930276686646 0 0 0 0 0 0 1 0 0 0 0 0 0 0 0 0 0 0 0 0]
[496191657927369077182432049993676921218758421233656823871642582 0 0 0 0 0 0 0 1 0 0 0 0 0 0 0 0 0 0 0 0]
[313999532192721891802263354760107860445329158768722002280363220 0 0 0 0 0 0 0 0 1 0 0 0 0 0 0 0 0 0 0 0]
[603614935278269661991326071424812921648308184446634652377231527 0 0 0 0 0 0 0 0 0 1 0 0 0 0 0 0 0 0 0 0]
[878107877201910335629108594534982450340857777030543611464784263 0 0 0 0 0 0 0 0 0 0 1 0 0 0 0 0 0 0 0 0]
[393737547183109581124812084859358419790815298952957372675656358 0 0 0 0 0 0 0 0 0 0 0 1 0 0 0 0 0 0 0 0]
[110206605705290322932571381080022262258224789903759213830091164 0 0 0 0 0 0 0 0 0 0 0 0 1 0 0 0 0 0 0 0]
[241623644556171925794347092875705165330415431033413524909492140 0 0 0 0 0 0 0 0 0 0 0 0 0 1 0 0 0 0 0 0]
[682201037771574777288669045966961701813217636462375022559877234 0 0 0 0 0 0 0 0 0 0 0 0 0 0 1 0 0 0 0 0]
[330602487042692200473328743416112906220266765961859277855437255 0 0 0 0 0 0 0 0 0 0 0 0 0 0 0 1 0 0 0 0]
[906588389464019133044692511395411130938273665791652914001139660 0 0 0 0 0 0 0 0 0 0 0 0 0 0 0 0 1 0 0 0]
[676461723625129822412005989524791452237935547254389601977071901 0 0 0 0 0 0 0 0 0 0 0 0 0 0 0 0 0 1 0 0]
[513120365223840032443922231178445938833414731984824520457219404 0 0 0 0 0 0 0 0 0 0 0 0 0 0 0 0 0 0 1 0]
[235671367104162278810798410040488920191472711260052043958563588 0 0 0 0 0 0 0 0 0 0 0 0 0 0 0 0 0 0 0 1]
]
