[[1573854569571106519355913198234008420716352824753084459070740540912104385524602418168803116439894875631399 0 0 0 0 0 0 0 0 0 0 0 0 0 0 0 0 0 0 0 0 0 0 0 0 0 0 0 0 0 0 0 0 0 0]
[500368963839843588579128518547184983894609685146993494900884669877955990127062103522276237041985450983725 1 0 0 0 0 0 0 0 0 0 0 0 0 0 0 0 0 0 0 0 0 0 0 0 0 0 0 0 0 0 0 0 0 0]
[1486610258736737516141975450031804266512608234018406466574858048595080816322860566602424286025981464608459 0 1 0 0 0 0 0 0 0 0 0 0 0 0 0 0 0 0 0 0 0 0 0 0 0 0 0 0 0 0 0 0 0 0]
[1227093843320350526389519542654706229895213424349466828067646151886877500526427375641839214399019129386847 0 0 1 0 0 0 0 0 0 0 0 0 0 0 0 0 0 0 0 0 0 0 0 0 0 0 0 0 0 0 0 0 0 0]
[812864829333314499202402011150338040292122178863897674437237730899186944826745598255955289355194512425964 0 0 0 1 0 0 0 0 0 0 0 0 0 0 0 0 0 0 0 0 0 0 0 0 0 0 0 0 0 0 0 0 0 0]
[1143060041471364266167898254341975541235110719349206268398518911903865872751780845489434880550085829997945 0 0 0 0 1 0 0 0 0 0 0 0 0 0 0 0 0 0 0 0 0 0 0 0 0 0 0 0 0 0 0 0 0 0]
[1545565334680126144844350894987388919239708726655495787159697577630390530277460867167736955988131174633769 0 0 0 0 0 1 0 0 0 0 0 0 0 0 0 0 0 0 0 0 0 0 0 0 0 0 0 0 0 0 0 0 0 0]
[1165246770484284061170932775118821984224025685905604105635997140656438525389525242128018975299983458432123 0 0 0 0 0 0 1 0 0 0 0 0 0 0 0 0 0 0 0 0 0 0 0 0 0 0 0 0 0 0 0 0 0 0]
[595816461343432021785223364828901044348415029448150628403562321073952513005100997638345139412208515779070 0 0 0 0 0 0 0 1 0 0 0 0 0 0 0 0 0 0 0 0 0 0 0 0 0 0 0 0 0 0 0 0 0 0]
[1102483997634910215004145744708695351813315556210468118572663365404341978432045731997348554817031900986120 0 0 0 0 0 0 0 0 1 0 0 0 0 0 0 0 0 0 0 0 0 0 0 0 0 0 0 0 0 0 0 0 0 0]
[338522722179824938754569610089215547901923444896686983392907721014086878541552782674396275012786334971209 0 0 0 0 0 0 0 0 0 1 0 0 0 0 0 0 0 0 0 0 0 0 0 0 0 0 0 0 0 0 0 0 0 0]
[1130352430437808165248031664003796693328496745548204359953062713153466232117778528932865805072654853159181 0 0 0 0 0 0 0 0 0 0 1 0 0 0 0 0 0 0 0 0 0 0 0 0 0 0 0 0 0 0 0 0 0 0]
[209657334792930824021026679444052121541162550317214718387017339143233998439056212885570509591656329079337 0 0 0 0 0 0 0 0 0 0 0 1 0 0 0 0 0 0 0 0 0 0 0 0 0 0 0 0 0 0 0 0 0 0]
[22561633764516366271741867115913552740741877603602751801440550788771749005220410543761389572529297568333 0 0 0 0 0 0 0 0 0 0 0 0 1 0 0 0 0 0 0 0 0 0 0 0 0 0 0 0 0 0 0 0 0 0]
[997132219718243293513043691063048777512854456195076883549619211773962774538073369319661025599166817589698 0 0 0 0 0 0 0 0 0 0 0 0 0 1 0 0 0 0 0 0 0 0 0 0 0 0 0 0 0 0 0 0 0 0]
[574748305441452040559859465297033873305839698536970380072242260774185594761900580921117102600802773051123 0 0 0 0 0 0 0 0 0 0 0 0 0 0 1 0 0 0 0 0 0 0 0 0 0 0 0 0 0 0 0 0 0 0]
[708363201616231219038921394627884781103669624747195314754212958745816956550402474768377858204851033066043 0 0 0 0 0 0 0 0 0 0 0 0 0 0 0 1 0 0 0 0 0 0 0 0 0 0 0 0 0 0 0 0 0 0]
[935648632891125917041441770466745665162767462607916450242270996049775519747416764389315580606063848035380 0 0 0 0 0 0 0 0 0 0 0 0 0 0 0 0 1 0 0 0 0 0 0 0 0 0 0 0 0 0 0 0 0 0]
[1382005657324800047092065440624075470526721649067488820794767439932259762776594412223627739647620000156022 0 0 0 0 0 0 0 0 0 0 0 0 0 0 0 0 0 1 0 0 0 0 0 0 0 0 0 0 0 0 0 0 0 0]
[1514933125066013267533542704862908422738637120341348498528739803226943566603982084727394066910792481825591 0 0 0 0 0 0 0 0 0 0 0 0 0 0 0 0 0 0 1 0 0 0 0 0 0 0 0 0 0 0 0 0 0 0]
[1108821159499649261184133243272870342247077744157944070072262291654924120733495077830217279940892081463203 0 0 0 0 0 0 0 0 0 0 0 0 0 0 0 0 0 0 0 1 0 0 0 0 0 0 0 0 0 0 0 0 0 0]
[414233235107816290128613360734520984319435409478115539548829089352966822176744774396804110205823942746045 0 0 0 0 0 0 0 0 0 0 0 0 0 0 0 0 0 0 0 0 1 0 0 0 0 0 0 0 0 0 0 0 0 0]
[224232543945885141751347333223357605137570364968808099577171911183305714733891842448418225139171837531456 0 0 0 0 0 0 0 0 0 0 0 0 0 0 0 0 0 0 0 0 0 1 0 0 0 0 0 0 0 0 0 0 0 0]
[894024562596091995430154463942860980089871207615807500311156127532730918599321894390957997197730191023871 0 0 0 0 0 0 0 0 0 0 0 0 0 0 0 0 0 0 0 0 0 0 1 0 0 0 0 0 0 0 0 0 0 0]
[1437867131125466406157955133844274569884502291100425800066342338769470680018164441284961013149974702514790 0 0 0 0 0 0 0 0 0 0 0 0 0 0 0 0 0 0 0 0 0 0 0 1 0 0 0 0 0 0 0 0 0 0]
[149918062211931369195446202194367376150003305006098220556689469792787542703806336894420457992715997678063 0 0 0 0 0 0 0 0 0 0 0 0 0 0 0 0 0 0 0 0 0 0 0 0 1 0 0 0 0 0 0 0 0 0]
[1437157233326177253971240030560033758358276467037113313426454012200496662908254086043250893290047225507846 0 0 0 0 0 0 0 0 0 0 0 0 0 0 0 0 0 0 0 0 0 0 0 0 0 1 0 0 0 0 0 0 0 0]
[1388969435418404047464674455927106883307639785503097483204773249975518058235815868916600400559272023453200 0 0 0 0 0 0 0 0 0 0 0 0 0 0 0 0 0 0 0 0 0 0 0 0 0 0 1 0 0 0 0 0 0 0]
[1008251207426142817988556422830759766141327489821029385410870716551931340097379278311404681289598148118892 0 0 0 0 0 0 0 0 0 0 0 0 0 0 0 0 0 0 0 0 0 0 0 0 0 0 0 1 0 0 0 0 0 0]
[1058916073326705625285569639275220955869713512252558038561702139065905767825123095442126958833254979421484 0 0 0 0 0 0 0 0 0 0 0 0 0 0 0 0 0 0 0 0 0 0 0 0 0 0 0 0 1 0 0 0 0 0]
[311619464454011054326230401158856746866819893110748373005587493187822177897892954413168633294487131155205 0 0 0 0 0 0 0 0 0 0 0 0 0 0 0 0 0 0 0 0 0 0 0 0 0 0 0 0 0 1 0 0 0 0]
[442382383483515341729638047044032623432715372177668992585815490025728998012655866431160689572794615911996 0 0 0 0 0 0 0 0 0 0 0 0 0 0 0 0 0 0 0 0 0 0 0 0 0 0 0 0 0 0 1 0 0 0]
[1034483887689143362518958193525509017200900046099631795550874660992211032745110715523948655666370155299434 0 0 0 0 0 0 0 0 0 0 0 0 0 0 0 0 0 0 0 0 0 0 0 0 0 0 0 0 0 0 0 1 0 0]
[767252666249129323718729362114918389623075434713559623263416113336209814534751108297271614988042504397016 0 0 0 0 0 0 0 0 0 0 0 0 0 0 0 0 0 0 0 0 0 0 0 0 0 0 0 0 0 0 0 0 1 0]
[110034729783361907983664921787021040872433255619211001057792652597906678498217109185819412379022416353755 0 0 0 0 0 0 0 0 0 0 0 0 0 0 0 0 0 0 0 0 0 0 0 0 0 0 0 0 0 0 0 0 0 1]
]
