[[1776247171759361995954377929245901205897428670854726095360873279002246165173306410085269519857930276573941 0 0 0 0 0 0 0 0 0 0 0 0 0 0 0 0 0 0 0 0 0 0 0 0 0 0 0 0 0 0 0 0 0 0]
[1015721289243027562475616111924108521335255565330970921718459794108649919274773942494803206202791493711748 1 0 0 0 0 0 0 0 0 0 0 0 0 0 0 0 0 0 0 0 0 0 0 0 0 0 0 0 0 0 0 0 0 0]
[1379605695784391458354123489775198904631715431856634843568406845384002748322090966852677176547570559071844 0 1 0 0 0 0 0 0 0 0 0 0 0 0 0 0 0 0 0 0 0 0 0 0 0 0 0 0 0 0 0 0 0 0]
[1009484530096579610810194804810901195352329763017056857959200925907832871325112616082682818032014104803525 0 0 1 0 0 0 0 0 0 0 0 0 0 0 0 0 0 0 0 0 0 0 0 0 0 0 0 0 0 0 0 0 0 0]
[455113489158035896273565027096675087544145514555501266566078864647278124565204909128852501031787853980183 0 0 0 1 0 0 0 0 0 0 0 0 0 0 0 0 0 0 0 0 0 0 0 0 0 0 0 0 0 0 0 0 0 0]
[918535359407997499183365855588485958913037389301098192194245760626361077669327055644659149359819208105610 0 0 0 0 1 0 0 0 0 0 0 0 0 0 0 0 0 0 0 0 0 0 0 0 0 0 0 0 0 0 0 0 0 0]
[671811961276794099321299008135873211853586039449520059927687083602403689658920236425080383650490196407899 0 0 0 0 0 1 0 0 0 0 0 0 0 0 0 0 0 0 0 0 0 0 0 0 0 0 0 0 0 0 0 0 0 0]
[784593076858744410006039835829828923926543472822054409225319936853388842839468466951510217388731293579949 0 0 0 0 0 0 1 0 0 0 0 0 0 0 0 0 0 0 0 0 0 0 0 0 0 0 0 0 0 0 0 0 0 0]
[362145240789248132061152053528097980260087696720275226819275981091533551402481429400819702204991585991819 0 0 0 0 0 0 0 1 0 0 0 0 0 0 0 0 0 0 0 0 0 0 0 0 0 0 0 0 0 0 0 0 0 0]
[412148610940321178552339934034248494794948741832626538921572257398185881626366808972203418806900718481641 0 0 0 0 0 0 0 0 1 0 0 0 0 0 0 0 0 0 0 0 0 0 0 0 0 0 0 0 0 0 0 0 0 0]
[152602388577808128587586963714294146433136016508054316598061857815446616218707320357012139368178225020737 0 0 0 0 0 0 0 0 0 1 0 0 0 0 0 0 0 0 0 0 0 0 0 0 0 0 0 0 0 0 0 0 0 0]
[304881064100038611424116835555937250173580791943548132285946559446377058191105507512017915003311330060848 0 0 0 0 0 0 0 0 0 0 1 0 0 0 0 0 0 0 0 0 0 0 0 0 0 0 0 0 0 0 0 0 0 0]
[333711741539565633057857140047231302654821177954499913667569302414587959080859657734393179863536399208334 0 0 0 0 0 0 0 0 0 0 0 1 0 0 0 0 0 0 0 0 0 0 0 0 0 0 0 0 0 0 0 0 0 0]
[648277878269139784978499241541593437003330287917560419568601459109381864299278183883467021647684045173532 0 0 0 0 0 0 0 0 0 0 0 0 1 0 0 0 0 0 0 0 0 0 0 0 0 0 0 0 0 0 0 0 0 0]
[1764405718719656291566392231335741810849488808708386144288515898913711875881445297970325444635248030204100 0 0 0 0 0 0 0 0 0 0 0 0 0 1 0 0 0 0 0 0 0 0 0 0 0 0 0 0 0 0 0 0 0 0]
[108209661556196985558485545826624183409027388953272193750632479152503470514542374533426832941788164886239 0 0 0 0 0 0 0 0 0 0 0 0 0 0 1 0 0 0 0 0 0 0 0 0 0 0 0 0 0 0 0 0 0 0]
[1554640249211037097564232850724361106317694729505645843056497150803807042595171074423935021234701676283771 0 0 0 0 0 0 0 0 0 0 0 0 0 0 0 1 0 0 0 0 0 0 0 0 0 0 0 0 0 0 0 0 0 0]
[388073834296265793464138719338868052804459640085335639865421525824673816750194176864278258765613833661611 0 0 0 0 0 0 0 0 0 0 0 0 0 0 0 0 1 0 0 0 0 0 0 0 0 0 0 0 0 0 0 0 0 0]
[1637797737155478452985924631453470761249361838027607516333876598018808668694914544900515495912860467974032 0 0 0 0 0 0 0 0 0 0 0 0 0 0 0 0 0 1 0 0 0 0 0 0 0 0 0 0 0 0 0 0 0 0]
[1484355033212749273846525632184587996845922234609424194739241398348770894411210814131677526894798619199095 0 0 0 0 0 0 0 0 0 0 0 0 0 0 0 0 0 0 1 0 0 0 0 0 0 0 0 0 0 0 0 0 0 0]
[255719963080502774842566246520014590593222836250429734797611146537390939339803770025621962979966988025754 0 0 0 0 0 0 0 0 0 0 0 0 0 0 0 0 0 0 0 1 0 0 0 0 0 0 0 0 0 0 0 0 0 0]
[1729075355227223535002862379891206549131326702337724892405501666160925622332115005909875450612700470172831 0 0 0 0 0 0 0 0 0 0 0 0 0 0 0 0 0 0 0 0 1 0 0 0 0 0 0 0 0 0 0 0 0 0]
[353127922052485826935723059706311569246389202400546047503771991959607512209717548013408385678289839556338 0 0 0 0 0 0 0 0 0 0 0 0 0 0 0 0 0 0 0 0 0 1 0 0 0 0 0 0 0 0 0 0 0 0]
[1665918256828754007030250615704323793867649332545060772618081082742561783208704983594869041158212937976137 0 0 0 0 0 0 0 0 0 0 0 0 0 0 0 0 0 0 0 0 0 0 1 0 0 0 0 0 0 0 0 0 0 0]
[511713287330522430231975499266942011334961144337295266927526388523839595529679619136978844055324509104626 0 0 0 0 0 0 0 0 0 0 0 0 0 0 0 0 0 0 0 0 0 0 0 1 0 0 0 0 0 0 0 0 0 0]
[1511478872003647832098716617670558008118187015362640622121030898840432870397287759158841320640455190781096 0 0 0 0 0 0 0 0 0 0 0 0 0 0 0 0 0 0 0 0 0 0 0 0 1 0 0 0 0 0 0 0 0 0]
[1647163779651662104386203607821669949819442847367129939880079910685526181941627666773076556135663525951749 0 0 0 0 0 0 0 0 0 0 0 0 0 0 0 0 0 0 0 0 0 0 0 0 0 1 0 0 0 0 0 0 0 0]
[1327690290207214813727443037761669992784901553385891795320441949493766762697671059689207899298862456941155 0 0 0 0 0 0 0 0 0 0 0 0 0 0 0 0 0 0 0 0 0 0 0 0 0 0 1 0 0 0 0 0 0 0]
[1643279479488981745259712842676789063381640111967528026099646389785134377882648047789142912579640468613733 0 0 0 0 0 0 0 0 0 0 0 0 0 0 0 0 0 0 0 0 0 0 0 0 0 0 0 1 0 0 0 0 0 0]
[272728624657149642500779617250504801430602966098553410014737120853067710586886280131440346238342193661028 0 0 0 0 0 0 0 0 0 0 0 0 0 0 0 0 0 0 0 0 0 0 0 0 0 0 0 0 1 0 0 0 0 0]
[92041953501777193105474670533535468248125346387574446065632038217044141644460995578500103745636682958529 0 0 0 0 0 0 0 0 0 0 0 0 0 0 0 0 0 0 0 0 0 0 0 0 0 0 0 0 0 1 0 0 0 0]
[783167608780889899700590032106736143881481884138723703290545127880823720567714512614659434123995485004680 0 0 0 0 0 0 0 0 0 0 0 0 0 0 0 0 0 0 0 0 0 0 0 0 0 0 0 0 0 0 1 0 0 0]
[174614552530017885577774984859978632631237270464928900781408162206500957459797350190928884217557265413623 0 0 0 0 0 0 0 0 0 0 0 0 0 0 0 0 0 0 0 0 0 0 0 0 0 0 0 0 0 0 0 1 0 0]
[1052327278697769037717061080021121561012998153622349867316097210443167652741252337476427477741860485110238 0 0 0 0 0 0 0 0 0 0 0 0 0 0 0 0 0 0 0 0 0 0 0 0 0 0 0 0 0 0 0 0 1 0]
[1189853296132367143295183592868336415454511997258848061426890611074207950749393460618017671227721036840068 0 0 0 0 0 0 0 0 0 0 0 0 0 0 0 0 0 0 0 0 0 0 0 0 0 0 0 0 0 0 0 0 0 1]
]
