[[4759393384675855774621111648179381611355540090039314125226115454138611103932128098103617765457691497668020267578376758628212342972842170008669957277248072356487149646110804127545493591861666856975209492103318803519563710994812905220946679803395460639081 0 0 0 0 0 0 0 0 0 0 0 0 0 0 0 0 0 0 0 0 0 0 0 0 0 0 0 0 0 0 0 0 0 0 0 0 0 0 0 0 0 0 0 0 0 0 0 0 0 0 0 0 0 0 0 0 0 0 0 0 0 0 0 0 0 0 0 0 0 0 0 0 0 0 0 0 0 0 0 0 0 0 0]
[436861238524844533791623255306640049996625628239298961467667877964959567467823447193333798338514191992119038470173549849771143052978936776219462411340752021014730561552602498606511319020370485434540775504585804324230183938698921900398436295430496374765 1 0 0 0 0 0 0 0 0 0 0 0 0 0 0 0 0 0 0 0 0 0 0 0 0 0 0 0 0 0 0 0 0 0 0 0 0 0 0 0 0 0 0 0 0 0 0 0 0 0 0 0 0 0 0 0 0 0 0 0 0 0 0 0 0 0 0 0 0 0 0 0 0 0 0 0 0 0 0 0 0 0 0]
[4590155463318038698527038422444501986601547901087402118282944072921329481698381980644705410481609757015630994954357470834329088048666136593694625097246749288257978482240739942458563269461912619526501326251662306299335309776537747861402303667738969525085 0 1 0 0 0 0 0 0 0 0 0 0 0 0 0 0 0 0 0 0 0 0 0 0 0 0 0 0 0 0 0 0 0 0 0 0 0 0 0 0 0 0 0 0 0 0 0 0 0 0 0 0 0 0 0 0 0 0 0 0 0 0 0 0 0 0 0 0 0 0 0 0 0 0 0 0 0 0 0 0 0 0 0]
[1631953634043448252655247145980982954377077112846290164244077793151472204614135105049287011869069784483218510460052374663715965991005367670000658915233520939264440164684155114833754492648063357321738551447826520587784397091735189088329746783799596619609 0 0 1 0 0 0 0 0 0 0 0 0 0 0 0 0 0 0 0 0 0 0 0 0 0 0 0 0 0 0 0 0 0 0 0 0 0 0 0 0 0 0 0 0 0 0 0 0 0 0 0 0 0 0 0 0 0 0 0 0 0 0 0 0 0 0 0 0 0 0 0 0 0 0 0 0 0 0 0 0 0 0 0]
[489849477515499895021831965047719670029225468046164002704851019043830684674461055685975956156115883445342797364887559293004777350006195033190615057562809166682957827382004165096427632369803677537440729069634966080120721694273862256954415874829005496990 0 0 0 1 0 0 0 0 0 0 0 0 0 0 0 0 0 0 0 0 0 0 0 0 0 0 0 0 0 0 0 0 0 0 0 0 0 0 0 0 0 0 0 0 0 0 0 0 0 0 0 0 0 0 0 0 0 0 0 0 0 0 0 0 0 0 0 0 0 0 0 0 0 0 0 0 0 0 0 0 0 0 0]
[3957103678199189409057066484938746630124922677540943172457972877153550147758674058697109672695867165391496681005313106155972652334710823621550468794522438600596984808921641574846983455768301205305963706351413474873810584964364932344034293968569269525491 0 0 0 0 1 0 0 0 0 0 0 0 0 0 0 0 0 0 0 0 0 0 0 0 0 0 0 0 0 0 0 0 0 0 0 0 0 0 0 0 0 0 0 0 0 0 0 0 0 0 0 0 0 0 0 0 0 0 0 0 0 0 0 0 0 0 0 0 0 0 0 0 0 0 0 0 0 0 0 0 0 0 0]
[3018003535900186689591823074662943500487841976986189888352521972899750483768877833441100619993595200389697596702680178938980234231594236640290933180645641799859908807176794225324212166397799148701507786261093793153093510358673649640990369338636668034365 0 0 0 0 0 1 0 0 0 0 0 0 0 0 0 0 0 0 0 0 0 0 0 0 0 0 0 0 0 0 0 0 0 0 0 0 0 0 0 0 0 0 0 0 0 0 0 0 0 0 0 0 0 0 0 0 0 0 0 0 0 0 0 0 0 0 0 0 0 0 0 0 0 0 0 0 0 0 0 0 0 0 0]
[632913977202939437605482413249676922175716655401871583453433445224985160107785058841103802138721241296322588940211673957480177474794102042057276744116338362386166383130378501984817317284629321729725879633166538135456707962422409287990708511876451649655 0 0 0 0 0 0 1 0 0 0 0 0 0 0 0 0 0 0 0 0 0 0 0 0 0 0 0 0 0 0 0 0 0 0 0 0 0 0 0 0 0 0 0 0 0 0 0 0 0 0 0 0 0 0 0 0 0 0 0 0 0 0 0 0 0 0 0 0 0 0 0 0 0 0 0 0 0 0 0 0 0 0 0]
[2490801571560509490235443290918258984712304124402271638642353213790082169199773094205545306896642448208256665195028057740318066972127065763571926560238190704846245459177083964192454093521904601752048068791852930947653443186619209523529134446734607077424 0 0 0 0 0 0 0 1 0 0 0 0 0 0 0 0 0 0 0 0 0 0 0 0 0 0 0 0 0 0 0 0 0 0 0 0 0 0 0 0 0 0 0 0 0 0 0 0 0 0 0 0 0 0 0 0 0 0 0 0 0 0 0 0 0 0 0 0 0 0 0 0 0 0 0 0 0 0 0 0 0 0 0]
[100412986343780957900938467476930304801100360719779695471654490668972995886313572441733037892278187878696311365977011596736216509202776037530138839452950539339249739032854604063832769673800921716337191702860247326448058435400751128911425402459689532486 0 0 0 0 0 0 0 0 1 0 0 0 0 0 0 0 0 0 0 0 0 0 0 0 0 0 0 0 0 0 0 0 0 0 0 0 0 0 0 0 0 0 0 0 0 0 0 0 0 0 0 0 0 0 0 0 0 0 0 0 0 0 0 0 0 0 0 0 0 0 0 0 0 0 0 0 0 0 0 0 0 0 0]
[1727172263375180628348574037000705504991378961544884641872207254614677621955097636046104040723189874541313040771331639752552259647559634462200506203838666490026684616205283762487290448548580722613396615277202047820280519287044940455735273374347307950304 0 0 0 0 0 0 0 0 0 1 0 0 0 0 0 0 0 0 0 0 0 0 0 0 0 0 0 0 0 0 0 0 0 0 0 0 0 0 0 0 0 0 0 0 0 0 0 0 0 0 0 0 0 0 0 0 0 0 0 0 0 0 0 0 0 0 0 0 0 0 0 0 0 0 0 0 0 0 0 0 0 0 0]
[480831449619000844363442938117091963934397142666918492667964231851915016179819659955698097783869186908189668743700330586524965802774369744048583334866573726022433435453141629454073284356870594615911340233719848321566842908470831101321421025621592988006 0 0 0 0 0 0 0 0 0 0 1 0 0 0 0 0 0 0 0 0 0 0 0 0 0 0 0 0 0 0 0 0 0 0 0 0 0 0 0 0 0 0 0 0 0 0 0 0 0 0 0 0 0 0 0 0 0 0 0 0 0 0 0 0 0 0 0 0 0 0 0 0 0 0 0 0 0 0 0 0 0 0 0]
[1512612837721352060968103995082589001107661634486677888025121170881178447412002973924334634465312738420497864263506112536449226795778378343146342792874105398396987526566453002884877055419587040670786202842063037067911319934840668408473186396107935700776 0 0 0 0 0 0 0 0 0 0 0 1 0 0 0 0 0 0 0 0 0 0 0 0 0 0 0 0 0 0 0 0 0 0 0 0 0 0 0 0 0 0 0 0 0 0 0 0 0 0 0 0 0 0 0 0 0 0 0 0 0 0 0 0 0 0 0 0 0 0 0 0 0 0 0 0 0 0 0 0 0 0 0]
[3721514117856600626757795617621819484178647767080262136795762668113222876363599893419497500156600832086582325373406079253582121651035438021574971680393995472982704398040261046073360243696237542939044313946642355761448902556268178643266314414926401646494 0 0 0 0 0 0 0 0 0 0 0 0 1 0 0 0 0 0 0 0 0 0 0 0 0 0 0 0 0 0 0 0 0 0 0 0 0 0 0 0 0 0 0 0 0 0 0 0 0 0 0 0 0 0 0 0 0 0 0 0 0 0 0 0 0 0 0 0 0 0 0 0 0 0 0 0 0 0 0 0 0 0 0]
[1391296749690417102263078882038171367067576389973610385031822282543737159894133686617846623185042525991917499280565632800095055873663396379109420854633031930129900107795467741987064769056309863424943350208009202000041809154794697328824107993210083329769 0 0 0 0 0 0 0 0 0 0 0 0 0 1 0 0 0 0 0 0 0 0 0 0 0 0 0 0 0 0 0 0 0 0 0 0 0 0 0 0 0 0 0 0 0 0 0 0 0 0 0 0 0 0 0 0 0 0 0 0 0 0 0 0 0 0 0 0 0 0 0 0 0 0 0 0 0 0 0 0 0 0 0]
[1088151681928494989237267055069895115216472887549428972153626271010406266967515505108406173218417898993827836678217534542816979791626668098317313593303404658031602733662496822439370818246812391207821728035313654942305876464472490078649651968912266693034 0 0 0 0 0 0 0 0 0 0 0 0 0 0 1 0 0 0 0 0 0 0 0 0 0 0 0 0 0 0 0 0 0 0 0 0 0 0 0 0 0 0 0 0 0 0 0 0 0 0 0 0 0 0 0 0 0 0 0 0 0 0 0 0 0 0 0 0 0 0 0 0 0 0 0 0 0 0 0 0 0 0 0]
[3173908379387675452630250432688263309831212017413997565560827267504925478397489480927873071512415353917013823799044091368986774670010954222219498037272492759716684107515755270091468963500698734021596088218523567274219850436505705568299315543058095974627 0 0 0 0 0 0 0 0 0 0 0 0 0 0 0 1 0 0 0 0 0 0 0 0 0 0 0 0 0 0 0 0 0 0 0 0 0 0 0 0 0 0 0 0 0 0 0 0 0 0 0 0 0 0 0 0 0 0 0 0 0 0 0 0 0 0 0 0 0 0 0 0 0 0 0 0 0 0 0 0 0 0 0]
[88201244958347856609706999568414328958971232245196107353714315443933180780534055889608392469422810738532410940429824519803605682253083036988886385753875117903897441585165774241495813500221491309736783417367556696629800391397647991333786535237977864525 0 0 0 0 0 0 0 0 0 0 0 0 0 0 0 0 1 0 0 0 0 0 0 0 0 0 0 0 0 0 0 0 0 0 0 0 0 0 0 0 0 0 0 0 0 0 0 0 0 0 0 0 0 0 0 0 0 0 0 0 0 0 0 0 0 0 0 0 0 0 0 0 0 0 0 0 0 0 0 0 0 0 0]
[3224268636737306256269749302136582547048980141069954566039232834376324941126720990828150526197933764603062138840685362640058851257245814938311627639257709563790125850766437830472320854879852225091717270241475386480570468772446545972937147916740718441859 0 0 0 0 0 0 0 0 0 0 0 0 0 0 0 0 0 1 0 0 0 0 0 0 0 0 0 0 0 0 0 0 0 0 0 0 0 0 0 0 0 0 0 0 0 0 0 0 0 0 0 0 0 0 0 0 0 0 0 0 0 0 0 0 0 0 0 0 0 0 0 0 0 0 0 0 0 0 0 0 0 0 0]
[1181361077668110453936849393086896515916509585350241036566044625376860860910809838853201748046951503549986320768191553785805857120602798813102383564458957076383757625135225125247941627478694924839181774335710809418367968842939161721644454287931160738858 0 0 0 0 0 0 0 0 0 0 0 0 0 0 0 0 0 0 1 0 0 0 0 0 0 0 0 0 0 0 0 0 0 0 0 0 0 0 0 0 0 0 0 0 0 0 0 0 0 0 0 0 0 0 0 0 0 0 0 0 0 0 0 0 0 0 0 0 0 0 0 0 0 0 0 0 0 0 0 0 0 0 0]
[2236264881147421793724057643128671880227039964368616045927407235622722749401101291987149517675379837808775838447027162018290541691731753417339163974109910655636445062911302086178444556513451489063516773171281342690618992814954769429289319153732839567048 0 0 0 0 0 0 0 0 0 0 0 0 0 0 0 0 0 0 0 1 0 0 0 0 0 0 0 0 0 0 0 0 0 0 0 0 0 0 0 0 0 0 0 0 0 0 0 0 0 0 0 0 0 0 0 0 0 0 0 0 0 0 0 0 0 0 0 0 0 0 0 0 0 0 0 0 0 0 0 0 0 0 0]
[4519998464202358623824305107334996489718942599771923273995309581095110843449397559083113248298871644971562510042598824244829250278302744151885874302952392043998607582743999478590508056394107183884678214163082397348613572280758871076446801997001376341861 0 0 0 0 0 0 0 0 0 0 0 0 0 0 0 0 0 0 0 0 1 0 0 0 0 0 0 0 0 0 0 0 0 0 0 0 0 0 0 0 0 0 0 0 0 0 0 0 0 0 0 0 0 0 0 0 0 0 0 0 0 0 0 0 0 0 0 0 0 0 0 0 0 0 0 0 0 0 0 0 0 0 0]
[4627777800445126987860320149228294034062392029271507204240605333248873958248059390401721501190493892279787620833743348254660990081319071930112970216308910196436258855842574767505160094926198207836503758729190242920705333239651820851971856464214387296118 0 0 0 0 0 0 0 0 0 0 0 0 0 0 0 0 0 0 0 0 0 1 0 0 0 0 0 0 0 0 0 0 0 0 0 0 0 0 0 0 0 0 0 0 0 0 0 0 0 0 0 0 0 0 0 0 0 0 0 0 0 0 0 0 0 0 0 0 0 0 0 0 0 0 0 0 0 0 0 0 0 0 0]
[3451372350458731348436536707825425821272270660967959368946649389899420497267291360733183812820450940619499696390102883526752779082526891074043913617235633483908042226838708291838068149551994961773942546600006672313346186562855083882543241012263840641146 0 0 0 0 0 0 0 0 0 0 0 0 0 0 0 0 0 0 0 0 0 0 1 0 0 0 0 0 0 0 0 0 0 0 0 0 0 0 0 0 0 0 0 0 0 0 0 0 0 0 0 0 0 0 0 0 0 0 0 0 0 0 0 0 0 0 0 0 0 0 0 0 0 0 0 0 0 0 0 0 0 0 0]
[1755244849043468136587172864607874317408006927090982191470584075221028904319549612008390036731267068538846685711021143797029840171763698200005951796157109799524356275671949273936941076309788231796357027055876066923014316071933380347261593312294782749281 0 0 0 0 0 0 0 0 0 0 0 0 0 0 0 0 0 0 0 0 0 0 0 1 0 0 0 0 0 0 0 0 0 0 0 0 0 0 0 0 0 0 0 0 0 0 0 0 0 0 0 0 0 0 0 0 0 0 0 0 0 0 0 0 0 0 0 0 0 0 0 0 0 0 0 0 0 0 0 0 0 0 0]
[941078266682625621889480648407017002550892732833045237174151801738340428131511665579379798789669063272938673202487611151709324408610070021156869133066818144122694417527638874485005656637942421654759400625224259383092426530974629165597224837861716151594 0 0 0 0 0 0 0 0 0 0 0 0 0 0 0 0 0 0 0 0 0 0 0 0 1 0 0 0 0 0 0 0 0 0 0 0 0 0 0 0 0 0 0 0 0 0 0 0 0 0 0 0 0 0 0 0 0 0 0 0 0 0 0 0 0 0 0 0 0 0 0 0 0 0 0 0 0 0 0 0 0 0 0]
[4404787419651029189072152032194063876114111622619302667771194360610067457018349214196069683853232224274779550415339308248149314482300210495949184101482534959986571730547672811615415676608534488177468511558599817783129395520499561037240592475865822905011 0 0 0 0 0 0 0 0 0 0 0 0 0 0 0 0 0 0 0 0 0 0 0 0 0 1 0 0 0 0 0 0 0 0 0 0 0 0 0 0 0 0 0 0 0 0 0 0 0 0 0 0 0 0 0 0 0 0 0 0 0 0 0 0 0 0 0 0 0 0 0 0 0 0 0 0 0 0 0 0 0 0 0]
[80117457997880894418819888010317954427036079098801189445734163537450126323981040378033165587033630056025765648684793768188129887084474014644931015762160095279838676410923477712327217308661810713850431299757800703133351460228845376158980757481407704260 0 0 0 0 0 0 0 0 0 0 0 0 0 0 0 0 0 0 0 0 0 0 0 0 0 0 1 0 0 0 0 0 0 0 0 0 0 0 0 0 0 0 0 0 0 0 0 0 0 0 0 0 0 0 0 0 0 0 0 0 0 0 0 0 0 0 0 0 0 0 0 0 0 0 0 0 0 0 0 0 0 0 0]
[2175046344154696000623347200351648070672905502566628536421766342515322753191065062116340396630680399518212400478903173688074954201634116784486415978202635258201031638359882431553816991983117377692254304609369670359466965688962851428612960541989061269856 0 0 0 0 0 0 0 0 0 0 0 0 0 0 0 0 0 0 0 0 0 0 0 0 0 0 0 1 0 0 0 0 0 0 0 0 0 0 0 0 0 0 0 0 0 0 0 0 0 0 0 0 0 0 0 0 0 0 0 0 0 0 0 0 0 0 0 0 0 0 0 0 0 0 0 0 0 0 0 0 0 0 0]
[986853301940003042227089586077232142103941236843152498634847520298109698057798896782476137229768673374991302285440970058066143393976172526128165863593445757912898059269437383973238166150444359766833881127280435711192129201605258301532058596113864819060 0 0 0 0 0 0 0 0 0 0 0 0 0 0 0 0 0 0 0 0 0 0 0 0 0 0 0 0 1 0 0 0 0 0 0 0 0 0 0 0 0 0 0 0 0 0 0 0 0 0 0 0 0 0 0 0 0 0 0 0 0 0 0 0 0 0 0 0 0 0 0 0 0 0 0 0 0 0 0 0 0 0 0]
[1695259639191051852940487826560957210620624579879070388621991943376446141611564158595239666014887784183387637463860099284026115451528462744447699869063122008253079578704275644611047303941109855577586300358804111588419727115418810391454944492612079960173 0 0 0 0 0 0 0 0 0 0 0 0 0 0 0 0 0 0 0 0 0 0 0 0 0 0 0 0 0 1 0 0 0 0 0 0 0 0 0 0 0 0 0 0 0 0 0 0 0 0 0 0 0 0 0 0 0 0 0 0 0 0 0 0 0 0 0 0 0 0 0 0 0 0 0 0 0 0 0 0 0 0 0]
[4199919146756636305334332436368307810801365901360747273738740340862489972629899398204581301863735198942983956965932926480247403148595195450980308165398728661182006032639139186007294509878260138475960017644077154688462871616203985772350325731681381008611 0 0 0 0 0 0 0 0 0 0 0 0 0 0 0 0 0 0 0 0 0 0 0 0 0 0 0 0 0 0 1 0 0 0 0 0 0 0 0 0 0 0 0 0 0 0 0 0 0 0 0 0 0 0 0 0 0 0 0 0 0 0 0 0 0 0 0 0 0 0 0 0 0 0 0 0 0 0 0 0 0 0 0]
[471275227650491633406110517787308609803642671453128565057441561272608779009729284089048805454427666227625412162281127926802995154718297312696284879060416824142356552883301233879274311643902036090120529819471065482569392229500054285703338800710391117879 0 0 0 0 0 0 0 0 0 0 0 0 0 0 0 0 0 0 0 0 0 0 0 0 0 0 0 0 0 0 0 1 0 0 0 0 0 0 0 0 0 0 0 0 0 0 0 0 0 0 0 0 0 0 0 0 0 0 0 0 0 0 0 0 0 0 0 0 0 0 0 0 0 0 0 0 0 0 0 0 0 0 0]
[3807395224751405688355890235358114502594454698684369803959422047071403547091037408139589487139560081646500548007268025560797324467477123560770743580573367121866761506705002532415412549733150419395802201950029127638187224894275337261291095097681412039565 0 0 0 0 0 0 0 0 0 0 0 0 0 0 0 0 0 0 0 0 0 0 0 0 0 0 0 0 0 0 0 0 1 0 0 0 0 0 0 0 0 0 0 0 0 0 0 0 0 0 0 0 0 0 0 0 0 0 0 0 0 0 0 0 0 0 0 0 0 0 0 0 0 0 0 0 0 0 0 0 0 0 0]
[1548205837314521438571227041710416457024931535999102991560535575769091041161226307422146474860762143386147665727090557094427174863686861824819579529893630287043431284273133169908127874646792260617843561075575249410523308533484960110968209232056374535594 0 0 0 0 0 0 0 0 0 0 0 0 0 0 0 0 0 0 0 0 0 0 0 0 0 0 0 0 0 0 0 0 0 1 0 0 0 0 0 0 0 0 0 0 0 0 0 0 0 0 0 0 0 0 0 0 0 0 0 0 0 0 0 0 0 0 0 0 0 0 0 0 0 0 0 0 0 0 0 0 0 0 0]
[3022831895043905882374323622859418377380854594144816842230634240291036161087194290852263897744095594723771190781282341301264992191028362056765069844016792340287981860013364932513799532891771327295617874686485181927107853686409460362030628895453970070990 0 0 0 0 0 0 0 0 0 0 0 0 0 0 0 0 0 0 0 0 0 0 0 0 0 0 0 0 0 0 0 0 0 0 1 0 0 0 0 0 0 0 0 0 0 0 0 0 0 0 0 0 0 0 0 0 0 0 0 0 0 0 0 0 0 0 0 0 0 0 0 0 0 0 0 0 0 0 0 0 0 0 0]
[4096368761405516141955780598611059665332674683893610221941150500932587580740033196507930722027791930944850688265576391011723041560839139163858149577701423731840840358320743762019449068386587042911995077646766867689119025132955883919414816858798301503914 0 0 0 0 0 0 0 0 0 0 0 0 0 0 0 0 0 0 0 0 0 0 0 0 0 0 0 0 0 0 0 0 0 0 0 1 0 0 0 0 0 0 0 0 0 0 0 0 0 0 0 0 0 0 0 0 0 0 0 0 0 0 0 0 0 0 0 0 0 0 0 0 0 0 0 0 0 0 0 0 0 0 0]
[2125382360266543666716258673430879239441795210879442664006427798112872527876578064600871854350715654793074432350568895231643887301985253472203171397664256318508869243523161948500677848114230929911567440532308934009028006146324621423254220303241684350176 0 0 0 0 0 0 0 0 0 0 0 0 0 0 0 0 0 0 0 0 0 0 0 0 0 0 0 0 0 0 0 0 0 0 0 0 1 0 0 0 0 0 0 0 0 0 0 0 0 0 0 0 0 0 0 0 0 0 0 0 0 0 0 0 0 0 0 0 0 0 0 0 0 0 0 0 0 0 0 0 0 0 0]
[3011495336082495984674546141655707919163956723761645737587622359474983003443605518742574979035530527720534071204482332799812386278511528421152256512981027291208572859350736942061584064149472623211018178078286770402159175010055434034694171331942414334168 0 0 0 0 0 0 0 0 0 0 0 0 0 0 0 0 0 0 0 0 0 0 0 0 0 0 0 0 0 0 0 0 0 0 0 0 0 1 0 0 0 0 0 0 0 0 0 0 0 0 0 0 0 0 0 0 0 0 0 0 0 0 0 0 0 0 0 0 0 0 0 0 0 0 0 0 0 0 0 0 0 0 0]
[3019755820165449196415763593702127116784024309663713065123508133205056799179128011223196041018176978370375099150935285481873769040188508797910688948248475377741212798125196716419987952807812393532776278995609068064948846332341744259390877615475055120315 0 0 0 0 0 0 0 0 0 0 0 0 0 0 0 0 0 0 0 0 0 0 0 0 0 0 0 0 0 0 0 0 0 0 0 0 0 0 1 0 0 0 0 0 0 0 0 0 0 0 0 0 0 0 0 0 0 0 0 0 0 0 0 0 0 0 0 0 0 0 0 0 0 0 0 0 0 0 0 0 0 0 0]
[404390440881526766874250951647480509640091635540745624818555488852219719619972545721810126915372946638194544801364926704167670147616163709420445972185137498439111779869215656732151875741898487805203711518522067451731368432271937114216465793712223399542 0 0 0 0 0 0 0 0 0 0 0 0 0 0 0 0 0 0 0 0 0 0 0 0 0 0 0 0 0 0 0 0 0 0 0 0 0 0 0 1 0 0 0 0 0 0 0 0 0 0 0 0 0 0 0 0 0 0 0 0 0 0 0 0 0 0 0 0 0 0 0 0 0 0 0 0 0 0 0 0 0 0 0]
[3250142890851933330993501668766349763381606572384772657473544285540884065191774192287139261204513363853642769176373936697466944199101869440774875278932173187397872910218176039933509182344399257243889132191911627716310952170678785227770382925358281323236 0 0 0 0 0 0 0 0 0 0 0 0 0 0 0 0 0 0 0 0 0 0 0 0 0 0 0 0 0 0 0 0 0 0 0 0 0 0 0 0 1 0 0 0 0 0 0 0 0 0 0 0 0 0 0 0 0 0 0 0 0 0 0 0 0 0 0 0 0 0 0 0 0 0 0 0 0 0 0 0 0 0 0]
[2852577497406627761093215832930725341706027910627203309862450184486018950138862708952288837488731380109221072818240304505447094266488027290022056245806848430766732731013058201260520581254174601573317951930454467802242621524000297971229264311249520832883 0 0 0 0 0 0 0 0 0 0 0 0 0 0 0 0 0 0 0 0 0 0 0 0 0 0 0 0 0 0 0 0 0 0 0 0 0 0 0 0 0 1 0 0 0 0 0 0 0 0 0 0 0 0 0 0 0 0 0 0 0 0 0 0 0 0 0 0 0 0 0 0 0 0 0 0 0 0 0 0 0 0 0]
[4278229378784297438129694309650660363424100591979740794436419354414286474570916086135153350583125372500010180575034482434185429934281792139656689164358823971068365460076945417024097967951615089304815686577862395093154256493019396055915333091839697134835 0 0 0 0 0 0 0 0 0 0 0 0 0 0 0 0 0 0 0 0 0 0 0 0 0 0 0 0 0 0 0 0 0 0 0 0 0 0 0 0 0 0 1 0 0 0 0 0 0 0 0 0 0 0 0 0 0 0 0 0 0 0 0 0 0 0 0 0 0 0 0 0 0 0 0 0 0 0 0 0 0 0 0]
[1016537387160574254613191357304654735622103657426567937916347310354517194320056463244268601982243783330970191939101368210455358089067375063092553228538864479522404699818315361443595489453740140695723015121685710850263999589673388179011314266264925625593 0 0 0 0 0 0 0 0 0 0 0 0 0 0 0 0 0 0 0 0 0 0 0 0 0 0 0 0 0 0 0 0 0 0 0 0 0 0 0 0 0 0 0 1 0 0 0 0 0 0 0 0 0 0 0 0 0 0 0 0 0 0 0 0 0 0 0 0 0 0 0 0 0 0 0 0 0 0 0 0 0 0 0]
[3743454676761279967264336088133917059983628334235134854795562629718372260189626763099660219000594246471029532763320139209945588579155813301982543035253276988342485773332957845785916441796507190375665528955680662694453511770268501054754037881608012569003 0 0 0 0 0 0 0 0 0 0 0 0 0 0 0 0 0 0 0 0 0 0 0 0 0 0 0 0 0 0 0 0 0 0 0 0 0 0 0 0 0 0 0 0 1 0 0 0 0 0 0 0 0 0 0 0 0 0 0 0 0 0 0 0 0 0 0 0 0 0 0 0 0 0 0 0 0 0 0 0 0 0 0]
[1316603702920500772784263704028935189511038468834860067319240333070041026731127865199123723078437094882489619360472310909357095469361162295831788667486115610446032639476649890541512238134271283005892320421560037152423761574685115963982401559814150148956 0 0 0 0 0 0 0 0 0 0 0 0 0 0 0 0 0 0 0 0 0 0 0 0 0 0 0 0 0 0 0 0 0 0 0 0 0 0 0 0 0 0 0 0 0 1 0 0 0 0 0 0 0 0 0 0 0 0 0 0 0 0 0 0 0 0 0 0 0 0 0 0 0 0 0 0 0 0 0 0 0 0 0]
[2727885046502934982058025444701729476999154681699183531221177627943991493443307556664147228963712985438609644091192167019922441998043933611255034173391398600295827549397708610027971444047893549789936749752370838811754736157953055558602172750964402755213 0 0 0 0 0 0 0 0 0 0 0 0 0 0 0 0 0 0 0 0 0 0 0 0 0 0 0 0 0 0 0 0 0 0 0 0 0 0 0 0 0 0 0 0 0 0 1 0 0 0 0 0 0 0 0 0 0 0 0 0 0 0 0 0 0 0 0 0 0 0 0 0 0 0 0 0 0 0 0 0 0 0 0]
[2476372369628543880122956345118942260815254434469364792268465808308017647249930954240355838232311371635743553217937875276521177715697704607826506152688243814777406344978379957412694830648448186963324799032785357019389093611782878205515056892832027950293 0 0 0 0 0 0 0 0 0 0 0 0 0 0 0 0 0 0 0 0 0 0 0 0 0 0 0 0 0 0 0 0 0 0 0 0 0 0 0 0 0 0 0 0 0 0 0 1 0 0 0 0 0 0 0 0 0 0 0 0 0 0 0 0 0 0 0 0 0 0 0 0 0 0 0 0 0 0 0 0 0 0 0]
[3362251945303385852093653283465617058944518567380735511498088083861204338981141099134887767102040216725947711975496304925848716560637394447770385163495313372476830236488716886348023388228171118972232696666000698142260453274082661953730173501659963242069 0 0 0 0 0 0 0 0 0 0 0 0 0 0 0 0 0 0 0 0 0 0 0 0 0 0 0 0 0 0 0 0 0 0 0 0 0 0 0 0 0 0 0 0 0 0 0 0 1 0 0 0 0 0 0 0 0 0 0 0 0 0 0 0 0 0 0 0 0 0 0 0 0 0 0 0 0 0 0 0 0 0 0]
[4465842308842657591293597502891695091053943176995128811443913538109707101782367579820671296565018943715535498396345231747746367833890623776362945150144434252083641072138723278740672841326373093641322425235467950197584900588599045883818160941543397435190 0 0 0 0 0 0 0 0 0 0 0 0 0 0 0 0 0 0 0 0 0 0 0 0 0 0 0 0 0 0 0 0 0 0 0 0 0 0 0 0 0 0 0 0 0 0 0 0 0 1 0 0 0 0 0 0 0 0 0 0 0 0 0 0 0 0 0 0 0 0 0 0 0 0 0 0 0 0 0 0 0 0 0]
[2920709133869882352740485117512256197822609096272211083824955704188158899140387863431603114426178836128924914536814127583951558643604415932837736541135744329871278461823691279926552784213046784561356303526394081297519329113316958890402621591686245386108 0 0 0 0 0 0 0 0 0 0 0 0 0 0 0 0 0 0 0 0 0 0 0 0 0 0 0 0 0 0 0 0 0 0 0 0 0 0 0 0 0 0 0 0 0 0 0 0 0 0 1 0 0 0 0 0 0 0 0 0 0 0 0 0 0 0 0 0 0 0 0 0 0 0 0 0 0 0 0 0 0 0 0]
[670249812489341852287973632660904650831844494788375093102685939844179341661816473239334032378027674438467574075918814684167659155542081387608020520355567653844245185631985419358445001229120506545531945553180969578173910940015201300355261499115169457230 0 0 0 0 0 0 0 0 0 0 0 0 0 0 0 0 0 0 0 0 0 0 0 0 0 0 0 0 0 0 0 0 0 0 0 0 0 0 0 0 0 0 0 0 0 0 0 0 0 0 0 1 0 0 0 0 0 0 0 0 0 0 0 0 0 0 0 0 0 0 0 0 0 0 0 0 0 0 0 0 0 0 0]
[3194082153295729056044629588417879190254480497619491145262558453431981080259234182605957000370679797339689526733966460930255652545664668101287737074702896566063449516918902427038616209205866831459035811709763073995717160366839788994961061442512371160932 0 0 0 0 0 0 0 0 0 0 0 0 0 0 0 0 0 0 0 0 0 0 0 0 0 0 0 0 0 0 0 0 0 0 0 0 0 0 0 0 0 0 0 0 0 0 0 0 0 0 0 0 1 0 0 0 0 0 0 0 0 0 0 0 0 0 0 0 0 0 0 0 0 0 0 0 0 0 0 0 0 0 0]
[4486672769470945574628834346475500420391833497488151791431484171760864780006940955786319965341316097786346663356168051067064904168510869997081309987391527756529799138558549951926653638135804099600051903617848702296150430987333722726617462812544470936809 0 0 0 0 0 0 0 0 0 0 0 0 0 0 0 0 0 0 0 0 0 0 0 0 0 0 0 0 0 0 0 0 0 0 0 0 0 0 0 0 0 0 0 0 0 0 0 0 0 0 0 0 0 1 0 0 0 0 0 0 0 0 0 0 0 0 0 0 0 0 0 0 0 0 0 0 0 0 0 0 0 0 0]
[4526577548841354640460709096067784901671528031311594205528420407054676144438782171719628471084571324729265142156501875539799931589642462752950568709902059459034408868473875692908886187234769566774152674962466388160636460213289173687066676569533579382322 0 0 0 0 0 0 0 0 0 0 0 0 0 0 0 0 0 0 0 0 0 0 0 0 0 0 0 0 0 0 0 0 0 0 0 0 0 0 0 0 0 0 0 0 0 0 0 0 0 0 0 0 0 0 1 0 0 0 0 0 0 0 0 0 0 0 0 0 0 0 0 0 0 0 0 0 0 0 0 0 0 0 0]
[532007235826334423144740310212386967313402856286958290490313871349874356277138517740687976240900835955568488481423681532293114877862121521262742002513647570441364700783383918628761447035604045908744372886290072261091717655676128202957486077367298507447 0 0 0 0 0 0 0 0 0 0 0 0 0 0 0 0 0 0 0 0 0 0 0 0 0 0 0 0 0 0 0 0 0 0 0 0 0 0 0 0 0 0 0 0 0 0 0 0 0 0 0 0 0 0 0 1 0 0 0 0 0 0 0 0 0 0 0 0 0 0 0 0 0 0 0 0 0 0 0 0 0 0 0]
[2410173316731276639225617231477847026569190068193871397787706986136551480467308244596462837790882780297446008220220986099094218382142299234912999137980573204922432642423574554809241981574482572750057640303221262605409845883955511765174431414132206844304 0 0 0 0 0 0 0 0 0 0 0 0 0 0 0 0 0 0 0 0 0 0 0 0 0 0 0 0 0 0 0 0 0 0 0 0 0 0 0 0 0 0 0 0 0 0 0 0 0 0 0 0 0 0 0 0 1 0 0 0 0 0 0 0 0 0 0 0 0 0 0 0 0 0 0 0 0 0 0 0 0 0 0]
[4344072391330070124279642446737197668504755885174094441011109139695838191001773561194664728931929550575857645837049581668674619857992884407467798546240051392435440800277382450931891738704799044785080201402590153850713097500586096283063091083944042229327 0 0 0 0 0 0 0 0 0 0 0 0 0 0 0 0 0 0 0 0 0 0 0 0 0 0 0 0 0 0 0 0 0 0 0 0 0 0 0 0 0 0 0 0 0 0 0 0 0 0 0 0 0 0 0 0 0 1 0 0 0 0 0 0 0 0 0 0 0 0 0 0 0 0 0 0 0 0 0 0 0 0 0]
[4739708058359537431336864076321577505513006508866720782981441281784604690141222171365892566859018017866606372382194689922813128716683390402716159042382313024430703416103057437811343302975807046556865978093832305979604337873879724135607221835853346392557 0 0 0 0 0 0 0 0 0 0 0 0 0 0 0 0 0 0 0 0 0 0 0 0 0 0 0 0 0 0 0 0 0 0 0 0 0 0 0 0 0 0 0 0 0 0 0 0 0 0 0 0 0 0 0 0 0 0 1 0 0 0 0 0 0 0 0 0 0 0 0 0 0 0 0 0 0 0 0 0 0 0 0]
[4279980425055585168954111853908476444571524265273615580632356818147835637689465305391163705886936235482787726809564662330222253391173983263842702876539229496704563396751589269212909121470275702719636042058880068513321363149762517579820505936052616330536 0 0 0 0 0 0 0 0 0 0 0 0 0 0 0 0 0 0 0 0 0 0 0 0 0 0 0 0 0 0 0 0 0 0 0 0 0 0 0 0 0 0 0 0 0 0 0 0 0 0 0 0 0 0 0 0 0 0 0 1 0 0 0 0 0 0 0 0 0 0 0 0 0 0 0 0 0 0 0 0 0 0 0]
[1892038396333652053541497843704134405335203070282987080253781120004972154450796598193907265420471496103567286018360316757824709363555222704113786379089557715819176633336573486955754284870152605377651727464457398824760123585998501827483663468177080474954 0 0 0 0 0 0 0 0 0 0 0 0 0 0 0 0 0 0 0 0 0 0 0 0 0 0 0 0 0 0 0 0 0 0 0 0 0 0 0 0 0 0 0 0 0 0 0 0 0 0 0 0 0 0 0 0 0 0 0 0 1 0 0 0 0 0 0 0 0 0 0 0 0 0 0 0 0 0 0 0 0 0 0]
[4685384309038045379727405121779861292848586507545190331915398676813107850076092556185747429184605813026672377465143012287567269604468558611736081075436736082862277625557516783691329021681282176502631836520366205486929447367549425584958420397256038295914 0 0 0 0 0 0 0 0 0 0 0 0 0 0 0 0 0 0 0 0 0 0 0 0 0 0 0 0 0 0 0 0 0 0 0 0 0 0 0 0 0 0 0 0 0 0 0 0 0 0 0 0 0 0 0 0 0 0 0 0 0 1 0 0 0 0 0 0 0 0 0 0 0 0 0 0 0 0 0 0 0 0 0]
[1257059801602655603819498407155115213139855057151467222302634232682586655223844647140184606163833928931757944326471895859072694145420810397238456821931125132378576074264844683160761528820515841856665831695892417669948673230376537948575362239294946645978 0 0 0 0 0 0 0 0 0 0 0 0 0 0 0 0 0 0 0 0 0 0 0 0 0 0 0 0 0 0 0 0 0 0 0 0 0 0 0 0 0 0 0 0 0 0 0 0 0 0 0 0 0 0 0 0 0 0 0 0 0 0 1 0 0 0 0 0 0 0 0 0 0 0 0 0 0 0 0 0 0 0 0]
[928380353527108205619423745881564433063173490790890642385735385824680582537923226834246730010289894759062654202975064778902878877427805729339098171717047396750678656176888305439065089264744544145721599601439610327707131323025887160017541538206837796991 0 0 0 0 0 0 0 0 0 0 0 0 0 0 0 0 0 0 0 0 0 0 0 0 0 0 0 0 0 0 0 0 0 0 0 0 0 0 0 0 0 0 0 0 0 0 0 0 0 0 0 0 0 0 0 0 0 0 0 0 0 0 0 1 0 0 0 0 0 0 0 0 0 0 0 0 0 0 0 0 0 0 0]
[4089304602350019287485940808657645165507913082453991805182047764334165367390003422069546368473463060520901953688990859422092384681491717043209004009201698931259895446360426141398650269871049740163395153574635876290897334830609000753869898617584196340575 0 0 0 0 0 0 0 0 0 0 0 0 0 0 0 0 0 0 0 0 0 0 0 0 0 0 0 0 0 0 0 0 0 0 0 0 0 0 0 0 0 0 0 0 0 0 0 0 0 0 0 0 0 0 0 0 0 0 0 0 0 0 0 0 1 0 0 0 0 0 0 0 0 0 0 0 0 0 0 0 0 0 0]
[3120665874878861253628314207859617378453421155256883046704336213054997496584070726376162774290612568685697031014702261435489077324725056339452081346816069896411379998408084337304038275174674333014466003433870328730059508596048752875743981604370567668109 0 0 0 0 0 0 0 0 0 0 0 0 0 0 0 0 0 0 0 0 0 0 0 0 0 0 0 0 0 0 0 0 0 0 0 0 0 0 0 0 0 0 0 0 0 0 0 0 0 0 0 0 0 0 0 0 0 0 0 0 0 0 0 0 0 1 0 0 0 0 0 0 0 0 0 0 0 0 0 0 0 0 0]
[2484013516421791901663837580705142082378345542019270095032394792182166988288172974666058462259491012868291131714130574824117002704282973629968723539482458641226522626157358755296744456678052613325883057731563000459170192994803711595713244462370860000997 0 0 0 0 0 0 0 0 0 0 0 0 0 0 0 0 0 0 0 0 0 0 0 0 0 0 0 0 0 0 0 0 0 0 0 0 0 0 0 0 0 0 0 0 0 0 0 0 0 0 0 0 0 0 0 0 0 0 0 0 0 0 0 0 0 0 1 0 0 0 0 0 0 0 0 0 0 0 0 0 0 0 0]
[2168953795874556905451292631069694391613085372057352695786911122789018827521712627858857176671285114777883646163263925082487035091583414996436646740043412602802461891163485990682829610076725050875696393960972261241047238678915509348414435744149361884991 0 0 0 0 0 0 0 0 0 0 0 0 0 0 0 0 0 0 0 0 0 0 0 0 0 0 0 0 0 0 0 0 0 0 0 0 0 0 0 0 0 0 0 0 0 0 0 0 0 0 0 0 0 0 0 0 0 0 0 0 0 0 0 0 0 0 0 1 0 0 0 0 0 0 0 0 0 0 0 0 0 0 0]
[4592459053673134973946517992834698009766466785094402812109193450300871936822601202531087552286360890509688796479748091166164303218935844402061245008456744473988313331061440191201843668345899957772383840498568026651005973941572810194563625323109154181989 0 0 0 0 0 0 0 0 0 0 0 0 0 0 0 0 0 0 0 0 0 0 0 0 0 0 0 0 0 0 0 0 0 0 0 0 0 0 0 0 0 0 0 0 0 0 0 0 0 0 0 0 0 0 0 0 0 0 0 0 0 0 0 0 0 0 0 0 1 0 0 0 0 0 0 0 0 0 0 0 0 0 0]
[3744742285708885139544287874784389027103175688695371402570270273203640939292693399367582094825510610496771918878139031018816752653901188779600465529740258779966468362681440412171383415061449777999016043341630134958379617374591081966602188593105494359547 0 0 0 0 0 0 0 0 0 0 0 0 0 0 0 0 0 0 0 0 0 0 0 0 0 0 0 0 0 0 0 0 0 0 0 0 0 0 0 0 0 0 0 0 0 0 0 0 0 0 0 0 0 0 0 0 0 0 0 0 0 0 0 0 0 0 0 0 0 1 0 0 0 0 0 0 0 0 0 0 0 0 0]
[815035834236009852246093269069979293769290968241192397059409948090319440978677847074374716464713970941363844274799598547278968314474056161843087707574111310915797613106360941070949495221010995579302786001196880581084162388027360856677067195088439541758 0 0 0 0 0 0 0 0 0 0 0 0 0 0 0 0 0 0 0 0 0 0 0 0 0 0 0 0 0 0 0 0 0 0 0 0 0 0 0 0 0 0 0 0 0 0 0 0 0 0 0 0 0 0 0 0 0 0 0 0 0 0 0 0 0 0 0 0 0 0 1 0 0 0 0 0 0 0 0 0 0 0 0]
[7194918593082705710314810910228372908980279334027703807638710101469409815301010103560686507272332636968297906643634808781235632274734172524849290654894632736600420181668536841224388905483527038627757102132964608382478232566857126235084043559839629789 0 0 0 0 0 0 0 0 0 0 0 0 0 0 0 0 0 0 0 0 0 0 0 0 0 0 0 0 0 0 0 0 0 0 0 0 0 0 0 0 0 0 0 0 0 0 0 0 0 0 0 0 0 0 0 0 0 0 0 0 0 0 0 0 0 0 0 0 0 0 0 1 0 0 0 0 0 0 0 0 0 0 0]
[1287383123363969449005326129516652341013389904299206316270460264391073384455920525518974257921439018260427071416881689808233820260331145575868689257943988556041021506280388456111804681298138383682311956191937751957070596277663758545553838474323876384146 0 0 0 0 0 0 0 0 0 0 0 0 0 0 0 0 0 0 0 0 0 0 0 0 0 0 0 0 0 0 0 0 0 0 0 0 0 0 0 0 0 0 0 0 0 0 0 0 0 0 0 0 0 0 0 0 0 0 0 0 0 0 0 0 0 0 0 0 0 0 0 0 1 0 0 0 0 0 0 0 0 0 0]
[2497646903085246381879660981453333147762342126266619974410321810725938081468259008565816318056716289750940015870981644972360038624700522051774777865875595591159008121978180056463272212840831987200326246398574810553291363093144167149165039636807857758077 0 0 0 0 0 0 0 0 0 0 0 0 0 0 0 0 0 0 0 0 0 0 0 0 0 0 0 0 0 0 0 0 0 0 0 0 0 0 0 0 0 0 0 0 0 0 0 0 0 0 0 0 0 0 0 0 0 0 0 0 0 0 0 0 0 0 0 0 0 0 0 0 0 1 0 0 0 0 0 0 0 0 0]
[4414172723985904972844363249278782752367234942391606165436343257729801111945581964360372283184585653370636402978891388335053078754075060927153205003953668419974230240318458759906477682286242778821046183440828504076105819701332832273804902168531886685914 0 0 0 0 0 0 0 0 0 0 0 0 0 0 0 0 0 0 0 0 0 0 0 0 0 0 0 0 0 0 0 0 0 0 0 0 0 0 0 0 0 0 0 0 0 0 0 0 0 0 0 0 0 0 0 0 0 0 0 0 0 0 0 0 0 0 0 0 0 0 0 0 0 0 1 0 0 0 0 0 0 0 0]
[640324437725943486874994974963510450688403166839435807601059386025016063103009518052136484048824160475684460660265251209544048765485709846198428781873615197762311489507409355972938510164124890811721387642080323109715055213432764552396467466769018413980 0 0 0 0 0 0 0 0 0 0 0 0 0 0 0 0 0 0 0 0 0 0 0 0 0 0 0 0 0 0 0 0 0 0 0 0 0 0 0 0 0 0 0 0 0 0 0 0 0 0 0 0 0 0 0 0 0 0 0 0 0 0 0 0 0 0 0 0 0 0 0 0 0 0 0 1 0 0 0 0 0 0 0]
[1037712739409385300664041231273759862597793234617837797128805209699497341602865163196898192034159049936342433652922843712650644384332992214116038337711866187508490324548056165742657429575616969436137577807277061201329289295467812093394586783484743828103 0 0 0 0 0 0 0 0 0 0 0 0 0 0 0 0 0 0 0 0 0 0 0 0 0 0 0 0 0 0 0 0 0 0 0 0 0 0 0 0 0 0 0 0 0 0 0 0 0 0 0 0 0 0 0 0 0 0 0 0 0 0 0 0 0 0 0 0 0 0 0 0 0 0 0 0 1 0 0 0 0 0 0]
[2504914497656564722616058568367735097077189713736798862491293878601526250251904450842427102648595323861383133125645550986300769136717127903126620049066786933387992064274633840877271861634066472470348991081970882966681988268455685122872618465181436677609 0 0 0 0 0 0 0 0 0 0 0 0 0 0 0 0 0 0 0 0 0 0 0 0 0 0 0 0 0 0 0 0 0 0 0 0 0 0 0 0 0 0 0 0 0 0 0 0 0 0 0 0 0 0 0 0 0 0 0 0 0 0 0 0 0 0 0 0 0 0 0 0 0 0 0 0 0 1 0 0 0 0 0]
[372627809936441122562589393131193965307959514095483054501482006442043168359461884069591614380157336948468535388411430844417826179159433026293441793946339571797312833380450036143739324458247924704133097228446563938600329281942557519094281901753936751651 0 0 0 0 0 0 0 0 0 0 0 0 0 0 0 0 0 0 0 0 0 0 0 0 0 0 0 0 0 0 0 0 0 0 0 0 0 0 0 0 0 0 0 0 0 0 0 0 0 0 0 0 0 0 0 0 0 0 0 0 0 0 0 0 0 0 0 0 0 0 0 0 0 0 0 0 0 0 1 0 0 0 0]
[3190608980644559711355673463836525077740661168847491533395180703320979566029380358534183019785371103812268987989816305025230779500304624944760932394891642161054542794598630013514803037437779958805651496356544185505827445170079289972612358295287414832734 0 0 0 0 0 0 0 0 0 0 0 0 0 0 0 0 0 0 0 0 0 0 0 0 0 0 0 0 0 0 0 0 0 0 0 0 0 0 0 0 0 0 0 0 0 0 0 0 0 0 0 0 0 0 0 0 0 0 0 0 0 0 0 0 0 0 0 0 0 0 0 0 0 0 0 0 0 0 0 1 0 0 0]
[703939171465032624388440860967883037287892263151327386356038018931612759461315948406875499665291066490151241652718836921788764628941606171804599797126818591203284701898488388963458104036295318189245230057659661632459906037197055690103504156719726388071 0 0 0 0 0 0 0 0 0 0 0 0 0 0 0 0 0 0 0 0 0 0 0 0 0 0 0 0 0 0 0 0 0 0 0 0 0 0 0 0 0 0 0 0 0 0 0 0 0 0 0 0 0 0 0 0 0 0 0 0 0 0 0 0 0 0 0 0 0 0 0 0 0 0 0 0 0 0 0 0 1 0 0]
[844427466278566440253352835205093267517200974062502279496299645135267908471988575136039394399245795514032757433719081844955727890890402880205485159407530059466735042058667967481215552096798941290439864773699612119475343398024497791920287667227185018016 0 0 0 0 0 0 0 0 0 0 0 0 0 0 0 0 0 0 0 0 0 0 0 0 0 0 0 0 0 0 0 0 0 0 0 0 0 0 0 0 0 0 0 0 0 0 0 0 0 0 0 0 0 0 0 0 0 0 0 0 0 0 0 0 0 0 0 0 0 0 0 0 0 0 0 0 0 0 0 0 0 1 0]
[1955651744363612855183846434069996194988925365544382271433522157794141951792583570259191933418205967374398183493961679901242783032294494413415680883610406079611102762715482253087779931340432518488097936356694049538044521107682009398625529980685656384551 0 0 0 0 0 0 0 0 0 0 0 0 0 0 0 0 0 0 0 0 0 0 0 0 0 0 0 0 0 0 0 0 0 0 0 0 0 0 0 0 0 0 0 0 0 0 0 0 0 0 0 0 0 0 0 0 0 0 0 0 0 0 0 0 0 0 0 0 0 0 0 0 0 0 0 0 0 0 0 0 0 0 1]
]
