[[4072700365885415391995478612830379188142163697654030785047002666966902412024230418129872562482977318104354972796548448919492309851767870066104412355138838901676814745899849817147898185454400759591455594945837238086356422685902215792865549647880831053971 0 0 0 0 0 0 0 0 0 0 0 0 0 0 0 0 0 0 0 0 0 0 0 0 0 0 0 0 0 0 0 0 0 0 0 0 0 0 0 0 0 0 0 0 0 0 0 0 0 0 0 0 0 0 0 0 0 0 0 0 0 0 0 0 0 0 0 0 0 0 0 0 0 0 0 0 0 0 0 0 0 0 0]
[3765057799325454114560000252393276794404764623179632476283593700113149716014194881888717522069688676774289101980000151310020727095765843399400777753467220348831142918760576624664153723413433683450877377023164179410143395652935368193599713812386667053091 1 0 0 0 0 0 0 0 0 0 0 0 0 0 0 0 0 0 0 0 0 0 0 0 0 0 0 0 0 0 0 0 0 0 0 0 0 0 0 0 0 0 0 0 0 0 0 0 0 0 0 0 0 0 0 0 0 0 0 0 0 0 0 0 0 0 0 0 0 0 0 0 0 0 0 0 0 0 0 0 0 0 0]
[2223744231762319360228693669242186527444167099797847064355484306722018982616494536552180608943724492951450253140208305301281479784110831411004551487138107997589034233686061101651011993767091876003329007707135506883971994301764811359097360983583343885816 0 1 0 0 0 0 0 0 0 0 0 0 0 0 0 0 0 0 0 0 0 0 0 0 0 0 0 0 0 0 0 0 0 0 0 0 0 0 0 0 0 0 0 0 0 0 0 0 0 0 0 0 0 0 0 0 0 0 0 0 0 0 0 0 0 0 0 0 0 0 0 0 0 0 0 0 0 0 0 0 0 0 0]
[3184144010705399872471890416619820974754187801118200883067222657044048973587765090570892119004599607578379354800085017090956854346171848431810583431790950767759258107055442821000659942570956683114726202325881210883624641776406158922596858047778627040396 0 0 1 0 0 0 0 0 0 0 0 0 0 0 0 0 0 0 0 0 0 0 0 0 0 0 0 0 0 0 0 0 0 0 0 0 0 0 0 0 0 0 0 0 0 0 0 0 0 0 0 0 0 0 0 0 0 0 0 0 0 0 0 0 0 0 0 0 0 0 0 0 0 0 0 0 0 0 0 0 0 0 0]
[1108798431446128710309070163169685453315705161328955942517389916390454378146003417566306254979822963866932678675448688666961337969433367858928549533532008314376596202193610102475461675710602359348289667702371135624179865844477977461847828850699336774182 0 0 0 1 0 0 0 0 0 0 0 0 0 0 0 0 0 0 0 0 0 0 0 0 0 0 0 0 0 0 0 0 0 0 0 0 0 0 0 0 0 0 0 0 0 0 0 0 0 0 0 0 0 0 0 0 0 0 0 0 0 0 0 0 0 0 0 0 0 0 0 0 0 0 0 0 0 0 0 0 0 0 0]
[942306191181008806681562757185984903002503760543750920948278858843384831258718051038999449797903650959524533531156606807184514340168681419356951906565674613372458270011394512571469821566349243678468131929638170376096277851715066216363125737307849840486 0 0 0 0 1 0 0 0 0 0 0 0 0 0 0 0 0 0 0 0 0 0 0 0 0 0 0 0 0 0 0 0 0 0 0 0 0 0 0 0 0 0 0 0 0 0 0 0 0 0 0 0 0 0 0 0 0 0 0 0 0 0 0 0 0 0 0 0 0 0 0 0 0 0 0 0 0 0 0 0 0 0 0]
[1958964405369768658129600555269963542614836797294318288815319973856475801270035691454674771977710183451590347984906299998970534661773713552918393405925148826919948563647022279548195741700957835923879719659701747005990982249961414392185494125369040160655 0 0 0 0 0 1 0 0 0 0 0 0 0 0 0 0 0 0 0 0 0 0 0 0 0 0 0 0 0 0 0 0 0 0 0 0 0 0 0 0 0 0 0 0 0 0 0 0 0 0 0 0 0 0 0 0 0 0 0 0 0 0 0 0 0 0 0 0 0 0 0 0 0 0 0 0 0 0 0 0 0 0 0]
[926953463701207641377729027938733045788543506698467521849806029354349186066931138891327269808036286622564450572482833440377320342626641720105046056770650388819371117249675777710943677010739310890132534702130075061815252736075155245828230283352382556315 0 0 0 0 0 0 1 0 0 0 0 0 0 0 0 0 0 0 0 0 0 0 0 0 0 0 0 0 0 0 0 0 0 0 0 0 0 0 0 0 0 0 0 0 0 0 0 0 0 0 0 0 0 0 0 0 0 0 0 0 0 0 0 0 0 0 0 0 0 0 0 0 0 0 0 0 0 0 0 0 0 0 0]
[501102279888523524418643547836166727954271911648978125620243471621649742199610124495272443175978228001727729658137366452692640039653268901599044776769640198302325225916677387759442497900585923947802473668315472320240177027669356283264677890939516991093 0 0 0 0 0 0 0 1 0 0 0 0 0 0 0 0 0 0 0 0 0 0 0 0 0 0 0 0 0 0 0 0 0 0 0 0 0 0 0 0 0 0 0 0 0 0 0 0 0 0 0 0 0 0 0 0 0 0 0 0 0 0 0 0 0 0 0 0 0 0 0 0 0 0 0 0 0 0 0 0 0 0 0]
[1856312002209331562872409344656462616374151602227064889880523924865177725418920446674806037367028222390122026036597389773821536728270494351174421464602162794295157851228827992321240988606995608955796576302037019853443344862970219263925061238356025899690 0 0 0 0 0 0 0 0 1 0 0 0 0 0 0 0 0 0 0 0 0 0 0 0 0 0 0 0 0 0 0 0 0 0 0 0 0 0 0 0 0 0 0 0 0 0 0 0 0 0 0 0 0 0 0 0 0 0 0 0 0 0 0 0 0 0 0 0 0 0 0 0 0 0 0 0 0 0 0 0 0 0 0]
[1441777768281942115804583814195335715275408278294922946848509110191997012728794360677127375954332770163113750940020437860134038599005192236017851251907513526785160424999392319357381446968094026685149716354610827418903676112621062095084824384114649546707 0 0 0 0 0 0 0 0 0 1 0 0 0 0 0 0 0 0 0 0 0 0 0 0 0 0 0 0 0 0 0 0 0 0 0 0 0 0 0 0 0 0 0 0 0 0 0 0 0 0 0 0 0 0 0 0 0 0 0 0 0 0 0 0 0 0 0 0 0 0 0 0 0 0 0 0 0 0 0 0 0 0 0]
[1531116989824816182408329595842015133318618571041878522433607748433230359127209144255491675137417339251639140528577658207058095587712148148380823461475401886708968901174275059988754986431734614658158365008769635404346763957825455988790965216760009348470 0 0 0 0 0 0 0 0 0 0 1 0 0 0 0 0 0 0 0 0 0 0 0 0 0 0 0 0 0 0 0 0 0 0 0 0 0 0 0 0 0 0 0 0 0 0 0 0 0 0 0 0 0 0 0 0 0 0 0 0 0 0 0 0 0 0 0 0 0 0 0 0 0 0 0 0 0 0 0 0 0 0 0]
[3683519723519111147310875394933652288632871512000107940407983401751058991531111948475938958160728114024099975289348577812113798732148491976175096898145243096151636154807180732034069331408376177313469705442470310905007350403371998555045330089646119772619 0 0 0 0 0 0 0 0 0 0 0 1 0 0 0 0 0 0 0 0 0 0 0 0 0 0 0 0 0 0 0 0 0 0 0 0 0 0 0 0 0 0 0 0 0 0 0 0 0 0 0 0 0 0 0 0 0 0 0 0 0 0 0 0 0 0 0 0 0 0 0 0 0 0 0 0 0 0 0 0 0 0 0]
[2338463453215814719425004027906403487592793035751434747841686742198786015315275918624409159538976841291100698941737471405908516273760334980243941317567096222231605501587561743528945139846478057407587929075506187073759875345435311824460495142033190072103 0 0 0 0 0 0 0 0 0 0 0 0 1 0 0 0 0 0 0 0 0 0 0 0 0 0 0 0 0 0 0 0 0 0 0 0 0 0 0 0 0 0 0 0 0 0 0 0 0 0 0 0 0 0 0 0 0 0 0 0 0 0 0 0 0 0 0 0 0 0 0 0 0 0 0 0 0 0 0 0 0 0 0]
[396298296572572759726398598666512484732642863019940173051631678659851737074845575155060944264420643247566372217512514449824704059778735753446011820435792483401409993987501458799878436323069073519339920080651182555058430950574892652794338152143895517978 0 0 0 0 0 0 0 0 0 0 0 0 0 1 0 0 0 0 0 0 0 0 0 0 0 0 0 0 0 0 0 0 0 0 0 0 0 0 0 0 0 0 0 0 0 0 0 0 0 0 0 0 0 0 0 0 0 0 0 0 0 0 0 0 0 0 0 0 0 0 0 0 0 0 0 0 0 0 0 0 0 0 0]
[1503786686076073320265177651553360458135741668218277809069759313868102787709610061887325676800804099206957909928961097341465947637121487331605595998173732873876155559952530313652133226537720183714444541315750647725530960429223658696120964220030114374364 0 0 0 0 0 0 0 0 0 0 0 0 0 0 1 0 0 0 0 0 0 0 0 0 0 0 0 0 0 0 0 0 0 0 0 0 0 0 0 0 0 0 0 0 0 0 0 0 0 0 0 0 0 0 0 0 0 0 0 0 0 0 0 0 0 0 0 0 0 0 0 0 0 0 0 0 0 0 0 0 0 0 0]
[68457107821371442790483342009976889736698196428903321233221914859578571138557102104644425724566147860469442511158556717600382837912034269333453005922981875627904201752381646348000161665669096972898243665492008608184173534151898141663790737366631357664 0 0 0 0 0 0 0 0 0 0 0 0 0 0 0 1 0 0 0 0 0 0 0 0 0 0 0 0 0 0 0 0 0 0 0 0 0 0 0 0 0 0 0 0 0 0 0 0 0 0 0 0 0 0 0 0 0 0 0 0 0 0 0 0 0 0 0 0 0 0 0 0 0 0 0 0 0 0 0 0 0 0 0]
[791275995261421261523131166326433579910777254697290201451435070842880130563049458496763201954504867781483179682118519893166347418229025626086352728928522831274503165237140982643595567221650112535815917072406002390171801988948476608256824504501764304927 0 0 0 0 0 0 0 0 0 0 0 0 0 0 0 0 1 0 0 0 0 0 0 0 0 0 0 0 0 0 0 0 0 0 0 0 0 0 0 0 0 0 0 0 0 0 0 0 0 0 0 0 0 0 0 0 0 0 0 0 0 0 0 0 0 0 0 0 0 0 0 0 0 0 0 0 0 0 0 0 0 0 0]
[3901318389711916574192917825261785131497950453614679807624465615554698939370072923244152803123786420467853025122070103345176913811166653051248639731280104260707487333213842734612771248835095765961221629362772779442118017986242475246075243970221291935358 0 0 0 0 0 0 0 0 0 0 0 0 0 0 0 0 0 1 0 0 0 0 0 0 0 0 0 0 0 0 0 0 0 0 0 0 0 0 0 0 0 0 0 0 0 0 0 0 0 0 0 0 0 0 0 0 0 0 0 0 0 0 0 0 0 0 0 0 0 0 0 0 0 0 0 0 0 0 0 0 0 0 0]
[545465930825830210115535489943553987138387595146725690245371979834861891205985974903450183046924673789570682721556824526215204259216667501757417033851291395676846819801878423245879658431028625704117191913966560690373273842905974166163673552640330675721 0 0 0 0 0 0 0 0 0 0 0 0 0 0 0 0 0 0 1 0 0 0 0 0 0 0 0 0 0 0 0 0 0 0 0 0 0 0 0 0 0 0 0 0 0 0 0 0 0 0 0 0 0 0 0 0 0 0 0 0 0 0 0 0 0 0 0 0 0 0 0 0 0 0 0 0 0 0 0 0 0 0 0]
[1124926048617404845943824040983067880535036295936819063706148103977822815541707190851889186082622972338319387633531308502174084113749784204542460887690866435642899000391126517179424903754884349273758793949444943632855656062219466664907193624363378409795 0 0 0 0 0 0 0 0 0 0 0 0 0 0 0 0 0 0 0 1 0 0 0 0 0 0 0 0 0 0 0 0 0 0 0 0 0 0 0 0 0 0 0 0 0 0 0 0 0 0 0 0 0 0 0 0 0 0 0 0 0 0 0 0 0 0 0 0 0 0 0 0 0 0 0 0 0 0 0 0 0 0 0]
[137990210021119607998624967038096272461445040183044247113161056521863206240372435639595482464570037107025693137876835862597586876141338196362585588285766547564314028389720813869484262590698198779216581855382638601135577637411252685001789101074663667047 0 0 0 0 0 0 0 0 0 0 0 0 0 0 0 0 0 0 0 0 1 0 0 0 0 0 0 0 0 0 0 0 0 0 0 0 0 0 0 0 0 0 0 0 0 0 0 0 0 0 0 0 0 0 0 0 0 0 0 0 0 0 0 0 0 0 0 0 0 0 0 0 0 0 0 0 0 0 0 0 0 0 0]
[601478097313901785033457874356165719512309698295932880090940746068789788954615183562083735366480811643181035873301437169382081293361567752023333627720042455078373828793753106385728512522890110899344508037999447487410769107695869492930615358045646021770 0 0 0 0 0 0 0 0 0 0 0 0 0 0 0 0 0 0 0 0 0 1 0 0 0 0 0 0 0 0 0 0 0 0 0 0 0 0 0 0 0 0 0 0 0 0 0 0 0 0 0 0 0 0 0 0 0 0 0 0 0 0 0 0 0 0 0 0 0 0 0 0 0 0 0 0 0 0 0 0 0 0 0]
[259044643788136404107593455116920597492352216291713128532192854950534015421513082148691147117923996660692818872812337610732921509521179184215493462443430675080510361730508288804796934352399634411519099754559520158259760622958667271320761735796612884846 0 0 0 0 0 0 0 0 0 0 0 0 0 0 0 0 0 0 0 0 0 0 1 0 0 0 0 0 0 0 0 0 0 0 0 0 0 0 0 0 0 0 0 0 0 0 0 0 0 0 0 0 0 0 0 0 0 0 0 0 0 0 0 0 0 0 0 0 0 0 0 0 0 0 0 0 0 0 0 0 0 0 0]
[2421860833040595234880384952822878662787303368570097694852117762344662742024018833651021805396207866197299817644861444132913290329670943191118829668742267718230007978360844107354932641312419289753614723819628811651314600560489239077781572537553445459671 0 0 0 0 0 0 0 0 0 0 0 0 0 0 0 0 0 0 0 0 0 0 0 1 0 0 0 0 0 0 0 0 0 0 0 0 0 0 0 0 0 0 0 0 0 0 0 0 0 0 0 0 0 0 0 0 0 0 0 0 0 0 0 0 0 0 0 0 0 0 0 0 0 0 0 0 0 0 0 0 0 0 0]
[1824405194557645634752559890165971532087228439530249435688245800150225009729953394050742218208628078638183832135826443285254703929491109911979315220756466786860300733351139378739268413379263444382554508403751011695474771600124674002543487540642352163011 0 0 0 0 0 0 0 0 0 0 0 0 0 0 0 0 0 0 0 0 0 0 0 0 1 0 0 0 0 0 0 0 0 0 0 0 0 0 0 0 0 0 0 0 0 0 0 0 0 0 0 0 0 0 0 0 0 0 0 0 0 0 0 0 0 0 0 0 0 0 0 0 0 0 0 0 0 0 0 0 0 0 0]
[1216037774046985325524757790898844322298219470645807534765164501204149106308093181025247784957366177519530091716931870346383114392575118558748921024796092342558745927238104748169590276095691999676946119953723585395247041805093139493129334650211744227560 0 0 0 0 0 0 0 0 0 0 0 0 0 0 0 0 0 0 0 0 0 0 0 0 0 1 0 0 0 0 0 0 0 0 0 0 0 0 0 0 0 0 0 0 0 0 0 0 0 0 0 0 0 0 0 0 0 0 0 0 0 0 0 0 0 0 0 0 0 0 0 0 0 0 0 0 0 0 0 0 0 0 0]
[3378007378721940293964162302054099607927308515396877871898998645826159383309660003855654789690502663109461031811216543860382568641471255969887099730766597248881721749785887986595261215311887623399228206388089769719799876444462776885030333104588007636856 0 0 0 0 0 0 0 0 0 0 0 0 0 0 0 0 0 0 0 0 0 0 0 0 0 0 1 0 0 0 0 0 0 0 0 0 0 0 0 0 0 0 0 0 0 0 0 0 0 0 0 0 0 0 0 0 0 0 0 0 0 0 0 0 0 0 0 0 0 0 0 0 0 0 0 0 0 0 0 0 0 0 0]
[2593737986375758940744841483291290853628072623974343257965998417298207050960418880260506005565131034347505432270783598817392125124916273987169971171972410811618430095400801430189118184377886753350483541196154715121603027607900209983553072839132875707569 0 0 0 0 0 0 0 0 0 0 0 0 0 0 0 0 0 0 0 0 0 0 0 0 0 0 0 1 0 0 0 0 0 0 0 0 0 0 0 0 0 0 0 0 0 0 0 0 0 0 0 0 0 0 0 0 0 0 0 0 0 0 0 0 0 0 0 0 0 0 0 0 0 0 0 0 0 0 0 0 0 0 0]
[1185734242857743155736790596050824437175828145017551381877140306170145984099817116037441530665455922526722661239889572332997832642422119128175231964713131697848237654892483179027610636894855266686720561337366590363444366821166311020070999008468940454811 0 0 0 0 0 0 0 0 0 0 0 0 0 0 0 0 0 0 0 0 0 0 0 0 0 0 0 0 1 0 0 0 0 0 0 0 0 0 0 0 0 0 0 0 0 0 0 0 0 0 0 0 0 0 0 0 0 0 0 0 0 0 0 0 0 0 0 0 0 0 0 0 0 0 0 0 0 0 0 0 0 0 0]
[632675932524839688039729364985568715629191598875471758959434537132826271204755322382805031292127128262094860692830393632017006580621264228946585258361125661177691841777811364534588777789352534251116247373296113884070225743704321267586786653948024071859 0 0 0 0 0 0 0 0 0 0 0 0 0 0 0 0 0 0 0 0 0 0 0 0 0 0 0 0 0 1 0 0 0 0 0 0 0 0 0 0 0 0 0 0 0 0 0 0 0 0 0 0 0 0 0 0 0 0 0 0 0 0 0 0 0 0 0 0 0 0 0 0 0 0 0 0 0 0 0 0 0 0 0]
[3839429658342774022947812226196872434583311032043420208710521589839038881695133444124951947605315494709942786072876420854528791540651423785393260406411667776643420182582047861497015015165641847137867164014420587315378277556072636896491926153356824825526 0 0 0 0 0 0 0 0 0 0 0 0 0 0 0 0 0 0 0 0 0 0 0 0 0 0 0 0 0 0 1 0 0 0 0 0 0 0 0 0 0 0 0 0 0 0 0 0 0 0 0 0 0 0 0 0 0 0 0 0 0 0 0 0 0 0 0 0 0 0 0 0 0 0 0 0 0 0 0 0 0 0 0]
[1288001646537978945307295279484147768112541632584976299723080995070124647681639941162498122345413729280181094929000786427943099954119582355140786207258770932871535931613084130177595811813896522193418874547831715033132713329794144032215730601240070129517 0 0 0 0 0 0 0 0 0 0 0 0 0 0 0 0 0 0 0 0 0 0 0 0 0 0 0 0 0 0 0 1 0 0 0 0 0 0 0 0 0 0 0 0 0 0 0 0 0 0 0 0 0 0 0 0 0 0 0 0 0 0 0 0 0 0 0 0 0 0 0 0 0 0 0 0 0 0 0 0 0 0 0]
[2918610238354377010989268067728088957262128223056613113901585554623171773771763939847487004396142999448039580395801929301021093312758549172647303818242674783842553162421782430329191779158755775799426761987225884020274503596910580628357046010714699108696 0 0 0 0 0 0 0 0 0 0 0 0 0 0 0 0 0 0 0 0 0 0 0 0 0 0 0 0 0 0 0 0 1 0 0 0 0 0 0 0 0 0 0 0 0 0 0 0 0 0 0 0 0 0 0 0 0 0 0 0 0 0 0 0 0 0 0 0 0 0 0 0 0 0 0 0 0 0 0 0 0 0 0]
[2372860722856970040901344975283561813026705192056150888297771480934215963306014413252415711635855376599253326887891490525728506350849985667717479351653873893787808579128563934075481008195207532387199996673459216758724689475547451513119388043899949170147 0 0 0 0 0 0 0 0 0 0 0 0 0 0 0 0 0 0 0 0 0 0 0 0 0 0 0 0 0 0 0 0 0 1 0 0 0 0 0 0 0 0 0 0 0 0 0 0 0 0 0 0 0 0 0 0 0 0 0 0 0 0 0 0 0 0 0 0 0 0 0 0 0 0 0 0 0 0 0 0 0 0 0]
[1350841153591753257365298184030552227548033626480916296891747053494172633216427864633411707281677991024927187914728569048518835762829104278915576031617282809198026445209722462556906365377264293646264928547728650004914174371370725494114954613449209493121 0 0 0 0 0 0 0 0 0 0 0 0 0 0 0 0 0 0 0 0 0 0 0 0 0 0 0 0 0 0 0 0 0 0 1 0 0 0 0 0 0 0 0 0 0 0 0 0 0 0 0 0 0 0 0 0 0 0 0 0 0 0 0 0 0 0 0 0 0 0 0 0 0 0 0 0 0 0 0 0 0 0 0]
[3379812329323480275617366938895007140067503345802447257698605980938057271178813040713630543016447503141595224833868163842991572578272001897324528997909293643961050365771180718823161505519570446280201690902500947123010003879562649627247776188506409172236 0 0 0 0 0 0 0 0 0 0 0 0 0 0 0 0 0 0 0 0 0 0 0 0 0 0 0 0 0 0 0 0 0 0 0 1 0 0 0 0 0 0 0 0 0 0 0 0 0 0 0 0 0 0 0 0 0 0 0 0 0 0 0 0 0 0 0 0 0 0 0 0 0 0 0 0 0 0 0 0 0 0 0]
[1257793881117459101868777199726540406019660561259520892451224754143285778832365478218585907005321271439382147414315545331414238280540288103213232326512228323599693088270913354614200023535480997379236319296616912678354122945412972893176544773591752516271 0 0 0 0 0 0 0 0 0 0 0 0 0 0 0 0 0 0 0 0 0 0 0 0 0 0 0 0 0 0 0 0 0 0 0 0 1 0 0 0 0 0 0 0 0 0 0 0 0 0 0 0 0 0 0 0 0 0 0 0 0 0 0 0 0 0 0 0 0 0 0 0 0 0 0 0 0 0 0 0 0 0 0]
[2444055537506116992544423677130458849984081548340658251673454185574338555703578029842072344288323754917926763118201277129893693221201472179792479337655123428521539227060456003520992341302045041058268182542202630983983260489273945253310263964746906106184 0 0 0 0 0 0 0 0 0 0 0 0 0 0 0 0 0 0 0 0 0 0 0 0 0 0 0 0 0 0 0 0 0 0 0 0 0 1 0 0 0 0 0 0 0 0 0 0 0 0 0 0 0 0 0 0 0 0 0 0 0 0 0 0 0 0 0 0 0 0 0 0 0 0 0 0 0 0 0 0 0 0 0]
[518052422368314000197109696969745397561274794776792092826854648099071349156101623989341906827553273848111056574793933498092793650874508080631841549990613680746606638430861105636161733555628198074379108771539149289428079749816208877312099166114938826524 0 0 0 0 0 0 0 0 0 0 0 0 0 0 0 0 0 0 0 0 0 0 0 0 0 0 0 0 0 0 0 0 0 0 0 0 0 0 1 0 0 0 0 0 0 0 0 0 0 0 0 0 0 0 0 0 0 0 0 0 0 0 0 0 0 0 0 0 0 0 0 0 0 0 0 0 0 0 0 0 0 0 0]
[2445809126182664452214814954652996456647990661754556668978107570448813463630667624729940335104985393799725668317265324379306434219099493662009543475904703198852782005237229778453463538430382395176100265184488108559380313575337883672192325776776780421268 0 0 0 0 0 0 0 0 0 0 0 0 0 0 0 0 0 0 0 0 0 0 0 0 0 0 0 0 0 0 0 0 0 0 0 0 0 0 0 1 0 0 0 0 0 0 0 0 0 0 0 0 0 0 0 0 0 0 0 0 0 0 0 0 0 0 0 0 0 0 0 0 0 0 0 0 0 0 0 0 0 0 0]
[1251651003358664644974086021293700766676054905683191118658964652324346086978947192782376200769871096901330321244557244212335241724862221034003649424529077345261139617364708449214140488143994543912830008222560110378671906507528644643797524381615524950943 0 0 0 0 0 0 0 0 0 0 0 0 0 0 0 0 0 0 0 0 0 0 0 0 0 0 0 0 0 0 0 0 0 0 0 0 0 0 0 0 1 0 0 0 0 0 0 0 0 0 0 0 0 0 0 0 0 0 0 0 0 0 0 0 0 0 0 0 0 0 0 0 0 0 0 0 0 0 0 0 0 0 0]
[369604667492023901620843791314249530901761378382195691902567967811584383098883666360987599660964843503865841041274675067514123495067073728335466945382505152482210140416182318854294811634953254522562522885581358465006573220593501334770062779677959200819 0 0 0 0 0 0 0 0 0 0 0 0 0 0 0 0 0 0 0 0 0 0 0 0 0 0 0 0 0 0 0 0 0 0 0 0 0 0 0 0 0 1 0 0 0 0 0 0 0 0 0 0 0 0 0 0 0 0 0 0 0 0 0 0 0 0 0 0 0 0 0 0 0 0 0 0 0 0 0 0 0 0 0]
[3352517404040809138588838593254700807641478995458366714115657104401980188451571495017477100058478095060029275399045560989919025440732039789681536589536103527709292749775829976742480533112275102901528771374013698577006336042281525705246514408085279645471 0 0 0 0 0 0 0 0 0 0 0 0 0 0 0 0 0 0 0 0 0 0 0 0 0 0 0 0 0 0 0 0 0 0 0 0 0 0 0 0 0 0 1 0 0 0 0 0 0 0 0 0 0 0 0 0 0 0 0 0 0 0 0 0 0 0 0 0 0 0 0 0 0 0 0 0 0 0 0 0 0 0 0]
[1136851711134204550027814123285081100873030873862809952283644550154499001190371307992052689762509900365735624588208226725400699158191228959968813199452728260740436920833977183896639101160464599431171852772111537843318525753718486328614292955342346493148 0 0 0 0 0 0 0 0 0 0 0 0 0 0 0 0 0 0 0 0 0 0 0 0 0 0 0 0 0 0 0 0 0 0 0 0 0 0 0 0 0 0 0 1 0 0 0 0 0 0 0 0 0 0 0 0 0 0 0 0 0 0 0 0 0 0 0 0 0 0 0 0 0 0 0 0 0 0 0 0 0 0 0]
[237559490314827568696939011463546018700206598453736577252234670300318635328355214543866974276134005760682057246023959554761627166092532263882575282159239453336055686746675081137671671388730271412945529335989239122007530090848619520833570436438964138572 0 0 0 0 0 0 0 0 0 0 0 0 0 0 0 0 0 0 0 0 0 0 0 0 0 0 0 0 0 0 0 0 0 0 0 0 0 0 0 0 0 0 0 0 1 0 0 0 0 0 0 0 0 0 0 0 0 0 0 0 0 0 0 0 0 0 0 0 0 0 0 0 0 0 0 0 0 0 0 0 0 0 0]
[2643521630637222722878189198401833984890867537397482785419290067110578012655703113899094005096716635357103475896527109037955468190664223925795785880094722679907446215560023475123460131368970453090495882905306232216181532792011978246549820623407179455712 0 0 0 0 0 0 0 0 0 0 0 0 0 0 0 0 0 0 0 0 0 0 0 0 0 0 0 0 0 0 0 0 0 0 0 0 0 0 0 0 0 0 0 0 0 1 0 0 0 0 0 0 0 0 0 0 0 0 0 0 0 0 0 0 0 0 0 0 0 0 0 0 0 0 0 0 0 0 0 0 0 0 0]
[3965321696709462841942703407948929386395490973834367255590328162535811505355619553540631746827497857934765085644659854382666054859279865007746675487534121816768048640971773241645400783589800274378275666465402412614948400087658417510101031537027236646913 0 0 0 0 0 0 0 0 0 0 0 0 0 0 0 0 0 0 0 0 0 0 0 0 0 0 0 0 0 0 0 0 0 0 0 0 0 0 0 0 0 0 0 0 0 0 1 0 0 0 0 0 0 0 0 0 0 0 0 0 0 0 0 0 0 0 0 0 0 0 0 0 0 0 0 0 0 0 0 0 0 0 0]
[2700241468306414647929812871743394020000286519112831974327308317113712404941022042020048752125836104527671540635678217067993398851959444213533405853881864583896388820582982917048205227140265819359450525852924218413066798041558478820176111762832840825803 0 0 0 0 0 0 0 0 0 0 0 0 0 0 0 0 0 0 0 0 0 0 0 0 0 0 0 0 0 0 0 0 0 0 0 0 0 0 0 0 0 0 0 0 0 0 0 1 0 0 0 0 0 0 0 0 0 0 0 0 0 0 0 0 0 0 0 0 0 0 0 0 0 0 0 0 0 0 0 0 0 0 0]
[2626108659719657532986969325916798484830915603167815070583373514006839596721371239508881455313581160760384956741221991114722940150015400555038312356122181371515264797548967382704838610986178652866773606388233631069777735172694620159379268186635436342501 0 0 0 0 0 0 0 0 0 0 0 0 0 0 0 0 0 0 0 0 0 0 0 0 0 0 0 0 0 0 0 0 0 0 0 0 0 0 0 0 0 0 0 0 0 0 0 0 1 0 0 0 0 0 0 0 0 0 0 0 0 0 0 0 0 0 0 0 0 0 0 0 0 0 0 0 0 0 0 0 0 0 0]
[1618511419470288531228158264782913783826775385160684567184282540823059617571125080061082574696475889822178531849159932083687795215626922613442789319960108467360401748499336896967265018001758948258250265522282256706276902684555918257933635635463817050850 0 0 0 0 0 0 0 0 0 0 0 0 0 0 0 0 0 0 0 0 0 0 0 0 0 0 0 0 0 0 0 0 0 0 0 0 0 0 0 0 0 0 0 0 0 0 0 0 0 1 0 0 0 0 0 0 0 0 0 0 0 0 0 0 0 0 0 0 0 0 0 0 0 0 0 0 0 0 0 0 0 0 0]
[3794031460227508201034845320959944032777069663645870814000503023980573928977813125111840398883233382567139841119484554606978594330380162034647645577904995782295522997633697623593880684698089226564238750474926559529858575291437819020482560415520850837874 0 0 0 0 0 0 0 0 0 0 0 0 0 0 0 0 0 0 0 0 0 0 0 0 0 0 0 0 0 0 0 0 0 0 0 0 0 0 0 0 0 0 0 0 0 0 0 0 0 0 1 0 0 0 0 0 0 0 0 0 0 0 0 0 0 0 0 0 0 0 0 0 0 0 0 0 0 0 0 0 0 0 0]
[3756840965210816939087719351386945074928247288729328686882202010283641072981726485702695128822451801872994440327865066462651215208504807618700323867933850290746590420995739745550612186854411065329049708129394831692805097026867065826202800674340302327745 0 0 0 0 0 0 0 0 0 0 0 0 0 0 0 0 0 0 0 0 0 0 0 0 0 0 0 0 0 0 0 0 0 0 0 0 0 0 0 0 0 0 0 0 0 0 0 0 0 0 0 1 0 0 0 0 0 0 0 0 0 0 0 0 0 0 0 0 0 0 0 0 0 0 0 0 0 0 0 0 0 0 0]
[681072827182458365272146529268259956313315836057159594406554885089049323180755406362186126855385711557982814616224736007116122157973696738293995531705433116248339539267750747169654977737187427602496939075420369586903577454441083109569936118605340230973 0 0 0 0 0 0 0 0 0 0 0 0 0 0 0 0 0 0 0 0 0 0 0 0 0 0 0 0 0 0 0 0 0 0 0 0 0 0 0 0 0 0 0 0 0 0 0 0 0 0 0 0 1 0 0 0 0 0 0 0 0 0 0 0 0 0 0 0 0 0 0 0 0 0 0 0 0 0 0 0 0 0 0]
[3510060891414290888885439366622064520314725272168449610824219677535235326771961934031808930908052071187342488518510526203820609768250684350495381628485043401470557841527583580562587556763875926131302755993601965240915348083853131268810147323658877454781 0 0 0 0 0 0 0 0 0 0 0 0 0 0 0 0 0 0 0 0 0 0 0 0 0 0 0 0 0 0 0 0 0 0 0 0 0 0 0 0 0 0 0 0 0 0 0 0 0 0 0 0 0 1 0 0 0 0 0 0 0 0 0 0 0 0 0 0 0 0 0 0 0 0 0 0 0 0 0 0 0 0 0]
[3515284347809960621709706894964052780010243011242368245645581237134765590313300052006897590680396392059854095501893517991165788233718360639157601471755036983281816435271996368007579606663308016445426906447398380580632537855017841917139585951004835385014 0 0 0 0 0 0 0 0 0 0 0 0 0 0 0 0 0 0 0 0 0 0 0 0 0 0 0 0 0 0 0 0 0 0 0 0 0 0 0 0 0 0 0 0 0 0 0 0 0 0 0 0 0 0 1 0 0 0 0 0 0 0 0 0 0 0 0 0 0 0 0 0 0 0 0 0 0 0 0 0 0 0 0]
[2244064508125882205284594826230479252971540083801538725670479096875608499729959924115397534439511016829644536469509555648551572167233943272114643021797678968649859509228709254540078768062067227734190376699690834831260688101332933761040912934667406197742 0 0 0 0 0 0 0 0 0 0 0 0 0 0 0 0 0 0 0 0 0 0 0 0 0 0 0 0 0 0 0 0 0 0 0 0 0 0 0 0 0 0 0 0 0 0 0 0 0 0 0 0 0 0 0 1 0 0 0 0 0 0 0 0 0 0 0 0 0 0 0 0 0 0 0 0 0 0 0 0 0 0 0]
[4000993339040318400160955730618557867267266934414545283118294400588572429460284392413116191409655701713109121687612870459751195449820183192522066048993975951900281219063553599414400162877091853407418506575452648111142183013759762578315321098556929439860 0 0 0 0 0 0 0 0 0 0 0 0 0 0 0 0 0 0 0 0 0 0 0 0 0 0 0 0 0 0 0 0 0 0 0 0 0 0 0 0 0 0 0 0 0 0 0 0 0 0 0 0 0 0 0 0 1 0 0 0 0 0 0 0 0 0 0 0 0 0 0 0 0 0 0 0 0 0 0 0 0 0 0]
[76735959251814753245343649262400192770835970684879806075757364039774035525876338553666687123105465568991034613699461725801742709770524654767657446757638317008868838213963664647852698994085792685988642317488094895867615170270623528568877690725695967574 0 0 0 0 0 0 0 0 0 0 0 0 0 0 0 0 0 0 0 0 0 0 0 0 0 0 0 0 0 0 0 0 0 0 0 0 0 0 0 0 0 0 0 0 0 0 0 0 0 0 0 0 0 0 0 0 0 1 0 0 0 0 0 0 0 0 0 0 0 0 0 0 0 0 0 0 0 0 0 0 0 0 0]
[3442999057175530273514772309352515987835245112350416975461216939780782061665498783553125547942365839706488141005242883371469660033276354376594165328120322312575550430250327172617453938977121574685213923590770230327764211970074493846855607301528956611745 0 0 0 0 0 0 0 0 0 0 0 0 0 0 0 0 0 0 0 0 0 0 0 0 0 0 0 0 0 0 0 0 0 0 0 0 0 0 0 0 0 0 0 0 0 0 0 0 0 0 0 0 0 0 0 0 0 0 1 0 0 0 0 0 0 0 0 0 0 0 0 0 0 0 0 0 0 0 0 0 0 0 0]
[1297486383547835974810557788441227866034999669978824866205527116794770629753380590621865874247058637849222571048415923627205607653869862984205939040260276559845319272788900546490848469015352869161972220380787701591093930839190525359551352186858107690097 0 0 0 0 0 0 0 0 0 0 0 0 0 0 0 0 0 0 0 0 0 0 0 0 0 0 0 0 0 0 0 0 0 0 0 0 0 0 0 0 0 0 0 0 0 0 0 0 0 0 0 0 0 0 0 0 0 0 0 1 0 0 0 0 0 0 0 0 0 0 0 0 0 0 0 0 0 0 0 0 0 0 0]
[747835563478277499223694823661554366049817027514337632114564408423827593280722351792528061337898158156380716876316635649390233433093977010982576929240008724223752499316385456871119379594090059614016059927412142300332892193425435425067988042220879008921 0 0 0 0 0 0 0 0 0 0 0 0 0 0 0 0 0 0 0 0 0 0 0 0 0 0 0 0 0 0 0 0 0 0 0 0 0 0 0 0 0 0 0 0 0 0 0 0 0 0 0 0 0 0 0 0 0 0 0 0 1 0 0 0 0 0 0 0 0 0 0 0 0 0 0 0 0 0 0 0 0 0 0]
[498069701917876978832657565521236722276632350227348315956089644438493048567784588601970235659315204563486700561731318817773139371799085930313876438966816636368098363210663939318361646968762841163888428940078529158257179441227872750533173998423676286602 0 0 0 0 0 0 0 0 0 0 0 0 0 0 0 0 0 0 0 0 0 0 0 0 0 0 0 0 0 0 0 0 0 0 0 0 0 0 0 0 0 0 0 0 0 0 0 0 0 0 0 0 0 0 0 0 0 0 0 0 0 1 0 0 0 0 0 0 0 0 0 0 0 0 0 0 0 0 0 0 0 0 0]
[1828179196415395020226959309782343187494142368513125965981013149051885443280519702799585515226782337452147206899646343995697526349937026982326823156015244239941867068943644009382186856427806948374591009966752852376188015626966347709154099026287631080092 0 0 0 0 0 0 0 0 0 0 0 0 0 0 0 0 0 0 0 0 0 0 0 0 0 0 0 0 0 0 0 0 0 0 0 0 0 0 0 0 0 0 0 0 0 0 0 0 0 0 0 0 0 0 0 0 0 0 0 0 0 0 1 0 0 0 0 0 0 0 0 0 0 0 0 0 0 0 0 0 0 0 0]
[96067938539615033899636137192497562968893311537618974550900270513211732613350516682730976683998614668819549082134053327429371578160783047270426078354221495683765530503112888146993279692636718378153720727448995944835387843514716595832088001308633324106 0 0 0 0 0 0 0 0 0 0 0 0 0 0 0 0 0 0 0 0 0 0 0 0 0 0 0 0 0 0 0 0 0 0 0 0 0 0 0 0 0 0 0 0 0 0 0 0 0 0 0 0 0 0 0 0 0 0 0 0 0 0 0 1 0 0 0 0 0 0 0 0 0 0 0 0 0 0 0 0 0 0 0]
[3307814659292445175407457269545710101577516195487434559188242373027506153735985149123558815595741389734145945627953131416225282587305810883229748653521195070176529756846959744865341526713656369391143563260155668072142353403127647444715192033653859258495 0 0 0 0 0 0 0 0 0 0 0 0 0 0 0 0 0 0 0 0 0 0 0 0 0 0 0 0 0 0 0 0 0 0 0 0 0 0 0 0 0 0 0 0 0 0 0 0 0 0 0 0 0 0 0 0 0 0 0 0 0 0 0 0 1 0 0 0 0 0 0 0 0 0 0 0 0 0 0 0 0 0 0]
[2700031405728926317080380491495996536922597794143022452357191657475126298366099802977840624183033906765701712186008293210118827864364596583539460655598578620020323745109742370538720694986693417229641290377886096092681797336210263386321500538301178192182 0 0 0 0 0 0 0 0 0 0 0 0 0 0 0 0 0 0 0 0 0 0 0 0 0 0 0 0 0 0 0 0 0 0 0 0 0 0 0 0 0 0 0 0 0 0 0 0 0 0 0 0 0 0 0 0 0 0 0 0 0 0 0 0 0 1 0 0 0 0 0 0 0 0 0 0 0 0 0 0 0 0 0]
[2409134270230640116996043589350511357746307507649714473318263127428790817299221252385962995495405390490872618342178130172390078928543392450467282856242762675899559101783940625632180546373494785488824190912298277987271834112776350633967592730986802323388 0 0 0 0 0 0 0 0 0 0 0 0 0 0 0 0 0 0 0 0 0 0 0 0 0 0 0 0 0 0 0 0 0 0 0 0 0 0 0 0 0 0 0 0 0 0 0 0 0 0 0 0 0 0 0 0 0 0 0 0 0 0 0 0 0 0 1 0 0 0 0 0 0 0 0 0 0 0 0 0 0 0 0]
[959560683508222871290278553241197812177924573763495291689224058506149389794253108269519648307952551406276668051055707943151672975828137630537082333808837557468375840952584577904807365565345596690574393190697278884269720487136446582818208472767195090908 0 0 0 0 0 0 0 0 0 0 0 0 0 0 0 0 0 0 0 0 0 0 0 0 0 0 0 0 0 0 0 0 0 0 0 0 0 0 0 0 0 0 0 0 0 0 0 0 0 0 0 0 0 0 0 0 0 0 0 0 0 0 0 0 0 0 0 1 0 0 0 0 0 0 0 0 0 0 0 0 0 0 0]
[2113463577273343883849444745441105477020641838210523939244497833532208398852546444856915821143518002880879471870048009863883249219365799676828511733578251830701736692313091161392328866089242946236425737775440833465351331821822965423344415617829410076427 0 0 0 0 0 0 0 0 0 0 0 0 0 0 0 0 0 0 0 0 0 0 0 0 0 0 0 0 0 0 0 0 0 0 0 0 0 0 0 0 0 0 0 0 0 0 0 0 0 0 0 0 0 0 0 0 0 0 0 0 0 0 0 0 0 0 0 0 1 0 0 0 0 0 0 0 0 0 0 0 0 0 0]
[2488399761584257946320633509682954889836942566612304373346587508496496505819157350880664817869294199908349434433913030162981950752967511933470169372365933761164041604431376637104076172764135871257086637953860353613321372146660340720300237791845220085328 0 0 0 0 0 0 0 0 0 0 0 0 0 0 0 0 0 0 0 0 0 0 0 0 0 0 0 0 0 0 0 0 0 0 0 0 0 0 0 0 0 0 0 0 0 0 0 0 0 0 0 0 0 0 0 0 0 0 0 0 0 0 0 0 0 0 0 0 0 1 0 0 0 0 0 0 0 0 0 0 0 0 0]
[1980967014142067645071521329082228644106509533956345722762352224255543166926096338871300302855590570747704617051702654237398044581605622024194110158873789117842857905397995360247905158722322420150192524278709897343974848442398876461237623579845343685190 0 0 0 0 0 0 0 0 0 0 0 0 0 0 0 0 0 0 0 0 0 0 0 0 0 0 0 0 0 0 0 0 0 0 0 0 0 0 0 0 0 0 0 0 0 0 0 0 0 0 0 0 0 0 0 0 0 0 0 0 0 0 0 0 0 0 0 0 0 0 1 0 0 0 0 0 0 0 0 0 0 0 0]
[1808432236178514043864754514161560039526312799631484317933056140071446528941476798600838368211821578646192984204838528719473261223462556369166892737278502106942584087751843750022534030921524048903718557303445455002982722686977887276389853676743286472582 0 0 0 0 0 0 0 0 0 0 0 0 0 0 0 0 0 0 0 0 0 0 0 0 0 0 0 0 0 0 0 0 0 0 0 0 0 0 0 0 0 0 0 0 0 0 0 0 0 0 0 0 0 0 0 0 0 0 0 0 0 0 0 0 0 0 0 0 0 0 0 1 0 0 0 0 0 0 0 0 0 0 0]
[2833278966956265543244391460600418871939384518604437914854549477514091895213021809453768544062783227195501381916314068975760150751721741304003814106803918370284558379700582188881283471297457058221954235679326453664156723641694170957416253367774513210530 0 0 0 0 0 0 0 0 0 0 0 0 0 0 0 0 0 0 0 0 0 0 0 0 0 0 0 0 0 0 0 0 0 0 0 0 0 0 0 0 0 0 0 0 0 0 0 0 0 0 0 0 0 0 0 0 0 0 0 0 0 0 0 0 0 0 0 0 0 0 0 0 1 0 0 0 0 0 0 0 0 0 0]
[1623524329289423708309315241168513203969561135592082415107740515747220430382008499954460723502947221574555359434133581199016359435816893281050241469269490469314474078316172821504238800106586783806192406390272136965072374045628252997250618128563847314407 0 0 0 0 0 0 0 0 0 0 0 0 0 0 0 0 0 0 0 0 0 0 0 0 0 0 0 0 0 0 0 0 0 0 0 0 0 0 0 0 0 0 0 0 0 0 0 0 0 0 0 0 0 0 0 0 0 0 0 0 0 0 0 0 0 0 0 0 0 0 0 0 0 1 0 0 0 0 0 0 0 0 0]
[2373743140846689399875975878141131260469695713176956159144303550265672694677464845287595240711082646164309723130903311394477350082556680923985975465800247439227269752108032037246214258601473412340185506645157281141523261867952819524366062943025155056361 0 0 0 0 0 0 0 0 0 0 0 0 0 0 0 0 0 0 0 0 0 0 0 0 0 0 0 0 0 0 0 0 0 0 0 0 0 0 0 0 0 0 0 0 0 0 0 0 0 0 0 0 0 0 0 0 0 0 0 0 0 0 0 0 0 0 0 0 0 0 0 0 0 0 1 0 0 0 0 0 0 0 0]
[3399048132917912403836080973546256265837206410194321303074925337323125026493312793761430328568683721757288703490131816694263970329326468728187796384293945353228084392824498643166179709502451134566705451071347729429291171231234936119444065461303567070258 0 0 0 0 0 0 0 0 0 0 0 0 0 0 0 0 0 0 0 0 0 0 0 0 0 0 0 0 0 0 0 0 0 0 0 0 0 0 0 0 0 0 0 0 0 0 0 0 0 0 0 0 0 0 0 0 0 0 0 0 0 0 0 0 0 0 0 0 0 0 0 0 0 0 0 1 0 0 0 0 0 0 0]
[2634949193007815063645872442700268477950285052502450836895860162784634956767316648096940459484743174873335979365523019733490143375885003469500686639035820217619971629489459096435187750295361837140161221938276793929275754136426467022606534562517375994203 0 0 0 0 0 0 0 0 0 0 0 0 0 0 0 0 0 0 0 0 0 0 0 0 0 0 0 0 0 0 0 0 0 0 0 0 0 0 0 0 0 0 0 0 0 0 0 0 0 0 0 0 0 0 0 0 0 0 0 0 0 0 0 0 0 0 0 0 0 0 0 0 0 0 0 0 1 0 0 0 0 0 0]
[1958306763466200754543743447656483238656296798076378336274878564902708281546515107241606520660559666962376698615733342499652696849873312850826229188191056798868335062724823474410422043998759646140128266687907081564358561009181242580311007521666832989360 0 0 0 0 0 0 0 0 0 0 0 0 0 0 0 0 0 0 0 0 0 0 0 0 0 0 0 0 0 0 0 0 0 0 0 0 0 0 0 0 0 0 0 0 0 0 0 0 0 0 0 0 0 0 0 0 0 0 0 0 0 0 0 0 0 0 0 0 0 0 0 0 0 0 0 0 0 1 0 0 0 0 0]
[1192582001424677941169133135689216754958105847624074407505037275771209347721310675665096619811250944268081672134564420348516640110126650503080027211156661849623828798377381830546360166531537364156787086733191705106812349280166896869476333846961550972280 0 0 0 0 0 0 0 0 0 0 0 0 0 0 0 0 0 0 0 0 0 0 0 0 0 0 0 0 0 0 0 0 0 0 0 0 0 0 0 0 0 0 0 0 0 0 0 0 0 0 0 0 0 0 0 0 0 0 0 0 0 0 0 0 0 0 0 0 0 0 0 0 0 0 0 0 0 0 1 0 0 0 0]
[1523285568872621229760421202796906401278454533767924302990615380342766954608013591610582395211485513944388142725152311302707786978049534820284525418194412966850696164329295317789444180404395231056951353936857478262704980673897508674945337107322282880546 0 0 0 0 0 0 0 0 0 0 0 0 0 0 0 0 0 0 0 0 0 0 0 0 0 0 0 0 0 0 0 0 0 0 0 0 0 0 0 0 0 0 0 0 0 0 0 0 0 0 0 0 0 0 0 0 0 0 0 0 0 0 0 0 0 0 0 0 0 0 0 0 0 0 0 0 0 0 0 1 0 0 0]
[2231137182582321055394507992731812316680632966412375632062259464188580239250526175414953715570733487209579207374828085330266152326473792691804212799910711167029379144771777696378862112146386648124587606428029796707577863435491547363066545997110557953623 0 0 0 0 0 0 0 0 0 0 0 0 0 0 0 0 0 0 0 0 0 0 0 0 0 0 0 0 0 0 0 0 0 0 0 0 0 0 0 0 0 0 0 0 0 0 0 0 0 0 0 0 0 0 0 0 0 0 0 0 0 0 0 0 0 0 0 0 0 0 0 0 0 0 0 0 0 0 0 0 1 0 0]
[2377974254214505006358237742884035715843677281324052163039343899088389837233332908473505641863338252516519383238905929516002449574568957357462249395997841829436299788070798956971482237683831258386248376790113628216598403813133653857045338119486184000068 0 0 0 0 0 0 0 0 0 0 0 0 0 0 0 0 0 0 0 0 0 0 0 0 0 0 0 0 0 0 0 0 0 0 0 0 0 0 0 0 0 0 0 0 0 0 0 0 0 0 0 0 0 0 0 0 0 0 0 0 0 0 0 0 0 0 0 0 0 0 0 0 0 0 0 0 0 0 0 0 0 1 0]
[950360948588526172173284074321365647189083381065939908724287037418356285743563228291379084417617801467730002327949883332033551818700699860049386990000499603995975616097664626438321024320300187334713763795629066226665643613612060816476185079095577564760 0 0 0 0 0 0 0 0 0 0 0 0 0 0 0 0 0 0 0 0 0 0 0 0 0 0 0 0 0 0 0 0 0 0 0 0 0 0 0 0 0 0 0 0 0 0 0 0 0 0 0 0 0 0 0 0 0 0 0 0 0 0 0 0 0 0 0 0 0 0 0 0 0 0 0 0 0 0 0 0 0 0 1]
]
