[[4555010606747161166939429171810981155889825927724147717163279750083797304328485821192174891444020856206479914470960628581518134050236266605989022040239705496969673810026319222358361274538237887689640182536079164660672887324450460312403992376058608212177 0 0 0 0 0 0 0 0 0 0 0 0 0 0 0 0 0 0 0 0 0 0 0 0 0 0 0 0 0 0 0 0 0 0 0 0 0 0 0 0 0 0 0 0 0 0 0 0 0 0 0 0 0 0 0 0 0 0 0 0 0 0 0 0 0 0 0 0 0 0 0 0 0 0 0 0 0 0 0 0 0 0 0]
[3359603833952067964580774408293588311785690561388732142929620084158222500405800110963585985208580679613743039136170206873683171182842510601683300185919503383408795765781009361144551606607786716633310201459371633584370464349928746868438055085890922829286 1 0 0 0 0 0 0 0 0 0 0 0 0 0 0 0 0 0 0 0 0 0 0 0 0 0 0 0 0 0 0 0 0 0 0 0 0 0 0 0 0 0 0 0 0 0 0 0 0 0 0 0 0 0 0 0 0 0 0 0 0 0 0 0 0 0 0 0 0 0 0 0 0 0 0 0 0 0 0 0 0 0 0]
[461786129530887007905653131346023244774721040409449207338029382964323920884904653956044727398896927064169623019232544255066509407176897248286621369140751705251091262853331565171477156092222227068804441386710463681137436033348862911307777253735614466625 0 1 0 0 0 0 0 0 0 0 0 0 0 0 0 0 0 0 0 0 0 0 0 0 0 0 0 0 0 0 0 0 0 0 0 0 0 0 0 0 0 0 0 0 0 0 0 0 0 0 0 0 0 0 0 0 0 0 0 0 0 0 0 0 0 0 0 0 0 0 0 0 0 0 0 0 0 0 0 0 0 0 0]
[4469170488939366251200686386886141296178419656387633340201646648189021331280060194965631082896686627330795564803300341495715248140369249840795797313759711423375788861183421207208450548669883365290824439330531926179742086297606237473390353136902928528177 0 0 1 0 0 0 0 0 0 0 0 0 0 0 0 0 0 0 0 0 0 0 0 0 0 0 0 0 0 0 0 0 0 0 0 0 0 0 0 0 0 0 0 0 0 0 0 0 0 0 0 0 0 0 0 0 0 0 0 0 0 0 0 0 0 0 0 0 0 0 0 0 0 0 0 0 0 0 0 0 0 0 0]
[121600100830052256722620383555157844990693969301344008391272685081172493369734217005603472205658192014947184425409882026776209748385091292479480127196724258932580763520026508894487630728177264476697359073034504618720082488275443895569226402483208522066 0 0 0 1 0 0 0 0 0 0 0 0 0 0 0 0 0 0 0 0 0 0 0 0 0 0 0 0 0 0 0 0 0 0 0 0 0 0 0 0 0 0 0 0 0 0 0 0 0 0 0 0 0 0 0 0 0 0 0 0 0 0 0 0 0 0 0 0 0 0 0 0 0 0 0 0 0 0 0 0 0 0 0]
[4507204818685655198283800899624984219973720042896975521262895043794923019966681536409192953107515972083694724082740395476416278166702323516299648429941251331944732369642200545422677329628997131132776741349087496569888982853129706304450900947747068509110 0 0 0 0 1 0 0 0 0 0 0 0 0 0 0 0 0 0 0 0 0 0 0 0 0 0 0 0 0 0 0 0 0 0 0 0 0 0 0 0 0 0 0 0 0 0 0 0 0 0 0 0 0 0 0 0 0 0 0 0 0 0 0 0 0 0 0 0 0 0 0 0 0 0 0 0 0 0 0 0 0 0 0]
[3468011036973068562574362089987546035548585953439657752270564851704453463965772957986904878938998282162549945176439955518748115080360258537170751016280583760382219940941505258533986213202053965041992206477722591094043133833490260669038932956258698227276 0 0 0 0 0 1 0 0 0 0 0 0 0 0 0 0 0 0 0 0 0 0 0 0 0 0 0 0 0 0 0 0 0 0 0 0 0 0 0 0 0 0 0 0 0 0 0 0 0 0 0 0 0 0 0 0 0 0 0 0 0 0 0 0 0 0 0 0 0 0 0 0 0 0 0 0 0 0 0 0 0 0 0]
[3772502466493230968476773055175197740988543918688769522348123089786542691953295127603738461676128266193649707301992836989059138700591680692771325543408039185193877402308243200852732204539530235011013781065241758142859297989051580444375229933230422885834 0 0 0 0 0 0 1 0 0 0 0 0 0 0 0 0 0 0 0 0 0 0 0 0 0 0 0 0 0 0 0 0 0 0 0 0 0 0 0 0 0 0 0 0 0 0 0 0 0 0 0 0 0 0 0 0 0 0 0 0 0 0 0 0 0 0 0 0 0 0 0 0 0 0 0 0 0 0 0 0 0 0 0]
[2418008815557632341417279478584028926570874264895093970167679573261188555044995307653210002009485482623309868789637321887681376409101731767498898148125400954782210520912281005893503843719046935583159186911461897919822653974236714007147749730691168434891 0 0 0 0 0 0 0 1 0 0 0 0 0 0 0 0 0 0 0 0 0 0 0 0 0 0 0 0 0 0 0 0 0 0 0 0 0 0 0 0 0 0 0 0 0 0 0 0 0 0 0 0 0 0 0 0 0 0 0 0 0 0 0 0 0 0 0 0 0 0 0 0 0 0 0 0 0 0 0 0 0 0 0]
[4327450560384514864745162394849256658745524485967319044179761082230095215776262982055212329269581637502992130379096985145898415495097173506247163962817481126130576194151859201128620919515237044941504436220079952379610844615316392224392011571179365694620 0 0 0 0 0 0 0 0 1 0 0 0 0 0 0 0 0 0 0 0 0 0 0 0 0 0 0 0 0 0 0 0 0 0 0 0 0 0 0 0 0 0 0 0 0 0 0 0 0 0 0 0 0 0 0 0 0 0 0 0 0 0 0 0 0 0 0 0 0 0 0 0 0 0 0 0 0 0 0 0 0 0 0]
[3921161672732057153564197115399018300708445755311484203376133583761704369744180168500796233554154098091046771182905402777485130310997233458364769340175345709426889901028328723967842813983096599090474891121109784279418225449738103689101092590147423221903 0 0 0 0 0 0 0 0 0 1 0 0 0 0 0 0 0 0 0 0 0 0 0 0 0 0 0 0 0 0 0 0 0 0 0 0 0 0 0 0 0 0 0 0 0 0 0 0 0 0 0 0 0 0 0 0 0 0 0 0 0 0 0 0 0 0 0 0 0 0 0 0 0 0 0 0 0 0 0 0 0 0 0]
[3011965748319729964345097634470552911813749529079294880717017848927505400611481035802682773785989397615935703221852693881863817035640420508010742362234528056888667808520289059300412691012171006998122301251353006452127950115327004756129160976479239811490 0 0 0 0 0 0 0 0 0 0 1 0 0 0 0 0 0 0 0 0 0 0 0 0 0 0 0 0 0 0 0 0 0 0 0 0 0 0 0 0 0 0 0 0 0 0 0 0 0 0 0 0 0 0 0 0 0 0 0 0 0 0 0 0 0 0 0 0 0 0 0 0 0 0 0 0 0 0 0 0 0 0 0]
[1584177928911123865403893879327037215942066670882422230838585966702238301012917813206565549584938944757720887469967339971998835671185390224099659287418355584638778327030976174077302504145105334132394132862830032341097974091702275125625311877601997930810 0 0 0 0 0 0 0 0 0 0 0 1 0 0 0 0 0 0 0 0 0 0 0 0 0 0 0 0 0 0 0 0 0 0 0 0 0 0 0 0 0 0 0 0 0 0 0 0 0 0 0 0 0 0 0 0 0 0 0 0 0 0 0 0 0 0 0 0 0 0 0 0 0 0 0 0 0 0 0 0 0 0 0]
[3629472754147385884494618092452162192997290020579202487901832296329398795975539160742006060315729728655119729797702486552082720958094392733377910206927966893870684099741972640079759873403924290873341502353089205766156800008416908720232916751734804340188 0 0 0 0 0 0 0 0 0 0 0 0 1 0 0 0 0 0 0 0 0 0 0 0 0 0 0 0 0 0 0 0 0 0 0 0 0 0 0 0 0 0 0 0 0 0 0 0 0 0 0 0 0 0 0 0 0 0 0 0 0 0 0 0 0 0 0 0 0 0 0 0 0 0 0 0 0 0 0 0 0 0 0]
[2658690755403376773964841597480678656478059014654821233461251070855783046080427179592001841988096536407199842885778587419782875683729249276333389502979551909576797009309215328533082272917160918789830051440425119488592182093756411195608831803186704906687 0 0 0 0 0 0 0 0 0 0 0 0 0 1 0 0 0 0 0 0 0 0 0 0 0 0 0 0 0 0 0 0 0 0 0 0 0 0 0 0 0 0 0 0 0 0 0 0 0 0 0 0 0 0 0 0 0 0 0 0 0 0 0 0 0 0 0 0 0 0 0 0 0 0 0 0 0 0 0 0 0 0 0]
[2842453911055795302988397306102795918065633885242075220166911814683317795541963359634842224071742022307848989086137627285305229277807360500294248085655018373529253639123276269859180166424779370791575473573127321891211172296981907570955940745308274312926 0 0 0 0 0 0 0 0 0 0 0 0 0 0 1 0 0 0 0 0 0 0 0 0 0 0 0 0 0 0 0 0 0 0 0 0 0 0 0 0 0 0 0 0 0 0 0 0 0 0 0 0 0 0 0 0 0 0 0 0 0 0 0 0 0 0 0 0 0 0 0 0 0 0 0 0 0 0 0 0 0 0 0]
[3074327741587889555074832676479685819793088529193596704305625564664551602342581326359928392822877975521524588786888675890491999467252817130958684612077141417428473233137141169617363418104547696199374597612660143490685568221380415277093676533871759825383 0 0 0 0 0 0 0 0 0 0 0 0 0 0 0 1 0 0 0 0 0 0 0 0 0 0 0 0 0 0 0 0 0 0 0 0 0 0 0 0 0 0 0 0 0 0 0 0 0 0 0 0 0 0 0 0 0 0 0 0 0 0 0 0 0 0 0 0 0 0 0 0 0 0 0 0 0 0 0 0 0 0 0]
[2379341273140058830974306104474566011260736899997731236156710011752171780327137989268408317054899882362422757157368029238742222080618897115652980034837151262273465117375520457407128429782530660131669912944067912559959121792932384064376928308763071272483 0 0 0 0 0 0 0 0 0 0 0 0 0 0 0 0 1 0 0 0 0 0 0 0 0 0 0 0 0 0 0 0 0 0 0 0 0 0 0 0 0 0 0 0 0 0 0 0 0 0 0 0 0 0 0 0 0 0 0 0 0 0 0 0 0 0 0 0 0 0 0 0 0 0 0 0 0 0 0 0 0 0 0]
[3793755889576291824567470069889381983053753162569133258735526911495416366160908838239485135386872404980494769315490318029045993340206212070233855516760662731667851559584035284723292587467291585499876904349416252522469134255010744548940862308474383067021 0 0 0 0 0 0 0 0 0 0 0 0 0 0 0 0 0 1 0 0 0 0 0 0 0 0 0 0 0 0 0 0 0 0 0 0 0 0 0 0 0 0 0 0 0 0 0 0 0 0 0 0 0 0 0 0 0 0 0 0 0 0 0 0 0 0 0 0 0 0 0 0 0 0 0 0 0 0 0 0 0 0 0]
[3653453533493284392861207132778519468643683195358404400381864307247582755867243219792409990933164711766731899656579530131364518014001153903675382812033202901948421818703257738345007440240575396488867136814170230117950569665102605568708257413764009504538 0 0 0 0 0 0 0 0 0 0 0 0 0 0 0 0 0 0 1 0 0 0 0 0 0 0 0 0 0 0 0 0 0 0 0 0 0 0 0 0 0 0 0 0 0 0 0 0 0 0 0 0 0 0 0 0 0 0 0 0 0 0 0 0 0 0 0 0 0 0 0 0 0 0 0 0 0 0 0 0 0 0 0]
[681903005919627979124315865955857701423262386175689714699012812215344002444981710691021387906496043831061771025931384087338676404300714500460876931211547380016331944438256449501671176736593515185278816277341067537086774764880637263350774860147780548797 0 0 0 0 0 0 0 0 0 0 0 0 0 0 0 0 0 0 0 1 0 0 0 0 0 0 0 0 0 0 0 0 0 0 0 0 0 0 0 0 0 0 0 0 0 0 0 0 0 0 0 0 0 0 0 0 0 0 0 0 0 0 0 0 0 0 0 0 0 0 0 0 0 0 0 0 0 0 0 0 0 0 0]
[1348770452203964487497014230421584985786306662902089358572820137149712286039752452110443295348199873152268911184879897830871000870012347750095911739370008199212727411948049192719438204911737886094869344139110107637876845090722138946783929857095109834318 0 0 0 0 0 0 0 0 0 0 0 0 0 0 0 0 0 0 0 0 1 0 0 0 0 0 0 0 0 0 0 0 0 0 0 0 0 0 0 0 0 0 0 0 0 0 0 0 0 0 0 0 0 0 0 0 0 0 0 0 0 0 0 0 0 0 0 0 0 0 0 0 0 0 0 0 0 0 0 0 0 0 0]
[298822929456233530539995225736871836359064153837780145340493274451804366156246862453980668487941403483756412615406366231381222445540899871659579377204007517459759210025318261505676662355164934087818173463854067752917442218903840676083119080663426701869 0 0 0 0 0 0 0 0 0 0 0 0 0 0 0 0 0 0 0 0 0 1 0 0 0 0 0 0 0 0 0 0 0 0 0 0 0 0 0 0 0 0 0 0 0 0 0 0 0 0 0 0 0 0 0 0 0 0 0 0 0 0 0 0 0 0 0 0 0 0 0 0 0 0 0 0 0 0 0 0 0 0 0]
[3641361136177097222164158347298675260874318401906201330153551790922694818684674081552221382263314263523399463682418037526382025260539614664237357145306142044062099164790539686999414751759527687820535618258552655280918146401171425283472151761375475057971 0 0 0 0 0 0 0 0 0 0 0 0 0 0 0 0 0 0 0 0 0 0 1 0 0 0 0 0 0 0 0 0 0 0 0 0 0 0 0 0 0 0 0 0 0 0 0 0 0 0 0 0 0 0 0 0 0 0 0 0 0 0 0 0 0 0 0 0 0 0 0 0 0 0 0 0 0 0 0 0 0 0 0]
[2595320030410761449524014974636108464074724722465500586587337691687568700026096022231330948775309054796549162739794742856532688097433478226290536818928340499848689218359332234269142559899934039083804617447244753472553355428087179454530771174885445960208 0 0 0 0 0 0 0 0 0 0 0 0 0 0 0 0 0 0 0 0 0 0 0 1 0 0 0 0 0 0 0 0 0 0 0 0 0 0 0 0 0 0 0 0 0 0 0 0 0 0 0 0 0 0 0 0 0 0 0 0 0 0 0 0 0 0 0 0 0 0 0 0 0 0 0 0 0 0 0 0 0 0 0]
[1397474164981913183241171166244171436672014660912058939488152207413854197638705826231025612287119200706674141682313945460782672396042080373989907176720967166215328890770803796675734568494298083622384203083194004551326167042990570552826616164900647659334 0 0 0 0 0 0 0 0 0 0 0 0 0 0 0 0 0 0 0 0 0 0 0 0 1 0 0 0 0 0 0 0 0 0 0 0 0 0 0 0 0 0 0 0 0 0 0 0 0 0 0 0 0 0 0 0 0 0 0 0 0 0 0 0 0 0 0 0 0 0 0 0 0 0 0 0 0 0 0 0 0 0 0]
[3903190415637722083766497179187258599667616837142530446618028806012014315368517155400579370934849763966077684720198100881962065544075908497777630530602558568614484887046987149809525997669708050417504536566892806747268567072235940808586523806851333382454 0 0 0 0 0 0 0 0 0 0 0 0 0 0 0 0 0 0 0 0 0 0 0 0 0 1 0 0 0 0 0 0 0 0 0 0 0 0 0 0 0 0 0 0 0 0 0 0 0 0 0 0 0 0 0 0 0 0 0 0 0 0 0 0 0 0 0 0 0 0 0 0 0 0 0 0 0 0 0 0 0 0 0]
[3265783421342885621226359262238340985056877208560603493904926840061515605092118827954546128578200475843884361235531901805232162537466746735982673307473949923179606702579816989487014899508293335873104587049434928908953275906943085611797543160377970493049 0 0 0 0 0 0 0 0 0 0 0 0 0 0 0 0 0 0 0 0 0 0 0 0 0 0 1 0 0 0 0 0 0 0 0 0 0 0 0 0 0 0 0 0 0 0 0 0 0 0 0 0 0 0 0 0 0 0 0 0 0 0 0 0 0 0 0 0 0 0 0 0 0 0 0 0 0 0 0 0 0 0 0]
[1657451547851707473993956973050494887979958636580316570000008106013943938716793700596808387877985236356174257422362007399583349198077029312238920147568774153108665414280828719667141226709255902834882184947974821226532607554473998279077546194699402524228 0 0 0 0 0 0 0 0 0 0 0 0 0 0 0 0 0 0 0 0 0 0 0 0 0 0 0 1 0 0 0 0 0 0 0 0 0 0 0 0 0 0 0 0 0 0 0 0 0 0 0 0 0 0 0 0 0 0 0 0 0 0 0 0 0 0 0 0 0 0 0 0 0 0 0 0 0 0 0 0 0 0 0]
[2149535938428901968214721238605871803603165274316240214622347420276220876924063938376797632062095343101625179486964092757897033679186272621723553733204344205166829083918762187937761417230737548095720869572105650932178989380011709851702595642052988275989 0 0 0 0 0 0 0 0 0 0 0 0 0 0 0 0 0 0 0 0 0 0 0 0 0 0 0 0 1 0 0 0 0 0 0 0 0 0 0 0 0 0 0 0 0 0 0 0 0 0 0 0 0 0 0 0 0 0 0 0 0 0 0 0 0 0 0 0 0 0 0 0 0 0 0 0 0 0 0 0 0 0 0]
[1301380952499008206498553416338625000174811329134851707901493374257743430802954936001702655971089172257439583388932177569234151012298444579570657507070495781534216517795441753978414842550119230104476398346802232865041766037437436800924734026310355634323 0 0 0 0 0 0 0 0 0 0 0 0 0 0 0 0 0 0 0 0 0 0 0 0 0 0 0 0 0 1 0 0 0 0 0 0 0 0 0 0 0 0 0 0 0 0 0 0 0 0 0 0 0 0 0 0 0 0 0 0 0 0 0 0 0 0 0 0 0 0 0 0 0 0 0 0 0 0 0 0 0 0 0]
[3635150236211919216808494320133096009331789846510998264457525419461293892124699763116710084181600785922856066122075937516626328890996325462133903220736448355012672266725147246357792183130353608446372149153372987956848516844054755291255835139771466721004 0 0 0 0 0 0 0 0 0 0 0 0 0 0 0 0 0 0 0 0 0 0 0 0 0 0 0 0 0 0 1 0 0 0 0 0 0 0 0 0 0 0 0 0 0 0 0 0 0 0 0 0 0 0 0 0 0 0 0 0 0 0 0 0 0 0 0 0 0 0 0 0 0 0 0 0 0 0 0 0 0 0 0]
[4200298001117019380908143499342839726590606324868235697762508848947276379185268614552179048962718748841408023191958082090657201072637100497169474035207970382201442383655144801885103746183797831276383281337341542305152947705934796390179142049046149842627 0 0 0 0 0 0 0 0 0 0 0 0 0 0 0 0 0 0 0 0 0 0 0 0 0 0 0 0 0 0 0 1 0 0 0 0 0 0 0 0 0 0 0 0 0 0 0 0 0 0 0 0 0 0 0 0 0 0 0 0 0 0 0 0 0 0 0 0 0 0 0 0 0 0 0 0 0 0 0 0 0 0 0]
[2418869061434699364492517477008126237827177997450600937504216133841847192141356672849990726426247821250569619547510319807587582042359037537873176554629928418634447527979162593857620521735727871346955116620108734505709185786229497939187981948632572484266 0 0 0 0 0 0 0 0 0 0 0 0 0 0 0 0 0 0 0 0 0 0 0 0 0 0 0 0 0 0 0 0 1 0 0 0 0 0 0 0 0 0 0 0 0 0 0 0 0 0 0 0 0 0 0 0 0 0 0 0 0 0 0 0 0 0 0 0 0 0 0 0 0 0 0 0 0 0 0 0 0 0 0]
[2641584784214770331908602604579359443319120468421332250378187118373488598161380799242101732196890801981527711155588621786204780592541969900569468224431250108217584862177572300826863301081232233098853533571129036155072925254790726251869456098077773134905 0 0 0 0 0 0 0 0 0 0 0 0 0 0 0 0 0 0 0 0 0 0 0 0 0 0 0 0 0 0 0 0 0 1 0 0 0 0 0 0 0 0 0 0 0 0 0 0 0 0 0 0 0 0 0 0 0 0 0 0 0 0 0 0 0 0 0 0 0 0 0 0 0 0 0 0 0 0 0 0 0 0 0]
[3967247707348702699066633785558688537084450138951942288836099994917905192474222844121237104778492952847847906432895854599743692567773175777166366404392514870016927669531485088411465697696992355759406350047312460909117143407263466346413685672114504200398 0 0 0 0 0 0 0 0 0 0 0 0 0 0 0 0 0 0 0 0 0 0 0 0 0 0 0 0 0 0 0 0 0 0 1 0 0 0 0 0 0 0 0 0 0 0 0 0 0 0 0 0 0 0 0 0 0 0 0 0 0 0 0 0 0 0 0 0 0 0 0 0 0 0 0 0 0 0 0 0 0 0 0]
[1899273399465617015516704802457080595763627375491558673697264229030016381355331293275485718380587353618689624171807380765621754655879658082175549924979453064230330405105528101042064103782101212357976931107197045849228813291473017256516557855184647609832 0 0 0 0 0 0 0 0 0 0 0 0 0 0 0 0 0 0 0 0 0 0 0 0 0 0 0 0 0 0 0 0 0 0 0 1 0 0 0 0 0 0 0 0 0 0 0 0 0 0 0 0 0 0 0 0 0 0 0 0 0 0 0 0 0 0 0 0 0 0 0 0 0 0 0 0 0 0 0 0 0 0 0]
[2806065648396770155983349645848625124625861349306507956044913662383711578325713071792576525890301666507188324626413550696018807392177920877144493314456915626592958714797223467853659812074120796042362854301015386198975529543327575973528586237350282122326 0 0 0 0 0 0 0 0 0 0 0 0 0 0 0 0 0 0 0 0 0 0 0 0 0 0 0 0 0 0 0 0 0 0 0 0 1 0 0 0 0 0 0 0 0 0 0 0 0 0 0 0 0 0 0 0 0 0 0 0 0 0 0 0 0 0 0 0 0 0 0 0 0 0 0 0 0 0 0 0 0 0 0]
[2670042362910850773474300625133023020350465957884261477908412969241169882788830880664484722157774280528032707768256667447965683461011342910788583919993178593979099351146420850287610902264887787625806766479812142492178981015330955756086032109562242565188 0 0 0 0 0 0 0 0 0 0 0 0 0 0 0 0 0 0 0 0 0 0 0 0 0 0 0 0 0 0 0 0 0 0 0 0 0 1 0 0 0 0 0 0 0 0 0 0 0 0 0 0 0 0 0 0 0 0 0 0 0 0 0 0 0 0 0 0 0 0 0 0 0 0 0 0 0 0 0 0 0 0 0]
[2833720613650903838494927972326756719979606789303847032581365692048441941257239532031456727913662878415135864245720526159858876069454650998337691810120684429109257446437679945835078820109720252458097173015320663993906223310215440513180975684016942915778 0 0 0 0 0 0 0 0 0 0 0 0 0 0 0 0 0 0 0 0 0 0 0 0 0 0 0 0 0 0 0 0 0 0 0 0 0 0 1 0 0 0 0 0 0 0 0 0 0 0 0 0 0 0 0 0 0 0 0 0 0 0 0 0 0 0 0 0 0 0 0 0 0 0 0 0 0 0 0 0 0 0 0]
[258148934463228705134987426152126910491607629354620855982250415935883052808206791876265972931031512690025176396904153233875287803447941961070833980021400802653718492639968444283181821324892416446190207174516676736135771290929568358986959301445778692800 0 0 0 0 0 0 0 0 0 0 0 0 0 0 0 0 0 0 0 0 0 0 0 0 0 0 0 0 0 0 0 0 0 0 0 0 0 0 0 1 0 0 0 0 0 0 0 0 0 0 0 0 0 0 0 0 0 0 0 0 0 0 0 0 0 0 0 0 0 0 0 0 0 0 0 0 0 0 0 0 0 0 0]
[3970505195932679192270879525261816704937069765180406517806684197269523133346788684682866845280385218351396333989431813294010442568924183213446234786954332666944314973381672140175316310908709454450925081037881769569516421065539577767014894371874769977222 0 0 0 0 0 0 0 0 0 0 0 0 0 0 0 0 0 0 0 0 0 0 0 0 0 0 0 0 0 0 0 0 0 0 0 0 0 0 0 0 1 0 0 0 0 0 0 0 0 0 0 0 0 0 0 0 0 0 0 0 0 0 0 0 0 0 0 0 0 0 0 0 0 0 0 0 0 0 0 0 0 0 0]
[3476612106178368871180535422042955759892807704673011285808883317174007429616097517673174191285068955227875475960065450845573191093359641222390276682360603064197410372138363714410343510530053770569365278342216239825953627357753926452663115434065739895166 0 0 0 0 0 0 0 0 0 0 0 0 0 0 0 0 0 0 0 0 0 0 0 0 0 0 0 0 0 0 0 0 0 0 0 0 0 0 0 0 0 1 0 0 0 0 0 0 0 0 0 0 0 0 0 0 0 0 0 0 0 0 0 0 0 0 0 0 0 0 0 0 0 0 0 0 0 0 0 0 0 0 0]
[1565169142920334011989040376202871821476171988506407521672838390419744180049452823386357520865061536081460421122259197139422607310311646473049899683816435562863145667854918658608946961644569660663273533369830133435829391413598349014625092591174218185933 0 0 0 0 0 0 0 0 0 0 0 0 0 0 0 0 0 0 0 0 0 0 0 0 0 0 0 0 0 0 0 0 0 0 0 0 0 0 0 0 0 0 1 0 0 0 0 0 0 0 0 0 0 0 0 0 0 0 0 0 0 0 0 0 0 0 0 0 0 0 0 0 0 0 0 0 0 0 0 0 0 0 0]
[4420553067384936645715392487501073153630026501459194395960930011128033781411101037629940398096486045772064662953623902106131955324780433643307188613001511169918830491768732204304215560473372221202113436352505680552867116199426440404634087589714941307585 0 0 0 0 0 0 0 0 0 0 0 0 0 0 0 0 0 0 0 0 0 0 0 0 0 0 0 0 0 0 0 0 0 0 0 0 0 0 0 0 0 0 0 1 0 0 0 0 0 0 0 0 0 0 0 0 0 0 0 0 0 0 0 0 0 0 0 0 0 0 0 0 0 0 0 0 0 0 0 0 0 0 0]
[988407879135815496803570495788092091038592398848088724273175251914139818577375174389767880494125229586611619884943327527649515419657819204831204338856795549119389996008494872296103180998198330267547513144846584549841380725127310598652139814301639584279 0 0 0 0 0 0 0 0 0 0 0 0 0 0 0 0 0 0 0 0 0 0 0 0 0 0 0 0 0 0 0 0 0 0 0 0 0 0 0 0 0 0 0 0 1 0 0 0 0 0 0 0 0 0 0 0 0 0 0 0 0 0 0 0 0 0 0 0 0 0 0 0 0 0 0 0 0 0 0 0 0 0 0]
[2332686154860554549436285769351174161907192772222533531576479773489381290756208428597151317993465857415708546815095146358411983840672983087592800132849617829932844315704496186443175744041232210480759928481422304854368176004738320779728838249105204714666 0 0 0 0 0 0 0 0 0 0 0 0 0 0 0 0 0 0 0 0 0 0 0 0 0 0 0 0 0 0 0 0 0 0 0 0 0 0 0 0 0 0 0 0 0 1 0 0 0 0 0 0 0 0 0 0 0 0 0 0 0 0 0 0 0 0 0 0 0 0 0 0 0 0 0 0 0 0 0 0 0 0 0]
[3126960354471838600933714473060725123391791709623984543216272448553108861852638881536655165616985502212553741594772837751175952139228232957505795634643445814246890908200536287181502818322183362680707649036242403068177698036939135350095230802257548408161 0 0 0 0 0 0 0 0 0 0 0 0 0 0 0 0 0 0 0 0 0 0 0 0 0 0 0 0 0 0 0 0 0 0 0 0 0 0 0 0 0 0 0 0 0 0 1 0 0 0 0 0 0 0 0 0 0 0 0 0 0 0 0 0 0 0 0 0 0 0 0 0 0 0 0 0 0 0 0 0 0 0 0]
[189844792926342569389579940606145855191474009380934870381784017950393937425801205307539348728226780671970293363822071772305144160371201730780464155729147819763811077394306298079465098198966358759574599324625612722316466365118021025642446348561407556865 0 0 0 0 0 0 0 0 0 0 0 0 0 0 0 0 0 0 0 0 0 0 0 0 0 0 0 0 0 0 0 0 0 0 0 0 0 0 0 0 0 0 0 0 0 0 0 1 0 0 0 0 0 0 0 0 0 0 0 0 0 0 0 0 0 0 0 0 0 0 0 0 0 0 0 0 0 0 0 0 0 0 0]
[2453309226562039335025981765189336505420375096133079561354235824314642918225242246697981516071672078348819068450632166620140909991154032344148146052851594334435465975202922923513619933834882253080753188857214674795214121548444176261112856341017940873408 0 0 0 0 0 0 0 0 0 0 0 0 0 0 0 0 0 0 0 0 0 0 0 0 0 0 0 0 0 0 0 0 0 0 0 0 0 0 0 0 0 0 0 0 0 0 0 0 1 0 0 0 0 0 0 0 0 0 0 0 0 0 0 0 0 0 0 0 0 0 0 0 0 0 0 0 0 0 0 0 0 0 0]
[575836128671928938353777450401246655736343547708518355723867967877362845683264731533109563203130390081147575791460671293121278621225804525116547147099167217359528227685861235910253114938392883215694634248345852252708739204171825178988185144790676515817 0 0 0 0 0 0 0 0 0 0 0 0 0 0 0 0 0 0 0 0 0 0 0 0 0 0 0 0 0 0 0 0 0 0 0 0 0 0 0 0 0 0 0 0 0 0 0 0 0 1 0 0 0 0 0 0 0 0 0 0 0 0 0 0 0 0 0 0 0 0 0 0 0 0 0 0 0 0 0 0 0 0 0]
[4255241523531754723446883000768293611296688780107287322434615102629648565916172458355696630748365950998269316194438177166905428591154066721165581760090321364877826206946996939329554198050302676691281788588835125805369588347930579452392234501573037772781 0 0 0 0 0 0 0 0 0 0 0 0 0 0 0 0 0 0 0 0 0 0 0 0 0 0 0 0 0 0 0 0 0 0 0 0 0 0 0 0 0 0 0 0 0 0 0 0 0 0 1 0 0 0 0 0 0 0 0 0 0 0 0 0 0 0 0 0 0 0 0 0 0 0 0 0 0 0 0 0 0 0 0]
[1802319957778785900060174218105023759256321638801891159964662748475635876398185132260426197713238301318709530012701705002643632916079537945584831298259866002099077666392116469699702543179593355094017183177907685051405229450086056029041539590518467677206 0 0 0 0 0 0 0 0 0 0 0 0 0 0 0 0 0 0 0 0 0 0 0 0 0 0 0 0 0 0 0 0 0 0 0 0 0 0 0 0 0 0 0 0 0 0 0 0 0 0 0 1 0 0 0 0 0 0 0 0 0 0 0 0 0 0 0 0 0 0 0 0 0 0 0 0 0 0 0 0 0 0 0]
[1122482480605177751941099909834723334375560969565837544310251752719924594558574795362798045798512380537527018989890475205976066242119376634665274907093197296560235238022218472605931840972630334186431467064671278814163860566870129597937790223159376563229 0 0 0 0 0 0 0 0 0 0 0 0 0 0 0 0 0 0 0 0 0 0 0 0 0 0 0 0 0 0 0 0 0 0 0 0 0 0 0 0 0 0 0 0 0 0 0 0 0 0 0 0 1 0 0 0 0 0 0 0 0 0 0 0 0 0 0 0 0 0 0 0 0 0 0 0 0 0 0 0 0 0 0]
[4014331985582486228759128392103977202626950977805235859560272497504137264355078467248699546094765089663290480225016711010357052680074955665943538408972736470425303596399688595108124840405072793352807208348446574871851287650341624827563665570816426625788 0 0 0 0 0 0 0 0 0 0 0 0 0 0 0 0 0 0 0 0 0 0 0 0 0 0 0 0 0 0 0 0 0 0 0 0 0 0 0 0 0 0 0 0 0 0 0 0 0 0 0 0 0 1 0 0 0 0 0 0 0 0 0 0 0 0 0 0 0 0 0 0 0 0 0 0 0 0 0 0 0 0 0]
[3151154563999822777088188770329047769908036012286834600246962268323463089091732184563123536223830310793373655651556821117314984537364924670219214941886139463417711574639400679942745370808927832155717646220059657927098072613051520890327920143801827227948 0 0 0 0 0 0 0 0 0 0 0 0 0 0 0 0 0 0 0 0 0 0 0 0 0 0 0 0 0 0 0 0 0 0 0 0 0 0 0 0 0 0 0 0 0 0 0 0 0 0 0 0 0 0 1 0 0 0 0 0 0 0 0 0 0 0 0 0 0 0 0 0 0 0 0 0 0 0 0 0 0 0 0]
[3556488434418854516102243504591053984791449613882610739591136510897770926639963810157864969186739534855158947439972180485633498135938927434423137063365427072983963700262925506487910885413131777036376091601430854076052664604842223146947458747150347490024 0 0 0 0 0 0 0 0 0 0 0 0 0 0 0 0 0 0 0 0 0 0 0 0 0 0 0 0 0 0 0 0 0 0 0 0 0 0 0 0 0 0 0 0 0 0 0 0 0 0 0 0 0 0 0 1 0 0 0 0 0 0 0 0 0 0 0 0 0 0 0 0 0 0 0 0 0 0 0 0 0 0 0]
[932047243557310251211617862506618655298856564543185351685260326574925778922510553671430649021806744706726884886337178482494261456467345221434328116231398732433654310528712290328353448275608520792007491230790387825288435924278008953419225503110404815552 0 0 0 0 0 0 0 0 0 0 0 0 0 0 0 0 0 0 0 0 0 0 0 0 0 0 0 0 0 0 0 0 0 0 0 0 0 0 0 0 0 0 0 0 0 0 0 0 0 0 0 0 0 0 0 0 1 0 0 0 0 0 0 0 0 0 0 0 0 0 0 0 0 0 0 0 0 0 0 0 0 0 0]
[1965785356753425952502944814625577825142329209823323054011981419320544145613870915154477969281459692777950680426435816010735513790495752654944812140129749003460303398135871271553516908561650668035099049149253495270084165318312684535112405237980767238306 0 0 0 0 0 0 0 0 0 0 0 0 0 0 0 0 0 0 0 0 0 0 0 0 0 0 0 0 0 0 0 0 0 0 0 0 0 0 0 0 0 0 0 0 0 0 0 0 0 0 0 0 0 0 0 0 0 1 0 0 0 0 0 0 0 0 0 0 0 0 0 0 0 0 0 0 0 0 0 0 0 0 0]
[3034476295197997480055811238015848407154237586569168148560558205616540534046672628003196507354088217706277622938159327215798830587937861242612470122681042490245506649067309586280323572852468386893566768162158428673551708864550711148697337710552048867155 0 0 0 0 0 0 0 0 0 0 0 0 0 0 0 0 0 0 0 0 0 0 0 0 0 0 0 0 0 0 0 0 0 0 0 0 0 0 0 0 0 0 0 0 0 0 0 0 0 0 0 0 0 0 0 0 0 0 1 0 0 0 0 0 0 0 0 0 0 0 0 0 0 0 0 0 0 0 0 0 0 0 0]
[1603154912747210757060780457594434132609757222415141048149238149238663217525633374622421131070642911591027658480451979996432828752597579467248973860061468942572696771253797780833818417528339872309626163694065857762264768315724331864744073156819620179247 0 0 0 0 0 0 0 0 0 0 0 0 0 0 0 0 0 0 0 0 0 0 0 0 0 0 0 0 0 0 0 0 0 0 0 0 0 0 0 0 0 0 0 0 0 0 0 0 0 0 0 0 0 0 0 0 0 0 0 1 0 0 0 0 0 0 0 0 0 0 0 0 0 0 0 0 0 0 0 0 0 0 0]
[4173098046864332721556496777538295904738089950299440973443494810820057454579546773559716797465811059912778766499205871116040538129320512955116472886118596988748383548105547956427101494768504609450105521500230076671483521822497308481026348347317796415866 0 0 0 0 0 0 0 0 0 0 0 0 0 0 0 0 0 0 0 0 0 0 0 0 0 0 0 0 0 0 0 0 0 0 0 0 0 0 0 0 0 0 0 0 0 0 0 0 0 0 0 0 0 0 0 0 0 0 0 0 1 0 0 0 0 0 0 0 0 0 0 0 0 0 0 0 0 0 0 0 0 0 0]
[3093852626563068039485177907381177231174641688214914832270583239172247443808504175002488897565153908476211811013150451721752650219408440013561900105720665261131639880919291210383696190931207496909335223247451364475193693045220672754879079044176180657047 0 0 0 0 0 0 0 0 0 0 0 0 0 0 0 0 0 0 0 0 0 0 0 0 0 0 0 0 0 0 0 0 0 0 0 0 0 0 0 0 0 0 0 0 0 0 0 0 0 0 0 0 0 0 0 0 0 0 0 0 0 1 0 0 0 0 0 0 0 0 0 0 0 0 0 0 0 0 0 0 0 0 0]
[1256575834880898137189235105120629932478869382436715846067385579691016152266910586900658582316433261792601272785718104123104006261064398186259560970932400964468011422311320392956352712949839406635242621361649534940997186467788627709363909244015347229036 0 0 0 0 0 0 0 0 0 0 0 0 0 0 0 0 0 0 0 0 0 0 0 0 0 0 0 0 0 0 0 0 0 0 0 0 0 0 0 0 0 0 0 0 0 0 0 0 0 0 0 0 0 0 0 0 0 0 0 0 0 0 1 0 0 0 0 0 0 0 0 0 0 0 0 0 0 0 0 0 0 0 0]
[4503145495848984752861774562324023774412923374251839766138092625930673675663056968349473552351959345385791622951242005983102463016062983174232353206122762487840175213662187248934994035616120877929128162497158578870881968989684405652465803181977876617819 0 0 0 0 0 0 0 0 0 0 0 0 0 0 0 0 0 0 0 0 0 0 0 0 0 0 0 0 0 0 0 0 0 0 0 0 0 0 0 0 0 0 0 0 0 0 0 0 0 0 0 0 0 0 0 0 0 0 0 0 0 0 0 1 0 0 0 0 0 0 0 0 0 0 0 0 0 0 0 0 0 0 0]
[764438462805291381116910407216879562915498684824888224423125945422071186800891865514083392861750263445267701618277678818250704502743753072687897421785231578881260795073050130101443573569998349703756638066195384568531897233405966629857956264052286773215 0 0 0 0 0 0 0 0 0 0 0 0 0 0 0 0 0 0 0 0 0 0 0 0 0 0 0 0 0 0 0 0 0 0 0 0 0 0 0 0 0 0 0 0 0 0 0 0 0 0 0 0 0 0 0 0 0 0 0 0 0 0 0 0 1 0 0 0 0 0 0 0 0 0 0 0 0 0 0 0 0 0 0]
[3454199801270813243180797376532200693373954419787382414319932972635856081856302098146596924534370711117599513968474198980906743730858823663238375590110342358406857507996320131647135423171798985748673838006511009819151103979677593367774265605741157348052 0 0 0 0 0 0 0 0 0 0 0 0 0 0 0 0 0 0 0 0 0 0 0 0 0 0 0 0 0 0 0 0 0 0 0 0 0 0 0 0 0 0 0 0 0 0 0 0 0 0 0 0 0 0 0 0 0 0 0 0 0 0 0 0 0 1 0 0 0 0 0 0 0 0 0 0 0 0 0 0 0 0 0]
[3786263853421314122220735037905114620148725708282149510046692097750603606601903005121716835450255395028814164074681723377209188878585033046378719605329068749322532918203400997138830385230690881085218537698271150946717115485499569783250799476606584458156 0 0 0 0 0 0 0 0 0 0 0 0 0 0 0 0 0 0 0 0 0 0 0 0 0 0 0 0 0 0 0 0 0 0 0 0 0 0 0 0 0 0 0 0 0 0 0 0 0 0 0 0 0 0 0 0 0 0 0 0 0 0 0 0 0 0 1 0 0 0 0 0 0 0 0 0 0 0 0 0 0 0 0]
[4496622299953290446890066641267234752743539645925539853020783025870391350133253149580534254654657253791850135755911239286744821569593810542466757684549125452668496745926746463973971996103943918268073109440156113863311147572800048722509445632275433811158 0 0 0 0 0 0 0 0 0 0 0 0 0 0 0 0 0 0 0 0 0 0 0 0 0 0 0 0 0 0 0 0 0 0 0 0 0 0 0 0 0 0 0 0 0 0 0 0 0 0 0 0 0 0 0 0 0 0 0 0 0 0 0 0 0 0 0 1 0 0 0 0 0 0 0 0 0 0 0 0 0 0 0]
[3580602461496189946261757771026611991007371154137949200241216019895971107153617090230519247496601726807490412618154423443961613846147164480062968929452180577177195425772732444062024059382253887281022811143416305133219586189770309529245382749064387258093 0 0 0 0 0 0 0 0 0 0 0 0 0 0 0 0 0 0 0 0 0 0 0 0 0 0 0 0 0 0 0 0 0 0 0 0 0 0 0 0 0 0 0 0 0 0 0 0 0 0 0 0 0 0 0 0 0 0 0 0 0 0 0 0 0 0 0 0 1 0 0 0 0 0 0 0 0 0 0 0 0 0 0]
[4045959357822964349462286959688580798529710555410033367379101912173875560481894319871890508724781741768896319571306627604010485927363805697183718070823573711213786648212185002734723798070058567944697982603144003658872480522063048102243293068642043559569 0 0 0 0 0 0 0 0 0 0 0 0 0 0 0 0 0 0 0 0 0 0 0 0 0 0 0 0 0 0 0 0 0 0 0 0 0 0 0 0 0 0 0 0 0 0 0 0 0 0 0 0 0 0 0 0 0 0 0 0 0 0 0 0 0 0 0 0 0 1 0 0 0 0 0 0 0 0 0 0 0 0 0]
[1302754279936622931510325586671919850923874455715303104184222702141648048673463067815618279199783870725767696133787327415007344872465052413582656292099552172711360920829407737387648737896212889056800748554455350370639017415135887530713945109956989895277 0 0 0 0 0 0 0 0 0 0 0 0 0 0 0 0 0 0 0 0 0 0 0 0 0 0 0 0 0 0 0 0 0 0 0 0 0 0 0 0 0 0 0 0 0 0 0 0 0 0 0 0 0 0 0 0 0 0 0 0 0 0 0 0 0 0 0 0 0 0 1 0 0 0 0 0 0 0 0 0 0 0 0]
[3714605218862179988809854916253532206309488816929454657334296290172901991115281801396896691826924124977404799094932027284231586904059131603729497013105446823361781947279612164618550461346413535920823950168973727691415455884764554930712454005249850472191 0 0 0 0 0 0 0 0 0 0 0 0 0 0 0 0 0 0 0 0 0 0 0 0 0 0 0 0 0 0 0 0 0 0 0 0 0 0 0 0 0 0 0 0 0 0 0 0 0 0 0 0 0 0 0 0 0 0 0 0 0 0 0 0 0 0 0 0 0 0 0 1 0 0 0 0 0 0 0 0 0 0 0]
[1997408639650339756812506818859175702418898001119782819960937612687302011376972100579853650922339563914449027089783290535694748693403434735165061673702736726352892545321722854915714855263009257463943984793888863206984478205474170986891654580130943489056 0 0 0 0 0 0 0 0 0 0 0 0 0 0 0 0 0 0 0 0 0 0 0 0 0 0 0 0 0 0 0 0 0 0 0 0 0 0 0 0 0 0 0 0 0 0 0 0 0 0 0 0 0 0 0 0 0 0 0 0 0 0 0 0 0 0 0 0 0 0 0 0 1 0 0 0 0 0 0 0 0 0 0]
[140804210895997180999777456256517731749520983965104979806795314911048165157627318803771203310019522341849569690698787899196104487956756172096850961629673060044781893314537758257776928329313210285914936917916832585815761511446732140373548913121069333130 0 0 0 0 0 0 0 0 0 0 0 0 0 0 0 0 0 0 0 0 0 0 0 0 0 0 0 0 0 0 0 0 0 0 0 0 0 0 0 0 0 0 0 0 0 0 0 0 0 0 0 0 0 0 0 0 0 0 0 0 0 0 0 0 0 0 0 0 0 0 0 0 0 1 0 0 0 0 0 0 0 0 0]
[1764571879877337107215563714987671112847336045023774222027744519958446682821093171573052704525807108364199863564162230696382498047444329815662297446820451298885743739430277227909074826136163539246801590079004139696061245340496521262216232268561287801528 0 0 0 0 0 0 0 0 0 0 0 0 0 0 0 0 0 0 0 0 0 0 0 0 0 0 0 0 0 0 0 0 0 0 0 0 0 0 0 0 0 0 0 0 0 0 0 0 0 0 0 0 0 0 0 0 0 0 0 0 0 0 0 0 0 0 0 0 0 0 0 0 0 0 1 0 0 0 0 0 0 0 0]
[792626742985556113784518331432902680418063521364603522696736140472728419207425836113144342314144981608249452351625773338578418127935764911740473881980628882883753345057804333628056738336229935492533876117099867019268786060680250480625825192791591695332 0 0 0 0 0 0 0 0 0 0 0 0 0 0 0 0 0 0 0 0 0 0 0 0 0 0 0 0 0 0 0 0 0 0 0 0 0 0 0 0 0 0 0 0 0 0 0 0 0 0 0 0 0 0 0 0 0 0 0 0 0 0 0 0 0 0 0 0 0 0 0 0 0 0 0 1 0 0 0 0 0 0 0]
[3401474003814023281475458091785187946151564282935926508544175477957946969799132608771303249414657110075137035300444443490573733972649914882231368145030046743031401260187187188159986720504716769384884866958054718770419492970152959366192587807658977819370 0 0 0 0 0 0 0 0 0 0 0 0 0 0 0 0 0 0 0 0 0 0 0 0 0 0 0 0 0 0 0 0 0 0 0 0 0 0 0 0 0 0 0 0 0 0 0 0 0 0 0 0 0 0 0 0 0 0 0 0 0 0 0 0 0 0 0 0 0 0 0 0 0 0 0 0 1 0 0 0 0 0 0]
[876186772301192077083040537852760967519152204333688529611856992845880724040320185998892790987697036328360127342649989075100822000015772228056201706410486789332894649792203859792568129113754530127201730813938099452566266365127358065645789415165471172254 0 0 0 0 0 0 0 0 0 0 0 0 0 0 0 0 0 0 0 0 0 0 0 0 0 0 0 0 0 0 0 0 0 0 0 0 0 0 0 0 0 0 0 0 0 0 0 0 0 0 0 0 0 0 0 0 0 0 0 0 0 0 0 0 0 0 0 0 0 0 0 0 0 0 0 0 0 1 0 0 0 0 0]
[1094646695097868364116597603730075951469723033194789485369216304781834112269489303367731198141302218778074112473177479461308863297341322777746230716713565141476142949406257162441699243867655694600552398325082078650704686487251527836505928450447429968400 0 0 0 0 0 0 0 0 0 0 0 0 0 0 0 0 0 0 0 0 0 0 0 0 0 0 0 0 0 0 0 0 0 0 0 0 0 0 0 0 0 0 0 0 0 0 0 0 0 0 0 0 0 0 0 0 0 0 0 0 0 0 0 0 0 0 0 0 0 0 0 0 0 0 0 0 0 0 1 0 0 0 0]
[4315009825622323831509821234487757628182256572480429580165996341449705892808587584907133978054328540050625141787873302744165548662309837177082301958745389445098214022039361010074392568641315695292816040895774625549779618854751923731640272168243850646462 0 0 0 0 0 0 0 0 0 0 0 0 0 0 0 0 0 0 0 0 0 0 0 0 0 0 0 0 0 0 0 0 0 0 0 0 0 0 0 0 0 0 0 0 0 0 0 0 0 0 0 0 0 0 0 0 0 0 0 0 0 0 0 0 0 0 0 0 0 0 0 0 0 0 0 0 0 0 0 1 0 0 0]
[517434136528902482062606869921123278568023336039281137072288080672390996300033414303777726971895536212952867008203607801665518020784251725726209687885281765460081203443117536817490853483523257842030273958654266240094092694215046884104642438169752104330 0 0 0 0 0 0 0 0 0 0 0 0 0 0 0 0 0 0 0 0 0 0 0 0 0 0 0 0 0 0 0 0 0 0 0 0 0 0 0 0 0 0 0 0 0 0 0 0 0 0 0 0 0 0 0 0 0 0 0 0 0 0 0 0 0 0 0 0 0 0 0 0 0 0 0 0 0 0 0 0 1 0 0]
[4081568218116033268398065174264438983559159829123078691012958238496444799357001431818966924280656496363114822625555679797963568475689956805483195342306391028494229149385870883483700933755369288492680819404031588554145235229930189509524737988836875073471 0 0 0 0 0 0 0 0 0 0 0 0 0 0 0 0 0 0 0 0 0 0 0 0 0 0 0 0 0 0 0 0 0 0 0 0 0 0 0 0 0 0 0 0 0 0 0 0 0 0 0 0 0 0 0 0 0 0 0 0 0 0 0 0 0 0 0 0 0 0 0 0 0 0 0 0 0 0 0 0 0 1 0]
[499139891149388500330071954976092843877925138755789892897203175190181649744835813967830029756392681259618682821453865780412322610072092348568531809567087843179250826420096019398407549768675286998389270524188191080056837504463467443188468056613332647096 0 0 0 0 0 0 0 0 0 0 0 0 0 0 0 0 0 0 0 0 0 0 0 0 0 0 0 0 0 0 0 0 0 0 0 0 0 0 0 0 0 0 0 0 0 0 0 0 0 0 0 0 0 0 0 0 0 0 0 0 0 0 0 0 0 0 0 0 0 0 0 0 0 0 0 0 0 0 0 0 0 0 1]
]
