[[2692181209855146334153302773852765230887344891429781448132735355744134364627003743169314321981055185447042999811038063294132714404460095449170367118879561363817540243593237838298469022075953532782817362223439 0 0 0 0 0 0 0 0 0 0 0 0 0 0 0 0 0 0 0 0 0 0 0 0 0 0 0 0 0 0 0 0 0 0 0 0 0 0 0 0 0 0 0 0 0 0 0 0 0 0 0 0 0 0 0 0 0 0 0 0 0 0 0 0 0 0 0 0]
[853646404080776888854418021986047010602852983880161447799581984912800895342473585313984759675646579403272306981063080003148820929106019461642260017650879801024017611531660293219600322424940794011331382061529 1 0 0 0 0 0 0 0 0 0 0 0 0 0 0 0 0 0 0 0 0 0 0 0 0 0 0 0 0 0 0 0 0 0 0 0 0 0 0 0 0 0 0 0 0 0 0 0 0 0 0 0 0 0 0 0 0 0 0 0 0 0 0 0 0 0 0 0]
[557625282637184830208802266213255435637491533167989946694172478030194461086124754985255971678554734949909649574007185049627046011764434445448464478968156860007447286886659875460118977092995700293673502303476 0 1 0 0 0 0 0 0 0 0 0 0 0 0 0 0 0 0 0 0 0 0 0 0 0 0 0 0 0 0 0 0 0 0 0 0 0 0 0 0 0 0 0 0 0 0 0 0 0 0 0 0 0 0 0 0 0 0 0 0 0 0 0 0 0 0 0 0]
[1494017350831830137847688216742600174530916405887892336433397547867804133341918237233576098679361156229650969497117442091942637602059557155846385047122140057573581983211028864252186399176214170821612530729827 0 0 1 0 0 0 0 0 0 0 0 0 0 0 0 0 0 0 0 0 0 0 0 0 0 0 0 0 0 0 0 0 0 0 0 0 0 0 0 0 0 0 0 0 0 0 0 0 0 0 0 0 0 0 0 0 0 0 0 0 0 0 0 0 0 0 0 0]
[1444313056941465190477503472021604639657741753684187212859164315932231422436078875338465030288462636478387255163159783191061116567142786300063289786431430414042690460307350899712053639444330655005000554394565 0 0 0 1 0 0 0 0 0 0 0 0 0 0 0 0 0 0 0 0 0 0 0 0 0 0 0 0 0 0 0 0 0 0 0 0 0 0 0 0 0 0 0 0 0 0 0 0 0 0 0 0 0 0 0 0 0 0 0 0 0 0 0 0 0 0 0 0]
[158486931675855165119487679198241723051068786524033918063098499960181404870806559362654725781173089776116416426815274899382790135842261093020099516591814688426138580972534934995152172549303318281806593181944 0 0 0 0 1 0 0 0 0 0 0 0 0 0 0 0 0 0 0 0 0 0 0 0 0 0 0 0 0 0 0 0 0 0 0 0 0 0 0 0 0 0 0 0 0 0 0 0 0 0 0 0 0 0 0 0 0 0 0 0 0 0 0 0 0 0 0 0]
[2315952539074568352922576712183573556742515429231104970248691022779055387960108284891583569617407934034092188591895512646802660643927819802472720612204932094558956751428285258943675515568279975955160005291062 0 0 0 0 0 1 0 0 0 0 0 0 0 0 0 0 0 0 0 0 0 0 0 0 0 0 0 0 0 0 0 0 0 0 0 0 0 0 0 0 0 0 0 0 0 0 0 0 0 0 0 0 0 0 0 0 0 0 0 0 0 0 0 0 0 0 0 0]
[1819153595719239607499358718557489851722340339563961592578353096797053263666631869723901230608878167867612751834242768477167096327508581955139731868885305964278140775302253664563746896058846193948560980497554 0 0 0 0 0 0 1 0 0 0 0 0 0 0 0 0 0 0 0 0 0 0 0 0 0 0 0 0 0 0 0 0 0 0 0 0 0 0 0 0 0 0 0 0 0 0 0 0 0 0 0 0 0 0 0 0 0 0 0 0 0 0 0 0 0 0 0 0]
[1411911550169396554810223740873566501977293341397179053342528866401685513980253273939380279037537709078434257294200544449109870259053141900826921171444919463512489342102549198225545956278885833464878921794360 0 0 0 0 0 0 0 1 0 0 0 0 0 0 0 0 0 0 0 0 0 0 0 0 0 0 0 0 0 0 0 0 0 0 0 0 0 0 0 0 0 0 0 0 0 0 0 0 0 0 0 0 0 0 0 0 0 0 0 0 0 0 0 0 0 0 0 0]
[1502829495266816315612852774037407177245677176703625237279991372980708119332885491418828064097271978164426999339811438136305383104768538738839243499192179928828461734012340911698779842906148172194151625724298 0 0 0 0 0 0 0 0 1 0 0 0 0 0 0 0 0 0 0 0 0 0 0 0 0 0 0 0 0 0 0 0 0 0 0 0 0 0 0 0 0 0 0 0 0 0 0 0 0 0 0 0 0 0 0 0 0 0 0 0 0 0 0 0 0 0 0 0]
[645561027365861416584921157280305968426356075651975385386157980157387319735808167811693985241416182186935705414574662662290774925183275077627563133626382606524708609349686849590708335975574483919695576114767 0 0 0 0 0 0 0 0 0 1 0 0 0 0 0 0 0 0 0 0 0 0 0 0 0 0 0 0 0 0 0 0 0 0 0 0 0 0 0 0 0 0 0 0 0 0 0 0 0 0 0 0 0 0 0 0 0 0 0 0 0 0 0 0 0 0 0 0]
[2119717430092193107724670634209489239967680545411788857801277580332277085725857756019718757878295515634431624914179333772253176970331379579942234535480425141303211479705923448347380596766678965106393958967978 0 0 0 0 0 0 0 0 0 0 1 0 0 0 0 0 0 0 0 0 0 0 0 0 0 0 0 0 0 0 0 0 0 0 0 0 0 0 0 0 0 0 0 0 0 0 0 0 0 0 0 0 0 0 0 0 0 0 0 0 0 0 0 0 0 0 0 0]
[2690891567456227880920085589606677098493493674306470777790596859020273951336340145158445659375867297472332817620920361449627330270224046216409013371895361072896153770709012223756618474591949660077570005040093 0 0 0 0 0 0 0 0 0 0 0 1 0 0 0 0 0 0 0 0 0 0 0 0 0 0 0 0 0 0 0 0 0 0 0 0 0 0 0 0 0 0 0 0 0 0 0 0 0 0 0 0 0 0 0 0 0 0 0 0 0 0 0 0 0 0 0 0]
[1185202445896436378043194507148146700406596821829180387606287523134438454298340986926548899269814677425394862187475227155155615814486666688932238571551544195888466259289773371678054561896208131922050284089541 0 0 0 0 0 0 0 0 0 0 0 0 1 0 0 0 0 0 0 0 0 0 0 0 0 0 0 0 0 0 0 0 0 0 0 0 0 0 0 0 0 0 0 0 0 0 0 0 0 0 0 0 0 0 0 0 0 0 0 0 0 0 0 0 0 0 0 0]
[2247883871468247916692873140514047172116448568332176592080335677061531974285567406275835988217327662468139835913138328797530537661874099712756936717286214923656127324808774116144360552580623225438035656013961 0 0 0 0 0 0 0 0 0 0 0 0 0 1 0 0 0 0 0 0 0 0 0 0 0 0 0 0 0 0 0 0 0 0 0 0 0 0 0 0 0 0 0 0 0 0 0 0 0 0 0 0 0 0 0 0 0 0 0 0 0 0 0 0 0 0 0 0]
[124276662277251060872760205647759844047441649143661266505751919985065978632230661716355806454150701178359379296098208939585427845723692120180926759982840183472736328735288848212960356006212961244209291791214 0 0 0 0 0 0 0 0 0 0 0 0 0 0 1 0 0 0 0 0 0 0 0 0 0 0 0 0 0 0 0 0 0 0 0 0 0 0 0 0 0 0 0 0 0 0 0 0 0 0 0 0 0 0 0 0 0 0 0 0 0 0 0 0 0 0 0 0]
[887746596899195254733469502228371191730605994061914545399360081963113948197903141343365595560108087272514626468408792021100587224305125510703932817046903591718992591047145096913957065023624227605708072719658 0 0 0 0 0 0 0 0 0 0 0 0 0 0 0 1 0 0 0 0 0 0 0 0 0 0 0 0 0 0 0 0 0 0 0 0 0 0 0 0 0 0 0 0 0 0 0 0 0 0 0 0 0 0 0 0 0 0 0 0 0 0 0 0 0 0 0 0]
[121311006823564200276435600311194070983587762157678431046317757216810195993374681524778840909292249459723823731515362861678526540338863511441233464707910927692809713263140276800639450537645672724733774130684 0 0 0 0 0 0 0 0 0 0 0 0 0 0 0 0 1 0 0 0 0 0 0 0 0 0 0 0 0 0 0 0 0 0 0 0 0 0 0 0 0 0 0 0 0 0 0 0 0 0 0 0 0 0 0 0 0 0 0 0 0 0 0 0 0 0 0 0]
[181189699558427005313977465391649616926802272343064162560209520103947015599277340248311573199961006355969422809391491413586983111479209892592638247341408807834602127235650600144932775062282650691410175571315 0 0 0 0 0 0 0 0 0 0 0 0 0 0 0 0 0 1 0 0 0 0 0 0 0 0 0 0 0 0 0 0 0 0 0 0 0 0 0 0 0 0 0 0 0 0 0 0 0 0 0 0 0 0 0 0 0 0 0 0 0 0 0 0 0 0 0 0]
[40119054955868589974195743871323593307578135516316443959564467403498532270502703838783424454131009001315178660058321589265348204626057589819566790933525602236571926584251509597085636151175731942422169124553 0 0 0 0 0 0 0 0 0 0 0 0 0 0 0 0 0 0 1 0 0 0 0 0 0 0 0 0 0 0 0 0 0 0 0 0 0 0 0 0 0 0 0 0 0 0 0 0 0 0 0 0 0 0 0 0 0 0 0 0 0 0 0 0 0 0 0 0]
[620372848629035926104780606769727987943894009697713590687323766134305939336261958027124749394535966035258532781305994077709846940820285795149075735526490979960324257154910743415551202304507665061713730113789 0 0 0 0 0 0 0 0 0 0 0 0 0 0 0 0 0 0 0 1 0 0 0 0 0 0 0 0 0 0 0 0 0 0 0 0 0 0 0 0 0 0 0 0 0 0 0 0 0 0 0 0 0 0 0 0 0 0 0 0 0 0 0 0 0 0 0 0]
[1636598041060368127679232240298812276311328798136091040890424288418570767868491567749423280340253444286344949516171419980571073744226538270789181479461734739188969879020547187679396770639105589685479709465050 0 0 0 0 0 0 0 0 0 0 0 0 0 0 0 0 0 0 0 0 1 0 0 0 0 0 0 0 0 0 0 0 0 0 0 0 0 0 0 0 0 0 0 0 0 0 0 0 0 0 0 0 0 0 0 0 0 0 0 0 0 0 0 0 0 0 0 0]
[753202256124672228299947224412507543906613129135535733160902043576199227962037719381364789158980988615890937048103110897338312039039888939391936221409088423631351810584611147915906455252011154585430394942568 0 0 0 0 0 0 0 0 0 0 0 0 0 0 0 0 0 0 0 0 0 1 0 0 0 0 0 0 0 0 0 0 0 0 0 0 0 0 0 0 0 0 0 0 0 0 0 0 0 0 0 0 0 0 0 0 0 0 0 0 0 0 0 0 0 0 0 0]
[2314833458185146675138209407123851084027914443032906476611046703962248355954752692447715376181663516409877080107308334501521307844655804184795500040224936849556982032734327136989859082196767735872695711490925 0 0 0 0 0 0 0 0 0 0 0 0 0 0 0 0 0 0 0 0 0 0 1 0 0 0 0 0 0 0 0 0 0 0 0 0 0 0 0 0 0 0 0 0 0 0 0 0 0 0 0 0 0 0 0 0 0 0 0 0 0 0 0 0 0 0 0 0]
[1614311406410443913505410282674129914903197329419430826640498885304401027102764692822352908694146709622917021369503469506942704974376509064941844393558748084597289765891171851882692673260339460833770561981086 0 0 0 0 0 0 0 0 0 0 0 0 0 0 0 0 0 0 0 0 0 0 0 1 0 0 0 0 0 0 0 0 0 0 0 0 0 0 0 0 0 0 0 0 0 0 0 0 0 0 0 0 0 0 0 0 0 0 0 0 0 0 0 0 0 0 0 0]
[303330432343299306751166230876145605163528285700400699419148804588900931540265493286555212783902483652432903165094939848378806537932407390857671371721198150218660832893316540145777948936339004850670598932812 0 0 0 0 0 0 0 0 0 0 0 0 0 0 0 0 0 0 0 0 0 0 0 0 1 0 0 0 0 0 0 0 0 0 0 0 0 0 0 0 0 0 0 0 0 0 0 0 0 0 0 0 0 0 0 0 0 0 0 0 0 0 0 0 0 0 0 0]
[478907168759924973030117781403183894610733556292756237371725920875936326086301914186157545356783422634967229070891940806711330940369850551994807587178780854850071850328386614105628404148190866548160554145075 0 0 0 0 0 0 0 0 0 0 0 0 0 0 0 0 0 0 0 0 0 0 0 0 0 1 0 0 0 0 0 0 0 0 0 0 0 0 0 0 0 0 0 0 0 0 0 0 0 0 0 0 0 0 0 0 0 0 0 0 0 0 0 0 0 0 0 0]
[1287670484665512648021342788118232495543163278784951282964104288997159119860050332253360792128386466232443970341479857413506173710457357511850405271719037796027045402810656673344225299912578915855260563277562 0 0 0 0 0 0 0 0 0 0 0 0 0 0 0 0 0 0 0 0 0 0 0 0 0 0 1 0 0 0 0 0 0 0 0 0 0 0 0 0 0 0 0 0 0 0 0 0 0 0 0 0 0 0 0 0 0 0 0 0 0 0 0 0 0 0 0 0]
[809037742151350525538721176531074468907523294151363269311685979229834518987911940368301395592807330931006677594263382099923311501202293461814597341665065945364276218138035105772815744696232326673430955429779 0 0 0 0 0 0 0 0 0 0 0 0 0 0 0 0 0 0 0 0 0 0 0 0 0 0 0 1 0 0 0 0 0 0 0 0 0 0 0 0 0 0 0 0 0 0 0 0 0 0 0 0 0 0 0 0 0 0 0 0 0 0 0 0 0 0 0 0]
[1267648472606318888727154528619156755103481929134264290381494062541074744928787819676433258700018809619364664967522344863851013330099971599400971102384150599403232664585147358215761032407290083410478632761102 0 0 0 0 0 0 0 0 0 0 0 0 0 0 0 0 0 0 0 0 0 0 0 0 0 0 0 0 1 0 0 0 0 0 0 0 0 0 0 0 0 0 0 0 0 0 0 0 0 0 0 0 0 0 0 0 0 0 0 0 0 0 0 0 0 0 0 0]
[712087221875394089736678146838575108201617656711855764452088966139647705446187973643761930616426174941355514216376477231005981358653406638834045584664822870176400331953735069376734872358334551022508578181040 0 0 0 0 0 0 0 0 0 0 0 0 0 0 0 0 0 0 0 0 0 0 0 0 0 0 0 0 0 1 0 0 0 0 0 0 0 0 0 0 0 0 0 0 0 0 0 0 0 0 0 0 0 0 0 0 0 0 0 0 0 0 0 0 0 0 0 0]
[2654669065070863022491256198838283684327036036009443334853647016139713011799036950171980878089417592676038935609612785078483747113549299906878346316898809456643244321041260050512615248155685792733503199350036 0 0 0 0 0 0 0 0 0 0 0 0 0 0 0 0 0 0 0 0 0 0 0 0 0 0 0 0 0 0 1 0 0 0 0 0 0 0 0 0 0 0 0 0 0 0 0 0 0 0 0 0 0 0 0 0 0 0 0 0 0 0 0 0 0 0 0 0]
[1618041705898380722491723418719146868623854829322680047777906549661880345326577862825490233388321553382926162825097295098144295641342458799260972551829243914911443473190349056168922245554367802467196898402349 0 0 0 0 0 0 0 0 0 0 0 0 0 0 0 0 0 0 0 0 0 0 0 0 0 0 0 0 0 0 0 1 0 0 0 0 0 0 0 0 0 0 0 0 0 0 0 0 0 0 0 0 0 0 0 0 0 0 0 0 0 0 0 0 0 0 0 0]
[25072113981434433945410481596268048807950452477924702881818727942887216031934469411079073875161101425841865621551491490621817825929427294184441941187779845104503361208810217953722527682623571927275998019257 0 0 0 0 0 0 0 0 0 0 0 0 0 0 0 0 0 0 0 0 0 0 0 0 0 0 0 0 0 0 0 0 1 0 0 0 0 0 0 0 0 0 0 0 0 0 0 0 0 0 0 0 0 0 0 0 0 0 0 0 0 0 0 0 0 0 0 0]
[1135154698592151914934902706563204471435860772641380863526611392010285654668756558915236362467858992772561324188303417063140044181641924699030550696826697425556865245953458977992690633488115049040514273128757 0 0 0 0 0 0 0 0 0 0 0 0 0 0 0 0 0 0 0 0 0 0 0 0 0 0 0 0 0 0 0 0 0 1 0 0 0 0 0 0 0 0 0 0 0 0 0 0 0 0 0 0 0 0 0 0 0 0 0 0 0 0 0 0 0 0 0 0]
[39681788889430455716016651264187451573262796019610778445104625140994266678088705922505922956317878276701155952137680544197543278005726877168564466807154609143849213299170819409785115200371920212077925007017 0 0 0 0 0 0 0 0 0 0 0 0 0 0 0 0 0 0 0 0 0 0 0 0 0 0 0 0 0 0 0 0 0 0 1 0 0 0 0 0 0 0 0 0 0 0 0 0 0 0 0 0 0 0 0 0 0 0 0 0 0 0 0 0 0 0 0 0]
[2294884456104172772152635500774308665307568411567012922054465200862077771965145440050084281401837050151247785368180564092474932716224674709736826411389413828883066803889723039284579010817740477181746302962612 0 0 0 0 0 0 0 0 0 0 0 0 0 0 0 0 0 0 0 0 0 0 0 0 0 0 0 0 0 0 0 0 0 0 0 1 0 0 0 0 0 0 0 0 0 0 0 0 0 0 0 0 0 0 0 0 0 0 0 0 0 0 0 0 0 0 0 0]
[1810272883133470402859419827506518754748273484619246233742379787451040472701818559427979544090894451661130030918595660974263737223754551669464700361117285800424288016611937185250124694431290174277674519401036 0 0 0 0 0 0 0 0 0 0 0 0 0 0 0 0 0 0 0 0 0 0 0 0 0 0 0 0 0 0 0 0 0 0 0 0 1 0 0 0 0 0 0 0 0 0 0 0 0 0 0 0 0 0 0 0 0 0 0 0 0 0 0 0 0 0 0 0]
[1012150316563509474702785232162977337003361529832655585846795683366331115546484330695971576669154555560097793845944858845270805930371538339943324768686440042905227126667263265215668791682119760317997966413047 0 0 0 0 0 0 0 0 0 0 0 0 0 0 0 0 0 0 0 0 0 0 0 0 0 0 0 0 0 0 0 0 0 0 0 0 0 1 0 0 0 0 0 0 0 0 0 0 0 0 0 0 0 0 0 0 0 0 0 0 0 0 0 0 0 0 0 0]
[1379758817735395489719165186269536500304328437882984686282922447844935893292225574112094680269901562916334691496708227673605214278148684980519077275771809207323728031656292030346719422172272022102819218509502 0 0 0 0 0 0 0 0 0 0 0 0 0 0 0 0 0 0 0 0 0 0 0 0 0 0 0 0 0 0 0 0 0 0 0 0 0 0 1 0 0 0 0 0 0 0 0 0 0 0 0 0 0 0 0 0 0 0 0 0 0 0 0 0 0 0 0 0]
[1487614138240073790605755151733922643824245806693458570729170452590439792688727838677079762211116906425597036322234474059237698175770246389077697229478810681967012812513257186107627296999679949877602617531395 0 0 0 0 0 0 0 0 0 0 0 0 0 0 0 0 0 0 0 0 0 0 0 0 0 0 0 0 0 0 0 0 0 0 0 0 0 0 0 1 0 0 0 0 0 0 0 0 0 0 0 0 0 0 0 0 0 0 0 0 0 0 0 0 0 0 0 0]
[2125348636247053304674157683022345689186506606828405325259813411901976830249699635743904293394250851419072904326146545389079650412583972293058209658753573223112679680842131584014275699987807529421913548212463 0 0 0 0 0 0 0 0 0 0 0 0 0 0 0 0 0 0 0 0 0 0 0 0 0 0 0 0 0 0 0 0 0 0 0 0 0 0 0 0 1 0 0 0 0 0 0 0 0 0 0 0 0 0 0 0 0 0 0 0 0 0 0 0 0 0 0 0]
[2620170892475990527334830905893525531346345370373429164292299517899017946747355795354260737158866854987831321655846568671217805258449267380904453405729781228804619003011646902952165630534083046463134360684511 0 0 0 0 0 0 0 0 0 0 0 0 0 0 0 0 0 0 0 0 0 0 0 0 0 0 0 0 0 0 0 0 0 0 0 0 0 0 0 0 0 1 0 0 0 0 0 0 0 0 0 0 0 0 0 0 0 0 0 0 0 0 0 0 0 0 0 0]
[1655358862188069450685305015977251557145484424259731604273589277531819887300572992130793502138580328117529771634226368902470240955899554746733997701388005668857276902457939712013904414709974481853603742727822 0 0 0 0 0 0 0 0 0 0 0 0 0 0 0 0 0 0 0 0 0 0 0 0 0 0 0 0 0 0 0 0 0 0 0 0 0 0 0 0 0 0 1 0 0 0 0 0 0 0 0 0 0 0 0 0 0 0 0 0 0 0 0 0 0 0 0 0]
[2046322671787531753518042908841352845160801188474748155582572567152279571842352364179776806904706932019760903442456097421866590818253179283445706630655595896434928612962988293244099778352435871901534239431217 0 0 0 0 0 0 0 0 0 0 0 0 0 0 0 0 0 0 0 0 0 0 0 0 0 0 0 0 0 0 0 0 0 0 0 0 0 0 0 0 0 0 0 1 0 0 0 0 0 0 0 0 0 0 0 0 0 0 0 0 0 0 0 0 0 0 0 0]
[1831997251732006595356582541909189709203354175597742638611481771471913539855770439895311927000317866666623001573614351442791850287859949762917215243949053970610148941044606538654600353741040299500256043770563 0 0 0 0 0 0 0 0 0 0 0 0 0 0 0 0 0 0 0 0 0 0 0 0 0 0 0 0 0 0 0 0 0 0 0 0 0 0 0 0 0 0 0 0 1 0 0 0 0 0 0 0 0 0 0 0 0 0 0 0 0 0 0 0 0 0 0 0]
[1534945468217541698049439759409402886437673049720317374612737218401611419434201736216837989213827504296650098243034161628070216507316157103070869976916457520929832009988262882674575275642515675175745817322646 0 0 0 0 0 0 0 0 0 0 0 0 0 0 0 0 0 0 0 0 0 0 0 0 0 0 0 0 0 0 0 0 0 0 0 0 0 0 0 0 0 0 0 0 0 1 0 0 0 0 0 0 0 0 0 0 0 0 0 0 0 0 0 0 0 0 0 0]
[1749886684215392318238870927248433545748845437872822809772509759096979807535665800451615571669847098405853755454834075410027919403806936457519958517730759311167854114235496441657876778299514775086426306077628 0 0 0 0 0 0 0 0 0 0 0 0 0 0 0 0 0 0 0 0 0 0 0 0 0 0 0 0 0 0 0 0 0 0 0 0 0 0 0 0 0 0 0 0 0 0 1 0 0 0 0 0 0 0 0 0 0 0 0 0 0 0 0 0 0 0 0 0]
[510967455157600330111512152873863032592168459109165534737141139665319156176620349699724042258371513058240787013837344288707385148606557024738635720380276545299456195396862544593491149599798732307966828248671 0 0 0 0 0 0 0 0 0 0 0 0 0 0 0 0 0 0 0 0 0 0 0 0 0 0 0 0 0 0 0 0 0 0 0 0 0 0 0 0 0 0 0 0 0 0 0 1 0 0 0 0 0 0 0 0 0 0 0 0 0 0 0 0 0 0 0 0]
[2186431620894253846685307521804585292074192127966962178500120163438180626583217581230612942535220564794588299463582498668934943981189454314886702888138592900204358432145406522639302058988354015554454115145743 0 0 0 0 0 0 0 0 0 0 0 0 0 0 0 0 0 0 0 0 0 0 0 0 0 0 0 0 0 0 0 0 0 0 0 0 0 0 0 0 0 0 0 0 0 0 0 0 1 0 0 0 0 0 0 0 0 0 0 0 0 0 0 0 0 0 0 0]
[611715120219388766792566846774986010375699315316604218863435190787475044174779845831693212048010185216120550932414255931601594000631537126840106064970121603443905377513074629442109104367990722020412747595328 0 0 0 0 0 0 0 0 0 0 0 0 0 0 0 0 0 0 0 0 0 0 0 0 0 0 0 0 0 0 0 0 0 0 0 0 0 0 0 0 0 0 0 0 0 0 0 0 0 1 0 0 0 0 0 0 0 0 0 0 0 0 0 0 0 0 0 0]
[95793083246750779650742408391532091499987261411683566676239551652866643476056118073513365138011873140186452938734709797831056700232436607137409081130935296991396888170945334926066574622767302191217333473537 0 0 0 0 0 0 0 0 0 0 0 0 0 0 0 0 0 0 0 0 0 0 0 0 0 0 0 0 0 0 0 0 0 0 0 0 0 0 0 0 0 0 0 0 0 0 0 0 0 0 1 0 0 0 0 0 0 0 0 0 0 0 0 0 0 0 0 0]
[2600354722786951429188395275453728809852450932049183657063225122799373286679335187133109147371736651801521124290666306849103763055239496081649591665274632810020866032643351367525760585383284455412046932841990 0 0 0 0 0 0 0 0 0 0 0 0 0 0 0 0 0 0 0 0 0 0 0 0 0 0 0 0 0 0 0 0 0 0 0 0 0 0 0 0 0 0 0 0 0 0 0 0 0 0 0 1 0 0 0 0 0 0 0 0 0 0 0 0 0 0 0 0]
[1867282245921403135961992001623142889412892436372898560102156891797735405746466016650470745426513545543300064027191280013852496676457009260881962276353402385681560680585395640807973015736814739099334538641538 0 0 0 0 0 0 0 0 0 0 0 0 0 0 0 0 0 0 0 0 0 0 0 0 0 0 0 0 0 0 0 0 0 0 0 0 0 0 0 0 0 0 0 0 0 0 0 0 0 0 0 0 1 0 0 0 0 0 0 0 0 0 0 0 0 0 0 0]
[1222747035729609944142934140514359404818210965403660357122974727999770125960473239652885521552380151553313611740444316765168623719284553025293765072240582669377665552201994187640819245319326755940258908533571 0 0 0 0 0 0 0 0 0 0 0 0 0 0 0 0 0 0 0 0 0 0 0 0 0 0 0 0 0 0 0 0 0 0 0 0 0 0 0 0 0 0 0 0 0 0 0 0 0 0 0 0 0 1 0 0 0 0 0 0 0 0 0 0 0 0 0 0]
[417361463222630313020252261690649308704747263465754763603024741043032031434482548020518284802693372808886784483774477350429913550648105063484093164730056957339820785125014303785254114147774204965600373348787 0 0 0 0 0 0 0 0 0 0 0 0 0 0 0 0 0 0 0 0 0 0 0 0 0 0 0 0 0 0 0 0 0 0 0 0 0 0 0 0 0 0 0 0 0 0 0 0 0 0 0 0 0 0 1 0 0 0 0 0 0 0 0 0 0 0 0 0]
[2645210919240535980639716890585185962539146396734906699831812093517683945211276934494626430478389844765128745264399541135744966481155318665559870759105945815253312556496788786175740478166049917886324292292250 0 0 0 0 0 0 0 0 0 0 0 0 0 0 0 0 0 0 0 0 0 0 0 0 0 0 0 0 0 0 0 0 0 0 0 0 0 0 0 0 0 0 0 0 0 0 0 0 0 0 0 0 0 0 0 1 0 0 0 0 0 0 0 0 0 0 0 0]
[87295424209778215195804511852915367992049822603202975496659436090000564216874888618987819470968317739515584165065306130570665948323703368690858468551276552409705049779921303155294041841662021752020486025685 0 0 0 0 0 0 0 0 0 0 0 0 0 0 0 0 0 0 0 0 0 0 0 0 0 0 0 0 0 0 0 0 0 0 0 0 0 0 0 0 0 0 0 0 0 0 0 0 0 0 0 0 0 0 0 0 1 0 0 0 0 0 0 0 0 0 0 0]
[2462017690138815501389271901469309408497209095220685905045466951796996230979158737847356310667693377926542988848832013744627743321318442736039070018911792521080614005854581722934552650250834417045378728577475 0 0 0 0 0 0 0 0 0 0 0 0 0 0 0 0 0 0 0 0 0 0 0 0 0 0 0 0 0 0 0 0 0 0 0 0 0 0 0 0 0 0 0 0 0 0 0 0 0 0 0 0 0 0 0 0 0 1 0 0 0 0 0 0 0 0 0 0]
[16090524241413164029585986792706177567144601624243764064832702710225209541778306607072096629991614803315161277916454452204679166169486895786192100447956537973711915971483098705258423380455744692104202668881 0 0 0 0 0 0 0 0 0 0 0 0 0 0 0 0 0 0 0 0 0 0 0 0 0 0 0 0 0 0 0 0 0 0 0 0 0 0 0 0 0 0 0 0 0 0 0 0 0 0 0 0 0 0 0 0 0 0 1 0 0 0 0 0 0 0 0 0]
[2478343261783350086136907769941672788977708829573484215498794039183122858417026074869562147790734375764657058269072124645069736158341561115251347616474755002573287764211778401590448757781445195421237121369905 0 0 0 0 0 0 0 0 0 0 0 0 0 0 0 0 0 0 0 0 0 0 0 0 0 0 0 0 0 0 0 0 0 0 0 0 0 0 0 0 0 0 0 0 0 0 0 0 0 0 0 0 0 0 0 0 0 0 0 1 0 0 0 0 0 0 0 0]
[1471722233286279836343428006137552290159022004305077396363880382829145649550975510121791598205771239958733849968897024393386522067548857498608888400487225834378552173715909031628136415426968305307821109220442 0 0 0 0 0 0 0 0 0 0 0 0 0 0 0 0 0 0 0 0 0 0 0 0 0 0 0 0 0 0 0 0 0 0 0 0 0 0 0 0 0 0 0 0 0 0 0 0 0 0 0 0 0 0 0 0 0 0 0 0 1 0 0 0 0 0 0 0]
[2447921216134240839439325561683038359521931267715113524664347160165347809542406035607912279966168137760640287361180846767975166921622887054559247079833235892706772105263873894221260032000165359281816309529037 0 0 0 0 0 0 0 0 0 0 0 0 0 0 0 0 0 0 0 0 0 0 0 0 0 0 0 0 0 0 0 0 0 0 0 0 0 0 0 0 0 0 0 0 0 0 0 0 0 0 0 0 0 0 0 0 0 0 0 0 0 1 0 0 0 0 0 0]
[402812847462649671392809519353466075018654664425171504347907882382335015000629857886954505650485109653867836920216920266669113251059172752508239347510522907615988635332527597268024310502361125210660517397545 0 0 0 0 0 0 0 0 0 0 0 0 0 0 0 0 0 0 0 0 0 0 0 0 0 0 0 0 0 0 0 0 0 0 0 0 0 0 0 0 0 0 0 0 0 0 0 0 0 0 0 0 0 0 0 0 0 0 0 0 0 0 1 0 0 0 0 0]
[644134767560651225333897409641891919543071382129446105532467994934444933815240302566842902054388247741010977118289557204761158827132990183422598540872524483003072689876201366173691559865350361631044228662235 0 0 0 0 0 0 0 0 0 0 0 0 0 0 0 0 0 0 0 0 0 0 0 0 0 0 0 0 0 0 0 0 0 0 0 0 0 0 0 0 0 0 0 0 0 0 0 0 0 0 0 0 0 0 0 0 0 0 0 0 0 0 0 1 0 0 0 0]
[222842306322014799989399021368406718876327855057618415351639188360086530163332965334924868723429954459255277693885400759513058022676988852005543585793575325070232342024449295060995179332486644955294063818467 0 0 0 0 0 0 0 0 0 0 0 0 0 0 0 0 0 0 0 0 0 0 0 0 0 0 0 0 0 0 0 0 0 0 0 0 0 0 0 0 0 0 0 0 0 0 0 0 0 0 0 0 0 0 0 0 0 0 0 0 0 0 0 0 1 0 0 0]
[1217494532245300205740379888201634038875360145151919834152296646228732409745829649537878910840250568294290270055681571990636817768438421192190866220997515055627442582433115854879220406020949006096509474896396 0 0 0 0 0 0 0 0 0 0 0 0 0 0 0 0 0 0 0 0 0 0 0 0 0 0 0 0 0 0 0 0 0 0 0 0 0 0 0 0 0 0 0 0 0 0 0 0 0 0 0 0 0 0 0 0 0 0 0 0 0 0 0 0 0 1 0 0]
[666169560292418487388984541283064535114886940526751202768755235280475128698668194695294115930680105871994040150640975594048885657980132445195670527433237274180016462483743735192794133836115641621005988330656 0 0 0 0 0 0 0 0 0 0 0 0 0 0 0 0 0 0 0 0 0 0 0 0 0 0 0 0 0 0 0 0 0 0 0 0 0 0 0 0 0 0 0 0 0 0 0 0 0 0 0 0 0 0 0 0 0 0 0 0 0 0 0 0 0 0 1 0]
[1198352050527895964799250152048145990436690257727171471034379136352954872924424584250298864846100739678665745242391219586937686053651290893388938443543434438162992073860485202122877462781107877997879399520669 0 0 0 0 0 0 0 0 0 0 0 0 0 0 0 0 0 0 0 0 0 0 0 0 0 0 0 0 0 0 0 0 0 0 0 0 0 0 0 0 0 0 0 0 0 0 0 0 0 0 0 0 0 0 0 0 0 0 0 0 0 0 0 0 0 0 0 1]
]
