[[2700363078946374163071595881840975688313621297572362715047860117942281936382393666073987167528310402791992966869832127586680903312627052231020678269384556794794886133668014200293248304796471345299240246569911 0 0 0 0 0 0 0 0 0 0 0 0 0 0 0 0 0 0 0 0 0 0 0 0 0 0 0 0 0 0 0 0 0 0 0 0 0 0 0 0 0 0 0 0 0 0 0 0 0 0 0 0 0 0 0 0 0 0 0 0 0 0 0 0 0 0 0 0]
[2324254718838796843787561805291490061731028279061975349089711904384600652049904800432573448072811717722966815291623786966698710485790669828314195891582348643602251692539041942757495201550336768439039182578922 1 0 0 0 0 0 0 0 0 0 0 0 0 0 0 0 0 0 0 0 0 0 0 0 0 0 0 0 0 0 0 0 0 0 0 0 0 0 0 0 0 0 0 0 0 0 0 0 0 0 0 0 0 0 0 0 0 0 0 0 0 0 0 0 0 0 0 0]
[441650801924090979328437892050142236117024115280858766053652373711828080242135859153698467961441451442916017690006139890357965811101172609956104530237241017140520905020920237293025940943652731614299873332098 0 1 0 0 0 0 0 0 0 0 0 0 0 0 0 0 0 0 0 0 0 0 0 0 0 0 0 0 0 0 0 0 0 0 0 0 0 0 0 0 0 0 0 0 0 0 0 0 0 0 0 0 0 0 0 0 0 0 0 0 0 0 0 0 0 0 0 0]
[1293359096464418172188194416924168790135002734455965884650557617463718491046510660300209819203850872019264616788662652137401412447663200067047603691308267719447612591223002790102425615129833644398457868518009 0 0 1 0 0 0 0 0 0 0 0 0 0 0 0 0 0 0 0 0 0 0 0 0 0 0 0 0 0 0 0 0 0 0 0 0 0 0 0 0 0 0 0 0 0 0 0 0 0 0 0 0 0 0 0 0 0 0 0 0 0 0 0 0 0 0 0 0]
[1009726612354252895502467983636679467859013827470603804405719813136968986298682564742909011251113519468811443887875393364201739114612994072833737751157833085100608708945514560736601886654432767959419416466541 0 0 0 1 0 0 0 0 0 0 0 0 0 0 0 0 0 0 0 0 0 0 0 0 0 0 0 0 0 0 0 0 0 0 0 0 0 0 0 0 0 0 0 0 0 0 0 0 0 0 0 0 0 0 0 0 0 0 0 0 0 0 0 0 0 0 0 0]
[573389909745800083524375089896648966571886053854246417196745352933651414319470799402138580243332727189083406683338464740688368475912671501575809936931830389397716444044487759032338033780438388649528709582367 0 0 0 0 1 0 0 0 0 0 0 0 0 0 0 0 0 0 0 0 0 0 0 0 0 0 0 0 0 0 0 0 0 0 0 0 0 0 0 0 0 0 0 0 0 0 0 0 0 0 0 0 0 0 0 0 0 0 0 0 0 0 0 0 0 0 0 0]
[94390860443562911972975901931898565969572202512379349616562953362968327599305700639412606549692039705432305782163827224672368196472383825515546500602960370808058874355225365832668964435042308052625508509931 0 0 0 0 0 1 0 0 0 0 0 0 0 0 0 0 0 0 0 0 0 0 0 0 0 0 0 0 0 0 0 0 0 0 0 0 0 0 0 0 0 0 0 0 0 0 0 0 0 0 0 0 0 0 0 0 0 0 0 0 0 0 0 0 0 0 0 0]
[633913672151722169465119098755252663868706760296252308302280759761803207537382291997618146349083128687540832562829828821914644019079362129421847048597673543451752896826793409555097520462432933475126400398792 0 0 0 0 0 0 1 0 0 0 0 0 0 0 0 0 0 0 0 0 0 0 0 0 0 0 0 0 0 0 0 0 0 0 0 0 0 0 0 0 0 0 0 0 0 0 0 0 0 0 0 0 0 0 0 0 0 0 0 0 0 0 0 0 0 0 0 0]
[1368826946746594262366732329416463753398830615460875070384178774319886262783121668971078918949027510805411073667401032465473339323695271935988924475171204544122212615550059581054720124849541722838607731948541 0 0 0 0 0 0 0 1 0 0 0 0 0 0 0 0 0 0 0 0 0 0 0 0 0 0 0 0 0 0 0 0 0 0 0 0 0 0 0 0 0 0 0 0 0 0 0 0 0 0 0 0 0 0 0 0 0 0 0 0 0 0 0 0 0 0 0 0]
[692240385472678352799023643553815681502547585392692483787545314804304418499536322277585524752602393284299880797114098801538977566109220836039917952901619243780898390804037926089845924613053714846641341308878 0 0 0 0 0 0 0 0 1 0 0 0 0 0 0 0 0 0 0 0 0 0 0 0 0 0 0 0 0 0 0 0 0 0 0 0 0 0 0 0 0 0 0 0 0 0 0 0 0 0 0 0 0 0 0 0 0 0 0 0 0 0 0 0 0 0 0 0]
[1164398002413875136870856493983489090770613480737602908449280150139045646972146896563377357928359529150836097540768302611375369003619299419684876385556110225267108857132115587172330174399184721808681414993200 0 0 0 0 0 0 0 0 0 1 0 0 0 0 0 0 0 0 0 0 0 0 0 0 0 0 0 0 0 0 0 0 0 0 0 0 0 0 0 0 0 0 0 0 0 0 0 0 0 0 0 0 0 0 0 0 0 0 0 0 0 0 0 0 0 0 0 0]
[1105188144992141907921471440599499674674417703197885231327566512150723477094517663825304283645327566176917794644264887804018444924431850225527998391303660931669946758214400147110197733109130805903727260902871 0 0 0 0 0 0 0 0 0 0 1 0 0 0 0 0 0 0 0 0 0 0 0 0 0 0 0 0 0 0 0 0 0 0 0 0 0 0 0 0 0 0 0 0 0 0 0 0 0 0 0 0 0 0 0 0 0 0 0 0 0 0 0 0 0 0 0 0]
[520616065588693339066242610821520941322887589612945243700061138879320466786006719950448202555042759043228606680413829659550325740064812686938025899311213678162620605420937584017045994184212600171744518150957 0 0 0 0 0 0 0 0 0 0 0 1 0 0 0 0 0 0 0 0 0 0 0 0 0 0 0 0 0 0 0 0 0 0 0 0 0 0 0 0 0 0 0 0 0 0 0 0 0 0 0 0 0 0 0 0 0 0 0 0 0 0 0 0 0 0 0 0]
[359524371010287391367795874263040120078568046617777558927983908090368051654769285113951219248457413110265623864720901859534046201337116834275903382123348120060217187481356451941642541804658156791304209604828 0 0 0 0 0 0 0 0 0 0 0 0 1 0 0 0 0 0 0 0 0 0 0 0 0 0 0 0 0 0 0 0 0 0 0 0 0 0 0 0 0 0 0 0 0 0 0 0 0 0 0 0 0 0 0 0 0 0 0 0 0 0 0 0 0 0 0 0]
[2373864596579587907310554898255786695726194712135461093646164132126586701427856639778014459231139050204653084970587595686421044729122022160017481127503128993777127784910232149983950953551743947421035614088422 0 0 0 0 0 0 0 0 0 0 0 0 0 1 0 0 0 0 0 0 0 0 0 0 0 0 0 0 0 0 0 0 0 0 0 0 0 0 0 0 0 0 0 0 0 0 0 0 0 0 0 0 0 0 0 0 0 0 0 0 0 0 0 0 0 0 0 0]
[267574451794894076779994153337358632442440132637290770045986291824798975602418920645584764666540040960845262436894971109777903526865828576759830361247332586936820902644112407903016401714538487498480300381950 0 0 0 0 0 0 0 0 0 0 0 0 0 0 1 0 0 0 0 0 0 0 0 0 0 0 0 0 0 0 0 0 0 0 0 0 0 0 0 0 0 0 0 0 0 0 0 0 0 0 0 0 0 0 0 0 0 0 0 0 0 0 0 0 0 0 0 0]
[279455841451623106689118030198167638277864884742239016461286204903373236974770941217247595528819501525518490920331824655470953580714833763661268080528246624938339322159302593358190893310374987783220084351617 0 0 0 0 0 0 0 0 0 0 0 0 0 0 0 1 0 0 0 0 0 0 0 0 0 0 0 0 0 0 0 0 0 0 0 0 0 0 0 0 0 0 0 0 0 0 0 0 0 0 0 0 0 0 0 0 0 0 0 0 0 0 0 0 0 0 0 0]
[1491212216715380984924067250358927834028335449162929971993498358497277635365408012156065638040562579227952802388429662850166471757914280057298141841452342438121623077226688279944922387529783692585747761992614 0 0 0 0 0 0 0 0 0 0 0 0 0 0 0 0 1 0 0 0 0 0 0 0 0 0 0 0 0 0 0 0 0 0 0 0 0 0 0 0 0 0 0 0 0 0 0 0 0 0 0 0 0 0 0 0 0 0 0 0 0 0 0 0 0 0 0 0]
[1831652630686172778446188927358437081738429938812256693921226783894268295022712741259117527924779934194444833074298635337147805278261590548143855878771056074497878239813286319207984819210946429976742312655046 0 0 0 0 0 0 0 0 0 0 0 0 0 0 0 0 0 1 0 0 0 0 0 0 0 0 0 0 0 0 0 0 0 0 0 0 0 0 0 0 0 0 0 0 0 0 0 0 0 0 0 0 0 0 0 0 0 0 0 0 0 0 0 0 0 0 0 0]
[1745158138461448236204012130821946181815589958288663781014480094574938061872229345578962116791845068810691790747319981433373317240293570058134445811061257742317169406412550546192273504448380090134534404872834 0 0 0 0 0 0 0 0 0 0 0 0 0 0 0 0 0 0 1 0 0 0 0 0 0 0 0 0 0 0 0 0 0 0 0 0 0 0 0 0 0 0 0 0 0 0 0 0 0 0 0 0 0 0 0 0 0 0 0 0 0 0 0 0 0 0 0 0]
[666943731064697218593085356508967835893910498393499078922308599013244900671948243946841664062725069483791306885121401339093184980101810814139133170235411981764674516442848415353768728564658507827666708937172 0 0 0 0 0 0 0 0 0 0 0 0 0 0 0 0 0 0 0 1 0 0 0 0 0 0 0 0 0 0 0 0 0 0 0 0 0 0 0 0 0 0 0 0 0 0 0 0 0 0 0 0 0 0 0 0 0 0 0 0 0 0 0 0 0 0 0 0]
[627934582167807868535518356337757252406139047278069280684138189561036214860806465806551573986497854454463304735450447604051304115608499844946648875190168376614230013857110031351362951337551854503524397048972 0 0 0 0 0 0 0 0 0 0 0 0 0 0 0 0 0 0 0 0 1 0 0 0 0 0 0 0 0 0 0 0 0 0 0 0 0 0 0 0 0 0 0 0 0 0 0 0 0 0 0 0 0 0 0 0 0 0 0 0 0 0 0 0 0 0 0 0]
[1872552195862787165345847159457007836463983506199113622789021816477748577783823352258069458778278703321339844603157024600700604738324959767034024994259824143718103780051385628543395637362371519961218702291604 0 0 0 0 0 0 0 0 0 0 0 0 0 0 0 0 0 0 0 0 0 1 0 0 0 0 0 0 0 0 0 0 0 0 0 0 0 0 0 0 0 0 0 0 0 0 0 0 0 0 0 0 0 0 0 0 0 0 0 0 0 0 0 0 0 0 0 0]
[1436187080762669164623616196143291247408674335428693994755752135971905932072383640893940106659332879425394616002624427868586872501665127271020079070108571498437295737839210649360657729082205520731392526559578 0 0 0 0 0 0 0 0 0 0 0 0 0 0 0 0 0 0 0 0 0 0 1 0 0 0 0 0 0 0 0 0 0 0 0 0 0 0 0 0 0 0 0 0 0 0 0 0 0 0 0 0 0 0 0 0 0 0 0 0 0 0 0 0 0 0 0 0]
[2028773913218247759526593664899569620459179341608161623254964425176991586961510126340511155551001554940601255685337923944048043977528223618487624636375756468026341868876921061642286062522182893209797587520880 0 0 0 0 0 0 0 0 0 0 0 0 0 0 0 0 0 0 0 0 0 0 0 1 0 0 0 0 0 0 0 0 0 0 0 0 0 0 0 0 0 0 0 0 0 0 0 0 0 0 0 0 0 0 0 0 0 0 0 0 0 0 0 0 0 0 0 0]
[351582436716885778346788190983479935571567948318473838255831254058027589986565497502499454940367033028883282862701738988796475087090856656414724928020360580179952354776468079083107768835203637305982802288745 0 0 0 0 0 0 0 0 0 0 0 0 0 0 0 0 0 0 0 0 0 0 0 0 1 0 0 0 0 0 0 0 0 0 0 0 0 0 0 0 0 0 0 0 0 0 0 0 0 0 0 0 0 0 0 0 0 0 0 0 0 0 0 0 0 0 0 0]
[2603152551652647958821032906163604984680716422267547511765528319621247930407561767334589012235712807232420266665656078239797485940403523133430527321437881130492131004938820813724724687785442365318710490158692 0 0 0 0 0 0 0 0 0 0 0 0 0 0 0 0 0 0 0 0 0 0 0 0 0 1 0 0 0 0 0 0 0 0 0 0 0 0 0 0 0 0 0 0 0 0 0 0 0 0 0 0 0 0 0 0 0 0 0 0 0 0 0 0 0 0 0 0]
[1167407560759369150310374728749036033941787711131990498632271956212544558117131865580679623807006847830305914734600138859933331999817108751624472537021764592882669622011796216927942592133814175950429347872783 0 0 0 0 0 0 0 0 0 0 0 0 0 0 0 0 0 0 0 0 0 0 0 0 0 0 1 0 0 0 0 0 0 0 0 0 0 0 0 0 0 0 0 0 0 0 0 0 0 0 0 0 0 0 0 0 0 0 0 0 0 0 0 0 0 0 0 0]
[1409343932212831108699978378900690271766588311851609182505311846603297738075621959779808685626235374653350869077622864586148706128559240749764559523969370021393122883188214678697629363755428302286665208884304 0 0 0 0 0 0 0 0 0 0 0 0 0 0 0 0 0 0 0 0 0 0 0 0 0 0 0 1 0 0 0 0 0 0 0 0 0 0 0 0 0 0 0 0 0 0 0 0 0 0 0 0 0 0 0 0 0 0 0 0 0 0 0 0 0 0 0 0]
[2272847529933876251322041097731359284319790735921769874167260235954312412472491640256909338827472205935154853021548135771660907842297992976802264656683374952155474953688622824838092461152204829345477497089365 0 0 0 0 0 0 0 0 0 0 0 0 0 0 0 0 0 0 0 0 0 0 0 0 0 0 0 0 1 0 0 0 0 0 0 0 0 0 0 0 0 0 0 0 0 0 0 0 0 0 0 0 0 0 0 0 0 0 0 0 0 0 0 0 0 0 0 0]
[2571568032070502586525581635386910649139571444975159245673043169842096601705907263241825864776647132002304778495805843824895054499192999216559012689368869329110735859215766464048693370532587984977299319478995 0 0 0 0 0 0 0 0 0 0 0 0 0 0 0 0 0 0 0 0 0 0 0 0 0 0 0 0 0 1 0 0 0 0 0 0 0 0 0 0 0 0 0 0 0 0 0 0 0 0 0 0 0 0 0 0 0 0 0 0 0 0 0 0 0 0 0 0]
[1251565813131427722186365633955523067536188493331850063976280542932437736103954400250963873415242267135973327598877444226090872576829623597948279494019129765306518698805817365004071746072479411719835044472720 0 0 0 0 0 0 0 0 0 0 0 0 0 0 0 0 0 0 0 0 0 0 0 0 0 0 0 0 0 0 1 0 0 0 0 0 0 0 0 0 0 0 0 0 0 0 0 0 0 0 0 0 0 0 0 0 0 0 0 0 0 0 0 0 0 0 0 0]
[1864421903402401683936301526609470460112621074277861047738013081338131893233090378859538227253363406778981032279690591770061881069546418638831226943459151877675257961089578297451661856177435632735414255817414 0 0 0 0 0 0 0 0 0 0 0 0 0 0 0 0 0 0 0 0 0 0 0 0 0 0 0 0 0 0 0 1 0 0 0 0 0 0 0 0 0 0 0 0 0 0 0 0 0 0 0 0 0 0 0 0 0 0 0 0 0 0 0 0 0 0 0 0]
[2513854826259516381057697708330100505739124923556083012736121984477811689016997859138220682881477467914103767203561379450590177304604257309170552899794269096285186003039873817822692430538801704490999118915868 0 0 0 0 0 0 0 0 0 0 0 0 0 0 0 0 0 0 0 0 0 0 0 0 0 0 0 0 0 0 0 0 1 0 0 0 0 0 0 0 0 0 0 0 0 0 0 0 0 0 0 0 0 0 0 0 0 0 0 0 0 0 0 0 0 0 0 0]
[1345551417853704951234061943343844487623231821971358764988889040062850396656430509024099049558039864615488551942092742925537754433202881246611214275842985916469558541365144740864399027512702453715910605782814 0 0 0 0 0 0 0 0 0 0 0 0 0 0 0 0 0 0 0 0 0 0 0 0 0 0 0 0 0 0 0 0 0 1 0 0 0 0 0 0 0 0 0 0 0 0 0 0 0 0 0 0 0 0 0 0 0 0 0 0 0 0 0 0 0 0 0 0]
[2173454927679614904300911020605205529041597819547941429542378754434042919401593567127948837955893115013706149843722156573491303921369818817323689912187831510343758794134346005780147517445902679324380879888550 0 0 0 0 0 0 0 0 0 0 0 0 0 0 0 0 0 0 0 0 0 0 0 0 0 0 0 0 0 0 0 0 0 0 1 0 0 0 0 0 0 0 0 0 0 0 0 0 0 0 0 0 0 0 0 0 0 0 0 0 0 0 0 0 0 0 0 0]
[152910264849662018800900759812121438847158827679565600112190096990250621371477081651994853666019381465815103246806179032550426199604271831540671280951157106496449719980563366682726924836916604286014882660441 0 0 0 0 0 0 0 0 0 0 0 0 0 0 0 0 0 0 0 0 0 0 0 0 0 0 0 0 0 0 0 0 0 0 0 1 0 0 0 0 0 0 0 0 0 0 0 0 0 0 0 0 0 0 0 0 0 0 0 0 0 0 0 0 0 0 0 0]
[2688168482992165970058845136967948998962136382373004708383497089879106853430966228038280067242841427424123836878097523182517342713025275925846573483073650933281386762507560810816329847214618727526699815158647 0 0 0 0 0 0 0 0 0 0 0 0 0 0 0 0 0 0 0 0 0 0 0 0 0 0 0 0 0 0 0 0 0 0 0 0 1 0 0 0 0 0 0 0 0 0 0 0 0 0 0 0 0 0 0 0 0 0 0 0 0 0 0 0 0 0 0 0]
[2243955945972266748874057655944272957812800536418310949651426551964751060014208604571162892149654546893932295821613542005467324460395575318860451652046401477246502854475356326330318002385841048455198747924162 0 0 0 0 0 0 0 0 0 0 0 0 0 0 0 0 0 0 0 0 0 0 0 0 0 0 0 0 0 0 0 0 0 0 0 0 0 1 0 0 0 0 0 0 0 0 0 0 0 0 0 0 0 0 0 0 0 0 0 0 0 0 0 0 0 0 0 0]
[2355363461855061261327744966969741785305241996000958993322590954796824706562518817125710456162628767102578167227612002757233510028478427594082900271050863544372740582719154345653909194956901049044502791064864 0 0 0 0 0 0 0 0 0 0 0 0 0 0 0 0 0 0 0 0 0 0 0 0 0 0 0 0 0 0 0 0 0 0 0 0 0 0 1 0 0 0 0 0 0 0 0 0 0 0 0 0 0 0 0 0 0 0 0 0 0 0 0 0 0 0 0 0]
[350175029824841231470217943597730538893345505223394050420956846375529093562576792084019879484092107652884268890396148082603807189571197097367940783095134211137691859618795716574700980781479806291424706658126 0 0 0 0 0 0 0 0 0 0 0 0 0 0 0 0 0 0 0 0 0 0 0 0 0 0 0 0 0 0 0 0 0 0 0 0 0 0 0 1 0 0 0 0 0 0 0 0 0 0 0 0 0 0 0 0 0 0 0 0 0 0 0 0 0 0 0 0]
[1921021648792629343099415724354046647981552072204966205475195271477055810609729149672199819400366415340552073693577411873565330530939241710643263869437061931188137550144854120700061037607115465503907262527180 0 0 0 0 0 0 0 0 0 0 0 0 0 0 0 0 0 0 0 0 0 0 0 0 0 0 0 0 0 0 0 0 0 0 0 0 0 0 0 0 1 0 0 0 0 0 0 0 0 0 0 0 0 0 0 0 0 0 0 0 0 0 0 0 0 0 0 0]
[1452527762727357199033476214902292662536609325701024045932941674407351444503471296189991014837618785619910311230560634047404500576006036226660926035089988722333648459587638818925707971013840662595638532031869 0 0 0 0 0 0 0 0 0 0 0 0 0 0 0 0 0 0 0 0 0 0 0 0 0 0 0 0 0 0 0 0 0 0 0 0 0 0 0 0 0 1 0 0 0 0 0 0 0 0 0 0 0 0 0 0 0 0 0 0 0 0 0 0 0 0 0 0]
[1869238616457904553761850769786077484378572573965119322399765920960038188967506575286208176379903607362655618998555608321482408266595306520806710270578255841163250145753540854945880088234788644773452925472545 0 0 0 0 0 0 0 0 0 0 0 0 0 0 0 0 0 0 0 0 0 0 0 0 0 0 0 0 0 0 0 0 0 0 0 0 0 0 0 0 0 0 1 0 0 0 0 0 0 0 0 0 0 0 0 0 0 0 0 0 0 0 0 0 0 0 0 0]
[2559977921344334329366250050578718874611363280723107461031644170184380077029141130785870060956768101814006859918385213527797502253898950883736157211700210383832330320992706242182907412899340200381329912709317 0 0 0 0 0 0 0 0 0 0 0 0 0 0 0 0 0 0 0 0 0 0 0 0 0 0 0 0 0 0 0 0 0 0 0 0 0 0 0 0 0 0 0 1 0 0 0 0 0 0 0 0 0 0 0 0 0 0 0 0 0 0 0 0 0 0 0 0]
[2338323398761619928147514192584739621168626272587164395316117565990561959287930069522058067237405901651157356497924150102253922273446804684745448279980216466952314950844654553142860013798532242537734042055537 0 0 0 0 0 0 0 0 0 0 0 0 0 0 0 0 0 0 0 0 0 0 0 0 0 0 0 0 0 0 0 0 0 0 0 0 0 0 0 0 0 0 0 0 1 0 0 0 0 0 0 0 0 0 0 0 0 0 0 0 0 0 0 0 0 0 0 0]
[1156367110177588802891858806893478917460522280531491844944218180404227613910550882890455796075319581249955987667880726156325031019140053092275468166763608919585920982095210976224443888947494028415529406881476 0 0 0 0 0 0 0 0 0 0 0 0 0 0 0 0 0 0 0 0 0 0 0 0 0 0 0 0 0 0 0 0 0 0 0 0 0 0 0 0 0 0 0 0 0 1 0 0 0 0 0 0 0 0 0 0 0 0 0 0 0 0 0 0 0 0 0 0]
[1621663115138780043182629193670979491450573641083674633832954614780281166038607997905718122509162668539412465524527524770996029506610516405693845628328018753280593829517586580513175793682777249298394159098959 0 0 0 0 0 0 0 0 0 0 0 0 0 0 0 0 0 0 0 0 0 0 0 0 0 0 0 0 0 0 0 0 0 0 0 0 0 0 0 0 0 0 0 0 0 0 1 0 0 0 0 0 0 0 0 0 0 0 0 0 0 0 0 0 0 0 0 0]
[2394173827721616184051565514456604226208848560685202445253641130832337784576030206540632734682135774982342798396086640966891406181060266173980012327750187469784451039255873971662431870337444652112795955450768 0 0 0 0 0 0 0 0 0 0 0 0 0 0 0 0 0 0 0 0 0 0 0 0 0 0 0 0 0 0 0 0 0 0 0 0 0 0 0 0 0 0 0 0 0 0 0 1 0 0 0 0 0 0 0 0 0 0 0 0 0 0 0 0 0 0 0 0]
[896225987266570391162895199810839629912172304485453700069311303131543336354163065878088568492370645586913075322972339336308968371895508594503033435056626665011571950617445323960229247959892572738271738878822 0 0 0 0 0 0 0 0 0 0 0 0 0 0 0 0 0 0 0 0 0 0 0 0 0 0 0 0 0 0 0 0 0 0 0 0 0 0 0 0 0 0 0 0 0 0 0 0 1 0 0 0 0 0 0 0 0 0 0 0 0 0 0 0 0 0 0 0]
[1151886429901401034084882000613584917091583123486347654010771939376112254090875758760770543310206876309089663449631491605059295045329251290860769475672487703884761601491536941397188788387227765395098111520095 0 0 0 0 0 0 0 0 0 0 0 0 0 0 0 0 0 0 0 0 0 0 0 0 0 0 0 0 0 0 0 0 0 0 0 0 0 0 0 0 0 0 0 0 0 0 0 0 0 1 0 0 0 0 0 0 0 0 0 0 0 0 0 0 0 0 0 0]
[887872096874000291233202560717372912693408979433876493059642118604984526494658682974912527823914490885730792408399647836790347267361099015853780715032465211253853945056674830784682877025308366606399404084462 0 0 0 0 0 0 0 0 0 0 0 0 0 0 0 0 0 0 0 0 0 0 0 0 0 0 0 0 0 0 0 0 0 0 0 0 0 0 0 0 0 0 0 0 0 0 0 0 0 0 1 0 0 0 0 0 0 0 0 0 0 0 0 0 0 0 0 0]
[1741791295707291661630107548551894302670578662127247794781424701428224355503334330420315095684708331981863466476617071115838269528900179957237573687015860571675190611075159829932199151224494382001717832864636 0 0 0 0 0 0 0 0 0 0 0 0 0 0 0 0 0 0 0 0 0 0 0 0 0 0 0 0 0 0 0 0 0 0 0 0 0 0 0 0 0 0 0 0 0 0 0 0 0 0 0 1 0 0 0 0 0 0 0 0 0 0 0 0 0 0 0 0]
[565146355513833101233892459808575750913303284036957786787822898629317755460439939144842500635773084114500805644095610744876233718431037772939558044022497062882283316438216008468331156087350868302440200530040 0 0 0 0 0 0 0 0 0 0 0 0 0 0 0 0 0 0 0 0 0 0 0 0 0 0 0 0 0 0 0 0 0 0 0 0 0 0 0 0 0 0 0 0 0 0 0 0 0 0 0 0 1 0 0 0 0 0 0 0 0 0 0 0 0 0 0 0]
[2131334248487275229793641273842471165197610199609795304733116777837573501777019891047303564384792564575222513111654049309195715077089120903005395782765507099229380578558410478797300289971462564041925087651380 0 0 0 0 0 0 0 0 0 0 0 0 0 0 0 0 0 0 0 0 0 0 0 0 0 0 0 0 0 0 0 0 0 0 0 0 0 0 0 0 0 0 0 0 0 0 0 0 0 0 0 0 0 1 0 0 0 0 0 0 0 0 0 0 0 0 0 0]
[2695961697287148537306385458901692195392920577445572233438982951676410008957622499278309699927850531897676759045337206650045486212279251661334066963189593928977201981629275137533498217708583613303993505273299 0 0 0 0 0 0 0 0 0 0 0 0 0 0 0 0 0 0 0 0 0 0 0 0 0 0 0 0 0 0 0 0 0 0 0 0 0 0 0 0 0 0 0 0 0 0 0 0 0 0 0 0 0 0 1 0 0 0 0 0 0 0 0 0 0 0 0 0]
[1522557453901845870283417655416277195449777093140248819184679714006311972942213339638516078716243546683560043990102331550008001509890887904548022823809914671391389480645737004354026287755862464143247473310657 0 0 0 0 0 0 0 0 0 0 0 0 0 0 0 0 0 0 0 0 0 0 0 0 0 0 0 0 0 0 0 0 0 0 0 0 0 0 0 0 0 0 0 0 0 0 0 0 0 0 0 0 0 0 0 1 0 0 0 0 0 0 0 0 0 0 0 0]
[676375704525966208392114545619158373209983018760385470616960650782123615328820624996382429545934719356123082630033405885671403394575826180253621266686517544092943726818312742160275156409813914361924277398766 0 0 0 0 0 0 0 0 0 0 0 0 0 0 0 0 0 0 0 0 0 0 0 0 0 0 0 0 0 0 0 0 0 0 0 0 0 0 0 0 0 0 0 0 0 0 0 0 0 0 0 0 0 0 0 0 1 0 0 0 0 0 0 0 0 0 0 0]
[2260026600138018848985486984039483785130984168322593656023067483115568902774723062563040747369551136081031657103938999919455390134461052373120495912751258472116695372288945707132712540751629208437821375310268 0 0 0 0 0 0 0 0 0 0 0 0 0 0 0 0 0 0 0 0 0 0 0 0 0 0 0 0 0 0 0 0 0 0 0 0 0 0 0 0 0 0 0 0 0 0 0 0 0 0 0 0 0 0 0 0 0 1 0 0 0 0 0 0 0 0 0 0]
[2520327921583873839858880204852135573595553655939870232085617329542417431566477238954947873650787390796340427086566340770489189487470328603117833198748374554474186140665662327430790945195896657848951559266070 0 0 0 0 0 0 0 0 0 0 0 0 0 0 0 0 0 0 0 0 0 0 0 0 0 0 0 0 0 0 0 0 0 0 0 0 0 0 0 0 0 0 0 0 0 0 0 0 0 0 0 0 0 0 0 0 0 0 1 0 0 0 0 0 0 0 0 0]
[2352462432071241904440910873520396497044659241268316188502989503046303095151198220858743613079321941948065754806228302990964128018388714553891888285062490346557609210855664455015750730018537316268505611221504 0 0 0 0 0 0 0 0 0 0 0 0 0 0 0 0 0 0 0 0 0 0 0 0 0 0 0 0 0 0 0 0 0 0 0 0 0 0 0 0 0 0 0 0 0 0 0 0 0 0 0 0 0 0 0 0 0 0 0 1 0 0 0 0 0 0 0 0]
[353251748217343731186807616530253604658616360251613723557774670879827817776284024209806921360014778852546325099071111062024765961725600269178034795763983123637592365202021867456956614442457188024459283076415 0 0 0 0 0 0 0 0 0 0 0 0 0 0 0 0 0 0 0 0 0 0 0 0 0 0 0 0 0 0 0 0 0 0 0 0 0 0 0 0 0 0 0 0 0 0 0 0 0 0 0 0 0 0 0 0 0 0 0 0 1 0 0 0 0 0 0 0]
[2640825522598381883944553211730873006472654189209114876938332257962938113463386158812413989591581846090279139916636951424948784732414649573874577922561849186949658903062410293714403697364651925451077922858286 0 0 0 0 0 0 0 0 0 0 0 0 0 0 0 0 0 0 0 0 0 0 0 0 0 0 0 0 0 0 0 0 0 0 0 0 0 0 0 0 0 0 0 0 0 0 0 0 0 0 0 0 0 0 0 0 0 0 0 0 0 1 0 0 0 0 0 0]
[2105822875171073489739695551085544737328369361566723431824864434981568839526956923659214363312530597554942989485243884440969534666932262254333876064356380292934413321647615914928851385245017106175108873049092 0 0 0 0 0 0 0 0 0 0 0 0 0 0 0 0 0 0 0 0 0 0 0 0 0 0 0 0 0 0 0 0 0 0 0 0 0 0 0 0 0 0 0 0 0 0 0 0 0 0 0 0 0 0 0 0 0 0 0 0 0 0 1 0 0 0 0 0]
[863934022124849313505563629921570045141999704916648707176442120176014024343502221564400598085635672494960550760150314251016062895055044805695656288379617107193486471804107721659652434047781347860574227796676 0 0 0 0 0 0 0 0 0 0 0 0 0 0 0 0 0 0 0 0 0 0 0 0 0 0 0 0 0 0 0 0 0 0 0 0 0 0 0 0 0 0 0 0 0 0 0 0 0 0 0 0 0 0 0 0 0 0 0 0 0 0 0 1 0 0 0 0]
[1702666955877509754939448134324084857928408566118797494716614991217098175894733611796040676268647368596898303941721227855536866090206055312064849022599554874477140139951683873169274272902821583250644288961591 0 0 0 0 0 0 0 0 0 0 0 0 0 0 0 0 0 0 0 0 0 0 0 0 0 0 0 0 0 0 0 0 0 0 0 0 0 0 0 0 0 0 0 0 0 0 0 0 0 0 0 0 0 0 0 0 0 0 0 0 0 0 0 0 1 0 0 0]
[2188258913642773434968277177347070357728142922102711628310131768197065414503515381049606170731524396561481238667848199141982051927627153511455413793823083018283969538477692511465453155854625318114289416160721 0 0 0 0 0 0 0 0 0 0 0 0 0 0 0 0 0 0 0 0 0 0 0 0 0 0 0 0 0 0 0 0 0 0 0 0 0 0 0 0 0 0 0 0 0 0 0 0 0 0 0 0 0 0 0 0 0 0 0 0 0 0 0 0 0 1 0 0]
[388596600248069385236787951999282983424669435828595864381985952254490643151441330568582564343234328518807792774871945291701838935311659590183231704651014178068902230100549814364794750601493974794602251489692 0 0 0 0 0 0 0 0 0 0 0 0 0 0 0 0 0 0 0 0 0 0 0 0 0 0 0 0 0 0 0 0 0 0 0 0 0 0 0 0 0 0 0 0 0 0 0 0 0 0 0 0 0 0 0 0 0 0 0 0 0 0 0 0 0 0 1 0]
[1209859944277420650445474216152908388796285466499731222738750511167853284522122264007118909526768352495924165989490300567016455126261902002584089662823502289497401992555413620608868928485679975365059023504719 0 0 0 0 0 0 0 0 0 0 0 0 0 0 0 0 0 0 0 0 0 0 0 0 0 0 0 0 0 0 0 0 0 0 0 0 0 0 0 0 0 0 0 0 0 0 0 0 0 0 0 0 0 0 0 0 0 0 0 0 0 0 0 0 0 0 0 1]
]
