[[5332650100478985864545586692350648936204380206261369966466552828676328357756343616336578029112909025241645875750347215696830798862482391274404166343560292019957783256781077120455953083915548416990932920426221287326492610363895630553509488489298777753605144821 0 0 0 0 0 0 0 0 0 0 0 0 0 0 0 0 0 0 0 0 0 0 0 0 0 0 0 0 0 0 0 0 0 0 0 0 0 0 0 0 0 0 0 0 0 0 0 0 0 0 0 0 0 0 0 0 0 0 0 0 0 0 0 0 0 0 0 0 0 0 0 0 0 0 0 0 0 0 0 0 0 0 0 0 0]
[1051056917930281227976101800715026128990374299878077449825071496126162145561361159958962767596531765812736800803903263004027044914096764998099643113740693170386283454836088963042407997463002522684138504698438211051864423931485134957428423749048209815698651780 1 0 0 0 0 0 0 0 0 0 0 0 0 0 0 0 0 0 0 0 0 0 0 0 0 0 0 0 0 0 0 0 0 0 0 0 0 0 0 0 0 0 0 0 0 0 0 0 0 0 0 0 0 0 0 0 0 0 0 0 0 0 0 0 0 0 0 0 0 0 0 0 0 0 0 0 0 0 0 0 0 0 0 0 0]
[4280113812658826598314053627903737598974815083858186823442518136307155174912568053512211285030136916333614076965406412111910517199990787617134649697142650912252674156966881584957839744997349794241546681801037758933577045332391953890518060523330230952057078574 0 1 0 0 0 0 0 0 0 0 0 0 0 0 0 0 0 0 0 0 0 0 0 0 0 0 0 0 0 0 0 0 0 0 0 0 0 0 0 0 0 0 0 0 0 0 0 0 0 0 0 0 0 0 0 0 0 0 0 0 0 0 0 0 0 0 0 0 0 0 0 0 0 0 0 0 0 0 0 0 0 0 0 0 0]
[2309696080750470934439014410187141673471223677321954318668996922902415552583983858618703777157057957112818727872960709793775765528075491680568660348566467606223792459634364419117686255522939220324870310876573945113636868053459530122006846653667450267425146071 0 0 1 0 0 0 0 0 0 0 0 0 0 0 0 0 0 0 0 0 0 0 0 0 0 0 0 0 0 0 0 0 0 0 0 0 0 0 0 0 0 0 0 0 0 0 0 0 0 0 0 0 0 0 0 0 0 0 0 0 0 0 0 0 0 0 0 0 0 0 0 0 0 0 0 0 0 0 0 0 0 0 0 0 0]
[2897070729716706173656215843556655067456591542605054712372092560316922921992935711279897988367631116341626521852892938846594947237999490495454025344772655042054307193489324673271730061246506040383986150679799512049612611632573733403466547414227157404385531639 0 0 0 1 0 0 0 0 0 0 0 0 0 0 0 0 0 0 0 0 0 0 0 0 0 0 0 0 0 0 0 0 0 0 0 0 0 0 0 0 0 0 0 0 0 0 0 0 0 0 0 0 0 0 0 0 0 0 0 0 0 0 0 0 0 0 0 0 0 0 0 0 0 0 0 0 0 0 0 0 0 0 0 0 0]
[3002136663125817712169039861947116805964233818021972941534280278139537985253949822413018412590887298009434942165819793665518084614359785473808049083215214661146182146529127315448161853461250015380072865265648695891043550510740043936851571149965852249636997014 0 0 0 0 1 0 0 0 0 0 0 0 0 0 0 0 0 0 0 0 0 0 0 0 0 0 0 0 0 0 0 0 0 0 0 0 0 0 0 0 0 0 0 0 0 0 0 0 0 0 0 0 0 0 0 0 0 0 0 0 0 0 0 0 0 0 0 0 0 0 0 0 0 0 0 0 0 0 0 0 0 0 0 0 0]
[5142219251741365648402234707262334506060167242564262567036833052462794851583992469904029280897283083083307261021525977342542668944240869914036592019532930283975923280598427251333853513467508746401347972915598404997504443038819968823595023385719829639551901947 0 0 0 0 0 1 0 0 0 0 0 0 0 0 0 0 0 0 0 0 0 0 0 0 0 0 0 0 0 0 0 0 0 0 0 0 0 0 0 0 0 0 0 0 0 0 0 0 0 0 0 0 0 0 0 0 0 0 0 0 0 0 0 0 0 0 0 0 0 0 0 0 0 0 0 0 0 0 0 0 0 0 0 0 0]
[1439063664265001328842878499166513187103380878074699330932375834007784649727747619116061381163876086790804950328064322474683855002204509554381399884537908886205598182978343784150466506964259474378501593908488104861756885730278820983771211395964816832220777763 0 0 0 0 0 0 1 0 0 0 0 0 0 0 0 0 0 0 0 0 0 0 0 0 0 0 0 0 0 0 0 0 0 0 0 0 0 0 0 0 0 0 0 0 0 0 0 0 0 0 0 0 0 0 0 0 0 0 0 0 0 0 0 0 0 0 0 0 0 0 0 0 0 0 0 0 0 0 0 0 0 0 0 0 0]
[2182372426846152096770885404639037324309343559648444076151839504750532642305316931380629153611818423818973278341816453468206825686419885927464380019616333936685673707694542438360250650244506477405196105219370967715446692812264284810555938806489548255554487143 0 0 0 0 0 0 0 1 0 0 0 0 0 0 0 0 0 0 0 0 0 0 0 0 0 0 0 0 0 0 0 0 0 0 0 0 0 0 0 0 0 0 0 0 0 0 0 0 0 0 0 0 0 0 0 0 0 0 0 0 0 0 0 0 0 0 0 0 0 0 0 0 0 0 0 0 0 0 0 0 0 0 0 0 0]
[4045251587477617847059069900801661882825698231319738381585186080721499121631458811624427716645034735497301344198357032272094468958660308556706641579179409893128598300308827350208680962567248668220957769564834798296589014605589012696907481939452751850247728036 0 0 0 0 0 0 0 0 1 0 0 0 0 0 0 0 0 0 0 0 0 0 0 0 0 0 0 0 0 0 0 0 0 0 0 0 0 0 0 0 0 0 0 0 0 0 0 0 0 0 0 0 0 0 0 0 0 0 0 0 0 0 0 0 0 0 0 0 0 0 0 0 0 0 0 0 0 0 0 0 0 0 0 0 0]
[2449375861864592995734776249316827412422654039487727912492011271685030807129566278655036894124072463185651539941594267491739629552794971640256883178609229133869604474482260504364094681484248872477874485940131537998937635468247254648124918154832589953663850831 0 0 0 0 0 0 0 0 0 1 0 0 0 0 0 0 0 0 0 0 0 0 0 0 0 0 0 0 0 0 0 0 0 0 0 0 0 0 0 0 0 0 0 0 0 0 0 0 0 0 0 0 0 0 0 0 0 0 0 0 0 0 0 0 0 0 0 0 0 0 0 0 0 0 0 0 0 0 0 0 0 0 0 0 0]
[4298453825005469413845134360717964848728086443940816340713991085292299082880362607070368383703549923703205119470589674022508173829281352006470844764004380301000671578628630485497383828875997400602657547616511686600813830380504679236717958188999969212433595497 0 0 0 0 0 0 0 0 0 0 1 0 0 0 0 0 0 0 0 0 0 0 0 0 0 0 0 0 0 0 0 0 0 0 0 0 0 0 0 0 0 0 0 0 0 0 0 0 0 0 0 0 0 0 0 0 0 0 0 0 0 0 0 0 0 0 0 0 0 0 0 0 0 0 0 0 0 0 0 0 0 0 0 0 0]
[1030926217545018947104836695987642617034236061741170493100929272618728559924011415733749898963764873534146241658684690774316853591126151972194297630472463032390109805435089917781521159534618815167995215161246457127221952305623490813326093114667806737352886049 0 0 0 0 0 0 0 0 0 0 0 1 0 0 0 0 0 0 0 0 0 0 0 0 0 0 0 0 0 0 0 0 0 0 0 0 0 0 0 0 0 0 0 0 0 0 0 0 0 0 0 0 0 0 0 0 0 0 0 0 0 0 0 0 0 0 0 0 0 0 0 0 0 0 0 0 0 0 0 0 0 0 0 0 0]
[160618780281405174344989421866772979890525092050080835920071423897732278343130988360687579189137417684909467316642718709950515844904100853677370665267462494667051050986782213508948463966248343279786489448048337398798620758482067331698750232718551888258823897 0 0 0 0 0 0 0 0 0 0 0 0 1 0 0 0 0 0 0 0 0 0 0 0 0 0 0 0 0 0 0 0 0 0 0 0 0 0 0 0 0 0 0 0 0 0 0 0 0 0 0 0 0 0 0 0 0 0 0 0 0 0 0 0 0 0 0 0 0 0 0 0 0 0 0 0 0 0 0 0 0 0 0 0 0]
[1031092429824643494947120833664196432923148293363469960325899852621915614993296404930571046664979859474924737484634087432457028058315354616992260440519751309484933871687693155851575415048281865652473260935153684751398629332737965883816882909878526383078505769 0 0 0 0 0 0 0 0 0 0 0 0 0 1 0 0 0 0 0 0 0 0 0 0 0 0 0 0 0 0 0 0 0 0 0 0 0 0 0 0 0 0 0 0 0 0 0 0 0 0 0 0 0 0 0 0 0 0 0 0 0 0 0 0 0 0 0 0 0 0 0 0 0 0 0 0 0 0 0 0 0 0 0 0 0]
[2854991489504621644473073374722898622671329407803019788838910552090971985594171478970713016072913165248098734477017017213957889032822165981835643168565486910039710112762719966887090266635522723800125738683734762348999596144117629557704782954695616379533351729 0 0 0 0 0 0 0 0 0 0 0 0 0 0 1 0 0 0 0 0 0 0 0 0 0 0 0 0 0 0 0 0 0 0 0 0 0 0 0 0 0 0 0 0 0 0 0 0 0 0 0 0 0 0 0 0 0 0 0 0 0 0 0 0 0 0 0 0 0 0 0 0 0 0 0 0 0 0 0 0 0 0 0 0 0]
[4634980057253857072917972877939217114551074671244010447067964093968708994939641151959486432258214534488953506613355039116811559787876366473114212275969045056088161182700126879962918954578923676980285858219855357079881770703576518429452287815723855748686679076 0 0 0 0 0 0 0 0 0 0 0 0 0 0 0 1 0 0 0 0 0 0 0 0 0 0 0 0 0 0 0 0 0 0 0 0 0 0 0 0 0 0 0 0 0 0 0 0 0 0 0 0 0 0 0 0 0 0 0 0 0 0 0 0 0 0 0 0 0 0 0 0 0 0 0 0 0 0 0 0 0 0 0 0 0]
[2451882661454457566513042972223700812481926212300372164426910302416651430492868700010275986985563925035532902385228670771393528231581237994624543557039783411598064465476017226233136309940669062415119259460179805905939177625058747017797360131729761687898545962 0 0 0 0 0 0 0 0 0 0 0 0 0 0 0 0 1 0 0 0 0 0 0 0 0 0 0 0 0 0 0 0 0 0 0 0 0 0 0 0 0 0 0 0 0 0 0 0 0 0 0 0 0 0 0 0 0 0 0 0 0 0 0 0 0 0 0 0 0 0 0 0 0 0 0 0 0 0 0 0 0 0 0 0 0]
[3593485677208635248912244032449874573535212202305889481306870089931230510691515631923979296277816710036225410435688371222760569406713340968229750419620836925799987647971994800362364672312389056988360308871097518790556293040617640747373698206911644462595559691 0 0 0 0 0 0 0 0 0 0 0 0 0 0 0 0 0 1 0 0 0 0 0 0 0 0 0 0 0 0 0 0 0 0 0 0 0 0 0 0 0 0 0 0 0 0 0 0 0 0 0 0 0 0 0 0 0 0 0 0 0 0 0 0 0 0 0 0 0 0 0 0 0 0 0 0 0 0 0 0 0 0 0 0 0]
[1131205425653836391349678953890805757599859471494771255212570489273941089759864450592582319667922060322175500196354980585328237337186894559727578409747707131037118873917690336060280344540245839156012386319982600245017587021188537498204126807325428239597179328 0 0 0 0 0 0 0 0 0 0 0 0 0 0 0 0 0 0 1 0 0 0 0 0 0 0 0 0 0 0 0 0 0 0 0 0 0 0 0 0 0 0 0 0 0 0 0 0 0 0 0 0 0 0 0 0 0 0 0 0 0 0 0 0 0 0 0 0 0 0 0 0 0 0 0 0 0 0 0 0 0 0 0 0 0]
[1863487291350069584972477014571257489823918549327598861869366302694857205056976722286841358093055442730960922673314484101285953943419896852902421352272491292597888705757531110701425425502122178870245128043007170917109440917886037505645358466104406280003041839 0 0 0 0 0 0 0 0 0 0 0 0 0 0 0 0 0 0 0 1 0 0 0 0 0 0 0 0 0 0 0 0 0 0 0 0 0 0 0 0 0 0 0 0 0 0 0 0 0 0 0 0 0 0 0 0 0 0 0 0 0 0 0 0 0 0 0 0 0 0 0 0 0 0 0 0 0 0 0 0 0 0 0 0 0]
[2019078052415773549710925152532363754000376002419627135671377331526306571449553142137263339009087729604417937924924346389632789523619061369871503312190752830301327551237340982964452994918887214768127118468033190227687494815279330555349422378027160784418734366 0 0 0 0 0 0 0 0 0 0 0 0 0 0 0 0 0 0 0 0 1 0 0 0 0 0 0 0 0 0 0 0 0 0 0 0 0 0 0 0 0 0 0 0 0 0 0 0 0 0 0 0 0 0 0 0 0 0 0 0 0 0 0 0 0 0 0 0 0 0 0 0 0 0 0 0 0 0 0 0 0 0 0 0 0]
[214213755481367335103192653674392842678267911236904955952111193630424950265566572380728967863575025960434207280463554797460718408594718270351300236660869616333151858321987144759979151866242017502195385145651786543610188919229867206720589754799054933235035046 0 0 0 0 0 0 0 0 0 0 0 0 0 0 0 0 0 0 0 0 0 1 0 0 0 0 0 0 0 0 0 0 0 0 0 0 0 0 0 0 0 0 0 0 0 0 0 0 0 0 0 0 0 0 0 0 0 0 0 0 0 0 0 0 0 0 0 0 0 0 0 0 0 0 0 0 0 0 0 0 0 0 0 0 0]
[2655833448792661082676399774924928710585764411466050842873516934290520765465441197204407696140900211559089916854260525837136176470579804888180319139144393696485182587664856424912392061391987823748482251427966234559300046762566867394296896323068026885829528122 0 0 0 0 0 0 0 0 0 0 0 0 0 0 0 0 0 0 0 0 0 0 1 0 0 0 0 0 0 0 0 0 0 0 0 0 0 0 0 0 0 0 0 0 0 0 0 0 0 0 0 0 0 0 0 0 0 0 0 0 0 0 0 0 0 0 0 0 0 0 0 0 0 0 0 0 0 0 0 0 0 0 0 0 0]
[870644510109011421064684896637183471782034659328827187178637207414733824154912844749201005271387178577354901824883607772385501866966172945909767793117053138795868232465745316980082815861861539863753753264225596280553491938795946938373831771143751864941583307 0 0 0 0 0 0 0 0 0 0 0 0 0 0 0 0 0 0 0 0 0 0 0 1 0 0 0 0 0 0 0 0 0 0 0 0 0 0 0 0 0 0 0 0 0 0 0 0 0 0 0 0 0 0 0 0 0 0 0 0 0 0 0 0 0 0 0 0 0 0 0 0 0 0 0 0 0 0 0 0 0 0 0 0 0]
[3760794530437214321443866953396293271778878424282050685411620167198792216276030218267412211241170929394880818089847610978040029584827348165340328511738898127966694910228369949000046498620375810349015950544612310939388792867985037386234679686318799561898209109 0 0 0 0 0 0 0 0 0 0 0 0 0 0 0 0 0 0 0 0 0 0 0 0 1 0 0 0 0 0 0 0 0 0 0 0 0 0 0 0 0 0 0 0 0 0 0 0 0 0 0 0 0 0 0 0 0 0 0 0 0 0 0 0 0 0 0 0 0 0 0 0 0 0 0 0 0 0 0 0 0 0 0 0 0]
[2980572764468861468349510674922756170171543190401085500360822050974518268170323543438037910155592164839015425292652581994394488959279414327248818256409614260253393708048476528856835309478547483769523960013704784053973934192342400383117090829425527074606973720 0 0 0 0 0 0 0 0 0 0 0 0 0 0 0 0 0 0 0 0 0 0 0 0 0 1 0 0 0 0 0 0 0 0 0 0 0 0 0 0 0 0 0 0 0 0 0 0 0 0 0 0 0 0 0 0 0 0 0 0 0 0 0 0 0 0 0 0 0 0 0 0 0 0 0 0 0 0 0 0 0 0 0 0 0]
[5256302070116719357100459785601657873216436426876088220775047461040390145733486170394577013450413143036841441422405088735329673743251337622105521524598669146043052843919386511601916372900112549611110836691343473925829678486302425614195141915444085519185062665 0 0 0 0 0 0 0 0 0 0 0 0 0 0 0 0 0 0 0 0 0 0 0 0 0 0 1 0 0 0 0 0 0 0 0 0 0 0 0 0 0 0 0 0 0 0 0 0 0 0 0 0 0 0 0 0 0 0 0 0 0 0 0 0 0 0 0 0 0 0 0 0 0 0 0 0 0 0 0 0 0 0 0 0 0]
[1439944566302494844352283044871118762577713877413966503932458118239049617458611623137723911079962770610010308644726505906511983465894312322092695128150326133125307067385016520039063559286793737035315368224296548899410029553489222724185997232034780187545474073 0 0 0 0 0 0 0 0 0 0 0 0 0 0 0 0 0 0 0 0 0 0 0 0 0 0 0 1 0 0 0 0 0 0 0 0 0 0 0 0 0 0 0 0 0 0 0 0 0 0 0 0 0 0 0 0 0 0 0 0 0 0 0 0 0 0 0 0 0 0 0 0 0 0 0 0 0 0 0 0 0 0 0 0 0]
[1990017531449918114326640510836679810945133657994774446913466709911704764933291432732127937995419782382480967503660471183808334766217016197846120559609959866047097301784314976117517585425332448171196458102031459463148925208881509766164614419363601322242823645 0 0 0 0 0 0 0 0 0 0 0 0 0 0 0 0 0 0 0 0 0 0 0 0 0 0 0 0 1 0 0 0 0 0 0 0 0 0 0 0 0 0 0 0 0 0 0 0 0 0 0 0 0 0 0 0 0 0 0 0 0 0 0 0 0 0 0 0 0 0 0 0 0 0 0 0 0 0 0 0 0 0 0 0 0]
[141112668721711259629246466435814751123609923048143660788768214345956003752119575724092040012713796885831652372904585581972244527375730339944014789269189678167256696768476421781633734418914579466890213070748388779307364216267773597718389997332727255878950172 0 0 0 0 0 0 0 0 0 0 0 0 0 0 0 0 0 0 0 0 0 0 0 0 0 0 0 0 0 1 0 0 0 0 0 0 0 0 0 0 0 0 0 0 0 0 0 0 0 0 0 0 0 0 0 0 0 0 0 0 0 0 0 0 0 0 0 0 0 0 0 0 0 0 0 0 0 0 0 0 0 0 0 0 0]
[1930714386036329482117495169539355282106202829220366075278795485332163186592367772553267533986672251636827293838178876403556359547757629370275835197165778272974063510243682481815647754899820768564850494161577747690169022620508227171446834870568643892835220377 0 0 0 0 0 0 0 0 0 0 0 0 0 0 0 0 0 0 0 0 0 0 0 0 0 0 0 0 0 0 1 0 0 0 0 0 0 0 0 0 0 0 0 0 0 0 0 0 0 0 0 0 0 0 0 0 0 0 0 0 0 0 0 0 0 0 0 0 0 0 0 0 0 0 0 0 0 0 0 0 0 0 0 0 0]
[4129247536191579564249944311897241636468654035034149290898005785930364727546505271586850847500599792403179539477392106880002899815550653350569066307032146559112085742123916364103458391035337241473330991442518019932178221851385680387961772478206950822229022406 0 0 0 0 0 0 0 0 0 0 0 0 0 0 0 0 0 0 0 0 0 0 0 0 0 0 0 0 0 0 0 1 0 0 0 0 0 0 0 0 0 0 0 0 0 0 0 0 0 0 0 0 0 0 0 0 0 0 0 0 0 0 0 0 0 0 0 0 0 0 0 0 0 0 0 0 0 0 0 0 0 0 0 0 0]
[3604850161127911856204185404116971787927760809409914992033978087888521342810157033883413067563849358128513423014039896006042517166822750738192104073979733214866984080893843783849290934816586836896429177592133633412096834501261771087607408115956037695437963133 0 0 0 0 0 0 0 0 0 0 0 0 0 0 0 0 0 0 0 0 0 0 0 0 0 0 0 0 0 0 0 0 1 0 0 0 0 0 0 0 0 0 0 0 0 0 0 0 0 0 0 0 0 0 0 0 0 0 0 0 0 0 0 0 0 0 0 0 0 0 0 0 0 0 0 0 0 0 0 0 0 0 0 0 0]
[2903184680641663870170761448450516285123631125994037577116976730331764695347084944078962076506971087752703852851160807598382703604281577201706380610903038347318167840929927213790392572322338646760630828127551204882044053665928035584640283438288136337722491141 0 0 0 0 0 0 0 0 0 0 0 0 0 0 0 0 0 0 0 0 0 0 0 0 0 0 0 0 0 0 0 0 0 1 0 0 0 0 0 0 0 0 0 0 0 0 0 0 0 0 0 0 0 0 0 0 0 0 0 0 0 0 0 0 0 0 0 0 0 0 0 0 0 0 0 0 0 0 0 0 0 0 0 0 0]
[4276874491805609712553349200450009125754349173344405833553123186605177614425946668377653199967065824019601684100454737656535868688084334394355545387325216015830820398419693244793529397527902333307203268101568178308779014386897889762581637122430743035280250146 0 0 0 0 0 0 0 0 0 0 0 0 0 0 0 0 0 0 0 0 0 0 0 0 0 0 0 0 0 0 0 0 0 0 1 0 0 0 0 0 0 0 0 0 0 0 0 0 0 0 0 0 0 0 0 0 0 0 0 0 0 0 0 0 0 0 0 0 0 0 0 0 0 0 0 0 0 0 0 0 0 0 0 0 0]
[4807725357687836165354037055945601108775114837673899927908960702210749063104040725788871923293651446406714102160819883099650209490403290909990117050542207970566817111258155572236344413447356023297770426318932123792829863481000193054011374002966484644125612532 0 0 0 0 0 0 0 0 0 0 0 0 0 0 0 0 0 0 0 0 0 0 0 0 0 0 0 0 0 0 0 0 0 0 0 1 0 0 0 0 0 0 0 0 0 0 0 0 0 0 0 0 0 0 0 0 0 0 0 0 0 0 0 0 0 0 0 0 0 0 0 0 0 0 0 0 0 0 0 0 0 0 0 0 0]
[4941009411113311389770212690810999945944743822133310089661312414166985585681448639966994549899318108549194645373471207664737511611754747482421686003104768822080776769470128920051066362439128804895041513877402304620740391826011062390476923833413407655691966091 0 0 0 0 0 0 0 0 0 0 0 0 0 0 0 0 0 0 0 0 0 0 0 0 0 0 0 0 0 0 0 0 0 0 0 0 1 0 0 0 0 0 0 0 0 0 0 0 0 0 0 0 0 0 0 0 0 0 0 0 0 0 0 0 0 0 0 0 0 0 0 0 0 0 0 0 0 0 0 0 0 0 0 0 0]
[1950846688811934523318948842527560982591566713492444483939950667545721213707836690633575534613560182180489143524293023158976585591244919496214577096742893633226583335264770111211271345192432691690630308545327033707840799010501685300233978259569846628884014633 0 0 0 0 0 0 0 0 0 0 0 0 0 0 0 0 0 0 0 0 0 0 0 0 0 0 0 0 0 0 0 0 0 0 0 0 0 1 0 0 0 0 0 0 0 0 0 0 0 0 0 0 0 0 0 0 0 0 0 0 0 0 0 0 0 0 0 0 0 0 0 0 0 0 0 0 0 0 0 0 0 0 0 0 0]
[2436179141131153904146607199292963358653807702841817131032764002466062012878565327467380341184764029556619975617746833563456251573335641457284104980867014630753156540322156815670513054604591076095739722288098615682328526374055494023826430205299855490217201662 0 0 0 0 0 0 0 0 0 0 0 0 0 0 0 0 0 0 0 0 0 0 0 0 0 0 0 0 0 0 0 0 0 0 0 0 0 0 1 0 0 0 0 0 0 0 0 0 0 0 0 0 0 0 0 0 0 0 0 0 0 0 0 0 0 0 0 0 0 0 0 0 0 0 0 0 0 0 0 0 0 0 0 0 0]
[1947260827208895014472076893284305824756375053737801775053299873627651334036291774241389984003121631597603737836025584594715498137526345651529005176618633920924839968951833437722805706540117369960539588582950144302683854045516035846792376569456765182868423555 0 0 0 0 0 0 0 0 0 0 0 0 0 0 0 0 0 0 0 0 0 0 0 0 0 0 0 0 0 0 0 0 0 0 0 0 0 0 0 1 0 0 0 0 0 0 0 0 0 0 0 0 0 0 0 0 0 0 0 0 0 0 0 0 0 0 0 0 0 0 0 0 0 0 0 0 0 0 0 0 0 0 0 0 0]
[1684419326982063557106552684657912536459856409305630976640350437207710162285127572523625189577678161440063678606771742732582540219628663318468553450820678605441474547074146082869237348457907645590378887739464480652330828985898775394346475532191780127220598072 0 0 0 0 0 0 0 0 0 0 0 0 0 0 0 0 0 0 0 0 0 0 0 0 0 0 0 0 0 0 0 0 0 0 0 0 0 0 0 0 1 0 0 0 0 0 0 0 0 0 0 0 0 0 0 0 0 0 0 0 0 0 0 0 0 0 0 0 0 0 0 0 0 0 0 0 0 0 0 0 0 0 0 0 0]
[2127822514412379299971958844835860471272892882221809559563845356163333759271057908567034428891646005148731398933062592453999714767924315091332141343448249431869802497010591413301153168383914659722822117380788014237726341785997280046116421466512340804089641826 0 0 0 0 0 0 0 0 0 0 0 0 0 0 0 0 0 0 0 0 0 0 0 0 0 0 0 0 0 0 0 0 0 0 0 0 0 0 0 0 0 1 0 0 0 0 0 0 0 0 0 0 0 0 0 0 0 0 0 0 0 0 0 0 0 0 0 0 0 0 0 0 0 0 0 0 0 0 0 0 0 0 0 0 0]
[3067884315742763596040171933853045701245593198217003539609932729150837418940051118174716293529722945045900213197917213943622243710356911559148204731855788193581740318597861554681402498651247406058100630352784660509426193614429248065183815101069826347375176264 0 0 0 0 0 0 0 0 0 0 0 0 0 0 0 0 0 0 0 0 0 0 0 0 0 0 0 0 0 0 0 0 0 0 0 0 0 0 0 0 0 0 1 0 0 0 0 0 0 0 0 0 0 0 0 0 0 0 0 0 0 0 0 0 0 0 0 0 0 0 0 0 0 0 0 0 0 0 0 0 0 0 0 0 0]
[4282668200090560917449824898876972859848050767054691292689811378217081701605424113573516323986672563143707109681986266811153879565249073696896045396693619241338653746610132044052380930602518086584558799395501330483349493868028168999873629996677388046075018511 0 0 0 0 0 0 0 0 0 0 0 0 0 0 0 0 0 0 0 0 0 0 0 0 0 0 0 0 0 0 0 0 0 0 0 0 0 0 0 0 0 0 0 1 0 0 0 0 0 0 0 0 0 0 0 0 0 0 0 0 0 0 0 0 0 0 0 0 0 0 0 0 0 0 0 0 0 0 0 0 0 0 0 0 0]
[1654511324807998621481538252669456773527735036260352673735174991836829472289425097330654915054772617332737197542931362421742661677657436914585383673567099585108367308041411305564213263592188000518233589886711031583684005964152687659451398990656751608856406459 0 0 0 0 0 0 0 0 0 0 0 0 0 0 0 0 0 0 0 0 0 0 0 0 0 0 0 0 0 0 0 0 0 0 0 0 0 0 0 0 0 0 0 0 1 0 0 0 0 0 0 0 0 0 0 0 0 0 0 0 0 0 0 0 0 0 0 0 0 0 0 0 0 0 0 0 0 0 0 0 0 0 0 0 0]
[4364645927504122963373584023648841876405548960106484494604760191828441625298510285712669248557322870753271087760165457738779113108149944567840827883506028424528411428823548617764493346364351591521091187996353693233733696260803474770930606471018487430145636308 0 0 0 0 0 0 0 0 0 0 0 0 0 0 0 0 0 0 0 0 0 0 0 0 0 0 0 0 0 0 0 0 0 0 0 0 0 0 0 0 0 0 0 0 0 1 0 0 0 0 0 0 0 0 0 0 0 0 0 0 0 0 0 0 0 0 0 0 0 0 0 0 0 0 0 0 0 0 0 0 0 0 0 0 0]
[2339683751197663567302141705142925115576452930176479664688565291228178010934649289434102297522914155908168092893293463690382530264091157906065504325788752090366906621713116937448331109275207826460427306892346470763982931054366023999273272428826338367081700281 0 0 0 0 0 0 0 0 0 0 0 0 0 0 0 0 0 0 0 0 0 0 0 0 0 0 0 0 0 0 0 0 0 0 0 0 0 0 0 0 0 0 0 0 0 0 1 0 0 0 0 0 0 0 0 0 0 0 0 0 0 0 0 0 0 0 0 0 0 0 0 0 0 0 0 0 0 0 0 0 0 0 0 0 0]
[5000615299065830299792668388143837325705138534457825477657608966107944020490861766943871135299932633325344659963654693828312193679197632079009348855743902429035303699270504309104322785189014632206933728922320667202554805570931355990210852000471072142601545193 0 0 0 0 0 0 0 0 0 0 0 0 0 0 0 0 0 0 0 0 0 0 0 0 0 0 0 0 0 0 0 0 0 0 0 0 0 0 0 0 0 0 0 0 0 0 0 1 0 0 0 0 0 0 0 0 0 0 0 0 0 0 0 0 0 0 0 0 0 0 0 0 0 0 0 0 0 0 0 0 0 0 0 0 0]
[1194581437002996312859215381507037827115789809079422293207064540365142467223678391885562282240286595148743940535877568750249875874871301851381632150841967192605199612083589400495210458115054012956097225794719371234709590464264285699265106886485289366825477578 0 0 0 0 0 0 0 0 0 0 0 0 0 0 0 0 0 0 0 0 0 0 0 0 0 0 0 0 0 0 0 0 0 0 0 0 0 0 0 0 0 0 0 0 0 0 0 0 1 0 0 0 0 0 0 0 0 0 0 0 0 0 0 0 0 0 0 0 0 0 0 0 0 0 0 0 0 0 0 0 0 0 0 0 0]
[4665019610515149511006091312853237960368351568852675274607772544336046049244577061855142318102010493324671554554893404984851762812601536892614598902549261018126632494811271204346851491182725244013681946735627012748553653702971147441507862954666676738356501238 0 0 0 0 0 0 0 0 0 0 0 0 0 0 0 0 0 0 0 0 0 0 0 0 0 0 0 0 0 0 0 0 0 0 0 0 0 0 0 0 0 0 0 0 0 0 0 0 0 1 0 0 0 0 0 0 0 0 0 0 0 0 0 0 0 0 0 0 0 0 0 0 0 0 0 0 0 0 0 0 0 0 0 0 0]
[4483051004419384602613159299329195628215871869091580873524912405183342362652881579723070075647507455285783382834950141025011433067701634118857420833642255861514769187088040730338893293901384459886914946192470600424170870250451237081465370140142929466678139699 0 0 0 0 0 0 0 0 0 0 0 0 0 0 0 0 0 0 0 0 0 0 0 0 0 0 0 0 0 0 0 0 0 0 0 0 0 0 0 0 0 0 0 0 0 0 0 0 0 0 1 0 0 0 0 0 0 0 0 0 0 0 0 0 0 0 0 0 0 0 0 0 0 0 0 0 0 0 0 0 0 0 0 0 0]
[3877042397769784785341358851283052543316238837606399476109743592859671029403977903996257010593283354224741704224831006877233969177325641411789730243557336422134866369251626426176075823009872884106300558253585749097766630571138726145877666563928350980923409075 0 0 0 0 0 0 0 0 0 0 0 0 0 0 0 0 0 0 0 0 0 0 0 0 0 0 0 0 0 0 0 0 0 0 0 0 0 0 0 0 0 0 0 0 0 0 0 0 0 0 0 1 0 0 0 0 0 0 0 0 0 0 0 0 0 0 0 0 0 0 0 0 0 0 0 0 0 0 0 0 0 0 0 0 0]
[4687643924678755566756698420815044290405796660898549385925419339968839591704469841308537861315689063812856251092430363235356301474763644902017327974725314488061791777957176118613022912110270854585967327979733439236056180143228802798651628606912707322313265809 0 0 0 0 0 0 0 0 0 0 0 0 0 0 0 0 0 0 0 0 0 0 0 0 0 0 0 0 0 0 0 0 0 0 0 0 0 0 0 0 0 0 0 0 0 0 0 0 0 0 0 0 1 0 0 0 0 0 0 0 0 0 0 0 0 0 0 0 0 0 0 0 0 0 0 0 0 0 0 0 0 0 0 0 0]
[1815446300117571698371947584742506056411775185725184121759079960252192118625413265453277136519438457619819943232415762703614047015758332818571186503513482433267179943171362526075058005830297126941478189681788929551986529407653246708050350774898469048359644644 0 0 0 0 0 0 0 0 0 0 0 0 0 0 0 0 0 0 0 0 0 0 0 0 0 0 0 0 0 0 0 0 0 0 0 0 0 0 0 0 0 0 0 0 0 0 0 0 0 0 0 0 0 1 0 0 0 0 0 0 0 0 0 0 0 0 0 0 0 0 0 0 0 0 0 0 0 0 0 0 0 0 0 0 0]
[5177248484103276143768979166698705871691402670750394814861459741346065397025773193983952701639259954411035798692983397658790289013635977568010967793899390304703854812313945644875953563836365681018855605808031911254788074855018462159221209612284250013426824819 0 0 0 0 0 0 0 0 0 0 0 0 0 0 0 0 0 0 0 0 0 0 0 0 0 0 0 0 0 0 0 0 0 0 0 0 0 0 0 0 0 0 0 0 0 0 0 0 0 0 0 0 0 0 1 0 0 0 0 0 0 0 0 0 0 0 0 0 0 0 0 0 0 0 0 0 0 0 0 0 0 0 0 0 0]
[4460747481712422066800930393103723634383392671910909472326339756785472295541898060635484727346447115615277759731260889248147100464325502526817424862897264430826313267627635596872900773864534772704818729217232036622802696059523005651332348730760624119205651321 0 0 0 0 0 0 0 0 0 0 0 0 0 0 0 0 0 0 0 0 0 0 0 0 0 0 0 0 0 0 0 0 0 0 0 0 0 0 0 0 0 0 0 0 0 0 0 0 0 0 0 0 0 0 0 1 0 0 0 0 0 0 0 0 0 0 0 0 0 0 0 0 0 0 0 0 0 0 0 0 0 0 0 0 0]
[4154159049223885860936629037496732497418683758528350306749426476242945613931105073828309914805745244287325760555622651580766927479562732397223617100645622236487597944186960042572003936564922151535929590149257182032171077770107746960115694249742890009123145704 0 0 0 0 0 0 0 0 0 0 0 0 0 0 0 0 0 0 0 0 0 0 0 0 0 0 0 0 0 0 0 0 0 0 0 0 0 0 0 0 0 0 0 0 0 0 0 0 0 0 0 0 0 0 0 0 1 0 0 0 0 0 0 0 0 0 0 0 0 0 0 0 0 0 0 0 0 0 0 0 0 0 0 0 0]
[2499459209897386960984966728483682748717093012419494112939370240818447446294641043431302212565934861065099764455136533936043316459432340870467492820540810973902594022400833656838762922276336033087830791032996088940714309165910444032021362146606026398559349302 0 0 0 0 0 0 0 0 0 0 0 0 0 0 0 0 0 0 0 0 0 0 0 0 0 0 0 0 0 0 0 0 0 0 0 0 0 0 0 0 0 0 0 0 0 0 0 0 0 0 0 0 0 0 0 0 0 1 0 0 0 0 0 0 0 0 0 0 0 0 0 0 0 0 0 0 0 0 0 0 0 0 0 0 0]
[5240047125923555103319305173409373558796490198528852932253001394647677133911983574623716953721362522551713319950641595280990700618545742442226950212163111495494841322129253986011872703380035046344208621324735088399351465074066416914795880245295766185820639203 0 0 0 0 0 0 0 0 0 0 0 0 0 0 0 0 0 0 0 0 0 0 0 0 0 0 0 0 0 0 0 0 0 0 0 0 0 0 0 0 0 0 0 0 0 0 0 0 0 0 0 0 0 0 0 0 0 0 1 0 0 0 0 0 0 0 0 0 0 0 0 0 0 0 0 0 0 0 0 0 0 0 0 0 0]
[5263581485819508820286459266942555906761689488346862024583731531713048072616153505124989797842783889388984769793470763446957411471805655816818953775709441614873211588891578284623754410092487529070030344043742865155078977722402476729918894909122710727419164861 0 0 0 0 0 0 0 0 0 0 0 0 0 0 0 0 0 0 0 0 0 0 0 0 0 0 0 0 0 0 0 0 0 0 0 0 0 0 0 0 0 0 0 0 0 0 0 0 0 0 0 0 0 0 0 0 0 0 0 1 0 0 0 0 0 0 0 0 0 0 0 0 0 0 0 0 0 0 0 0 0 0 0 0 0]
[3133549123385883915393057152150775106288998194991844912966169498811596430721119130633701418609985660737872091728641291617920569099368094125834058339617510985829527999913185673753772334496350722900479705581254060702186913473491973719404175825175043099281399808 0 0 0 0 0 0 0 0 0 0 0 0 0 0 0 0 0 0 0 0 0 0 0 0 0 0 0 0 0 0 0 0 0 0 0 0 0 0 0 0 0 0 0 0 0 0 0 0 0 0 0 0 0 0 0 0 0 0 0 0 1 0 0 0 0 0 0 0 0 0 0 0 0 0 0 0 0 0 0 0 0 0 0 0 0]
[2598940952134475233231368562213708453271302622788146015771506555943174279828352042240714036054970336487699491964056447495129549597394945480067849948460521123293081279111716969790428280345973947985076830920875661213794706306017034697174914846560122801338487244 0 0 0 0 0 0 0 0 0 0 0 0 0 0 0 0 0 0 0 0 0 0 0 0 0 0 0 0 0 0 0 0 0 0 0 0 0 0 0 0 0 0 0 0 0 0 0 0 0 0 0 0 0 0 0 0 0 0 0 0 0 1 0 0 0 0 0 0 0 0 0 0 0 0 0 0 0 0 0 0 0 0 0 0 0]
[2210418246665789426124307413173285959767672052954239013812441119706478627882657269222838122011111974860693060839149960803857304887929443529839678718195596048831178331362630600779699168575186095324316574718063995994055938492313557004509693577234848574901820507 0 0 0 0 0 0 0 0 0 0 0 0 0 0 0 0 0 0 0 0 0 0 0 0 0 0 0 0 0 0 0 0 0 0 0 0 0 0 0 0 0 0 0 0 0 0 0 0 0 0 0 0 0 0 0 0 0 0 0 0 0 0 1 0 0 0 0 0 0 0 0 0 0 0 0 0 0 0 0 0 0 0 0 0 0]
[2202194404391686223332462486597645368637780389668178516858494336921549451389523039898537075879448244076349902789964243216366959081897019624586349281382514513071280330903421249709237560786105516291736566467440670578743879571892464123526286488170887206679439869 0 0 0 0 0 0 0 0 0 0 0 0 0 0 0 0 0 0 0 0 0 0 0 0 0 0 0 0 0 0 0 0 0 0 0 0 0 0 0 0 0 0 0 0 0 0 0 0 0 0 0 0 0 0 0 0 0 0 0 0 0 0 0 1 0 0 0 0 0 0 0 0 0 0 0 0 0 0 0 0 0 0 0 0 0]
[2460460661875044466954149388002911836835564223501828479954725908352392973805052965662686367816033626657704716699880448705456182378153480377167894667072373274295592808122981519114602840993969850935227827772913169570402671201778744868938895868079936928590595893 0 0 0 0 0 0 0 0 0 0 0 0 0 0 0 0 0 0 0 0 0 0 0 0 0 0 0 0 0 0 0 0 0 0 0 0 0 0 0 0 0 0 0 0 0 0 0 0 0 0 0 0 0 0 0 0 0 0 0 0 0 0 0 0 1 0 0 0 0 0 0 0 0 0 0 0 0 0 0 0 0 0 0 0 0]
[1263001515710001086909798951014893575827574125796074532289661075691167960873636993641166529218157376718823390817862250086761304107801816913048508668978784238414667458040458676406980748442950125331260059174752234282545144838473000741141765175717367184216366858 0 0 0 0 0 0 0 0 0 0 0 0 0 0 0 0 0 0 0 0 0 0 0 0 0 0 0 0 0 0 0 0 0 0 0 0 0 0 0 0 0 0 0 0 0 0 0 0 0 0 0 0 0 0 0 0 0 0 0 0 0 0 0 0 0 1 0 0 0 0 0 0 0 0 0 0 0 0 0 0 0 0 0 0 0]
[2812380670154764362653335814843376818914218300621756721883332511389379444961275493829620407307755290565961537874255530818556593112231655806902418663303691033148888980679282392563740536467944833893679145089225850455568455929731553965311518104096885252113838758 0 0 0 0 0 0 0 0 0 0 0 0 0 0 0 0 0 0 0 0 0 0 0 0 0 0 0 0 0 0 0 0 0 0 0 0 0 0 0 0 0 0 0 0 0 0 0 0 0 0 0 0 0 0 0 0 0 0 0 0 0 0 0 0 0 0 1 0 0 0 0 0 0 0 0 0 0 0 0 0 0 0 0 0 0]
[2931746861859351319643694540625176254948038732049914746445014249908753765471925210727722493349001938944152611517409253526385230832500329775295484308905729571769783875958494374671339256728494888379400508322895784099296224697233281939386654836846951117272979267 0 0 0 0 0 0 0 0 0 0 0 0 0 0 0 0 0 0 0 0 0 0 0 0 0 0 0 0 0 0 0 0 0 0 0 0 0 0 0 0 0 0 0 0 0 0 0 0 0 0 0 0 0 0 0 0 0 0 0 0 0 0 0 0 0 0 0 1 0 0 0 0 0 0 0 0 0 0 0 0 0 0 0 0 0]
[1640713667866836192721318412984822052715972789511702360711321683341961547145926340410083073177678255734754173586407809503115033872795413832484766315781790778354227485531549753885186051844306093480450119176949518241973020178508543518002146741643180765725078432 0 0 0 0 0 0 0 0 0 0 0 0 0 0 0 0 0 0 0 0 0 0 0 0 0 0 0 0 0 0 0 0 0 0 0 0 0 0 0 0 0 0 0 0 0 0 0 0 0 0 0 0 0 0 0 0 0 0 0 0 0 0 0 0 0 0 0 0 1 0 0 0 0 0 0 0 0 0 0 0 0 0 0 0 0]
[4638371373361517792026470804594887979531175042654497135218610611391276023401036266509624785709398292823809913675840025586456015016188334713364618139192579750031886590432700282602331301974993754579447953332357166185018602440474388152162964632430858036491426701 0 0 0 0 0 0 0 0 0 0 0 0 0 0 0 0 0 0 0 0 0 0 0 0 0 0 0 0 0 0 0 0 0 0 0 0 0 0 0 0 0 0 0 0 0 0 0 0 0 0 0 0 0 0 0 0 0 0 0 0 0 0 0 0 0 0 0 0 0 1 0 0 0 0 0 0 0 0 0 0 0 0 0 0 0]
[2470011942961130970400934179218119948639267054143147481402263727142233785984316583352760306946270401546728823595319560147945844324896508709420884588494098027230747109189958820715005579333733148938358139504648492593094766226323312426893241554467184689860115808 0 0 0 0 0 0 0 0 0 0 0 0 0 0 0 0 0 0 0 0 0 0 0 0 0 0 0 0 0 0 0 0 0 0 0 0 0 0 0 0 0 0 0 0 0 0 0 0 0 0 0 0 0 0 0 0 0 0 0 0 0 0 0 0 0 0 0 0 0 0 1 0 0 0 0 0 0 0 0 0 0 0 0 0 0]
[2500676637345077751605769388459023381660800845801026715479732156772809405156936817370204824932107802148912077563054125093508174161134695432775119853436430984213011897531160342427179170996316662559296246266076689856762110079895999366295888468818518181135448302 0 0 0 0 0 0 0 0 0 0 0 0 0 0 0 0 0 0 0 0 0 0 0 0 0 0 0 0 0 0 0 0 0 0 0 0 0 0 0 0 0 0 0 0 0 0 0 0 0 0 0 0 0 0 0 0 0 0 0 0 0 0 0 0 0 0 0 0 0 0 0 1 0 0 0 0 0 0 0 0 0 0 0 0 0]
[645626433639080350140362030149762928844132535663856690857751101212344629761194588281763517209825548176634202551143851737768609038089553169652926205704311524967848967561341950741866085394032658291006986948314262399667863710164436884553829923048847889565593931 0 0 0 0 0 0 0 0 0 0 0 0 0 0 0 0 0 0 0 0 0 0 0 0 0 0 0 0 0 0 0 0 0 0 0 0 0 0 0 0 0 0 0 0 0 0 0 0 0 0 0 0 0 0 0 0 0 0 0 0 0 0 0 0 0 0 0 0 0 0 0 0 1 0 0 0 0 0 0 0 0 0 0 0 0]
[1796369285476024860904266532274260119500398154858651504413258885518954839468337081861375959204648745549367584872276063015463678653220281360519982826444014808786027539271424943656517715533930086731249459444639507587451347787552537669598035890947567715966092653 0 0 0 0 0 0 0 0 0 0 0 0 0 0 0 0 0 0 0 0 0 0 0 0 0 0 0 0 0 0 0 0 0 0 0 0 0 0 0 0 0 0 0 0 0 0 0 0 0 0 0 0 0 0 0 0 0 0 0 0 0 0 0 0 0 0 0 0 0 0 0 0 0 1 0 0 0 0 0 0 0 0 0 0 0]
[2482174538489326973002649255938032038542359430160709366522291558108658535747741464563317785695326138119871476828592746960934181534693203089862459576671636742046838978004583125080209406216456113667874359902579992541091674012378389523778644831754658926605612565 0 0 0 0 0 0 0 0 0 0 0 0 0 0 0 0 0 0 0 0 0 0 0 0 0 0 0 0 0 0 0 0 0 0 0 0 0 0 0 0 0 0 0 0 0 0 0 0 0 0 0 0 0 0 0 0 0 0 0 0 0 0 0 0 0 0 0 0 0 0 0 0 0 0 1 0 0 0 0 0 0 0 0 0 0]
[2049716533681406503548767957811918927266387057595523310191963144345289159170844647219716332177709507412026127604728446296089118787830558861653263529190464010056683638508944059902053569520838675125998337097294758010820061945696680686740783229903611759225303636 0 0 0 0 0 0 0 0 0 0 0 0 0 0 0 0 0 0 0 0 0 0 0 0 0 0 0 0 0 0 0 0 0 0 0 0 0 0 0 0 0 0 0 0 0 0 0 0 0 0 0 0 0 0 0 0 0 0 0 0 0 0 0 0 0 0 0 0 0 0 0 0 0 0 0 1 0 0 0 0 0 0 0 0 0]
[3456726832764421312712567528975628417988223095753689855458787931251394397679403448328051303265628752862120568132109219031693759630049497820050114458845701343996149255483665025038292259821477118341213386921317908902789435256250225388212265545043048002448649740 0 0 0 0 0 0 0 0 0 0 0 0 0 0 0 0 0 0 0 0 0 0 0 0 0 0 0 0 0 0 0 0 0 0 0 0 0 0 0 0 0 0 0 0 0 0 0 0 0 0 0 0 0 0 0 0 0 0 0 0 0 0 0 0 0 0 0 0 0 0 0 0 0 0 0 0 1 0 0 0 0 0 0 0 0]
[2014786717189433473456221518992669171294493782128794144350906718743196269339623208435142096972554206386608148997035112136843516231217121536103838431732960031906230318731363934108056058657381614330332029208568475846030211430486730070351298942447885531019101444 0 0 0 0 0 0 0 0 0 0 0 0 0 0 0 0 0 0 0 0 0 0 0 0 0 0 0 0 0 0 0 0 0 0 0 0 0 0 0 0 0 0 0 0 0 0 0 0 0 0 0 0 0 0 0 0 0 0 0 0 0 0 0 0 0 0 0 0 0 0 0 0 0 0 0 0 0 1 0 0 0 0 0 0 0]
[1612179331907761762842287863842917143719195386933599504369370820066438259050379052963896042210029790662626810051507432100480049586641292147214274320817352621460651191208225931151758924969626529840770832484401082800653925358386203444626893977000324813603405597 0 0 0 0 0 0 0 0 0 0 0 0 0 0 0 0 0 0 0 0 0 0 0 0 0 0 0 0 0 0 0 0 0 0 0 0 0 0 0 0 0 0 0 0 0 0 0 0 0 0 0 0 0 0 0 0 0 0 0 0 0 0 0 0 0 0 0 0 0 0 0 0 0 0 0 0 0 0 1 0 0 0 0 0 0]
[1553977502679761087083926715153320333869769259676560725279958970982735351228192851355026469390276945900509045651665370524791057073963158414804463202832149550264260904187065522335553669567033845710516691500308258265396911104053594408107438886412923347750450458 0 0 0 0 0 0 0 0 0 0 0 0 0 0 0 0 0 0 0 0 0 0 0 0 0 0 0 0 0 0 0 0 0 0 0 0 0 0 0 0 0 0 0 0 0 0 0 0 0 0 0 0 0 0 0 0 0 0 0 0 0 0 0 0 0 0 0 0 0 0 0 0 0 0 0 0 0 0 0 1 0 0 0 0 0]
[2894534246781200690116825900446780804423372685658511896410900966865580065367926801295331958431226752112306866904796417388733477331543319755566560322289059436543600707384920760575043428748210051458484124544911264144410225462955765899061180090379743393951035943 0 0 0 0 0 0 0 0 0 0 0 0 0 0 0 0 0 0 0 0 0 0 0 0 0 0 0 0 0 0 0 0 0 0 0 0 0 0 0 0 0 0 0 0 0 0 0 0 0 0 0 0 0 0 0 0 0 0 0 0 0 0 0 0 0 0 0 0 0 0 0 0 0 0 0 0 0 0 0 0 1 0 0 0 0]
[2260596516916104446728783409597582270269621694624141357386411140134640380171557954796876960255263397924371866826697070379057275611794870092183524886822591877104642555630038442095264997167818586878540646642531867986454743345757299705878187109746643542872000894 0 0 0 0 0 0 0 0 0 0 0 0 0 0 0 0 0 0 0 0 0 0 0 0 0 0 0 0 0 0 0 0 0 0 0 0 0 0 0 0 0 0 0 0 0 0 0 0 0 0 0 0 0 0 0 0 0 0 0 0 0 0 0 0 0 0 0 0 0 0 0 0 0 0 0 0 0 0 0 0 0 1 0 0 0]
[3173739124551722207431389935918557453262349303212192888645040631029900548317839535734384162423935411083823453032284588212873660148272471938521281141261476441766739049848610073121540320390045065546770632574654356789630571447401942955248817853949204030907830901 0 0 0 0 0 0 0 0 0 0 0 0 0 0 0 0 0 0 0 0 0 0 0 0 0 0 0 0 0 0 0 0 0 0 0 0 0 0 0 0 0 0 0 0 0 0 0 0 0 0 0 0 0 0 0 0 0 0 0 0 0 0 0 0 0 0 0 0 0 0 0 0 0 0 0 0 0 0 0 0 0 0 1 0 0]
[2791248959267627330517096197170704089697182137227441263541504960934680853246371546825697608170117909459134929242268123843560723265075197518758510926682574225161203091204596150229224089344915467223401087743321590512388714868243208995771486102945970311925528783 0 0 0 0 0 0 0 0 0 0 0 0 0 0 0 0 0 0 0 0 0 0 0 0 0 0 0 0 0 0 0 0 0 0 0 0 0 0 0 0 0 0 0 0 0 0 0 0 0 0 0 0 0 0 0 0 0 0 0 0 0 0 0 0 0 0 0 0 0 0 0 0 0 0 0 0 0 0 0 0 0 0 0 1 0]
[3242478226666995394363690060144129679419368740942661934276934406932917019237376697059737682095249656269465816613691026516743727987161971069516684102580801548144086404583103758237795502118073599173223778686959652461053408577185795814685108561210071658781961300 0 0 0 0 0 0 0 0 0 0 0 0 0 0 0 0 0 0 0 0 0 0 0 0 0 0 0 0 0 0 0 0 0 0 0 0 0 0 0 0 0 0 0 0 0 0 0 0 0 0 0 0 0 0 0 0 0 0 0 0 0 0 0 0 0 0 0 0 0 0 0 0 0 0 0 0 0 0 0 0 0 0 0 0 1]
]
