[[6368046344676691642804043935316693482108137342796546088006452237559349244337337948314267414837426765231674612656140315908253060535905678667588774078175665449227129686395090952542869529070503840231749889649530016727362461999965578263477558319497056543366518398325984269 0 0 0 0 0 0 0 0 0 0 0 0 0 0 0 0 0 0 0 0 0 0 0 0 0 0 0 0 0 0 0 0 0 0 0 0 0 0 0 0 0 0 0 0 0 0 0 0 0 0 0 0 0 0 0 0 0 0 0 0 0 0 0 0 0 0 0 0 0 0 0 0 0 0 0 0 0 0 0 0 0 0 0 0 0 0 0 0]
[615154689663364853401127957576989886205498549059825853786971198056190029765641638778505956459068886534241628128345361413666503131655124771931721930658180319207306351413478448345304715427892601426185983549277953004675888594129402427470715961935174721648294668705795543 1 0 0 0 0 0 0 0 0 0 0 0 0 0 0 0 0 0 0 0 0 0 0 0 0 0 0 0 0 0 0 0 0 0 0 0 0 0 0 0 0 0 0 0 0 0 0 0 0 0 0 0 0 0 0 0 0 0 0 0 0 0 0 0 0 0 0 0 0 0 0 0 0 0 0 0 0 0 0 0 0 0 0 0 0 0 0 0]
[4465691094947357821652343947021934328588741747200245884891720620922628858481601813057397763727740396310627525376901370656292773896137971992289650819123689525011889758837422805265437954908470207855401038327242331253791548566488117653865963622416427217580525134379573522 0 1 0 0 0 0 0 0 0 0 0 0 0 0 0 0 0 0 0 0 0 0 0 0 0 0 0 0 0 0 0 0 0 0 0 0 0 0 0 0 0 0 0 0 0 0 0 0 0 0 0 0 0 0 0 0 0 0 0 0 0 0 0 0 0 0 0 0 0 0 0 0 0 0 0 0 0 0 0 0 0 0 0 0 0 0 0 0]
[6330018752662151247207086603768518956592451200606289977477071109228511828610549606657571494538025854555670130722935867413065201502785249311631950273223652556964887381157288447099632244767850042184101971416514451190065348363509160593264488835078927597204607944918579263 0 0 1 0 0 0 0 0 0 0 0 0 0 0 0 0 0 0 0 0 0 0 0 0 0 0 0 0 0 0 0 0 0 0 0 0 0 0 0 0 0 0 0 0 0 0 0 0 0 0 0 0 0 0 0 0 0 0 0 0 0 0 0 0 0 0 0 0 0 0 0 0 0 0 0 0 0 0 0 0 0 0 0 0 0 0 0 0]
[5957819339210407658986300115140280420286416721094685036274110706386653326357253089519004402088387464323716249161201588578870474391432933820736275975966268784994228120689976219301542729008657086822344724547073622591621774959445859890492436585184213947516414282781473432 0 0 0 1 0 0 0 0 0 0 0 0 0 0 0 0 0 0 0 0 0 0 0 0 0 0 0 0 0 0 0 0 0 0 0 0 0 0 0 0 0 0 0 0 0 0 0 0 0 0 0 0 0 0 0 0 0 0 0 0 0 0 0 0 0 0 0 0 0 0 0 0 0 0 0 0 0 0 0 0 0 0 0 0 0 0 0 0]
[834540036002553606995165521151277191290639066905447252814081932743426641048331424277765362244722824464170656726428551281709636451699081523153082081079896729742459748036754120527105083610154549788775568836081800515398961450350319152335184724211125909917561281042001198 0 0 0 0 1 0 0 0 0 0 0 0 0 0 0 0 0 0 0 0 0 0 0 0 0 0 0 0 0 0 0 0 0 0 0 0 0 0 0 0 0 0 0 0 0 0 0 0 0 0 0 0 0 0 0 0 0 0 0 0 0 0 0 0 0 0 0 0 0 0 0 0 0 0 0 0 0 0 0 0 0 0 0 0 0 0 0 0]
[2021122659574673937339844839696432330800592133487046000250125453921071158536937517636287296359204176049749249120059489605500559828734122954477462077810181147737326093626025125231682643821146306589222164349753282090052223236763226293625567699621917024519112335176255387 0 0 0 0 0 1 0 0 0 0 0 0 0 0 0 0 0 0 0 0 0 0 0 0 0 0 0 0 0 0 0 0 0 0 0 0 0 0 0 0 0 0 0 0 0 0 0 0 0 0 0 0 0 0 0 0 0 0 0 0 0 0 0 0 0 0 0 0 0 0 0 0 0 0 0 0 0 0 0 0 0 0 0 0 0 0 0 0]
[4635734897107560216866260677943078496474770209187540394411786841084268873020727247050423523037986824559194629726913046800814293997618432633651992097875652626672381945097863121820852670881199661105796894185159124690356813804871494970781604118211635634014410041704307300 0 0 0 0 0 0 1 0 0 0 0 0 0 0 0 0 0 0 0 0 0 0 0 0 0 0 0 0 0 0 0 0 0 0 0 0 0 0 0 0 0 0 0 0 0 0 0 0 0 0 0 0 0 0 0 0 0 0 0 0 0 0 0 0 0 0 0 0 0 0 0 0 0 0 0 0 0 0 0 0 0 0 0 0 0 0 0 0]
[2002638118102670695630663309472884882185964260379087262417218502452703361342947174692283660890805587632978032635414277057253801053485800907136177771677286337525873177953152496465579260103840272048237263816481404742016640489629593744058102779913186981295950428621539031 0 0 0 0 0 0 0 1 0 0 0 0 0 0 0 0 0 0 0 0 0 0 0 0 0 0 0 0 0 0 0 0 0 0 0 0 0 0 0 0 0 0 0 0 0 0 0 0 0 0 0 0 0 0 0 0 0 0 0 0 0 0 0 0 0 0 0 0 0 0 0 0 0 0 0 0 0 0 0 0 0 0 0 0 0 0 0 0]
[6068505098829733058875932806994920170846906370206236803402048234694355633264742337704331955243210968701280713237833330522581639235947449704929485984055078902617999774638958830279092691770972385417551213060293985016976672551928828928201686194900228870535009054336191660 0 0 0 0 0 0 0 0 1 0 0 0 0 0 0 0 0 0 0 0 0 0 0 0 0 0 0 0 0 0 0 0 0 0 0 0 0 0 0 0 0 0 0 0 0 0 0 0 0 0 0 0 0 0 0 0 0 0 0 0 0 0 0 0 0 0 0 0 0 0 0 0 0 0 0 0 0 0 0 0 0 0 0 0 0 0 0 0]
[3592493137190278845988488699913110922769078890124022817296126493843487329907610405079889130750907598685884936481251993447414809391157795894089111778665770905491224367741321681633383068080512852234850663284194974790918915136808378387225929674729408321200977937154802832 0 0 0 0 0 0 0 0 0 1 0 0 0 0 0 0 0 0 0 0 0 0 0 0 0 0 0 0 0 0 0 0 0 0 0 0 0 0 0 0 0 0 0 0 0 0 0 0 0 0 0 0 0 0 0 0 0 0 0 0 0 0 0 0 0 0 0 0 0 0 0 0 0 0 0 0 0 0 0 0 0 0 0 0 0 0 0 0]
[3087620729191995280637332538169551233140749193540993069387669485463734061205413104082709979436615161620233102904340627218769359389000705154561419837908779236998596066944449986846402052410223869606279527819524291326010195520269667790143705858935861986551638771751716791 0 0 0 0 0 0 0 0 0 0 1 0 0 0 0 0 0 0 0 0 0 0 0 0 0 0 0 0 0 0 0 0 0 0 0 0 0 0 0 0 0 0 0 0 0 0 0 0 0 0 0 0 0 0 0 0 0 0 0 0 0 0 0 0 0 0 0 0 0 0 0 0 0 0 0 0 0 0 0 0 0 0 0 0 0 0 0 0]
[1363603842435239748257560980887151611306324418635393457396887829518013644993270524755352856858034301154827336681080539161575001521742874791402500343526121430933378859486469097949370283691305720192359864047683547839887315345557437359368347022970307774378399782058704727 0 0 0 0 0 0 0 0 0 0 0 1 0 0 0 0 0 0 0 0 0 0 0 0 0 0 0 0 0 0 0 0 0 0 0 0 0 0 0 0 0 0 0 0 0 0 0 0 0 0 0 0 0 0 0 0 0 0 0 0 0 0 0 0 0 0 0 0 0 0 0 0 0 0 0 0 0 0 0 0 0 0 0 0 0 0 0 0]
[2025797997939590898291297965376973178070288923450711737719467729253677874639251930796860065161266639421215917333149651129916822625988160757816737339107751225128586272674809439331514106846091638286012873518706605728188274490121958425792826853973590098184527932602955914 0 0 0 0 0 0 0 0 0 0 0 0 1 0 0 0 0 0 0 0 0 0 0 0 0 0 0 0 0 0 0 0 0 0 0 0 0 0 0 0 0 0 0 0 0 0 0 0 0 0 0 0 0 0 0 0 0 0 0 0 0 0 0 0 0 0 0 0 0 0 0 0 0 0 0 0 0 0 0 0 0 0 0 0 0 0 0 0]
[2295300060684517020927384890673701022244630675840704719314256522695500316791236337502024255514634795604995032020590247897753282054966504699363222947201552711873778640893293173993010978483867817413543421860087014149340156641990365863706608307910605742022597171203781505 0 0 0 0 0 0 0 0 0 0 0 0 0 1 0 0 0 0 0 0 0 0 0 0 0 0 0 0 0 0 0 0 0 0 0 0 0 0 0 0 0 0 0 0 0 0 0 0 0 0 0 0 0 0 0 0 0 0 0 0 0 0 0 0 0 0 0 0 0 0 0 0 0 0 0 0 0 0 0 0 0 0 0 0 0 0 0 0]
[3137899240066947665808507381276329790175740767568210630101234561304209334797962323367323770949215455909648627574744001136235888115849815249278165427006738423487377183656162332875238265419376549244409809909652040130642190845868227791699361495087784961009831280754763108 0 0 0 0 0 0 0 0 0 0 0 0 0 0 1 0 0 0 0 0 0 0 0 0 0 0 0 0 0 0 0 0 0 0 0 0 0 0 0 0 0 0 0 0 0 0 0 0 0 0 0 0 0 0 0 0 0 0 0 0 0 0 0 0 0 0 0 0 0 0 0 0 0 0 0 0 0 0 0 0 0 0 0 0 0 0 0 0]
[5492208238592727410089689480642745502628135261053925500003612836287396400102932250993920490048152105676047719699139809040214612308770607815985612498128393912331758457179830476850698758742357623149872374478806507462304238727716162229625361849488609807995676620004680301 0 0 0 0 0 0 0 0 0 0 0 0 0 0 0 1 0 0 0 0 0 0 0 0 0 0 0 0 0 0 0 0 0 0 0 0 0 0 0 0 0 0 0 0 0 0 0 0 0 0 0 0 0 0 0 0 0 0 0 0 0 0 0 0 0 0 0 0 0 0 0 0 0 0 0 0 0 0 0 0 0 0 0 0 0 0 0 0]
[5246172178606290998894940776025208624721590850764481688745236543319247944392713817676131660753897229150839586570639512826563694844670290244286670663583090949187837971353555775026995099370945817493972583171358815281688762030239807446685644413338722960641213028276507813 0 0 0 0 0 0 0 0 0 0 0 0 0 0 0 0 1 0 0 0 0 0 0 0 0 0 0 0 0 0 0 0 0 0 0 0 0 0 0 0 0 0 0 0 0 0 0 0 0 0 0 0 0 0 0 0 0 0 0 0 0 0 0 0 0 0 0 0 0 0 0 0 0 0 0 0 0 0 0 0 0 0 0 0 0 0 0 0]
[606962552917519648161984988066115900129178045665874652236926355236980535479765974845355286881004705722921101645176036531664879375782506426084103296663059377320072000506393634853475976014271629786273003694628486913158349961224885806122784319481132843557758781514184921 0 0 0 0 0 0 0 0 0 0 0 0 0 0 0 0 0 1 0 0 0 0 0 0 0 0 0 0 0 0 0 0 0 0 0 0 0 0 0 0 0 0 0 0 0 0 0 0 0 0 0 0 0 0 0 0 0 0 0 0 0 0 0 0 0 0 0 0 0 0 0 0 0 0 0 0 0 0 0 0 0 0 0 0 0 0 0 0]
[859765687627764172174808483838682914327430947837138767489366035743543785168848012594158430408470430895776202478144919805919160619283539952518843438515187010895820210546466166904778573806988291516836889473683509244354982989719287614841663170694059060141689393058361227 0 0 0 0 0 0 0 0 0 0 0 0 0 0 0 0 0 0 1 0 0 0 0 0 0 0 0 0 0 0 0 0 0 0 0 0 0 0 0 0 0 0 0 0 0 0 0 0 0 0 0 0 0 0 0 0 0 0 0 0 0 0 0 0 0 0 0 0 0 0 0 0 0 0 0 0 0 0 0 0 0 0 0 0 0 0 0 0]
[2103112071157682463236366960925358028653548527059783140383238240674363736192784377984377769455310794904478443324672953392497568689183462741221128120571424984435072450360804737262506270329047311224308919128017483987702611408060911071751799581289353240640588925273027297 0 0 0 0 0 0 0 0 0 0 0 0 0 0 0 0 0 0 0 1 0 0 0 0 0 0 0 0 0 0 0 0 0 0 0 0 0 0 0 0 0 0 0 0 0 0 0 0 0 0 0 0 0 0 0 0 0 0 0 0 0 0 0 0 0 0 0 0 0 0 0 0 0 0 0 0 0 0 0 0 0 0 0 0 0 0 0 0]
[5836020538670392707271762194244999631452385440549003937185117404729495597507420354876244646003827077920757351267925549619966517009322430273072869242486524926917838122663565977567671339492559840989147379512866454497352941749787017427518263023929971799744228644126991788 0 0 0 0 0 0 0 0 0 0 0 0 0 0 0 0 0 0 0 0 1 0 0 0 0 0 0 0 0 0 0 0 0 0 0 0 0 0 0 0 0 0 0 0 0 0 0 0 0 0 0 0 0 0 0 0 0 0 0 0 0 0 0 0 0 0 0 0 0 0 0 0 0 0 0 0 0 0 0 0 0 0 0 0 0 0 0 0]
[1334142436769242805186892230432602039693938804104379160335014116290831122331784302550466461667364669796696500209737178234490834451189515924739074544245881070595352933944424630142083637787886841753783429832226051028064131895511605189444952671422184415491378778595470946 0 0 0 0 0 0 0 0 0 0 0 0 0 0 0 0 0 0 0 0 0 1 0 0 0 0 0 0 0 0 0 0 0 0 0 0 0 0 0 0 0 0 0 0 0 0 0 0 0 0 0 0 0 0 0 0 0 0 0 0 0 0 0 0 0 0 0 0 0 0 0 0 0 0 0 0 0 0 0 0 0 0 0 0 0 0 0 0]
[3143271937750353701772108755359146275558861157874439847461963788742406292805398764756427772166474669289553490159035263883100047520950523380122799650327355866372428577421641937860130369832410580747245816858236680889398003286541719868520812892621207575465040388726076512 0 0 0 0 0 0 0 0 0 0 0 0 0 0 0 0 0 0 0 0 0 0 1 0 0 0 0 0 0 0 0 0 0 0 0 0 0 0 0 0 0 0 0 0 0 0 0 0 0 0 0 0 0 0 0 0 0 0 0 0 0 0 0 0 0 0 0 0 0 0 0 0 0 0 0 0 0 0 0 0 0 0 0 0 0 0 0 0]
[3670246247610927677361546598362336876532003225843705195146795474145098127680235992129598068842566740943197966380010756935258999806912943635613136093403362501355326277904613016897104911958939888861888030182408992515566412203853394758701603158704034176121970334483201532 0 0 0 0 0 0 0 0 0 0 0 0 0 0 0 0 0 0 0 0 0 0 0 1 0 0 0 0 0 0 0 0 0 0 0 0 0 0 0 0 0 0 0 0 0 0 0 0 0 0 0 0 0 0 0 0 0 0 0 0 0 0 0 0 0 0 0 0 0 0 0 0 0 0 0 0 0 0 0 0 0 0 0 0 0 0 0 0]
[1667501465876842714610022975428908547080958962990385333118139282916649005368330463988611053091261703392955210998790385867715100188387308668027202632586936749613709529781786361177466951252567763373492816430368871386357341252242522059976724057578338573637223733210779285 0 0 0 0 0 0 0 0 0 0 0 0 0 0 0 0 0 0 0 0 0 0 0 0 1 0 0 0 0 0 0 0 0 0 0 0 0 0 0 0 0 0 0 0 0 0 0 0 0 0 0 0 0 0 0 0 0 0 0 0 0 0 0 0 0 0 0 0 0 0 0 0 0 0 0 0 0 0 0 0 0 0 0 0 0 0 0 0]
[5017166202837562508900082837826348834061885413795782402250285822208366341702234843457568315654933196565497851462999124623468420786977612267558634174697686121159420844765084026982696443317581215339680764749763458228976767381228173089846064833754444968548938122354841782 0 0 0 0 0 0 0 0 0 0 0 0 0 0 0 0 0 0 0 0 0 0 0 0 0 1 0 0 0 0 0 0 0 0 0 0 0 0 0 0 0 0 0 0 0 0 0 0 0 0 0 0 0 0 0 0 0 0 0 0 0 0 0 0 0 0 0 0 0 0 0 0 0 0 0 0 0 0 0 0 0 0 0 0 0 0 0 0]
[4713763999202477533161039612138835265465237899805748185486261096869969393037764953582868150745676679448509027917181774001518188061350622333109060314519381809086310462804947812144642615500573175421177774283061621101349756925850205710635456877411548082037106320805238074 0 0 0 0 0 0 0 0 0 0 0 0 0 0 0 0 0 0 0 0 0 0 0 0 0 0 1 0 0 0 0 0 0 0 0 0 0 0 0 0 0 0 0 0 0 0 0 0 0 0 0 0 0 0 0 0 0 0 0 0 0 0 0 0 0 0 0 0 0 0 0 0 0 0 0 0 0 0 0 0 0 0 0 0 0 0 0 0]
[5497861475617608857714016872859765560944415450596116568925636587805347399798917782165406648352425343326106996379426786034411626897007846974297025598427721978962398919922650529589228971459808475063730398664629694303548261493276076295344290296960374514356447388887872763 0 0 0 0 0 0 0 0 0 0 0 0 0 0 0 0 0 0 0 0 0 0 0 0 0 0 0 1 0 0 0 0 0 0 0 0 0 0 0 0 0 0 0 0 0 0 0 0 0 0 0 0 0 0 0 0 0 0 0 0 0 0 0 0 0 0 0 0 0 0 0 0 0 0 0 0 0 0 0 0 0 0 0 0 0 0 0 0]
[2928502639159078221018023140135969661169038604342775515670691600086657520814663974640203490159251317880834266234407643656478023881334925003757258509020045861807154008037129364090164750771829491627700637102243883895210466715948490476915698965689568535693673674270737220 0 0 0 0 0 0 0 0 0 0 0 0 0 0 0 0 0 0 0 0 0 0 0 0 0 0 0 0 1 0 0 0 0 0 0 0 0 0 0 0 0 0 0 0 0 0 0 0 0 0 0 0 0 0 0 0 0 0 0 0 0 0 0 0 0 0 0 0 0 0 0 0 0 0 0 0 0 0 0 0 0 0 0 0 0 0 0 0]
[636878309267310205073102402286475079155093326194061034981088025231905628256590227769909563341807111246793612509566816013502783335527445938475650237765237330980837790868306654634636611965569571949633953722155692408666125755000671715802826103872299153292223078016496800 0 0 0 0 0 0 0 0 0 0 0 0 0 0 0 0 0 0 0 0 0 0 0 0 0 0 0 0 0 1 0 0 0 0 0 0 0 0 0 0 0 0 0 0 0 0 0 0 0 0 0 0 0 0 0 0 0 0 0 0 0 0 0 0 0 0 0 0 0 0 0 0 0 0 0 0 0 0 0 0 0 0 0 0 0 0 0 0]
[3783627254340414500850671843239027082767188950496482453014799227467476135738251544912268972701037543704372797797642674630400694398657650353982635052047460105723968730167728211611850648492205013362760895830347654021917084646418645463990041477692865211521777397926173082 0 0 0 0 0 0 0 0 0 0 0 0 0 0 0 0 0 0 0 0 0 0 0 0 0 0 0 0 0 0 1 0 0 0 0 0 0 0 0 0 0 0 0 0 0 0 0 0 0 0 0 0 0 0 0 0 0 0 0 0 0 0 0 0 0 0 0 0 0 0 0 0 0 0 0 0 0 0 0 0 0 0 0 0 0 0 0 0]
[1726848002302800717248207666577343752244293358330525245689534404531687422585437253277217561179794659714767171157135386005047159875734560533828522942678326029578227332167332707199801018735875056782745957723018549618907286137687708509022130186204363547115756940108723797 0 0 0 0 0 0 0 0 0 0 0 0 0 0 0 0 0 0 0 0 0 0 0 0 0 0 0 0 0 0 0 1 0 0 0 0 0 0 0 0 0 0 0 0 0 0 0 0 0 0 0 0 0 0 0 0 0 0 0 0 0 0 0 0 0 0 0 0 0 0 0 0 0 0 0 0 0 0 0 0 0 0 0 0 0 0 0 0]
[5744785041951807459996711047732661924319957008465170735002349772224172185483535672094536294214092483211205399985216437596874359022762167130302972799020285503137075556695379346615216997405829631505009197459415871036822935781786851855026610929201053529085968113832768240 0 0 0 0 0 0 0 0 0 0 0 0 0 0 0 0 0 0 0 0 0 0 0 0 0 0 0 0 0 0 0 0 1 0 0 0 0 0 0 0 0 0 0 0 0 0 0 0 0 0 0 0 0 0 0 0 0 0 0 0 0 0 0 0 0 0 0 0 0 0 0 0 0 0 0 0 0 0 0 0 0 0 0 0 0 0 0 0]
[4151553259415825417788163925954201341095888050523693209948173335742728712702410820271858466942319807791495699683436469190875763639587698325602212619550585789671717230234419594438110882540940040698294021844396764718588535732790227344879255645229826632097743162071111335 0 0 0 0 0 0 0 0 0 0 0 0 0 0 0 0 0 0 0 0 0 0 0 0 0 0 0 0 0 0 0 0 0 1 0 0 0 0 0 0 0 0 0 0 0 0 0 0 0 0 0 0 0 0 0 0 0 0 0 0 0 0 0 0 0 0 0 0 0 0 0 0 0 0 0 0 0 0 0 0 0 0 0 0 0 0 0 0]
[4340603823229650974515503630087999513207660579687104994314563666177933409520302921006283446168373983735268016990664942754082775394834826181292047412640942085967154259378659194191708216778188535067837934735786876013823092384940256613228648808299358322568465815108684118 0 0 0 0 0 0 0 0 0 0 0 0 0 0 0 0 0 0 0 0 0 0 0 0 0 0 0 0 0 0 0 0 0 0 1 0 0 0 0 0 0 0 0 0 0 0 0 0 0 0 0 0 0 0 0 0 0 0 0 0 0 0 0 0 0 0 0 0 0 0 0 0 0 0 0 0 0 0 0 0 0 0 0 0 0 0 0 0]
[2502955062174850543930207792278995584700778183606833099554677301752192966154805785598627842930499183163981129043659387750893244005198410362370296882147163633929024203620099141218189211024945546462363516132971309059733152845142749278776331894196941347807889586433152939 0 0 0 0 0 0 0 0 0 0 0 0 0 0 0 0 0 0 0 0 0 0 0 0 0 0 0 0 0 0 0 0 0 0 0 1 0 0 0 0 0 0 0 0 0 0 0 0 0 0 0 0 0 0 0 0 0 0 0 0 0 0 0 0 0 0 0 0 0 0 0 0 0 0 0 0 0 0 0 0 0 0 0 0 0 0 0 0]
[1467837425778457323076837638753562339272181152740645944997705521608794847385483236251366678195524974373985070975410757870612589463826427040245561475572149161186249716547719987515777537711944945823909023191582512869323831979696600329677205129807591187736718181662845587 0 0 0 0 0 0 0 0 0 0 0 0 0 0 0 0 0 0 0 0 0 0 0 0 0 0 0 0 0 0 0 0 0 0 0 0 1 0 0 0 0 0 0 0 0 0 0 0 0 0 0 0 0 0 0 0 0 0 0 0 0 0 0 0 0 0 0 0 0 0 0 0 0 0 0 0 0 0 0 0 0 0 0 0 0 0 0 0]
[2258667859437307912835794445299560212455560091925828381878574926665157983244590287667243827298275204095917133778718821634819029716386875721553590582560302127504414386366521070004216368299056959047298831568628458892703303374791448476341485462311312363426129877739085716 0 0 0 0 0 0 0 0 0 0 0 0 0 0 0 0 0 0 0 0 0 0 0 0 0 0 0 0 0 0 0 0 0 0 0 0 0 1 0 0 0 0 0 0 0 0 0 0 0 0 0 0 0 0 0 0 0 0 0 0 0 0 0 0 0 0 0 0 0 0 0 0 0 0 0 0 0 0 0 0 0 0 0 0 0 0 0 0]
[5504802764877694563389172625100089544808846795998572913511101298739708910370634557567953485710664919678632015442945008736155577343418452340409189383378546681022273114911667830679434342993198565029218598593047323618398107498964402279417587347047024733623780391078851804 0 0 0 0 0 0 0 0 0 0 0 0 0 0 0 0 0 0 0 0 0 0 0 0 0 0 0 0 0 0 0 0 0 0 0 0 0 0 1 0 0 0 0 0 0 0 0 0 0 0 0 0 0 0 0 0 0 0 0 0 0 0 0 0 0 0 0 0 0 0 0 0 0 0 0 0 0 0 0 0 0 0 0 0 0 0 0 0]
[2850535042469136244241882847714492102646561187204358316530965240501459128575895737165203845590063254111680531237267680615321669862858342049415474484532229846705193344897362226655179037187581092481594633650266275877744398489145671819366491438687317463437991370332634467 0 0 0 0 0 0 0 0 0 0 0 0 0 0 0 0 0 0 0 0 0 0 0 0 0 0 0 0 0 0 0 0 0 0 0 0 0 0 0 1 0 0 0 0 0 0 0 0 0 0 0 0 0 0 0 0 0 0 0 0 0 0 0 0 0 0 0 0 0 0 0 0 0 0 0 0 0 0 0 0 0 0 0 0 0 0 0 0]
[3204227535536925089078752839352978754975839828356142162845411562168973486690240379496794992482763285072301340766622882793262483014525168387945983920836962769876618684206110497895268291471334959220936142542259975428144437191837275569711251541457324930090751407702846590 0 0 0 0 0 0 0 0 0 0 0 0 0 0 0 0 0 0 0 0 0 0 0 0 0 0 0 0 0 0 0 0 0 0 0 0 0 0 0 0 1 0 0 0 0 0 0 0 0 0 0 0 0 0 0 0 0 0 0 0 0 0 0 0 0 0 0 0 0 0 0 0 0 0 0 0 0 0 0 0 0 0 0 0 0 0 0 0]
[3254399043973773712604045584329769218919100795279514736487328689248572972879550793419532759579501699291640338432572143260748739375796173295586079149407702848083070126613890592688093080107228701252982407482836903281244019796329627669248444831130148234287488783872005176 0 0 0 0 0 0 0 0 0 0 0 0 0 0 0 0 0 0 0 0 0 0 0 0 0 0 0 0 0 0 0 0 0 0 0 0 0 0 0 0 0 1 0 0 0 0 0 0 0 0 0 0 0 0 0 0 0 0 0 0 0 0 0 0 0 0 0 0 0 0 0 0 0 0 0 0 0 0 0 0 0 0 0 0 0 0 0 0]
[2769866877433081165897260128498119774675136763341358459754812280446949960022369968818996377435384591138561837192541600554357943054842432888237250786765873485124171946817504924551396734473147707341449671566976444747690480146385120026495957702269874292898020826533116313 0 0 0 0 0 0 0 0 0 0 0 0 0 0 0 0 0 0 0 0 0 0 0 0 0 0 0 0 0 0 0 0 0 0 0 0 0 0 0 0 0 0 1 0 0 0 0 0 0 0 0 0 0 0 0 0 0 0 0 0 0 0 0 0 0 0 0 0 0 0 0 0 0 0 0 0 0 0 0 0 0 0 0 0 0 0 0 0]
[2673766118921009064406443921903767320395484703051767060024471014885491354605553616715253741184737904711979334560055205095313149593588496315867520986233512512781213992620992399954797269710374755832618942126938118043020622789241922394628759368148418361001445787458717050 0 0 0 0 0 0 0 0 0 0 0 0 0 0 0 0 0 0 0 0 0 0 0 0 0 0 0 0 0 0 0 0 0 0 0 0 0 0 0 0 0 0 0 1 0 0 0 0 0 0 0 0 0 0 0 0 0 0 0 0 0 0 0 0 0 0 0 0 0 0 0 0 0 0 0 0 0 0 0 0 0 0 0 0 0 0 0 0]
[2665783162589421932237256780871578457372544804567106768060371849514041724324241851175505630209087487297286823889202985751286536506304431898126171019515601160594114653800984783638534142471285873418611419043146549164289134769125337266465970788321226007621692875934169884 0 0 0 0 0 0 0 0 0 0 0 0 0 0 0 0 0 0 0 0 0 0 0 0 0 0 0 0 0 0 0 0 0 0 0 0 0 0 0 0 0 0 0 0 1 0 0 0 0 0 0 0 0 0 0 0 0 0 0 0 0 0 0 0 0 0 0 0 0 0 0 0 0 0 0 0 0 0 0 0 0 0 0 0 0 0 0 0]
[1203644423262497651132467813324350884979580758777826205310290834847580670764029623329375299722765518948581492286428294758023150539533472079023199601178645158436858426856484373893517685229302173671548410523993694576054309799246065657533131622230664460485906797267192687 0 0 0 0 0 0 0 0 0 0 0 0 0 0 0 0 0 0 0 0 0 0 0 0 0 0 0 0 0 0 0 0 0 0 0 0 0 0 0 0 0 0 0 0 0 1 0 0 0 0 0 0 0 0 0 0 0 0 0 0 0 0 0 0 0 0 0 0 0 0 0 0 0 0 0 0 0 0 0 0 0 0 0 0 0 0 0 0]
[4822840180667142337376141117818248581319228919484820875524098854886604541484089039533366271077582746985030642264483012110210787042855287526818179471789812651793329760073158172363442031891555395724781082000841606532528516296425696678621125794910142436747444640019025919 0 0 0 0 0 0 0 0 0 0 0 0 0 0 0 0 0 0 0 0 0 0 0 0 0 0 0 0 0 0 0 0 0 0 0 0 0 0 0 0 0 0 0 0 0 0 1 0 0 0 0 0 0 0 0 0 0 0 0 0 0 0 0 0 0 0 0 0 0 0 0 0 0 0 0 0 0 0 0 0 0 0 0 0 0 0 0 0]
[900162182257028351625723365242629079736282108140699049049901055420368316484234743408593958513864677863270620781125269018278865817128348459052968736275991250298914873726021476788946186742528067091512690338124038759338900210569643549066144843677262284066437013573503524 0 0 0 0 0 0 0 0 0 0 0 0 0 0 0 0 0 0 0 0 0 0 0 0 0 0 0 0 0 0 0 0 0 0 0 0 0 0 0 0 0 0 0 0 0 0 0 1 0 0 0 0 0 0 0 0 0 0 0 0 0 0 0 0 0 0 0 0 0 0 0 0 0 0 0 0 0 0 0 0 0 0 0 0 0 0 0 0]
[3355547339158555433660149727333401652293466199858309880327835185272779387227050199708787723828244952433815289257362409670902234539362376514607134434985494027986543566381500189564624453302765487983285626408904935169143774786643672783041409003917906112665535195465958160 0 0 0 0 0 0 0 0 0 0 0 0 0 0 0 0 0 0 0 0 0 0 0 0 0 0 0 0 0 0 0 0 0 0 0 0 0 0 0 0 0 0 0 0 0 0 0 0 1 0 0 0 0 0 0 0 0 0 0 0 0 0 0 0 0 0 0 0 0 0 0 0 0 0 0 0 0 0 0 0 0 0 0 0 0 0 0 0]
[357126546432131436957248765672536522670141870546927533030571665778529733240704826067894461505633304119301357339492898738891121084696874851139191738063506629984938213583630441192680978369812217598355866245519456624050163634602959982985721080228576504498517000893329611 0 0 0 0 0 0 0 0 0 0 0 0 0 0 0 0 0 0 0 0 0 0 0 0 0 0 0 0 0 0 0 0 0 0 0 0 0 0 0 0 0 0 0 0 0 0 0 0 0 1 0 0 0 0 0 0 0 0 0 0 0 0 0 0 0 0 0 0 0 0 0 0 0 0 0 0 0 0 0 0 0 0 0 0 0 0 0 0]
[4305298942345957776843353311956587844532049554263994160148281350474597792330864898785346093473064575328935769651618130897730179207600771105709330737287488319258194990469688301506707398694497328634159741444856960530864540952039210335732419082001159069637564604712285826 0 0 0 0 0 0 0 0 0 0 0 0 0 0 0 0 0 0 0 0 0 0 0 0 0 0 0 0 0 0 0 0 0 0 0 0 0 0 0 0 0 0 0 0 0 0 0 0 0 0 1 0 0 0 0 0 0 0 0 0 0 0 0 0 0 0 0 0 0 0 0 0 0 0 0 0 0 0 0 0 0 0 0 0 0 0 0 0]
[4512479086750953379714802006045251791307522341752762030516211355306301840866423752540198032086708347444087790925014745234137549335685494836416286846495803444628576934746771318099838941622895093021406395491026772959113520109869120165838988209363809874175628369983922430 0 0 0 0 0 0 0 0 0 0 0 0 0 0 0 0 0 0 0 0 0 0 0 0 0 0 0 0 0 0 0 0 0 0 0 0 0 0 0 0 0 0 0 0 0 0 0 0 0 0 0 1 0 0 0 0 0 0 0 0 0 0 0 0 0 0 0 0 0 0 0 0 0 0 0 0 0 0 0 0 0 0 0 0 0 0 0 0]
[1170453051757346650487028921966239909545806047964313485585418920927097504179578804207416457169592634030317169735312562007260314656749009540487531064231428414996852136726749953386629731436666918446602343572844310709015215558646144707390177685775926002161208524401597626 0 0 0 0 0 0 0 0 0 0 0 0 0 0 0 0 0 0 0 0 0 0 0 0 0 0 0 0 0 0 0 0 0 0 0 0 0 0 0 0 0 0 0 0 0 0 0 0 0 0 0 0 1 0 0 0 0 0 0 0 0 0 0 0 0 0 0 0 0 0 0 0 0 0 0 0 0 0 0 0 0 0 0 0 0 0 0 0]
[3430643889013890319783135608329371607782248109908676399338561379342649070838627098994628022300364385619284557634512580817869897312203189072502549364251249158757828190016770140923522135576887434458786610411189988858910047749886420464723249570402093118870417161577451015 0 0 0 0 0 0 0 0 0 0 0 0 0 0 0 0 0 0 0 0 0 0 0 0 0 0 0 0 0 0 0 0 0 0 0 0 0 0 0 0 0 0 0 0 0 0 0 0 0 0 0 0 0 1 0 0 0 0 0 0 0 0 0 0 0 0 0 0 0 0 0 0 0 0 0 0 0 0 0 0 0 0 0 0 0 0 0 0]
[5516508474981607933181027013519853445678408495665838296781598726411340779417720926347731858837906012846355760123554365293001644450893191388290736742716491322587671212482962668596279218092257930131960009974283724094169725522974845159534487211816437481303335079564515586 0 0 0 0 0 0 0 0 0 0 0 0 0 0 0 0 0 0 0 0 0 0 0 0 0 0 0 0 0 0 0 0 0 0 0 0 0 0 0 0 0 0 0 0 0 0 0 0 0 0 0 0 0 0 1 0 0 0 0 0 0 0 0 0 0 0 0 0 0 0 0 0 0 0 0 0 0 0 0 0 0 0 0 0 0 0 0 0]
[4525113027186845903497588719173865878243867197984230991128125208715119818317200995406510585231513119851346472574042171223002368599992923459084272268308599151435965284549753998083200076821790418367670239408728968743074160305898373357360408771635888100130208265328335631 0 0 0 0 0 0 0 0 0 0 0 0 0 0 0 0 0 0 0 0 0 0 0 0 0 0 0 0 0 0 0 0 0 0 0 0 0 0 0 0 0 0 0 0 0 0 0 0 0 0 0 0 0 0 0 1 0 0 0 0 0 0 0 0 0 0 0 0 0 0 0 0 0 0 0 0 0 0 0 0 0 0 0 0 0 0 0 0]
[5526804562915136119037672815373097218031914646685769274403500637762858660327475162434542940568503414437377802620102671587235496557472155453461865303467529460678549391180944301839687935812983535566958744836592081467870705464787036565204880644693059686074218246136830965 0 0 0 0 0 0 0 0 0 0 0 0 0 0 0 0 0 0 0 0 0 0 0 0 0 0 0 0 0 0 0 0 0 0 0 0 0 0 0 0 0 0 0 0 0 0 0 0 0 0 0 0 0 0 0 0 1 0 0 0 0 0 0 0 0 0 0 0 0 0 0 0 0 0 0 0 0 0 0 0 0 0 0 0 0 0 0 0]
[4698273425487933479379754341079543421014347021463385107915310104099940962427523702486619924746308020516797583389025038592766016367333163365530270248790703929273086803515420852465298451094236244696636160605273043480169377551892969173304650024966317811276482494055418098 0 0 0 0 0 0 0 0 0 0 0 0 0 0 0 0 0 0 0 0 0 0 0 0 0 0 0 0 0 0 0 0 0 0 0 0 0 0 0 0 0 0 0 0 0 0 0 0 0 0 0 0 0 0 0 0 0 1 0 0 0 0 0 0 0 0 0 0 0 0 0 0 0 0 0 0 0 0 0 0 0 0 0 0 0 0 0 0]
[4054417286464878700832990036563206923120232532853335775617268401353964862742463968303780889833514436348635712494016569410210432327221237905782853467687351423368802315938195616957516423279727931713998060999333849061481189470778517029085813214108554921935022331281649164 0 0 0 0 0 0 0 0 0 0 0 0 0 0 0 0 0 0 0 0 0 0 0 0 0 0 0 0 0 0 0 0 0 0 0 0 0 0 0 0 0 0 0 0 0 0 0 0 0 0 0 0 0 0 0 0 0 0 1 0 0 0 0 0 0 0 0 0 0 0 0 0 0 0 0 0 0 0 0 0 0 0 0 0 0 0 0 0]
[286716594081127507706969652385747296865980064790530463608450534458091938034894711195098154061261999936914537225415646617997620537097744319867300294603533490691115551853507994557868181847710246992023379143581572812492238404019659611223874417658831608440152108433571205 0 0 0 0 0 0 0 0 0 0 0 0 0 0 0 0 0 0 0 0 0 0 0 0 0 0 0 0 0 0 0 0 0 0 0 0 0 0 0 0 0 0 0 0 0 0 0 0 0 0 0 0 0 0 0 0 0 0 0 1 0 0 0 0 0 0 0 0 0 0 0 0 0 0 0 0 0 0 0 0 0 0 0 0 0 0 0 0]
[910718458336134405830554395753927028692132229541719122429065499290240031651866257792969895591095024869009508169062700206623797571793507085596362394585598124132209830805020529027835465070061357469923032172419979786208376542776894362345442326597653402360563039764251968 0 0 0 0 0 0 0 0 0 0 0 0 0 0 0 0 0 0 0 0 0 0 0 0 0 0 0 0 0 0 0 0 0 0 0 0 0 0 0 0 0 0 0 0 0 0 0 0 0 0 0 0 0 0 0 0 0 0 0 0 1 0 0 0 0 0 0 0 0 0 0 0 0 0 0 0 0 0 0 0 0 0 0 0 0 0 0 0]
[2458049450613406417541459281062506832872067059241745244398309462674669221658569783121925753315918765988355258759102376401750552735038810962597698016584450431433830594969878120540076365689778917495339846308402889618599773301549905910559834057501105259747681079161248593 0 0 0 0 0 0 0 0 0 0 0 0 0 0 0 0 0 0 0 0 0 0 0 0 0 0 0 0 0 0 0 0 0 0 0 0 0 0 0 0 0 0 0 0 0 0 0 0 0 0 0 0 0 0 0 0 0 0 0 0 0 1 0 0 0 0 0 0 0 0 0 0 0 0 0 0 0 0 0 0 0 0 0 0 0 0 0 0]
[5671124563775950683354862393761377439208966258280395651889277374845127395080537207955404448387301377889549400353869412423947718223798620816205052435130110968196296118450145253865129854133818109003436259850000015412918995467882300518408462619529355025177789412841750787 0 0 0 0 0 0 0 0 0 0 0 0 0 0 0 0 0 0 0 0 0 0 0 0 0 0 0 0 0 0 0 0 0 0 0 0 0 0 0 0 0 0 0 0 0 0 0 0 0 0 0 0 0 0 0 0 0 0 0 0 0 0 1 0 0 0 0 0 0 0 0 0 0 0 0 0 0 0 0 0 0 0 0 0 0 0 0 0]
[4760612313163754206993580555960635149740054714595529238351713162934117507132714759031176418409789436796708854643215295715341050357675318242034398945835797668248725791363422015863664675797181535115688882680561571735579165240029904989457253340790018967395069212061001562 0 0 0 0 0 0 0 0 0 0 0 0 0 0 0 0 0 0 0 0 0 0 0 0 0 0 0 0 0 0 0 0 0 0 0 0 0 0 0 0 0 0 0 0 0 0 0 0 0 0 0 0 0 0 0 0 0 0 0 0 0 0 0 1 0 0 0 0 0 0 0 0 0 0 0 0 0 0 0 0 0 0 0 0 0 0 0 0]
[4602980484027123704581860979364355679100511588115359750792034482266226211947755305187142630325663577612174673249167632556389605217186443210921885924630220960712589858567016423367441923685024403903509716258467649114328386298539087083268239075899376126420428409605943429 0 0 0 0 0 0 0 0 0 0 0 0 0 0 0 0 0 0 0 0 0 0 0 0 0 0 0 0 0 0 0 0 0 0 0 0 0 0 0 0 0 0 0 0 0 0 0 0 0 0 0 0 0 0 0 0 0 0 0 0 0 0 0 0 1 0 0 0 0 0 0 0 0 0 0 0 0 0 0 0 0 0 0 0 0 0 0 0]
[4010380392748971276094900301319869718127320598506592284129826413611150420101113553406188624224423230075927597943711917761081234180993671199918804201825449369299216242171850619453210894542182480495724788787661364822225491030842016298655519551147559375084630008382710516 0 0 0 0 0 0 0 0 0 0 0 0 0 0 0 0 0 0 0 0 0 0 0 0 0 0 0 0 0 0 0 0 0 0 0 0 0 0 0 0 0 0 0 0 0 0 0 0 0 0 0 0 0 0 0 0 0 0 0 0 0 0 0 0 0 1 0 0 0 0 0 0 0 0 0 0 0 0 0 0 0 0 0 0 0 0 0 0]
[4873527381699842346540295135029057112001136031551267565409526046294531332455867681408492497228873604966501502438307770663691629138533766401108463950328669271066078846452535691958446065168702863294803895256448968739194037068815983173309451895823596596989775837544546354 0 0 0 0 0 0 0 0 0 0 0 0 0 0 0 0 0 0 0 0 0 0 0 0 0 0 0 0 0 0 0 0 0 0 0 0 0 0 0 0 0 0 0 0 0 0 0 0 0 0 0 0 0 0 0 0 0 0 0 0 0 0 0 0 0 0 1 0 0 0 0 0 0 0 0 0 0 0 0 0 0 0 0 0 0 0 0 0]
[2768812846711323152221824089024124166701502455997197905127638043620183846320835718422993888052301859156058735014824767475519334033566512237422661712995528798436347174639876270748312923277374433593478512257486986160432746448049515902487586470158661183503775602377875352 0 0 0 0 0 0 0 0 0 0 0 0 0 0 0 0 0 0 0 0 0 0 0 0 0 0 0 0 0 0 0 0 0 0 0 0 0 0 0 0 0 0 0 0 0 0 0 0 0 0 0 0 0 0 0 0 0 0 0 0 0 0 0 0 0 0 0 1 0 0 0 0 0 0 0 0 0 0 0 0 0 0 0 0 0 0 0 0]
[3391389723160094721607010853441098237359280946015455975076197392265779870044956222597297068492198810086829689835170534984902441338043807091682676844040804027550397062916459652601329827674363555301761830411062898752799501267073327605705463538007064963409291032432604246 0 0 0 0 0 0 0 0 0 0 0 0 0 0 0 0 0 0 0 0 0 0 0 0 0 0 0 0 0 0 0 0 0 0 0 0 0 0 0 0 0 0 0 0 0 0 0 0 0 0 0 0 0 0 0 0 0 0 0 0 0 0 0 0 0 0 0 0 1 0 0 0 0 0 0 0 0 0 0 0 0 0 0 0 0 0 0 0]
[2928240917211271348231510070168820878070945614219799839341906666302407248379270525903060752511837676784120468722181173889832859598622055503001472730762460711569971055927763527000229590070674245994408069042499468444388572883174693888666031597846791371474965127259221963 0 0 0 0 0 0 0 0 0 0 0 0 0 0 0 0 0 0 0 0 0 0 0 0 0 0 0 0 0 0 0 0 0 0 0 0 0 0 0 0 0 0 0 0 0 0 0 0 0 0 0 0 0 0 0 0 0 0 0 0 0 0 0 0 0 0 0 0 0 1 0 0 0 0 0 0 0 0 0 0 0 0 0 0 0 0 0 0]
[2209343480038948232531370597915599258051531363531304445467039191429371985427241903431010533009949639753176952381022384966184978532434202215547028358494729169603511873412993232444078524159280186520484836291455736348668208465495600748274867797194836594196583778161169907 0 0 0 0 0 0 0 0 0 0 0 0 0 0 0 0 0 0 0 0 0 0 0 0 0 0 0 0 0 0 0 0 0 0 0 0 0 0 0 0 0 0 0 0 0 0 0 0 0 0 0 0 0 0 0 0 0 0 0 0 0 0 0 0 0 0 0 0 0 0 1 0 0 0 0 0 0 0 0 0 0 0 0 0 0 0 0 0]
[1596341413237225492456430272381920453606889936093344757760147017238305931712801732733351235387599025410349305414786289822119664285109367733508139369085948338467193835100396751492817565638231292640511432175518939045943205925996120693493244461619022676890423957989158654 0 0 0 0 0 0 0 0 0 0 0 0 0 0 0 0 0 0 0 0 0 0 0 0 0 0 0 0 0 0 0 0 0 0 0 0 0 0 0 0 0 0 0 0 0 0 0 0 0 0 0 0 0 0 0 0 0 0 0 0 0 0 0 0 0 0 0 0 0 0 0 1 0 0 0 0 0 0 0 0 0 0 0 0 0 0 0 0]
[4427160302339576252321609560699819912126741418017430829179589834972440668400384290932823721832298429759133710230096959411065457637628868436627208271131697431648238562887586816421584754723085314253022246500833902746788843778386959287818048613166913859711327670822567364 0 0 0 0 0 0 0 0 0 0 0 0 0 0 0 0 0 0 0 0 0 0 0 0 0 0 0 0 0 0 0 0 0 0 0 0 0 0 0 0 0 0 0 0 0 0 0 0 0 0 0 0 0 0 0 0 0 0 0 0 0 0 0 0 0 0 0 0 0 0 0 0 1 0 0 0 0 0 0 0 0 0 0 0 0 0 0 0]
[4241273965852680281904334618598154831316684498711757486503940522697419597753409869195860057783879806924564418274435219933590922894569438450993721034045112665188975277486443677650036031789401606755245128582703021966722223841912685154560395599521701336651169162715303488 0 0 0 0 0 0 0 0 0 0 0 0 0 0 0 0 0 0 0 0 0 0 0 0 0 0 0 0 0 0 0 0 0 0 0 0 0 0 0 0 0 0 0 0 0 0 0 0 0 0 0 0 0 0 0 0 0 0 0 0 0 0 0 0 0 0 0 0 0 0 0 0 0 1 0 0 0 0 0 0 0 0 0 0 0 0 0 0]
[1878070842649460813710619901896871237240507115219265489053418520557878912118460996115863347368595580195152971031610111264410124227467402733081772772952919705382295444082163809717028914544846332544661059506955901045573899547650060386846353973272844898644526321761328611 0 0 0 0 0 0 0 0 0 0 0 0 0 0 0 0 0 0 0 0 0 0 0 0 0 0 0 0 0 0 0 0 0 0 0 0 0 0 0 0 0 0 0 0 0 0 0 0 0 0 0 0 0 0 0 0 0 0 0 0 0 0 0 0 0 0 0 0 0 0 0 0 0 0 1 0 0 0 0 0 0 0 0 0 0 0 0 0]
[4655130453048802947357465815854778803251431206184349879371799407528968840228802664194568335681817649041841284775481046465243038209093422397898918662916110370969252188535403877313838710398327995965551098344163866349196483343363770019041264136912060067505220749868012234 0 0 0 0 0 0 0 0 0 0 0 0 0 0 0 0 0 0 0 0 0 0 0 0 0 0 0 0 0 0 0 0 0 0 0 0 0 0 0 0 0 0 0 0 0 0 0 0 0 0 0 0 0 0 0 0 0 0 0 0 0 0 0 0 0 0 0 0 0 0 0 0 0 0 0 1 0 0 0 0 0 0 0 0 0 0 0 0]
[287904289187621678556591523938298404048459916556997714611755480359204003184942854245354680853018531894313862931537133839344055606225309494688504327053569990294508396565770757223941632567953573849200837710688186280014245322403437379186762668608000263021646673734798475 0 0 0 0 0 0 0 0 0 0 0 0 0 0 0 0 0 0 0 0 0 0 0 0 0 0 0 0 0 0 0 0 0 0 0 0 0 0 0 0 0 0 0 0 0 0 0 0 0 0 0 0 0 0 0 0 0 0 0 0 0 0 0 0 0 0 0 0 0 0 0 0 0 0 0 0 1 0 0 0 0 0 0 0 0 0 0 0]
[637687319471596487515324166600214575544301099505616475662224701149668588934431002372252866217824542232914694662563373339299937710749574665872602848031454923011068942313909470128329043339169704019611957324243023762339282379679703236287212685798893431374079622987004019 0 0 0 0 0 0 0 0 0 0 0 0 0 0 0 0 0 0 0 0 0 0 0 0 0 0 0 0 0 0 0 0 0 0 0 0 0 0 0 0 0 0 0 0 0 0 0 0 0 0 0 0 0 0 0 0 0 0 0 0 0 0 0 0 0 0 0 0 0 0 0 0 0 0 0 0 0 1 0 0 0 0 0 0 0 0 0 0]
[5911559647703553339396041695605316194501289726627937196023401169652678820335724024136379989038334261114645708849610064483321164431147116726652232862032800304562741441400459854541342504327448520475209805290528232737951816083067921984298662897690446110705569752100022120 0 0 0 0 0 0 0 0 0 0 0 0 0 0 0 0 0 0 0 0 0 0 0 0 0 0 0 0 0 0 0 0 0 0 0 0 0 0 0 0 0 0 0 0 0 0 0 0 0 0 0 0 0 0 0 0 0 0 0 0 0 0 0 0 0 0 0 0 0 0 0 0 0 0 0 0 0 0 1 0 0 0 0 0 0 0 0 0]
[2147005917059294687003031927305124010971217647722158440497427517419968977508704846252514811896136108717776751084083190597760012828109394225000127929349920119840595187253575065860176162917779840957599043021626217134420179915018642943445700342805383291385299770505062373 0 0 0 0 0 0 0 0 0 0 0 0 0 0 0 0 0 0 0 0 0 0 0 0 0 0 0 0 0 0 0 0 0 0 0 0 0 0 0 0 0 0 0 0 0 0 0 0 0 0 0 0 0 0 0 0 0 0 0 0 0 0 0 0 0 0 0 0 0 0 0 0 0 0 0 0 0 0 0 1 0 0 0 0 0 0 0 0]
[3989050332354465057336738140028897363584740490594494772976043800204972069929481023351974944421584326306227390801024038097410830422722051172365098767922993049047485159889703424339079217524634031349429749219896818613156810366939391334513834652951963032112479538113622643 0 0 0 0 0 0 0 0 0 0 0 0 0 0 0 0 0 0 0 0 0 0 0 0 0 0 0 0 0 0 0 0 0 0 0 0 0 0 0 0 0 0 0 0 0 0 0 0 0 0 0 0 0 0 0 0 0 0 0 0 0 0 0 0 0 0 0 0 0 0 0 0 0 0 0 0 0 0 0 0 1 0 0 0 0 0 0 0]
[6164639467480248936521490531867963270030674479392774178674983135784019939752858521483447314017052303830076422596393313615785330941196526205924426200416511810361104849271290054333473539667039819795572064034728811508307768323735028502684541334526582473166251659437013749 0 0 0 0 0 0 0 0 0 0 0 0 0 0 0 0 0 0 0 0 0 0 0 0 0 0 0 0 0 0 0 0 0 0 0 0 0 0 0 0 0 0 0 0 0 0 0 0 0 0 0 0 0 0 0 0 0 0 0 0 0 0 0 0 0 0 0 0 0 0 0 0 0 0 0 0 0 0 0 0 0 1 0 0 0 0 0 0]
[4673786398776501840322624842291300267579023765568004717081885908561625732281963704845195113545677126991944045765745230217264600284363013436958818002149758998187645517405787239601020600644169330210847916549281891367669003574110441033613790276761051201494307836793028808 0 0 0 0 0 0 0 0 0 0 0 0 0 0 0 0 0 0 0 0 0 0 0 0 0 0 0 0 0 0 0 0 0 0 0 0 0 0 0 0 0 0 0 0 0 0 0 0 0 0 0 0 0 0 0 0 0 0 0 0 0 0 0 0 0 0 0 0 0 0 0 0 0 0 0 0 0 0 0 0 0 0 1 0 0 0 0 0]
[2027832908882520763400755134976922392769712922912346954681805960077222593140615033179811167036387885847862176640637409749581927235610429164401225735023143416431267177308342741544299069382088968807354963490505562956787197360941972196854928747061564008512775159647901769 0 0 0 0 0 0 0 0 0 0 0 0 0 0 0 0 0 0 0 0 0 0 0 0 0 0 0 0 0 0 0 0 0 0 0 0 0 0 0 0 0 0 0 0 0 0 0 0 0 0 0 0 0 0 0 0 0 0 0 0 0 0 0 0 0 0 0 0 0 0 0 0 0 0 0 0 0 0 0 0 0 0 0 1 0 0 0 0]
[2602343936386756271088115238038261404989728575009389152948848745607129494258331854827407957454712147410009848193614161759213661820058050448884696167771192451825096794966713852483273393220439759519761955556922236382317815331899573795927278334700958457365088556309753361 0 0 0 0 0 0 0 0 0 0 0 0 0 0 0 0 0 0 0 0 0 0 0 0 0 0 0 0 0 0 0 0 0 0 0 0 0 0 0 0 0 0 0 0 0 0 0 0 0 0 0 0 0 0 0 0 0 0 0 0 0 0 0 0 0 0 0 0 0 0 0 0 0 0 0 0 0 0 0 0 0 0 0 0 1 0 0 0]
[5786349237310116287604490127412844291924757798470729150723054433724964027502507039908634044568582156109210041244151403194749998988570018872476300702321364269524881886898164667620943613394113436243749238773418518728256971205782805042391647839890731807871333744197742761 0 0 0 0 0 0 0 0 0 0 0 0 0 0 0 0 0 0 0 0 0 0 0 0 0 0 0 0 0 0 0 0 0 0 0 0 0 0 0 0 0 0 0 0 0 0 0 0 0 0 0 0 0 0 0 0 0 0 0 0 0 0 0 0 0 0 0 0 0 0 0 0 0 0 0 0 0 0 0 0 0 0 0 0 0 1 0 0]
[5837162770407648446447961337748176476941945082344556690754674500702221771040980764443184072262724095004918559718194001724256506941082613398106089476814232804880764037179138755140120033361147857762353639854298650624124946188156472144792607654339018792896882222644685353 0 0 0 0 0 0 0 0 0 0 0 0 0 0 0 0 0 0 0 0 0 0 0 0 0 0 0 0 0 0 0 0 0 0 0 0 0 0 0 0 0 0 0 0 0 0 0 0 0 0 0 0 0 0 0 0 0 0 0 0 0 0 0 0 0 0 0 0 0 0 0 0 0 0 0 0 0 0 0 0 0 0 0 0 0 0 1 0]
[2904383964290831452758799548301945457898404465957750030623844115350583208363320083677451817530426521644845952366560511666716648198149453303485865952300553493820442378014602064281639242935784801760060468645053649154365511719660574460577588035972902385232968291808014201 0 0 0 0 0 0 0 0 0 0 0 0 0 0 0 0 0 0 0 0 0 0 0 0 0 0 0 0 0 0 0 0 0 0 0 0 0 0 0 0 0 0 0 0 0 0 0 0 0 0 0 0 0 0 0 0 0 0 0 0 0 0 0 0 0 0 0 0 0 0 0 0 0 0 0 0 0 0 0 0 0 0 0 0 0 0 0 1]
]
