[[5961751983576621957616788607886767835953514155701729172413200983153398430252164137473238268801382247929538903733523237705428850880509719526697201021059196368736104204505383148681199136309896669958448703276887300919981327011659976872297688844995321460961029969108195611 0 0 0 0 0 0 0 0 0 0 0 0 0 0 0 0 0 0 0 0 0 0 0 0 0 0 0 0 0 0 0 0 0 0 0 0 0 0 0 0 0 0 0 0 0 0 0 0 0 0 0 0 0 0 0 0 0 0 0 0 0 0 0 0 0 0 0 0 0 0 0 0 0 0 0 0 0 0 0 0 0 0 0 0 0 0 0 0]
[173361980334761744891096727996848277831091653565346220750944081579648835672259655293551436689857443492611634019896842378356473272875923517453684143493848414753741273280172792198346546204716146251269727791161320419164757439227734997430731616286610717735969051772060911 1 0 0 0 0 0 0 0 0 0 0 0 0 0 0 0 0 0 0 0 0 0 0 0 0 0 0 0 0 0 0 0 0 0 0 0 0 0 0 0 0 0 0 0 0 0 0 0 0 0 0 0 0 0 0 0 0 0 0 0 0 0 0 0 0 0 0 0 0 0 0 0 0 0 0 0 0 0 0 0 0 0 0 0 0 0 0 0]
[3776975606782639972936979411628832865217219355479821664748259911781544155099227719750210896788984794994379590769666174486097195156654766003438694648011457817355252096072460038837335871400111203305729934607160327851336851933125531397723616998379816988304863919418868304 0 1 0 0 0 0 0 0 0 0 0 0 0 0 0 0 0 0 0 0 0 0 0 0 0 0 0 0 0 0 0 0 0 0 0 0 0 0 0 0 0 0 0 0 0 0 0 0 0 0 0 0 0 0 0 0 0 0 0 0 0 0 0 0 0 0 0 0 0 0 0 0 0 0 0 0 0 0 0 0 0 0 0 0 0 0 0 0]
[5373355091951995650696842181208582720065897640384642582818609747966352013609947137353039842166142630829459999899467490505780202706505731062052181650158922296763860376508324773405489832869470000646398255194324263040545595314302997169596120049986765570034322727493402712 0 0 1 0 0 0 0 0 0 0 0 0 0 0 0 0 0 0 0 0 0 0 0 0 0 0 0 0 0 0 0 0 0 0 0 0 0 0 0 0 0 0 0 0 0 0 0 0 0 0 0 0 0 0 0 0 0 0 0 0 0 0 0 0 0 0 0 0 0 0 0 0 0 0 0 0 0 0 0 0 0 0 0 0 0 0 0 0]
[4044348125557896872391952260197393014347145984142379535785106303278795140371214795961589100023990628276703672068768723414177121268966553425268464012553204401259541467020542610418759519260943600581162315429241958735431136543003945344481696910237892898759916803522418876 0 0 0 1 0 0 0 0 0 0 0 0 0 0 0 0 0 0 0 0 0 0 0 0 0 0 0 0 0 0 0 0 0 0 0 0 0 0 0 0 0 0 0 0 0 0 0 0 0 0 0 0 0 0 0 0 0 0 0 0 0 0 0 0 0 0 0 0 0 0 0 0 0 0 0 0 0 0 0 0 0 0 0 0 0 0 0 0]
[5171215743516729327066874277481893401901037339771448314733906158138792614258909923282922297864788715464504939169953815898874144025532261473100165148918290989622737298458224074762441966860292042276278875353338858931721627652913484554895633687894598528236194293559632357 0 0 0 0 1 0 0 0 0 0 0 0 0 0 0 0 0 0 0 0 0 0 0 0 0 0 0 0 0 0 0 0 0 0 0 0 0 0 0 0 0 0 0 0 0 0 0 0 0 0 0 0 0 0 0 0 0 0 0 0 0 0 0 0 0 0 0 0 0 0 0 0 0 0 0 0 0 0 0 0 0 0 0 0 0 0 0 0]
[4530715296704446440377431216627246101790068138433047904966195666590164226255462850844639109090581870201542888320809003980267137243841416182230139336047766083080386615606319712178605672715480509489111558001404040875442645975076754179298912972391407145673003117232267190 0 0 0 0 0 1 0 0 0 0 0 0 0 0 0 0 0 0 0 0 0 0 0 0 0 0 0 0 0 0 0 0 0 0 0 0 0 0 0 0 0 0 0 0 0 0 0 0 0 0 0 0 0 0 0 0 0 0 0 0 0 0 0 0 0 0 0 0 0 0 0 0 0 0 0 0 0 0 0 0 0 0 0 0 0 0 0 0]
[1543267416572901673514416752435577031932811831719366160134069919908584510942626295363256264317792841885648110738652859867150773006023208356301270352024969742592183877068979576489733134313954035485773993934857826239957577187246637069614630131929907506171854954672961627 0 0 0 0 0 0 1 0 0 0 0 0 0 0 0 0 0 0 0 0 0 0 0 0 0 0 0 0 0 0 0 0 0 0 0 0 0 0 0 0 0 0 0 0 0 0 0 0 0 0 0 0 0 0 0 0 0 0 0 0 0 0 0 0 0 0 0 0 0 0 0 0 0 0 0 0 0 0 0 0 0 0 0 0 0 0 0 0]
[4187486836251476636838329482020389184245854784478854372444107744769696873789147638360307342170624150999891043177173188681828098614360876784662935492852995974310523873722281624243354587258993960805673626220872299431988943111899111713249113822257746610663814089345695556 0 0 0 0 0 0 0 1 0 0 0 0 0 0 0 0 0 0 0 0 0 0 0 0 0 0 0 0 0 0 0 0 0 0 0 0 0 0 0 0 0 0 0 0 0 0 0 0 0 0 0 0 0 0 0 0 0 0 0 0 0 0 0 0 0 0 0 0 0 0 0 0 0 0 0 0 0 0 0 0 0 0 0 0 0 0 0 0]
[1105893942965059136056243932192083172399929316930679461870617187797317429164600636737678243082588156419118608439631607947126554715059581522182852529630463897067168627804859147100964857002315028115589369287566623791743826921976133358296028670995785450574005942377870331 0 0 0 0 0 0 0 0 1 0 0 0 0 0 0 0 0 0 0 0 0 0 0 0 0 0 0 0 0 0 0 0 0 0 0 0 0 0 0 0 0 0 0 0 0 0 0 0 0 0 0 0 0 0 0 0 0 0 0 0 0 0 0 0 0 0 0 0 0 0 0 0 0 0 0 0 0 0 0 0 0 0 0 0 0 0 0 0]
[4710149349855672638225242886435634753122719865904169154186673448668262579846198250612673162180868827732216377455838284057890945408888209024352700901156526152929179123937262752866440679814008790221119977991912680330743667133558991276272339660746489713147242415269572668 0 0 0 0 0 0 0 0 0 1 0 0 0 0 0 0 0 0 0 0 0 0 0 0 0 0 0 0 0 0 0 0 0 0 0 0 0 0 0 0 0 0 0 0 0 0 0 0 0 0 0 0 0 0 0 0 0 0 0 0 0 0 0 0 0 0 0 0 0 0 0 0 0 0 0 0 0 0 0 0 0 0 0 0 0 0 0 0]
[5769037168532612497642659684556958228118330990862160433951907836104824493352216849097814603451072402558284804293053146926983582319964132845953740005801110328573756254049437968526365763686986675850351839703651404075624204644692156420863254742057942061557000858224849402 0 0 0 0 0 0 0 0 0 0 1 0 0 0 0 0 0 0 0 0 0 0 0 0 0 0 0 0 0 0 0 0 0 0 0 0 0 0 0 0 0 0 0 0 0 0 0 0 0 0 0 0 0 0 0 0 0 0 0 0 0 0 0 0 0 0 0 0 0 0 0 0 0 0 0 0 0 0 0 0 0 0 0 0 0 0 0 0]
[5784721052022343584498629275361390521622496810477891318745643973023740548983763524037253118751424937533766004926815631416569720618054933805257085461844688707364066929023280169788367210572559135913199919796913270937555403217177639803568447225666904200870870189411851444 0 0 0 0 0 0 0 0 0 0 0 1 0 0 0 0 0 0 0 0 0 0 0 0 0 0 0 0 0 0 0 0 0 0 0 0 0 0 0 0 0 0 0 0 0 0 0 0 0 0 0 0 0 0 0 0 0 0 0 0 0 0 0 0 0 0 0 0 0 0 0 0 0 0 0 0 0 0 0 0 0 0 0 0 0 0 0 0]
[1836666280566152416481965353020090139995901624711817035859983017474965321611223331566279508618962411169278125195115354842275713904395154857543991622529182375915000976728141574271302466292386097748594655069144011092287853692581220857736322931081582785797964585836375520 0 0 0 0 0 0 0 0 0 0 0 0 1 0 0 0 0 0 0 0 0 0 0 0 0 0 0 0 0 0 0 0 0 0 0 0 0 0 0 0 0 0 0 0 0 0 0 0 0 0 0 0 0 0 0 0 0 0 0 0 0 0 0 0 0 0 0 0 0 0 0 0 0 0 0 0 0 0 0 0 0 0 0 0 0 0 0 0]
[5579977092408002684374067945239471462871561196767034614062056155559883345814965021630224890204421279293969068852960804858096009437459827841430835658283343758189416118320219559950697381757703763866950778145498145998897519291026297474308189235080793023836866362263444299 0 0 0 0 0 0 0 0 0 0 0 0 0 1 0 0 0 0 0 0 0 0 0 0 0 0 0 0 0 0 0 0 0 0 0 0 0 0 0 0 0 0 0 0 0 0 0 0 0 0 0 0 0 0 0 0 0 0 0 0 0 0 0 0 0 0 0 0 0 0 0 0 0 0 0 0 0 0 0 0 0 0 0 0 0 0 0 0]
[1971170676510040934518005573139423632325150735238512522653288006323402443510046376781402642574497607654085881340501435965326251369367247783726028417442638557311793523548679723661729722201244419380638383006289390435530942329542487886135856796673479549914182796619520857 0 0 0 0 0 0 0 0 0 0 0 0 0 0 1 0 0 0 0 0 0 0 0 0 0 0 0 0 0 0 0 0 0 0 0 0 0 0 0 0 0 0 0 0 0 0 0 0 0 0 0 0 0 0 0 0 0 0 0 0 0 0 0 0 0 0 0 0 0 0 0 0 0 0 0 0 0 0 0 0 0 0 0 0 0 0 0 0]
[2063168047208494193886073888562668205357761745586395238619765692661709588609675910651877049229366356628928616015156997685321999289978171416280195942559568624134944028438041797571686646215392217010591200708130297392834325650011024149334689732522030616006267681686451299 0 0 0 0 0 0 0 0 0 0 0 0 0 0 0 1 0 0 0 0 0 0 0 0 0 0 0 0 0 0 0 0 0 0 0 0 0 0 0 0 0 0 0 0 0 0 0 0 0 0 0 0 0 0 0 0 0 0 0 0 0 0 0 0 0 0 0 0 0 0 0 0 0 0 0 0 0 0 0 0 0 0 0 0 0 0 0 0]
[3926186509397874600845294616032462215030489608730933154534145230273174227188202127684173399178248719113906378892914709347972338085630324146189988226032451963339723086145908363740077168820024653873618574291105388725123707180079038645072144457665980925328934270421222680 0 0 0 0 0 0 0 0 0 0 0 0 0 0 0 0 1 0 0 0 0 0 0 0 0 0 0 0 0 0 0 0 0 0 0 0 0 0 0 0 0 0 0 0 0 0 0 0 0 0 0 0 0 0 0 0 0 0 0 0 0 0 0 0 0 0 0 0 0 0 0 0 0 0 0 0 0 0 0 0 0 0 0 0 0 0 0 0]
[1155104806716418117261920077819049940060120111849706841394428226451032961396420845476036432430469944541761269573494991723284880989102299848365849920264560574448818225681789266876900601548511048281473221310989017966046616012631463701841392913377859120691434965658879388 0 0 0 0 0 0 0 0 0 0 0 0 0 0 0 0 0 1 0 0 0 0 0 0 0 0 0 0 0 0 0 0 0 0 0 0 0 0 0 0 0 0 0 0 0 0 0 0 0 0 0 0 0 0 0 0 0 0 0 0 0 0 0 0 0 0 0 0 0 0 0 0 0 0 0 0 0 0 0 0 0 0 0 0 0 0 0 0]
[5747188212087292189496868338565447698577676348197734339887712768844606452762163539916521075039085445756461418307371742975189765730395941270423238185853177714070059846999347838777568585532140960883901904171201487327096074087411184362485757591332824593558763832092460159 0 0 0 0 0 0 0 0 0 0 0 0 0 0 0 0 0 0 1 0 0 0 0 0 0 0 0 0 0 0 0 0 0 0 0 0 0 0 0 0 0 0 0 0 0 0 0 0 0 0 0 0 0 0 0 0 0 0 0 0 0 0 0 0 0 0 0 0 0 0 0 0 0 0 0 0 0 0 0 0 0 0 0 0 0 0 0 0]
[4878555538053729568941214466302057086740384564983917045782220891614331955546698283284792535848628347637849115422190591738417547956894714455990598613341887811423387176542891249272051509630676888919882757527402813000879163292427390667574907220849313597651352980860233358 0 0 0 0 0 0 0 0 0 0 0 0 0 0 0 0 0 0 0 1 0 0 0 0 0 0 0 0 0 0 0 0 0 0 0 0 0 0 0 0 0 0 0 0 0 0 0 0 0 0 0 0 0 0 0 0 0 0 0 0 0 0 0 0 0 0 0 0 0 0 0 0 0 0 0 0 0 0 0 0 0 0 0 0 0 0 0 0]
[2161350339882493771102204018350164372771301023587422429826934189146723051914783154919435792222787576283876795389676730424007764390719811380494635261154963793117418274958399846290838069323007280291432028686737858971993058651859698677170883525531929462312611513293502999 0 0 0 0 0 0 0 0 0 0 0 0 0 0 0 0 0 0 0 0 1 0 0 0 0 0 0 0 0 0 0 0 0 0 0 0 0 0 0 0 0 0 0 0 0 0 0 0 0 0 0 0 0 0 0 0 0 0 0 0 0 0 0 0 0 0 0 0 0 0 0 0 0 0 0 0 0 0 0 0 0 0 0 0 0 0 0 0]
[953927152271157913376879767717683111288065700682041477364445978825783231319103056706264567610614069891863525323485618216976865265070838361332331723918915107682658113689066993330973649583328195074047268008279663425462565366108924457617024376670802987252471001537224839 0 0 0 0 0 0 0 0 0 0 0 0 0 0 0 0 0 0 0 0 0 1 0 0 0 0 0 0 0 0 0 0 0 0 0 0 0 0 0 0 0 0 0 0 0 0 0 0 0 0 0 0 0 0 0 0 0 0 0 0 0 0 0 0 0 0 0 0 0 0 0 0 0 0 0 0 0 0 0 0 0 0 0 0 0 0 0 0]
[5206172483899296341907867968583695372930975068161918672154126780838279456155982737138973722286629323036780989072004917730411671834984011748061352929863960266321251548967655480690929236620443484663904767182942048202343158538056891418100604863644401107108985424273755247 0 0 0 0 0 0 0 0 0 0 0 0 0 0 0 0 0 0 0 0 0 0 1 0 0 0 0 0 0 0 0 0 0 0 0 0 0 0 0 0 0 0 0 0 0 0 0 0 0 0 0 0 0 0 0 0 0 0 0 0 0 0 0 0 0 0 0 0 0 0 0 0 0 0 0 0 0 0 0 0 0 0 0 0 0 0 0 0]
[882787082573987372011804186495080353937220055078465041993008621863710893367991495521333157934070081664832383982850370834952692575539804311752157988037935107792129933972703356633154116684611972571549251123356456938250336096241151514291580102403936732757852266832180560 0 0 0 0 0 0 0 0 0 0 0 0 0 0 0 0 0 0 0 0 0 0 0 1 0 0 0 0 0 0 0 0 0 0 0 0 0 0 0 0 0 0 0 0 0 0 0 0 0 0 0 0 0 0 0 0 0 0 0 0 0 0 0 0 0 0 0 0 0 0 0 0 0 0 0 0 0 0 0 0 0 0 0 0 0 0 0 0]
[1685342657210342027681597618294795570756775316465661781098809469563124266859635539876572790444597638417999007564359558806783593732671220052807505790187768511378028077663597283701799163605711426658650174544694680040433028415423579923210990889105233572201185048285214091 0 0 0 0 0 0 0 0 0 0 0 0 0 0 0 0 0 0 0 0 0 0 0 0 1 0 0 0 0 0 0 0 0 0 0 0 0 0 0 0 0 0 0 0 0 0 0 0 0 0 0 0 0 0 0 0 0 0 0 0 0 0 0 0 0 0 0 0 0 0 0 0 0 0 0 0 0 0 0 0 0 0 0 0 0 0 0 0]
[4731174271394189619565112542702324577222136238432690813741560179804324719179602290072186726447084779951960307526340161400743527132699461215456415681279858366893724421179789188503076041856106365321476231049496183153530055682168022849523753086511189647981733761155579033 0 0 0 0 0 0 0 0 0 0 0 0 0 0 0 0 0 0 0 0 0 0 0 0 0 1 0 0 0 0 0 0 0 0 0 0 0 0 0 0 0 0 0 0 0 0 0 0 0 0 0 0 0 0 0 0 0 0 0 0 0 0 0 0 0 0 0 0 0 0 0 0 0 0 0 0 0 0 0 0 0 0 0 0 0 0 0 0]
[1154492015329349214975440572944877968021212186651298741888390085126285573497886505660052058139284056650416772095487398204430015359652296672960638464009927929750684189287445944622767350650701222337848854386422168749711719097765854648635225751412184655422867454400967460 0 0 0 0 0 0 0 0 0 0 0 0 0 0 0 0 0 0 0 0 0 0 0 0 0 0 1 0 0 0 0 0 0 0 0 0 0 0 0 0 0 0 0 0 0 0 0 0 0 0 0 0 0 0 0 0 0 0 0 0 0 0 0 0 0 0 0 0 0 0 0 0 0 0 0 0 0 0 0 0 0 0 0 0 0 0 0 0]
[3613160613134890379960326029468280632907712813943230620063823677097890280671626728008334772682046764952840363225594393040078277272569722108236533847464781638635253690396877643871420228471383548116442456001968757477740433908314252549924702913830217338674415473079570626 0 0 0 0 0 0 0 0 0 0 0 0 0 0 0 0 0 0 0 0 0 0 0 0 0 0 0 1 0 0 0 0 0 0 0 0 0 0 0 0 0 0 0 0 0 0 0 0 0 0 0 0 0 0 0 0 0 0 0 0 0 0 0 0 0 0 0 0 0 0 0 0 0 0 0 0 0 0 0 0 0 0 0 0 0 0 0 0]
[4771067296452568859645977733772825794961603550827146024773418044956777526438045795188514970597179047276929606859746076257559356242589369538993537129586561508985218604408997686748011097949856937765271710281048230741086169526696875521130399486539307275863959939195766860 0 0 0 0 0 0 0 0 0 0 0 0 0 0 0 0 0 0 0 0 0 0 0 0 0 0 0 0 1 0 0 0 0 0 0 0 0 0 0 0 0 0 0 0 0 0 0 0 0 0 0 0 0 0 0 0 0 0 0 0 0 0 0 0 0 0 0 0 0 0 0 0 0 0 0 0 0 0 0 0 0 0 0 0 0 0 0 0]
[4005970377286330183775263938547256196384199308945431059463848505708218058330566961401571180315544166787154221148516649877224806419629803782962046618299956972663962602665371894861186554733866856131852554509938941863632347283029538983599144687170027536147672778403906850 0 0 0 0 0 0 0 0 0 0 0 0 0 0 0 0 0 0 0 0 0 0 0 0 0 0 0 0 0 1 0 0 0 0 0 0 0 0 0 0 0 0 0 0 0 0 0 0 0 0 0 0 0 0 0 0 0 0 0 0 0 0 0 0 0 0 0 0 0 0 0 0 0 0 0 0 0 0 0 0 0 0 0 0 0 0 0 0]
[1664443307103185892315630770135225834789223670372087163758096855228475469014459106221825999767444996056748987402356537891114064542472437478344487069135950052130790322755179508661685916210385205716706724759366640185091580771745310474583816084959865447407284412535187750 0 0 0 0 0 0 0 0 0 0 0 0 0 0 0 0 0 0 0 0 0 0 0 0 0 0 0 0 0 0 1 0 0 0 0 0 0 0 0 0 0 0 0 0 0 0 0 0 0 0 0 0 0 0 0 0 0 0 0 0 0 0 0 0 0 0 0 0 0 0 0 0 0 0 0 0 0 0 0 0 0 0 0 0 0 0 0 0]
[3081800782374311315589746334508214214382983524492618654479373612856777495074706790532431820862809021218819850957221515482218369797694664106790594906190194448234508450533459310428932049263151570842581687630081511343773869878823330127038657101549351711598551689520513526 0 0 0 0 0 0 0 0 0 0 0 0 0 0 0 0 0 0 0 0 0 0 0 0 0 0 0 0 0 0 0 1 0 0 0 0 0 0 0 0 0 0 0 0 0 0 0 0 0 0 0 0 0 0 0 0 0 0 0 0 0 0 0 0 0 0 0 0 0 0 0 0 0 0 0 0 0 0 0 0 0 0 0 0 0 0 0 0]
[902317799268603101070437257334266740885009743156335435959578932443619685124559732257492174287219206315123303708902383459051446270010368056090570920565435267317327265022237766361432684103196762764436592478850364002999056517235546133852544256434116877739962199923333409 0 0 0 0 0 0 0 0 0 0 0 0 0 0 0 0 0 0 0 0 0 0 0 0 0 0 0 0 0 0 0 0 1 0 0 0 0 0 0 0 0 0 0 0 0 0 0 0 0 0 0 0 0 0 0 0 0 0 0 0 0 0 0 0 0 0 0 0 0 0 0 0 0 0 0 0 0 0 0 0 0 0 0 0 0 0 0 0]
[944265442344710028893044729761358131487853059001581272749608482835587582589660639646238843519072199425508467179214347157115979507716074077336655154021904059136947319396961934422406073031013835383717257342509311667833445404680271408299488082079240769768253597267825589 0 0 0 0 0 0 0 0 0 0 0 0 0 0 0 0 0 0 0 0 0 0 0 0 0 0 0 0 0 0 0 0 0 1 0 0 0 0 0 0 0 0 0 0 0 0 0 0 0 0 0 0 0 0 0 0 0 0 0 0 0 0 0 0 0 0 0 0 0 0 0 0 0 0 0 0 0 0 0 0 0 0 0 0 0 0 0 0]
[4101952622403004956468857803100188103695294717433436029498277740158594882310942913239835705751795483822377806245566928280490858850113619264314549799979026954086584896812573976226165417693851115309698099951699835249679010381725912554231830218038228164008308847377734657 0 0 0 0 0 0 0 0 0 0 0 0 0 0 0 0 0 0 0 0 0 0 0 0 0 0 0 0 0 0 0 0 0 0 1 0 0 0 0 0 0 0 0 0 0 0 0 0 0 0 0 0 0 0 0 0 0 0 0 0 0 0 0 0 0 0 0 0 0 0 0 0 0 0 0 0 0 0 0 0 0 0 0 0 0 0 0 0]
[2029070432472265768049573078293173660296896620796930523484470224196614133486367103672809585507269398508363389705987004190832185277135484711099316260839255562066871787465654432001775484757866218478513781035357311844051584593098663375470505452577152975833380693672873462 0 0 0 0 0 0 0 0 0 0 0 0 0 0 0 0 0 0 0 0 0 0 0 0 0 0 0 0 0 0 0 0 0 0 0 1 0 0 0 0 0 0 0 0 0 0 0 0 0 0 0 0 0 0 0 0 0 0 0 0 0 0 0 0 0 0 0 0 0 0 0 0 0 0 0 0 0 0 0 0 0 0 0 0 0 0 0 0]
[5935837243784585228998141162673461239500278113815164671236164641947867697423008565287198587454457139360701901557023012190899949239233767022616452687770806909764632196105206422630834003486570669635988310939337382250792406766960574458177542377455374603682400340051225395 0 0 0 0 0 0 0 0 0 0 0 0 0 0 0 0 0 0 0 0 0 0 0 0 0 0 0 0 0 0 0 0 0 0 0 0 1 0 0 0 0 0 0 0 0 0 0 0 0 0 0 0 0 0 0 0 0 0 0 0 0 0 0 0 0 0 0 0 0 0 0 0 0 0 0 0 0 0 0 0 0 0 0 0 0 0 0 0]
[1868915391650009842424729887042457677902172028054206414217415300174751639510586009769160943594492669606450451927080261249582422368292741993740220283023111850886528677802378826985534942797243333824713372570617242341262984691601583582206047599554111121289227763015035278 0 0 0 0 0 0 0 0 0 0 0 0 0 0 0 0 0 0 0 0 0 0 0 0 0 0 0 0 0 0 0 0 0 0 0 0 0 1 0 0 0 0 0 0 0 0 0 0 0 0 0 0 0 0 0 0 0 0 0 0 0 0 0 0 0 0 0 0 0 0 0 0 0 0 0 0 0 0 0 0 0 0 0 0 0 0 0 0]
[3079173643076658054708715174999486404007867628755588358633277974866581393792935784906311275102060823536069245541380010808685368781473372957371972425911460677096072359475962338759681468223610450618210094077570334435023693865547746411907389425910328598732270655667345213 0 0 0 0 0 0 0 0 0 0 0 0 0 0 0 0 0 0 0 0 0 0 0 0 0 0 0 0 0 0 0 0 0 0 0 0 0 0 1 0 0 0 0 0 0 0 0 0 0 0 0 0 0 0 0 0 0 0 0 0 0 0 0 0 0 0 0 0 0 0 0 0 0 0 0 0 0 0 0 0 0 0 0 0 0 0 0 0]
[174019186753682932130969400412902691648247198012468325999290142791430524555518244751217294982154525787777873981379018728130347673958666666028049438133672921920481348210282855334946411092174915078960253250232723827271135784935625710196625582085764607682307801646417174 0 0 0 0 0 0 0 0 0 0 0 0 0 0 0 0 0 0 0 0 0 0 0 0 0 0 0 0 0 0 0 0 0 0 0 0 0 0 0 1 0 0 0 0 0 0 0 0 0 0 0 0 0 0 0 0 0 0 0 0 0 0 0 0 0 0 0 0 0 0 0 0 0 0 0 0 0 0 0 0 0 0 0 0 0 0 0 0]
[3119516654211918306621298113080490378024811558543177144901973274017944646131889956964528388305608237554109560266547505722409115452104749282146427235535097174926250506460419647020011834948568760090064011251444467595526891065731925606112076509159029821639704967246303675 0 0 0 0 0 0 0 0 0 0 0 0 0 0 0 0 0 0 0 0 0 0 0 0 0 0 0 0 0 0 0 0 0 0 0 0 0 0 0 0 1 0 0 0 0 0 0 0 0 0 0 0 0 0 0 0 0 0 0 0 0 0 0 0 0 0 0 0 0 0 0 0 0 0 0 0 0 0 0 0 0 0 0 0 0 0 0 0]
[4045263451139971137841648914039994624540412695787441561884198206457599354716772358572263913937561015483525049087661399458822643640843972151105722347856096458284570892542186173559038868542759665840232871093086069971409252027791086604104225742290803549853022192731840553 0 0 0 0 0 0 0 0 0 0 0 0 0 0 0 0 0 0 0 0 0 0 0 0 0 0 0 0 0 0 0 0 0 0 0 0 0 0 0 0 0 1 0 0 0 0 0 0 0 0 0 0 0 0 0 0 0 0 0 0 0 0 0 0 0 0 0 0 0 0 0 0 0 0 0 0 0 0 0 0 0 0 0 0 0 0 0 0]
[3324473842148988486217978948920786107132413391959435267968643273833601596856019500324088776916343897089403414395031507351245724812241602991488135457869020005622669683526472204355418487631040920430823306599951660959687905642803048008326796790240796832201810987611601864 0 0 0 0 0 0 0 0 0 0 0 0 0 0 0 0 0 0 0 0 0 0 0 0 0 0 0 0 0 0 0 0 0 0 0 0 0 0 0 0 0 0 1 0 0 0 0 0 0 0 0 0 0 0 0 0 0 0 0 0 0 0 0 0 0 0 0 0 0 0 0 0 0 0 0 0 0 0 0 0 0 0 0 0 0 0 0 0]
[3731235516172073907689972597405887392554043401205224051051966955551509381952727727816146684370823836946060015090940162272602808460008816932619181805190679321993761005970397137023569279486716027026646752903435298695081540789257539855813261220954840504871412162454226849 0 0 0 0 0 0 0 0 0 0 0 0 0 0 0 0 0 0 0 0 0 0 0 0 0 0 0 0 0 0 0 0 0 0 0 0 0 0 0 0 0 0 0 1 0 0 0 0 0 0 0 0 0 0 0 0 0 0 0 0 0 0 0 0 0 0 0 0 0 0 0 0 0 0 0 0 0 0 0 0 0 0 0 0 0 0 0 0]
[415630451585127357383068491975255962181290629601222622484949484661604961014760726572170666783942826727479505995057623098315904393609295275380869174443478575939430578777690492699468024565914631698735711522365408078622552110843217729651537743784001492217431363620372433 0 0 0 0 0 0 0 0 0 0 0 0 0 0 0 0 0 0 0 0 0 0 0 0 0 0 0 0 0 0 0 0 0 0 0 0 0 0 0 0 0 0 0 0 1 0 0 0 0 0 0 0 0 0 0 0 0 0 0 0 0 0 0 0 0 0 0 0 0 0 0 0 0 0 0 0 0 0 0 0 0 0 0 0 0 0 0 0]
[1374171028471078279042782097090392337180572383971137464649601258351838050321592282940243781866720676598362411629394769112748232582392483011747858222737814797441355937447087693617576890699845320289897733782189007540661159203972679718488412693577790084396391078337829333 0 0 0 0 0 0 0 0 0 0 0 0 0 0 0 0 0 0 0 0 0 0 0 0 0 0 0 0 0 0 0 0 0 0 0 0 0 0 0 0 0 0 0 0 0 1 0 0 0 0 0 0 0 0 0 0 0 0 0 0 0 0 0 0 0 0 0 0 0 0 0 0 0 0 0 0 0 0 0 0 0 0 0 0 0 0 0 0]
[4073076925913273493960024695575711925561636056022348197414206877303462479009273142894853744991073735935910173255992806576017164657056684499949231068015521859820103335181675535984858132035324503362080721685520418479366546506387935636586749280066637753092302164231305336 0 0 0 0 0 0 0 0 0 0 0 0 0 0 0 0 0 0 0 0 0 0 0 0 0 0 0 0 0 0 0 0 0 0 0 0 0 0 0 0 0 0 0 0 0 0 1 0 0 0 0 0 0 0 0 0 0 0 0 0 0 0 0 0 0 0 0 0 0 0 0 0 0 0 0 0 0 0 0 0 0 0 0 0 0 0 0 0]
[3238967525373120270234027758029331925767164035477393669412139648916000760353664321254222259807699419187044051255555302706634577018580985670827351942426843753155697778179819134628041992867357363014635111767730303885792139887785033186226124174049469570413924043700678529 0 0 0 0 0 0 0 0 0 0 0 0 0 0 0 0 0 0 0 0 0 0 0 0 0 0 0 0 0 0 0 0 0 0 0 0 0 0 0 0 0 0 0 0 0 0 0 1 0 0 0 0 0 0 0 0 0 0 0 0 0 0 0 0 0 0 0 0 0 0 0 0 0 0 0 0 0 0 0 0 0 0 0 0 0 0 0 0]
[4465273447309591408046197575644622944378649936287264201647457731294735904588483742304397367240460183086621871074352687031030306352655440271740613455272927193393332259563317882334596417457082122709330517191232463058258639864596485145288712588277074115667689573458024972 0 0 0 0 0 0 0 0 0 0 0 0 0 0 0 0 0 0 0 0 0 0 0 0 0 0 0 0 0 0 0 0 0 0 0 0 0 0 0 0 0 0 0 0 0 0 0 0 1 0 0 0 0 0 0 0 0 0 0 0 0 0 0 0 0 0 0 0 0 0 0 0 0 0 0 0 0 0 0 0 0 0 0 0 0 0 0 0]
[3544652215575394873911195551513536702704845120126196874944430440867228140225805246136105123242741716161652242462296339814943033504337976258982915699640457035907973268263606133078306066142253610202314010482029752666457968710126604549046746257573196161629450567548181449 0 0 0 0 0 0 0 0 0 0 0 0 0 0 0 0 0 0 0 0 0 0 0 0 0 0 0 0 0 0 0 0 0 0 0 0 0 0 0 0 0 0 0 0 0 0 0 0 0 1 0 0 0 0 0 0 0 0 0 0 0 0 0 0 0 0 0 0 0 0 0 0 0 0 0 0 0 0 0 0 0 0 0 0 0 0 0 0]
[5214924208221575147676487023291349860256671508823974524714669693468889761429983659964179949161615051934717352360248720430833039873750250375075889911013890679680706425944609972432835103341588985255698507906697847368909700298283050993841528042214891964016667903517836991 0 0 0 0 0 0 0 0 0 0 0 0 0 0 0 0 0 0 0 0 0 0 0 0 0 0 0 0 0 0 0 0 0 0 0 0 0 0 0 0 0 0 0 0 0 0 0 0 0 0 1 0 0 0 0 0 0 0 0 0 0 0 0 0 0 0 0 0 0 0 0 0 0 0 0 0 0 0 0 0 0 0 0 0 0 0 0 0]
[1464693557641191795292643856071202775934455762273406616788401164463101104017822889691080249327324055851982840597217888512084219288531806667203359539896615129372501888660196578315359528911405042261906517275692969635501168851753758133387684771365706449339661547564536027 0 0 0 0 0 0 0 0 0 0 0 0 0 0 0 0 0 0 0 0 0 0 0 0 0 0 0 0 0 0 0 0 0 0 0 0 0 0 0 0 0 0 0 0 0 0 0 0 0 0 0 1 0 0 0 0 0 0 0 0 0 0 0 0 0 0 0 0 0 0 0 0 0 0 0 0 0 0 0 0 0 0 0 0 0 0 0 0]
[1576910599156269754659853087799268784488469010775024545261615255831683275878424768859001371773567046360300580693410975605850142875064592616775418001887179812574339187691131494964081108928593982137426084321750567042580118061518235561402786344803142357945905631253819347 0 0 0 0 0 0 0 0 0 0 0 0 0 0 0 0 0 0 0 0 0 0 0 0 0 0 0 0 0 0 0 0 0 0 0 0 0 0 0 0 0 0 0 0 0 0 0 0 0 0 0 0 1 0 0 0 0 0 0 0 0 0 0 0 0 0 0 0 0 0 0 0 0 0 0 0 0 0 0 0 0 0 0 0 0 0 0 0]
[3587868280301350161818627778511337250520295537785261833656466028104615146656976466489256128768725265507417792877299037215876848989151425829876403210931108961463369676873967378745249541872765572116690842184736417782698441045418005919156056380324256611807923935577651228 0 0 0 0 0 0 0 0 0 0 0 0 0 0 0 0 0 0 0 0 0 0 0 0 0 0 0 0 0 0 0 0 0 0 0 0 0 0 0 0 0 0 0 0 0 0 0 0 0 0 0 0 0 1 0 0 0 0 0 0 0 0 0 0 0 0 0 0 0 0 0 0 0 0 0 0 0 0 0 0 0 0 0 0 0 0 0 0]
[3087526493267427336474328738980094829310730578245582927517891898958386567475259879400267241868582160613311432987780520483737206410659100129714695009467588312030964321279078993093509365732052822882316518069499933045493776363267003036802774311747523348782002232873062658 0 0 0 0 0 0 0 0 0 0 0 0 0 0 0 0 0 0 0 0 0 0 0 0 0 0 0 0 0 0 0 0 0 0 0 0 0 0 0 0 0 0 0 0 0 0 0 0 0 0 0 0 0 0 1 0 0 0 0 0 0 0 0 0 0 0 0 0 0 0 0 0 0 0 0 0 0 0 0 0 0 0 0 0 0 0 0 0]
[2663250434609377435808750294318762050466003543465636294118505594085947954706174071560979734472332843649605983333603062220977019088784473643265939889579657540119459609662550607004928310693235563575868628548889027546065862587833850271871473256104691765840174466263994892 0 0 0 0 0 0 0 0 0 0 0 0 0 0 0 0 0 0 0 0 0 0 0 0 0 0 0 0 0 0 0 0 0 0 0 0 0 0 0 0 0 0 0 0 0 0 0 0 0 0 0 0 0 0 0 1 0 0 0 0 0 0 0 0 0 0 0 0 0 0 0 0 0 0 0 0 0 0 0 0 0 0 0 0 0 0 0 0]
[543835401190097905095482311480244696585486174681008840970584150677065054162179813217066123204303578426350735022535463380591273565101015883924725180048441908256421874393554375790680912001900248764024157297158172808469673315654730133769233802776647744475346819904982833 0 0 0 0 0 0 0 0 0 0 0 0 0 0 0 0 0 0 0 0 0 0 0 0 0 0 0 0 0 0 0 0 0 0 0 0 0 0 0 0 0 0 0 0 0 0 0 0 0 0 0 0 0 0 0 0 1 0 0 0 0 0 0 0 0 0 0 0 0 0 0 0 0 0 0 0 0 0 0 0 0 0 0 0 0 0 0 0]
[179039675927173228502810170215612312440918362095383484304086615875203170963037836394725129613529882282744892571586078474647909533536276363553479786054913013264586926164614913972219566824404250804154255274869679108941034658953216769272248407538432044273648036909216924 0 0 0 0 0 0 0 0 0 0 0 0 0 0 0 0 0 0 0 0 0 0 0 0 0 0 0 0 0 0 0 0 0 0 0 0 0 0 0 0 0 0 0 0 0 0 0 0 0 0 0 0 0 0 0 0 0 1 0 0 0 0 0 0 0 0 0 0 0 0 0 0 0 0 0 0 0 0 0 0 0 0 0 0 0 0 0 0]
[3176916948654945556993388518025310021360224106930200839297742380417884626470248885941465855944557913171874190633092676153228066071020202927900362997114411401983233170211568527937741930865761320212393200949768142787167320194422744409785740145452390068414928132215069202 0 0 0 0 0 0 0 0 0 0 0 0 0 0 0 0 0 0 0 0 0 0 0 0 0 0 0 0 0 0 0 0 0 0 0 0 0 0 0 0 0 0 0 0 0 0 0 0 0 0 0 0 0 0 0 0 0 0 1 0 0 0 0 0 0 0 0 0 0 0 0 0 0 0 0 0 0 0 0 0 0 0 0 0 0 0 0 0]
[2042024080481336661945571606876640650392446062590116556774507942693382311760125386446394054837660735683154165100737478128177823448362280281885784347502268451882143812711701915418744405410369703400093509555414801381523013944573053496735359571414462352645122200649957956 0 0 0 0 0 0 0 0 0 0 0 0 0 0 0 0 0 0 0 0 0 0 0 0 0 0 0 0 0 0 0 0 0 0 0 0 0 0 0 0 0 0 0 0 0 0 0 0 0 0 0 0 0 0 0 0 0 0 0 1 0 0 0 0 0 0 0 0 0 0 0 0 0 0 0 0 0 0 0 0 0 0 0 0 0 0 0 0]
[2750384780414855105739114815146292672774490442537196331408038719026057594194189235030920013129023561397413700613940105856654162688355249780141688008920301812895306474379199732816593536959346907566951489598634240516405886771771782142510662394581061307016325232289488287 0 0 0 0 0 0 0 0 0 0 0 0 0 0 0 0 0 0 0 0 0 0 0 0 0 0 0 0 0 0 0 0 0 0 0 0 0 0 0 0 0 0 0 0 0 0 0 0 0 0 0 0 0 0 0 0 0 0 0 0 1 0 0 0 0 0 0 0 0 0 0 0 0 0 0 0 0 0 0 0 0 0 0 0 0 0 0 0]
[3961702117232276848244045719613846458211451617568683447304686057515797337106483839961432424182723626300380155635350852769560359279283655484154368633943205130163350577461918126259644191637280763435589090872752842243169281356955694861765111903421948370550783539556315013 0 0 0 0 0 0 0 0 0 0 0 0 0 0 0 0 0 0 0 0 0 0 0 0 0 0 0 0 0 0 0 0 0 0 0 0 0 0 0 0 0 0 0 0 0 0 0 0 0 0 0 0 0 0 0 0 0 0 0 0 0 1 0 0 0 0 0 0 0 0 0 0 0 0 0 0 0 0 0 0 0 0 0 0 0 0 0 0]
[675495575935705558799231458499613666611585191868382853589288302625891670630103410715333777214984776115116984428812980222803053882883165840324850603350068371681157930045061078907899722793181742115006827285190161746391827504976631784418022780140446613736737485844189843 0 0 0 0 0 0 0 0 0 0 0 0 0 0 0 0 0 0 0 0 0 0 0 0 0 0 0 0 0 0 0 0 0 0 0 0 0 0 0 0 0 0 0 0 0 0 0 0 0 0 0 0 0 0 0 0 0 0 0 0 0 0 1 0 0 0 0 0 0 0 0 0 0 0 0 0 0 0 0 0 0 0 0 0 0 0 0 0]
[3683885032789490314582536773321532669529090724745147182740188862241226644567050548791226621950286034203818143352158410967850337432406558460190073368890823001038017725117766665012436177441232434822904509522178316601698950463869224843802702420610485693887468618563501883 0 0 0 0 0 0 0 0 0 0 0 0 0 0 0 0 0 0 0 0 0 0 0 0 0 0 0 0 0 0 0 0 0 0 0 0 0 0 0 0 0 0 0 0 0 0 0 0 0 0 0 0 0 0 0 0 0 0 0 0 0 0 0 1 0 0 0 0 0 0 0 0 0 0 0 0 0 0 0 0 0 0 0 0 0 0 0 0]
[1789079884843280998867995385547129926070032657286309773408164324053506804465710545072008177914418189786204971560910308586139689930745944941798336120571846718158115090092024485988648749542665517606693038489121301454195210549868961676446450995908774975931559002369030712 0 0 0 0 0 0 0 0 0 0 0 0 0 0 0 0 0 0 0 0 0 0 0 0 0 0 0 0 0 0 0 0 0 0 0 0 0 0 0 0 0 0 0 0 0 0 0 0 0 0 0 0 0 0 0 0 0 0 0 0 0 0 0 0 1 0 0 0 0 0 0 0 0 0 0 0 0 0 0 0 0 0 0 0 0 0 0 0]
[2619329754267222522435965046556752472117621589958402362344903189483397807541620288569934847253150399811709394845616928583913862354124238698333017478529380842082306566754705122185055658343031888502845242960863518489962704426201728802270123012802804196297265716330556256 0 0 0 0 0 0 0 0 0 0 0 0 0 0 0 0 0 0 0 0 0 0 0 0 0 0 0 0 0 0 0 0 0 0 0 0 0 0 0 0 0 0 0 0 0 0 0 0 0 0 0 0 0 0 0 0 0 0 0 0 0 0 0 0 0 1 0 0 0 0 0 0 0 0 0 0 0 0 0 0 0 0 0 0 0 0 0 0]
[3662670262271218016973573236510569007524312331361414073414213667312964921672010275741149652475727901122537616993064649336886901915066687773003559025532174948367595673807248228427840985905919262708528594254020729529878904944379161104154722272560872509972613246523278322 0 0 0 0 0 0 0 0 0 0 0 0 0 0 0 0 0 0 0 0 0 0 0 0 0 0 0 0 0 0 0 0 0 0 0 0 0 0 0 0 0 0 0 0 0 0 0 0 0 0 0 0 0 0 0 0 0 0 0 0 0 0 0 0 0 0 1 0 0 0 0 0 0 0 0 0 0 0 0 0 0 0 0 0 0 0 0 0]
[550683534554329717655304405303251463443725765376605386199549774520799575369262061765332111412414743590232384402999004878430287831592519202545156243194728479441595298269431067585353699581003758842771556613748555743046503394696203088857766424373486618742571601265970883 0 0 0 0 0 0 0 0 0 0 0 0 0 0 0 0 0 0 0 0 0 0 0 0 0 0 0 0 0 0 0 0 0 0 0 0 0 0 0 0 0 0 0 0 0 0 0 0 0 0 0 0 0 0 0 0 0 0 0 0 0 0 0 0 0 0 0 1 0 0 0 0 0 0 0 0 0 0 0 0 0 0 0 0 0 0 0 0]
[2960388932091675644932826455730087449274577532295494331210297539828147918862133847312375596327430020919397924876108208466672984476832045008789654919210144115839258867050252188654169481112227598941264482250771511268634565309628412560332115024514546519546767889773184161 0 0 0 0 0 0 0 0 0 0 0 0 0 0 0 0 0 0 0 0 0 0 0 0 0 0 0 0 0 0 0 0 0 0 0 0 0 0 0 0 0 0 0 0 0 0 0 0 0 0 0 0 0 0 0 0 0 0 0 0 0 0 0 0 0 0 0 0 1 0 0 0 0 0 0 0 0 0 0 0 0 0 0 0 0 0 0 0]
[1213446291088720759406693132902360127401072100956509270054771878010217465246147283777087133162714749590403240775173816627665569945871450523591142350027463983758243817126535254848955531528745710664764215156561658228188253201796604188689300554734707010196214975392978555 0 0 0 0 0 0 0 0 0 0 0 0 0 0 0 0 0 0 0 0 0 0 0 0 0 0 0 0 0 0 0 0 0 0 0 0 0 0 0 0 0 0 0 0 0 0 0 0 0 0 0 0 0 0 0 0 0 0 0 0 0 0 0 0 0 0 0 0 0 1 0 0 0 0 0 0 0 0 0 0 0 0 0 0 0 0 0 0]
[4065622927592410883541806584743508643338647649386852716358583029217369356419357755339642085436507104876563745550455147098317623841997046973830951892112708261481389147083349827557530114730760738269278008954240465877202882319823144627428700577746368225753015640566068460 0 0 0 0 0 0 0 0 0 0 0 0 0 0 0 0 0 0 0 0 0 0 0 0 0 0 0 0 0 0 0 0 0 0 0 0 0 0 0 0 0 0 0 0 0 0 0 0 0 0 0 0 0 0 0 0 0 0 0 0 0 0 0 0 0 0 0 0 0 0 1 0 0 0 0 0 0 0 0 0 0 0 0 0 0 0 0 0]
[4632941047179880063571088550690074779751947550150415687912397001529905706968422626288732489150975898412156085075194685513508474892290573644846500606518468644986457023047280349866053146247958789235316541115232295468936251953670707289943540024690983605117778809114149029 0 0 0 0 0 0 0 0 0 0 0 0 0 0 0 0 0 0 0 0 0 0 0 0 0 0 0 0 0 0 0 0 0 0 0 0 0 0 0 0 0 0 0 0 0 0 0 0 0 0 0 0 0 0 0 0 0 0 0 0 0 0 0 0 0 0 0 0 0 0 0 1 0 0 0 0 0 0 0 0 0 0 0 0 0 0 0 0]
[787798657600232912068706058314977136893512697332185123181880661213482292181134887872479245272975925801573513852848233573823938037293454860605303773798305004595294747508571971299630007494461563555038860862790083118220623650254622073877133251776384988663149618266035413 0 0 0 0 0 0 0 0 0 0 0 0 0 0 0 0 0 0 0 0 0 0 0 0 0 0 0 0 0 0 0 0 0 0 0 0 0 0 0 0 0 0 0 0 0 0 0 0 0 0 0 0 0 0 0 0 0 0 0 0 0 0 0 0 0 0 0 0 0 0 0 0 1 0 0 0 0 0 0 0 0 0 0 0 0 0 0 0]
[2068563779619035208159589575526482388396113390747101567431460991143038825652271332361813409947400128556062849155786775602836223206869391649007409681672800965617466085757543646236184748380735230491669054073262597056320595904758016452287415332371465473455652059144502181 0 0 0 0 0 0 0 0 0 0 0 0 0 0 0 0 0 0 0 0 0 0 0 0 0 0 0 0 0 0 0 0 0 0 0 0 0 0 0 0 0 0 0 0 0 0 0 0 0 0 0 0 0 0 0 0 0 0 0 0 0 0 0 0 0 0 0 0 0 0 0 0 0 1 0 0 0 0 0 0 0 0 0 0 0 0 0 0]
[4132492178754609250874339834269984649099623677873372418778915821542619389070032572906403639751230912037780846820450141385477687815742132901694423539853333960233694925104480445341488104106963991792937411982889372496896852578820989514594356913623540601227668765271614703 0 0 0 0 0 0 0 0 0 0 0 0 0 0 0 0 0 0 0 0 0 0 0 0 0 0 0 0 0 0 0 0 0 0 0 0 0 0 0 0 0 0 0 0 0 0 0 0 0 0 0 0 0 0 0 0 0 0 0 0 0 0 0 0 0 0 0 0 0 0 0 0 0 0 1 0 0 0 0 0 0 0 0 0 0 0 0 0]
[5533675324398638496817112291240808569648703314108506036744640856994031839781623211982939769724511637299303567600102550854187486673018297006597624077266579234256902008449504183846734902635855086666259454013663359461691756986016070521087267266993319343508862884424317932 0 0 0 0 0 0 0 0 0 0 0 0 0 0 0 0 0 0 0 0 0 0 0 0 0 0 0 0 0 0 0 0 0 0 0 0 0 0 0 0 0 0 0 0 0 0 0 0 0 0 0 0 0 0 0 0 0 0 0 0 0 0 0 0 0 0 0 0 0 0 0 0 0 0 0 1 0 0 0 0 0 0 0 0 0 0 0 0]
[5314758550525559335211586030148231417002720520703916982202902564312735910844656079003005294311488434069980989701549513232842319742770521374014483233456200521314409514253759022338487527224603100297454562730326997047517474273515537566169432846201681010523951311490150587 0 0 0 0 0 0 0 0 0 0 0 0 0 0 0 0 0 0 0 0 0 0 0 0 0 0 0 0 0 0 0 0 0 0 0 0 0 0 0 0 0 0 0 0 0 0 0 0 0 0 0 0 0 0 0 0 0 0 0 0 0 0 0 0 0 0 0 0 0 0 0 0 0 0 0 0 1 0 0 0 0 0 0 0 0 0 0 0]
[4133144685300652024899141897371357977243674793825088195994802717342378068800674512070693904515045941921535494557473928285660687745473249898124049750449472460186979145527057706342008364399332717631556155035597230688175425751827891285559176808673829860544307010019125199 0 0 0 0 0 0 0 0 0 0 0 0 0 0 0 0 0 0 0 0 0 0 0 0 0 0 0 0 0 0 0 0 0 0 0 0 0 0 0 0 0 0 0 0 0 0 0 0 0 0 0 0 0 0 0 0 0 0 0 0 0 0 0 0 0 0 0 0 0 0 0 0 0 0 0 0 0 1 0 0 0 0 0 0 0 0 0 0]
[4214954720349675175668665917419470378645809046087217320184585473663713506229386420391288801668580970270466619303341730076223364729478150245852340642533403836423408125309529162892885529185055338851460009208689693291969933409347757015517782290718161082700645943805374081 0 0 0 0 0 0 0 0 0 0 0 0 0 0 0 0 0 0 0 0 0 0 0 0 0 0 0 0 0 0 0 0 0 0 0 0 0 0 0 0 0 0 0 0 0 0 0 0 0 0 0 0 0 0 0 0 0 0 0 0 0 0 0 0 0 0 0 0 0 0 0 0 0 0 0 0 0 0 1 0 0 0 0 0 0 0 0 0]
[5299989307566189321126690311353113460195958784950381442957520328026557268588508032556626854028794591519496814667084504468605678190614180496426742713750025982625179557842085335644019625281335582013252883924705936693447782268900328926451220670136947483134471445852629141 0 0 0 0 0 0 0 0 0 0 0 0 0 0 0 0 0 0 0 0 0 0 0 0 0 0 0 0 0 0 0 0 0 0 0 0 0 0 0 0 0 0 0 0 0 0 0 0 0 0 0 0 0 0 0 0 0 0 0 0 0 0 0 0 0 0 0 0 0 0 0 0 0 0 0 0 0 0 0 1 0 0 0 0 0 0 0 0]
[3509472480315910452028883035974492818604406860348861919266274075386559802689998763531587680140645571949529635751345861674461916289638438689094007055465522566792194772916155225266444759004685592534589643654513579046094485214415261450214541897024425797984102139046106070 0 0 0 0 0 0 0 0 0 0 0 0 0 0 0 0 0 0 0 0 0 0 0 0 0 0 0 0 0 0 0 0 0 0 0 0 0 0 0 0 0 0 0 0 0 0 0 0 0 0 0 0 0 0 0 0 0 0 0 0 0 0 0 0 0 0 0 0 0 0 0 0 0 0 0 0 0 0 0 0 1 0 0 0 0 0 0 0]
[154984212275688020919190373223545557963667170964244811408785257366133906442962532233254850276527564400947108041150284878202948479865026804913726018585421632639540554239669541133410061590900291404872731219856214005676162698917427123395693984973523652721160639033650216 0 0 0 0 0 0 0 0 0 0 0 0 0 0 0 0 0 0 0 0 0 0 0 0 0 0 0 0 0 0 0 0 0 0 0 0 0 0 0 0 0 0 0 0 0 0 0 0 0 0 0 0 0 0 0 0 0 0 0 0 0 0 0 0 0 0 0 0 0 0 0 0 0 0 0 0 0 0 0 0 0 1 0 0 0 0 0 0]
[4855624233500857135302660561592784016341411450123090562273896323878161687642715940122374288826581953688712320174016203185310861476037424452976907011418905862033548440521423767498207395610799748678039214432426578962874443269893103669520587234515554797102902026716015009 0 0 0 0 0 0 0 0 0 0 0 0 0 0 0 0 0 0 0 0 0 0 0 0 0 0 0 0 0 0 0 0 0 0 0 0 0 0 0 0 0 0 0 0 0 0 0 0 0 0 0 0 0 0 0 0 0 0 0 0 0 0 0 0 0 0 0 0 0 0 0 0 0 0 0 0 0 0 0 0 0 0 1 0 0 0 0 0]
[4650615323863392239525641420415970990904299473826271578071185196717678216610947701550595026238535956683068123450705959813859685197076652108706682561270668758962077943129182592192097266296424264255609085272728061694567261448301895578013223020057004712114637029216230626 0 0 0 0 0 0 0 0 0 0 0 0 0 0 0 0 0 0 0 0 0 0 0 0 0 0 0 0 0 0 0 0 0 0 0 0 0 0 0 0 0 0 0 0 0 0 0 0 0 0 0 0 0 0 0 0 0 0 0 0 0 0 0 0 0 0 0 0 0 0 0 0 0 0 0 0 0 0 0 0 0 0 0 1 0 0 0 0]
[307150302352967341138190426731750713198498781087931819599387378906678687033803103819590906984910089576358194815209551851632316655719242558977081031474328462029464511068359115614567495729282998467041970243520550232650933059381220968434961447423681993523186159139795474 0 0 0 0 0 0 0 0 0 0 0 0 0 0 0 0 0 0 0 0 0 0 0 0 0 0 0 0 0 0 0 0 0 0 0 0 0 0 0 0 0 0 0 0 0 0 0 0 0 0 0 0 0 0 0 0 0 0 0 0 0 0 0 0 0 0 0 0 0 0 0 0 0 0 0 0 0 0 0 0 0 0 0 0 1 0 0 0]
[5092145639852483012438724304821720692835854905950830457137212838500845234743008270760690767436186644602186120176180964240070320664635372495975978449861155207697836787912818761260137379058565953901911600956909274699457078805314606294360528077601988681836938040435272665 0 0 0 0 0 0 0 0 0 0 0 0 0 0 0 0 0 0 0 0 0 0 0 0 0 0 0 0 0 0 0 0 0 0 0 0 0 0 0 0 0 0 0 0 0 0 0 0 0 0 0 0 0 0 0 0 0 0 0 0 0 0 0 0 0 0 0 0 0 0 0 0 0 0 0 0 0 0 0 0 0 0 0 0 0 1 0 0]
[5428891913742569511780821288620934959522619198328011578697869423532902190419542670032431654433490509078787260763919432655549928729914222921068281727314061891090896360125787714672816465318284323692652721573315509549189252449368646840309839490363232963605424868603548602 0 0 0 0 0 0 0 0 0 0 0 0 0 0 0 0 0 0 0 0 0 0 0 0 0 0 0 0 0 0 0 0 0 0 0 0 0 0 0 0 0 0 0 0 0 0 0 0 0 0 0 0 0 0 0 0 0 0 0 0 0 0 0 0 0 0 0 0 0 0 0 0 0 0 0 0 0 0 0 0 0 0 0 0 0 0 1 0]
[1368828899389536206186323603318753067415526004995219786575694713568233657076925132610050740543949029271749892877538065817125992532603990511798689426608306619950835407206375344946445272651010889868444578179940620843184245536267086897011121832175372483965113319836103573 0 0 0 0 0 0 0 0 0 0 0 0 0 0 0 0 0 0 0 0 0 0 0 0 0 0 0 0 0 0 0 0 0 0 0 0 0 0 0 0 0 0 0 0 0 0 0 0 0 0 0 0 0 0 0 0 0 0 0 0 0 0 0 0 0 0 0 0 0 0 0 0 0 0 0 0 0 0 0 0 0 0 0 0 0 0 0 1]
]
