[[965048442467117532706480764921396084947585132333 0 0 0 0 0 0 0 0 0 0 0 0 0 0 0]
[261174137808710148393965287749295168681694928287 1 0 0 0 0 0 0 0 0 0 0 0 0 0 0]
[717803358945179404070252579444479853654183890937 0 1 0 0 0 0 0 0 0 0 0 0 0 0 0]
[300060504113557978482203341148570515697572109482 0 0 1 0 0 0 0 0 0 0 0 0 0 0 0]
[208241686854088734376938078095790187812359281597 0 0 0 1 0 0 0 0 0 0 0 0 0 0 0]
[91025590186299398827257928807360885054305644867 0 0 0 0 1 0 0 0 0 0 0 0 0 0 0]
[788083183310994591626520161437457941718250731592 0 0 0 0 0 1 0 0 0 0 0 0 0 0 0]
[447038936449394340152929732165310665760544739196 0 0 0 0 0 0 1 0 0 0 0 0 0 0 0]
[899452136277866640112274689798544132334217645446 0 0 0 0 0 0 0 1 0 0 0 0 0 0 0]
[150071954546376049118297359915385061598161810096 0 0 0 0 0 0 0 0 1 0 0 0 0 0 0]
[376693274911509384128020780182166017856745253822 0 0 0 0 0 0 0 0 0 1 0 0 0 0 0]
[262201111801283964397771475106013337279442785038 0 0 0 0 0 0 0 0 0 0 1 0 0 0 0]
[325168479038639804536267158843214945314454423612 0 0 0 0 0 0 0 0 0 0 0 1 0 0 0]
[142635478765775226620566621005120981516253319256 0 0 0 0 0 0 0 0 0 0 0 0 1 0 0]
[881629027435786022705285852358060660662117676296 0 0 0 0 0 0 0 0 0 0 0 0 0 1 0]
[836546060363196857144619357364760721229803941339 0 0 0 0 0 0 0 0 0 0 0 0 0 0 1]
]
