[[1062769708358812387258157354559888716175179404037 0 0 0 0 0 0 0 0 0 0 0 0 0 0 0]
[77581780413844005401603400709539131416200175810 1 0 0 0 0 0 0 0 0 0 0 0 0 0 0]
[545252786170428083359783425851525826423277814719 0 1 0 0 0 0 0 0 0 0 0 0 0 0 0]
[799050617252235607533241882927289766005006546556 0 0 1 0 0 0 0 0 0 0 0 0 0 0 0]
[52887201514295955574707564481386285267758441400 0 0 0 1 0 0 0 0 0 0 0 0 0 0 0]
[631240098263612035886010143977624270856925792834 0 0 0 0 1 0 0 0 0 0 0 0 0 0 0]
[675437413803680853250241458419698885389652616560 0 0 0 0 0 1 0 0 0 0 0 0 0 0 0]
[326784907555939932257035058803169318438187423386 0 0 0 0 0 0 1 0 0 0 0 0 0 0 0]
[223157326787406771572004023691743444792082741676 0 0 0 0 0 0 0 1 0 0 0 0 0 0 0]
[523792574399454768303021599606435256750383035653 0 0 0 0 0 0 0 0 1 0 0 0 0 0 0]
[222404544573993500126343149461990704881403760914 0 0 0 0 0 0 0 0 0 1 0 0 0 0 0]
[649956277226158195838124233330425748978828854335 0 0 0 0 0 0 0 0 0 0 1 0 0 0 0]
[969919467340035236721232187605506447304904022163 0 0 0 0 0 0 0 0 0 0 0 1 0 0 0]
[691162212931546482194371526435167656665323401304 0 0 0 0 0 0 0 0 0 0 0 0 1 0 0]
[648135953528252267923549748265297795479743529160 0 0 0 0 0 0 0 0 0 0 0 0 0 1 0]
[263311524996821307468861813589753881851421119358 0 0 0 0 0 0 0 0 0 0 0 0 0 0 1]
]
