[[1420983654861272792438874167253140463327800534519 0 0 0 0 0 0 0 0 0 0 0 0 0 0 0]
[1166218685814524556964227881643179974056910239538 1 0 0 0 0 0 0 0 0 0 0 0 0 0 0]
[260913965100761577067113621791754583952424434757 0 1 0 0 0 0 0 0 0 0 0 0 0 0 0]
[437376271000527265572007798257053794282301556546 0 0 1 0 0 0 0 0 0 0 0 0 0 0 0]
[966444530133541048461155292201977563778573399442 0 0 0 1 0 0 0 0 0 0 0 0 0 0 0]
[489537970151881857961128190360905588272893613447 0 0 0 0 1 0 0 0 0 0 0 0 0 0 0]
[1305966345804058121543275323208248669814095552181 0 0 0 0 0 1 0 0 0 0 0 0 0 0 0]
[357408934314224807910015385688420633647384121465 0 0 0 0 0 0 1 0 0 0 0 0 0 0 0]
[1053854648855606387146014584416452150486536725353 0 0 0 0 0 0 0 1 0 0 0 0 0 0 0]
[823832134053620029195767121045293843033596039991 0 0 0 0 0 0 0 0 1 0 0 0 0 0 0]
[875906533531310048752806770598289463850609749685 0 0 0 0 0 0 0 0 0 1 0 0 0 0 0]
[70821303440636308223154487149282652907938059984 0 0 0 0 0 0 0 0 0 0 1 0 0 0 0]
[507884510182084875725751334042329811008031643874 0 0 0 0 0 0 0 0 0 0 0 1 0 0 0]
[1247066761510060333484412090847166999066649028108 0 0 0 0 0 0 0 0 0 0 0 0 1 0 0]
[1405517606877760216701808754310300873318314633321 0 0 0 0 0 0 0 0 0 0 0 0 0 1 0]
[690910592366491194316912070297754639391518667323 0 0 0 0 0 0 0 0 0 0 0 0 0 0 1]
]
