[[5336688986308819018871077490711750701871666088040939272073206644774294483760888724846127477703720787435018762405489468912743374683766742981757223224195275129548190409479976757745046955284230869037971905305619177599581956072291719841070261728784421097446633825782506472718917479163 0 0 0 0 0 0 0 0 0 0 0 0 0 0 0 0 0 0 0 0 0 0 0 0 0 0 0 0 0 0 0 0 0 0 0 0 0 0 0 0 0 0 0 0 0 0 0 0 0 0 0 0 0 0 0 0 0 0 0 0 0 0 0 0 0 0 0 0 0 0 0 0 0 0 0 0 0 0 0 0 0 0 0 0 0 0 0 0 0 0 0 0]
[363381213828358892434908411264197704460794820652485120122719135473403026307705229545351719037272843181266680223639128844572336349248046053167352191144969585805557007189040042808255670055191488737032809163765189597061406358275938546166254151099480353707940703361182620220054878414 1 0 0 0 0 0 0 0 0 0 0 0 0 0 0 0 0 0 0 0 0 0 0 0 0 0 0 0 0 0 0 0 0 0 0 0 0 0 0 0 0 0 0 0 0 0 0 0 0 0 0 0 0 0 0 0 0 0 0 0 0 0 0 0 0 0 0 0 0 0 0 0 0 0 0 0 0 0 0 0 0 0 0 0 0 0 0 0 0 0 0 0]
[613166256359162134730876234169730923593486850909771111346985447854559421574175276043197650064652449774987595444150913363678304878296767363326202833687673233579021641362490791508709524966331665725091712095308776160868014983716696074613297924457437049647835905599879878022283172536 0 1 0 0 0 0 0 0 0 0 0 0 0 0 0 0 0 0 0 0 0 0 0 0 0 0 0 0 0 0 0 0 0 0 0 0 0 0 0 0 0 0 0 0 0 0 0 0 0 0 0 0 0 0 0 0 0 0 0 0 0 0 0 0 0 0 0 0 0 0 0 0 0 0 0 0 0 0 0 0 0 0 0 0 0 0 0 0 0 0 0 0]
[1788537447240909101694241059060083255675689530537261849837765061825385958261044760294110807238984732805388692799011659495489686054820273212087670075648013550507145032247965865358097275999906223939975643069956730980143852945109684312038637909466178391639083101470690507272228551469 0 0 1 0 0 0 0 0 0 0 0 0 0 0 0 0 0 0 0 0 0 0 0 0 0 0 0 0 0 0 0 0 0 0 0 0 0 0 0 0 0 0 0 0 0 0 0 0 0 0 0 0 0 0 0 0 0 0 0 0 0 0 0 0 0 0 0 0 0 0 0 0 0 0 0 0 0 0 0 0 0 0 0 0 0 0 0 0 0 0 0 0]
[2131049187057137609152195072635540931462927345257200351065471500161567623050947401342889795557139342570691670891011178304803480885036426430606198486685256356524288466606688223350468683015149070338887025223561980843327286603219411812956987530971928645579321924033052029774018951532 0 0 0 1 0 0 0 0 0 0 0 0 0 0 0 0 0 0 0 0 0 0 0 0 0 0 0 0 0 0 0 0 0 0 0 0 0 0 0 0 0 0 0 0 0 0 0 0 0 0 0 0 0 0 0 0 0 0 0 0 0 0 0 0 0 0 0 0 0 0 0 0 0 0 0 0 0 0 0 0 0 0 0 0 0 0 0 0 0 0 0 0]
[4721243072790701272688011505329655475102577845674572635763319485573635495305559819545791009348513314957901669614366113757828970268902819578287691082442826077378407335886541405963649873803055466737342467776041033828157259532603510413371460510350591701893587052100895889674262764914 0 0 0 0 1 0 0 0 0 0 0 0 0 0 0 0 0 0 0 0 0 0 0 0 0 0 0 0 0 0 0 0 0 0 0 0 0 0 0 0 0 0 0 0 0 0 0 0 0 0 0 0 0 0 0 0 0 0 0 0 0 0 0 0 0 0 0 0 0 0 0 0 0 0 0 0 0 0 0 0 0 0 0 0 0 0 0 0 0 0 0 0]
[3482190403909378693099319475085960377159479252152609432838822041865552750697775684571370287123247154542608668993467189102165604492410966885401198438546301056829549685103172773498965330866266664126028091207190461822785095357297772952254573705818537979423775467457289234366762710310 0 0 0 0 0 1 0 0 0 0 0 0 0 0 0 0 0 0 0 0 0 0 0 0 0 0 0 0 0 0 0 0 0 0 0 0 0 0 0 0 0 0 0 0 0 0 0 0 0 0 0 0 0 0 0 0 0 0 0 0 0 0 0 0 0 0 0 0 0 0 0 0 0 0 0 0 0 0 0 0 0 0 0 0 0 0 0 0 0 0 0 0]
[3624401868958319682047843097314698347636188260434490784673446200376702780345956392064365866483988311832814943727889450584673119500679247426753820564640891433024513372935706079485151450262194082847538398473292539793440374787506940801830269155036133537860738754951320777160281379588 0 0 0 0 0 0 1 0 0 0 0 0 0 0 0 0 0 0 0 0 0 0 0 0 0 0 0 0 0 0 0 0 0 0 0 0 0 0 0 0 0 0 0 0 0 0 0 0 0 0 0 0 0 0 0 0 0 0 0 0 0 0 0 0 0 0 0 0 0 0 0 0 0 0 0 0 0 0 0 0 0 0 0 0 0 0 0 0 0 0 0 0]
[472822846076318011224010896140189215238111814493778775137300055987350567933536802745564044947917136663445012124205696181585141417234556251938915020956964907720331126446358608397738602597930481785242844309456729112968247558022442073097817532907840799947922604065711318546021805129 0 0 0 0 0 0 0 1 0 0 0 0 0 0 0 0 0 0 0 0 0 0 0 0 0 0 0 0 0 0 0 0 0 0 0 0 0 0 0 0 0 0 0 0 0 0 0 0 0 0 0 0 0 0 0 0 0 0 0 0 0 0 0 0 0 0 0 0 0 0 0 0 0 0 0 0 0 0 0 0 0 0 0 0 0 0 0 0 0 0 0 0]
[4558594692323431470579329313996279678575471940040971345060265908371627332565197978940914527931594986685338091557471439402845359328086756790768606294049576352197023623955173275531571291384599997621515808618388461454413729004615652824937299076104740993040378128638596342965930325431 0 0 0 0 0 0 0 0 1 0 0 0 0 0 0 0 0 0 0 0 0 0 0 0 0 0 0 0 0 0 0 0 0 0 0 0 0 0 0 0 0 0 0 0 0 0 0 0 0 0 0 0 0 0 0 0 0 0 0 0 0 0 0 0 0 0 0 0 0 0 0 0 0 0 0 0 0 0 0 0 0 0 0 0 0 0 0 0 0 0 0 0]
[1883354761095530744484561515136253544811036849545993537466321409777158717249848910022071179020845390336676615602986398204651319841398695654143486139215440670534258143355622640343690884972352298411395952901682745763628224185046299722013766471468974047085729451457409749945925803358 0 0 0 0 0 0 0 0 0 1 0 0 0 0 0 0 0 0 0 0 0 0 0 0 0 0 0 0 0 0 0 0 0 0 0 0 0 0 0 0 0 0 0 0 0 0 0 0 0 0 0 0 0 0 0 0 0 0 0 0 0 0 0 0 0 0 0 0 0 0 0 0 0 0 0 0 0 0 0 0 0 0 0 0 0 0 0 0 0 0 0 0]
[4697569909700802683139762355067010974303102125235960732100873632332741404514170761062551980690756035621141496270662675884591233143179404990596780944412752483446618595916860514261892328447814813655665711997757467901238108149989451734712173534517627000267535316005539023388702105766 0 0 0 0 0 0 0 0 0 0 1 0 0 0 0 0 0 0 0 0 0 0 0 0 0 0 0 0 0 0 0 0 0 0 0 0 0 0 0 0 0 0 0 0 0 0 0 0 0 0 0 0 0 0 0 0 0 0 0 0 0 0 0 0 0 0 0 0 0 0 0 0 0 0 0 0 0 0 0 0 0 0 0 0 0 0 0 0 0 0 0 0]
[1960908017347343493695168577457101902906598580245061293406087204538409381813833180275907384723450397492817721706760538654842037246292979497252607816957509296204408929467551875236903537371605840399674603356709236723764152027904100205596303995365019162987533971123370407506345461679 0 0 0 0 0 0 0 0 0 0 0 1 0 0 0 0 0 0 0 0 0 0 0 0 0 0 0 0 0 0 0 0 0 0 0 0 0 0 0 0 0 0 0 0 0 0 0 0 0 0 0 0 0 0 0 0 0 0 0 0 0 0 0 0 0 0 0 0 0 0 0 0 0 0 0 0 0 0 0 0 0 0 0 0 0 0 0 0 0 0 0 0]
[987527643318683580282583453046026723946065349832384351285827718828145365627437111204023032680211020228130156324025141494807036078962958043889657246745348669142755954002888747819399818199278411331576135026434683055503844204461252742910051382867699086592711373894496158754683049498 0 0 0 0 0 0 0 0 0 0 0 0 1 0 0 0 0 0 0 0 0 0 0 0 0 0 0 0 0 0 0 0 0 0 0 0 0 0 0 0 0 0 0 0 0 0 0 0 0 0 0 0 0 0 0 0 0 0 0 0 0 0 0 0 0 0 0 0 0 0 0 0 0 0 0 0 0 0 0 0 0 0 0 0 0 0 0 0 0 0 0 0]
[5281119251880245502527137601727587272670282831388576519458403829302193501201007338251869742123195605382539742447239781199395469189530656897594886877523132115084401166555738298365005304419732257181955735189257873074693968367200706305809754044116563795504430840940017604942651200 0 0 0 0 0 0 0 0 0 0 0 0 0 1 0 0 0 0 0 0 0 0 0 0 0 0 0 0 0 0 0 0 0 0 0 0 0 0 0 0 0 0 0 0 0 0 0 0 0 0 0 0 0 0 0 0 0 0 0 0 0 0 0 0 0 0 0 0 0 0 0 0 0 0 0 0 0 0 0 0 0 0 0 0 0 0 0 0 0 0 0 0]
[4427683527666443240390856070227942998097933706967637565640152289324897082590134048233337803628653887718531235991678480408258867263725808558115366061506920813076374008456447023632106429175682579202685350274241741465569940189431358329465771491688188333374063130328307124905917990517 0 0 0 0 0 0 0 0 0 0 0 0 0 0 1 0 0 0 0 0 0 0 0 0 0 0 0 0 0 0 0 0 0 0 0 0 0 0 0 0 0 0 0 0 0 0 0 0 0 0 0 0 0 0 0 0 0 0 0 0 0 0 0 0 0 0 0 0 0 0 0 0 0 0 0 0 0 0 0 0 0 0 0 0 0 0 0 0 0 0 0 0]
[3854315960574290352610125167907839327613192506142528814587034363118638489369115356709422345635592382492705407321019306648802907400586790193185989525348842019803545203151059283410386469938338949409666758486033757262648704788672583625367102761881103211064727877511726765168879501020 0 0 0 0 0 0 0 0 0 0 0 0 0 0 0 1 0 0 0 0 0 0 0 0 0 0 0 0 0 0 0 0 0 0 0 0 0 0 0 0 0 0 0 0 0 0 0 0 0 0 0 0 0 0 0 0 0 0 0 0 0 0 0 0 0 0 0 0 0 0 0 0 0 0 0 0 0 0 0 0 0 0 0 0 0 0 0 0 0 0 0 0]
[3258991413274707372308699841187411816156062366784316762654117496715817086789386334698083035097722366618558908585334431795059629292533111027763217723193046514854054142873040024711333321831576544651232971312685398464586224694912142349734976606405686408491241920789297090898539880558 0 0 0 0 0 0 0 0 0 0 0 0 0 0 0 0 1 0 0 0 0 0 0 0 0 0 0 0 0 0 0 0 0 0 0 0 0 0 0 0 0 0 0 0 0 0 0 0 0 0 0 0 0 0 0 0 0 0 0 0 0 0 0 0 0 0 0 0 0 0 0 0 0 0 0 0 0 0 0 0 0 0 0 0 0 0 0 0 0 0 0 0]
[1489798642057531839672231737502880701624955707044387557660080758921157276997108625146902960071153933330227986501712807822883019093045469453494172012539191514556668517006503655421609265702196161178412275586857229202878865826000196065272139781425542528389996928978437225494993111299 0 0 0 0 0 0 0 0 0 0 0 0 0 0 0 0 0 1 0 0 0 0 0 0 0 0 0 0 0 0 0 0 0 0 0 0 0 0 0 0 0 0 0 0 0 0 0 0 0 0 0 0 0 0 0 0 0 0 0 0 0 0 0 0 0 0 0 0 0 0 0 0 0 0 0 0 0 0 0 0 0 0 0 0 0 0 0 0 0 0 0 0]
[355916297898562837411676088439697339100745171547397632740653227892974842820812814721386153424761440424661955592734344046780796645351535456194325214938455306057335137144526392901512406030544767797547302134624925907517099188005549117116834863284351011532304436366339305296136962502 0 0 0 0 0 0 0 0 0 0 0 0 0 0 0 0 0 0 1 0 0 0 0 0 0 0 0 0 0 0 0 0 0 0 0 0 0 0 0 0 0 0 0 0 0 0 0 0 0 0 0 0 0 0 0 0 0 0 0 0 0 0 0 0 0 0 0 0 0 0 0 0 0 0 0 0 0 0 0 0 0 0 0 0 0 0 0 0 0 0 0 0]
[1366485442410391630555008633796834116174693337309681452665851785048068287638899854246304997229227427623049961673785409223043043662739733829293652848563642271242102334585554455037137845151266694316279365717188075916410657443713818383078707853257458349510711506192122403679115247629 0 0 0 0 0 0 0 0 0 0 0 0 0 0 0 0 0 0 0 1 0 0 0 0 0 0 0 0 0 0 0 0 0 0 0 0 0 0 0 0 0 0 0 0 0 0 0 0 0 0 0 0 0 0 0 0 0 0 0 0 0 0 0 0 0 0 0 0 0 0 0 0 0 0 0 0 0 0 0 0 0 0 0 0 0 0 0 0 0 0 0 0]
[2412992493576419765858608789180154520216810950840072427030145923189675756142566799915006670512161296486783268504773640713735936580044384908175406626555534399268755058816914876812845150578132819970966592995911037962665956716262010703121508263733288583987741222314337990001702296161 0 0 0 0 0 0 0 0 0 0 0 0 0 0 0 0 0 0 0 0 1 0 0 0 0 0 0 0 0 0 0 0 0 0 0 0 0 0 0 0 0 0 0 0 0 0 0 0 0 0 0 0 0 0 0 0 0 0 0 0 0 0 0 0 0 0 0 0 0 0 0 0 0 0 0 0 0 0 0 0 0 0 0 0 0 0 0 0 0 0 0 0]
[585819295432287703222941251975836972289412827772672668699684430415257633719799821824479998867983557666677760727676756311390728457488489125771642551694046483469145279340115847365168172505715721353265361525735175457481616878525990915243477761663344093912365528275077905144096307116 0 0 0 0 0 0 0 0 0 0 0 0 0 0 0 0 0 0 0 0 0 1 0 0 0 0 0 0 0 0 0 0 0 0 0 0 0 0 0 0 0 0 0 0 0 0 0 0 0 0 0 0 0 0 0 0 0 0 0 0 0 0 0 0 0 0 0 0 0 0 0 0 0 0 0 0 0 0 0 0 0 0 0 0 0 0 0 0 0 0 0 0]
[3529739385272188190961228897538705189750458399367890407492224993764746947157522354851731436118442819945399840937965220013969947882281016898120030872386839586088828812384597521643576169283970111698817972729585573845717581172681288288378638800116722557745576125126588102243298062832 0 0 0 0 0 0 0 0 0 0 0 0 0 0 0 0 0 0 0 0 0 0 1 0 0 0 0 0 0 0 0 0 0 0 0 0 0 0 0 0 0 0 0 0 0 0 0 0 0 0 0 0 0 0 0 0 0 0 0 0 0 0 0 0 0 0 0 0 0 0 0 0 0 0 0 0 0 0 0 0 0 0 0 0 0 0 0 0 0 0 0 0]
[4687684517193732381826655135799537095520051778829268635109786551803118558673342318330137065308552332905657665131630588883790133793315324672422087347993060929699947131659996839447213118612403675408574254088253215190439828747625182110574092695331751777330253655314195936568693751401 0 0 0 0 0 0 0 0 0 0 0 0 0 0 0 0 0 0 0 0 0 0 0 1 0 0 0 0 0 0 0 0 0 0 0 0 0 0 0 0 0 0 0 0 0 0 0 0 0 0 0 0 0 0 0 0 0 0 0 0 0 0 0 0 0 0 0 0 0 0 0 0 0 0 0 0 0 0 0 0 0 0 0 0 0 0 0 0 0 0 0 0]
[3338689886634877861837754682035360768016077085077037965265855597285005935721188911957861616514320695207109592974190757029890995828945841411140311646340221309191069947961892277229235481552957241126972305046654894519030440286248973075741883223079695837029558449076978340810550348753 0 0 0 0 0 0 0 0 0 0 0 0 0 0 0 0 0 0 0 0 0 0 0 0 1 0 0 0 0 0 0 0 0 0 0 0 0 0 0 0 0 0 0 0 0 0 0 0 0 0 0 0 0 0 0 0 0 0 0 0 0 0 0 0 0 0 0 0 0 0 0 0 0 0 0 0 0 0 0 0 0 0 0 0 0 0 0 0 0 0 0 0]
[3984249687969562966603122945177652184009054551034303808013203674541055715682861527402325944005830244645707481046341420993750441917605029116031410442614455336675282258782001436537364938442631201814295966352901915839535609737167558488880475952553799749053739875648511318838437894219 0 0 0 0 0 0 0 0 0 0 0 0 0 0 0 0 0 0 0 0 0 0 0 0 0 1 0 0 0 0 0 0 0 0 0 0 0 0 0 0 0 0 0 0 0 0 0 0 0 0 0 0 0 0 0 0 0 0 0 0 0 0 0 0 0 0 0 0 0 0 0 0 0 0 0 0 0 0 0 0 0 0 0 0 0 0 0 0 0 0 0 0]
[2296066264211033385499285829607506460858003816243593517262313316716147620433395311755464483524749417448803315866823917056319021582746049169994922337924408842496283714946326788275614952647086402829891760071647775621975424603057808177314118436843577922305590948942644274622537323467 0 0 0 0 0 0 0 0 0 0 0 0 0 0 0 0 0 0 0 0 0 0 0 0 0 0 1 0 0 0 0 0 0 0 0 0 0 0 0 0 0 0 0 0 0 0 0 0 0 0 0 0 0 0 0 0 0 0 0 0 0 0 0 0 0 0 0 0 0 0 0 0 0 0 0 0 0 0 0 0 0 0 0 0 0 0 0 0 0 0 0 0]
[625562301647694645230173158050530255375160232554415939317915786111966802724261723758679258294059523702774345421483670764006223626235281290242335305350838841988580470193816226764602777458929743595123830467147842318334604258744210787707285652306411987069469822269145550717054563971 0 0 0 0 0 0 0 0 0 0 0 0 0 0 0 0 0 0 0 0 0 0 0 0 0 0 0 1 0 0 0 0 0 0 0 0 0 0 0 0 0 0 0 0 0 0 0 0 0 0 0 0 0 0 0 0 0 0 0 0 0 0 0 0 0 0 0 0 0 0 0 0 0 0 0 0 0 0 0 0 0 0 0 0 0 0 0 0 0 0 0 0]
[160772679661339152448675634177639070025093785446342652214639291405959402406093636590144331569681885963571443744080352040543866519653612679430288773667522793698499048889275634966156092280143068464339629112986946454619099300934943123660946685500691769785962128403839129725111294384 0 0 0 0 0 0 0 0 0 0 0 0 0 0 0 0 0 0 0 0 0 0 0 0 0 0 0 0 1 0 0 0 0 0 0 0 0 0 0 0 0 0 0 0 0 0 0 0 0 0 0 0 0 0 0 0 0 0 0 0 0 0 0 0 0 0 0 0 0 0 0 0 0 0 0 0 0 0 0 0 0 0 0 0 0 0 0 0 0 0 0 0]
[2967717536597488257308894324468062922086757054341171109341279455180089210734269962641559761322243322085476757630864117481227950435698306603212504166657211241371818531504241267808332517863526643559785401942898287425464591379442186537419049457905412536444329021297323038440949144004 0 0 0 0 0 0 0 0 0 0 0 0 0 0 0 0 0 0 0 0 0 0 0 0 0 0 0 0 0 1 0 0 0 0 0 0 0 0 0 0 0 0 0 0 0 0 0 0 0 0 0 0 0 0 0 0 0 0 0 0 0 0 0 0 0 0 0 0 0 0 0 0 0 0 0 0 0 0 0 0 0 0 0 0 0 0 0 0 0 0 0 0]
[4533843489921142991825208454940460783581803451512890381410046648319747845898653115247283879079226541010932051006349890610524368546649633932303430437670092477687163860327899936071445728118676837853180711105646937055186462669773694816588292550611234046933169874331997937377742646609 0 0 0 0 0 0 0 0 0 0 0 0 0 0 0 0 0 0 0 0 0 0 0 0 0 0 0 0 0 0 1 0 0 0 0 0 0 0 0 0 0 0 0 0 0 0 0 0 0 0 0 0 0 0 0 0 0 0 0 0 0 0 0 0 0 0 0 0 0 0 0 0 0 0 0 0 0 0 0 0 0 0 0 0 0 0 0 0 0 0 0 0]
[4114549331267780321763168661347919890705224869447352458454173464664900296351568575358909972244654203965311246943249792779267610595974797014798302242731719790467065059752850915545975461558236067709748774001831342512183045111207223579552238014543407428630572361062401798261532257400 0 0 0 0 0 0 0 0 0 0 0 0 0 0 0 0 0 0 0 0 0 0 0 0 0 0 0 0 0 0 0 1 0 0 0 0 0 0 0 0 0 0 0 0 0 0 0 0 0 0 0 0 0 0 0 0 0 0 0 0 0 0 0 0 0 0 0 0 0 0 0 0 0 0 0 0 0 0 0 0 0 0 0 0 0 0 0 0 0 0 0 0]
[878456549305331088636809401734161357734106870906669627802428232343042027177075858347705663036157436347688538769964031527849392979598035918045022603461917970917579733776029540525263054051806202368127772807169657181171720447481676373579687991820095182988194833667121174718772392556 0 0 0 0 0 0 0 0 0 0 0 0 0 0 0 0 0 0 0 0 0 0 0 0 0 0 0 0 0 0 0 0 1 0 0 0 0 0 0 0 0 0 0 0 0 0 0 0 0 0 0 0 0 0 0 0 0 0 0 0 0 0 0 0 0 0 0 0 0 0 0 0 0 0 0 0 0 0 0 0 0 0 0 0 0 0 0 0 0 0 0 0]
[3868224446430548367428302432152450904914038370321441782521509420143387859503630648679215879988594131843488669901349114345304748495386465845782463909059570914387050274688841327719673212804731448693517726459369304243394722500678183511958611532117686380853947928643507670002243222007 0 0 0 0 0 0 0 0 0 0 0 0 0 0 0 0 0 0 0 0 0 0 0 0 0 0 0 0 0 0 0 0 0 1 0 0 0 0 0 0 0 0 0 0 0 0 0 0 0 0 0 0 0 0 0 0 0 0 0 0 0 0 0 0 0 0 0 0 0 0 0 0 0 0 0 0 0 0 0 0 0 0 0 0 0 0 0 0 0 0 0 0]
[5095105662459454072896382241760809984663457889735978550281920627695276988371122805179085511452988063765808798219881950678381401506264739878129161508971544318271185663015741813047715859500962011119746699778001755861601788945615124026209958760052789610218276516762886941743399560757 0 0 0 0 0 0 0 0 0 0 0 0 0 0 0 0 0 0 0 0 0 0 0 0 0 0 0 0 0 0 0 0 0 0 1 0 0 0 0 0 0 0 0 0 0 0 0 0 0 0 0 0 0 0 0 0 0 0 0 0 0 0 0 0 0 0 0 0 0 0 0 0 0 0 0 0 0 0 0 0 0 0 0 0 0 0 0 0 0 0 0 0]
[1747696828981970810803581799876271168870001043914895038154694042070982384031185596777276877462607423506985305567172431061437601424484243587585197558128724397349372100988738892792557945877520460812742944038044449045271380301998660282123593079646402761266971254920256742866034088265 0 0 0 0 0 0 0 0 0 0 0 0 0 0 0 0 0 0 0 0 0 0 0 0 0 0 0 0 0 0 0 0 0 0 0 1 0 0 0 0 0 0 0 0 0 0 0 0 0 0 0 0 0 0 0 0 0 0 0 0 0 0 0 0 0 0 0 0 0 0 0 0 0 0 0 0 0 0 0 0 0 0 0 0 0 0 0 0 0 0 0 0]
[2484839255129238634685560372244365434228404541891594065282149813998265524096423003583339924420447601801911530573535792774724106437840542828476211449583012155853916310015343432858754538222376232752536433177939632872444561058861609071627367282344375817384522821126111942151454482677 0 0 0 0 0 0 0 0 0 0 0 0 0 0 0 0 0 0 0 0 0 0 0 0 0 0 0 0 0 0 0 0 0 0 0 0 1 0 0 0 0 0 0 0 0 0 0 0 0 0 0 0 0 0 0 0 0 0 0 0 0 0 0 0 0 0 0 0 0 0 0 0 0 0 0 0 0 0 0 0 0 0 0 0 0 0 0 0 0 0 0 0]
[3285029180723725826689604738728642923233631136465970425098858851062809483225881674125430268971616765762489343570155176047941021884653790627673228249817336994048384197504449118067464276870687493755501596811954853017132225609480553545381154138205429757365809287417746441216098601713 0 0 0 0 0 0 0 0 0 0 0 0 0 0 0 0 0 0 0 0 0 0 0 0 0 0 0 0 0 0 0 0 0 0 0 0 0 1 0 0 0 0 0 0 0 0 0 0 0 0 0 0 0 0 0 0 0 0 0 0 0 0 0 0 0 0 0 0 0 0 0 0 0 0 0 0 0 0 0 0 0 0 0 0 0 0 0 0 0 0 0 0]
[3999423666721355783187419700737570853720651656726380350223254420555192762592229713120842130762106039080197663720299504003170250613610569338258574819240837214645800559757280962572758163155708935061109244906218236411037951105555707599397925086403251530617940047752130379543167506140 0 0 0 0 0 0 0 0 0 0 0 0 0 0 0 0 0 0 0 0 0 0 0 0 0 0 0 0 0 0 0 0 0 0 0 0 0 0 1 0 0 0 0 0 0 0 0 0 0 0 0 0 0 0 0 0 0 0 0 0 0 0 0 0 0 0 0 0 0 0 0 0 0 0 0 0 0 0 0 0 0 0 0 0 0 0 0 0 0 0 0 0]
[876019469205035231967326352678939770396774337272190336123201052495812710298095355758570913002728082782974669002946887732886861656978675768491829747206666301990808142686361338479335792634305868293934352258406195285823300014250035505512539794761591955948952280201270980179393307524 0 0 0 0 0 0 0 0 0 0 0 0 0 0 0 0 0 0 0 0 0 0 0 0 0 0 0 0 0 0 0 0 0 0 0 0 0 0 0 1 0 0 0 0 0 0 0 0 0 0 0 0 0 0 0 0 0 0 0 0 0 0 0 0 0 0 0 0 0 0 0 0 0 0 0 0 0 0 0 0 0 0 0 0 0 0 0 0 0 0 0 0]
[2683076455331050221411949758238368383473979668205392904599995704226050399772783899471760311001619872911998692364939138144570369509553199945657213180191076924033196578498443101595038287485636324541417667753461293768072308004508192014213528303149506066254450272089133381639536585641 0 0 0 0 0 0 0 0 0 0 0 0 0 0 0 0 0 0 0 0 0 0 0 0 0 0 0 0 0 0 0 0 0 0 0 0 0 0 0 0 1 0 0 0 0 0 0 0 0 0 0 0 0 0 0 0 0 0 0 0 0 0 0 0 0 0 0 0 0 0 0 0 0 0 0 0 0 0 0 0 0 0 0 0 0 0 0 0 0 0 0 0]
[1715362651469812747797123817615386811608219218184081215516539274194026278987655877120151405657434522647068915510041582127897416619598260516966736094216674338406954364753357029173606666604033939819160509497475170549165343489426854156534195721155366383715689849896211809033763620594 0 0 0 0 0 0 0 0 0 0 0 0 0 0 0 0 0 0 0 0 0 0 0 0 0 0 0 0 0 0 0 0 0 0 0 0 0 0 0 0 0 1 0 0 0 0 0 0 0 0 0 0 0 0 0 0 0 0 0 0 0 0 0 0 0 0 0 0 0 0 0 0 0 0 0 0 0 0 0 0 0 0 0 0 0 0 0 0 0 0 0 0]
[3200720864567696221692431756688147625019372057983797716116650467522719665309904282540971208067253371420250482646120648243382323822484722694605409136070314181179401151343679152797433714665862364623184982359125617451083501098894779214515191998712330804865291196118744299831269015089 0 0 0 0 0 0 0 0 0 0 0 0 0 0 0 0 0 0 0 0 0 0 0 0 0 0 0 0 0 0 0 0 0 0 0 0 0 0 0 0 0 0 1 0 0 0 0 0 0 0 0 0 0 0 0 0 0 0 0 0 0 0 0 0 0 0 0 0 0 0 0 0 0 0 0 0 0 0 0 0 0 0 0 0 0 0 0 0 0 0 0 0]
[4463620723202402618612850400904872742101623777960438659461818497211460864010546838024971022314524095171201338195969059555104107217998956959114084305653186022931730406345289578251146547521816402916179269955193905020520672947818064780465516866894898194781328248867399108268524585641 0 0 0 0 0 0 0 0 0 0 0 0 0 0 0 0 0 0 0 0 0 0 0 0 0 0 0 0 0 0 0 0 0 0 0 0 0 0 0 0 0 0 0 1 0 0 0 0 0 0 0 0 0 0 0 0 0 0 0 0 0 0 0 0 0 0 0 0 0 0 0 0 0 0 0 0 0 0 0 0 0 0 0 0 0 0 0 0 0 0 0 0]
[4422556853720339645072603153231828670960359923637715272350490869041856491079071492538108854128338433299200966718592599448489373436072600602794986524528906809252907651930964538947562425459249948499975524150409987445954478963136475311255857094997658251629990648539987909415463231240 0 0 0 0 0 0 0 0 0 0 0 0 0 0 0 0 0 0 0 0 0 0 0 0 0 0 0 0 0 0 0 0 0 0 0 0 0 0 0 0 0 0 0 0 1 0 0 0 0 0 0 0 0 0 0 0 0 0 0 0 0 0 0 0 0 0 0 0 0 0 0 0 0 0 0 0 0 0 0 0 0 0 0 0 0 0 0 0 0 0 0 0]
[2253710985726860052163619696801551698341277418857644211888192823544267757380300644915971720564845187678493294238659897975189159187249015263416908883448434618052565528026003305059529144722568599649677822172141478505417095569207860615372470309293989153177090165107822750564096473493 0 0 0 0 0 0 0 0 0 0 0 0 0 0 0 0 0 0 0 0 0 0 0 0 0 0 0 0 0 0 0 0 0 0 0 0 0 0 0 0 0 0 0 0 0 1 0 0 0 0 0 0 0 0 0 0 0 0 0 0 0 0 0 0 0 0 0 0 0 0 0 0 0 0 0 0 0 0 0 0 0 0 0 0 0 0 0 0 0 0 0 0]
[5204401789615144185898092478157804781350445331157428332430134406698935894635722286092407728027569508026048544280619217165649284559861608718118271001941166280106481714501406607927831428129009643453105851663721780595904555461039771488160778416520632691215844362644494416837557083803 0 0 0 0 0 0 0 0 0 0 0 0 0 0 0 0 0 0 0 0 0 0 0 0 0 0 0 0 0 0 0 0 0 0 0 0 0 0 0 0 0 0 0 0 0 0 1 0 0 0 0 0 0 0 0 0 0 0 0 0 0 0 0 0 0 0 0 0 0 0 0 0 0 0 0 0 0 0 0 0 0 0 0 0 0 0 0 0 0 0 0 0]
[3660391706015909265599771579037436609637863325908209850506154837432109492131806652823682152761550047336096794804765541845303934523242696075731842132016009480898477225515261735714585094420183609189966405206947941140691788373203556855237746706785709342648823893237939176914299272882 0 0 0 0 0 0 0 0 0 0 0 0 0 0 0 0 0 0 0 0 0 0 0 0 0 0 0 0 0 0 0 0 0 0 0 0 0 0 0 0 0 0 0 0 0 0 0 1 0 0 0 0 0 0 0 0 0 0 0 0 0 0 0 0 0 0 0 0 0 0 0 0 0 0 0 0 0 0 0 0 0 0 0 0 0 0 0 0 0 0 0 0]
[1519254564591188437853316820359101674145471409726581983134486492553416619906323655188760611537110174393483119154715626086629294312774968067478194081246533267303203754745566837258859316053272055170572146626170465683682809100718327137712409784910282694166253833106571469752990992285 0 0 0 0 0 0 0 0 0 0 0 0 0 0 0 0 0 0 0 0 0 0 0 0 0 0 0 0 0 0 0 0 0 0 0 0 0 0 0 0 0 0 0 0 0 0 0 0 1 0 0 0 0 0 0 0 0 0 0 0 0 0 0 0 0 0 0 0 0 0 0 0 0 0 0 0 0 0 0 0 0 0 0 0 0 0 0 0 0 0 0 0]
[1074770805443072909968829526713502845237044571108945895484485283398219390437284539687553564395355295833007272799687136706307874100034505453490255527099854187964069756762300468466040196846772968769269093008635204610971845148596509100684968050796257550665506023954285047620348756921 0 0 0 0 0 0 0 0 0 0 0 0 0 0 0 0 0 0 0 0 0 0 0 0 0 0 0 0 0 0 0 0 0 0 0 0 0 0 0 0 0 0 0 0 0 0 0 0 0 1 0 0 0 0 0 0 0 0 0 0 0 0 0 0 0 0 0 0 0 0 0 0 0 0 0 0 0 0 0 0 0 0 0 0 0 0 0 0 0 0 0 0]
[1152818340661011184160174625064324885381758718895360265121552453756410089590494098016500610673125467693210281049107066645128607380291920653832361854371235828525528497694623375530970577604614929725582972073775974315099215900745593182550910304970143670701171798057405820212757756912 0 0 0 0 0 0 0 0 0 0 0 0 0 0 0 0 0 0 0 0 0 0 0 0 0 0 0 0 0 0 0 0 0 0 0 0 0 0 0 0 0 0 0 0 0 0 0 0 0 0 1 0 0 0 0 0 0 0 0 0 0 0 0 0 0 0 0 0 0 0 0 0 0 0 0 0 0 0 0 0 0 0 0 0 0 0 0 0 0 0 0 0]
[3016484832565892526020828575316711793428220973748742277933383328790576819775711305366980950407976626538973231396981826521990418102774336927265310159875908340361731266701963068550117234927033870790363808012627202817429256073743544861565887082422736920262103603572679375798717337466 0 0 0 0 0 0 0 0 0 0 0 0 0 0 0 0 0 0 0 0 0 0 0 0 0 0 0 0 0 0 0 0 0 0 0 0 0 0 0 0 0 0 0 0 0 0 0 0 0 0 0 1 0 0 0 0 0 0 0 0 0 0 0 0 0 0 0 0 0 0 0 0 0 0 0 0 0 0 0 0 0 0 0 0 0 0 0 0 0 0 0 0]
[3314940426601115433659586336931160695814686449286852375605010543050279882073881917996176870692843281511803820270190479120982564866783017468985151941258843018175279335828237525082222736038339476668139784379566525536219022978152414411388542424624151351592183911979204840959725791680 0 0 0 0 0 0 0 0 0 0 0 0 0 0 0 0 0 0 0 0 0 0 0 0 0 0 0 0 0 0 0 0 0 0 0 0 0 0 0 0 0 0 0 0 0 0 0 0 0 0 0 0 1 0 0 0 0 0 0 0 0 0 0 0 0 0 0 0 0 0 0 0 0 0 0 0 0 0 0 0 0 0 0 0 0 0 0 0 0 0 0 0]
[4268355504176656176504224112665818928328016991756801729079664987045350067070223327739329357975967258069857717304263632599661436440337084077711548786508456883629808631259538563145576496603403843909127340437651135433828460448530251367332437353947199819500127960105513648415388061183 0 0 0 0 0 0 0 0 0 0 0 0 0 0 0 0 0 0 0 0 0 0 0 0 0 0 0 0 0 0 0 0 0 0 0 0 0 0 0 0 0 0 0 0 0 0 0 0 0 0 0 0 0 1 0 0 0 0 0 0 0 0 0 0 0 0 0 0 0 0 0 0 0 0 0 0 0 0 0 0 0 0 0 0 0 0 0 0 0 0 0 0]
[3414120000122513786747139272511279907800592265803421932973556098833574779244168863727198783759470549021527625804907289006683230865736447528371594538420944265107820254364612582137010204539396194956828802578341007139694900965913393876356495475068133044960219904354304483704797011762 0 0 0 0 0 0 0 0 0 0 0 0 0 0 0 0 0 0 0 0 0 0 0 0 0 0 0 0 0 0 0 0 0 0 0 0 0 0 0 0 0 0 0 0 0 0 0 0 0 0 0 0 0 0 1 0 0 0 0 0 0 0 0 0 0 0 0 0 0 0 0 0 0 0 0 0 0 0 0 0 0 0 0 0 0 0 0 0 0 0 0 0]
[1332374043559556197782693877494560597413881980770945373246224949049319830892626162086366647582500154478042272791757601942805442809100777208121082418227149417418899231223289198014054688333256343502886628765444764218072621592516779270893055997149837049495181061141094014525207751952 0 0 0 0 0 0 0 0 0 0 0 0 0 0 0 0 0 0 0 0 0 0 0 0 0 0 0 0 0 0 0 0 0 0 0 0 0 0 0 0 0 0 0 0 0 0 0 0 0 0 0 0 0 0 0 1 0 0 0 0 0 0 0 0 0 0 0 0 0 0 0 0 0 0 0 0 0 0 0 0 0 0 0 0 0 0 0 0 0 0 0 0]
[202619250850599827243713431331201492890268119431499911971667848302827656442621113540687386012740581047328276512231075979557728619030607040936218506859530509570805524599538281647078972754706332362246693278601370115487260447890245205947847079133319010264493998424332955699083828586 0 0 0 0 0 0 0 0 0 0 0 0 0 0 0 0 0 0 0 0 0 0 0 0 0 0 0 0 0 0 0 0 0 0 0 0 0 0 0 0 0 0 0 0 0 0 0 0 0 0 0 0 0 0 0 0 1 0 0 0 0 0 0 0 0 0 0 0 0 0 0 0 0 0 0 0 0 0 0 0 0 0 0 0 0 0 0 0 0 0 0 0]
[1870388598508314302455883348797185307699091066554379272296932845295136205855226694408696100322492945169403512135481066787831434053088249792304280400725399076502300483500158694912211443652092041982674840689853100096533881372289527050483555117192596063709875671642249924030979526162 0 0 0 0 0 0 0 0 0 0 0 0 0 0 0 0 0 0 0 0 0 0 0 0 0 0 0 0 0 0 0 0 0 0 0 0 0 0 0 0 0 0 0 0 0 0 0 0 0 0 0 0 0 0 0 0 0 1 0 0 0 0 0 0 0 0 0 0 0 0 0 0 0 0 0 0 0 0 0 0 0 0 0 0 0 0 0 0 0 0 0 0]
[2203875891599178959282187363570529020585080694675942856602625402686018062957176762652128521797546860904429201988607862309097888240192706737065057670687535394426275577531903888279364500958107174227740482284239499653957106458828044846016811231991054340167159151039714435788906726661 0 0 0 0 0 0 0 0 0 0 0 0 0 0 0 0 0 0 0 0 0 0 0 0 0 0 0 0 0 0 0 0 0 0 0 0 0 0 0 0 0 0 0 0 0 0 0 0 0 0 0 0 0 0 0 0 0 0 1 0 0 0 0 0 0 0 0 0 0 0 0 0 0 0 0 0 0 0 0 0 0 0 0 0 0 0 0 0 0 0 0 0]
[2661659664709659000161276153761698227587529525190379791904851053673751945491373836956226699658835556749027164832197847799797456595580134741831129174871914617669953475157514436226600697000024768961381160266442342430010866462897408677255848349433232872804472690477881126219908203607 0 0 0 0 0 0 0 0 0 0 0 0 0 0 0 0 0 0 0 0 0 0 0 0 0 0 0 0 0 0 0 0 0 0 0 0 0 0 0 0 0 0 0 0 0 0 0 0 0 0 0 0 0 0 0 0 0 0 0 1 0 0 0 0 0 0 0 0 0 0 0 0 0 0 0 0 0 0 0 0 0 0 0 0 0 0 0 0 0 0 0 0]
[4366351453689705706591212785388553386016660332678991908430885575437887679225508255606217336595355771253920988760976236235076198019399030438032461038619058486060776001129490181743036285069502259631242801131900148544356193294617528032647042875853773749436173189450018982843099047042 0 0 0 0 0 0 0 0 0 0 0 0 0 0 0 0 0 0 0 0 0 0 0 0 0 0 0 0 0 0 0 0 0 0 0 0 0 0 0 0 0 0 0 0 0 0 0 0 0 0 0 0 0 0 0 0 0 0 0 0 1 0 0 0 0 0 0 0 0 0 0 0 0 0 0 0 0 0 0 0 0 0 0 0 0 0 0 0 0 0 0 0]
[3909774808404327918814454719705360282262348084048930329719348740190227124879368136275580755933657209178470815303642230226626844440801031304644421482492383109012304241376282513414749698808180992310118930594120227402614157177954349921598411859912004185597278834621346327853062788496 0 0 0 0 0 0 0 0 0 0 0 0 0 0 0 0 0 0 0 0 0 0 0 0 0 0 0 0 0 0 0 0 0 0 0 0 0 0 0 0 0 0 0 0 0 0 0 0 0 0 0 0 0 0 0 0 0 0 0 0 0 1 0 0 0 0 0 0 0 0 0 0 0 0 0 0 0 0 0 0 0 0 0 0 0 0 0 0 0 0 0 0]
[4890662732454733623278537366580535549582122252093143541385084412900708980875601768462681724906905505894703665098708360320427928921613502658067072337725484052290808324351882206827783567974095374626135557914136018681511416384180294751171958152335204073994793657551450866725307778901 0 0 0 0 0 0 0 0 0 0 0 0 0 0 0 0 0 0 0 0 0 0 0 0 0 0 0 0 0 0 0 0 0 0 0 0 0 0 0 0 0 0 0 0 0 0 0 0 0 0 0 0 0 0 0 0 0 0 0 0 0 0 1 0 0 0 0 0 0 0 0 0 0 0 0 0 0 0 0 0 0 0 0 0 0 0 0 0 0 0 0 0]
[1542502395213742777093513265455309808805969987387114131477784876586086604199589116615296545385798785699206763068388677835836032333580860506388463531247540646580067862434443486159893967985707207843908589539854339970056390307168739261340872836155433344190681008410311197845765908651 0 0 0 0 0 0 0 0 0 0 0 0 0 0 0 0 0 0 0 0 0 0 0 0 0 0 0 0 0 0 0 0 0 0 0 0 0 0 0 0 0 0 0 0 0 0 0 0 0 0 0 0 0 0 0 0 0 0 0 0 0 0 0 1 0 0 0 0 0 0 0 0 0 0 0 0 0 0 0 0 0 0 0 0 0 0 0 0 0 0 0 0]
[1863519863263607887756346714594695951158250593062696610727623486220306250868595276415405787908377052444898438690564271590112840819619571845900487913720780198108052467482633363563960737016053443725844969479848941588973241160820268715274352590929856388626617184467960959721049590282 0 0 0 0 0 0 0 0 0 0 0 0 0 0 0 0 0 0 0 0 0 0 0 0 0 0 0 0 0 0 0 0 0 0 0 0 0 0 0 0 0 0 0 0 0 0 0 0 0 0 0 0 0 0 0 0 0 0 0 0 0 0 0 0 1 0 0 0 0 0 0 0 0 0 0 0 0 0 0 0 0 0 0 0 0 0 0 0 0 0 0 0]
[2811379442933001360554585314751381807138180936845126411136331155401230256762290730239691149104255772535103347716039558436602110495376415141128552460345345648216930498952981221815776258363116725270870715051089184347296052904110747965882051846855474652295782017183217165423792802892 0 0 0 0 0 0 0 0 0 0 0 0 0 0 0 0 0 0 0 0 0 0 0 0 0 0 0 0 0 0 0 0 0 0 0 0 0 0 0 0 0 0 0 0 0 0 0 0 0 0 0 0 0 0 0 0 0 0 0 0 0 0 0 0 0 1 0 0 0 0 0 0 0 0 0 0 0 0 0 0 0 0 0 0 0 0 0 0 0 0 0 0]
[3073295241675212542384034441479851934054406030232373197227997745156070774520601255096860738816988403519023062192376945563841788503557581628371315748324037867243130241117844291554806176749769833410667522091919668850569160310280816115011201779321435971026891123333187448343069541553 0 0 0 0 0 0 0 0 0 0 0 0 0 0 0 0 0 0 0 0 0 0 0 0 0 0 0 0 0 0 0 0 0 0 0 0 0 0 0 0 0 0 0 0 0 0 0 0 0 0 0 0 0 0 0 0 0 0 0 0 0 0 0 0 0 0 1 0 0 0 0 0 0 0 0 0 0 0 0 0 0 0 0 0 0 0 0 0 0 0 0 0]
[2009941390786639106712391995057950385088013157144149701280231687212629672124194376815539198435172140611382321433130032294531229195770431708945968688957203455649832837712398129450921480749868371936183124683589094527836732065038201705758549013168776568773225923888915580391562449357 0 0 0 0 0 0 0 0 0 0 0 0 0 0 0 0 0 0 0 0 0 0 0 0 0 0 0 0 0 0 0 0 0 0 0 0 0 0 0 0 0 0 0 0 0 0 0 0 0 0 0 0 0 0 0 0 0 0 0 0 0 0 0 0 0 0 0 1 0 0 0 0 0 0 0 0 0 0 0 0 0 0 0 0 0 0 0 0 0 0 0 0]
[930364002869488032918468436689343238268187700538766739797206970195109783186211356266148296017707971760652216866145170410647618319342163621501502886945057859130473491664565885218976620094296608553062474526520444287605776331613622856502938364539643787964776124610829812780712821446 0 0 0 0 0 0 0 0 0 0 0 0 0 0 0 0 0 0 0 0 0 0 0 0 0 0 0 0 0 0 0 0 0 0 0 0 0 0 0 0 0 0 0 0 0 0 0 0 0 0 0 0 0 0 0 0 0 0 0 0 0 0 0 0 0 0 0 0 1 0 0 0 0 0 0 0 0 0 0 0 0 0 0 0 0 0 0 0 0 0 0 0]
[86478335698483268455109922498874289048420222046897896773805994168417379525717748135231317822841580924831570991506518598870610619091960611363470437785346841955067231984284668071187800171839016020916146455564911842701472152234378816321254157239743760744907243613835521418447521442 0 0 0 0 0 0 0 0 0 0 0 0 0 0 0 0 0 0 0 0 0 0 0 0 0 0 0 0 0 0 0 0 0 0 0 0 0 0 0 0 0 0 0 0 0 0 0 0 0 0 0 0 0 0 0 0 0 0 0 0 0 0 0 0 0 0 0 0 0 1 0 0 0 0 0 0 0 0 0 0 0 0 0 0 0 0 0 0 0 0 0 0]
[2096964125334115039561838480645457282560919391320514265372832917025444753242857888432200806521194412918923041338015571963014856883381278578481160471628706402699391488866647646735922075239490852744273077845311395146120557597557169032031672119455686228276196480986281502604118222788 0 0 0 0 0 0 0 0 0 0 0 0 0 0 0 0 0 0 0 0 0 0 0 0 0 0 0 0 0 0 0 0 0 0 0 0 0 0 0 0 0 0 0 0 0 0 0 0 0 0 0 0 0 0 0 0 0 0 0 0 0 0 0 0 0 0 0 0 0 0 1 0 0 0 0 0 0 0 0 0 0 0 0 0 0 0 0 0 0 0 0 0]
[2685859163862805473723766789734389552067480090420755844434143885010191659183018142608820928901528985628851114858775249333634266623333605096136695612800441757909856016086139534269928346789163683193478696423034686990042819422360510903704435092571186978950663649927423717457223407423 0 0 0 0 0 0 0 0 0 0 0 0 0 0 0 0 0 0 0 0 0 0 0 0 0 0 0 0 0 0 0 0 0 0 0 0 0 0 0 0 0 0 0 0 0 0 0 0 0 0 0 0 0 0 0 0 0 0 0 0 0 0 0 0 0 0 0 0 0 0 0 1 0 0 0 0 0 0 0 0 0 0 0 0 0 0 0 0 0 0 0 0]
[3685718722226436501180977933383190103235200772095749979654882248843519014253663641313436640318381148888961290377917031434091184248730318832957248261654128784488740557100784063686533314683941386231996465975228982110508683501951602665803072015672347149001733279352859562892013401719 0 0 0 0 0 0 0 0 0 0 0 0 0 0 0 0 0 0 0 0 0 0 0 0 0 0 0 0 0 0 0 0 0 0 0 0 0 0 0 0 0 0 0 0 0 0 0 0 0 0 0 0 0 0 0 0 0 0 0 0 0 0 0 0 0 0 0 0 0 0 0 0 1 0 0 0 0 0 0 0 0 0 0 0 0 0 0 0 0 0 0 0]
[1472108110407098947450506222214869146430001869507214993703791174575974976922909969582181320425990722453516605529785515165688837626859913903301383340549825777557358148159120788206478686297437268783462622764489848282366805322141269498263697375674872462052227581300084431708952680164 0 0 0 0 0 0 0 0 0 0 0 0 0 0 0 0 0 0 0 0 0 0 0 0 0 0 0 0 0 0 0 0 0 0 0 0 0 0 0 0 0 0 0 0 0 0 0 0 0 0 0 0 0 0 0 0 0 0 0 0 0 0 0 0 0 0 0 0 0 0 0 0 0 1 0 0 0 0 0 0 0 0 0 0 0 0 0 0 0 0 0 0]
[5046503632552373222555843406278067034295606953841516201778071913713793947196124578509841344033122831672491881053454577259766422656852696803479613346301628766319222611491098379959521604463309292918566446605880237926360336347952921252608883427288639283432203158748065658082069255666 0 0 0 0 0 0 0 0 0 0 0 0 0 0 0 0 0 0 0 0 0 0 0 0 0 0 0 0 0 0 0 0 0 0 0 0 0 0 0 0 0 0 0 0 0 0 0 0 0 0 0 0 0 0 0 0 0 0 0 0 0 0 0 0 0 0 0 0 0 0 0 0 0 0 1 0 0 0 0 0 0 0 0 0 0 0 0 0 0 0 0 0]
[3849036335573274190548339926684715853016946200347383462447473525730865015696003987321596037280286390489005854442472160312851601971263903696940910660223654950683435398860267717795544461082886270346755276788589669249290084422926337782939574385368497681673622851053841939514649048030 0 0 0 0 0 0 0 0 0 0 0 0 0 0 0 0 0 0 0 0 0 0 0 0 0 0 0 0 0 0 0 0 0 0 0 0 0 0 0 0 0 0 0 0 0 0 0 0 0 0 0 0 0 0 0 0 0 0 0 0 0 0 0 0 0 0 0 0 0 0 0 0 0 0 0 1 0 0 0 0 0 0 0 0 0 0 0 0 0 0 0 0]
[16619214410531554798451878144422737279828462657653648418490474125450121793830359300196226904736438275476372093095270112476837721975987876497423041814358048494749169242414575533426814721819888665211249778984290146806939453629014573019525426927121120746596072924004295561134365806 0 0 0 0 0 0 0 0 0 0 0 0 0 0 0 0 0 0 0 0 0 0 0 0 0 0 0 0 0 0 0 0 0 0 0 0 0 0 0 0 0 0 0 0 0 0 0 0 0 0 0 0 0 0 0 0 0 0 0 0 0 0 0 0 0 0 0 0 0 0 0 0 0 0 0 0 1 0 0 0 0 0 0 0 0 0 0 0 0 0 0 0]
[992545101712810267775372449792908047669798957490285534097672707080948250053315610034054359860694036293621205342911641946961054688511785812917263280554250933987449514971697035946591128294420775096724344416990389253988016533051086494120521470388192214035626304696131643611697334105 0 0 0 0 0 0 0 0 0 0 0 0 0 0 0 0 0 0 0 0 0 0 0 0 0 0 0 0 0 0 0 0 0 0 0 0 0 0 0 0 0 0 0 0 0 0 0 0 0 0 0 0 0 0 0 0 0 0 0 0 0 0 0 0 0 0 0 0 0 0 0 0 0 0 0 0 0 1 0 0 0 0 0 0 0 0 0 0 0 0 0 0]
[200383971085564939334061025325734839905704503276491138673839412889112518645289804230321914304565390301865578502732244471824245404080797910089251179148875450725775049359085907387832057371104561213014436555076759112260539030230211548093436123840937858503795299278040837606023520580 0 0 0 0 0 0 0 0 0 0 0 0 0 0 0 0 0 0 0 0 0 0 0 0 0 0 0 0 0 0 0 0 0 0 0 0 0 0 0 0 0 0 0 0 0 0 0 0 0 0 0 0 0 0 0 0 0 0 0 0 0 0 0 0 0 0 0 0 0 0 0 0 0 0 0 0 0 0 1 0 0 0 0 0 0 0 0 0 0 0 0 0]
[4401779657706514072197204577339534497184322403731430530182624315901400951705045180769777962433923120219999162291242612432197419407362947358336347341659490875920339897023317990877102140557224088691456437239463289514019396216065544283497892273262480301237466096551117568398435852494 0 0 0 0 0 0 0 0 0 0 0 0 0 0 0 0 0 0 0 0 0 0 0 0 0 0 0 0 0 0 0 0 0 0 0 0 0 0 0 0 0 0 0 0 0 0 0 0 0 0 0 0 0 0 0 0 0 0 0 0 0 0 0 0 0 0 0 0 0 0 0 0 0 0 0 0 0 0 0 1 0 0 0 0 0 0 0 0 0 0 0 0]
[3414407031645262001191697950475218297091853200509750752802167187874501363472694778650905255281373524688723626652999276068412585557637044143633322744567946843236255431156321390210403121182133142224827264394643785369174083810430011795277300548353006916049273894280528840779245435488 0 0 0 0 0 0 0 0 0 0 0 0 0 0 0 0 0 0 0 0 0 0 0 0 0 0 0 0 0 0 0 0 0 0 0 0 0 0 0 0 0 0 0 0 0 0 0 0 0 0 0 0 0 0 0 0 0 0 0 0 0 0 0 0 0 0 0 0 0 0 0 0 0 0 0 0 0 0 0 0 1 0 0 0 0 0 0 0 0 0 0 0]
[3140676407317564584728293057757041852739710754965454790078430072677344484045693613506885504915938168447758103322244124002512967958546891781575148395454362372685767336360929695539215298314332565373330880064018089515764841722775480968862664860053485359535432435698680252329506153026 0 0 0 0 0 0 0 0 0 0 0 0 0 0 0 0 0 0 0 0 0 0 0 0 0 0 0 0 0 0 0 0 0 0 0 0 0 0 0 0 0 0 0 0 0 0 0 0 0 0 0 0 0 0 0 0 0 0 0 0 0 0 0 0 0 0 0 0 0 0 0 0 0 0 0 0 0 0 0 0 0 1 0 0 0 0 0 0 0 0 0 0]
[673839965887077021068312800643694433887611777406190515780759625251284756228472096038416908552785734117515861820909721217547679192459223875971139293469086996046763836172219744266707466955969825224020733585254831757410266377264943321049852031156756572732183891895125457941409514831 0 0 0 0 0 0 0 0 0 0 0 0 0 0 0 0 0 0 0 0 0 0 0 0 0 0 0 0 0 0 0 0 0 0 0 0 0 0 0 0 0 0 0 0 0 0 0 0 0 0 0 0 0 0 0 0 0 0 0 0 0 0 0 0 0 0 0 0 0 0 0 0 0 0 0 0 0 0 0 0 0 0 1 0 0 0 0 0 0 0 0 0]
[4598627358557648196673610854162802037347281294445985284024233843181683919318818271515936184442740766726708434989618549638343385938199163206674565011476029844341130942202517965541205952919387921656055480378682861713398803440095638925362473406160451366233756485463731761658916455537 0 0 0 0 0 0 0 0 0 0 0 0 0 0 0 0 0 0 0 0 0 0 0 0 0 0 0 0 0 0 0 0 0 0 0 0 0 0 0 0 0 0 0 0 0 0 0 0 0 0 0 0 0 0 0 0 0 0 0 0 0 0 0 0 0 0 0 0 0 0 0 0 0 0 0 0 0 0 0 0 0 0 0 1 0 0 0 0 0 0 0 0]
[5116305459236258756333835479483350910854834840993395730013897558577266197199446937652143740898978562421256925531897556636466253503009335566128119552269673044703161163907548016485411603440529284965280787354686084783618690375391054549731654149040408486255436070244611319150255404127 0 0 0 0 0 0 0 0 0 0 0 0 0 0 0 0 0 0 0 0 0 0 0 0 0 0 0 0 0 0 0 0 0 0 0 0 0 0 0 0 0 0 0 0 0 0 0 0 0 0 0 0 0 0 0 0 0 0 0 0 0 0 0 0 0 0 0 0 0 0 0 0 0 0 0 0 0 0 0 0 0 0 0 0 1 0 0 0 0 0 0 0]
[2974727180699832740742317896885365593047880651974485573725693196467369510213973185186066116461653206416672564357672612369606426680843815869346072406811973967109453458064101890518302976011538449167174959150704578565411436075814851037876757883417281592763343637766230528914081080903 0 0 0 0 0 0 0 0 0 0 0 0 0 0 0 0 0 0 0 0 0 0 0 0 0 0 0 0 0 0 0 0 0 0 0 0 0 0 0 0 0 0 0 0 0 0 0 0 0 0 0 0 0 0 0 0 0 0 0 0 0 0 0 0 0 0 0 0 0 0 0 0 0 0 0 0 0 0 0 0 0 0 0 0 0 1 0 0 0 0 0 0]
[1468204796843140204441442194195380205848122050330134733011553748938576019031555368644396316331676113106784179374632025684032868012509714507063123746249417746620711784978203522050973477308962812808026946846645553809924863403004745217556784643871279709891254559998371904139452023549 0 0 0 0 0 0 0 0 0 0 0 0 0 0 0 0 0 0 0 0 0 0 0 0 0 0 0 0 0 0 0 0 0 0 0 0 0 0 0 0 0 0 0 0 0 0 0 0 0 0 0 0 0 0 0 0 0 0 0 0 0 0 0 0 0 0 0 0 0 0 0 0 0 0 0 0 0 0 0 0 0 0 0 0 0 0 1 0 0 0 0 0]
[234581719042126577564309848180332129326029541197250292042243048956780492834980979252346266221447115615486895893344187453455915864545067035992502440148514837330269531902111387292469788902854751166130597005034984117314144873169632829400241852695326447320635224083085226516809315851 0 0 0 0 0 0 0 0 0 0 0 0 0 0 0 0 0 0 0 0 0 0 0 0 0 0 0 0 0 0 0 0 0 0 0 0 0 0 0 0 0 0 0 0 0 0 0 0 0 0 0 0 0 0 0 0 0 0 0 0 0 0 0 0 0 0 0 0 0 0 0 0 0 0 0 0 0 0 0 0 0 0 0 0 0 0 0 1 0 0 0 0]
[3897806168085403299639519602896073548502512377067239371516543896722655411350416657245857152418220119145482667472904287016136288895938544300240382664220564681158346670103285473141998195463698640857770400052149364587677106834081176941938428214303713613913814683231604723477627890465 0 0 0 0 0 0 0 0 0 0 0 0 0 0 0 0 0 0 0 0 0 0 0 0 0 0 0 0 0 0 0 0 0 0 0 0 0 0 0 0 0 0 0 0 0 0 0 0 0 0 0 0 0 0 0 0 0 0 0 0 0 0 0 0 0 0 0 0 0 0 0 0 0 0 0 0 0 0 0 0 0 0 0 0 0 0 0 0 1 0 0 0]
[1266542899703447813152253799024308580350729065366114140741210248049275939332610565526168699359045607454917670315493038607498364988707653241253619069216189542306637353665539346672172138657452596255629995862654284765306256779090166526616006294022582294031863688255560861551038235916 0 0 0 0 0 0 0 0 0 0 0 0 0 0 0 0 0 0 0 0 0 0 0 0 0 0 0 0 0 0 0 0 0 0 0 0 0 0 0 0 0 0 0 0 0 0 0 0 0 0 0 0 0 0 0 0 0 0 0 0 0 0 0 0 0 0 0 0 0 0 0 0 0 0 0 0 0 0 0 0 0 0 0 0 0 0 0 0 0 1 0 0]
[1792777665527845454854250256599703675311832000195750393143283480043677302939311314338632573022321669504028312009805747356478512107651107391906806659072995403789834277282963283632496219555320558789591027965442328054232945976165201335308811159361322821303979168772405906779146591419 0 0 0 0 0 0 0 0 0 0 0 0 0 0 0 0 0 0 0 0 0 0 0 0 0 0 0 0 0 0 0 0 0 0 0 0 0 0 0 0 0 0 0 0 0 0 0 0 0 0 0 0 0 0 0 0 0 0 0 0 0 0 0 0 0 0 0 0 0 0 0 0 0 0 0 0 0 0 0 0 0 0 0 0 0 0 0 0 0 0 1 0]
[3309969952278386909406356394635627779126370632688399826133602990877124060708533560408784107281828755427181144574504134717771468406405787963690409606171009394341908831970202122323997520491699326632168938835969246567865107092560201130775740106012009947351520071950922993543620729342 0 0 0 0 0 0 0 0 0 0 0 0 0 0 0 0 0 0 0 0 0 0 0 0 0 0 0 0 0 0 0 0 0 0 0 0 0 0 0 0 0 0 0 0 0 0 0 0 0 0 0 0 0 0 0 0 0 0 0 0 0 0 0 0 0 0 0 0 0 0 0 0 0 0 0 0 0 0 0 0 0 0 0 0 0 0 0 0 0 0 0 1]
]
