[[8390614846595722010420504086635059505549810819122276581559033061689033638796855724984859747876773296358260246468847692967349109136615636808074288918817027785407069450866347700470491886466886389443351389975473493762296382861649018095382381196467593449990235885231904581474607224983 0 0 0 0 0 0 0 0 0 0 0 0 0 0 0 0 0 0 0 0 0 0 0 0 0 0 0 0 0 0 0 0 0 0 0 0 0 0 0 0 0 0 0 0 0 0 0 0 0 0 0 0 0 0 0 0 0 0 0 0 0 0 0 0 0 0 0 0 0 0 0 0 0 0 0 0 0 0 0 0 0 0 0 0 0 0 0 0 0 0 0 0]
[7531198620888870435843025765256737753465099931203139242730474088482061068576476272980890040614009422498825302061117831168291148877202267054642308390216487672274660138700699198480210293679856077915935515052431070331302694048397298884664051985678452048375161108835576967348810487005 1 0 0 0 0 0 0 0 0 0 0 0 0 0 0 0 0 0 0 0 0 0 0 0 0 0 0 0 0 0 0 0 0 0 0 0 0 0 0 0 0 0 0 0 0 0 0 0 0 0 0 0 0 0 0 0 0 0 0 0 0 0 0 0 0 0 0 0 0 0 0 0 0 0 0 0 0 0 0 0 0 0 0 0 0 0 0 0 0 0 0 0]
[6922321440801603979781303443319430806448462059809121884066721787824059436189690805718610153086614808238090859853879936616003324367727169596436359253654990889020609457881483868923342272116096856962416252855232624560403355568312207957712873852480419168890711386262508367600994272216 0 1 0 0 0 0 0 0 0 0 0 0 0 0 0 0 0 0 0 0 0 0 0 0 0 0 0 0 0 0 0 0 0 0 0 0 0 0 0 0 0 0 0 0 0 0 0 0 0 0 0 0 0 0 0 0 0 0 0 0 0 0 0 0 0 0 0 0 0 0 0 0 0 0 0 0 0 0 0 0 0 0 0 0 0 0 0 0 0 0 0 0]
[1720579338220957336986633780085498893325769729468818847663816851894639261596634056125014880359177281561375027705517653511563534022907357770510843078795744718724067070620995268005029885592930509241894568885996091264528966726316284392098956056398025043879552240509371404303329453563 0 0 1 0 0 0 0 0 0 0 0 0 0 0 0 0 0 0 0 0 0 0 0 0 0 0 0 0 0 0 0 0 0 0 0 0 0 0 0 0 0 0 0 0 0 0 0 0 0 0 0 0 0 0 0 0 0 0 0 0 0 0 0 0 0 0 0 0 0 0 0 0 0 0 0 0 0 0 0 0 0 0 0 0 0 0 0 0 0 0 0 0]
[4373394151634821129585265408674812219697750650375628040748367942300095428508741217749624467532429011377313259140873632973835272998367150803585781184202269600068524846436514929104460694439736237859800028601282834155254335521204532413260756816666492117617194274132282211976180787102 0 0 0 1 0 0 0 0 0 0 0 0 0 0 0 0 0 0 0 0 0 0 0 0 0 0 0 0 0 0 0 0 0 0 0 0 0 0 0 0 0 0 0 0 0 0 0 0 0 0 0 0 0 0 0 0 0 0 0 0 0 0 0 0 0 0 0 0 0 0 0 0 0 0 0 0 0 0 0 0 0 0 0 0 0 0 0 0 0 0 0 0]
[7616018518608304812183993278781253459191696335908357804391083301190084608189244669913822606573127389054424522331076480164924763492515135011136814509518911899936023970997277395495209376413131851862308175196633966413863401293840923403890896570935954589148491684024454297499995264534 0 0 0 0 1 0 0 0 0 0 0 0 0 0 0 0 0 0 0 0 0 0 0 0 0 0 0 0 0 0 0 0 0 0 0 0 0 0 0 0 0 0 0 0 0 0 0 0 0 0 0 0 0 0 0 0 0 0 0 0 0 0 0 0 0 0 0 0 0 0 0 0 0 0 0 0 0 0 0 0 0 0 0 0 0 0 0 0 0 0 0 0]
[7447485983676767861937914650860924167729125528845280271141027364440127737774098259995500170467604983148770183770455028322062992400360554455307759988880594763231286457124868512213172097413746067707984150534058539063550167943060768160589622945980729527705909233937893381575649376408 0 0 0 0 0 1 0 0 0 0 0 0 0 0 0 0 0 0 0 0 0 0 0 0 0 0 0 0 0 0 0 0 0 0 0 0 0 0 0 0 0 0 0 0 0 0 0 0 0 0 0 0 0 0 0 0 0 0 0 0 0 0 0 0 0 0 0 0 0 0 0 0 0 0 0 0 0 0 0 0 0 0 0 0 0 0 0 0 0 0 0 0]
[2405106995063778335327095628585770420078020546661218492319714016272788111353756344851697164843298602299565950830664127145834920627755224304739965683021134057059039074725158935537278677839691971983568902911539688981230468803958756473360417878673882432300763308585010478254655521810 0 0 0 0 0 0 1 0 0 0 0 0 0 0 0 0 0 0 0 0 0 0 0 0 0 0 0 0 0 0 0 0 0 0 0 0 0 0 0 0 0 0 0 0 0 0 0 0 0 0 0 0 0 0 0 0 0 0 0 0 0 0 0 0 0 0 0 0 0 0 0 0 0 0 0 0 0 0 0 0 0 0 0 0 0 0 0 0 0 0 0 0]
[7495102275957931762903419170505463324185278817014335612801709946917818438407820135165468963000961189584225491977313567680146878322069623479221287347296146574179854613918922606009016508135510778627984708159357763530441607007832312904134805129052330137871733322302676851127786474251 0 0 0 0 0 0 0 1 0 0 0 0 0 0 0 0 0 0 0 0 0 0 0 0 0 0 0 0 0 0 0 0 0 0 0 0 0 0 0 0 0 0 0 0 0 0 0 0 0 0 0 0 0 0 0 0 0 0 0 0 0 0 0 0 0 0 0 0 0 0 0 0 0 0 0 0 0 0 0 0 0 0 0 0 0 0 0 0 0 0 0 0]
[2051569670293272609829009389013170297342975393246222953177926652179383143537454664472207615901011368958838489823692205690233181180605523750192139734177467686464698372323200047629237980994702053616647021973405398779165128818037756664809961003684395567026242711438220934378061570665 0 0 0 0 0 0 0 0 1 0 0 0 0 0 0 0 0 0 0 0 0 0 0 0 0 0 0 0 0 0 0 0 0 0 0 0 0 0 0 0 0 0 0 0 0 0 0 0 0 0 0 0 0 0 0 0 0 0 0 0 0 0 0 0 0 0 0 0 0 0 0 0 0 0 0 0 0 0 0 0 0 0 0 0 0 0 0 0 0 0 0 0]
[900865794433404350705829570173485618655692240765426473538700679076436952798047803507579669351959026784218409821801828946128703235861378201777616689839205417982132830295995629276974012322071550517121666488065749490144501561912391211276652382956487042319387792051612276095868164373 0 0 0 0 0 0 0 0 0 1 0 0 0 0 0 0 0 0 0 0 0 0 0 0 0 0 0 0 0 0 0 0 0 0 0 0 0 0 0 0 0 0 0 0 0 0 0 0 0 0 0 0 0 0 0 0 0 0 0 0 0 0 0 0 0 0 0 0 0 0 0 0 0 0 0 0 0 0 0 0 0 0 0 0 0 0 0 0 0 0 0 0]
[6018921400203265551821440087098751368187000233102922197289594946258660443812812813825626312715947412322309920737791658015539097480494830850164301443036692326216742121453403573715259997543930801015307558949404807808076832674026365358280752079555283820680020781700357754639855131851 0 0 0 0 0 0 0 0 0 0 1 0 0 0 0 0 0 0 0 0 0 0 0 0 0 0 0 0 0 0 0 0 0 0 0 0 0 0 0 0 0 0 0 0 0 0 0 0 0 0 0 0 0 0 0 0 0 0 0 0 0 0 0 0 0 0 0 0 0 0 0 0 0 0 0 0 0 0 0 0 0 0 0 0 0 0 0 0 0 0 0 0]
[1529736899779685371860665080831238722685467887615791208916946475786595513913930720730786894136936985946943710955047820180685888890891150382178190262998121250070273003210341854836473909990326063264352568374040840658248663635409327618587510827780630987929677373478886089244386252654 0 0 0 0 0 0 0 0 0 0 0 1 0 0 0 0 0 0 0 0 0 0 0 0 0 0 0 0 0 0 0 0 0 0 0 0 0 0 0 0 0 0 0 0 0 0 0 0 0 0 0 0 0 0 0 0 0 0 0 0 0 0 0 0 0 0 0 0 0 0 0 0 0 0 0 0 0 0 0 0 0 0 0 0 0 0 0 0 0 0 0 0]
[7998387839469935975911998758889939243061605920015507129432143436791864518124841102295985759862419120697681399610707995301563160780682065879633383130038063611004960822068230199889952201909347309910415202381464812722242575061734274437115889009460186045366124123355150895988105145959 0 0 0 0 0 0 0 0 0 0 0 0 1 0 0 0 0 0 0 0 0 0 0 0 0 0 0 0 0 0 0 0 0 0 0 0 0 0 0 0 0 0 0 0 0 0 0 0 0 0 0 0 0 0 0 0 0 0 0 0 0 0 0 0 0 0 0 0 0 0 0 0 0 0 0 0 0 0 0 0 0 0 0 0 0 0 0 0 0 0 0 0]
[7630583954176647984630743641537390891445584245499081850660530987195942072214984789840509645540101764355357023836892603246596007154489169638564448139155044239245011609704788761425072212582195864926675264868704642403360933084359221584062063829972781000870173742566458424617392618063 0 0 0 0 0 0 0 0 0 0 0 0 0 1 0 0 0 0 0 0 0 0 0 0 0 0 0 0 0 0 0 0 0 0 0 0 0 0 0 0 0 0 0 0 0 0 0 0 0 0 0 0 0 0 0 0 0 0 0 0 0 0 0 0 0 0 0 0 0 0 0 0 0 0 0 0 0 0 0 0 0 0 0 0 0 0 0 0 0 0 0 0]
[3841561180094721857526443792175537338132713324802491680158836222052766269476612269980060027628091325220762589906007022962394891878960079847366685564004544799616007178506928335608120377259977234732587384714180488680794411003677131119421009360466020159873592255541057865719682265262 0 0 0 0 0 0 0 0 0 0 0 0 0 0 1 0 0 0 0 0 0 0 0 0 0 0 0 0 0 0 0 0 0 0 0 0 0 0 0 0 0 0 0 0 0 0 0 0 0 0 0 0 0 0 0 0 0 0 0 0 0 0 0 0 0 0 0 0 0 0 0 0 0 0 0 0 0 0 0 0 0 0 0 0 0 0 0 0 0 0 0 0]
[8167126674790351539611282637050124260507080691121948463466268410161105578756963607383287214804449584722998625448067972715274265682371109451590049725297142996235900075665483918181811024531351425088531101272750331384053065817705242680125668416327172305168175569344469419612974756115 0 0 0 0 0 0 0 0 0 0 0 0 0 0 0 1 0 0 0 0 0 0 0 0 0 0 0 0 0 0 0 0 0 0 0 0 0 0 0 0 0 0 0 0 0 0 0 0 0 0 0 0 0 0 0 0 0 0 0 0 0 0 0 0 0 0 0 0 0 0 0 0 0 0 0 0 0 0 0 0 0 0 0 0 0 0 0 0 0 0 0 0]
[1626716662135980391966501090328010818389959470227177768622013293229095953761076596489595231743118660533357981045328796220546133348413583683750878337112920663783880193735204483973031443473739742898477564257161723491770166844265091449067880325722373405626925036037690475889976778844 0 0 0 0 0 0 0 0 0 0 0 0 0 0 0 0 1 0 0 0 0 0 0 0 0 0 0 0 0 0 0 0 0 0 0 0 0 0 0 0 0 0 0 0 0 0 0 0 0 0 0 0 0 0 0 0 0 0 0 0 0 0 0 0 0 0 0 0 0 0 0 0 0 0 0 0 0 0 0 0 0 0 0 0 0 0 0 0 0 0 0 0]
[3483351881418705525030813321964716602529028910885890845575837586660008731355575071874848426713016083050958941612863634327310026934256231758307977873891676481596315236274940258314343362778551481522849075143368758678497111270868721603427167282285614848804893608831041167337030492416 0 0 0 0 0 0 0 0 0 0 0 0 0 0 0 0 0 1 0 0 0 0 0 0 0 0 0 0 0 0 0 0 0 0 0 0 0 0 0 0 0 0 0 0 0 0 0 0 0 0 0 0 0 0 0 0 0 0 0 0 0 0 0 0 0 0 0 0 0 0 0 0 0 0 0 0 0 0 0 0 0 0 0 0 0 0 0 0 0 0 0 0]
[1106643091551690603417973519986601032672441425186617946944618136446899462190348390233731136828965438592392131258131367804446343378216878621575382439686662910900402274353531224843111060692286966680582658908153995326529149969320935633773013123073071109798860537548311682174272051662 0 0 0 0 0 0 0 0 0 0 0 0 0 0 0 0 0 0 1 0 0 0 0 0 0 0 0 0 0 0 0 0 0 0 0 0 0 0 0 0 0 0 0 0 0 0 0 0 0 0 0 0 0 0 0 0 0 0 0 0 0 0 0 0 0 0 0 0 0 0 0 0 0 0 0 0 0 0 0 0 0 0 0 0 0 0 0 0 0 0 0 0]
[4135302346452178802882707855604272805350071007315987557851366480453894142764203931062580060353348164266617365390767513565655794397367354440355372519734153245242636884210233162645219068468052602097273725595134631697706050263996681890466526140837120741172089819810919769523915010636 0 0 0 0 0 0 0 0 0 0 0 0 0 0 0 0 0 0 0 1 0 0 0 0 0 0 0 0 0 0 0 0 0 0 0 0 0 0 0 0 0 0 0 0 0 0 0 0 0 0 0 0 0 0 0 0 0 0 0 0 0 0 0 0 0 0 0 0 0 0 0 0 0 0 0 0 0 0 0 0 0 0 0 0 0 0 0 0 0 0 0 0]
[6293868945551092973947900280073777966395519934864947949066200559075437528640960570973506591145272396381225927862550343327691532132515080169155858533854635200254948014102720941394877735467361213479843505559072484389561116974552326682414562967896508832786963782608500986890273886788 0 0 0 0 0 0 0 0 0 0 0 0 0 0 0 0 0 0 0 0 1 0 0 0 0 0 0 0 0 0 0 0 0 0 0 0 0 0 0 0 0 0 0 0 0 0 0 0 0 0 0 0 0 0 0 0 0 0 0 0 0 0 0 0 0 0 0 0 0 0 0 0 0 0 0 0 0 0 0 0 0 0 0 0 0 0 0 0 0 0 0 0]
[7274134280943297176530337536860262240344736984045653678906081559929404260353999191073658557723998236807626921669785232469705642040355870726021724196814140592117683543387572851956441149998125100334975602331132030927128658481273602581451112055890122466392646972038944080109282906846 0 0 0 0 0 0 0 0 0 0 0 0 0 0 0 0 0 0 0 0 0 1 0 0 0 0 0 0 0 0 0 0 0 0 0 0 0 0 0 0 0 0 0 0 0 0 0 0 0 0 0 0 0 0 0 0 0 0 0 0 0 0 0 0 0 0 0 0 0 0 0 0 0 0 0 0 0 0 0 0 0 0 0 0 0 0 0 0 0 0 0 0]
[1447680016752220299067307690816701882589807007185898932963478655095014504052365497936558043825982516577970030029492914180709743223584107922805114707631876473801861403378051566018325586547783811812420523504692653824915422425910930016708977875480390602754189675417208694353307901547 0 0 0 0 0 0 0 0 0 0 0 0 0 0 0 0 0 0 0 0 0 0 1 0 0 0 0 0 0 0 0 0 0 0 0 0 0 0 0 0 0 0 0 0 0 0 0 0 0 0 0 0 0 0 0 0 0 0 0 0 0 0 0 0 0 0 0 0 0 0 0 0 0 0 0 0 0 0 0 0 0 0 0 0 0 0 0 0 0 0 0 0]
[4266506391513063770691005346082323089247705851572427477699095492200826048716928783430542701466627981213701489031859171479675741433600817121614208911650901856956823366535122684966670500694782240570686146899377562715445376901005966020389411329231363940292381796773440412188260492766 0 0 0 0 0 0 0 0 0 0 0 0 0 0 0 0 0 0 0 0 0 0 0 1 0 0 0 0 0 0 0 0 0 0 0 0 0 0 0 0 0 0 0 0 0 0 0 0 0 0 0 0 0 0 0 0 0 0 0 0 0 0 0 0 0 0 0 0 0 0 0 0 0 0 0 0 0 0 0 0 0 0 0 0 0 0 0 0 0 0 0 0]
[6152559120298570393966126085854348035797382878496857670714650218924249465108850039189564528884441931891857982954029983177402033331364198477614645896864983997516323545394546802353640158546991376380338757412625750332995443230693783387743952388788029745657411007660217902262532503656 0 0 0 0 0 0 0 0 0 0 0 0 0 0 0 0 0 0 0 0 0 0 0 0 1 0 0 0 0 0 0 0 0 0 0 0 0 0 0 0 0 0 0 0 0 0 0 0 0 0 0 0 0 0 0 0 0 0 0 0 0 0 0 0 0 0 0 0 0 0 0 0 0 0 0 0 0 0 0 0 0 0 0 0 0 0 0 0 0 0 0 0]
[6253832064362469924288291802778378453935903538492111341455701173894385744011363296291422999269894280792026001939604792278525720690416038487303500197815029073213951418820216266102218504769730363878015077732415921232509349757825580274520236390175060275990369996064819314654104363772 0 0 0 0 0 0 0 0 0 0 0 0 0 0 0 0 0 0 0 0 0 0 0 0 0 1 0 0 0 0 0 0 0 0 0 0 0 0 0 0 0 0 0 0 0 0 0 0 0 0 0 0 0 0 0 0 0 0 0 0 0 0 0 0 0 0 0 0 0 0 0 0 0 0 0 0 0 0 0 0 0 0 0 0 0 0 0 0 0 0 0 0]
[7790373866736602632863797404914006986238272431451367241087788289900200427182439162972700851725842094969109437430969244135917473453649520578595776504741177138077023177514685350032217582042231013434663281908732340399749103409781377956503755335001591771943646196154900955018724724156 0 0 0 0 0 0 0 0 0 0 0 0 0 0 0 0 0 0 0 0 0 0 0 0 0 0 1 0 0 0 0 0 0 0 0 0 0 0 0 0 0 0 0 0 0 0 0 0 0 0 0 0 0 0 0 0 0 0 0 0 0 0 0 0 0 0 0 0 0 0 0 0 0 0 0 0 0 0 0 0 0 0 0 0 0 0 0 0 0 0 0 0]
[6638163736639541721320336507263915028288051753454948735731469633986427271180464040490466798015744615694754158100404786026058289279558281327579717733547722732113723670560528178561110832303321306825184688071888269042671425926079350955706095591756445107873814609714407215492418372238 0 0 0 0 0 0 0 0 0 0 0 0 0 0 0 0 0 0 0 0 0 0 0 0 0 0 0 1 0 0 0 0 0 0 0 0 0 0 0 0 0 0 0 0 0 0 0 0 0 0 0 0 0 0 0 0 0 0 0 0 0 0 0 0 0 0 0 0 0 0 0 0 0 0 0 0 0 0 0 0 0 0 0 0 0 0 0 0 0 0 0 0]
[4733323788762330251590382086765016750292953300208028275187498715482234111318474990587716405162529538419542615392677477952350583271972397529116199933342077779461974617244648850185654075201935393265773321314778158051106123236336458764322134558737118493277277011054692580542404449681 0 0 0 0 0 0 0 0 0 0 0 0 0 0 0 0 0 0 0 0 0 0 0 0 0 0 0 0 1 0 0 0 0 0 0 0 0 0 0 0 0 0 0 0 0 0 0 0 0 0 0 0 0 0 0 0 0 0 0 0 0 0 0 0 0 0 0 0 0 0 0 0 0 0 0 0 0 0 0 0 0 0 0 0 0 0 0 0 0 0 0 0]
[3177989837546704938461087884356011181393031401067291105436373734680605578871074235164411482895292779746872383700744975089259301270321939501117352504544563259522258524303938318438064190188077063641811932956668855314165416418315858431422942166053204946610698471208590344249253579344 0 0 0 0 0 0 0 0 0 0 0 0 0 0 0 0 0 0 0 0 0 0 0 0 0 0 0 0 0 1 0 0 0 0 0 0 0 0 0 0 0 0 0 0 0 0 0 0 0 0 0 0 0 0 0 0 0 0 0 0 0 0 0 0 0 0 0 0 0 0 0 0 0 0 0 0 0 0 0 0 0 0 0 0 0 0 0 0 0 0 0 0]
[6068248149756699655249394332688923063248608599929168241001944966833096770792559632016404291472106617134475434665061067021354823981576446641287188767566148173175654420232342081887963746247353138557465885972111211297006115000398906526274314392347611394301642398785653945505400717003 0 0 0 0 0 0 0 0 0 0 0 0 0 0 0 0 0 0 0 0 0 0 0 0 0 0 0 0 0 0 1 0 0 0 0 0 0 0 0 0 0 0 0 0 0 0 0 0 0 0 0 0 0 0 0 0 0 0 0 0 0 0 0 0 0 0 0 0 0 0 0 0 0 0 0 0 0 0 0 0 0 0 0 0 0 0 0 0 0 0 0 0]
[5897876438970561981659724336409886700887963975330588031796452346092522696259617684245304639213233887517976340852518839399200631978620528816684531278783115822200359153798016108085047677336248526164810865782253996828427609684198338851229924752807043273323277328212995543459286796820 0 0 0 0 0 0 0 0 0 0 0 0 0 0 0 0 0 0 0 0 0 0 0 0 0 0 0 0 0 0 0 1 0 0 0 0 0 0 0 0 0 0 0 0 0 0 0 0 0 0 0 0 0 0 0 0 0 0 0 0 0 0 0 0 0 0 0 0 0 0 0 0 0 0 0 0 0 0 0 0 0 0 0 0 0 0 0 0 0 0 0 0]
[2604636209914885771719129602318610718929527867323596493710404193699442795633088084246008737791764090630094046294267791352849187823278051873761568071399301162087399720890929162815327151677258081098828349656439609695045693914000462234330691851482436750321482780171222191079500371304 0 0 0 0 0 0 0 0 0 0 0 0 0 0 0 0 0 0 0 0 0 0 0 0 0 0 0 0 0 0 0 0 1 0 0 0 0 0 0 0 0 0 0 0 0 0 0 0 0 0 0 0 0 0 0 0 0 0 0 0 0 0 0 0 0 0 0 0 0 0 0 0 0 0 0 0 0 0 0 0 0 0 0 0 0 0 0 0 0 0 0 0]
[6730798911792005262368612953054368560831382904313719391700164620347185054531418759761007614689983358682705138277558316097639118520696526285696346590115831456499550348642752801813466849053642589173359648211875125500529998276709744157028732581173126882029869725347108712117315340244 0 0 0 0 0 0 0 0 0 0 0 0 0 0 0 0 0 0 0 0 0 0 0 0 0 0 0 0 0 0 0 0 0 1 0 0 0 0 0 0 0 0 0 0 0 0 0 0 0 0 0 0 0 0 0 0 0 0 0 0 0 0 0 0 0 0 0 0 0 0 0 0 0 0 0 0 0 0 0 0 0 0 0 0 0 0 0 0 0 0 0 0]
[578176705568626437931817273640527311074759882753572408649328955465938466172174877024434015440857350855612233613243267655502596399065034686413803146404771991775404847707543999739153204853913444754970397962044435880195011721827476844004779602718928401779561128535206195442732084057 0 0 0 0 0 0 0 0 0 0 0 0 0 0 0 0 0 0 0 0 0 0 0 0 0 0 0 0 0 0 0 0 0 0 1 0 0 0 0 0 0 0 0 0 0 0 0 0 0 0 0 0 0 0 0 0 0 0 0 0 0 0 0 0 0 0 0 0 0 0 0 0 0 0 0 0 0 0 0 0 0 0 0 0 0 0 0 0 0 0 0 0]
[1553403454015878088192705795753562238746518355518439519462006754120980049003598181756012036285754118435385627017991965152926155863400520745299731227563840230281278423377658277737554619638861041026161321830694798928163116653256750241811940813843799050949199868997310743994222989042 0 0 0 0 0 0 0 0 0 0 0 0 0 0 0 0 0 0 0 0 0 0 0 0 0 0 0 0 0 0 0 0 0 0 0 1 0 0 0 0 0 0 0 0 0 0 0 0 0 0 0 0 0 0 0 0 0 0 0 0 0 0 0 0 0 0 0 0 0 0 0 0 0 0 0 0 0 0 0 0 0 0 0 0 0 0 0 0 0 0 0 0]
[644708895232588100848761949052876785338960044666715191769994348466319726604324129782703944499563256029879317141826330010173981791258753961920809752812386240507759140217608862981623363080728846470990682892997549712558992216845589747578598827159127344710766958052974304910846803269 0 0 0 0 0 0 0 0 0 0 0 0 0 0 0 0 0 0 0 0 0 0 0 0 0 0 0 0 0 0 0 0 0 0 0 0 1 0 0 0 0 0 0 0 0 0 0 0 0 0 0 0 0 0 0 0 0 0 0 0 0 0 0 0 0 0 0 0 0 0 0 0 0 0 0 0 0 0 0 0 0 0 0 0 0 0 0 0 0 0 0 0]
[1291623929645780478341576123656147763934161146666353050561767535737908170144489710238658997610387547390518458269655073951138379118142459453330735540660279961822593397215036597747688029448168128575351909591777770566734598728371038910020776492653609633617279542236055597553311599853 0 0 0 0 0 0 0 0 0 0 0 0 0 0 0 0 0 0 0 0 0 0 0 0 0 0 0 0 0 0 0 0 0 0 0 0 0 1 0 0 0 0 0 0 0 0 0 0 0 0 0 0 0 0 0 0 0 0 0 0 0 0 0 0 0 0 0 0 0 0 0 0 0 0 0 0 0 0 0 0 0 0 0 0 0 0 0 0 0 0 0 0]
[7194061869757393605718970028808429107541051310581282685301769244813016454705252565317375699991048539390363564461751683227492836276698865140677130523646460897153552746615125445723565334101916268575518861373379484275929725832511218988677844113159256925581700285589935682208155754886 0 0 0 0 0 0 0 0 0 0 0 0 0 0 0 0 0 0 0 0 0 0 0 0 0 0 0 0 0 0 0 0 0 0 0 0 0 0 1 0 0 0 0 0 0 0 0 0 0 0 0 0 0 0 0 0 0 0 0 0 0 0 0 0 0 0 0 0 0 0 0 0 0 0 0 0 0 0 0 0 0 0 0 0 0 0 0 0 0 0 0 0]
[5232038345707747791986259269315087262129914613388692233419040332205746160078323179920469952767122318380366903007195936600119366724533654607328136800978520038536478721822859660057880224000855668009628951014807936935901065734538228437814480454534820858938623297303447697858763114238 0 0 0 0 0 0 0 0 0 0 0 0 0 0 0 0 0 0 0 0 0 0 0 0 0 0 0 0 0 0 0 0 0 0 0 0 0 0 0 1 0 0 0 0 0 0 0 0 0 0 0 0 0 0 0 0 0 0 0 0 0 0 0 0 0 0 0 0 0 0 0 0 0 0 0 0 0 0 0 0 0 0 0 0 0 0 0 0 0 0 0 0]
[7966078866465126993559086463986364573031322597635480095431587917069142317510904238249475989540661587914544637202902915738734836855441022441583515290675796065362857666511100012787719082646254832240755621090878875609370822988416936729572560816903194813963534963107142848298061739599 0 0 0 0 0 0 0 0 0 0 0 0 0 0 0 0 0 0 0 0 0 0 0 0 0 0 0 0 0 0 0 0 0 0 0 0 0 0 0 0 1 0 0 0 0 0 0 0 0 0 0 0 0 0 0 0 0 0 0 0 0 0 0 0 0 0 0 0 0 0 0 0 0 0 0 0 0 0 0 0 0 0 0 0 0 0 0 0 0 0 0 0]
[6706045984342598839222365736075293325612495032836670009211773804386680782352719353420952319332929507299558717812877102332471252600032515149554097317908921186599972870831602139248352235446422810544339493680401592518248096751568985302572472656283670792297541331668737774632437634312 0 0 0 0 0 0 0 0 0 0 0 0 0 0 0 0 0 0 0 0 0 0 0 0 0 0 0 0 0 0 0 0 0 0 0 0 0 0 0 0 0 1 0 0 0 0 0 0 0 0 0 0 0 0 0 0 0 0 0 0 0 0 0 0 0 0 0 0 0 0 0 0 0 0 0 0 0 0 0 0 0 0 0 0 0 0 0 0 0 0 0 0]
[8388846856110298584244478749514459983633498496912535839431325664308074631030435379456429788510569535147307212271046737359079179181705157610795504547568546436344619927030765363050304276278296999194668115877203512273726608784326516405008590943662267168645987445139756075814446746599 0 0 0 0 0 0 0 0 0 0 0 0 0 0 0 0 0 0 0 0 0 0 0 0 0 0 0 0 0 0 0 0 0 0 0 0 0 0 0 0 0 0 1 0 0 0 0 0 0 0 0 0 0 0 0 0 0 0 0 0 0 0 0 0 0 0 0 0 0 0 0 0 0 0 0 0 0 0 0 0 0 0 0 0 0 0 0 0 0 0 0 0]
[4045507527747306671743255376603598785477714287930237918732092631591063402995235931188983613963442453209380058568731607169759153823497475158028772369594380978282011961985935719935173108678758574988061053666989900485071476388659821185161801499021955454443345937229222247551237797188 0 0 0 0 0 0 0 0 0 0 0 0 0 0 0 0 0 0 0 0 0 0 0 0 0 0 0 0 0 0 0 0 0 0 0 0 0 0 0 0 0 0 0 1 0 0 0 0 0 0 0 0 0 0 0 0 0 0 0 0 0 0 0 0 0 0 0 0 0 0 0 0 0 0 0 0 0 0 0 0 0 0 0 0 0 0 0 0 0 0 0 0]
[1728682154307159388996414046047953621095128543130089430150311854896991292023885968323704648788350407489583907839197010194891739506373837115948449911813411374274597292640028480801465514097366668235309841174330283007843392278841521703712925560509936077403367208582347706678967526631 0 0 0 0 0 0 0 0 0 0 0 0 0 0 0 0 0 0 0 0 0 0 0 0 0 0 0 0 0 0 0 0 0 0 0 0 0 0 0 0 0 0 0 0 1 0 0 0 0 0 0 0 0 0 0 0 0 0 0 0 0 0 0 0 0 0 0 0 0 0 0 0 0 0 0 0 0 0 0 0 0 0 0 0 0 0 0 0 0 0 0 0]
[5644081466920903016076539052374334814378870176988476006540512341522959427456862814112261213537341629723463443214318271770469219972019274937684759843580672958369133171027120556945573361917560843491449418910579466128566106107769893979074228326556505104158933253269635911917935994280 0 0 0 0 0 0 0 0 0 0 0 0 0 0 0 0 0 0 0 0 0 0 0 0 0 0 0 0 0 0 0 0 0 0 0 0 0 0 0 0 0 0 0 0 0 1 0 0 0 0 0 0 0 0 0 0 0 0 0 0 0 0 0 0 0 0 0 0 0 0 0 0 0 0 0 0 0 0 0 0 0 0 0 0 0 0 0 0 0 0 0 0]
[1857342404865439219128134050031800710634957143470286422452255499283307925901048175970417631139382645543269217356356635588812081863419378955129728178947837557280135471933488252866248699638189335063175221738916234202108944991868746040452853082922241212732190332129869242267342797023 0 0 0 0 0 0 0 0 0 0 0 0 0 0 0 0 0 0 0 0 0 0 0 0 0 0 0 0 0 0 0 0 0 0 0 0 0 0 0 0 0 0 0 0 0 0 1 0 0 0 0 0 0 0 0 0 0 0 0 0 0 0 0 0 0 0 0 0 0 0 0 0 0 0 0 0 0 0 0 0 0 0 0 0 0 0 0 0 0 0 0 0]
[1383317606052798109245285670830508186250294633236555233832469137379288953201502139153239810608500450768672137077476085478365767034196266892341110786646231668158533792475679419958056313341451418180965007672871234708712376492147973422157844852311795408044160566935681524619203457079 0 0 0 0 0 0 0 0 0 0 0 0 0 0 0 0 0 0 0 0 0 0 0 0 0 0 0 0 0 0 0 0 0 0 0 0 0 0 0 0 0 0 0 0 0 0 0 1 0 0 0 0 0 0 0 0 0 0 0 0 0 0 0 0 0 0 0 0 0 0 0 0 0 0 0 0 0 0 0 0 0 0 0 0 0 0 0 0 0 0 0 0]
[4658345524593111542065878687826689636154380924440625226051018131674328551679281176687429759885943630307881635495092786965258156686378756483725334236287750895421489766352259189170896907439240253690141621403340372741487673218009143114176668294617067593455303306261749213862087565368 0 0 0 0 0 0 0 0 0 0 0 0 0 0 0 0 0 0 0 0 0 0 0 0 0 0 0 0 0 0 0 0 0 0 0 0 0 0 0 0 0 0 0 0 0 0 0 0 1 0 0 0 0 0 0 0 0 0 0 0 0 0 0 0 0 0 0 0 0 0 0 0 0 0 0 0 0 0 0 0 0 0 0 0 0 0 0 0 0 0 0 0]
[5708904873828009536933764111990769666031620144409186085286832889429694725334513135102116910111180336221689313741506813436114623518917433409593348661209317919510653461534401932437879767910679789330364085731229733959799409050540578959421637642539106679856890908975916125486080196698 0 0 0 0 0 0 0 0 0 0 0 0 0 0 0 0 0 0 0 0 0 0 0 0 0 0 0 0 0 0 0 0 0 0 0 0 0 0 0 0 0 0 0 0 0 0 0 0 0 1 0 0 0 0 0 0 0 0 0 0 0 0 0 0 0 0 0 0 0 0 0 0 0 0 0 0 0 0 0 0 0 0 0 0 0 0 0 0 0 0 0 0]
[5765455028547867384001177280784584723354360121898147530078770510547532638171555386016334003513056023578000437811231161443996546239839400105950264839545133284414634908676915238278754009263147279114801693937377031812385419084830186827628642485492703708269946233935742603699944306037 0 0 0 0 0 0 0 0 0 0 0 0 0 0 0 0 0 0 0 0 0 0 0 0 0 0 0 0 0 0 0 0 0 0 0 0 0 0 0 0 0 0 0 0 0 0 0 0 0 0 1 0 0 0 0 0 0 0 0 0 0 0 0 0 0 0 0 0 0 0 0 0 0 0 0 0 0 0 0 0 0 0 0 0 0 0 0 0 0 0 0 0]
[3448353928771156436988259510680318799820229662129298937072882992397372164821971113438329340003293224857672088274406096980204578473199842483964998764689350341598003475872468489573924034236127101561070310373412431691807796877381718541303485067717084331093616426437330618906969910315 0 0 0 0 0 0 0 0 0 0 0 0 0 0 0 0 0 0 0 0 0 0 0 0 0 0 0 0 0 0 0 0 0 0 0 0 0 0 0 0 0 0 0 0 0 0 0 0 0 0 0 1 0 0 0 0 0 0 0 0 0 0 0 0 0 0 0 0 0 0 0 0 0 0 0 0 0 0 0 0 0 0 0 0 0 0 0 0 0 0 0 0]
[5241392262577341155014008632017387340469299660335123234186825777399737707308788682862422411687514705850509205995473864789599040806064985247546177030376458956483227858821238199196039041995744948402875208865547003880929987148061129443710696692481590900366425424755846838355001842185 0 0 0 0 0 0 0 0 0 0 0 0 0 0 0 0 0 0 0 0 0 0 0 0 0 0 0 0 0 0 0 0 0 0 0 0 0 0 0 0 0 0 0 0 0 0 0 0 0 0 0 0 1 0 0 0 0 0 0 0 0 0 0 0 0 0 0 0 0 0 0 0 0 0 0 0 0 0 0 0 0 0 0 0 0 0 0 0 0 0 0 0]
[6695031828843102278341164187841328203594058245943585173277517572450538660138962501597477215905444857462924283469269822951537885449575571072813153635654538594867478377325537684638036660650326208673324828658062407814023499521760283448342478060845343333423404052365301197878675001882 0 0 0 0 0 0 0 0 0 0 0 0 0 0 0 0 0 0 0 0 0 0 0 0 0 0 0 0 0 0 0 0 0 0 0 0 0 0 0 0 0 0 0 0 0 0 0 0 0 0 0 0 0 1 0 0 0 0 0 0 0 0 0 0 0 0 0 0 0 0 0 0 0 0 0 0 0 0 0 0 0 0 0 0 0 0 0 0 0 0 0 0]
[213780634740533755047697183189405120019550805460971474282274414985350173049226501679823601736705656240960679789260822842632331338348277917202904291969378761013407526922775242943276434073990256862826816024918772246894604634385950332081413304553746536157229356906180465241502821632 0 0 0 0 0 0 0 0 0 0 0 0 0 0 0 0 0 0 0 0 0 0 0 0 0 0 0 0 0 0 0 0 0 0 0 0 0 0 0 0 0 0 0 0 0 0 0 0 0 0 0 0 0 0 1 0 0 0 0 0 0 0 0 0 0 0 0 0 0 0 0 0 0 0 0 0 0 0 0 0 0 0 0 0 0 0 0 0 0 0 0 0]
[8255963507168039816893702606436210770612436130420180548642424067201336571283124624567900220505121381970350581773778553743647634150213328013739909803515055560517850230571472990507636801700759513104849207160317724277793196276385916313989530696368247494466026627376870942914412962485 0 0 0 0 0 0 0 0 0 0 0 0 0 0 0 0 0 0 0 0 0 0 0 0 0 0 0 0 0 0 0 0 0 0 0 0 0 0 0 0 0 0 0 0 0 0 0 0 0 0 0 0 0 0 0 1 0 0 0 0 0 0 0 0 0 0 0 0 0 0 0 0 0 0 0 0 0 0 0 0 0 0 0 0 0 0 0 0 0 0 0 0]
[6295807352377186042260833540024641586284161232638183570848136753192439400313566616002825690011663528176315888234394988040987860365952530044682895948966132459633401938651323058774024440218797864562833849843031106252019891776974711015808972630989577667404518104356132258072199664697 0 0 0 0 0 0 0 0 0 0 0 0 0 0 0 0 0 0 0 0 0 0 0 0 0 0 0 0 0 0 0 0 0 0 0 0 0 0 0 0 0 0 0 0 0 0 0 0 0 0 0 0 0 0 0 0 1 0 0 0 0 0 0 0 0 0 0 0 0 0 0 0 0 0 0 0 0 0 0 0 0 0 0 0 0 0 0 0 0 0 0 0]
[6476675480003581962998655182584709723287930557852797776088167763388319439532359335082445426223019362667179619377258849248909866875998937242854931190493821462424731904228466737366593245720021295728616101709586597808308172474606045938648555700560043338518849101002854343134176270268 0 0 0 0 0 0 0 0 0 0 0 0 0 0 0 0 0 0 0 0 0 0 0 0 0 0 0 0 0 0 0 0 0 0 0 0 0 0 0 0 0 0 0 0 0 0 0 0 0 0 0 0 0 0 0 0 0 1 0 0 0 0 0 0 0 0 0 0 0 0 0 0 0 0 0 0 0 0 0 0 0 0 0 0 0 0 0 0 0 0 0 0]
[2007996334527329334361703882724091565208178365347003835692391737091044295551494830882153519398566475102539630596315339204299186938964668477812205089014289692759220270187508485090222648454521728545535701257836897410492402548940904259854729561342566467534550097948114922025070081462 0 0 0 0 0 0 0 0 0 0 0 0 0 0 0 0 0 0 0 0 0 0 0 0 0 0 0 0 0 0 0 0 0 0 0 0 0 0 0 0 0 0 0 0 0 0 0 0 0 0 0 0 0 0 0 0 0 0 1 0 0 0 0 0 0 0 0 0 0 0 0 0 0 0 0 0 0 0 0 0 0 0 0 0 0 0 0 0 0 0 0 0]
[4702313067807361436349106058194126539660163958835817224437927726328150489739573849111678156743000865865883159573850979182177347465444125627661891075297289246489416601636312407444086786486334954675223058351096803500797159508757839943037358533286046789961522636655874514936681249991 0 0 0 0 0 0 0 0 0 0 0 0 0 0 0 0 0 0 0 0 0 0 0 0 0 0 0 0 0 0 0 0 0 0 0 0 0 0 0 0 0 0 0 0 0 0 0 0 0 0 0 0 0 0 0 0 0 0 0 1 0 0 0 0 0 0 0 0 0 0 0 0 0 0 0 0 0 0 0 0 0 0 0 0 0 0 0 0 0 0 0 0]
[227409658418023291912726871831448236454353960980039253174626195325737155712988056832612498234828503145691660329487808740627698279407724175900124720822297699485997057182699893845790438513136745763992372612105225395534454632183455765128345406099848794239029821396771924212705448868 0 0 0 0 0 0 0 0 0 0 0 0 0 0 0 0 0 0 0 0 0 0 0 0 0 0 0 0 0 0 0 0 0 0 0 0 0 0 0 0 0 0 0 0 0 0 0 0 0 0 0 0 0 0 0 0 0 0 0 0 1 0 0 0 0 0 0 0 0 0 0 0 0 0 0 0 0 0 0 0 0 0 0 0 0 0 0 0 0 0 0 0]
[5821140958439672210217944568221761324129783197249046938753108011439559966332496909229023250329751177280822906834774124739623191579791017969093516224198876277836751099109837848886382669733358305550731699228873570383665653855199643083125701740264921040161226951104137044057083694767 0 0 0 0 0 0 0 0 0 0 0 0 0 0 0 0 0 0 0 0 0 0 0 0 0 0 0 0 0 0 0 0 0 0 0 0 0 0 0 0 0 0 0 0 0 0 0 0 0 0 0 0 0 0 0 0 0 0 0 0 0 1 0 0 0 0 0 0 0 0 0 0 0 0 0 0 0 0 0 0 0 0 0 0 0 0 0 0 0 0 0 0]
[7546794841676062924499825663562823089518814414804168685191779923064119369415446330467202407417283970214101363430734793954104264198480818529569091274903476307561167514433394819328051315145304211822202441612619052958229040883356584526863876091678570725914004023534833275298468047620 0 0 0 0 0 0 0 0 0 0 0 0 0 0 0 0 0 0 0 0 0 0 0 0 0 0 0 0 0 0 0 0 0 0 0 0 0 0 0 0 0 0 0 0 0 0 0 0 0 0 0 0 0 0 0 0 0 0 0 0 0 0 1 0 0 0 0 0 0 0 0 0 0 0 0 0 0 0 0 0 0 0 0 0 0 0 0 0 0 0 0 0]
[4054339482931452731846025268914173353162307190181430265720263034054886810302469409653014606765456869552656626856240694135867413857378876909288669810771518745511338861317273285617239002826954190035231309249555998254087369618488812568661752767461113548666994159271383465483317079461 0 0 0 0 0 0 0 0 0 0 0 0 0 0 0 0 0 0 0 0 0 0 0 0 0 0 0 0 0 0 0 0 0 0 0 0 0 0 0 0 0 0 0 0 0 0 0 0 0 0 0 0 0 0 0 0 0 0 0 0 0 0 0 1 0 0 0 0 0 0 0 0 0 0 0 0 0 0 0 0 0 0 0 0 0 0 0 0 0 0 0 0]
[2374843475331392842541950067428280530425089461289571725340073292013392188373713427988509501576959901640890986219105100753142692397786842329279192326798509962100156116468995447600616472509601362207310026329321895080507820813823347918160330275648902218908931917423404557058925729899 0 0 0 0 0 0 0 0 0 0 0 0 0 0 0 0 0 0 0 0 0 0 0 0 0 0 0 0 0 0 0 0 0 0 0 0 0 0 0 0 0 0 0 0 0 0 0 0 0 0 0 0 0 0 0 0 0 0 0 0 0 0 0 0 1 0 0 0 0 0 0 0 0 0 0 0 0 0 0 0 0 0 0 0 0 0 0 0 0 0 0 0]
[60907894902537362669031816426854698592648318091321597901779351379846160365415026139784280459809724180054504583047123681756504086612055436013002876798307291282438499958423443284129366799484709078223289074311085979005630009647834581068819759279541733343931197056468986980340775515 0 0 0 0 0 0 0 0 0 0 0 0 0 0 0 0 0 0 0 0 0 0 0 0 0 0 0 0 0 0 0 0 0 0 0 0 0 0 0 0 0 0 0 0 0 0 0 0 0 0 0 0 0 0 0 0 0 0 0 0 0 0 0 0 0 1 0 0 0 0 0 0 0 0 0 0 0 0 0 0 0 0 0 0 0 0 0 0 0 0 0 0]
[2707119500525612840151961123822284064425525480735193136350705134144436952726636832376238299054554458011492585754499205603221455684121131275829359206240107689016645192485037653175406275015963107524994643056903615827128656795006856537015924006532192198469859016369079369256056075866 0 0 0 0 0 0 0 0 0 0 0 0 0 0 0 0 0 0 0 0 0 0 0 0 0 0 0 0 0 0 0 0 0 0 0 0 0 0 0 0 0 0 0 0 0 0 0 0 0 0 0 0 0 0 0 0 0 0 0 0 0 0 0 0 0 0 1 0 0 0 0 0 0 0 0 0 0 0 0 0 0 0 0 0 0 0 0 0 0 0 0 0]
[6416692111291694279105128057217686472144240971662549674903174970153847395383125661442310068626236341869569375743684679768181309437351268162792026830147693167660042565280412571818193078181324940715942649296387027357480797705866006209915176002039541917378255599083024227490679458301 0 0 0 0 0 0 0 0 0 0 0 0 0 0 0 0 0 0 0 0 0 0 0 0 0 0 0 0 0 0 0 0 0 0 0 0 0 0 0 0 0 0 0 0 0 0 0 0 0 0 0 0 0 0 0 0 0 0 0 0 0 0 0 0 0 0 0 1 0 0 0 0 0 0 0 0 0 0 0 0 0 0 0 0 0 0 0 0 0 0 0 0]
[6106439321515403852004266681839796234459699467362152956328632506715373253585647762369942923362841378657909436303394986675709300432553734932346080125160622525991576465681049657429942943692690664994307982833397343093572472857373908086616798784409032159699252062327237653030456625686 0 0 0 0 0 0 0 0 0 0 0 0 0 0 0 0 0 0 0 0 0 0 0 0 0 0 0 0 0 0 0 0 0 0 0 0 0 0 0 0 0 0 0 0 0 0 0 0 0 0 0 0 0 0 0 0 0 0 0 0 0 0 0 0 0 0 0 0 1 0 0 0 0 0 0 0 0 0 0 0 0 0 0 0 0 0 0 0 0 0 0 0]
[2591130403625029271419212351737211721658893761231697210830155844683968285493488167104374651435336868156131305852126936025886599988144793521591091251516448541430168922609224006079859668610997750823019141033485926728773980784057491673926227504338212958821036242577327694231590438288 0 0 0 0 0 0 0 0 0 0 0 0 0 0 0 0 0 0 0 0 0 0 0 0 0 0 0 0 0 0 0 0 0 0 0 0 0 0 0 0 0 0 0 0 0 0 0 0 0 0 0 0 0 0 0 0 0 0 0 0 0 0 0 0 0 0 0 0 0 1 0 0 0 0 0 0 0 0 0 0 0 0 0 0 0 0 0 0 0 0 0 0]
[2449621361679555064213655958781129062241137166411838146904979455800993329036458409901285779042588966226415951658628344800911822307619145142916799467569102793966675095904784080749761986952738035494728828228838653135744736922338745295537303441549223999783455909713374770708199296299 0 0 0 0 0 0 0 0 0 0 0 0 0 0 0 0 0 0 0 0 0 0 0 0 0 0 0 0 0 0 0 0 0 0 0 0 0 0 0 0 0 0 0 0 0 0 0 0 0 0 0 0 0 0 0 0 0 0 0 0 0 0 0 0 0 0 0 0 0 0 1 0 0 0 0 0 0 0 0 0 0 0 0 0 0 0 0 0 0 0 0 0]
[933828580654168694803911440299029097516838559228527888124153455601908925849468945927478195401258329757651902229438258408772544900229003732606908433993086181607765283237354172933417939674522063717612877522246892147164030146437705980002241495256410605086527786794782048966794350751 0 0 0 0 0 0 0 0 0 0 0 0 0 0 0 0 0 0 0 0 0 0 0 0 0 0 0 0 0 0 0 0 0 0 0 0 0 0 0 0 0 0 0 0 0 0 0 0 0 0 0 0 0 0 0 0 0 0 0 0 0 0 0 0 0 0 0 0 0 0 0 1 0 0 0 0 0 0 0 0 0 0 0 0 0 0 0 0 0 0 0 0]
[6434495794387118959699813277172218595538909054499132515966792900422847270382109042490953487916433102587750164112205889045501848217910731554318490553038654559485197586873054001174042331637455722080957430337314991105412527480168636458019435642082126737220875273054574362272042079679 0 0 0 0 0 0 0 0 0 0 0 0 0 0 0 0 0 0 0 0 0 0 0 0 0 0 0 0 0 0 0 0 0 0 0 0 0 0 0 0 0 0 0 0 0 0 0 0 0 0 0 0 0 0 0 0 0 0 0 0 0 0 0 0 0 0 0 0 0 0 0 0 1 0 0 0 0 0 0 0 0 0 0 0 0 0 0 0 0 0 0 0]
[6331987912535822871974976470644140151210239543018795510112008611343871368817084653571541394338619683056558928877326771484410907861698517874036381738360123234407518681505227408613871253919088777080944384977726928458058724439120951687755965589787130779606245917808161698651720272193 0 0 0 0 0 0 0 0 0 0 0 0 0 0 0 0 0 0 0 0 0 0 0 0 0 0 0 0 0 0 0 0 0 0 0 0 0 0 0 0 0 0 0 0 0 0 0 0 0 0 0 0 0 0 0 0 0 0 0 0 0 0 0 0 0 0 0 0 0 0 0 0 0 1 0 0 0 0 0 0 0 0 0 0 0 0 0 0 0 0 0 0]
[4380360566038422865941455309860555620532184586027829542645142727748133553672656511159610561878292984049505943361147958308792453075124060610507062095760228434206427918919000999953610151326908206195978160178657058987314472328569068997506402396902111808411548047868749170001737103914 0 0 0 0 0 0 0 0 0 0 0 0 0 0 0 0 0 0 0 0 0 0 0 0 0 0 0 0 0 0 0 0 0 0 0 0 0 0 0 0 0 0 0 0 0 0 0 0 0 0 0 0 0 0 0 0 0 0 0 0 0 0 0 0 0 0 0 0 0 0 0 0 0 0 1 0 0 0 0 0 0 0 0 0 0 0 0 0 0 0 0 0]
[5580563475135436409686374755654841495448196439722174192877930184568065959287553206416148305417446299495955583498931247365425401778198331832726828137637759588245612310608901199296841449045454504281748333568505356897054783354228001514904874973881566395710247875615616970159277536369 0 0 0 0 0 0 0 0 0 0 0 0 0 0 0 0 0 0 0 0 0 0 0 0 0 0 0 0 0 0 0 0 0 0 0 0 0 0 0 0 0 0 0 0 0 0 0 0 0 0 0 0 0 0 0 0 0 0 0 0 0 0 0 0 0 0 0 0 0 0 0 0 0 0 0 1 0 0 0 0 0 0 0 0 0 0 0 0 0 0 0 0]
[7256580139442498884899650432371420532714195651054809515436943013320877956282607931494246358973715702601738530905613635714969163237920786164433479269924273448180673050645404554918654914662050303669761063121711757055709329706432437412697024821067063479350921228278066224319618394968 0 0 0 0 0 0 0 0 0 0 0 0 0 0 0 0 0 0 0 0 0 0 0 0 0 0 0 0 0 0 0 0 0 0 0 0 0 0 0 0 0 0 0 0 0 0 0 0 0 0 0 0 0 0 0 0 0 0 0 0 0 0 0 0 0 0 0 0 0 0 0 0 0 0 0 0 1 0 0 0 0 0 0 0 0 0 0 0 0 0 0 0]
[8198050732594219107082438718438535366398738240113354147110572099859020941611167636458813859157384366755062253376024864695044157244176702113080650168110185958093428021263524555466017849287527152529887159785069523881013161599713177748887896923563756747443377378623244045601479640093 0 0 0 0 0 0 0 0 0 0 0 0 0 0 0 0 0 0 0 0 0 0 0 0 0 0 0 0 0 0 0 0 0 0 0 0 0 0 0 0 0 0 0 0 0 0 0 0 0 0 0 0 0 0 0 0 0 0 0 0 0 0 0 0 0 0 0 0 0 0 0 0 0 0 0 0 0 1 0 0 0 0 0 0 0 0 0 0 0 0 0 0]
[8359454646477816007535739802832996940828194492840549251338367167637004563467546319078692961962891607204737302402414988814809452658057255401671441699736584229282694475401403952709259427918378953714448294168589664197581282911918150891214763399873142198074992449408359247892914159672 0 0 0 0 0 0 0 0 0 0 0 0 0 0 0 0 0 0 0 0 0 0 0 0 0 0 0 0 0 0 0 0 0 0 0 0 0 0 0 0 0 0 0 0 0 0 0 0 0 0 0 0 0 0 0 0 0 0 0 0 0 0 0 0 0 0 0 0 0 0 0 0 0 0 0 0 0 0 1 0 0 0 0 0 0 0 0 0 0 0 0 0]
[7988555553110680550731940978183087132751640298839374852230794401008488501011916548223793140755999354889586124520335662571466184390676026131116205490216884207240570993301686595355208707328146037492885579861084114668226812945303081618576064075821110328599506491505930742371127342732 0 0 0 0 0 0 0 0 0 0 0 0 0 0 0 0 0 0 0 0 0 0 0 0 0 0 0 0 0 0 0 0 0 0 0 0 0 0 0 0 0 0 0 0 0 0 0 0 0 0 0 0 0 0 0 0 0 0 0 0 0 0 0 0 0 0 0 0 0 0 0 0 0 0 0 0 0 0 0 1 0 0 0 0 0 0 0 0 0 0 0 0]
[5062818058279103892732445912366019885612047834786289988065254039424609449186296001601678273108362918214232394759819772302854704198082679015572345212498906647359856260443203413833546351304311769345804393456560547479446729063109781418790049607798766162762666013909477789261927190246 0 0 0 0 0 0 0 0 0 0 0 0 0 0 0 0 0 0 0 0 0 0 0 0 0 0 0 0 0 0 0 0 0 0 0 0 0 0 0 0 0 0 0 0 0 0 0 0 0 0 0 0 0 0 0 0 0 0 0 0 0 0 0 0 0 0 0 0 0 0 0 0 0 0 0 0 0 0 0 0 1 0 0 0 0 0 0 0 0 0 0 0]
[803230298986621227966402184757991663896426879961775342757604441069146734363475212422109207663674490405748689952166358257188053988413818479688416647899390287386623136151052419802688283039630546947215710321664552161313240885771461151728188571555022764881148995054223818426267856161 0 0 0 0 0 0 0 0 0 0 0 0 0 0 0 0 0 0 0 0 0 0 0 0 0 0 0 0 0 0 0 0 0 0 0 0 0 0 0 0 0 0 0 0 0 0 0 0 0 0 0 0 0 0 0 0 0 0 0 0 0 0 0 0 0 0 0 0 0 0 0 0 0 0 0 0 0 0 0 0 0 1 0 0 0 0 0 0 0 0 0 0]
[1054482759885139308311661709468273810577765918799385076690969380183824806582138776796083642445512732166762238988555069818058562784280881234805798926854831053474733185720786649353637081036539347296943212263743565704360441674986890372025497463017609162566251633963553209512182612191 0 0 0 0 0 0 0 0 0 0 0 0 0 0 0 0 0 0 0 0 0 0 0 0 0 0 0 0 0 0 0 0 0 0 0 0 0 0 0 0 0 0 0 0 0 0 0 0 0 0 0 0 0 0 0 0 0 0 0 0 0 0 0 0 0 0 0 0 0 0 0 0 0 0 0 0 0 0 0 0 0 0 1 0 0 0 0 0 0 0 0 0]
[7260061583670602645154775323972487221793953163729510707205603317889352873444079423065915504426637631663088024319353650994600945255606126901405230285057100494502655124717131031533616215846349767047261441293993896244070674561733223010231001714103222547159929668636458638068111773790 0 0 0 0 0 0 0 0 0 0 0 0 0 0 0 0 0 0 0 0 0 0 0 0 0 0 0 0 0 0 0 0 0 0 0 0 0 0 0 0 0 0 0 0 0 0 0 0 0 0 0 0 0 0 0 0 0 0 0 0 0 0 0 0 0 0 0 0 0 0 0 0 0 0 0 0 0 0 0 0 0 0 0 1 0 0 0 0 0 0 0 0]
[6841766710516257631159675851443448832886400408512776267832555128120070303133556683526433556976109225661603190419486774575286868043590263728090559610319942973021623378988210847863335185123114625914011597005048652204560789752579862000291589817516760434233605140038273601606577519262 0 0 0 0 0 0 0 0 0 0 0 0 0 0 0 0 0 0 0 0 0 0 0 0 0 0 0 0 0 0 0 0 0 0 0 0 0 0 0 0 0 0 0 0 0 0 0 0 0 0 0 0 0 0 0 0 0 0 0 0 0 0 0 0 0 0 0 0 0 0 0 0 0 0 0 0 0 0 0 0 0 0 0 0 1 0 0 0 0 0 0 0]
[5391185443429467337019270914683595550498554685431577012385733607112607046874844755592655301942020618059979234114252878355141066440544230522610454304885625088167737664366029926903678984025725074747480359975640416526848977065119577105626931347995878492943756376244691794420819081633 0 0 0 0 0 0 0 0 0 0 0 0 0 0 0 0 0 0 0 0 0 0 0 0 0 0 0 0 0 0 0 0 0 0 0 0 0 0 0 0 0 0 0 0 0 0 0 0 0 0 0 0 0 0 0 0 0 0 0 0 0 0 0 0 0 0 0 0 0 0 0 0 0 0 0 0 0 0 0 0 0 0 0 0 0 1 0 0 0 0 0 0]
[3835433379095416920385164470612191190623458797759743916346557012879051454706096868589892556557731967729102042877728905688252963283236192312446696709726538013593007399243071687769268312398456793515263583500746820435871118195300723547068678131151000125381114034462258943914619571460 0 0 0 0 0 0 0 0 0 0 0 0 0 0 0 0 0 0 0 0 0 0 0 0 0 0 0 0 0 0 0 0 0 0 0 0 0 0 0 0 0 0 0 0 0 0 0 0 0 0 0 0 0 0 0 0 0 0 0 0 0 0 0 0 0 0 0 0 0 0 0 0 0 0 0 0 0 0 0 0 0 0 0 0 0 0 1 0 0 0 0 0]
[904345691689628777673651963670471625259860267713503877585109934262059144796120548445287567725627094365497115901877890145175459873643737953380468298520259880022160742302172550045046190622973507719313687077522717619219982783243010334702380204050810894535965024524562834261766572693 0 0 0 0 0 0 0 0 0 0 0 0 0 0 0 0 0 0 0 0 0 0 0 0 0 0 0 0 0 0 0 0 0 0 0 0 0 0 0 0 0 0 0 0 0 0 0 0 0 0 0 0 0 0 0 0 0 0 0 0 0 0 0 0 0 0 0 0 0 0 0 0 0 0 0 0 0 0 0 0 0 0 0 0 0 0 0 1 0 0 0 0]
[5472335000892838972385667551788596579900232258626269531396163510481274878981314508754617433894728112053338272263166761210193980326540934723573290977851986498692380388334693271663318758661730038144887170378432509793591416009397605854288226254579787555764819922351618714807517582328 0 0 0 0 0 0 0 0 0 0 0 0 0 0 0 0 0 0 0 0 0 0 0 0 0 0 0 0 0 0 0 0 0 0 0 0 0 0 0 0 0 0 0 0 0 0 0 0 0 0 0 0 0 0 0 0 0 0 0 0 0 0 0 0 0 0 0 0 0 0 0 0 0 0 0 0 0 0 0 0 0 0 0 0 0 0 0 0 1 0 0 0]
[2380445816279514381477449264483385805645593996341699332569159670435077531175678131928448393137826529050488421237326319298954448750590527920136672046605433767495414479856691246199198485935336786837932869965591571508689447140603345535563699376446228585929212586723521050821702825619 0 0 0 0 0 0 0 0 0 0 0 0 0 0 0 0 0 0 0 0 0 0 0 0 0 0 0 0 0 0 0 0 0 0 0 0 0 0 0 0 0 0 0 0 0 0 0 0 0 0 0 0 0 0 0 0 0 0 0 0 0 0 0 0 0 0 0 0 0 0 0 0 0 0 0 0 0 0 0 0 0 0 0 0 0 0 0 0 0 1 0 0]
[5917718395908577789742678327492179078557182220261450683852472654737513828424726200798488665831502947151973580471972065377553265907284943284575522881948291536705697406934347754570554172829652449818369463766284534456033755245214248617985674206439439056826431854370769816523909122775 0 0 0 0 0 0 0 0 0 0 0 0 0 0 0 0 0 0 0 0 0 0 0 0 0 0 0 0 0 0 0 0 0 0 0 0 0 0 0 0 0 0 0 0 0 0 0 0 0 0 0 0 0 0 0 0 0 0 0 0 0 0 0 0 0 0 0 0 0 0 0 0 0 0 0 0 0 0 0 0 0 0 0 0 0 0 0 0 0 0 1 0]
[8280851064573327925399995811309199148862973403159239641051791488237906061444583559952253470716125170227822423381654634205414763132355828826548630289721455596455595892229087788093052778667540857547307256835083107758605325788700058222028516328251966420245146443928463794583184105107 0 0 0 0 0 0 0 0 0 0 0 0 0 0 0 0 0 0 0 0 0 0 0 0 0 0 0 0 0 0 0 0 0 0 0 0 0 0 0 0 0 0 0 0 0 0 0 0 0 0 0 0 0 0 0 0 0 0 0 0 0 0 0 0 0 0 0 0 0 0 0 0 0 0 0 0 0 0 0 0 0 0 0 0 0 0 0 0 0 0 0 1]
]
