[[1162465193737679197853326184460169983871965263 0 0 0 0 0 0 0 0 0 0 0 0 0 0]
[12641170517542416448818252945857925272522059 1 0 0 0 0 0 0 0 0 0 0 0 0 0]
[742188450501550475763160547159259121047727617 0 1 0 0 0 0 0 0 0 0 0 0 0 0]
[1078637259128416415666834432779983874004750164 0 0 1 0 0 0 0 0 0 0 0 0 0 0]
[1003751452549600321485464941277871927433133571 0 0 0 1 0 0 0 0 0 0 0 0 0 0]
[725376598288365201627390501864266890048042600 0 0 0 0 1 0 0 0 0 0 0 0 0 0]
[990650396344799834220036844011908712809829271 0 0 0 0 0 1 0 0 0 0 0 0 0 0]
[785558766668506956946052467059740068322358071 0 0 0 0 0 0 1 0 0 0 0 0 0 0]
[1007419215979896860250126176810850683725870663 0 0 0 0 0 0 0 1 0 0 0 0 0 0]
[528439096951111254068016583628445806191630892 0 0 0 0 0 0 0 0 1 0 0 0 0 0]
[810538626817124803333222430641449608084512953 0 0 0 0 0 0 0 0 0 1 0 0 0 0]
[453184777603671416054106388704057730462728518 0 0 0 0 0 0 0 0 0 0 1 0 0 0]
[79888134927215921364091740694831580224896228 0 0 0 0 0 0 0 0 0 0 0 1 0 0]
[801473535166302769857225923184544853711230929 0 0 0 0 0 0 0 0 0 0 0 0 1 0]
[872477447081098629021590934489840386981162152 0 0 0 0 0 0 0 0 0 0 0 0 0 1]
]
