[[866578241412384905169907780619094513016985063 0 0 0 0 0 0 0 0 0 0 0 0 0 0]
[441094059949816601783677399798996121000542331 1 0 0 0 0 0 0 0 0 0 0 0 0 0]
[170277225831427227262482795741813542005263511 0 1 0 0 0 0 0 0 0 0 0 0 0 0]
[35629851799104879265834327681548033208858606 0 0 1 0 0 0 0 0 0 0 0 0 0 0]
[577366304423592821404338368088999798608780967 0 0 0 1 0 0 0 0 0 0 0 0 0 0]
[397491359658252353559142504150099051025102315 0 0 0 0 1 0 0 0 0 0 0 0 0 0]
[377401114732320116116146306499584103257797122 0 0 0 0 0 1 0 0 0 0 0 0 0 0]
[136795887185214514010941629221061762411226094 0 0 0 0 0 0 1 0 0 0 0 0 0 0]
[480027785094324277270767635952482723175316715 0 0 0 0 0 0 0 1 0 0 0 0 0 0]
[689883205346922893856746247319557070835085853 0 0 0 0 0 0 0 0 1 0 0 0 0 0]
[788173263019876373772816794428180165350676713 0 0 0 0 0 0 0 0 0 1 0 0 0 0]
[622660762150167678264096541307270060074071736 0 0 0 0 0 0 0 0 0 0 1 0 0 0]
[503958294999002873849761324089381146776752881 0 0 0 0 0 0 0 0 0 0 0 1 0 0]
[749238300580257637534336192160988811592411189 0 0 0 0 0 0 0 0 0 0 0 0 1 0]
[174764844512945422557260111728510536512333010 0 0 0 0 0 0 0 0 0 0 0 0 0 1]
]
