[[1111436243216306468915996701197157913611138987 0 0 0 0 0 0 0 0 0 0 0 0 0 0]
[996982034876106395700561998427935792869479632 1 0 0 0 0 0 0 0 0 0 0 0 0 0]
[45782470220810641939414651594105036069155460 0 1 0 0 0 0 0 0 0 0 0 0 0 0]
[571630504159107519888540526511880099250997215 0 0 1 0 0 0 0 0 0 0 0 0 0 0]
[143721666197344682107968295051936193723692776 0 0 0 1 0 0 0 0 0 0 0 0 0 0]
[292598461534085385449252901037209988407436106 0 0 0 0 1 0 0 0 0 0 0 0 0 0]
[571198142979942189299743426781888279004589400 0 0 0 0 0 1 0 0 0 0 0 0 0 0]
[574803962149861016967545816819266983992732234 0 0 0 0 0 0 1 0 0 0 0 0 0 0]
[21265233327719293276512379447370641983321470 0 0 0 0 0 0 0 1 0 0 0 0 0 0]
[962686516057489417132395959967342200157830895 0 0 0 0 0 0 0 0 1 0 0 0 0 0]
[696189060474204991044196206363360855308997076 0 0 0 0 0 0 0 0 0 1 0 0 0 0]
[896853798789217917937426750859851593057697970 0 0 0 0 0 0 0 0 0 0 1 0 0 0]
[883049787349538751554407933569164520242866218 0 0 0 0 0 0 0 0 0 0 0 1 0 0]
[974556116335205324845298639266470932417460166 0 0 0 0 0 0 0 0 0 0 0 0 1 0]
[713500889861043800268846747834843899084211530 0 0 0 0 0 0 0 0 0 0 0 0 0 1]
]
