[[3901559410012844627848011919184246235327261735500206544592292682369618602651888405096411576349206364506894575973185193706751224657620570893748067353821101291305112473035673147819000530403 0 0 0 0 0 0 0 0 0 0 0 0 0 0 0 0 0 0 0 0 0 0 0 0 0 0 0 0 0 0 0 0 0 0 0 0 0 0 0 0 0 0 0 0 0 0 0 0 0 0 0 0 0 0 0 0 0 0 0 0 0]
[3826384485136900611369764074550553144630404478807263546835479610096849554457967561474404367351187561514555433338459879611343398519371668757783135605664377486038652554924357135215289746543 1 0 0 0 0 0 0 0 0 0 0 0 0 0 0 0 0 0 0 0 0 0 0 0 0 0 0 0 0 0 0 0 0 0 0 0 0 0 0 0 0 0 0 0 0 0 0 0 0 0 0 0 0 0 0 0 0 0 0 0 0]
[214822910871839592313771177672621146652226164565093246357215487896618053136910259630042331639533705823852863903650342226361888072350108337698960987385568721199032242676846184459939230272 0 1 0 0 0 0 0 0 0 0 0 0 0 0 0 0 0 0 0 0 0 0 0 0 0 0 0 0 0 0 0 0 0 0 0 0 0 0 0 0 0 0 0 0 0 0 0 0 0 0 0 0 0 0 0 0 0 0 0 0 0]
[2112142260703307338062201891151145904605676271995818734635754194867951095918058204462566603769190843335190241086241461710647978853765800564984896023192589902175998712430566691643381828308 0 0 1 0 0 0 0 0 0 0 0 0 0 0 0 0 0 0 0 0 0 0 0 0 0 0 0 0 0 0 0 0 0 0 0 0 0 0 0 0 0 0 0 0 0 0 0 0 0 0 0 0 0 0 0 0 0 0 0 0 0]
[837889533761960360312985336704481325067129824561408991337549357405018243853006304774847578332883477842529607446324781306221647871864285138911906173613274027434294035342468183857350444068 0 0 0 1 0 0 0 0 0 0 0 0 0 0 0 0 0 0 0 0 0 0 0 0 0 0 0 0 0 0 0 0 0 0 0 0 0 0 0 0 0 0 0 0 0 0 0 0 0 0 0 0 0 0 0 0 0 0 0 0 0]
[1537871128506309469473696500486367274602796779695047323502379384281271633509115115745957970453079484078959512166571003440531086735065292730210527691728683420287058996634473233710844293694 0 0 0 0 1 0 0 0 0 0 0 0 0 0 0 0 0 0 0 0 0 0 0 0 0 0 0 0 0 0 0 0 0 0 0 0 0 0 0 0 0 0 0 0 0 0 0 0 0 0 0 0 0 0 0 0 0 0 0 0 0]
[1077821548444236692855813163889012198984129793332172818714979592193451330762219555536390411730092290610359591960770317109611666185163584631148393110420050069117673528011376708013222738807 0 0 0 0 0 1 0 0 0 0 0 0 0 0 0 0 0 0 0 0 0 0 0 0 0 0 0 0 0 0 0 0 0 0 0 0 0 0 0 0 0 0 0 0 0 0 0 0 0 0 0 0 0 0 0 0 0 0 0 0 0]
[1764588541571270048145407344405915540164585403647185045142025931009453412635705156462919432811750607632860393321582955844860128014993631641807674852676798173918985303506110639849027272136 0 0 0 0 0 0 1 0 0 0 0 0 0 0 0 0 0 0 0 0 0 0 0 0 0 0 0 0 0 0 0 0 0 0 0 0 0 0 0 0 0 0 0 0 0 0 0 0 0 0 0 0 0 0 0 0 0 0 0 0 0]
[3250772790070753707847289659071819413526074770770702244266786937212554866079048112172462532712752538593216881478867615117792847291962642452621508396316711665621980775333599439234876947151 0 0 0 0 0 0 0 1 0 0 0 0 0 0 0 0 0 0 0 0 0 0 0 0 0 0 0 0 0 0 0 0 0 0 0 0 0 0 0 0 0 0 0 0 0 0 0 0 0 0 0 0 0 0 0 0 0 0 0 0 0]
[2464572974962617441534911851332033712743026506210762262648601814917468864953712755104334896106726647029618235063892520350214776495357723246648582324584822737770717575441245810099857196246 0 0 0 0 0 0 0 0 1 0 0 0 0 0 0 0 0 0 0 0 0 0 0 0 0 0 0 0 0 0 0 0 0 0 0 0 0 0 0 0 0 0 0 0 0 0 0 0 0 0 0 0 0 0 0 0 0 0 0 0 0]
[489816519252075093024937028543106067704525458286604164402777319283964249342295632614237427339426009147424278114118705127796850216253207823995566293960262962575665910142155603140628148583 0 0 0 0 0 0 0 0 0 1 0 0 0 0 0 0 0 0 0 0 0 0 0 0 0 0 0 0 0 0 0 0 0 0 0 0 0 0 0 0 0 0 0 0 0 0 0 0 0 0 0 0 0 0 0 0 0 0 0 0 0]
[1491473320170826641361246555286809084523801755072677752379815810291187684063482276727961378483794838548628949117887985819841662404873220424023365337079396776430349127151764723990513963018 0 0 0 0 0 0 0 0 0 0 1 0 0 0 0 0 0 0 0 0 0 0 0 0 0 0 0 0 0 0 0 0 0 0 0 0 0 0 0 0 0 0 0 0 0 0 0 0 0 0 0 0 0 0 0 0 0 0 0 0 0]
[3461692936899428705870912494398927035417650075786488487203258632984894827432823526253216684352440264209743127885710876209553893918855504677788675462612121327955413415571404305575056252748 0 0 0 0 0 0 0 0 0 0 0 1 0 0 0 0 0 0 0 0 0 0 0 0 0 0 0 0 0 0 0 0 0 0 0 0 0 0 0 0 0 0 0 0 0 0 0 0 0 0 0 0 0 0 0 0 0 0 0 0 0]
[937082989053650962747117394191796149212228016010544078853635973879419501992287916003156625586927888279727500263114872411061035769497631168563957697645191984185669128548151285281168199773 0 0 0 0 0 0 0 0 0 0 0 0 1 0 0 0 0 0 0 0 0 0 0 0 0 0 0 0 0 0 0 0 0 0 0 0 0 0 0 0 0 0 0 0 0 0 0 0 0 0 0 0 0 0 0 0 0 0 0 0 0]
[2477922109883678267046647303138609259914184948476863878521945253771727045642798726100900228931017192138270213100184109910746830044763437627739957738934247236109610955815294216941597868414 0 0 0 0 0 0 0 0 0 0 0 0 0 1 0 0 0 0 0 0 0 0 0 0 0 0 0 0 0 0 0 0 0 0 0 0 0 0 0 0 0 0 0 0 0 0 0 0 0 0 0 0 0 0 0 0 0 0 0 0 0]
[2737482544721049212509845979047323293973491037962732566002290306342530845255928914789771112099183349847444321726870806746702672489807549539352931651292723969587692314229816870463435301417 0 0 0 0 0 0 0 0 0 0 0 0 0 0 1 0 0 0 0 0 0 0 0 0 0 0 0 0 0 0 0 0 0 0 0 0 0 0 0 0 0 0 0 0 0 0 0 0 0 0 0 0 0 0 0 0 0 0 0 0 0]
[2134531356841055321160975996159737413496001524567565749361134797764472826934883739984698160872647128830546800176366327797566970442430344840699532680065092285985296489780930559677534810304 0 0 0 0 0 0 0 0 0 0 0 0 0 0 0 1 0 0 0 0 0 0 0 0 0 0 0 0 0 0 0 0 0 0 0 0 0 0 0 0 0 0 0 0 0 0 0 0 0 0 0 0 0 0 0 0 0 0 0 0 0]
[1097111688161983226545601673959441337700571680469671945630485099064131461440795141899441134039645692452683521805305827986381590673167940438235655004214456384149689475503818210983347814861 0 0 0 0 0 0 0 0 0 0 0 0 0 0 0 0 1 0 0 0 0 0 0 0 0 0 0 0 0 0 0 0 0 0 0 0 0 0 0 0 0 0 0 0 0 0 0 0 0 0 0 0 0 0 0 0 0 0 0 0 0]
[1929481127016917379925634267656487346317904063592170109507196092493843052657859825320358353159439335960857361452012347214097175656274723171741321522623273350918992512193005129011604598801 0 0 0 0 0 0 0 0 0 0 0 0 0 0 0 0 0 1 0 0 0 0 0 0 0 0 0 0 0 0 0 0 0 0 0 0 0 0 0 0 0 0 0 0 0 0 0 0 0 0 0 0 0 0 0 0 0 0 0 0 0]
[2805527933216000063462447612176247640761089359987159241124648570860196577397029993304362295193900579934662567593014424958102974119314659900531290453420317443689695425927360166816077306107 0 0 0 0 0 0 0 0 0 0 0 0 0 0 0 0 0 0 1 0 0 0 0 0 0 0 0 0 0 0 0 0 0 0 0 0 0 0 0 0 0 0 0 0 0 0 0 0 0 0 0 0 0 0 0 0 0 0 0 0 0]
[281448923012868299582466516239586840937265774429253437516809704087536582253293397443951058464110382499847932450464684683691202845833745708756709033392209751080694839823409364864665058542 0 0 0 0 0 0 0 0 0 0 0 0 0 0 0 0 0 0 0 1 0 0 0 0 0 0 0 0 0 0 0 0 0 0 0 0 0 0 0 0 0 0 0 0 0 0 0 0 0 0 0 0 0 0 0 0 0 0 0 0 0]
[566244854883567336461162935755965595173427293915849314856775414160479890759912396923936110890557415770237808758258698913211780132116473928079652588893138744595678590962183677887620952179 0 0 0 0 0 0 0 0 0 0 0 0 0 0 0 0 0 0 0 0 1 0 0 0 0 0 0 0 0 0 0 0 0 0 0 0 0 0 0 0 0 0 0 0 0 0 0 0 0 0 0 0 0 0 0 0 0 0 0 0 0]
[3479978256812619327799234664868533677288896049075247844532996205440726037861736460682607697200482685342446704918752667135130776396671180474118075065689407126266980121326156363433654278697 0 0 0 0 0 0 0 0 0 0 0 0 0 0 0 0 0 0 0 0 0 1 0 0 0 0 0 0 0 0 0 0 0 0 0 0 0 0 0 0 0 0 0 0 0 0 0 0 0 0 0 0 0 0 0 0 0 0 0 0 0]
[3153531806491619510686517202247103184878214206399577630396722254681411325515414841561017938372764571737858867676412789209305162725242343609712066189279859890322272036124179930431994648346 0 0 0 0 0 0 0 0 0 0 0 0 0 0 0 0 0 0 0 0 0 0 1 0 0 0 0 0 0 0 0 0 0 0 0 0 0 0 0 0 0 0 0 0 0 0 0 0 0 0 0 0 0 0 0 0 0 0 0 0 0]
[391971724433588657869963588818878419955973500840166952302651207116090035426858305706689637588435896736438202095533801668702769612242425723099404594255703696839896216545185137807535279250 0 0 0 0 0 0 0 0 0 0 0 0 0 0 0 0 0 0 0 0 0 0 0 1 0 0 0 0 0 0 0 0 0 0 0 0 0 0 0 0 0 0 0 0 0 0 0 0 0 0 0 0 0 0 0 0 0 0 0 0 0]
[2356168052049475053630026511085447396165133552676018575475849590987534830663003135979861569595744735556484640405771972448453877311660038091227201580530454894226665579728760798712346315636 0 0 0 0 0 0 0 0 0 0 0 0 0 0 0 0 0 0 0 0 0 0 0 0 1 0 0 0 0 0 0 0 0 0 0 0 0 0 0 0 0 0 0 0 0 0 0 0 0 0 0 0 0 0 0 0 0 0 0 0 0]
[3200449596358313827461262229776422256603037785635472698119641124072351590947910580485814933165666284084650548838476020070503822546598389625903807072252889166595896063623442439037807378621 0 0 0 0 0 0 0 0 0 0 0 0 0 0 0 0 0 0 0 0 0 0 0 0 0 1 0 0 0 0 0 0 0 0 0 0 0 0 0 0 0 0 0 0 0 0 0 0 0 0 0 0 0 0 0 0 0 0 0 0 0]
[2043255089843899897340384310086306799669054400585622632899313329043659853864132404353770975572393989596055959487691269612177282796053078604889713552138557737644307704861874885441964810566 0 0 0 0 0 0 0 0 0 0 0 0 0 0 0 0 0 0 0 0 0 0 0 0 0 0 1 0 0 0 0 0 0 0 0 0 0 0 0 0 0 0 0 0 0 0 0 0 0 0 0 0 0 0 0 0 0 0 0 0 0]
[3856158649316797625007186737212304681363644396321165879703007907547691114351928534097373548071309516277218479558497375007607636276761552533799684006834363781446516736419783771268631050264 0 0 0 0 0 0 0 0 0 0 0 0 0 0 0 0 0 0 0 0 0 0 0 0 0 0 0 1 0 0 0 0 0 0 0 0 0 0 0 0 0 0 0 0 0 0 0 0 0 0 0 0 0 0 0 0 0 0 0 0 0]
[512687244301932546299720294206131707281383643133004167335238988312746017325077735645500342475287511958601608754416361094420201215357502585603067768026874941128077397022288219930533303436 0 0 0 0 0 0 0 0 0 0 0 0 0 0 0 0 0 0 0 0 0 0 0 0 0 0 0 0 1 0 0 0 0 0 0 0 0 0 0 0 0 0 0 0 0 0 0 0 0 0 0 0 0 0 0 0 0 0 0 0 0]
[319266591960720357712296736043766848163635380064202002856825539096314041897538955189851823745721210165704617986466390193694813859737065103632390699382017151536172850923291780140578729838 0 0 0 0 0 0 0 0 0 0 0 0 0 0 0 0 0 0 0 0 0 0 0 0 0 0 0 0 0 1 0 0 0 0 0 0 0 0 0 0 0 0 0 0 0 0 0 0 0 0 0 0 0 0 0 0 0 0 0 0 0]
[492621732627053659339812451654708803835445261076620076687262068754498274165108069609389942939326399564391184124632361787041245021686265428028740761814832990554067519454133171864359861793 0 0 0 0 0 0 0 0 0 0 0 0 0 0 0 0 0 0 0 0 0 0 0 0 0 0 0 0 0 0 1 0 0 0 0 0 0 0 0 0 0 0 0 0 0 0 0 0 0 0 0 0 0 0 0 0 0 0 0 0 0]
[1486965902033368032622776953583053166570792145668083036300493139868684126516694142873250155595267212347465039530352650352823054918195824241838785487201160512422084502937868743295701164884 0 0 0 0 0 0 0 0 0 0 0 0 0 0 0 0 0 0 0 0 0 0 0 0 0 0 0 0 0 0 0 1 0 0 0 0 0 0 0 0 0 0 0 0 0 0 0 0 0 0 0 0 0 0 0 0 0 0 0 0 0]
[1530250207881101478817921682061833639872717252514526300498607822974310552957397814458634346853787606825170134417286103556532102855294228615804559707351458847839105208036250958033931250246 0 0 0 0 0 0 0 0 0 0 0 0 0 0 0 0 0 0 0 0 0 0 0 0 0 0 0 0 0 0 0 0 1 0 0 0 0 0 0 0 0 0 0 0 0 0 0 0 0 0 0 0 0 0 0 0 0 0 0 0 0]
[1667035797949107501710095753372316077527900140756796300728711197628198466826223068025370309225514270941873531378667464752231612114374508847180756312493684387784725314675191877838178384160 0 0 0 0 0 0 0 0 0 0 0 0 0 0 0 0 0 0 0 0 0 0 0 0 0 0 0 0 0 0 0 0 0 1 0 0 0 0 0 0 0 0 0 0 0 0 0 0 0 0 0 0 0 0 0 0 0 0 0 0 0]
[1110746606160599957756441674941341470861302369243371678552731071886814200145658314018455876972459763715502250438127767720714918874779155719652628750007495541269237088086017371557901415689 0 0 0 0 0 0 0 0 0 0 0 0 0 0 0 0 0 0 0 0 0 0 0 0 0 0 0 0 0 0 0 0 0 0 1 0 0 0 0 0 0 0 0 0 0 0 0 0 0 0 0 0 0 0 0 0 0 0 0 0 0]
[548682290289557045936932001423322790685499081261455299263648230179196211294326877579208524497543819797969957973018625580371879259365032914994187957176983940275968357140522496938564003442 0 0 0 0 0 0 0 0 0 0 0 0 0 0 0 0 0 0 0 0 0 0 0 0 0 0 0 0 0 0 0 0 0 0 0 1 0 0 0 0 0 0 0 0 0 0 0 0 0 0 0 0 0 0 0 0 0 0 0 0 0]
[333351175914719345831074383805281020529616975492766591340512771000156118822668126379895243692448854512092495304485973433393287831051604103427982284920137362386476509318326469372150316009 0 0 0 0 0 0 0 0 0 0 0 0 0 0 0 0 0 0 0 0 0 0 0 0 0 0 0 0 0 0 0 0 0 0 0 0 1 0 0 0 0 0 0 0 0 0 0 0 0 0 0 0 0 0 0 0 0 0 0 0 0]
[616623694043147317126027820988692043127468115526872756550924527225261598946790630414003753886879580639054559531102730698062870151404402759551694364172614590639696022108130294886495386267 0 0 0 0 0 0 0 0 0 0 0 0 0 0 0 0 0 0 0 0 0 0 0 0 0 0 0 0 0 0 0 0 0 0 0 0 0 1 0 0 0 0 0 0 0 0 0 0 0 0 0 0 0 0 0 0 0 0 0 0 0]
[681464108518340718805912222429227875324776101597244594768524737398062900887432846948152446528426752515193612018287173711825083468452239105148811228382932685591111888398842776128430316214 0 0 0 0 0 0 0 0 0 0 0 0 0 0 0 0 0 0 0 0 0 0 0 0 0 0 0 0 0 0 0 0 0 0 0 0 0 0 1 0 0 0 0 0 0 0 0 0 0 0 0 0 0 0 0 0 0 0 0 0 0]
[3690660513588465890395291503188086214372585024915488866689736096458023811283779434675149537386234571895821142431546272504711906344185372227962385836601008580598411071155126717911574910187 0 0 0 0 0 0 0 0 0 0 0 0 0 0 0 0 0 0 0 0 0 0 0 0 0 0 0 0 0 0 0 0 0 0 0 0 0 0 0 1 0 0 0 0 0 0 0 0 0 0 0 0 0 0 0 0 0 0 0 0 0]
[2779491658724978982611494062990206330775163847386874295734334683627416697033944090337376692196793813218800682543850976769816881986943906812602893277834878747743472108415190871535126781509 0 0 0 0 0 0 0 0 0 0 0 0 0 0 0 0 0 0 0 0 0 0 0 0 0 0 0 0 0 0 0 0 0 0 0 0 0 0 0 0 1 0 0 0 0 0 0 0 0 0 0 0 0 0 0 0 0 0 0 0 0]
[169310886829850704452510501580644458007073273978606912818218649559782079617375574733515881922506185346366639423686071592867757868677264137536603496923726282266287722234196301952670764289 0 0 0 0 0 0 0 0 0 0 0 0 0 0 0 0 0 0 0 0 0 0 0 0 0 0 0 0 0 0 0 0 0 0 0 0 0 0 0 0 0 1 0 0 0 0 0 0 0 0 0 0 0 0 0 0 0 0 0 0 0]
[3195449150373304400487906954603002809228865342962086114530589264143730533795274581247100289425978704663524316320687709377579116290527210651302645314700641096581126434388838420130385644386 0 0 0 0 0 0 0 0 0 0 0 0 0 0 0 0 0 0 0 0 0 0 0 0 0 0 0 0 0 0 0 0 0 0 0 0 0 0 0 0 0 0 1 0 0 0 0 0 0 0 0 0 0 0 0 0 0 0 0 0 0]
[2198607039805427926104994160601883273190003983754839142478835676982397350176177108169318412868693556624827341677018301407560235326017812578590493932987687704482499458995354849142635183774 0 0 0 0 0 0 0 0 0 0 0 0 0 0 0 0 0 0 0 0 0 0 0 0 0 0 0 0 0 0 0 0 0 0 0 0 0 0 0 0 0 0 0 1 0 0 0 0 0 0 0 0 0 0 0 0 0 0 0 0 0]
[379545318514511282134938951858809042799145762274949173299611885716383228083518113891192375159791121481318911813922676257488929294460920349734208500417205769340084838629597991469056471463 0 0 0 0 0 0 0 0 0 0 0 0 0 0 0 0 0 0 0 0 0 0 0 0 0 0 0 0 0 0 0 0 0 0 0 0 0 0 0 0 0 0 0 0 1 0 0 0 0 0 0 0 0 0 0 0 0 0 0 0 0]
[3512495353870927556137998036976515052779885540367843705213089733139795547809566131922622917148279947024664083281542290519037509050816532942460467200809099431143395753815849095573208278664 0 0 0 0 0 0 0 0 0 0 0 0 0 0 0 0 0 0 0 0 0 0 0 0 0 0 0 0 0 0 0 0 0 0 0 0 0 0 0 0 0 0 0 0 0 1 0 0 0 0 0 0 0 0 0 0 0 0 0 0 0]
[2250805064465966277994783119122335643675711669170298550614949923027649899415745966704371892753983892983401234145170337853278426046903924750524070647322273475134341298319870967280234905082 0 0 0 0 0 0 0 0 0 0 0 0 0 0 0 0 0 0 0 0 0 0 0 0 0 0 0 0 0 0 0 0 0 0 0 0 0 0 0 0 0 0 0 0 0 0 1 0 0 0 0 0 0 0 0 0 0 0 0 0 0]
[896051885103259527622443811546883076586494031725719732168821417011961486817994319389262548692407439564971526904545127004315843929337169890533252692681558891240458102794045263548331460925 0 0 0 0 0 0 0 0 0 0 0 0 0 0 0 0 0 0 0 0 0 0 0 0 0 0 0 0 0 0 0 0 0 0 0 0 0 0 0 0 0 0 0 0 0 0 0 1 0 0 0 0 0 0 0 0 0 0 0 0 0]
[494422932810765581534029647622028162959935137026809433030118802350970739633110701952644179410912982843756425579672503805094199688521059636416628851728603704636779683446124818406521378431 0 0 0 0 0 0 0 0 0 0 0 0 0 0 0 0 0 0 0 0 0 0 0 0 0 0 0 0 0 0 0 0 0 0 0 0 0 0 0 0 0 0 0 0 0 0 0 0 1 0 0 0 0 0 0 0 0 0 0 0 0]
[1488738341795089093776280129149970337707150189653778632126112776593344210025475959949122643700453173728221509292627015028100104713770189916544225076013654361453677850325616187907263966222 0 0 0 0 0 0 0 0 0 0 0 0 0 0 0 0 0 0 0 0 0 0 0 0 0 0 0 0 0 0 0 0 0 0 0 0 0 0 0 0 0 0 0 0 0 0 0 0 0 1 0 0 0 0 0 0 0 0 0 0 0]
[669717796291736004969385792535274859513181456794528293019774310357968011625413409120953048530285154843356630971245263695166076213762765792446142770335858973848635786516175536624646834127 0 0 0 0 0 0 0 0 0 0 0 0 0 0 0 0 0 0 0 0 0 0 0 0 0 0 0 0 0 0 0 0 0 0 0 0 0 0 0 0 0 0 0 0 0 0 0 0 0 0 1 0 0 0 0 0 0 0 0 0 0]
[2111782667192161329732348384722105218851668962273825741308769430951522489146013004235364596777993566094138087311226441815384285300187305110672344225273735115846999381375933749533440058892 0 0 0 0 0 0 0 0 0 0 0 0 0 0 0 0 0 0 0 0 0 0 0 0 0 0 0 0 0 0 0 0 0 0 0 0 0 0 0 0 0 0 0 0 0 0 0 0 0 0 0 1 0 0 0 0 0 0 0 0 0]
[1533249752096299442814592439053087562623131974724200524135204937058353387683184029190139855057861287256889471327453613328950691483184008533195853997548333983067033116078654588881470985435 0 0 0 0 0 0 0 0 0 0 0 0 0 0 0 0 0 0 0 0 0 0 0 0 0 0 0 0 0 0 0 0 0 0 0 0 0 0 0 0 0 0 0 0 0 0 0 0 0 0 0 0 1 0 0 0 0 0 0 0 0]
[508109271924830898249760268980248456460878737303765309763589472967494513271882319853628078272874328211620917569089346973365331510468147978050735998677161732785221025137465320910916576281 0 0 0 0 0 0 0 0 0 0 0 0 0 0 0 0 0 0 0 0 0 0 0 0 0 0 0 0 0 0 0 0 0 0 0 0 0 0 0 0 0 0 0 0 0 0 0 0 0 0 0 0 0 1 0 0 0 0 0 0 0]
[1669916692144663005244972921112060127949002038291183603292063717591273757101399463499129911543752160920268401860831938609358652884493627192403799562703854089373029916682081433713124797817 0 0 0 0 0 0 0 0 0 0 0 0 0 0 0 0 0 0 0 0 0 0 0 0 0 0 0 0 0 0 0 0 0 0 0 0 0 0 0 0 0 0 0 0 0 0 0 0 0 0 0 0 0 0 1 0 0 0 0 0 0]
[3022236698746858423836805624328376177120622911899736093272953908109633483022606978196227145228489968065413908656743372490466086333343091624332402439523007752974860319442175145752010497158 0 0 0 0 0 0 0 0 0 0 0 0 0 0 0 0 0 0 0 0 0 0 0 0 0 0 0 0 0 0 0 0 0 0 0 0 0 0 0 0 0 0 0 0 0 0 0 0 0 0 0 0 0 0 0 1 0 0 0 0 0]
[2450732660371500837304636852703200158543969311366948404716868685754479873431429540289739363864146189973908963113319568516733864745443744194049342974407132299001778168668947689902320777567 0 0 0 0 0 0 0 0 0 0 0 0 0 0 0 0 0 0 0 0 0 0 0 0 0 0 0 0 0 0 0 0 0 0 0 0 0 0 0 0 0 0 0 0 0 0 0 0 0 0 0 0 0 0 0 0 1 0 0 0 0]
[1625854928547324189534576277729895876871446460394086677642840949089346930257096736533080471114194583449214586651400142001216734608543996727314916103105425955349421060529077366674257237670 0 0 0 0 0 0 0 0 0 0 0 0 0 0 0 0 0 0 0 0 0 0 0 0 0 0 0 0 0 0 0 0 0 0 0 0 0 0 0 0 0 0 0 0 0 0 0 0 0 0 0 0 0 0 0 0 0 1 0 0 0]
[1579314597582792824021497431429751412993175700406862312400227605085786411066563280191259114522557523266322938112270909661674872892527206348412394388670962483870027002240481196460331481760 0 0 0 0 0 0 0 0 0 0 0 0 0 0 0 0 0 0 0 0 0 0 0 0 0 0 0 0 0 0 0 0 0 0 0 0 0 0 0 0 0 0 0 0 0 0 0 0 0 0 0 0 0 0 0 0 0 0 1 0 0]
[793264444085693866490705156012096217705388300431004742578199904667915991605324510044011925464037454111681021038466811396667216293632851520511942803059740204312568631227684835175457569663 0 0 0 0 0 0 0 0 0 0 0 0 0 0 0 0 0 0 0 0 0 0 0 0 0 0 0 0 0 0 0 0 0 0 0 0 0 0 0 0 0 0 0 0 0 0 0 0 0 0 0 0 0 0 0 0 0 0 0 1 0]
[3014242910871329753077917111892772414314119019967678729937604515953922357613485433218185855884397803553653351432405123947999250504379308512275736486975175606611986829546143864519978993218 0 0 0 0 0 0 0 0 0 0 0 0 0 0 0 0 0 0 0 0 0 0 0 0 0 0 0 0 0 0 0 0 0 0 0 0 0 0 0 0 0 0 0 0 0 0 0 0 0 0 0 0 0 0 0 0 0 0 0 0 1]
]
