[[2304107485144266088743067049538142727517752548854536294893812659814847523181313544628764517854350797146063377204737812510774718528571545255740010383392440348805296512333773736302930154459 0 0 0 0 0 0 0 0 0 0 0 0 0 0 0 0 0 0 0 0 0 0 0 0 0 0 0 0 0 0 0 0 0 0 0 0 0 0 0 0 0 0 0 0 0 0 0 0 0 0 0 0 0 0 0 0 0 0 0 0 0]
[826993797975891491610231402622049692340268315098986819096490371901836165290367110327396827058973329229436353325615777894417139497665369895889175429008362383027116676847650276218137883581 1 0 0 0 0 0 0 0 0 0 0 0 0 0 0 0 0 0 0 0 0 0 0 0 0 0 0 0 0 0 0 0 0 0 0 0 0 0 0 0 0 0 0 0 0 0 0 0 0 0 0 0 0 0 0 0 0 0 0 0 0]
[649437980048032556854733024746209504853192532701332217579315788886143649064073742013229662733670874869252877772075348013080434003433724614999108294732212716000473756051703395591830065080 0 1 0 0 0 0 0 0 0 0 0 0 0 0 0 0 0 0 0 0 0 0 0 0 0 0 0 0 0 0 0 0 0 0 0 0 0 0 0 0 0 0 0 0 0 0 0 0 0 0 0 0 0 0 0 0 0 0 0 0 0]
[1618542350248013553121296587365310903179448839716969607419451660777553156167330425374958399986801975895021692993978897252694733262481960421769223154336609166598908954718159272431757071995 0 0 1 0 0 0 0 0 0 0 0 0 0 0 0 0 0 0 0 0 0 0 0 0 0 0 0 0 0 0 0 0 0 0 0 0 0 0 0 0 0 0 0 0 0 0 0 0 0 0 0 0 0 0 0 0 0 0 0 0 0]
[1527351484714085684856548369070789838706616866045289550865707337005842235226384397278853618767937947648398119107973674799624286946333848176966310446941966264873911341090894014121303545040 0 0 0 1 0 0 0 0 0 0 0 0 0 0 0 0 0 0 0 0 0 0 0 0 0 0 0 0 0 0 0 0 0 0 0 0 0 0 0 0 0 0 0 0 0 0 0 0 0 0 0 0 0 0 0 0 0 0 0 0 0]
[419951684289093354141297223559445769261394135518048101075761780422838954097954605543590651705467903783104653947332088271709131693907717504000073045689693649906671404507500790379132164762 0 0 0 0 1 0 0 0 0 0 0 0 0 0 0 0 0 0 0 0 0 0 0 0 0 0 0 0 0 0 0 0 0 0 0 0 0 0 0 0 0 0 0 0 0 0 0 0 0 0 0 0 0 0 0 0 0 0 0 0 0]
[678103232438167208730312114235439319239420791502156483961689213491173736842353851351248673017568038683214345417257502418434776998589138174905023456086874460319641542129140777273644384065 0 0 0 0 0 1 0 0 0 0 0 0 0 0 0 0 0 0 0 0 0 0 0 0 0 0 0 0 0 0 0 0 0 0 0 0 0 0 0 0 0 0 0 0 0 0 0 0 0 0 0 0 0 0 0 0 0 0 0 0 0]
[1074952407477740969047286249365987334573778164319628541893604772857159616849088515127766871700214864054304881594047446619334474469776772661575628186428159948871042030229269623277495434979 0 0 0 0 0 0 1 0 0 0 0 0 0 0 0 0 0 0 0 0 0 0 0 0 0 0 0 0 0 0 0 0 0 0 0 0 0 0 0 0 0 0 0 0 0 0 0 0 0 0 0 0 0 0 0 0 0 0 0 0 0]
[1288752804016517216328845692991013357840290671798756458687276565201319835023427696943915677763760287349598269151999419903828027308147017523714573680661591672065068413773245973042249285453 0 0 0 0 0 0 0 1 0 0 0 0 0 0 0 0 0 0 0 0 0 0 0 0 0 0 0 0 0 0 0 0 0 0 0 0 0 0 0 0 0 0 0 0 0 0 0 0 0 0 0 0 0 0 0 0 0 0 0 0 0]
[1403118685091199385255863284766912109088694172550565300209654925760239989585888224448402912502221386140322859688745410374865304442731649705468253717504003507231095259396400746568852893623 0 0 0 0 0 0 0 0 1 0 0 0 0 0 0 0 0 0 0 0 0 0 0 0 0 0 0 0 0 0 0 0 0 0 0 0 0 0 0 0 0 0 0 0 0 0 0 0 0 0 0 0 0 0 0 0 0 0 0 0 0]
[59146127686967671272354758591519473827301296209871634204251374873178875696802016505920330614986769116263238688082093201458798471503094827494455382508322329895422259266889058979702993959 0 0 0 0 0 0 0 0 0 1 0 0 0 0 0 0 0 0 0 0 0 0 0 0 0 0 0 0 0 0 0 0 0 0 0 0 0 0 0 0 0 0 0 0 0 0 0 0 0 0 0 0 0 0 0 0 0 0 0 0 0]
[803955293135291261626284430051920802725423227062696071409767302140011137519719316408645143473989292159146988626889916438762654496953728000023558428764970797113772693410582154052920314607 0 0 0 0 0 0 0 0 0 0 1 0 0 0 0 0 0 0 0 0 0 0 0 0 0 0 0 0 0 0 0 0 0 0 0 0 0 0 0 0 0 0 0 0 0 0 0 0 0 0 0 0 0 0 0 0 0 0 0 0 0]
[826889822124830183324117962346052702325713496890510066858186175735373614406688364662234735714424338206172906349546416946160001038894634697418821655118143802530073241240389521147882593342 0 0 0 0 0 0 0 0 0 0 0 1 0 0 0 0 0 0 0 0 0 0 0 0 0 0 0 0 0 0 0 0 0 0 0 0 0 0 0 0 0 0 0 0 0 0 0 0 0 0 0 0 0 0 0 0 0 0 0 0 0]
[788850436267116987844547538573549143644422494692996661354712388229476995605922859049692842611335579328231175990054015045238013525330647319074654132724215993089130406138946796424524375379 0 0 0 0 0 0 0 0 0 0 0 0 1 0 0 0 0 0 0 0 0 0 0 0 0 0 0 0 0 0 0 0 0 0 0 0 0 0 0 0 0 0 0 0 0 0 0 0 0 0 0 0 0 0 0 0 0 0 0 0 0]
[27042069354756672612510606542090659465656656409453370839370846684288491533976387717601843657679256086957204610120054853817177167108209805593983591165477591691198580409603895951076456655 0 0 0 0 0 0 0 0 0 0 0 0 0 1 0 0 0 0 0 0 0 0 0 0 0 0 0 0 0 0 0 0 0 0 0 0 0 0 0 0 0 0 0 0 0 0 0 0 0 0 0 0 0 0 0 0 0 0 0 0 0]
[1187987675086887777443039394266634490375617062703738622667963486800616671054190716109745061296426810243221950956835289588285274538340443268189331043522752888549559180698718697289439787119 0 0 0 0 0 0 0 0 0 0 0 0 0 0 1 0 0 0 0 0 0 0 0 0 0 0 0 0 0 0 0 0 0 0 0 0 0 0 0 0 0 0 0 0 0 0 0 0 0 0 0 0 0 0 0 0 0 0 0 0 0]
[1667110057184621332719525727068796784914665626843953477078714425046080052060705529399196985660277036071081079602254459834719343975471266048003551498983382719341407062879511519934886726514 0 0 0 0 0 0 0 0 0 0 0 0 0 0 0 1 0 0 0 0 0 0 0 0 0 0 0 0 0 0 0 0 0 0 0 0 0 0 0 0 0 0 0 0 0 0 0 0 0 0 0 0 0 0 0 0 0 0 0 0 0]
[535665392740637754696493141282671023459174975114071688035896824159415977703170958841535709131049395183825061929713901025365892719199686466617629533208773877958888605131689532231455610884 0 0 0 0 0 0 0 0 0 0 0 0 0 0 0 0 1 0 0 0 0 0 0 0 0 0 0 0 0 0 0 0 0 0 0 0 0 0 0 0 0 0 0 0 0 0 0 0 0 0 0 0 0 0 0 0 0 0 0 0 0]
[747631684533245005093713465376570461875030609062539919281892140937655042342370087705881601513259769101182935056533081721846407397044464027451797120718791626530367290998559867209785341638 0 0 0 0 0 0 0 0 0 0 0 0 0 0 0 0 0 1 0 0 0 0 0 0 0 0 0 0 0 0 0 0 0 0 0 0 0 0 0 0 0 0 0 0 0 0 0 0 0 0 0 0 0 0 0 0 0 0 0 0 0]
[803057515030238978629619782563214900374173650551946832780811487824345156828262592924265667169135775282612972140541098448783673146323055302547811967920611971906826681220104796993753511971 0 0 0 0 0 0 0 0 0 0 0 0 0 0 0 0 0 0 1 0 0 0 0 0 0 0 0 0 0 0 0 0 0 0 0 0 0 0 0 0 0 0 0 0 0 0 0 0 0 0 0 0 0 0 0 0 0 0 0 0 0]
[1255739195558734828849724869608556419214837942834566134027358775416149261336249986179046924299979781275456937885415729267072733805223144125906832387779297808430811662410641715554343311039 0 0 0 0 0 0 0 0 0 0 0 0 0 0 0 0 0 0 0 1 0 0 0 0 0 0 0 0 0 0 0 0 0 0 0 0 0 0 0 0 0 0 0 0 0 0 0 0 0 0 0 0 0 0 0 0 0 0 0 0 0]
[101653261547049692485487153372542283780438548491379159156420741164989930274557966137437916636229689147017776571430468128100002144687165695737044123527209423634033141180041058893842752763 0 0 0 0 0 0 0 0 0 0 0 0 0 0 0 0 0 0 0 0 1 0 0 0 0 0 0 0 0 0 0 0 0 0 0 0 0 0 0 0 0 0 0 0 0 0 0 0 0 0 0 0 0 0 0 0 0 0 0 0 0]
[1640029039761308574130809364615840874180227757760813639444740589888320320944399056447755310355142272404976116150458195701836550341974934338265833992929298965815413007186675399226133901985 0 0 0 0 0 0 0 0 0 0 0 0 0 0 0 0 0 0 0 0 0 1 0 0 0 0 0 0 0 0 0 0 0 0 0 0 0 0 0 0 0 0 0 0 0 0 0 0 0 0 0 0 0 0 0 0 0 0 0 0 0]
[786392957714416098879120537449404447034580184858193298943760956096694599465799901272935571572352139525897262780320075386915943344486218913521795371424710450930430478212068887309196836328 0 0 0 0 0 0 0 0 0 0 0 0 0 0 0 0 0 0 0 0 0 0 1 0 0 0 0 0 0 0 0 0 0 0 0 0 0 0 0 0 0 0 0 0 0 0 0 0 0 0 0 0 0 0 0 0 0 0 0 0 0]
[259842712905311889307350989265733904088647888700990377603852059619496488474048669592636217195538017475224270688326068744743579121074705573342398423149849016137011703598169629749355686645 0 0 0 0 0 0 0 0 0 0 0 0 0 0 0 0 0 0 0 0 0 0 0 1 0 0 0 0 0 0 0 0 0 0 0 0 0 0 0 0 0 0 0 0 0 0 0 0 0 0 0 0 0 0 0 0 0 0 0 0 0]
[59932299421684652440609560927892623343220945988295503573162377943525829727434677135970643584927555120016605984905859604650280539359127010250101776687935526208485063286757357557997731615 0 0 0 0 0 0 0 0 0 0 0 0 0 0 0 0 0 0 0 0 0 0 0 0 1 0 0 0 0 0 0 0 0 0 0 0 0 0 0 0 0 0 0 0 0 0 0 0 0 0 0 0 0 0 0 0 0 0 0 0 0]
[24080467979134298933229236994339387301042608658690197615391890059980640531328608658594733220977771926549259245480271290516934580280646455513528960632967600494251526392518211706629053393 0 0 0 0 0 0 0 0 0 0 0 0 0 0 0 0 0 0 0 0 0 0 0 0 0 1 0 0 0 0 0 0 0 0 0 0 0 0 0 0 0 0 0 0 0 0 0 0 0 0 0 0 0 0 0 0 0 0 0 0 0]
[2244320848546262821278634885252786113487936643854414877680194030372733277899574482707577828480317340112154213440827783255624201369443350428895017092959773588233299155044008203456836213181 0 0 0 0 0 0 0 0 0 0 0 0 0 0 0 0 0 0 0 0 0 0 0 0 0 0 1 0 0 0 0 0 0 0 0 0 0 0 0 0 0 0 0 0 0 0 0 0 0 0 0 0 0 0 0 0 0 0 0 0 0]
[820264193966188539183539795125011565645132113453214851061550304316884841073617383601191439828505692550174981526022139890931413208070796007170654450050271437191992991476413302280602593347 0 0 0 0 0 0 0 0 0 0 0 0 0 0 0 0 0 0 0 0 0 0 0 0 0 0 0 1 0 0 0 0 0 0 0 0 0 0 0 0 0 0 0 0 0 0 0 0 0 0 0 0 0 0 0 0 0 0 0 0 0]
[81397934187497101457198067594268688891542817334389599420188254135460523964041420373215704447988047760992925167296128989598143763219277462304925679736219166333957201082593145418346842404 0 0 0 0 0 0 0 0 0 0 0 0 0 0 0 0 0 0 0 0 0 0 0 0 0 0 0 0 1 0 0 0 0 0 0 0 0 0 0 0 0 0 0 0 0 0 0 0 0 0 0 0 0 0 0 0 0 0 0 0 0]
[1304557413077979578377143870983822720735265781450998378998458206953270051829780755452610896149572691482082078145130063853799117761836462274163757489661177393914620492570306659118277404672 0 0 0 0 0 0 0 0 0 0 0 0 0 0 0 0 0 0 0 0 0 0 0 0 0 0 0 0 0 1 0 0 0 0 0 0 0 0 0 0 0 0 0 0 0 0 0 0 0 0 0 0 0 0 0 0 0 0 0 0 0]
[2161927738951268195684129821703341073681139138430968000548505047241950185953126866752213111774687153339191529435505637755352326050931348928229827532896478016320592900775069858227306321272 0 0 0 0 0 0 0 0 0 0 0 0 0 0 0 0 0 0 0 0 0 0 0 0 0 0 0 0 0 0 1 0 0 0 0 0 0 0 0 0 0 0 0 0 0 0 0 0 0 0 0 0 0 0 0 0 0 0 0 0 0]
[1232644655804394333395349016793333977539235265300249885713214370434112941693160441474365836423916935537934449440230623608691213999438439950268406970188270699813926012700524700401968989145 0 0 0 0 0 0 0 0 0 0 0 0 0 0 0 0 0 0 0 0 0 0 0 0 0 0 0 0 0 0 0 1 0 0 0 0 0 0 0 0 0 0 0 0 0 0 0 0 0 0 0 0 0 0 0 0 0 0 0 0 0]
[1117650023333164667644688431269549731088457024264026114926338035056979098416232822978672572262976895359758337881750391847131034675854968011902263619803391900233008377963571704842786345989 0 0 0 0 0 0 0 0 0 0 0 0 0 0 0 0 0 0 0 0 0 0 0 0 0 0 0 0 0 0 0 0 1 0 0 0 0 0 0 0 0 0 0 0 0 0 0 0 0 0 0 0 0 0 0 0 0 0 0 0 0]
[452990024547307952271569164199599488015944263074335578570253024687670949341122551856932567857199612880297880969323443443029523445101924297353026953715002215629628435344463903516975175393 0 0 0 0 0 0 0 0 0 0 0 0 0 0 0 0 0 0 0 0 0 0 0 0 0 0 0 0 0 0 0 0 0 1 0 0 0 0 0 0 0 0 0 0 0 0 0 0 0 0 0 0 0 0 0 0 0 0 0 0 0]
[1462031820655968759113004375283669986328891729572303029319088294032799146067309212481237252467774178188804712432843058887483825750739335941719117658571551157720714149968402264834402277553 0 0 0 0 0 0 0 0 0 0 0 0 0 0 0 0 0 0 0 0 0 0 0 0 0 0 0 0 0 0 0 0 0 0 1 0 0 0 0 0 0 0 0 0 0 0 0 0 0 0 0 0 0 0 0 0 0 0 0 0 0]
[2117607441838786486774066247305963007106178765386781480149260802035940041028283996971984215677806073373946512772561126259428840197162670997466205103252667401060009060866768106298941296545 0 0 0 0 0 0 0 0 0 0 0 0 0 0 0 0 0 0 0 0 0 0 0 0 0 0 0 0 0 0 0 0 0 0 0 1 0 0 0 0 0 0 0 0 0 0 0 0 0 0 0 0 0 0 0 0 0 0 0 0 0]
[1366180231130819758797277290575371648419906124953607248613641255124745691194294098480417500722755120702150862403324436881074036199772145500984406831463454598696330854358379659172982893720 0 0 0 0 0 0 0 0 0 0 0 0 0 0 0 0 0 0 0 0 0 0 0 0 0 0 0 0 0 0 0 0 0 0 0 0 1 0 0 0 0 0 0 0 0 0 0 0 0 0 0 0 0 0 0 0 0 0 0 0 0]
[858826351334639086710591915989033198012278995179739276073533161682350126772082138493750879575622554809143043209032771140454467146136825773414476256064599109946158749338935517283174972639 0 0 0 0 0 0 0 0 0 0 0 0 0 0 0 0 0 0 0 0 0 0 0 0 0 0 0 0 0 0 0 0 0 0 0 0 0 1 0 0 0 0 0 0 0 0 0 0 0 0 0 0 0 0 0 0 0 0 0 0 0]
[720233393691856601943025938990526907458206438985037156829006624601930167782217840033537110396361547365082721546993713522829576314735272285476131299795243583392097987129563521393658533896 0 0 0 0 0 0 0 0 0 0 0 0 0 0 0 0 0 0 0 0 0 0 0 0 0 0 0 0 0 0 0 0 0 0 0 0 0 0 1 0 0 0 0 0 0 0 0 0 0 0 0 0 0 0 0 0 0 0 0 0 0]
[661039048001579024813182689598702209782506263495792848823256821110122441722050118793163429864050460456226224862399539455700152714129530246905759315597669296793715469484830623068565081848 0 0 0 0 0 0 0 0 0 0 0 0 0 0 0 0 0 0 0 0 0 0 0 0 0 0 0 0 0 0 0 0 0 0 0 0 0 0 0 1 0 0 0 0 0 0 0 0 0 0 0 0 0 0 0 0 0 0 0 0 0]
[693457424170582784229668066078369497845867648643627736746903333097687711565183999891026991790543145109095943532933857081208331794606999598820063591252815035929924408914371488810709953099 0 0 0 0 0 0 0 0 0 0 0 0 0 0 0 0 0 0 0 0 0 0 0 0 0 0 0 0 0 0 0 0 0 0 0 0 0 0 0 0 1 0 0 0 0 0 0 0 0 0 0 0 0 0 0 0 0 0 0 0 0]
[496150042941725098641474890481367490778344199383551248924838953534100678700637282087303611081875176963198182319916725145916683879905562751149093487056813196458472733183135745062018530420 0 0 0 0 0 0 0 0 0 0 0 0 0 0 0 0 0 0 0 0 0 0 0 0 0 0 0 0 0 0 0 0 0 0 0 0 0 0 0 0 0 1 0 0 0 0 0 0 0 0 0 0 0 0 0 0 0 0 0 0 0]
[388218092118416978994768014417445385918708820767301879161028532216112496007315254748596802385333948869539165765771770800950750750722476874102562737050465126514139615975881719798529798125 0 0 0 0 0 0 0 0 0 0 0 0 0 0 0 0 0 0 0 0 0 0 0 0 0 0 0 0 0 0 0 0 0 0 0 0 0 0 0 0 0 0 1 0 0 0 0 0 0 0 0 0 0 0 0 0 0 0 0 0 0]
[2144866349391524875063085741340308520796967744878876362293504265302502491420379595585919950819640199605579506448697951259186013065103857587175850440970190184020416114409586697710726447683 0 0 0 0 0 0 0 0 0 0 0 0 0 0 0 0 0 0 0 0 0 0 0 0 0 0 0 0 0 0 0 0 0 0 0 0 0 0 0 0 0 0 0 1 0 0 0 0 0 0 0 0 0 0 0 0 0 0 0 0 0]
[1093438706833971040219385993404773039029925669477803418833695198591401089272746412709393176037921662731196514459458207288792671271166749113998596914390447202182192916224747563015585679373 0 0 0 0 0 0 0 0 0 0 0 0 0 0 0 0 0 0 0 0 0 0 0 0 0 0 0 0 0 0 0 0 0 0 0 0 0 0 0 0 0 0 0 0 1 0 0 0 0 0 0 0 0 0 0 0 0 0 0 0 0]
[1068987803963597199395172213776891855126756354243214729784345428974202089864203568768453124678081705708602005569988443419922254589520929384041427693629847324741120575040693076375331292775 0 0 0 0 0 0 0 0 0 0 0 0 0 0 0 0 0 0 0 0 0 0 0 0 0 0 0 0 0 0 0 0 0 0 0 0 0 0 0 0 0 0 0 0 0 1 0 0 0 0 0 0 0 0 0 0 0 0 0 0 0]
[1485093514115995896496536206752669849962936340227342697694372553671179259705634908317466176906321304411822328180938005218625854539247051124886497544460823287291993194265674700581533814366 0 0 0 0 0 0 0 0 0 0 0 0 0 0 0 0 0 0 0 0 0 0 0 0 0 0 0 0 0 0 0 0 0 0 0 0 0 0 0 0 0 0 0 0 0 0 1 0 0 0 0 0 0 0 0 0 0 0 0 0 0]
[2162486815273071495148388306359972310111584488909754046523758145030489978722227333698930676613081999843585535580204420927958229360313936469707466718232766490778996863557051537014486534894 0 0 0 0 0 0 0 0 0 0 0 0 0 0 0 0 0 0 0 0 0 0 0 0 0 0 0 0 0 0 0 0 0 0 0 0 0 0 0 0 0 0 0 0 0 0 0 1 0 0 0 0 0 0 0 0 0 0 0 0 0]
[1609757999649190991720648446064082711762455826392448969116783036873999351916785152401638490208225558567788989056771571025758879122231109825553572570916882861356426701432441259818958896704 0 0 0 0 0 0 0 0 0 0 0 0 0 0 0 0 0 0 0 0 0 0 0 0 0 0 0 0 0 0 0 0 0 0 0 0 0 0 0 0 0 0 0 0 0 0 0 0 1 0 0 0 0 0 0 0 0 0 0 0 0]
[742640477445877510045586640282148680718166003458797703388213101111177943295785657367934543139239417458293349030382334922429565851598105815643561034210854230930268723564545973587554476238 0 0 0 0 0 0 0 0 0 0 0 0 0 0 0 0 0 0 0 0 0 0 0 0 0 0 0 0 0 0 0 0 0 0 0 0 0 0 0 0 0 0 0 0 0 0 0 0 0 1 0 0 0 0 0 0 0 0 0 0 0]
[1877037099556698056265832392850484252337209372117575101987134019473796884413223304608465052225250743812114532672477856263434031361895324483054754089723042103922825223653395074421530687043 0 0 0 0 0 0 0 0 0 0 0 0 0 0 0 0 0 0 0 0 0 0 0 0 0 0 0 0 0 0 0 0 0 0 0 0 0 0 0 0 0 0 0 0 0 0 0 0 0 0 1 0 0 0 0 0 0 0 0 0 0]
[2299044770438739653524435893388816436662105547391547483299793687382445323595941902980979173653320397407183675268925682450720469126568307117740951379310893494289688459773159052872985581166 0 0 0 0 0 0 0 0 0 0 0 0 0 0 0 0 0 0 0 0 0 0 0 0 0 0 0 0 0 0 0 0 0 0 0 0 0 0 0 0 0 0 0 0 0 0 0 0 0 0 0 1 0 0 0 0 0 0 0 0 0]
[2165232589892232890543494088165003956873801789987211936489803169979993676363525959048504814692882715638933584384672045844797435730463044499022278171428346253742024727318929716123803722 0 0 0 0 0 0 0 0 0 0 0 0 0 0 0 0 0 0 0 0 0 0 0 0 0 0 0 0 0 0 0 0 0 0 0 0 0 0 0 0 0 0 0 0 0 0 0 0 0 0 0 0 1 0 0 0 0 0 0 0 0]
[2278064014706200800003652457148961114701177143903443425144366343242208141643495929253215569244075497716810728897104330063411559360797780727650250152596559269887622523826385965610570800541 0 0 0 0 0 0 0 0 0 0 0 0 0 0 0 0 0 0 0 0 0 0 0 0 0 0 0 0 0 0 0 0 0 0 0 0 0 0 0 0 0 0 0 0 0 0 0 0 0 0 0 0 0 1 0 0 0 0 0 0 0]
[914880343680463366065064406432755990036029757525077423605476975910421260016814852996105321584484038376270659943298329399156876886139413408143445746404182903510293674789025349953881084509 0 0 0 0 0 0 0 0 0 0 0 0 0 0 0 0 0 0 0 0 0 0 0 0 0 0 0 0 0 0 0 0 0 0 0 0 0 0 0 0 0 0 0 0 0 0 0 0 0 0 0 0 0 0 1 0 0 0 0 0 0]
[1498108262983500823067767356006380886443193051847216534992362755339126722919346818294785651197981292494894641582398634972813877143417730592677761459084641664576641066735114439976972229821 0 0 0 0 0 0 0 0 0 0 0 0 0 0 0 0 0 0 0 0 0 0 0 0 0 0 0 0 0 0 0 0 0 0 0 0 0 0 0 0 0 0 0 0 0 0 0 0 0 0 0 0 0 0 0 1 0 0 0 0 0]
[448661763012823986569770399254148707770320560013065480478365045610682563614478569605498323838096793582637616522763312752448355804774167026953186788599698353158168703429963880786392541471 0 0 0 0 0 0 0 0 0 0 0 0 0 0 0 0 0 0 0 0 0 0 0 0 0 0 0 0 0 0 0 0 0 0 0 0 0 0 0 0 0 0 0 0 0 0 0 0 0 0 0 0 0 0 0 0 1 0 0 0 0]
[86675040676218132605598949358418694415193979827774312932783841231569862961017645552726918296303118020201614694729694113596546487960526155220005096465753232179385458121124673680425106878 0 0 0 0 0 0 0 0 0 0 0 0 0 0 0 0 0 0 0 0 0 0 0 0 0 0 0 0 0 0 0 0 0 0 0 0 0 0 0 0 0 0 0 0 0 0 0 0 0 0 0 0 0 0 0 0 0 1 0 0 0]
[1248008336290105207463663473725161100460988323536304987384874240867628302942938210130914060818286059961319113325041973417956455508412376077683544305155103526902764580733257125458470977098 0 0 0 0 0 0 0 0 0 0 0 0 0 0 0 0 0 0 0 0 0 0 0 0 0 0 0 0 0 0 0 0 0 0 0 0 0 0 0 0 0 0 0 0 0 0 0 0 0 0 0 0 0 0 0 0 0 0 1 0 0]
[1187804883388943660070902184923419522320661551604688047696194482411695960581777313901957378034155342170879176983876284083234345779725279014106399775656549412263833397810674751078369371719 0 0 0 0 0 0 0 0 0 0 0 0 0 0 0 0 0 0 0 0 0 0 0 0 0 0 0 0 0 0 0 0 0 0 0 0 0 0 0 0 0 0 0 0 0 0 0 0 0 0 0 0 0 0 0 0 0 0 0 1 0]
[2081978272398048286660211853748010824378658954072059804483154952067419097169149822988917626861319451480923807106565960654649652240703409222586353183299385508655691769648130319409954819791 0 0 0 0 0 0 0 0 0 0 0 0 0 0 0 0 0 0 0 0 0 0 0 0 0 0 0 0 0 0 0 0 0 0 0 0 0 0 0 0 0 0 0 0 0 0 0 0 0 0 0 0 0 0 0 0 0 0 0 0 1]
]
