[[4231413105099094489310233806940168404260545017419536735421697290748662857732478763747865277358005920432872187955565108329630502629937110574566742635828811153035113412201728793692643677117 0 0 0 0 0 0 0 0 0 0 0 0 0 0 0 0 0 0 0 0 0 0 0 0 0 0 0 0 0 0 0 0 0 0 0 0 0 0 0 0 0 0 0 0 0 0 0 0 0 0 0 0 0 0 0 0 0 0 0 0 0]
[3141136705981400364195004297262251413254674959245467784093893981918555584906892991951893237058158590191991700996199784548639056034399568745424533813680014247353819068356943444160733922671 1 0 0 0 0 0 0 0 0 0 0 0 0 0 0 0 0 0 0 0 0 0 0 0 0 0 0 0 0 0 0 0 0 0 0 0 0 0 0 0 0 0 0 0 0 0 0 0 0 0 0 0 0 0 0 0 0 0 0 0 0]
[3258261428984199152621441019860436884626815647009087337870765537024171156937382577514140284429515368969818182536685327576429979065074971993654603596978681398664690023113356170906189117639 0 1 0 0 0 0 0 0 0 0 0 0 0 0 0 0 0 0 0 0 0 0 0 0 0 0 0 0 0 0 0 0 0 0 0 0 0 0 0 0 0 0 0 0 0 0 0 0 0 0 0 0 0 0 0 0 0 0 0 0 0]
[1395669148884010830769962215595075666009183793448968058239401761265885589625384938341661320122596222084430663328514683966117661710530322612339325713188934311397588088266548927909510164074 0 0 1 0 0 0 0 0 0 0 0 0 0 0 0 0 0 0 0 0 0 0 0 0 0 0 0 0 0 0 0 0 0 0 0 0 0 0 0 0 0 0 0 0 0 0 0 0 0 0 0 0 0 0 0 0 0 0 0 0 0]
[1491127919893082802042669462039494590432759210056413400868665355942172600204774041021282990383163044542116671518736351662454249147089695605449854716597225679392268511731008882815044920089 0 0 0 1 0 0 0 0 0 0 0 0 0 0 0 0 0 0 0 0 0 0 0 0 0 0 0 0 0 0 0 0 0 0 0 0 0 0 0 0 0 0 0 0 0 0 0 0 0 0 0 0 0 0 0 0 0 0 0 0 0]
[1587041681481584448198393896045998998250574144864145173439559695678894936511359180896967533555066124394983092182185306491468359186189894324734035014709348618753039288027041645347904965393 0 0 0 0 1 0 0 0 0 0 0 0 0 0 0 0 0 0 0 0 0 0 0 0 0 0 0 0 0 0 0 0 0 0 0 0 0 0 0 0 0 0 0 0 0 0 0 0 0 0 0 0 0 0 0 0 0 0 0 0 0]
[1474556692987486157475493179979309932498431092339645532326542442855259278732810928834358344147584618611475069492464465006059857256850504344185878549226008684314633015266341041350432515303 0 0 0 0 0 1 0 0 0 0 0 0 0 0 0 0 0 0 0 0 0 0 0 0 0 0 0 0 0 0 0 0 0 0 0 0 0 0 0 0 0 0 0 0 0 0 0 0 0 0 0 0 0 0 0 0 0 0 0 0 0]
[2881422985166011824985460718356539231407106372996660630962764778293780515731697987039083705651712264236723945750628110470092390955435514563066175590843153966645158711448008300392376497738 0 0 0 0 0 0 1 0 0 0 0 0 0 0 0 0 0 0 0 0 0 0 0 0 0 0 0 0 0 0 0 0 0 0 0 0 0 0 0 0 0 0 0 0 0 0 0 0 0 0 0 0 0 0 0 0 0 0 0 0 0]
[1266554200929013304664598128098925650505746765088727042057868032099900568104380528809162421567615265050240032978535070822695969184403138085886765112156743787548420801319399643097110089642 0 0 0 0 0 0 0 1 0 0 0 0 0 0 0 0 0 0 0 0 0 0 0 0 0 0 0 0 0 0 0 0 0 0 0 0 0 0 0 0 0 0 0 0 0 0 0 0 0 0 0 0 0 0 0 0 0 0 0 0 0]
[963139589356873233181417752538569365179785525974995228955614691484772256356036485831558133718198536513266838455201456395749582562694162528263990832790411205576661620562654094360171102425 0 0 0 0 0 0 0 0 1 0 0 0 0 0 0 0 0 0 0 0 0 0 0 0 0 0 0 0 0 0 0 0 0 0 0 0 0 0 0 0 0 0 0 0 0 0 0 0 0 0 0 0 0 0 0 0 0 0 0 0 0]
[1710821772926300681865382732832146843425365337114352251538170141645265334905846475314662686072393356500385426120292067662147341312035431731993078542641119282635197672998031025053002208721 0 0 0 0 0 0 0 0 0 1 0 0 0 0 0 0 0 0 0 0 0 0 0 0 0 0 0 0 0 0 0 0 0 0 0 0 0 0 0 0 0 0 0 0 0 0 0 0 0 0 0 0 0 0 0 0 0 0 0 0 0]
[856765311407013214416853319921456079122381313843034636518378980359320624651407878238766533893972392613811732159356716131238687512606271214615974719391446464207705746389981172005759412828 0 0 0 0 0 0 0 0 0 0 1 0 0 0 0 0 0 0 0 0 0 0 0 0 0 0 0 0 0 0 0 0 0 0 0 0 0 0 0 0 0 0 0 0 0 0 0 0 0 0 0 0 0 0 0 0 0 0 0 0 0]
[504528668290878797667015587974251775895753451869224661988145008713738415475821464073697571024587900767698618371626906572088029133893475703783855905149416084495439273165290854532046128431 0 0 0 0 0 0 0 0 0 0 0 1 0 0 0 0 0 0 0 0 0 0 0 0 0 0 0 0 0 0 0 0 0 0 0 0 0 0 0 0 0 0 0 0 0 0 0 0 0 0 0 0 0 0 0 0 0 0 0 0 0]
[479525092377203364962859496843125176643913961758592319576274562276719491545733111994677903807242951072396843060348949909804438532479081468186113214243376326356682364771396717106391616299 0 0 0 0 0 0 0 0 0 0 0 0 1 0 0 0 0 0 0 0 0 0 0 0 0 0 0 0 0 0 0 0 0 0 0 0 0 0 0 0 0 0 0 0 0 0 0 0 0 0 0 0 0 0 0 0 0 0 0 0 0]
[3645387325241712232298187674782985518681303478519301219413595908354005067654480653264315331032468267501610618050814472409799934512872385423172474368500325785333568773412657418292729752011 0 0 0 0 0 0 0 0 0 0 0 0 0 1 0 0 0 0 0 0 0 0 0 0 0 0 0 0 0 0 0 0 0 0 0 0 0 0 0 0 0 0 0 0 0 0 0 0 0 0 0 0 0 0 0 0 0 0 0 0 0]
[621269917024489530241545457571407657835005814666434390978687820350558249742145756831895247254455184293497833000596960885191530354556437912273426306020052519649955683964396186346207736443 0 0 0 0 0 0 0 0 0 0 0 0 0 0 1 0 0 0 0 0 0 0 0 0 0 0 0 0 0 0 0 0 0 0 0 0 0 0 0 0 0 0 0 0 0 0 0 0 0 0 0 0 0 0 0 0 0 0 0 0 0]
[1260190239005596811570669173692607136164381333866622441627713300104639754502128329522894408115966314094285772331178422272578846180275071445011937177469256409572271152426498040075665181619 0 0 0 0 0 0 0 0 0 0 0 0 0 0 0 1 0 0 0 0 0 0 0 0 0 0 0 0 0 0 0 0 0 0 0 0 0 0 0 0 0 0 0 0 0 0 0 0 0 0 0 0 0 0 0 0 0 0 0 0 0]
[1194490041686990541621838446871726755533992418523057673660821870182435116623751444193991367282152070604795135176167968961241155509981679926896363162389227998400194634458515870710016299698 0 0 0 0 0 0 0 0 0 0 0 0 0 0 0 0 1 0 0 0 0 0 0 0 0 0 0 0 0 0 0 0 0 0 0 0 0 0 0 0 0 0 0 0 0 0 0 0 0 0 0 0 0 0 0 0 0 0 0 0 0]
[1788891324932119572267639461538234347073155920549080933971783749391848869564840069261315982142138421628951292542682999472689972167799852454446652772848951328791804228620549783543136892432 0 0 0 0 0 0 0 0 0 0 0 0 0 0 0 0 0 1 0 0 0 0 0 0 0 0 0 0 0 0 0 0 0 0 0 0 0 0 0 0 0 0 0 0 0 0 0 0 0 0 0 0 0 0 0 0 0 0 0 0 0]
[3923142475605257806134505515577542161556645940755632874101535643941694072800246733002513856903948604690120150537000119663861778353821582622100088241219256003530102425776683171587882649199 0 0 0 0 0 0 0 0 0 0 0 0 0 0 0 0 0 0 1 0 0 0 0 0 0 0 0 0 0 0 0 0 0 0 0 0 0 0 0 0 0 0 0 0 0 0 0 0 0 0 0 0 0 0 0 0 0 0 0 0 0]
[686258508354392740100972342346281986191321224138752108695369378933411542100650121952708869823109085672138832862633444603978223273075797753545775987728939628317196291648300483489611257578 0 0 0 0 0 0 0 0 0 0 0 0 0 0 0 0 0 0 0 1 0 0 0 0 0 0 0 0 0 0 0 0 0 0 0 0 0 0 0 0 0 0 0 0 0 0 0 0 0 0 0 0 0 0 0 0 0 0 0 0 0]
[2305632769896802204917205880398692948230243934053391041995266026199047576590135082499521152150508493264019641897412818014395530227285809669012536733289792147466837494329620127265259016175 0 0 0 0 0 0 0 0 0 0 0 0 0 0 0 0 0 0 0 0 1 0 0 0 0 0 0 0 0 0 0 0 0 0 0 0 0 0 0 0 0 0 0 0 0 0 0 0 0 0 0 0 0 0 0 0 0 0 0 0 0]
[521432215443895246863685093271535466277666514467285443368003704237087258433253411767253927636221346016024250778640130884925956281250620936380323094372991763873504230167189769576486437460 0 0 0 0 0 0 0 0 0 0 0 0 0 0 0 0 0 0 0 0 0 1 0 0 0 0 0 0 0 0 0 0 0 0 0 0 0 0 0 0 0 0 0 0 0 0 0 0 0 0 0 0 0 0 0 0 0 0 0 0 0]
[2704995845635126460632263224473828681728210662675460739218860173275560538085336090050664843707204276612018297137686206914091735450725062993015608898521399867952622112468002741828908454596 0 0 0 0 0 0 0 0 0 0 0 0 0 0 0 0 0 0 0 0 0 0 1 0 0 0 0 0 0 0 0 0 0 0 0 0 0 0 0 0 0 0 0 0 0 0 0 0 0 0 0 0 0 0 0 0 0 0 0 0 0]
[2964202856068259155071396080043862973561254213272003448622891531191621014350948210884702444210842977821496920485601224661556860960994466861700227889852844417380010818116739275686499660568 0 0 0 0 0 0 0 0 0 0 0 0 0 0 0 0 0 0 0 0 0 0 0 1 0 0 0 0 0 0 0 0 0 0 0 0 0 0 0 0 0 0 0 0 0 0 0 0 0 0 0 0 0 0 0 0 0 0 0 0 0]
[1283831971748247673412410103513630754003067533822889762743197528193323688516913274606566484844409525167952040786838536329801098562746904922941958689556520580540967993136279870549893519443 0 0 0 0 0 0 0 0 0 0 0 0 0 0 0 0 0 0 0 0 0 0 0 0 1 0 0 0 0 0 0 0 0 0 0 0 0 0 0 0 0 0 0 0 0 0 0 0 0 0 0 0 0 0 0 0 0 0 0 0 0]
[1874104219575364501434851131520091382365166686571300843156434674440529642244209888620265451277065039000002980867912854122319561375724591664378326990112465981337227849467737913011710935464 0 0 0 0 0 0 0 0 0 0 0 0 0 0 0 0 0 0 0 0 0 0 0 0 0 1 0 0 0 0 0 0 0 0 0 0 0 0 0 0 0 0 0 0 0 0 0 0 0 0 0 0 0 0 0 0 0 0 0 0 0]
[1934667855434090277550525024229871843624364645923876172753844016437179293391283040220891447626282134112841091817186702747117690233560946473202587736297143838701840449109210900382982822674 0 0 0 0 0 0 0 0 0 0 0 0 0 0 0 0 0 0 0 0 0 0 0 0 0 0 1 0 0 0 0 0 0 0 0 0 0 0 0 0 0 0 0 0 0 0 0 0 0 0 0 0 0 0 0 0 0 0 0 0 0]
[690860879065680618248814222498797172366336232973187271088268545314281014337292132849590932921348530916901300150200452618683752964862467327762483372353856634892802396723818988466505296089 0 0 0 0 0 0 0 0 0 0 0 0 0 0 0 0 0 0 0 0 0 0 0 0 0 0 0 1 0 0 0 0 0 0 0 0 0 0 0 0 0 0 0 0 0 0 0 0 0 0 0 0 0 0 0 0 0 0 0 0 0]
[2078164331438098050753725465647927941225680781999583758508160734769829667159667866340523597848772352228481907160691902586731103865052015706014609363832332648383569154650876748191055489629 0 0 0 0 0 0 0 0 0 0 0 0 0 0 0 0 0 0 0 0 0 0 0 0 0 0 0 0 1 0 0 0 0 0 0 0 0 0 0 0 0 0 0 0 0 0 0 0 0 0 0 0 0 0 0 0 0 0 0 0 0]
[3151801388943467810450372506151911251050882682097565215926761938944146952754201187015355992837315774104724367791507209185551169412526990819922055233204878416893911604043580794616479162053 0 0 0 0 0 0 0 0 0 0 0 0 0 0 0 0 0 0 0 0 0 0 0 0 0 0 0 0 0 1 0 0 0 0 0 0 0 0 0 0 0 0 0 0 0 0 0 0 0 0 0 0 0 0 0 0 0 0 0 0 0]
[3830301085344510420690811751509342169661409435395836215437541396023317901288663961588890978305370518782939730846210450425160228117119097760509567691279627384597625198316127696609912507836 0 0 0 0 0 0 0 0 0 0 0 0 0 0 0 0 0 0 0 0 0 0 0 0 0 0 0 0 0 0 1 0 0 0 0 0 0 0 0 0 0 0 0 0 0 0 0 0 0 0 0 0 0 0 0 0 0 0 0 0 0]
[908609224623969278101076160320431125097782140130113814957504024502290717013286209878871158282195679542128313690963258787304958146405235094811269198509040226163188122190649565695255656783 0 0 0 0 0 0 0 0 0 0 0 0 0 0 0 0 0 0 0 0 0 0 0 0 0 0 0 0 0 0 0 1 0 0 0 0 0 0 0 0 0 0 0 0 0 0 0 0 0 0 0 0 0 0 0 0 0 0 0 0 0]
[645698126086370343068798831251035470625724986871212296129875329705979856165438972842317553887883046849980825197284444031813084786420958682096779210866292387446986980726349229929171908796 0 0 0 0 0 0 0 0 0 0 0 0 0 0 0 0 0 0 0 0 0 0 0 0 0 0 0 0 0 0 0 0 1 0 0 0 0 0 0 0 0 0 0 0 0 0 0 0 0 0 0 0 0 0 0 0 0 0 0 0 0]
[3122902266546219900930774661568671673906462451948430170350948350066878084207512488600235604918586233547141168769824600166140880145669123863588554141881569931925699416150306053394693704675 0 0 0 0 0 0 0 0 0 0 0 0 0 0 0 0 0 0 0 0 0 0 0 0 0 0 0 0 0 0 0 0 0 1 0 0 0 0 0 0 0 0 0 0 0 0 0 0 0 0 0 0 0 0 0 0 0 0 0 0 0]
[3305400317881842965703532469742329673833994540870599479948766723502760478796274866334607195716718945956507380218700121046646557255937533412377368138953144401737408143936367464907285468762 0 0 0 0 0 0 0 0 0 0 0 0 0 0 0 0 0 0 0 0 0 0 0 0 0 0 0 0 0 0 0 0 0 0 1 0 0 0 0 0 0 0 0 0 0 0 0 0 0 0 0 0 0 0 0 0 0 0 0 0 0]
[348906811720268858865147056877156037434000374762359360753889238325301207306768396528330197764910520706257266767909084077166375026827988390256093806648132501438209047693268741653972875848 0 0 0 0 0 0 0 0 0 0 0 0 0 0 0 0 0 0 0 0 0 0 0 0 0 0 0 0 0 0 0 0 0 0 0 1 0 0 0 0 0 0 0 0 0 0 0 0 0 0 0 0 0 0 0 0 0 0 0 0 0]
[2607833134700519800541713955452318875859708650219923931299087718690271406480428232210287225370750165911196066257690727926609073158368675642065654201750715410245214304189791218068265253725 0 0 0 0 0 0 0 0 0 0 0 0 0 0 0 0 0 0 0 0 0 0 0 0 0 0 0 0 0 0 0 0 0 0 0 0 1 0 0 0 0 0 0 0 0 0 0 0 0 0 0 0 0 0 0 0 0 0 0 0 0]
[2702810767218464274225980370928229714735852601859472003709631348798009551070592793788485433674966036456714571388997445054099738867386525030672059592410068811147199047299564780778758395082 0 0 0 0 0 0 0 0 0 0 0 0 0 0 0 0 0 0 0 0 0 0 0 0 0 0 0 0 0 0 0 0 0 0 0 0 0 1 0 0 0 0 0 0 0 0 0 0 0 0 0 0 0 0 0 0 0 0 0 0 0]
[1988692696524055444046455925479127560296662458822911458103319172075563137065886758124043540517320573895927877852104592567918417065672150717531396267318062037213360186880534118693987612579 0 0 0 0 0 0 0 0 0 0 0 0 0 0 0 0 0 0 0 0 0 0 0 0 0 0 0 0 0 0 0 0 0 0 0 0 0 0 1 0 0 0 0 0 0 0 0 0 0 0 0 0 0 0 0 0 0 0 0 0 0]
[3631786048356844045474763133692715648484485515587500952561725532552886978858675436710818500140670481714835710552694686768209638369395058715383398975920569823771696745950804482030060274609 0 0 0 0 0 0 0 0 0 0 0 0 0 0 0 0 0 0 0 0 0 0 0 0 0 0 0 0 0 0 0 0 0 0 0 0 0 0 0 1 0 0 0 0 0 0 0 0 0 0 0 0 0 0 0 0 0 0 0 0 0]
[2683789035427069511981154869598276434268764427110600616682984415383851053600145394854127088905428312059911091180994408257506962898384158477584346081467654874129799142505886163570348658805 0 0 0 0 0 0 0 0 0 0 0 0 0 0 0 0 0 0 0 0 0 0 0 0 0 0 0 0 0 0 0 0 0 0 0 0 0 0 0 0 1 0 0 0 0 0 0 0 0 0 0 0 0 0 0 0 0 0 0 0 0]
[2715432615163818263855675520548219978591193217410282893071409290530103852702387384023317970030906754428517502644748442760342892011496316527794718131082379723513720395139635190344241236435 0 0 0 0 0 0 0 0 0 0 0 0 0 0 0 0 0 0 0 0 0 0 0 0 0 0 0 0 0 0 0 0 0 0 0 0 0 0 0 0 0 1 0 0 0 0 0 0 0 0 0 0 0 0 0 0 0 0 0 0 0]
[1591319331408149661421812069049887807018976245468663573510942446321100454813870626378745186062564812039911892496381358722482829963817432736263168678005531653023434052677741451375803189722 0 0 0 0 0 0 0 0 0 0 0 0 0 0 0 0 0 0 0 0 0 0 0 0 0 0 0 0 0 0 0 0 0 0 0 0 0 0 0 0 0 0 1 0 0 0 0 0 0 0 0 0 0 0 0 0 0 0 0 0 0]
[3350149928230601350773821022490194857589872471966783081814758100032314326615119957637343255375700432109516347837128973523701714391932513898501953870144615437305683113697592281351874447416 0 0 0 0 0 0 0 0 0 0 0 0 0 0 0 0 0 0 0 0 0 0 0 0 0 0 0 0 0 0 0 0 0 0 0 0 0 0 0 0 0 0 0 1 0 0 0 0 0 0 0 0 0 0 0 0 0 0 0 0 0]
[2381642719925685386436008038032402897798442056421981106794536751611848927880045843102807380511284976239623315396071902650761407272967118446851244295720954136096846152945576551703368145762 0 0 0 0 0 0 0 0 0 0 0 0 0 0 0 0 0 0 0 0 0 0 0 0 0 0 0 0 0 0 0 0 0 0 0 0 0 0 0 0 0 0 0 0 1 0 0 0 0 0 0 0 0 0 0 0 0 0 0 0 0]
[1973332641135384414398551657414320674763743322468542554717534770436490667071306400956498711438950946631160681856347194290213438926115324693684768818936275194894220181630810633933943695285 0 0 0 0 0 0 0 0 0 0 0 0 0 0 0 0 0 0 0 0 0 0 0 0 0 0 0 0 0 0 0 0 0 0 0 0 0 0 0 0 0 0 0 0 0 1 0 0 0 0 0 0 0 0 0 0 0 0 0 0 0]
[1202745583527120310261874020532768969943401319049346974058709868256550488819326724352287207491908186061368462666910226860747337212138367204206970601831352700179963768172925859062249681942 0 0 0 0 0 0 0 0 0 0 0 0 0 0 0 0 0 0 0 0 0 0 0 0 0 0 0 0 0 0 0 0 0 0 0 0 0 0 0 0 0 0 0 0 0 0 1 0 0 0 0 0 0 0 0 0 0 0 0 0 0]
[2247452135740003419754254387267369761525240970672786557769276685635609116445612243343630725414832764037332230550212088435965133817564669016573319153721947704346748952305430040029033692202 0 0 0 0 0 0 0 0 0 0 0 0 0 0 0 0 0 0 0 0 0 0 0 0 0 0 0 0 0 0 0 0 0 0 0 0 0 0 0 0 0 0 0 0 0 0 0 1 0 0 0 0 0 0 0 0 0 0 0 0 0]
[2761388770409080047272092438612585699927208343766876665901600494646876014712734225541012525484330014922990225442896362600397603099958899907558349276766043376357427077998057932959990478128 0 0 0 0 0 0 0 0 0 0 0 0 0 0 0 0 0 0 0 0 0 0 0 0 0 0 0 0 0 0 0 0 0 0 0 0 0 0 0 0 0 0 0 0 0 0 0 0 1 0 0 0 0 0 0 0 0 0 0 0 0]
[3835917087362630594798099609568800430336357602728710026281403067150505880483746382644269710119147637774758307182852970456694381333612013634295021148921991903315863095855191822291028089427 0 0 0 0 0 0 0 0 0 0 0 0 0 0 0 0 0 0 0 0 0 0 0 0 0 0 0 0 0 0 0 0 0 0 0 0 0 0 0 0 0 0 0 0 0 0 0 0 0 1 0 0 0 0 0 0 0 0 0 0 0]
[68138501659996252375490170135850778612356578553177371550073669080750182484584399132822009521686817862968128731835021286762698734074022391799851660595801483937267787264943691485323435216 0 0 0 0 0 0 0 0 0 0 0 0 0 0 0 0 0 0 0 0 0 0 0 0 0 0 0 0 0 0 0 0 0 0 0 0 0 0 0 0 0 0 0 0 0 0 0 0 0 0 1 0 0 0 0 0 0 0 0 0 0]
[3000735257988884136527979593338356281407458747630602995699237712799428925116749652031304655536584988798550222095336640399131368576606717782457272477570405197851616791215027455822927707810 0 0 0 0 0 0 0 0 0 0 0 0 0 0 0 0 0 0 0 0 0 0 0 0 0 0 0 0 0 0 0 0 0 0 0 0 0 0 0 0 0 0 0 0 0 0 0 0 0 0 0 1 0 0 0 0 0 0 0 0 0]
[2971840249593107844289113270184852250124945957472178109101028186918703223016421031673942002953290834236475251540050585551449048010771486695154231113590584447534015255481297497055296611595 0 0 0 0 0 0 0 0 0 0 0 0 0 0 0 0 0 0 0 0 0 0 0 0 0 0 0 0 0 0 0 0 0 0 0 0 0 0 0 0 0 0 0 0 0 0 0 0 0 0 0 0 1 0 0 0 0 0 0 0 0]
[342653129899762994126187367789366094640296501982925469498726011354228832679691040366191239049656770996794012140301049466547149130389930323114338473627793606893953597903839276542039718025 0 0 0 0 0 0 0 0 0 0 0 0 0 0 0 0 0 0 0 0 0 0 0 0 0 0 0 0 0 0 0 0 0 0 0 0 0 0 0 0 0 0 0 0 0 0 0 0 0 0 0 0 0 1 0 0 0 0 0 0 0]
[4077600746937819192093396417742050497845696305632919931491510401057309598240177880303943434905539543508413156853213385493036593434500614764939625496013868384198350493529411014931389394941 0 0 0 0 0 0 0 0 0 0 0 0 0 0 0 0 0 0 0 0 0 0 0 0 0 0 0 0 0 0 0 0 0 0 0 0 0 0 0 0 0 0 0 0 0 0 0 0 0 0 0 0 0 0 1 0 0 0 0 0 0]
[3411218127666319671906270355781236251233249689616220312510942193400614646626295566846641925079004601395634987922354780946711411540354912365045834252691331487973984251245457541093540691341 0 0 0 0 0 0 0 0 0 0 0 0 0 0 0 0 0 0 0 0 0 0 0 0 0 0 0 0 0 0 0 0 0 0 0 0 0 0 0 0 0 0 0 0 0 0 0 0 0 0 0 0 0 0 0 1 0 0 0 0 0]
[2868318199369989095689916760373792510337599197291434555204788362969369256167872349367341953814709558750162072391861979689178774874130029522691772946680661863920220685241398434969880646241 0 0 0 0 0 0 0 0 0 0 0 0 0 0 0 0 0 0 0 0 0 0 0 0 0 0 0 0 0 0 0 0 0 0 0 0 0 0 0 0 0 0 0 0 0 0 0 0 0 0 0 0 0 0 0 0 1 0 0 0 0]
[2023125091081322328561495209330583752281852227515368862009566482904161344332311578088695490908488068241032847984887818787954020694330299225207100189476989907047155164313706500000665672936 0 0 0 0 0 0 0 0 0 0 0 0 0 0 0 0 0 0 0 0 0 0 0 0 0 0 0 0 0 0 0 0 0 0 0 0 0 0 0 0 0 0 0 0 0 0 0 0 0 0 0 0 0 0 0 0 0 1 0 0 0]
[4161890638859247513924753176310342720146502268472259565751676631266776525622750854256439181606098956298762638538724442764894384176484263295963375173021289854989451164064511646823513942946 0 0 0 0 0 0 0 0 0 0 0 0 0 0 0 0 0 0 0 0 0 0 0 0 0 0 0 0 0 0 0 0 0 0 0 0 0 0 0 0 0 0 0 0 0 0 0 0 0 0 0 0 0 0 0 0 0 0 1 0 0]
[2851627801989798592662932736427885378540076838556411211104410455356521009124781034344107342990155399118396558618185553165784237107186160286874843090102980270957117260880496997094646344724 0 0 0 0 0 0 0 0 0 0 0 0 0 0 0 0 0 0 0 0 0 0 0 0 0 0 0 0 0 0 0 0 0 0 0 0 0 0 0 0 0 0 0 0 0 0 0 0 0 0 0 0 0 0 0 0 0 0 0 1 0]
[2994426360587072037998005574809198146857635502670177846224917901290199443342062745803891635738930254796871855456797773165053314094345806418895733627082443475240267530101453420666748337271 0 0 0 0 0 0 0 0 0 0 0 0 0 0 0 0 0 0 0 0 0 0 0 0 0 0 0 0 0 0 0 0 0 0 0 0 0 0 0 0 0 0 0 0 0 0 0 0 0 0 0 0 0 0 0 0 0 0 0 0 1]
]
