[[4193220919740686236452337310985619963910078816770550191354413139659126015651819188234621387535044606049670133796716061682953738220508860541131949458654504316806902653817303386540492711655438906856814073776206585614741791 0 0 0 0 0 0 0 0 0 0 0 0 0 0 0 0 0 0 0 0 0 0 0 0 0 0 0 0 0 0 0 0 0 0 0 0 0 0 0 0 0 0 0 0 0 0 0 0 0 0 0 0 0 0 0 0 0 0 0 0 0 0 0 0 0 0 0 0 0 0 0 0]
[1028132752337557948910048943296478949607461723430170440767822104713463239409155481201498921313938812176020143782178463435481763261373755362268880173435324542839054543014105135588890688036763761160851968864897643913644757 1 0 0 0 0 0 0 0 0 0 0 0 0 0 0 0 0 0 0 0 0 0 0 0 0 0 0 0 0 0 0 0 0 0 0 0 0 0 0 0 0 0 0 0 0 0 0 0 0 0 0 0 0 0 0 0 0 0 0 0 0 0 0 0 0 0 0 0 0 0 0 0]
[1089341007614834413059408984984493107866697929877590060893380209336945375491033812686473817893622589714852531487733654832921103630931574218321959173561132395842848095540063834179581515787095412440975218297186671577266048 0 1 0 0 0 0 0 0 0 0 0 0 0 0 0 0 0 0 0 0 0 0 0 0 0 0 0 0 0 0 0 0 0 0 0 0 0 0 0 0 0 0 0 0 0 0 0 0 0 0 0 0 0 0 0 0 0 0 0 0 0 0 0 0 0 0 0 0 0 0 0 0]
[934712491148541306716307859549612650064076832460979979132939103184948981440681579328479044320372201666091205776344259286547672598812360722126583959609050789000647932800639031617795106251767561184111396875196919317949125 0 0 1 0 0 0 0 0 0 0 0 0 0 0 0 0 0 0 0 0 0 0 0 0 0 0 0 0 0 0 0 0 0 0 0 0 0 0 0 0 0 0 0 0 0 0 0 0 0 0 0 0 0 0 0 0 0 0 0 0 0 0 0 0 0 0 0 0 0 0 0 0]
[4058511377230784572132661102565450834318957434694096107690552120396941909089388773717854808120833559460288805713694786566444323703016918275604922411811783513748534680000638438806166009964611854169303125976092373024569161 0 0 0 1 0 0 0 0 0 0 0 0 0 0 0 0 0 0 0 0 0 0 0 0 0 0 0 0 0 0 0 0 0 0 0 0 0 0 0 0 0 0 0 0 0 0 0 0 0 0 0 0 0 0 0 0 0 0 0 0 0 0 0 0 0 0 0 0 0 0 0 0]
[908383584545804387916358624865907180227955833681868834788367486299354680478738309479060718515417066445094972833937236019729862679125553407575286860240552442274242465271170700284219136536968482767332159739283874338577184 0 0 0 0 1 0 0 0 0 0 0 0 0 0 0 0 0 0 0 0 0 0 0 0 0 0 0 0 0 0 0 0 0 0 0 0 0 0 0 0 0 0 0 0 0 0 0 0 0 0 0 0 0 0 0 0 0 0 0 0 0 0 0 0 0 0 0 0 0 0 0 0]
[2301233341989784397407822559234032709490724576208564285625307040652776110764279572644626530087758794352138696745612906232972256454521875445119859991360327826659581692898276881928810151891044091149179715504396659357692276 0 0 0 0 0 1 0 0 0 0 0 0 0 0 0 0 0 0 0 0 0 0 0 0 0 0 0 0 0 0 0 0 0 0 0 0 0 0 0 0 0 0 0 0 0 0 0 0 0 0 0 0 0 0 0 0 0 0 0 0 0 0 0 0 0 0 0 0 0 0 0 0]
[3175553879227000975804567164658492829364575757430514261952126892703152735683675312474417190735497693645597260488117968893270639278658093486258056280890859376553191796676004563437202173203524798192315709752306547851601736 0 0 0 0 0 0 1 0 0 0 0 0 0 0 0 0 0 0 0 0 0 0 0 0 0 0 0 0 0 0 0 0 0 0 0 0 0 0 0 0 0 0 0 0 0 0 0 0 0 0 0 0 0 0 0 0 0 0 0 0 0 0 0 0 0 0 0 0 0 0 0 0]
[3252232598090369808007045733866303916588548571631467953662447709278914288026882531900721352070225463784459318818424587977833929375853817627365152110728951919059803855448968842184706333995797174130438830669009902224823081 0 0 0 0 0 0 0 1 0 0 0 0 0 0 0 0 0 0 0 0 0 0 0 0 0 0 0 0 0 0 0 0 0 0 0 0 0 0 0 0 0 0 0 0 0 0 0 0 0 0 0 0 0 0 0 0 0 0 0 0 0 0 0 0 0 0 0 0 0 0 0 0]
[3758068560054918324355542980323809554027309230148238995490893024107063230806691177699785618677381274593348320417418105430631012503836201507007690871406583654689991396732323465928404681091636582898234044063734174786800221 0 0 0 0 0 0 0 0 1 0 0 0 0 0 0 0 0 0 0 0 0 0 0 0 0 0 0 0 0 0 0 0 0 0 0 0 0 0 0 0 0 0 0 0 0 0 0 0 0 0 0 0 0 0 0 0 0 0 0 0 0 0 0 0 0 0 0 0 0 0 0 0]
[1977832894278629376795796464752426429194177492411606821444557164545788523543489098557936157129881150183147284726364659972478951653932679615325519447792108529107478089397761847464073180873308416425557670089273838407054725 0 0 0 0 0 0 0 0 0 1 0 0 0 0 0 0 0 0 0 0 0 0 0 0 0 0 0 0 0 0 0 0 0 0 0 0 0 0 0 0 0 0 0 0 0 0 0 0 0 0 0 0 0 0 0 0 0 0 0 0 0 0 0 0 0 0 0 0 0 0 0 0]
[2100564106578112942660791934598581013755221905331517549134585728536239253205414756042900353165324312884131907088784472584369888937755488679618367735107479963483701131915960989807123799079579558418139316147923783337153769 0 0 0 0 0 0 0 0 0 0 1 0 0 0 0 0 0 0 0 0 0 0 0 0 0 0 0 0 0 0 0 0 0 0 0 0 0 0 0 0 0 0 0 0 0 0 0 0 0 0 0 0 0 0 0 0 0 0 0 0 0 0 0 0 0 0 0 0 0 0 0 0]
[2310344625391669279348526729051656886375831832369733912022740199809706531796322564833631779495045026687499359606204585269558150812787571843465469346554212020234011373353801530613179839665551334424572511343721073438757954 0 0 0 0 0 0 0 0 0 0 0 1 0 0 0 0 0 0 0 0 0 0 0 0 0 0 0 0 0 0 0 0 0 0 0 0 0 0 0 0 0 0 0 0 0 0 0 0 0 0 0 0 0 0 0 0 0 0 0 0 0 0 0 0 0 0 0 0 0 0 0 0]
[1732803100925768892884975889572782648988847234991757135775756667561569346718820297041681573211256636560525947622619645825564687776350781417405889018687580496508858249679302309755400902015195458798955540463323483540440397 0 0 0 0 0 0 0 0 0 0 0 0 1 0 0 0 0 0 0 0 0 0 0 0 0 0 0 0 0 0 0 0 0 0 0 0 0 0 0 0 0 0 0 0 0 0 0 0 0 0 0 0 0 0 0 0 0 0 0 0 0 0 0 0 0 0 0 0 0 0 0 0]
[1117609499851335743258415392416801157842160091853445055609151084351616733932658973258470465973325323813587846534597045508244039096973446709969906360571096224494740973577145199123948069037209528182277804826921252605799218 0 0 0 0 0 0 0 0 0 0 0 0 0 1 0 0 0 0 0 0 0 0 0 0 0 0 0 0 0 0 0 0 0 0 0 0 0 0 0 0 0 0 0 0 0 0 0 0 0 0 0 0 0 0 0 0 0 0 0 0 0 0 0 0 0 0 0 0 0 0 0 0]
[431145458410674986770450293935612907451080915488488072879729825038972061567928420427303757464946734142807860822678465521826225607141368686219546405292341986570166564482244830177929223237529929110843467585050380995491916 0 0 0 0 0 0 0 0 0 0 0 0 0 0 1 0 0 0 0 0 0 0 0 0 0 0 0 0 0 0 0 0 0 0 0 0 0 0 0 0 0 0 0 0 0 0 0 0 0 0 0 0 0 0 0 0 0 0 0 0 0 0 0 0 0 0 0 0 0 0 0 0]
[3697894703402045960947913971896577155455097128421927890047888807491718486916022423446472724575514040895620231467745559913355520317893903401353989146564029688352273853932560181805289767956414709382907328638611760152704074 0 0 0 0 0 0 0 0 0 0 0 0 0 0 0 1 0 0 0 0 0 0 0 0 0 0 0 0 0 0 0 0 0 0 0 0 0 0 0 0 0 0 0 0 0 0 0 0 0 0 0 0 0 0 0 0 0 0 0 0 0 0 0 0 0 0 0 0 0 0 0 0]
[25315855911688332198450545878548392576356329099993089318470139065608849611729199424269375208375636313290334524902398494602326065352458386062543701305654048297485385063788747026302414977222131821379056943092772843573912 0 0 0 0 0 0 0 0 0 0 0 0 0 0 0 0 1 0 0 0 0 0 0 0 0 0 0 0 0 0 0 0 0 0 0 0 0 0 0 0 0 0 0 0 0 0 0 0 0 0 0 0 0 0 0 0 0 0 0 0 0 0 0 0 0 0 0 0 0 0 0 0]
[3550204501875342231696535570964861118106255642644967223234538216075041347902695862640527022554914664475902593846469315527972532613697045041251159912969070278284645033374963301415663376907816086577710878016149106732701998 0 0 0 0 0 0 0 0 0 0 0 0 0 0 0 0 0 1 0 0 0 0 0 0 0 0 0 0 0 0 0 0 0 0 0 0 0 0 0 0 0 0 0 0 0 0 0 0 0 0 0 0 0 0 0 0 0 0 0 0 0 0 0 0 0 0 0 0 0 0 0 0]
[1674115766098755689516329540313737126821799386982041217224894433975173781876269807647032549718636861643276594150285251809727382245178375062405616033649240604821748723375136511952101583112997349410296752954617123657269685 0 0 0 0 0 0 0 0 0 0 0 0 0 0 0 0 0 0 1 0 0 0 0 0 0 0 0 0 0 0 0 0 0 0 0 0 0 0 0 0 0 0 0 0 0 0 0 0 0 0 0 0 0 0 0 0 0 0 0 0 0 0 0 0 0 0 0 0 0 0 0 0]
[2716103514814308336022834207538134961134057735739699070824767353607248164312362070385569345052932611899622061188980572864548571418214036839335497947718817108658501424898080879375711562318594585086058956020323648069737038 0 0 0 0 0 0 0 0 0 0 0 0 0 0 0 0 0 0 0 1 0 0 0 0 0 0 0 0 0 0 0 0 0 0 0 0 0 0 0 0 0 0 0 0 0 0 0 0 0 0 0 0 0 0 0 0 0 0 0 0 0 0 0 0 0 0 0 0 0 0 0 0]
[2046493098177058808435110779110176782312917373384545369896742923002991417999603545918089787934161802123154925338245155659709247908839141258835940025125015637661206068744496225413188287333699979477176478133092044348083508 0 0 0 0 0 0 0 0 0 0 0 0 0 0 0 0 0 0 0 0 1 0 0 0 0 0 0 0 0 0 0 0 0 0 0 0 0 0 0 0 0 0 0 0 0 0 0 0 0 0 0 0 0 0 0 0 0 0 0 0 0 0 0 0 0 0 0 0 0 0 0 0]
[532700731988322235871746528889160573806943049811750556038273112987044549628668126237746198825206274634597276652134230178642341370355378459663440625914827746378663864836949468871615970516332085358975240583705722993438623 0 0 0 0 0 0 0 0 0 0 0 0 0 0 0 0 0 0 0 0 0 1 0 0 0 0 0 0 0 0 0 0 0 0 0 0 0 0 0 0 0 0 0 0 0 0 0 0 0 0 0 0 0 0 0 0 0 0 0 0 0 0 0 0 0 0 0 0 0 0 0 0]
[3651872991598208214877013190751609907891768197953799144905316067555914019965163316479541936746801828172453816182139503634283440400505434847877586236404303998798891846162002321641486131126077528861111784772656193102126887 0 0 0 0 0 0 0 0 0 0 0 0 0 0 0 0 0 0 0 0 0 0 1 0 0 0 0 0 0 0 0 0 0 0 0 0 0 0 0 0 0 0 0 0 0 0 0 0 0 0 0 0 0 0 0 0 0 0 0 0 0 0 0 0 0 0 0 0 0 0 0 0]
[1211429666327624880904651915125627337006111168849242854423445218054283537167291930418357262930376422467829061808084489648751444632894636905494972049175309627264865625170375600957527451554992878618502877340957868181576631 0 0 0 0 0 0 0 0 0 0 0 0 0 0 0 0 0 0 0 0 0 0 0 1 0 0 0 0 0 0 0 0 0 0 0 0 0 0 0 0 0 0 0 0 0 0 0 0 0 0 0 0 0 0 0 0 0 0 0 0 0 0 0 0 0 0 0 0 0 0 0 0]
[765754991054040131127313822590263479296763414113900557034114550028610329296781881677296070283550149019547906860934447348159332301140697627003898016263521990739801375318522600183638587487894890591181083350045120467987231 0 0 0 0 0 0 0 0 0 0 0 0 0 0 0 0 0 0 0 0 0 0 0 0 1 0 0 0 0 0 0 0 0 0 0 0 0 0 0 0 0 0 0 0 0 0 0 0 0 0 0 0 0 0 0 0 0 0 0 0 0 0 0 0 0 0 0 0 0 0 0 0]
[2014969764548600669802270220353454309022468052231248744312137033802691533638914084080712751041248943367191996995603231627358053854735827856176315286143425555975010755764791263097178913914288165284568506173335145968893430 0 0 0 0 0 0 0 0 0 0 0 0 0 0 0 0 0 0 0 0 0 0 0 0 0 1 0 0 0 0 0 0 0 0 0 0 0 0 0 0 0 0 0 0 0 0 0 0 0 0 0 0 0 0 0 0 0 0 0 0 0 0 0 0 0 0 0 0 0 0 0 0]
[1759964037770943034157039936356748074600253338375049736121896146105749431483682563888120332842578005303903255947082522736054726449567558947004083153257410393149608212296514092633574271426987849294361678175453829330189450 0 0 0 0 0 0 0 0 0 0 0 0 0 0 0 0 0 0 0 0 0 0 0 0 0 0 1 0 0 0 0 0 0 0 0 0 0 0 0 0 0 0 0 0 0 0 0 0 0 0 0 0 0 0 0 0 0 0 0 0 0 0 0 0 0 0 0 0 0 0 0 0]
[540845028713366106264838688333627519323202499746728110055697019230704682378452224120116163072879906502532572368445797465398398925819975384714064144705520242564391186618890574415520532012635209431120901474869117243833226 0 0 0 0 0 0 0 0 0 0 0 0 0 0 0 0 0 0 0 0 0 0 0 0 0 0 0 1 0 0 0 0 0 0 0 0 0 0 0 0 0 0 0 0 0 0 0 0 0 0 0 0 0 0 0 0 0 0 0 0 0 0 0 0 0 0 0 0 0 0 0 0]
[309466291602812123825749880965769498654501578219926127009172235916590497129067963297869757442338066926215859370914996551992750437423765342177276357537511188005966481497571567222146371890913392328828036566888281040504389 0 0 0 0 0 0 0 0 0 0 0 0 0 0 0 0 0 0 0 0 0 0 0 0 0 0 0 0 1 0 0 0 0 0 0 0 0 0 0 0 0 0 0 0 0 0 0 0 0 0 0 0 0 0 0 0 0 0 0 0 0 0 0 0 0 0 0 0 0 0 0 0]
[3458779649087645752064863366872732734563795608580052683106036761563938437783866833999631274669951251953035494986526420372716396021016944427321298109128345654403196409263480566610565377145835082951902599816689493457755950 0 0 0 0 0 0 0 0 0 0 0 0 0 0 0 0 0 0 0 0 0 0 0 0 0 0 0 0 0 1 0 0 0 0 0 0 0 0 0 0 0 0 0 0 0 0 0 0 0 0 0 0 0 0 0 0 0 0 0 0 0 0 0 0 0 0 0 0 0 0 0 0]
[3325706942080131720280353847331333271330653538535170519789852520853506809396889666960429617220090310004405810174328828666923602489455371633394379165621968916819177654645568745999790672218200202140144336943246535048406936 0 0 0 0 0 0 0 0 0 0 0 0 0 0 0 0 0 0 0 0 0 0 0 0 0 0 0 0 0 0 1 0 0 0 0 0 0 0 0 0 0 0 0 0 0 0 0 0 0 0 0 0 0 0 0 0 0 0 0 0 0 0 0 0 0 0 0 0 0 0 0 0]
[1000230303562134361281288874346570775866664942122086703674902845779275566890903983734746774654425822299104146891060442048749451487063119950059638840956767678912412070792694817190758338589604959297809085598561776161642272 0 0 0 0 0 0 0 0 0 0 0 0 0 0 0 0 0 0 0 0 0 0 0 0 0 0 0 0 0 0 0 1 0 0 0 0 0 0 0 0 0 0 0 0 0 0 0 0 0 0 0 0 0 0 0 0 0 0 0 0 0 0 0 0 0 0 0 0 0 0 0 0]
[1670986700544419034799418327112281061148150204625230161725090343391036807430027297772993054724828646904709025752401873471054199875934718469636137977933710292537389283617717540781869240624140246856321852371543749971301634 0 0 0 0 0 0 0 0 0 0 0 0 0 0 0 0 0 0 0 0 0 0 0 0 0 0 0 0 0 0 0 0 1 0 0 0 0 0 0 0 0 0 0 0 0 0 0 0 0 0 0 0 0 0 0 0 0 0 0 0 0 0 0 0 0 0 0 0 0 0 0 0]
[3924173208945989911670102508186398347332662247439270322925330274250325441111264305870289771142564538206851067051994271604399004310084443328079175385896040241256348484928037787594461705955900350249436205582604918567327339 0 0 0 0 0 0 0 0 0 0 0 0 0 0 0 0 0 0 0 0 0 0 0 0 0 0 0 0 0 0 0 0 0 1 0 0 0 0 0 0 0 0 0 0 0 0 0 0 0 0 0 0 0 0 0 0 0 0 0 0 0 0 0 0 0 0 0 0 0 0 0 0]
[1020554676952520919891685660356382232183171600720617281340839713824836414376315958648146284144685620716303918793474412481800976908977688139663707081939737419413483882319337483855353009618164357562769012339340122346888371 0 0 0 0 0 0 0 0 0 0 0 0 0 0 0 0 0 0 0 0 0 0 0 0 0 0 0 0 0 0 0 0 0 0 1 0 0 0 0 0 0 0 0 0 0 0 0 0 0 0 0 0 0 0 0 0 0 0 0 0 0 0 0 0 0 0 0 0 0 0 0 0]
[3398641715015692654308715868474705977603499460963717733567000054183992558388456938898704488261015178261634567915382586290009185113783094100538080696298917999522812891389664710289939838043892022694711478088834109198819576 0 0 0 0 0 0 0 0 0 0 0 0 0 0 0 0 0 0 0 0 0 0 0 0 0 0 0 0 0 0 0 0 0 0 0 1 0 0 0 0 0 0 0 0 0 0 0 0 0 0 0 0 0 0 0 0 0 0 0 0 0 0 0 0 0 0 0 0 0 0 0 0]
[3432864186851199416816883500145560261326075376303500855067852336845010573453351241464558773705869567211699458590530599937179382027331880466114479040298436252976802697024567344065730374028599136550184702139196009568028848 0 0 0 0 0 0 0 0 0 0 0 0 0 0 0 0 0 0 0 0 0 0 0 0 0 0 0 0 0 0 0 0 0 0 0 0 1 0 0 0 0 0 0 0 0 0 0 0 0 0 0 0 0 0 0 0 0 0 0 0 0 0 0 0 0 0 0 0 0 0 0 0]
[3361450795215016400305840462067376423964307466470599920478237381300026262660942964892482485012021033945630637717543902731266688073298143020585139157636324489830949106713272967637344329334340672734894189276097492572112798 0 0 0 0 0 0 0 0 0 0 0 0 0 0 0 0 0 0 0 0 0 0 0 0 0 0 0 0 0 0 0 0 0 0 0 0 0 1 0 0 0 0 0 0 0 0 0 0 0 0 0 0 0 0 0 0 0 0 0 0 0 0 0 0 0 0 0 0 0 0 0 0]
[1602117056729829744968078977952416184640572860611374324574198264628937628413011592751816134570658349958938685721554790822141393374718902112470191880999479486754665981636769705110729752645807204440405530987650144266391557 0 0 0 0 0 0 0 0 0 0 0 0 0 0 0 0 0 0 0 0 0 0 0 0 0 0 0 0 0 0 0 0 0 0 0 0 0 0 1 0 0 0 0 0 0 0 0 0 0 0 0 0 0 0 0 0 0 0 0 0 0 0 0 0 0 0 0 0 0 0 0 0]
[2110733749888951585122629707959876914045152063785467800359571112857666845275026475683397662613149633209804258353908409279078376802279057998954473469628047278666353907001404940915584693555332579158897265761173670771841328 0 0 0 0 0 0 0 0 0 0 0 0 0 0 0 0 0 0 0 0 0 0 0 0 0 0 0 0 0 0 0 0 0 0 0 0 0 0 0 1 0 0 0 0 0 0 0 0 0 0 0 0 0 0 0 0 0 0 0 0 0 0 0 0 0 0 0 0 0 0 0 0]
[2152624445893677229486695040025364771035107061385025575797637277434850132650606630165155287243372951032464274819997244699574429291083172115840200965239875741621422513173023074043901490537180163433148764671001378463743765 0 0 0 0 0 0 0 0 0 0 0 0 0 0 0 0 0 0 0 0 0 0 0 0 0 0 0 0 0 0 0 0 0 0 0 0 0 0 0 0 1 0 0 0 0 0 0 0 0 0 0 0 0 0 0 0 0 0 0 0 0 0 0 0 0 0 0 0 0 0 0 0]
[3887623300786000270665928816443979879710249700838148314441488819122155161452041765606442974377393213643212604685876890168954522440744549326167804507317748375077177134449002877086397278963437956119297155270475115480546904 0 0 0 0 0 0 0 0 0 0 0 0 0 0 0 0 0 0 0 0 0 0 0 0 0 0 0 0 0 0 0 0 0 0 0 0 0 0 0 0 0 1 0 0 0 0 0 0 0 0 0 0 0 0 0 0 0 0 0 0 0 0 0 0 0 0 0 0 0 0 0 0]
[928974532630910966267561544803047862756332924185952448314658428871181177995592528575442654505985061679511435739818905388246965675288423040772271341891045921727886847090987514311090986349201325188500925508752498171737672 0 0 0 0 0 0 0 0 0 0 0 0 0 0 0 0 0 0 0 0 0 0 0 0 0 0 0 0 0 0 0 0 0 0 0 0 0 0 0 0 0 0 1 0 0 0 0 0 0 0 0 0 0 0 0 0 0 0 0 0 0 0 0 0 0 0 0 0 0 0 0 0]
[3503191428088786666886823247533250065395935619453400587715984895241782233715157303425668399835146299172440724159359478148410446708521040699373701173203282195791655948534843459917024239778348251236984287687333393844577384 0 0 0 0 0 0 0 0 0 0 0 0 0 0 0 0 0 0 0 0 0 0 0 0 0 0 0 0 0 0 0 0 0 0 0 0 0 0 0 0 0 0 0 1 0 0 0 0 0 0 0 0 0 0 0 0 0 0 0 0 0 0 0 0 0 0 0 0 0 0 0 0]
[287864072775425019318807939782828315614163473248240973980200229558219088410146143340668795710625679247825972379723176315164903854477420240655912467999464921735916600774136131086871307005496910802804311297861302074803401 0 0 0 0 0 0 0 0 0 0 0 0 0 0 0 0 0 0 0 0 0 0 0 0 0 0 0 0 0 0 0 0 0 0 0 0 0 0 0 0 0 0 0 0 1 0 0 0 0 0 0 0 0 0 0 0 0 0 0 0 0 0 0 0 0 0 0 0 0 0 0 0]
[848488387109656483105559172681264815972639245930270814450036231801729375168207115433877777703158849134810536214715773022789349949517974287067165695143573107169163881580897424716045841687882223851784591567985945512406406 0 0 0 0 0 0 0 0 0 0 0 0 0 0 0 0 0 0 0 0 0 0 0 0 0 0 0 0 0 0 0 0 0 0 0 0 0 0 0 0 0 0 0 0 0 1 0 0 0 0 0 0 0 0 0 0 0 0 0 0 0 0 0 0 0 0 0 0 0 0 0 0]
[3234027450512017674873393184041744244950754676538261133997856105539003101132681900952527954692167264464722227393722222166377271096040126295053122807702292383804566607718017210826496197996713862335011744438615732319656445 0 0 0 0 0 0 0 0 0 0 0 0 0 0 0 0 0 0 0 0 0 0 0 0 0 0 0 0 0 0 0 0 0 0 0 0 0 0 0 0 0 0 0 0 0 0 1 0 0 0 0 0 0 0 0 0 0 0 0 0 0 0 0 0 0 0 0 0 0 0 0 0]
[3963449568694358712202708511854149481936156518085490193329858426268465781710979607943652993958234673868678693968914706287741509601108718056327168384363058039292950016309922261805656211511741212175878273759126792674892623 0 0 0 0 0 0 0 0 0 0 0 0 0 0 0 0 0 0 0 0 0 0 0 0 0 0 0 0 0 0 0 0 0 0 0 0 0 0 0 0 0 0 0 0 0 0 0 1 0 0 0 0 0 0 0 0 0 0 0 0 0 0 0 0 0 0 0 0 0 0 0 0]
[2375279888492322980157683663009770543632672441476437313641860848360868947934903482415257518073567551462800850679237212980244383067204910344552446316953652081341124291628312364212942954559855774461728280098225984667059108 0 0 0 0 0 0 0 0 0 0 0 0 0 0 0 0 0 0 0 0 0 0 0 0 0 0 0 0 0 0 0 0 0 0 0 0 0 0 0 0 0 0 0 0 0 0 0 0 1 0 0 0 0 0 0 0 0 0 0 0 0 0 0 0 0 0 0 0 0 0 0 0]
[1304227215391472491004427870768104390522505904902574725908080648037715461409054111562367000767469990229426118039268649447802011219512490558437301727445214386669324346082176332049443661892863598541186620095975863059690866 0 0 0 0 0 0 0 0 0 0 0 0 0 0 0 0 0 0 0 0 0 0 0 0 0 0 0 0 0 0 0 0 0 0 0 0 0 0 0 0 0 0 0 0 0 0 0 0 0 1 0 0 0 0 0 0 0 0 0 0 0 0 0 0 0 0 0 0 0 0 0 0]
[2460254671516667254672937487374961790354559018130711003991896933521445756471930288198065269226464579872110188882367717686984412021713908476619368258558199316554108542589148425472368836569097120454290652460572061492944632 0 0 0 0 0 0 0 0 0 0 0 0 0 0 0 0 0 0 0 0 0 0 0 0 0 0 0 0 0 0 0 0 0 0 0 0 0 0 0 0 0 0 0 0 0 0 0 0 0 0 1 0 0 0 0 0 0 0 0 0 0 0 0 0 0 0 0 0 0 0 0 0]
[82867151839685216903876911977792781443428172759595332910109042655537730736068354023353765480874119747768161648771187283783201586349062882608154819088322204706168671565990502827423946216636331728840419692998018692286131 0 0 0 0 0 0 0 0 0 0 0 0 0 0 0 0 0 0 0 0 0 0 0 0 0 0 0 0 0 0 0 0 0 0 0 0 0 0 0 0 0 0 0 0 0 0 0 0 0 0 0 1 0 0 0 0 0 0 0 0 0 0 0 0 0 0 0 0 0 0 0 0]
[4088144994866372753344927100135001598259964490732684885261668756603532926984045839489552984103344346034021194759218061762896697828622477823308802776914596438048814082981156920342279055846047234357897817130728568974670897 0 0 0 0 0 0 0 0 0 0 0 0 0 0 0 0 0 0 0 0 0 0 0 0 0 0 0 0 0 0 0 0 0 0 0 0 0 0 0 0 0 0 0 0 0 0 0 0 0 0 0 0 1 0 0 0 0 0 0 0 0 0 0 0 0 0 0 0 0 0 0 0]
[2994176513001138228068839430912766756263963637907956850728172496732905589893334551279919740668634092854113963424090908469789335485184960293208892999081661902639213611145299673909297489499915168720559235940599665968722826 0 0 0 0 0 0 0 0 0 0 0 0 0 0 0 0 0 0 0 0 0 0 0 0 0 0 0 0 0 0 0 0 0 0 0 0 0 0 0 0 0 0 0 0 0 0 0 0 0 0 0 0 0 1 0 0 0 0 0 0 0 0 0 0 0 0 0 0 0 0 0 0]
[917279676003848816513378543344531371169002782389336216298632451226220654173010982765939921841766409453222994974250031204900073569823612996512588596307913258790019791302124470753286107149334802569776565968904444349373546 0 0 0 0 0 0 0 0 0 0 0 0 0 0 0 0 0 0 0 0 0 0 0 0 0 0 0 0 0 0 0 0 0 0 0 0 0 0 0 0 0 0 0 0 0 0 0 0 0 0 0 0 0 0 1 0 0 0 0 0 0 0 0 0 0 0 0 0 0 0 0 0]
[2842896052255118001772650528087192735345589664083926419330878235527671715749215212115123659413813681219091201579930821662330560482814227292496133960839879745187528531545787014428992440247664766737760136812095501101602260 0 0 0 0 0 0 0 0 0 0 0 0 0 0 0 0 0 0 0 0 0 0 0 0 0 0 0 0 0 0 0 0 0 0 0 0 0 0 0 0 0 0 0 0 0 0 0 0 0 0 0 0 0 0 0 1 0 0 0 0 0 0 0 0 0 0 0 0 0 0 0 0]
[3906767169415728799593519233627456458389375639200811597526374412546482391469185269016921868554769078671845733032230053697736998820801181940662781866064590290167726924684857858129721554289437811702324324110363193916754778 0 0 0 0 0 0 0 0 0 0 0 0 0 0 0 0 0 0 0 0 0 0 0 0 0 0 0 0 0 0 0 0 0 0 0 0 0 0 0 0 0 0 0 0 0 0 0 0 0 0 0 0 0 0 0 0 1 0 0 0 0 0 0 0 0 0 0 0 0 0 0 0]
[1265586323972799186742068492039213101800155875948193933560334795684925112797526500803342636658989379432024724782960532526260209205234061166356282445406675389962089660959421595811059599868875200442012346525557499960902156 0 0 0 0 0 0 0 0 0 0 0 0 0 0 0 0 0 0 0 0 0 0 0 0 0 0 0 0 0 0 0 0 0 0 0 0 0 0 0 0 0 0 0 0 0 0 0 0 0 0 0 0 0 0 0 0 0 1 0 0 0 0 0 0 0 0 0 0 0 0 0 0]
[2577789114892770234922587826201906412944479658884856674311396651914225562335225442148475199412238153975175346671639351251429443485237865761164257352597426692762287418953116221898559546690113136260527908303658340557574598 0 0 0 0 0 0 0 0 0 0 0 0 0 0 0 0 0 0 0 0 0 0 0 0 0 0 0 0 0 0 0 0 0 0 0 0 0 0 0 0 0 0 0 0 0 0 0 0 0 0 0 0 0 0 0 0 0 0 1 0 0 0 0 0 0 0 0 0 0 0 0 0]
[2462239836331455549335642123516908104551896478112682342593506728845551447403567471344835790484559318848038209717386517915926986488382903237168372651181258535113326959030156995834735750955150089384097337231884103493112803 0 0 0 0 0 0 0 0 0 0 0 0 0 0 0 0 0 0 0 0 0 0 0 0 0 0 0 0 0 0 0 0 0 0 0 0 0 0 0 0 0 0 0 0 0 0 0 0 0 0 0 0 0 0 0 0 0 0 0 1 0 0 0 0 0 0 0 0 0 0 0 0]
[3830126846605168960227637434467926371090790157704682493518665506082821475154402014471723758951038901901630407314436631594658434501257844163748756678322710157505929326360042031627270107706704751949741033445272714482492072 0 0 0 0 0 0 0 0 0 0 0 0 0 0 0 0 0 0 0 0 0 0 0 0 0 0 0 0 0 0 0 0 0 0 0 0 0 0 0 0 0 0 0 0 0 0 0 0 0 0 0 0 0 0 0 0 0 0 0 0 1 0 0 0 0 0 0 0 0 0 0 0]
[3883487119426451176203817043717746415021570430462124280375750828961710948052939443906087236080336949703861956035271908455384785948640340572618914504755869491719301516402877802461425958292546670533568905358240202487488396 0 0 0 0 0 0 0 0 0 0 0 0 0 0 0 0 0 0 0 0 0 0 0 0 0 0 0 0 0 0 0 0 0 0 0 0 0 0 0 0 0 0 0 0 0 0 0 0 0 0 0 0 0 0 0 0 0 0 0 0 0 1 0 0 0 0 0 0 0 0 0 0]
[381292789160834245416241233034229592141555303182906587073864705756532418547033968885488049231721425966197451500640172136611087187415029625204377866022233225061996117146742438467948593776247805049633323039143833301183778 0 0 0 0 0 0 0 0 0 0 0 0 0 0 0 0 0 0 0 0 0 0 0 0 0 0 0 0 0 0 0 0 0 0 0 0 0 0 0 0 0 0 0 0 0 0 0 0 0 0 0 0 0 0 0 0 0 0 0 0 0 0 1 0 0 0 0 0 0 0 0 0]
[264380740426797229311019243160938989211764228640821406999127883169685721981961103209776067854895248512577474031586119557776355436839701350839751587154554107891142087877306882983871625456777105018986665772011205310131822 0 0 0 0 0 0 0 0 0 0 0 0 0 0 0 0 0 0 0 0 0 0 0 0 0 0 0 0 0 0 0 0 0 0 0 0 0 0 0 0 0 0 0 0 0 0 0 0 0 0 0 0 0 0 0 0 0 0 0 0 0 0 0 1 0 0 0 0 0 0 0 0]
[1657738163441994364737519374923481549061223054360039634938048152200167725158412534240245652738891524363858076675231619077088731173578032228447974856051180734746538868033516006697989341256822155314097604767556621758646417 0 0 0 0 0 0 0 0 0 0 0 0 0 0 0 0 0 0 0 0 0 0 0 0 0 0 0 0 0 0 0 0 0 0 0 0 0 0 0 0 0 0 0 0 0 0 0 0 0 0 0 0 0 0 0 0 0 0 0 0 0 0 0 0 1 0 0 0 0 0 0 0]
[2496418851884361595134865504156056615972435230631509677390401423456856266822139501242624784912544825022347352824730808973233475662378829261958905379174703688392590347848403664951175162668203013044016511857039007303931416 0 0 0 0 0 0 0 0 0 0 0 0 0 0 0 0 0 0 0 0 0 0 0 0 0 0 0 0 0 0 0 0 0 0 0 0 0 0 0 0 0 0 0 0 0 0 0 0 0 0 0 0 0 0 0 0 0 0 0 0 0 0 0 0 0 1 0 0 0 0 0 0]
[62682879183605854223882712748876150664858201793805410784735173617803905722877846273364335196376205092662455284478660107853142459730904782313652978184964189299096188135965716105545548333547061136411408374260366305778716 0 0 0 0 0 0 0 0 0 0 0 0 0 0 0 0 0 0 0 0 0 0 0 0 0 0 0 0 0 0 0 0 0 0 0 0 0 0 0 0 0 0 0 0 0 0 0 0 0 0 0 0 0 0 0 0 0 0 0 0 0 0 0 0 0 0 1 0 0 0 0 0]
[1499754728727442389470754065249441606144174614519364249565041086491985118476476137661110040100619213646833789043999509756634928459841328110579728085426729649112312507684871530901608922711141053106053161366131065760063264 0 0 0 0 0 0 0 0 0 0 0 0 0 0 0 0 0 0 0 0 0 0 0 0 0 0 0 0 0 0 0 0 0 0 0 0 0 0 0 0 0 0 0 0 0 0 0 0 0 0 0 0 0 0 0 0 0 0 0 0 0 0 0 0 0 0 0 1 0 0 0 0]
[2460461097733546319990711108528013845896180692161657170055726548959347761271883143441231687255509853733155593148149120480581389206440202856992212330644515883408471959098537204263779447865066466400472405721756359931421039 0 0 0 0 0 0 0 0 0 0 0 0 0 0 0 0 0 0 0 0 0 0 0 0 0 0 0 0 0 0 0 0 0 0 0 0 0 0 0 0 0 0 0 0 0 0 0 0 0 0 0 0 0 0 0 0 0 0 0 0 0 0 0 0 0 0 0 0 1 0 0 0]
[2724149923590380436492101231533784509915599707209110440219478882164247448317980524153561613761146984636120862583120869801207904526358233156686858783179119924955590079494818037110042755386552626755280821760608757053886053 0 0 0 0 0 0 0 0 0 0 0 0 0 0 0 0 0 0 0 0 0 0 0 0 0 0 0 0 0 0 0 0 0 0 0 0 0 0 0 0 0 0 0 0 0 0 0 0 0 0 0 0 0 0 0 0 0 0 0 0 0 0 0 0 0 0 0 0 0 1 0 0]
[1721365081387574937570976140219885287030073916655242843131145584975588845712969389132736827346047625105855723340862295995488570565199956874868775039231801709305698830046202630540329271176696856102362276955809070964114787 0 0 0 0 0 0 0 0 0 0 0 0 0 0 0 0 0 0 0 0 0 0 0 0 0 0 0 0 0 0 0 0 0 0 0 0 0 0 0 0 0 0 0 0 0 0 0 0 0 0 0 0 0 0 0 0 0 0 0 0 0 0 0 0 0 0 0 0 0 0 1 0]
[1714974762637127061131017002545047773259102514358154933710922775959277332008886899384418040327708078339819786571946066723235856815805607617237170613411753101563862945610461657210966633223487631551184404660645599081577165 0 0 0 0 0 0 0 0 0 0 0 0 0 0 0 0 0 0 0 0 0 0 0 0 0 0 0 0 0 0 0 0 0 0 0 0 0 0 0 0 0 0 0 0 0 0 0 0 0 0 0 0 0 0 0 0 0 0 0 0 0 0 0 0 0 0 0 0 0 0 0 1]
]
