[[3279164641296910132357250185047968178084601136147300702188064501520901881708807391042423909255837843988879505255291435635308168018228911161875680448322266350033924549897084995229051866688861654545304652975180814000007983 0 0 0 0 0 0 0 0 0 0 0 0 0 0 0 0 0 0 0 0 0 0 0 0 0 0 0 0 0 0 0 0 0 0 0 0 0 0 0 0 0 0 0 0 0 0 0 0 0 0 0 0 0 0 0 0 0 0 0 0 0 0 0 0 0 0 0 0 0 0 0 0]
[2818968686494219277745471856175504344624131027009943870051824147678251292307266376547098657561343463295234385314239630610667382099105757251078770908845782300766425825486307084330385794842678451692825726095953557967131634 1 0 0 0 0 0 0 0 0 0 0 0 0 0 0 0 0 0 0 0 0 0 0 0 0 0 0 0 0 0 0 0 0 0 0 0 0 0 0 0 0 0 0 0 0 0 0 0 0 0 0 0 0 0 0 0 0 0 0 0 0 0 0 0 0 0 0 0 0 0 0 0]
[2895108034204006187697450489611094809198409129133436957234731796127461886561602256883965642486723741189370535264655578920313923352992298224647263964669425241318659361470120674968629093405404488753425996513611451334255171 0 1 0 0 0 0 0 0 0 0 0 0 0 0 0 0 0 0 0 0 0 0 0 0 0 0 0 0 0 0 0 0 0 0 0 0 0 0 0 0 0 0 0 0 0 0 0 0 0 0 0 0 0 0 0 0 0 0 0 0 0 0 0 0 0 0 0 0 0 0 0 0]
[984486200676173837128006432894367618099100566327679892810329938652897157728542532450598062639591916486518429109512887992363061308046523461987829503091262557690198508929608110852229543424018299923468550907691513546244436 0 0 1 0 0 0 0 0 0 0 0 0 0 0 0 0 0 0 0 0 0 0 0 0 0 0 0 0 0 0 0 0 0 0 0 0 0 0 0 0 0 0 0 0 0 0 0 0 0 0 0 0 0 0 0 0 0 0 0 0 0 0 0 0 0 0 0 0 0 0 0 0]
[603638889338612672439510680383506674971181361299504083935690798293333207929625839175260854498066749359417120599512445445723345023119134928962128883161455056365088112503881883237632548425271210213536266268116084130038911 0 0 0 1 0 0 0 0 0 0 0 0 0 0 0 0 0 0 0 0 0 0 0 0 0 0 0 0 0 0 0 0 0 0 0 0 0 0 0 0 0 0 0 0 0 0 0 0 0 0 0 0 0 0 0 0 0 0 0 0 0 0 0 0 0 0 0 0 0 0 0 0]
[417124514824498723517287912361822770714179690705994122969563005153661344662328441716838999207645728761697478041032890766763149204027100840841840975138535179307759900682492653974913506831000079750852685490838855693538838 0 0 0 0 1 0 0 0 0 0 0 0 0 0 0 0 0 0 0 0 0 0 0 0 0 0 0 0 0 0 0 0 0 0 0 0 0 0 0 0 0 0 0 0 0 0 0 0 0 0 0 0 0 0 0 0 0 0 0 0 0 0 0 0 0 0 0 0 0 0 0 0]
[2590625241503733793410149525475258574724858779091434825528050471010916790012018244005511996206586566666908990635654880928530410796273327925548434173533806264126906251336315825456693280598762413509892993367236725828987751 0 0 0 0 0 1 0 0 0 0 0 0 0 0 0 0 0 0 0 0 0 0 0 0 0 0 0 0 0 0 0 0 0 0 0 0 0 0 0 0 0 0 0 0 0 0 0 0 0 0 0 0 0 0 0 0 0 0 0 0 0 0 0 0 0 0 0 0 0 0 0 0]
[1921410193372296610972973363275050741337246463396019229308439619133586834901271457668491887624087558513714007947795331722715170591529924727885514117484814184374336840993919792795337589156756985549985865519412114852516022 0 0 0 0 0 0 1 0 0 0 0 0 0 0 0 0 0 0 0 0 0 0 0 0 0 0 0 0 0 0 0 0 0 0 0 0 0 0 0 0 0 0 0 0 0 0 0 0 0 0 0 0 0 0 0 0 0 0 0 0 0 0 0 0 0 0 0 0 0 0 0 0]
[1157204287084026322348200688984862276981824126647497802178045928023002282107678100759493903250378092634764445701783101280173152442901614851201974259710301867348711837457269767132633808107339498848105952163236431400037073 0 0 0 0 0 0 0 1 0 0 0 0 0 0 0 0 0 0 0 0 0 0 0 0 0 0 0 0 0 0 0 0 0 0 0 0 0 0 0 0 0 0 0 0 0 0 0 0 0 0 0 0 0 0 0 0 0 0 0 0 0 0 0 0 0 0 0 0 0 0 0 0]
[402645356403122169778935049561236634052029575142619990659558715436156599689012814740783346635279615784821079697774883719886326638422083957983423578345592518537270686753900572293554181543302693384846491864659673459791519 0 0 0 0 0 0 0 0 1 0 0 0 0 0 0 0 0 0 0 0 0 0 0 0 0 0 0 0 0 0 0 0 0 0 0 0 0 0 0 0 0 0 0 0 0 0 0 0 0 0 0 0 0 0 0 0 0 0 0 0 0 0 0 0 0 0 0 0 0 0 0 0]
[1059562395623375154724018550840943866304750275546176818588511274305134567264834768511337026178528512427448290518372339579520207424974719766222084618412927996671121630074868365631761883879722465731914976653781271697067738 0 0 0 0 0 0 0 0 0 1 0 0 0 0 0 0 0 0 0 0 0 0 0 0 0 0 0 0 0 0 0 0 0 0 0 0 0 0 0 0 0 0 0 0 0 0 0 0 0 0 0 0 0 0 0 0 0 0 0 0 0 0 0 0 0 0 0 0 0 0 0 0]
[625971246712385377128924586085432061660663983876585276312463971489871594040197987335323624283975277756106261128860880284824593433700648704991109351160618865773471134238719249155588531618682205782424290690287680153578393 0 0 0 0 0 0 0 0 0 0 1 0 0 0 0 0 0 0 0 0 0 0 0 0 0 0 0 0 0 0 0 0 0 0 0 0 0 0 0 0 0 0 0 0 0 0 0 0 0 0 0 0 0 0 0 0 0 0 0 0 0 0 0 0 0 0 0 0 0 0 0 0]
[2029139697473740719412894846730346972843569851773682730315123112651645337853440566558513129737835946453105066295478735533422962229119480316900279872781116707153343636546481557225488934431084806424719983295273574858066467 0 0 0 0 0 0 0 0 0 0 0 1 0 0 0 0 0 0 0 0 0 0 0 0 0 0 0 0 0 0 0 0 0 0 0 0 0 0 0 0 0 0 0 0 0 0 0 0 0 0 0 0 0 0 0 0 0 0 0 0 0 0 0 0 0 0 0 0 0 0 0 0]
[1574724676352249115599130791102541092620892460048054124748488518792348088198935602287165064613059823001927793314059602567548125003591557725416669723309970365794508351378260467022800402846679827776189522138483559360299232 0 0 0 0 0 0 0 0 0 0 0 0 1 0 0 0 0 0 0 0 0 0 0 0 0 0 0 0 0 0 0 0 0 0 0 0 0 0 0 0 0 0 0 0 0 0 0 0 0 0 0 0 0 0 0 0 0 0 0 0 0 0 0 0 0 0 0 0 0 0 0 0]
[1622142498060110873108243929955865167491578432500880571110938760826459784772359917225765437902454990342000111006087125442853623481943164552921469390988400728875262753619283711141357611990141418807518647220533155149155209 0 0 0 0 0 0 0 0 0 0 0 0 0 1 0 0 0 0 0 0 0 0 0 0 0 0 0 0 0 0 0 0 0 0 0 0 0 0 0 0 0 0 0 0 0 0 0 0 0 0 0 0 0 0 0 0 0 0 0 0 0 0 0 0 0 0 0 0 0 0 0 0]
[61914503207886619435842587806334706604000815237584438217917830234511767556184782716998048433449248834412025774831734543582871811290312541680090260826046018332992104898580137906271571724343292754254538941032142838884972 0 0 0 0 0 0 0 0 0 0 0 0 0 0 1 0 0 0 0 0 0 0 0 0 0 0 0 0 0 0 0 0 0 0 0 0 0 0 0 0 0 0 0 0 0 0 0 0 0 0 0 0 0 0 0 0 0 0 0 0 0 0 0 0 0 0 0 0 0 0 0 0]
[244821611235730779736783966587557122401015588548996605449419745461669137947161788872591614216184808106339805817665830794971427965170445332092558623115095580000658219872922295077738960567352665341779431003899136718434575 0 0 0 0 0 0 0 0 0 0 0 0 0 0 0 1 0 0 0 0 0 0 0 0 0 0 0 0 0 0 0 0 0 0 0 0 0 0 0 0 0 0 0 0 0 0 0 0 0 0 0 0 0 0 0 0 0 0 0 0 0 0 0 0 0 0 0 0 0 0 0 0]
[834245155999214152440104010960465061097509959567573931456526644055287841924051426160236842045159115559277917686515266457121359409181643038228283509621683659020253722091868314215848403233594384275664969683443681800677589 0 0 0 0 0 0 0 0 0 0 0 0 0 0 0 0 1 0 0 0 0 0 0 0 0 0 0 0 0 0 0 0 0 0 0 0 0 0 0 0 0 0 0 0 0 0 0 0 0 0 0 0 0 0 0 0 0 0 0 0 0 0 0 0 0 0 0 0 0 0 0 0]
[2021846568575384213665857423557965608360354876887602597546274550720815401339168350236305318642580110165575229069782609211700614068914127989507953724782376551759514780009571260621497480415532647012622049668082324499387386 0 0 0 0 0 0 0 0 0 0 0 0 0 0 0 0 0 1 0 0 0 0 0 0 0 0 0 0 0 0 0 0 0 0 0 0 0 0 0 0 0 0 0 0 0 0 0 0 0 0 0 0 0 0 0 0 0 0 0 0 0 0 0 0 0 0 0 0 0 0 0 0]
[2569540904666690038377035753543514648015496070336017280247046583124654669096876541052049088245287455323981552638954806135005752735135608690137945660103219347493084314211247081370797331994957173006725169651819167947914533 0 0 0 0 0 0 0 0 0 0 0 0 0 0 0 0 0 0 1 0 0 0 0 0 0 0 0 0 0 0 0 0 0 0 0 0 0 0 0 0 0 0 0 0 0 0 0 0 0 0 0 0 0 0 0 0 0 0 0 0 0 0 0 0 0 0 0 0 0 0 0 0]
[2284068330090071149504859690208572886779137328603443992607520356991066290507049002420368079527168807032369094538881746762611241646287675874962760607633433829445269382547132682817558938496613178964850692192025508659455656 0 0 0 0 0 0 0 0 0 0 0 0 0 0 0 0 0 0 0 1 0 0 0 0 0 0 0 0 0 0 0 0 0 0 0 0 0 0 0 0 0 0 0 0 0 0 0 0 0 0 0 0 0 0 0 0 0 0 0 0 0 0 0 0 0 0 0 0 0 0 0 0]
[2102539949358592550196103117293608782269610574637277985895412567525916081552964151213681774511986553308993129009982978243396648999041546390583475862277229789447261279827402125432966601691926647446203068916240079441568566 0 0 0 0 0 0 0 0 0 0 0 0 0 0 0 0 0 0 0 0 1 0 0 0 0 0 0 0 0 0 0 0 0 0 0 0 0 0 0 0 0 0 0 0 0 0 0 0 0 0 0 0 0 0 0 0 0 0 0 0 0 0 0 0 0 0 0 0 0 0 0 0]
[3034206111426573592195217778807035795899770946561836285729848588750275874683502150086131513342967502470645631345617278084267365443508376228516510387837450528663321045711066224999953800781665849757181960014941372034718842 0 0 0 0 0 0 0 0 0 0 0 0 0 0 0 0 0 0 0 0 0 1 0 0 0 0 0 0 0 0 0 0 0 0 0 0 0 0 0 0 0 0 0 0 0 0 0 0 0 0 0 0 0 0 0 0 0 0 0 0 0 0 0 0 0 0 0 0 0 0 0 0]
[65971860082341601658584563664628334551906426208627873140886581294339831550423404734303950003452180544065744172003947779344442952535514247348835054540807535805953198534329642219386189287738520106610595586743790052684120 0 0 0 0 0 0 0 0 0 0 0 0 0 0 0 0 0 0 0 0 0 0 1 0 0 0 0 0 0 0 0 0 0 0 0 0 0 0 0 0 0 0 0 0 0 0 0 0 0 0 0 0 0 0 0 0 0 0 0 0 0 0 0 0 0 0 0 0 0 0 0 0]
[3266069904462203467389765303366596704522634406360695261575844547923381896777748069376813730453140223691542607568302267230335765145953509449583187938562220208071915387885822152897036886895534809086867101272013230124033762 0 0 0 0 0 0 0 0 0 0 0 0 0 0 0 0 0 0 0 0 0 0 0 1 0 0 0 0 0 0 0 0 0 0 0 0 0 0 0 0 0 0 0 0 0 0 0 0 0 0 0 0 0 0 0 0 0 0 0 0 0 0 0 0 0 0 0 0 0 0 0 0]
[1416972162096895614457752535757077144718625734361518422257042116407537784179665165872833425961442962126643670521908359532808100846197000226605702760333409430685284405135471532317082510857255882076626200803154934431179621 0 0 0 0 0 0 0 0 0 0 0 0 0 0 0 0 0 0 0 0 0 0 0 0 1 0 0 0 0 0 0 0 0 0 0 0 0 0 0 0 0 0 0 0 0 0 0 0 0 0 0 0 0 0 0 0 0 0 0 0 0 0 0 0 0 0 0 0 0 0 0 0]
[2412624879760159872542877329244026171654319934048175888190771851106723977805436367093963942713270585059719668457413146034430085211561318176981088088699385982783002100338077699944105363375703029607907149910096849910064783 0 0 0 0 0 0 0 0 0 0 0 0 0 0 0 0 0 0 0 0 0 0 0 0 0 1 0 0 0 0 0 0 0 0 0 0 0 0 0 0 0 0 0 0 0 0 0 0 0 0 0 0 0 0 0 0 0 0 0 0 0 0 0 0 0 0 0 0 0 0 0 0]
[354136419252088215829369223098924943476412066178162756078063654204839495455412075938936456626983963452415917139833651112442678888953093584249511804487620377477341220770317016739876848711470912842860290117648710120270633 0 0 0 0 0 0 0 0 0 0 0 0 0 0 0 0 0 0 0 0 0 0 0 0 0 0 1 0 0 0 0 0 0 0 0 0 0 0 0 0 0 0 0 0 0 0 0 0 0 0 0 0 0 0 0 0 0 0 0 0 0 0 0 0 0 0 0 0 0 0 0 0]
[581732404123700579251394332228928858973976659216734934544108853893382821223322250606325389074943510849502536548129126760204955580183986213566227591621837970829010870326972096858198458488018648348630985680046644615863964 0 0 0 0 0 0 0 0 0 0 0 0 0 0 0 0 0 0 0 0 0 0 0 0 0 0 0 1 0 0 0 0 0 0 0 0 0 0 0 0 0 0 0 0 0 0 0 0 0 0 0 0 0 0 0 0 0 0 0 0 0 0 0 0 0 0 0 0 0 0 0 0]
[398291726460872058347965547200213858654369001224859931631110962212494690352833748361079707437301036814525273751267697470413660972479675007379304374891238011165051090511315895051332482492080593359383566178048877403263012 0 0 0 0 0 0 0 0 0 0 0 0 0 0 0 0 0 0 0 0 0 0 0 0 0 0 0 0 1 0 0 0 0 0 0 0 0 0 0 0 0 0 0 0 0 0 0 0 0 0 0 0 0 0 0 0 0 0 0 0 0 0 0 0 0 0 0 0 0 0 0 0]
[1024310056829174830472010685931852950097639237848582788407088756940075502087124183403345284548797714253093847271588356745025057827014427909243958985103497044564980412288286589335171817171242623618787995083554257432346018 0 0 0 0 0 0 0 0 0 0 0 0 0 0 0 0 0 0 0 0 0 0 0 0 0 0 0 0 0 1 0 0 0 0 0 0 0 0 0 0 0 0 0 0 0 0 0 0 0 0 0 0 0 0 0 0 0 0 0 0 0 0 0 0 0 0 0 0 0 0 0 0]
[1460887230466411185622550260931562905361740916062724056033275391551664575726006893746805161606771733535927674314662127678927674518969123159533751430004453202955506871352399373363626258673434090736661936622123277302032451 0 0 0 0 0 0 0 0 0 0 0 0 0 0 0 0 0 0 0 0 0 0 0 0 0 0 0 0 0 0 1 0 0 0 0 0 0 0 0 0 0 0 0 0 0 0 0 0 0 0 0 0 0 0 0 0 0 0 0 0 0 0 0 0 0 0 0 0 0 0 0 0]
[1600388005546660710622389296701097989366288993834113079684337315327776046482846853973266175172938201074069642332500006567958853092399555467601382989201245975577401721281246000265702748874799823849370176851003607961865616 0 0 0 0 0 0 0 0 0 0 0 0 0 0 0 0 0 0 0 0 0 0 0 0 0 0 0 0 0 0 0 1 0 0 0 0 0 0 0 0 0 0 0 0 0 0 0 0 0 0 0 0 0 0 0 0 0 0 0 0 0 0 0 0 0 0 0 0 0 0 0 0]
[359754942586981103687463733343826573089618804239592359236240551112087789117684386770055869566440418443265426065660561888986673176647286145861001326669497172468429174784241398273381506041031389727692733185525589950725317 0 0 0 0 0 0 0 0 0 0 0 0 0 0 0 0 0 0 0 0 0 0 0 0 0 0 0 0 0 0 0 0 1 0 0 0 0 0 0 0 0 0 0 0 0 0 0 0 0 0 0 0 0 0 0 0 0 0 0 0 0 0 0 0 0 0 0 0 0 0 0 0]
[2459267060074424868142725198444616107321276355146451943004368850877959863539663935274642278177748889420562648201177232504634851978068943281974642517617909461725411083354596292225831028693887095851379471132903896469746579 0 0 0 0 0 0 0 0 0 0 0 0 0 0 0 0 0 0 0 0 0 0 0 0 0 0 0 0 0 0 0 0 0 1 0 0 0 0 0 0 0 0 0 0 0 0 0 0 0 0 0 0 0 0 0 0 0 0 0 0 0 0 0 0 0 0 0 0 0 0 0 0]
[2690722371653070996351069290129923838294750195247040995537737998840610815234092150380665524570383128499690338510006591618942039620129285135757042257667467098904233760114567937167364576953678514878959624913957921309281598 0 0 0 0 0 0 0 0 0 0 0 0 0 0 0 0 0 0 0 0 0 0 0 0 0 0 0 0 0 0 0 0 0 0 1 0 0 0 0 0 0 0 0 0 0 0 0 0 0 0 0 0 0 0 0 0 0 0 0 0 0 0 0 0 0 0 0 0 0 0 0 0]
[2855215213982832045731627755551952672874441527788419101296333530247478200978817134222130940961328059606743286042126013794677799727280018146683682136736944976867856713351405919013609152028807344605516288857169553892593578 0 0 0 0 0 0 0 0 0 0 0 0 0 0 0 0 0 0 0 0 0 0 0 0 0 0 0 0 0 0 0 0 0 0 0 1 0 0 0 0 0 0 0 0 0 0 0 0 0 0 0 0 0 0 0 0 0 0 0 0 0 0 0 0 0 0 0 0 0 0 0 0]
[2680840953487170467807577047846512151770804293848317129871359852794019016271352358936290084223708145231245210492304896601372245981374983497936746024558028739332738555324598747397563091021290744847592237176164515876757449 0 0 0 0 0 0 0 0 0 0 0 0 0 0 0 0 0 0 0 0 0 0 0 0 0 0 0 0 0 0 0 0 0 0 0 0 1 0 0 0 0 0 0 0 0 0 0 0 0 0 0 0 0 0 0 0 0 0 0 0 0 0 0 0 0 0 0 0 0 0 0 0]
[2068953204760451474637462814206189578855470382722919779614926636738764512800888439484234388788304387373173710379020255418028185616068731414298546884729808261189222881239470482963415289102603939108662356136787322479326240 0 0 0 0 0 0 0 0 0 0 0 0 0 0 0 0 0 0 0 0 0 0 0 0 0 0 0 0 0 0 0 0 0 0 0 0 0 1 0 0 0 0 0 0 0 0 0 0 0 0 0 0 0 0 0 0 0 0 0 0 0 0 0 0 0 0 0 0 0 0 0 0]
[2529160609706124950170172895448036639065541176807176879442002304970531071214509584534506177138380461643526777275404290077804841290628991834816079815440487505529991937864589523020690927825072098402000322439992822663680972 0 0 0 0 0 0 0 0 0 0 0 0 0 0 0 0 0 0 0 0 0 0 0 0 0 0 0 0 0 0 0 0 0 0 0 0 0 0 1 0 0 0 0 0 0 0 0 0 0 0 0 0 0 0 0 0 0 0 0 0 0 0 0 0 0 0 0 0 0 0 0 0]
[731290056557581464417642322811180107433292874197039398451648330373879063381723657600347488155042221086296467240248856609580879041844571458890814305998044367824285267856370249147112525627002265337975573356664046566432125 0 0 0 0 0 0 0 0 0 0 0 0 0 0 0 0 0 0 0 0 0 0 0 0 0 0 0 0 0 0 0 0 0 0 0 0 0 0 0 1 0 0 0 0 0 0 0 0 0 0 0 0 0 0 0 0 0 0 0 0 0 0 0 0 0 0 0 0 0 0 0 0]
[1598545521840533178750055580061805794189493069179577214813908185420639683453621528666879925390673701443524411237272830399091339815998817660169639726536613973991842762116233056333306467732205829461852783914175719752514930 0 0 0 0 0 0 0 0 0 0 0 0 0 0 0 0 0 0 0 0 0 0 0 0 0 0 0 0 0 0 0 0 0 0 0 0 0 0 0 0 1 0 0 0 0 0 0 0 0 0 0 0 0 0 0 0 0 0 0 0 0 0 0 0 0 0 0 0 0 0 0 0]
[2282726288983046268988940759230631384752692362586080794361393039717568804536038739252206550755394309081316581640933882634328589629150805004711179750122071811770548216656370206687055896946264683651311956170125692778330202 0 0 0 0 0 0 0 0 0 0 0 0 0 0 0 0 0 0 0 0 0 0 0 0 0 0 0 0 0 0 0 0 0 0 0 0 0 0 0 0 0 1 0 0 0 0 0 0 0 0 0 0 0 0 0 0 0 0 0 0 0 0 0 0 0 0 0 0 0 0 0 0]
[2825916633025102062583234986832295678680226616496094545724756375282342162609557830154491122862395703560859094721451337299709778057388641112086815565675969333051086812702360813352872263917146529735886713788973853734416609 0 0 0 0 0 0 0 0 0 0 0 0 0 0 0 0 0 0 0 0 0 0 0 0 0 0 0 0 0 0 0 0 0 0 0 0 0 0 0 0 0 0 1 0 0 0 0 0 0 0 0 0 0 0 0 0 0 0 0 0 0 0 0 0 0 0 0 0 0 0 0 0]
[2568812247175353591147669279118434354093459229301281318073074523595449435443077546575818088018965595419568690700146970455143062015995122432627584774338029558057559137164099277104427171703554420354142369865265555542155987 0 0 0 0 0 0 0 0 0 0 0 0 0 0 0 0 0 0 0 0 0 0 0 0 0 0 0 0 0 0 0 0 0 0 0 0 0 0 0 0 0 0 0 1 0 0 0 0 0 0 0 0 0 0 0 0 0 0 0 0 0 0 0 0 0 0 0 0 0 0 0 0]
[1055944245913338409531785639052177462356988854733970824827717621995367778780412952055934612972460891128690509902591628909223084265804116925384660134494694972908895691195983622986228471416207322605215120290086479890957736 0 0 0 0 0 0 0 0 0 0 0 0 0 0 0 0 0 0 0 0 0 0 0 0 0 0 0 0 0 0 0 0 0 0 0 0 0 0 0 0 0 0 0 0 1 0 0 0 0 0 0 0 0 0 0 0 0 0 0 0 0 0 0 0 0 0 0 0 0 0 0 0]
[1300857239130841891879793711329992705525568161453328969957042957032329397347724025510331204724257183779025431454425641680896523000570600355628897875785690897023063900677259752943995994700973297303904525819871146057597273 0 0 0 0 0 0 0 0 0 0 0 0 0 0 0 0 0 0 0 0 0 0 0 0 0 0 0 0 0 0 0 0 0 0 0 0 0 0 0 0 0 0 0 0 0 1 0 0 0 0 0 0 0 0 0 0 0 0 0 0 0 0 0 0 0 0 0 0 0 0 0 0]
[538634158042176761193801958345333581605946167258348872355421870223017159157086642408936815107994396060691656227131330466803710650886036182598080267452022394444625814946854057251243336536962694660559838724639419445947926 0 0 0 0 0 0 0 0 0 0 0 0 0 0 0 0 0 0 0 0 0 0 0 0 0 0 0 0 0 0 0 0 0 0 0 0 0 0 0 0 0 0 0 0 0 0 1 0 0 0 0 0 0 0 0 0 0 0 0 0 0 0 0 0 0 0 0 0 0 0 0 0]
[1607116711486685139562590969222546196702948108640285598468302863838960183278408746643069720336418339215733065054713486844381635655321389028093018471948263428583318996155193647671538717076799529506465147209051870059029883 0 0 0 0 0 0 0 0 0 0 0 0 0 0 0 0 0 0 0 0 0 0 0 0 0 0 0 0 0 0 0 0 0 0 0 0 0 0 0 0 0 0 0 0 0 0 0 1 0 0 0 0 0 0 0 0 0 0 0 0 0 0 0 0 0 0 0 0 0 0 0 0]
[1883982211685454077939874753540683738291296878294014784773313302912460342299874208475884595518719253438939639320912233571207705601212146078103591392414814963381377648688658285311669614038398395288760782233236508792592796 0 0 0 0 0 0 0 0 0 0 0 0 0 0 0 0 0 0 0 0 0 0 0 0 0 0 0 0 0 0 0 0 0 0 0 0 0 0 0 0 0 0 0 0 0 0 0 0 1 0 0 0 0 0 0 0 0 0 0 0 0 0 0 0 0 0 0 0 0 0 0 0]
[70916318376117353609485262398826099030084058131266433998444345971304538806800059367250363206460456028097375158112910607997006353707434764159799289205003252589779536153142417602606395784186664782182976550251710831133851 0 0 0 0 0 0 0 0 0 0 0 0 0 0 0 0 0 0 0 0 0 0 0 0 0 0 0 0 0 0 0 0 0 0 0 0 0 0 0 0 0 0 0 0 0 0 0 0 0 1 0 0 0 0 0 0 0 0 0 0 0 0 0 0 0 0 0 0 0 0 0 0]
[2329963734623622862693719118545296644469470212096830960388857523158919914438169295016874662623645751325538925534923661945400525896233637795211805361813436183031834797321259000249581707016531006838378691721965333238389735 0 0 0 0 0 0 0 0 0 0 0 0 0 0 0 0 0 0 0 0 0 0 0 0 0 0 0 0 0 0 0 0 0 0 0 0 0 0 0 0 0 0 0 0 0 0 0 0 0 0 1 0 0 0 0 0 0 0 0 0 0 0 0 0 0 0 0 0 0 0 0 0]
[2223710199894582103756053789486987127227848808938117011538425181278696209292156507019419645616507134843477317555611874458131278518373739199896984366211220436161427962070972081870394667054034627864136035995433824510307437 0 0 0 0 0 0 0 0 0 0 0 0 0 0 0 0 0 0 0 0 0 0 0 0 0 0 0 0 0 0 0 0 0 0 0 0 0 0 0 0 0 0 0 0 0 0 0 0 0 0 0 1 0 0 0 0 0 0 0 0 0 0 0 0 0 0 0 0 0 0 0 0]
[2294252170763237995302319722630962248216615538918266656236336551383666918813129286777881953599496564946978489255687989696208016899750468589953769298471938585362160809789030537557286555627173478310374703025480746398888700 0 0 0 0 0 0 0 0 0 0 0 0 0 0 0 0 0 0 0 0 0 0 0 0 0 0 0 0 0 0 0 0 0 0 0 0 0 0 0 0 0 0 0 0 0 0 0 0 0 0 0 0 1 0 0 0 0 0 0 0 0 0 0 0 0 0 0 0 0 0 0 0]
[1708998350733289797413080333673899406617613210591716335546775871484085842999771331243448950180426352982883933681176595577799866263004013728729759710494547999062992585624257987234911631508755856762834253296518388765090518 0 0 0 0 0 0 0 0 0 0 0 0 0 0 0 0 0 0 0 0 0 0 0 0 0 0 0 0 0 0 0 0 0 0 0 0 0 0 0 0 0 0 0 0 0 0 0 0 0 0 0 0 0 1 0 0 0 0 0 0 0 0 0 0 0 0 0 0 0 0 0 0]
[3019118926918203115345855775521550227617630793698332786941578507163153200257270507423086535356303642357069089392477185715500011650808363941735848661000742002894151336485580023675801677963575663384713179391463490813814419 0 0 0 0 0 0 0 0 0 0 0 0 0 0 0 0 0 0 0 0 0 0 0 0 0 0 0 0 0 0 0 0 0 0 0 0 0 0 0 0 0 0 0 0 0 0 0 0 0 0 0 0 0 0 1 0 0 0 0 0 0 0 0 0 0 0 0 0 0 0 0 0]
[1455653871576918937969409181941876282012825221831137509473958118599470568629895280758465165865072220636411705358519392790269611238411660500634265538855446831273067661912573204162097742661174107762961013940631555570582891 0 0 0 0 0 0 0 0 0 0 0 0 0 0 0 0 0 0 0 0 0 0 0 0 0 0 0 0 0 0 0 0 0 0 0 0 0 0 0 0 0 0 0 0 0 0 0 0 0 0 0 0 0 0 0 1 0 0 0 0 0 0 0 0 0 0 0 0 0 0 0 0]
[2034953695610716968605223686153748376375876401041721361413582391070293405930457739742684341168814571008311082169350946797159912252286556201904283211224472295211064840292367260834974089367870585991841401405853812325560217 0 0 0 0 0 0 0 0 0 0 0 0 0 0 0 0 0 0 0 0 0 0 0 0 0 0 0 0 0 0 0 0 0 0 0 0 0 0 0 0 0 0 0 0 0 0 0 0 0 0 0 0 0 0 0 0 1 0 0 0 0 0 0 0 0 0 0 0 0 0 0 0]
[1041747202897224034697915998370518200763225550743089298066488739274518124150610723557653216950223953943957336934438241950098659929372006266262028192624001654336649900463858912455072315431570322114289267255049218960931318 0 0 0 0 0 0 0 0 0 0 0 0 0 0 0 0 0 0 0 0 0 0 0 0 0 0 0 0 0 0 0 0 0 0 0 0 0 0 0 0 0 0 0 0 0 0 0 0 0 0 0 0 0 0 0 0 0 1 0 0 0 0 0 0 0 0 0 0 0 0 0 0]
[3127574652345887124365115714053223832645252880067913692958073495088791317767292949536786302375065614364387964073763326449028385139840032105587473243158132897630212365622256283693872357584628016858436179392629759094307921 0 0 0 0 0 0 0 0 0 0 0 0 0 0 0 0 0 0 0 0 0 0 0 0 0 0 0 0 0 0 0 0 0 0 0 0 0 0 0 0 0 0 0 0 0 0 0 0 0 0 0 0 0 0 0 0 0 0 1 0 0 0 0 0 0 0 0 0 0 0 0 0]
[1716235896214344845735047195848379694545639878184309872998550259829687563544257460304961578661736717140388921473746265930582316763173831456848238096327553703750108198811820687749455011078070481057794043902340745573911681 0 0 0 0 0 0 0 0 0 0 0 0 0 0 0 0 0 0 0 0 0 0 0 0 0 0 0 0 0 0 0 0 0 0 0 0 0 0 0 0 0 0 0 0 0 0 0 0 0 0 0 0 0 0 0 0 0 0 0 1 0 0 0 0 0 0 0 0 0 0 0 0]
[2330236283260928875787081789703502691380698413535881104701954646278157705491510927932018519989033018942219189155011615167033067702360510564857557210021389375342523006340685908527403718374236004478530027671797620856522879 0 0 0 0 0 0 0 0 0 0 0 0 0 0 0 0 0 0 0 0 0 0 0 0 0 0 0 0 0 0 0 0 0 0 0 0 0 0 0 0 0 0 0 0 0 0 0 0 0 0 0 0 0 0 0 0 0 0 0 0 1 0 0 0 0 0 0 0 0 0 0 0]
[2973767458544831971918071748638233244195376547310155665275897847093322986041603975232419493739080805801669353495272366350115768832418070221893532621263104176451275033479397998384525626971781606754808419938422794909573384 0 0 0 0 0 0 0 0 0 0 0 0 0 0 0 0 0 0 0 0 0 0 0 0 0 0 0 0 0 0 0 0 0 0 0 0 0 0 0 0 0 0 0 0 0 0 0 0 0 0 0 0 0 0 0 0 0 0 0 0 0 1 0 0 0 0 0 0 0 0 0 0]
[2425084410446316564185681342867659831625475228141041895064968014028579531389399540781062464960402414830749667557910065580102336951668818905210828200378621509964068265040098936194659089877952154960387712650936283702913774 0 0 0 0 0 0 0 0 0 0 0 0 0 0 0 0 0 0 0 0 0 0 0 0 0 0 0 0 0 0 0 0 0 0 0 0 0 0 0 0 0 0 0 0 0 0 0 0 0 0 0 0 0 0 0 0 0 0 0 0 0 0 1 0 0 0 0 0 0 0 0 0]
[1515351332146577657365124486925490593646350333114578004666656937179306745524972527604563430045168022606404374832612276487279597490975412439598727122666604492138022498977182030700533444143768222153461485486622345465040765 0 0 0 0 0 0 0 0 0 0 0 0 0 0 0 0 0 0 0 0 0 0 0 0 0 0 0 0 0 0 0 0 0 0 0 0 0 0 0 0 0 0 0 0 0 0 0 0 0 0 0 0 0 0 0 0 0 0 0 0 0 0 0 1 0 0 0 0 0 0 0 0]
[1528333058290178462397526165529564655933784719412051447923690508541216928947646419881824656944942835380029895102747319842014354890694164113794760197331235823714132385354389673247405185147893704909737241892132689500953115 0 0 0 0 0 0 0 0 0 0 0 0 0 0 0 0 0 0 0 0 0 0 0 0 0 0 0 0 0 0 0 0 0 0 0 0 0 0 0 0 0 0 0 0 0 0 0 0 0 0 0 0 0 0 0 0 0 0 0 0 0 0 0 0 1 0 0 0 0 0 0 0]
[675830425783768358616514846010066020032005507290284831979237278119072193670800824034540390507005359296679865169193271037860688368569548090539049720815567102732174234974792302520022396759294203863421909783924215636829868 0 0 0 0 0 0 0 0 0 0 0 0 0 0 0 0 0 0 0 0 0 0 0 0 0 0 0 0 0 0 0 0 0 0 0 0 0 0 0 0 0 0 0 0 0 0 0 0 0 0 0 0 0 0 0 0 0 0 0 0 0 0 0 0 0 1 0 0 0 0 0 0]
[2676768225430936384940783225025645565333643356094585470539427018745564282604225707182771062505457764786456439623133957750977197525905665116784298753051655426105415105486944820978621107945454314080114759798971811172097673 0 0 0 0 0 0 0 0 0 0 0 0 0 0 0 0 0 0 0 0 0 0 0 0 0 0 0 0 0 0 0 0 0 0 0 0 0 0 0 0 0 0 0 0 0 0 0 0 0 0 0 0 0 0 0 0 0 0 0 0 0 0 0 0 0 0 1 0 0 0 0 0]
[1807555343945157012153568544891085315548681816954346261269680899381456779648645131407140685642859766605013690270080108516086569843934974193866262721765338496025462407528201132918431138269754517201814351674300820557951655 0 0 0 0 0 0 0 0 0 0 0 0 0 0 0 0 0 0 0 0 0 0 0 0 0 0 0 0 0 0 0 0 0 0 0 0 0 0 0 0 0 0 0 0 0 0 0 0 0 0 0 0 0 0 0 0 0 0 0 0 0 0 0 0 0 0 0 1 0 0 0 0]
[468790327087754870133063866079405800675464448966451762520512489802298861920140266873140239894074907031258880881990179548793866492006091078869498104916583189847449791817495063793712185256031611276903951514718664720575746 0 0 0 0 0 0 0 0 0 0 0 0 0 0 0 0 0 0 0 0 0 0 0 0 0 0 0 0 0 0 0 0 0 0 0 0 0 0 0 0 0 0 0 0 0 0 0 0 0 0 0 0 0 0 0 0 0 0 0 0 0 0 0 0 0 0 0 0 1 0 0 0]
[2440930303745901643648908286057378160718422022815050761205740560715031623863499535711951269620554889017191794061077160296833502727857504925668684178428355215936382643497571871128344309991454655494665027428158988996093110 0 0 0 0 0 0 0 0 0 0 0 0 0 0 0 0 0 0 0 0 0 0 0 0 0 0 0 0 0 0 0 0 0 0 0 0 0 0 0 0 0 0 0 0 0 0 0 0 0 0 0 0 0 0 0 0 0 0 0 0 0 0 0 0 0 0 0 0 0 1 0 0]
[806178568367682709949071907674594569538232805213110238978243450590421418830214990129093824533277028877581209262568580501069483461581779725119589242953721011470888637247187035018030923374918647894780212398079096916763444 0 0 0 0 0 0 0 0 0 0 0 0 0 0 0 0 0 0 0 0 0 0 0 0 0 0 0 0 0 0 0 0 0 0 0 0 0 0 0 0 0 0 0 0 0 0 0 0 0 0 0 0 0 0 0 0 0 0 0 0 0 0 0 0 0 0 0 0 0 0 1 0]
[1922910733029754252736209747822651254256756816266289098274504807883162378937597324930786730004669936806957145752365151555117383661962390421768294580507478285430919415093814226942085189454400117767248070168486024464550988 0 0 0 0 0 0 0 0 0 0 0 0 0 0 0 0 0 0 0 0 0 0 0 0 0 0 0 0 0 0 0 0 0 0 0 0 0 0 0 0 0 0 0 0 0 0 0 0 0 0 0 0 0 0 0 0 0 0 0 0 0 0 0 0 0 0 0 0 0 0 0 1]
]
