[[3279036788110818980630334516330613300769168959234385594628075584357168702573195830971964737549778258105595060457250174730729784838149475917525580478331825255835853043466217864203458085791005827549785936944718727786799527 0 0 0 0 0 0 0 0 0 0 0 0 0 0 0 0 0 0 0 0 0 0 0 0 0 0 0 0 0 0 0 0 0 0 0 0 0 0 0 0 0 0 0 0 0 0 0 0 0 0 0 0 0 0 0 0 0 0 0 0 0 0 0 0 0 0 0 0 0 0 0 0]
[2439818383057916748189279892583373747509584726264170292907150875405792741639847921654500996998237967083197368406383809894364848517509784115825409541822959430511537464413575926930722662534602386537561227928883260514522063 1 0 0 0 0 0 0 0 0 0 0 0 0 0 0 0 0 0 0 0 0 0 0 0 0 0 0 0 0 0 0 0 0 0 0 0 0 0 0 0 0 0 0 0 0 0 0 0 0 0 0 0 0 0 0 0 0 0 0 0 0 0 0 0 0 0 0 0 0 0 0 0]
[1825130634140358378517786846492348208085005078880522527556686742817890893864260973331065044987643517973629644669961016159147785359892132935789134968077203326065768140183649407675838680509475422276086547096172806860036662 0 1 0 0 0 0 0 0 0 0 0 0 0 0 0 0 0 0 0 0 0 0 0 0 0 0 0 0 0 0 0 0 0 0 0 0 0 0 0 0 0 0 0 0 0 0 0 0 0 0 0 0 0 0 0 0 0 0 0 0 0 0 0 0 0 0 0 0 0 0 0 0]
[2818147975231216657822572247326645506195073066767904266697573933357494776958164502503065973400741820686987444311224605989417478465291375061325124455943261052794250430330518645214365418402624277930816046683124526521261579 0 0 1 0 0 0 0 0 0 0 0 0 0 0 0 0 0 0 0 0 0 0 0 0 0 0 0 0 0 0 0 0 0 0 0 0 0 0 0 0 0 0 0 0 0 0 0 0 0 0 0 0 0 0 0 0 0 0 0 0 0 0 0 0 0 0 0 0 0 0 0 0]
[1542214488526713191220712345992242363260332928412580477547153610464633610103770067964748319281598446994674394741929299571610849241666263652170075709599239430539182358505151185440696461250901405145652518154223806266398159 0 0 0 1 0 0 0 0 0 0 0 0 0 0 0 0 0 0 0 0 0 0 0 0 0 0 0 0 0 0 0 0 0 0 0 0 0 0 0 0 0 0 0 0 0 0 0 0 0 0 0 0 0 0 0 0 0 0 0 0 0 0 0 0 0 0 0 0 0 0 0 0]
[2231090388428467393958874697077560289162061800188688247323383778724067221074982443420282318529604637292249931284082380783684585996523451872455961969479625756350251995092124635522329682672936464633569622092097688805149313 0 0 0 0 1 0 0 0 0 0 0 0 0 0 0 0 0 0 0 0 0 0 0 0 0 0 0 0 0 0 0 0 0 0 0 0 0 0 0 0 0 0 0 0 0 0 0 0 0 0 0 0 0 0 0 0 0 0 0 0 0 0 0 0 0 0 0 0 0 0 0 0]
[3256130412974873402330616103507568147833860021968291894374270769970547690953149797973687948275157741140638001217090286486480380401086469024555046172281407645220003722632189166999788238100946682105482668599172541391288221 0 0 0 0 0 1 0 0 0 0 0 0 0 0 0 0 0 0 0 0 0 0 0 0 0 0 0 0 0 0 0 0 0 0 0 0 0 0 0 0 0 0 0 0 0 0 0 0 0 0 0 0 0 0 0 0 0 0 0 0 0 0 0 0 0 0 0 0 0 0 0 0]
[2496076478067769476348281378131123220722962653495154329155409676428412295166717876479773285299113834952416745241720188711979897684809875121163210457650265948693775875158844969807293389719125527412261997661923396864427610 0 0 0 0 0 0 1 0 0 0 0 0 0 0 0 0 0 0 0 0 0 0 0 0 0 0 0 0 0 0 0 0 0 0 0 0 0 0 0 0 0 0 0 0 0 0 0 0 0 0 0 0 0 0 0 0 0 0 0 0 0 0 0 0 0 0 0 0 0 0 0 0]
[1798143179718569042302072597236534034378039568475949328159607429641373685826901188056926563629530745340544222246217676230968221977633328812750358120738121981945313746221932694187753340669950912818116861206379516594622173 0 0 0 0 0 0 0 1 0 0 0 0 0 0 0 0 0 0 0 0 0 0 0 0 0 0 0 0 0 0 0 0 0 0 0 0 0 0 0 0 0 0 0 0 0 0 0 0 0 0 0 0 0 0 0 0 0 0 0 0 0 0 0 0 0 0 0 0 0 0 0 0]
[2442827480183388197381059542708423117616087835621360228392212326531203873935193048655152515695381190115652894035377942000703733090722009318275948417782275693757884816323801861331017903641283253510232933016328503681335644 0 0 0 0 0 0 0 0 1 0 0 0 0 0 0 0 0 0 0 0 0 0 0 0 0 0 0 0 0 0 0 0 0 0 0 0 0 0 0 0 0 0 0 0 0 0 0 0 0 0 0 0 0 0 0 0 0 0 0 0 0 0 0 0 0 0 0 0 0 0 0 0]
[2661539764933073509308032523673795863170464217554213920193587722385723485948009814987487920092720806145889884978291684625658978612141723530739883183367839653447289762448468411245180564852469361489039757167576615098595611 0 0 0 0 0 0 0 0 0 1 0 0 0 0 0 0 0 0 0 0 0 0 0 0 0 0 0 0 0 0 0 0 0 0 0 0 0 0 0 0 0 0 0 0 0 0 0 0 0 0 0 0 0 0 0 0 0 0 0 0 0 0 0 0 0 0 0 0 0 0 0 0]
[2280295825351918239125035320874268283078787392236951011521943532850707772779245308456597518106363679359946280293191782793294674951727983432578090974838281142245423421603909913686902442344882563396430641192222460825369284 0 0 0 0 0 0 0 0 0 0 1 0 0 0 0 0 0 0 0 0 0 0 0 0 0 0 0 0 0 0 0 0 0 0 0 0 0 0 0 0 0 0 0 0 0 0 0 0 0 0 0 0 0 0 0 0 0 0 0 0 0 0 0 0 0 0 0 0 0 0 0 0]
[496353819087892086132310974862860162560021793065451391404305082961109156378693527456548881271634331388448186374489205575654042253609483094936561237567493983513181506953707113959076662763886661093906437283478358585245122 0 0 0 0 0 0 0 0 0 0 0 1 0 0 0 0 0 0 0 0 0 0 0 0 0 0 0 0 0 0 0 0 0 0 0 0 0 0 0 0 0 0 0 0 0 0 0 0 0 0 0 0 0 0 0 0 0 0 0 0 0 0 0 0 0 0 0 0 0 0 0 0]
[1187551132281787736711027205078679782613371784423209884466509327055051752947881469362784051012670704133913788456978913034731139076670671995154030450518961033671311712290937066007379980890926181361559985309546254107458741 0 0 0 0 0 0 0 0 0 0 0 0 1 0 0 0 0 0 0 0 0 0 0 0 0 0 0 0 0 0 0 0 0 0 0 0 0 0 0 0 0 0 0 0 0 0 0 0 0 0 0 0 0 0 0 0 0 0 0 0 0 0 0 0 0 0 0 0 0 0 0 0]
[999714949340358873519599202394881450321345449863036551305445063590961460257548089473961551636085399615548745657393399990150315872020362159850666000624009237377286381446742432905072338635051049792826996089818432436029262 0 0 0 0 0 0 0 0 0 0 0 0 0 1 0 0 0 0 0 0 0 0 0 0 0 0 0 0 0 0 0 0 0 0 0 0 0 0 0 0 0 0 0 0 0 0 0 0 0 0 0 0 0 0 0 0 0 0 0 0 0 0 0 0 0 0 0 0 0 0 0 0]
[441458922893936503697993997801553382358145503879512847648340264954924962678438615716231587027209047514593877010033251080093479298459683533709878098759657154586232633320931239533317859735862899461696238757910041747015739 0 0 0 0 0 0 0 0 0 0 0 0 0 0 1 0 0 0 0 0 0 0 0 0 0 0 0 0 0 0 0 0 0 0 0 0 0 0 0 0 0 0 0 0 0 0 0 0 0 0 0 0 0 0 0 0 0 0 0 0 0 0 0 0 0 0 0 0 0 0 0 0]
[3050245646667739590636506108357396884340138863615003148066724832010297130517027145048672133774800548222336824390326704544895470060090296652638825463835399141169158371222859401787951913988578414710387075666357201940961173 0 0 0 0 0 0 0 0 0 0 0 0 0 0 0 1 0 0 0 0 0 0 0 0 0 0 0 0 0 0 0 0 0 0 0 0 0 0 0 0 0 0 0 0 0 0 0 0 0 0 0 0 0 0 0 0 0 0 0 0 0 0 0 0 0 0 0 0 0 0 0 0]
[2841709738097524419256385204398657513712756059622598498234963577297304213965682093552104942769842583952600518228029610434651925884358460141853299263716629718964630057086230649340183089756818190707350882268958894708743268 0 0 0 0 0 0 0 0 0 0 0 0 0 0 0 0 1 0 0 0 0 0 0 0 0 0 0 0 0 0 0 0 0 0 0 0 0 0 0 0 0 0 0 0 0 0 0 0 0 0 0 0 0 0 0 0 0 0 0 0 0 0 0 0 0 0 0 0 0 0 0 0]
[566088824019153685290484801235080182109890629780508611043890173254197303769559098213628151371043393927839659771851547569775784700541015199227265004038871816534094082440944866983772869717874450973870968401300393219223003 0 0 0 0 0 0 0 0 0 0 0 0 0 0 0 0 0 1 0 0 0 0 0 0 0 0 0 0 0 0 0 0 0 0 0 0 0 0 0 0 0 0 0 0 0 0 0 0 0 0 0 0 0 0 0 0 0 0 0 0 0 0 0 0 0 0 0 0 0 0 0 0]
[2737169011252127958282424065370612353823930630814821639728992725283858771187238959054898178965063371724096372093210776304574700476295195250419506869216052794180546094859296892038035750524306804932664933380839450873028517 0 0 0 0 0 0 0 0 0 0 0 0 0 0 0 0 0 0 1 0 0 0 0 0 0 0 0 0 0 0 0 0 0 0 0 0 0 0 0 0 0 0 0 0 0 0 0 0 0 0 0 0 0 0 0 0 0 0 0 0 0 0 0 0 0 0 0 0 0 0 0 0]
[2337941460090051911447396050039829383706743556965047514449011721133621113817922573293737756463644350021415942246963413456784874393958700700833617213245107852274505117156187105398750019027660100670067414779831395899361825 0 0 0 0 0 0 0 0 0 0 0 0 0 0 0 0 0 0 0 1 0 0 0 0 0 0 0 0 0 0 0 0 0 0 0 0 0 0 0 0 0 0 0 0 0 0 0 0 0 0 0 0 0 0 0 0 0 0 0 0 0 0 0 0 0 0 0 0 0 0 0 0]
[1590462458977433380495921100109809858483598258475302773041278188360842225955201345509380606165257376988230402287502159498903725115290054654908480266918568637656977113265448723016014632645897824227611685787886257972621867 0 0 0 0 0 0 0 0 0 0 0 0 0 0 0 0 0 0 0 0 1 0 0 0 0 0 0 0 0 0 0 0 0 0 0 0 0 0 0 0 0 0 0 0 0 0 0 0 0 0 0 0 0 0 0 0 0 0 0 0 0 0 0 0 0 0 0 0 0 0 0 0]
[2017106734832112555288100450225291214622544033612297322968858896332362880298002777328919596430535808680374836314307788894503597283821159074479033356363820971530193826890706680677215839992850398711756922597548221720438251 0 0 0 0 0 0 0 0 0 0 0 0 0 0 0 0 0 0 0 0 0 1 0 0 0 0 0 0 0 0 0 0 0 0 0 0 0 0 0 0 0 0 0 0 0 0 0 0 0 0 0 0 0 0 0 0 0 0 0 0 0 0 0 0 0 0 0 0 0 0 0 0]
[2520226620943276242877687384624326157485949346483600434440185623319899136367222805662376014656307352005929415006424061829124805181317316300586913744910349757842306736036892842075770950120902258689606694352483261751916743 0 0 0 0 0 0 0 0 0 0 0 0 0 0 0 0 0 0 0 0 0 0 1 0 0 0 0 0 0 0 0 0 0 0 0 0 0 0 0 0 0 0 0 0 0 0 0 0 0 0 0 0 0 0 0 0 0 0 0 0 0 0 0 0 0 0 0 0 0 0 0 0]
[2076742862161592114556629962435719992479326660704130432517721369295544404551880879814772306501075872624392586278170687985007746273692406536579442514665126385577679396385712304891712254148550864994540844666443164308578590 0 0 0 0 0 0 0 0 0 0 0 0 0 0 0 0 0 0 0 0 0 0 0 1 0 0 0 0 0 0 0 0 0 0 0 0 0 0 0 0 0 0 0 0 0 0 0 0 0 0 0 0 0 0 0 0 0 0 0 0 0 0 0 0 0 0 0 0 0 0 0 0]
[716763357228639431154843583261240893195857304209960767239445149120394644020436519907098819465074337527831043623488964600184662458877843307292210998166893150783974905950557394321953146846014780401609050490904397152204227 0 0 0 0 0 0 0 0 0 0 0 0 0 0 0 0 0 0 0 0 0 0 0 0 1 0 0 0 0 0 0 0 0 0 0 0 0 0 0 0 0 0 0 0 0 0 0 0 0 0 0 0 0 0 0 0 0 0 0 0 0 0 0 0 0 0 0 0 0 0 0 0]
[522112814858939213929985529588080273302223311295025511883879127495149057415652305288098126678941715589990371351357494574888736158959424442027845589959327560831668425348282355820531537102630218486343217598575045628561159 0 0 0 0 0 0 0 0 0 0 0 0 0 0 0 0 0 0 0 0 0 0 0 0 0 1 0 0 0 0 0 0 0 0 0 0 0 0 0 0 0 0 0 0 0 0 0 0 0 0 0 0 0 0 0 0 0 0 0 0 0 0 0 0 0 0 0 0 0 0 0 0]
[307227052161540113277633765866494773669276364596579463353132284882798429168925897091131188536423754513501348626571720783998809917400259224082945545730235919093998447287853237822520192933951292535949306202944493605779517 0 0 0 0 0 0 0 0 0 0 0 0 0 0 0 0 0 0 0 0 0 0 0 0 0 0 1 0 0 0 0 0 0 0 0 0 0 0 0 0 0 0 0 0 0 0 0 0 0 0 0 0 0 0 0 0 0 0 0 0 0 0 0 0 0 0 0 0 0 0 0 0]
[289326892803612768104254229809584362722516649735584482617839136325838169367560363072658261355712277284571667276974634906082471875448823090782503034020137759347731301196133221447761420137266194520356559818729090919185487 0 0 0 0 0 0 0 0 0 0 0 0 0 0 0 0 0 0 0 0 0 0 0 0 0 0 0 1 0 0 0 0 0 0 0 0 0 0 0 0 0 0 0 0 0 0 0 0 0 0 0 0 0 0 0 0 0 0 0 0 0 0 0 0 0 0 0 0 0 0 0 0]
[1988070620117413878763322811012326410265452508962186155649194653403468905151432462687490435101552872850012651369214448402861430255058652693874989666795306086089987322063949366440826808110549997903329025080703161687190007 0 0 0 0 0 0 0 0 0 0 0 0 0 0 0 0 0 0 0 0 0 0 0 0 0 0 0 0 1 0 0 0 0 0 0 0 0 0 0 0 0 0 0 0 0 0 0 0 0 0 0 0 0 0 0 0 0 0 0 0 0 0 0 0 0 0 0 0 0 0 0 0]
[1286548648322309510455547611455306160948227123705900935578845056111838256348645413135976743823215461965891935239515585823607764380741873731693942409120861856815040864251280611404062331430726202975719639524868707208042721 0 0 0 0 0 0 0 0 0 0 0 0 0 0 0 0 0 0 0 0 0 0 0 0 0 0 0 0 0 1 0 0 0 0 0 0 0 0 0 0 0 0 0 0 0 0 0 0 0 0 0 0 0 0 0 0 0 0 0 0 0 0 0 0 0 0 0 0 0 0 0 0]
[2864511331047164823102992460769610567845043125782767168754892360584486427554647088673056210153550112548007782943299221630341294194512065352868746851647028917417088303644164466136912957433396051897229083840495275198254482 0 0 0 0 0 0 0 0 0 0 0 0 0 0 0 0 0 0 0 0 0 0 0 0 0 0 0 0 0 0 1 0 0 0 0 0 0 0 0 0 0 0 0 0 0 0 0 0 0 0 0 0 0 0 0 0 0 0 0 0 0 0 0 0 0 0 0 0 0 0 0 0]
[2170033666932976922750676740194248983850878419373764378449425933239928239584956384848244309727232606985608931978573622111373754597518352279821180663552717514613733274278875212208897865768936861802973288176074145566971006 0 0 0 0 0 0 0 0 0 0 0 0 0 0 0 0 0 0 0 0 0 0 0 0 0 0 0 0 0 0 0 1 0 0 0 0 0 0 0 0 0 0 0 0 0 0 0 0 0 0 0 0 0 0 0 0 0 0 0 0 0 0 0 0 0 0 0 0 0 0 0 0]
[1419474526988313027302771384053374323022491120121933541150649885768564276513589307517495197743351607003625292769446473505042197459710255538375023228129194241590882691364605315321942297399681001938487300785949093760432238 0 0 0 0 0 0 0 0 0 0 0 0 0 0 0 0 0 0 0 0 0 0 0 0 0 0 0 0 0 0 0 0 1 0 0 0 0 0 0 0 0 0 0 0 0 0 0 0 0 0 0 0 0 0 0 0 0 0 0 0 0 0 0 0 0 0 0 0 0 0 0 0]
[2741690648385270879668655942802071825667372619754456887059844424529801906564228854366756844873161038455021053204492261681677577253810409330964998831365753729719489901820413863537737933087043146191444809079373137251522241 0 0 0 0 0 0 0 0 0 0 0 0 0 0 0 0 0 0 0 0 0 0 0 0 0 0 0 0 0 0 0 0 0 1 0 0 0 0 0 0 0 0 0 0 0 0 0 0 0 0 0 0 0 0 0 0 0 0 0 0 0 0 0 0 0 0 0 0 0 0 0 0]
[533448365515034325858972167364468779102719791743068118464923382339286679236581208952740174840529587880862621803223226306496248202509500475237040565845381602468962697843653183896045617348739485886185703155751107744575720 0 0 0 0 0 0 0 0 0 0 0 0 0 0 0 0 0 0 0 0 0 0 0 0 0 0 0 0 0 0 0 0 0 0 1 0 0 0 0 0 0 0 0 0 0 0 0 0 0 0 0 0 0 0 0 0 0 0 0 0 0 0 0 0 0 0 0 0 0 0 0 0]
[913507353536157574043389904972817865458239057047298606223204424482124874390806702229432520012574972409217209757589040270430928205027026053806021528198031174903373977704478947717351483576287996279143623408375853330243465 0 0 0 0 0 0 0 0 0 0 0 0 0 0 0 0 0 0 0 0 0 0 0 0 0 0 0 0 0 0 0 0 0 0 0 1 0 0 0 0 0 0 0 0 0 0 0 0 0 0 0 0 0 0 0 0 0 0 0 0 0 0 0 0 0 0 0 0 0 0 0 0]
[2822174705984866009597346633579956680234277508336787517731032848870983524676945035880726526718026533104571429856651335235773441900786286662088675805131327202986742624829301532499340915211154636041325372450003599071095134 0 0 0 0 0 0 0 0 0 0 0 0 0 0 0 0 0 0 0 0 0 0 0 0 0 0 0 0 0 0 0 0 0 0 0 0 1 0 0 0 0 0 0 0 0 0 0 0 0 0 0 0 0 0 0 0 0 0 0 0 0 0 0 0 0 0 0 0 0 0 0 0]
[330314923698548019705301124283526412403434725675928294903585401276486548246681023149313141962303770101165093430612125064417846376387787434994043559022412818603062708423789843639896149512965316109984045383331940865468936 0 0 0 0 0 0 0 0 0 0 0 0 0 0 0 0 0 0 0 0 0 0 0 0 0 0 0 0 0 0 0 0 0 0 0 0 0 1 0 0 0 0 0 0 0 0 0 0 0 0 0 0 0 0 0 0 0 0 0 0 0 0 0 0 0 0 0 0 0 0 0 0]
[1090219508126105556714994133297288696796309249804972400243856183705972223555228761017834134767176535465624598838909845276252897470514932235844797271381557350587410443142846364303663895803591252861100872161243375545624010 0 0 0 0 0 0 0 0 0 0 0 0 0 0 0 0 0 0 0 0 0 0 0 0 0 0 0 0 0 0 0 0 0 0 0 0 0 0 1 0 0 0 0 0 0 0 0 0 0 0 0 0 0 0 0 0 0 0 0 0 0 0 0 0 0 0 0 0 0 0 0 0]
[1164011456766977973481448532074699534876889284601132146118432717498420914099267603423024326737342761128942694347159483430290605832804181937291792305887081159509667379500306773849405621848716611251826742284232791107053683 0 0 0 0 0 0 0 0 0 0 0 0 0 0 0 0 0 0 0 0 0 0 0 0 0 0 0 0 0 0 0 0 0 0 0 0 0 0 0 1 0 0 0 0 0 0 0 0 0 0 0 0 0 0 0 0 0 0 0 0 0 0 0 0 0 0 0 0 0 0 0 0]
[455105802907796740582165603519720521268952827404269293066680322400072955230546798654476134658748595548966751808281234863119141275142932678594254209770758243273482920787137728090752568579048090768977226504962672510470352 0 0 0 0 0 0 0 0 0 0 0 0 0 0 0 0 0 0 0 0 0 0 0 0 0 0 0 0 0 0 0 0 0 0 0 0 0 0 0 0 1 0 0 0 0 0 0 0 0 0 0 0 0 0 0 0 0 0 0 0 0 0 0 0 0 0 0 0 0 0 0 0]
[1452768944642600634172155702424741568406048378604416015080978272178467894423275849177460525567906240531168021900043021039535668984593487528890242727969187949945029077285280222364965727071050665267161743161734020457203482 0 0 0 0 0 0 0 0 0 0 0 0 0 0 0 0 0 0 0 0 0 0 0 0 0 0 0 0 0 0 0 0 0 0 0 0 0 0 0 0 0 1 0 0 0 0 0 0 0 0 0 0 0 0 0 0 0 0 0 0 0 0 0 0 0 0 0 0 0 0 0 0]
[1016359894669997994290067401813845372028358162733423440575996724593753683367956221929220166555972838511828255575465468150172437833842150334130641591364146784348375194716737606864271933604244505875799690047820560223585166 0 0 0 0 0 0 0 0 0 0 0 0 0 0 0 0 0 0 0 0 0 0 0 0 0 0 0 0 0 0 0 0 0 0 0 0 0 0 0 0 0 0 1 0 0 0 0 0 0 0 0 0 0 0 0 0 0 0 0 0 0 0 0 0 0 0 0 0 0 0 0 0]
[2794357763461966629428477472015497407380980411588652604986171751901496968819566028619521958551085463017844898313652188586947221707716593939999008962037922355308728049129744614326986382845058265595321391267649899125193189 0 0 0 0 0 0 0 0 0 0 0 0 0 0 0 0 0 0 0 0 0 0 0 0 0 0 0 0 0 0 0 0 0 0 0 0 0 0 0 0 0 0 0 1 0 0 0 0 0 0 0 0 0 0 0 0 0 0 0 0 0 0 0 0 0 0 0 0 0 0 0 0]
[2647828312442937795078739482519409554828260421723877467748259003505861421281274048238701504965512066426945324630271266872939705965263099514291874518183355458890729913646870237785223147244612162555333241211606704504013596 0 0 0 0 0 0 0 0 0 0 0 0 0 0 0 0 0 0 0 0 0 0 0 0 0 0 0 0 0 0 0 0 0 0 0 0 0 0 0 0 0 0 0 0 1 0 0 0 0 0 0 0 0 0 0 0 0 0 0 0 0 0 0 0 0 0 0 0 0 0 0 0]
[502724677841523378464933963556586260802298002668286622549344801951396578789853323657239648218818885085251090672206023328882829633747572563009069423235536690954528986828207552016815082797105049106431866796255819408237530 0 0 0 0 0 0 0 0 0 0 0 0 0 0 0 0 0 0 0 0 0 0 0 0 0 0 0 0 0 0 0 0 0 0 0 0 0 0 0 0 0 0 0 0 0 1 0 0 0 0 0 0 0 0 0 0 0 0 0 0 0 0 0 0 0 0 0 0 0 0 0 0]
[1359822045336833478427767320261795159773193359509916302061122537888391127114224465041279624868180763350632273197593821782656540879853903626654997196403107504562212051854533813103014081843561733002102883553464285382521975 0 0 0 0 0 0 0 0 0 0 0 0 0 0 0 0 0 0 0 0 0 0 0 0 0 0 0 0 0 0 0 0 0 0 0 0 0 0 0 0 0 0 0 0 0 0 1 0 0 0 0 0 0 0 0 0 0 0 0 0 0 0 0 0 0 0 0 0 0 0 0 0]
[627241146250645890820182415794680245826679174774346936848754415741044865486966962443166692344885330109811593899409866477398072519438654901168780290451606283881946130361230432070118370231299908306696485076843402678973973 0 0 0 0 0 0 0 0 0 0 0 0 0 0 0 0 0 0 0 0 0 0 0 0 0 0 0 0 0 0 0 0 0 0 0 0 0 0 0 0 0 0 0 0 0 0 0 1 0 0 0 0 0 0 0 0 0 0 0 0 0 0 0 0 0 0 0 0 0 0 0 0]
[1090006733754027972781700806553202056107052772444690650090495231818018882278291299743066920410436913450489404915592122378894130808778935734402966979466759991500498351568258691315871053410615051421521648048165328688777938 0 0 0 0 0 0 0 0 0 0 0 0 0 0 0 0 0 0 0 0 0 0 0 0 0 0 0 0 0 0 0 0 0 0 0 0 0 0 0 0 0 0 0 0 0 0 0 0 1 0 0 0 0 0 0 0 0 0 0 0 0 0 0 0 0 0 0 0 0 0 0 0]
[2015763456632889136106719823126239022807111392204323169530295166878597541765571411752158205010739669243493291992551407405240391669712198499578475201506994618566220198229866879168667870222741029609581951852516328884464150 0 0 0 0 0 0 0 0 0 0 0 0 0 0 0 0 0 0 0 0 0 0 0 0 0 0 0 0 0 0 0 0 0 0 0 0 0 0 0 0 0 0 0 0 0 0 0 0 0 1 0 0 0 0 0 0 0 0 0 0 0 0 0 0 0 0 0 0 0 0 0 0]
[1520436844232446278513877341718435182950028476448115509101778991766843990665689683791222322492972560048992033801591356271550951588204571025841518003689549977188404437458831087450736460599381349377084609961343238012206278 0 0 0 0 0 0 0 0 0 0 0 0 0 0 0 0 0 0 0 0 0 0 0 0 0 0 0 0 0 0 0 0 0 0 0 0 0 0 0 0 0 0 0 0 0 0 0 0 0 0 1 0 0 0 0 0 0 0 0 0 0 0 0 0 0 0 0 0 0 0 0 0]
[224742310268071723893058247160716935781856379172729360271925728618159030581111283031519859724677499977495090004752830015195487093818563240757234157908704023103220357693391419132932930770536644970764431099515903622602386 0 0 0 0 0 0 0 0 0 0 0 0 0 0 0 0 0 0 0 0 0 0 0 0 0 0 0 0 0 0 0 0 0 0 0 0 0 0 0 0 0 0 0 0 0 0 0 0 0 0 0 1 0 0 0 0 0 0 0 0 0 0 0 0 0 0 0 0 0 0 0 0]
[350271549548332300035336757081011328903258637365140873310406866456844275079662352870215277402570394251367935440938572823170585891984159047555375155557991020487094147290077121466503062288796266300140411757900827573000093 0 0 0 0 0 0 0 0 0 0 0 0 0 0 0 0 0 0 0 0 0 0 0 0 0 0 0 0 0 0 0 0 0 0 0 0 0 0 0 0 0 0 0 0 0 0 0 0 0 0 0 0 1 0 0 0 0 0 0 0 0 0 0 0 0 0 0 0 0 0 0 0]
[1572879666235530393629471992056107643166758320250664196132348135193609327627315497301726273707679369580784507403970064959410008280958510219904230655732411946166684896589468094822312202108057469618707643547125480009275447 0 0 0 0 0 0 0 0 0 0 0 0 0 0 0 0 0 0 0 0 0 0 0 0 0 0 0 0 0 0 0 0 0 0 0 0 0 0 0 0 0 0 0 0 0 0 0 0 0 0 0 0 0 1 0 0 0 0 0 0 0 0 0 0 0 0 0 0 0 0 0 0]
[2203169557479768514176698439628803608514957496169803574293304201719160899533123162727504065236142716906225370314572139942014965649100414964740956027230696982976425673033573307311922990344000946443860546426848948251199256 0 0 0 0 0 0 0 0 0 0 0 0 0 0 0 0 0 0 0 0 0 0 0 0 0 0 0 0 0 0 0 0 0 0 0 0 0 0 0 0 0 0 0 0 0 0 0 0 0 0 0 0 0 0 1 0 0 0 0 0 0 0 0 0 0 0 0 0 0 0 0 0]
[861624652627839810924712960900416539904805701230924779374083062059237699635479984560483865440805131887688491470082971772179244000570501906850780575681571450374720126911343743582005823427998230841383001826833339544640227 0 0 0 0 0 0 0 0 0 0 0 0 0 0 0 0 0 0 0 0 0 0 0 0 0 0 0 0 0 0 0 0 0 0 0 0 0 0 0 0 0 0 0 0 0 0 0 0 0 0 0 0 0 0 0 1 0 0 0 0 0 0 0 0 0 0 0 0 0 0 0 0]
[2849037455654370000469554530114949920656177242951670579149094373937637364148785749775825404759749971705428509574716370128996704527238335312626835249993790390857699051815685701926600035615043961850844875187159227331160688 0 0 0 0 0 0 0 0 0 0 0 0 0 0 0 0 0 0 0 0 0 0 0 0 0 0 0 0 0 0 0 0 0 0 0 0 0 0 0 0 0 0 0 0 0 0 0 0 0 0 0 0 0 0 0 0 1 0 0 0 0 0 0 0 0 0 0 0 0 0 0 0]
[945697760232516650083374106154362142319684036473404233342413615386251237195343076710536667124782824509014608575452372225068653937051116337060483695928827325708091087290520805239971804989796717001927214969380190623035609 0 0 0 0 0 0 0 0 0 0 0 0 0 0 0 0 0 0 0 0 0 0 0 0 0 0 0 0 0 0 0 0 0 0 0 0 0 0 0 0 0 0 0 0 0 0 0 0 0 0 0 0 0 0 0 0 0 1 0 0 0 0 0 0 0 0 0 0 0 0 0 0]
[1810145723160745061476061562531737212707542634953245607801301139608632696403472360627357797056436923571491853299694838338183981865947282921190470851174112687474716705019788398233744348417574422802031464471614691922535307 0 0 0 0 0 0 0 0 0 0 0 0 0 0 0 0 0 0 0 0 0 0 0 0 0 0 0 0 0 0 0 0 0 0 0 0 0 0 0 0 0 0 0 0 0 0 0 0 0 0 0 0 0 0 0 0 0 0 1 0 0 0 0 0 0 0 0 0 0 0 0 0]
[3116986833220110784716904653130927166379444030197461890341315351193219621452895405903110403731610498073761310284642330697391231513280080795425203879398141519565080429760331476439400558018036857658327896241203171332597266 0 0 0 0 0 0 0 0 0 0 0 0 0 0 0 0 0 0 0 0 0 0 0 0 0 0 0 0 0 0 0 0 0 0 0 0 0 0 0 0 0 0 0 0 0 0 0 0 0 0 0 0 0 0 0 0 0 0 0 1 0 0 0 0 0 0 0 0 0 0 0 0]
[1804253750752505330345625064779131653285621251140441021003868409814639423132842474469779360299097237136605437361425117361949327892952892700354510834626782185201993522731158199179608803974934466369857090662129385454306982 0 0 0 0 0 0 0 0 0 0 0 0 0 0 0 0 0 0 0 0 0 0 0 0 0 0 0 0 0 0 0 0 0 0 0 0 0 0 0 0 0 0 0 0 0 0 0 0 0 0 0 0 0 0 0 0 0 0 0 0 1 0 0 0 0 0 0 0 0 0 0 0]
[218625838761440555177526953368595407124375713300107553506551618615167938720767609902014906603549755706345530371601131939571268685032322625147123431391590836095826488161655349084607359616672474150570954191770983253045077 0 0 0 0 0 0 0 0 0 0 0 0 0 0 0 0 0 0 0 0 0 0 0 0 0 0 0 0 0 0 0 0 0 0 0 0 0 0 0 0 0 0 0 0 0 0 0 0 0 0 0 0 0 0 0 0 0 0 0 0 0 1 0 0 0 0 0 0 0 0 0 0]
[2985868317040480714420558778192545867756624902197540866074939469096943347112873145384474964871215231802409648284775526597437387940232600861946957972624136983992375137309786686600005310104917484925491621639692358109169860 0 0 0 0 0 0 0 0 0 0 0 0 0 0 0 0 0 0 0 0 0 0 0 0 0 0 0 0 0 0 0 0 0 0 0 0 0 0 0 0 0 0 0 0 0 0 0 0 0 0 0 0 0 0 0 0 0 0 0 0 0 0 1 0 0 0 0 0 0 0 0 0]
[252255144847188006568899836675997132775961532336615092896298761102009175312746284174481194473667665859827687503996406871773102727793266908084025450743250761528123771106899618481366099346718751127466787833095585528560970 0 0 0 0 0 0 0 0 0 0 0 0 0 0 0 0 0 0 0 0 0 0 0 0 0 0 0 0 0 0 0 0 0 0 0 0 0 0 0 0 0 0 0 0 0 0 0 0 0 0 0 0 0 0 0 0 0 0 0 0 0 0 0 1 0 0 0 0 0 0 0 0]
[596285227802932022513656454320743186804542121139274279676168217795784357365091192513352586538064617561023573847820980230555396084801016295166950732289522338979027088973074574773150241679892206270847273768712627508413198 0 0 0 0 0 0 0 0 0 0 0 0 0 0 0 0 0 0 0 0 0 0 0 0 0 0 0 0 0 0 0 0 0 0 0 0 0 0 0 0 0 0 0 0 0 0 0 0 0 0 0 0 0 0 0 0 0 0 0 0 0 0 0 0 1 0 0 0 0 0 0 0]
[1825412354059626759290686230494819473411229889893896393996396991747848034408737562475112132474387257448839317481479791195407992829806205753208416792805386449167564261134814714986628870840780204910669288912681331815054839 0 0 0 0 0 0 0 0 0 0 0 0 0 0 0 0 0 0 0 0 0 0 0 0 0 0 0 0 0 0 0 0 0 0 0 0 0 0 0 0 0 0 0 0 0 0 0 0 0 0 0 0 0 0 0 0 0 0 0 0 0 0 0 0 0 1 0 0 0 0 0 0]
[1180723275687188401399566131284872963815789238812851686028540423661246951120902882553222127215761679158104746984236711449310421271212809420632719970449161899793655673445684304271517190885889242720783989281822117200756881 0 0 0 0 0 0 0 0 0 0 0 0 0 0 0 0 0 0 0 0 0 0 0 0 0 0 0 0 0 0 0 0 0 0 0 0 0 0 0 0 0 0 0 0 0 0 0 0 0 0 0 0 0 0 0 0 0 0 0 0 0 0 0 0 0 0 1 0 0 0 0 0]
[1243219741479225694713861616743889843329560730046974440987454962581234543591384311472904494833389156838677306309163159902098940166706425010068344428878161863536023906068136766105243274541947247864351620888271628245807150 0 0 0 0 0 0 0 0 0 0 0 0 0 0 0 0 0 0 0 0 0 0 0 0 0 0 0 0 0 0 0 0 0 0 0 0 0 0 0 0 0 0 0 0 0 0 0 0 0 0 0 0 0 0 0 0 0 0 0 0 0 0 0 0 0 0 0 1 0 0 0 0]
[768028115761450425225973559366980605662518168893170436374396103465696472275392699874724349494475548824188592671913319564905332402672315990472066175194929656582162548055973786585752023615665538085903364534092896766863043 0 0 0 0 0 0 0 0 0 0 0 0 0 0 0 0 0 0 0 0 0 0 0 0 0 0 0 0 0 0 0 0 0 0 0 0 0 0 0 0 0 0 0 0 0 0 0 0 0 0 0 0 0 0 0 0 0 0 0 0 0 0 0 0 0 0 0 0 1 0 0 0]
[700037723904707508384692413964761088554112346921055687038398250816438736197981747410131836379715715855997921715591495612032371321630402934272959386327709963368315222678229134261800311714981907277318725501527281667225774 0 0 0 0 0 0 0 0 0 0 0 0 0 0 0 0 0 0 0 0 0 0 0 0 0 0 0 0 0 0 0 0 0 0 0 0 0 0 0 0 0 0 0 0 0 0 0 0 0 0 0 0 0 0 0 0 0 0 0 0 0 0 0 0 0 0 0 0 0 1 0 0]
[2974205901590768857417278840044640283666763397498639777717985056614881904426942411523546495614995116605497165995621776686249661713037515095064298980744420036589168271664573676206171241234241634604393176097482447002950026 0 0 0 0 0 0 0 0 0 0 0 0 0 0 0 0 0 0 0 0 0 0 0 0 0 0 0 0 0 0 0 0 0 0 0 0 0 0 0 0 0 0 0 0 0 0 0 0 0 0 0 0 0 0 0 0 0 0 0 0 0 0 0 0 0 0 0 0 0 0 1 0]
[1300717474789667682089738216098795984225728805433452624803959906651999545356298075278361494015826333294949698597165805441042426884328698743681614747406288509081227918349907204617568414383350787059155140443781478208258798 0 0 0 0 0 0 0 0 0 0 0 0 0 0 0 0 0 0 0 0 0 0 0 0 0 0 0 0 0 0 0 0 0 0 0 0 0 0 0 0 0 0 0 0 0 0 0 0 0 0 0 0 0 0 0 0 0 0 0 0 0 0 0 0 0 0 0 0 0 0 0 1]
]
