[[727265063996835217634132793269333 0 0 0 0 0 0 0 0 0 0]
[59252996193210801849411720276037 1 0 0 0 0 0 0 0 0 0]
[228831770666584243620048028867151 0 1 0 0 0 0 0 0 0 0]
[134270001351480364984743950464505 0 0 1 0 0 0 0 0 0 0]
[94469255787141841329656310199646 0 0 0 1 0 0 0 0 0 0]
[680831998350860696973390643711002 0 0 0 0 1 0 0 0 0 0]
[642025497902723754355658986002026 0 0 0 0 0 1 0 0 0 0]
[81710088049911664306319812356610 0 0 0 0 0 0 1 0 0 0]
[200794967148210430908880654364191 0 0 0 0 0 0 0 1 0 0]
[724979461653937959748032780812541 0 0 0 0 0 0 0 0 1 0]
[689836545638246972377251977941274 0 0 0 0 0 0 0 0 0 1]
]
