[[1273641976124844821510850441330931 0 0 0 0 0 0 0 0 0 0]
[830440873200738974651672452809587 1 0 0 0 0 0 0 0 0 0]
[96158674851228021731668678889724 0 1 0 0 0 0 0 0 0 0]
[399798151169460153614172631034143 0 0 1 0 0 0 0 0 0 0]
[463918478110840427505149219739049 0 0 0 1 0 0 0 0 0 0]
[1048973805304950904532802517054682 0 0 0 0 1 0 0 0 0 0]
[318945876003449499930485694386576 0 0 0 0 0 1 0 0 0 0]
[1120661295299018161606683345589300 0 0 0 0 0 0 1 0 0 0]
[607037416468540069767210474166721 0 0 0 0 0 0 0 1 0 0]
[345614905411476585654697620964250 0 0 0 0 0 0 0 0 1 0]
[471967184207212414488114873923019 0 0 0 0 0 0 0 0 0 1]
]
