[[707281634046215710976406810052637 0 0 0 0 0 0 0 0 0 0]
[322980804871235924957876053778605 1 0 0 0 0 0 0 0 0 0]
[688622306306944381346041002040865 0 1 0 0 0 0 0 0 0 0]
[451628336592240707882159536430985 0 0 1 0 0 0 0 0 0 0]
[250726724151817104330974600199917 0 0 0 1 0 0 0 0 0 0]
[592157248683081783480011615104480 0 0 0 0 1 0 0 0 0 0]
[164889441592006343300145020017450 0 0 0 0 0 1 0 0 0 0]
[109696367507424340680828722376257 0 0 0 0 0 0 1 0 0 0]
[65738345568197816877890180402433 0 0 0 0 0 0 0 1 0 0]
[351382855380490425715012103960497 0 0 0 0 0 0 0 0 1 0]
[288417822567312774151294283148762 0 0 0 0 0 0 0 0 0 1]
]
