[[10465638514754496390705477468302965213326755114685361338804233142666276706057292265192370420194406452727360714817884874615442851951293256653956883416347277495610359250224856651985599719895075028928930887085352533010936634133998182787248439089747129297475748393770678129815072941395339973732574101249986012117632939163403146188055622988181 0 0 0 0 0 0 0 0 0 0 0 0 0 0 0 0 0 0 0 0 0 0 0 0 0 0 0 0 0 0 0 0 0 0 0 0 0 0 0 0 0 0 0 0 0 0 0 0 0 0 0 0 0 0 0 0 0 0 0 0 0 0 0 0 0 0 0 0 0 0 0 0 0 0 0 0 0 0 0 0 0 0 0 0 0 0 0 0 0 0 0 0 0 0 0 0 0 0 0 0 0 0 0 0 0 0 0 0 0 0 0]
[6587619206485291105889464427958060163574263716621858797490707185814271067532135649273765535198375628307255313566033128473756281620115809333633888572037576083981239220063488743755725085801861841080032025339446047942973616195840529604287757008698697683840534309005481021573188653129933886182096273687730621120395404898299620398855499158030 1 0 0 0 0 0 0 0 0 0 0 0 0 0 0 0 0 0 0 0 0 0 0 0 0 0 0 0 0 0 0 0 0 0 0 0 0 0 0 0 0 0 0 0 0 0 0 0 0 0 0 0 0 0 0 0 0 0 0 0 0 0 0 0 0 0 0 0 0 0 0 0 0 0 0 0 0 0 0 0 0 0 0 0 0 0 0 0 0 0 0 0 0 0 0 0 0 0 0 0 0 0 0 0 0 0 0 0 0 0 0]
[501410273226349414666597042881816922262279064081746269396766215906619151049439452877586767224555342590851799376388033504364317914592882341312025241073000094068860209331992883049657235332895419328530818749243753217459480502966133597587484571970855332656107151139395047681618288906636087547826767436048288927769681302395411907460419212515 0 1 0 0 0 0 0 0 0 0 0 0 0 0 0 0 0 0 0 0 0 0 0 0 0 0 0 0 0 0 0 0 0 0 0 0 0 0 0 0 0 0 0 0 0 0 0 0 0 0 0 0 0 0 0 0 0 0 0 0 0 0 0 0 0 0 0 0 0 0 0 0 0 0 0 0 0 0 0 0 0 0 0 0 0 0 0 0 0 0 0 0 0 0 0 0 0 0 0 0 0 0 0 0 0 0 0 0 0 0 0]
[1147338885815105805045985650847287199789556459469086063335757141412132813788839175662783841479748454165800080559372643202200571437841771468180660857992026534690075076845515358295826275755310516118857203845392369970438197997703859890589205397359712053964948779011044717036341497054683081537218244642509579197676520945011365271806763241278 0 0 1 0 0 0 0 0 0 0 0 0 0 0 0 0 0 0 0 0 0 0 0 0 0 0 0 0 0 0 0 0 0 0 0 0 0 0 0 0 0 0 0 0 0 0 0 0 0 0 0 0 0 0 0 0 0 0 0 0 0 0 0 0 0 0 0 0 0 0 0 0 0 0 0 0 0 0 0 0 0 0 0 0 0 0 0 0 0 0 0 0 0 0 0 0 0 0 0 0 0 0 0 0 0 0 0 0 0 0 0]
[4150902171500952107231465841366622172411094099132298504737628259463863741187633946399567725812557190713606759345429584023011991501834494707746079325370249642654335486501047630814839379251464477731644831261703554014829309975414456530431811738422037250855735815161123972962783055335595851961324628438102364965060518710250947597743343583068 0 0 0 1 0 0 0 0 0 0 0 0 0 0 0 0 0 0 0 0 0 0 0 0 0 0 0 0 0 0 0 0 0 0 0 0 0 0 0 0 0 0 0 0 0 0 0 0 0 0 0 0 0 0 0 0 0 0 0 0 0 0 0 0 0 0 0 0 0 0 0 0 0 0 0 0 0 0 0 0 0 0 0 0 0 0 0 0 0 0 0 0 0 0 0 0 0 0 0 0 0 0 0 0 0 0 0 0 0 0 0]
[1034661938962813242450635140499844138343424414782130587168991690577046124486438272194228306987612447803355982588414392386788354892046883639481422970157349949920835973913110837878458823031964276346277074715008503828778558456283730830162100355797307186951489902412932288319184432045736324116301369829911600803294206196778785434427067976062 0 0 0 0 1 0 0 0 0 0 0 0 0 0 0 0 0 0 0 0 0 0 0 0 0 0 0 0 0 0 0 0 0 0 0 0 0 0 0 0 0 0 0 0 0 0 0 0 0 0 0 0 0 0 0 0 0 0 0 0 0 0 0 0 0 0 0 0 0 0 0 0 0 0 0 0 0 0 0 0 0 0 0 0 0 0 0 0 0 0 0 0 0 0 0 0 0 0 0 0 0 0 0 0 0 0 0 0 0 0 0]
[7369110072296576513266201811788375520269484419452356694378253616999695396435622729146022982385092043195967450757426684265412686244475829595190484198669469614392967793043427122886376813389247163829661520656802331647890685094191479203478750127745264577631133055209727059927999460807860672463991102986784119154527002036822318644151361643574 0 0 0 0 0 1 0 0 0 0 0 0 0 0 0 0 0 0 0 0 0 0 0 0 0 0 0 0 0 0 0 0 0 0 0 0 0 0 0 0 0 0 0 0 0 0 0 0 0 0 0 0 0 0 0 0 0 0 0 0 0 0 0 0 0 0 0 0 0 0 0 0 0 0 0 0 0 0 0 0 0 0 0 0 0 0 0 0 0 0 0 0 0 0 0 0 0 0 0 0 0 0 0 0 0 0 0 0 0 0 0]
[687407065227802948292032760205825318013398728458702561457647349317696204009747779316565748852324662661080919976310385063835617688510894083350837298088289388629973158335230771738651105988157776785399550861990001865854525790073570057591893628125057258343925939350765605329572224162281616694138270804956399967549624653446835152930644919879 0 0 0 0 0 0 1 0 0 0 0 0 0 0 0 0 0 0 0 0 0 0 0 0 0 0 0 0 0 0 0 0 0 0 0 0 0 0 0 0 0 0 0 0 0 0 0 0 0 0 0 0 0 0 0 0 0 0 0 0 0 0 0 0 0 0 0 0 0 0 0 0 0 0 0 0 0 0 0 0 0 0 0 0 0 0 0 0 0 0 0 0 0 0 0 0 0 0 0 0 0 0 0 0 0 0 0 0 0 0 0]
[673311729747952973011181342941864758569753285066081817403461860211904847550855181812868514078194553278878879362317848737085900983516156503401902365774251706168935022927435482549660263275141972049221569161588789476120419797921882786213240818892881363188321280863998664851300092846093844083174330637463773173956931517388072809738246696384 0 0 0 0 0 0 0 1 0 0 0 0 0 0 0 0 0 0 0 0 0 0 0 0 0 0 0 0 0 0 0 0 0 0 0 0 0 0 0 0 0 0 0 0 0 0 0 0 0 0 0 0 0 0 0 0 0 0 0 0 0 0 0 0 0 0 0 0 0 0 0 0 0 0 0 0 0 0 0 0 0 0 0 0 0 0 0 0 0 0 0 0 0 0 0 0 0 0 0 0 0 0 0 0 0 0 0 0 0 0 0]
[10346150105754754591065830688584805039215936805402405793975826774256938008287439299112445854493998789246828966647417662127994559039677294240738761906458391131616029660649831277947907631135248802030345279141472724290551133128111987246283392285684236660364847551675996602176011490942163936725916718077926393382175907330240647625889964149174 0 0 0 0 0 0 0 0 1 0 0 0 0 0 0 0 0 0 0 0 0 0 0 0 0 0 0 0 0 0 0 0 0 0 0 0 0 0 0 0 0 0 0 0 0 0 0 0 0 0 0 0 0 0 0 0 0 0 0 0 0 0 0 0 0 0 0 0 0 0 0 0 0 0 0 0 0 0 0 0 0 0 0 0 0 0 0 0 0 0 0 0 0 0 0 0 0 0 0 0 0 0 0 0 0 0 0 0 0 0 0]
[5674368540984763769710720977331981360753003581625321807526346554506020555400539085074345370432457353232246701263019197537645969041326554809914569029612851228458531584974805135674978529779984753557618782266736240267340601835475507107972799858631158827336862350036788549349423882664428337768083868598172574939327695342632921866305589800428 0 0 0 0 0 0 0 0 0 1 0 0 0 0 0 0 0 0 0 0 0 0 0 0 0 0 0 0 0 0 0 0 0 0 0 0 0 0 0 0 0 0 0 0 0 0 0 0 0 0 0 0 0 0 0 0 0 0 0 0 0 0 0 0 0 0 0 0 0 0 0 0 0 0 0 0 0 0 0 0 0 0 0 0 0 0 0 0 0 0 0 0 0 0 0 0 0 0 0 0 0 0 0 0 0 0 0 0 0 0 0]
[10235454983922822199054361179870418128924504366103393245206800488769836019221998822468925844068073157931292870238263218319498818779127361078631462311039091334299848279257127023324565454540480130464962993488042921107678947906233845580529520170754707577997337955474664212986627527224558697032594740788639412603382915442653323821788829092402 0 0 0 0 0 0 0 0 0 0 1 0 0 0 0 0 0 0 0 0 0 0 0 0 0 0 0 0 0 0 0 0 0 0 0 0 0 0 0 0 0 0 0 0 0 0 0 0 0 0 0 0 0 0 0 0 0 0 0 0 0 0 0 0 0 0 0 0 0 0 0 0 0 0 0 0 0 0 0 0 0 0 0 0 0 0 0 0 0 0 0 0 0 0 0 0 0 0 0 0 0 0 0 0 0 0 0 0 0 0 0]
[4095510469542608898048130248624343156064786772594178631456983418267787286029736331593592336733416327990256916889681818524827275440922498644940664873715450363307833900699880445519283206693150097559742496578674446090157577126094454995320617138232933016698486623268126390335752373410060812314126423249379131293927395399062271076207273926664 0 0 0 0 0 0 0 0 0 0 0 1 0 0 0 0 0 0 0 0 0 0 0 0 0 0 0 0 0 0 0 0 0 0 0 0 0 0 0 0 0 0 0 0 0 0 0 0 0 0 0 0 0 0 0 0 0 0 0 0 0 0 0 0 0 0 0 0 0 0 0 0 0 0 0 0 0 0 0 0 0 0 0 0 0 0 0 0 0 0 0 0 0 0 0 0 0 0 0 0 0 0 0 0 0 0 0 0 0 0 0]
[1379207567722966951684798179835044536457955790321865691267933089941204661029655325726698936493275037442249455990520325589437832136686116091918230387878463238729519713230933603704383877442133320127994452893942692234846604016923069032050897756818105094339290924179877959902768556344249727539955720531478430978529130631108781581186950009820 0 0 0 0 0 0 0 0 0 0 0 0 1 0 0 0 0 0 0 0 0 0 0 0 0 0 0 0 0 0 0 0 0 0 0 0 0 0 0 0 0 0 0 0 0 0 0 0 0 0 0 0 0 0 0 0 0 0 0 0 0 0 0 0 0 0 0 0 0 0 0 0 0 0 0 0 0 0 0 0 0 0 0 0 0 0 0 0 0 0 0 0 0 0 0 0 0 0 0 0 0 0 0 0 0 0 0 0 0 0 0]
[1432352954182200360889978587877848821429482140530228881883547651175174431343033588154704172092088589212460246487757954530615279115591394110792278236504570704765019716289407944455075978412858344962158465548436935826615368339692496674312615241419423643148021288054180900966489056533222097249059742396537393182162956665989905455184120577828 0 0 0 0 0 0 0 0 0 0 0 0 0 1 0 0 0 0 0 0 0 0 0 0 0 0 0 0 0 0 0 0 0 0 0 0 0 0 0 0 0 0 0 0 0 0 0 0 0 0 0 0 0 0 0 0 0 0 0 0 0 0 0 0 0 0 0 0 0 0 0 0 0 0 0 0 0 0 0 0 0 0 0 0 0 0 0 0 0 0 0 0 0 0 0 0 0 0 0 0 0 0 0 0 0 0 0 0 0 0 0]
[7875405006272474944012565493786471041656075721582444036906412818161872348102573622389796610534884871682761832727622573228368407375752168118916830982410384149713718948009769909136409101476709193758994445220715086067548823701020701830014569322682303509169242308547737494678532665678634560803993004053538974777636865605105509291863250593495 0 0 0 0 0 0 0 0 0 0 0 0 0 0 1 0 0 0 0 0 0 0 0 0 0 0 0 0 0 0 0 0 0 0 0 0 0 0 0 0 0 0 0 0 0 0 0 0 0 0 0 0 0 0 0 0 0 0 0 0 0 0 0 0 0 0 0 0 0 0 0 0 0 0 0 0 0 0 0 0 0 0 0 0 0 0 0 0 0 0 0 0 0 0 0 0 0 0 0 0 0 0 0 0 0 0 0 0 0 0 0]
[8149826109526938188842016256579311635956282674212004204511171338727683215832316461119292645638955302734425202584002306535585096267636485359235373526391416195640806975722146966525985735429011851961276832318167118448232742343542008330194627346165515559028263144720728185446423757700580243105627432566011919888870200628065312382384516477894 0 0 0 0 0 0 0 0 0 0 0 0 0 0 0 1 0 0 0 0 0 0 0 0 0 0 0 0 0 0 0 0 0 0 0 0 0 0 0 0 0 0 0 0 0 0 0 0 0 0 0 0 0 0 0 0 0 0 0 0 0 0 0 0 0 0 0 0 0 0 0 0 0 0 0 0 0 0 0 0 0 0 0 0 0 0 0 0 0 0 0 0 0 0 0 0 0 0 0 0 0 0 0 0 0 0 0 0 0 0 0]
[3711277062710970833839772112920892341672060338933470295330590621611577696709950262699352182675182245015056655233703821895128801893317367093710432462825419474727370719491080403180760052517462270827488915205145080328847943898994601748126341233190158980214981237987263673997548463877028818185703496666597903092103179164688901497561504387155 0 0 0 0 0 0 0 0 0 0 0 0 0 0 0 0 1 0 0 0 0 0 0 0 0 0 0 0 0 0 0 0 0 0 0 0 0 0 0 0 0 0 0 0 0 0 0 0 0 0 0 0 0 0 0 0 0 0 0 0 0 0 0 0 0 0 0 0 0 0 0 0 0 0 0 0 0 0 0 0 0 0 0 0 0 0 0 0 0 0 0 0 0 0 0 0 0 0 0 0 0 0 0 0 0 0 0 0 0 0 0]
[2921416279029354437145165195402953292111415973233818067537509148628350634716398033746554354742847377504569380628661816988005717996717427314833554554544973239152220606866081955422953795590131056117551534823645701649267404579052173812448952792762179484369938235332924845155452063211994220782125452768282696418727720103833410198409895392109 0 0 0 0 0 0 0 0 0 0 0 0 0 0 0 0 0 1 0 0 0 0 0 0 0 0 0 0 0 0 0 0 0 0 0 0 0 0 0 0 0 0 0 0 0 0 0 0 0 0 0 0 0 0 0 0 0 0 0 0 0 0 0 0 0 0 0 0 0 0 0 0 0 0 0 0 0 0 0 0 0 0 0 0 0 0 0 0 0 0 0 0 0 0 0 0 0 0 0 0 0 0 0 0 0 0 0 0 0 0 0]
[8702392816079905372415130275018521610567019441707624437034171262258600867067027350343439041496891301950967414143131426982413086437123136078880696148997945489788760231684104501310800647809906678977812035528519689297849945224143531955365208548787917131160727937535650467078234729235415032471965901821660645922102032591042430250314549870449 0 0 0 0 0 0 0 0 0 0 0 0 0 0 0 0 0 0 1 0 0 0 0 0 0 0 0 0 0 0 0 0 0 0 0 0 0 0 0 0 0 0 0 0 0 0 0 0 0 0 0 0 0 0 0 0 0 0 0 0 0 0 0 0 0 0 0 0 0 0 0 0 0 0 0 0 0 0 0 0 0 0 0 0 0 0 0 0 0 0 0 0 0 0 0 0 0 0 0 0 0 0 0 0 0 0 0 0 0 0 0]
[7727419051972663655855872826686252047485133546603446524687598232546802200493965644940756624688681193502291665642249274892912384870567152469522911051566910670380824308252642608207125034605796214564938013175735630659399826379990911365320967221103035812351262340896510984875239016871521855470495593226941967974267539876541721625377979227061 0 0 0 0 0 0 0 0 0 0 0 0 0 0 0 0 0 0 0 1 0 0 0 0 0 0 0 0 0 0 0 0 0 0 0 0 0 0 0 0 0 0 0 0 0 0 0 0 0 0 0 0 0 0 0 0 0 0 0 0 0 0 0 0 0 0 0 0 0 0 0 0 0 0 0 0 0 0 0 0 0 0 0 0 0 0 0 0 0 0 0 0 0 0 0 0 0 0 0 0 0 0 0 0 0 0 0 0 0 0 0]
[2155689901009486876806241490433247661141982022746807682262755929414064151293536881014279982625087766310361026409666958693401359729473023468309382329122777321621562321174695658341479942080427667405376707669518259283370819362013969224054139509891430425013753429738447136569069115893704593633288750074916231224547105454501553191830652916162 0 0 0 0 0 0 0 0 0 0 0 0 0 0 0 0 0 0 0 0 1 0 0 0 0 0 0 0 0 0 0 0 0 0 0 0 0 0 0 0 0 0 0 0 0 0 0 0 0 0 0 0 0 0 0 0 0 0 0 0 0 0 0 0 0 0 0 0 0 0 0 0 0 0 0 0 0 0 0 0 0 0 0 0 0 0 0 0 0 0 0 0 0 0 0 0 0 0 0 0 0 0 0 0 0 0 0 0 0 0 0]
[5707047457716066373525882202635046940627964884320733235886444177517411368156887202965562208864025353609811969500880142362691603568412824248353435229415574673129878746177682368378105987302617476911976319424470234537626464622565215104651223801751103650231779281404952905132094359276224843662930631098462054020514603706943019209946892677293 0 0 0 0 0 0 0 0 0 0 0 0 0 0 0 0 0 0 0 0 0 1 0 0 0 0 0 0 0 0 0 0 0 0 0 0 0 0 0 0 0 0 0 0 0 0 0 0 0 0 0 0 0 0 0 0 0 0 0 0 0 0 0 0 0 0 0 0 0 0 0 0 0 0 0 0 0 0 0 0 0 0 0 0 0 0 0 0 0 0 0 0 0 0 0 0 0 0 0 0 0 0 0 0 0 0 0 0 0 0 0]
[8467564249179955954151657702336424856878521355922745566197210812794496114988904791090685922925480334802922111025989357828194534166115863685949743213543917964551130583243481274285393935323290220884505220079373437687009538950632064127414310525188459040349279558343527803079678226731208259791351079226990542165023224208522488887039602415980 0 0 0 0 0 0 0 0 0 0 0 0 0 0 0 0 0 0 0 0 0 0 1 0 0 0 0 0 0 0 0 0 0 0 0 0 0 0 0 0 0 0 0 0 0 0 0 0 0 0 0 0 0 0 0 0 0 0 0 0 0 0 0 0 0 0 0 0 0 0 0 0 0 0 0 0 0 0 0 0 0 0 0 0 0 0 0 0 0 0 0 0 0 0 0 0 0 0 0 0 0 0 0 0 0 0 0 0 0 0 0]
[7341593659358211576749946752419626955183959065672586412632837549100928899802290194091830472212110144240368573334001281976331935858618742520959723386920738883109468488591787406108448145237258394606917795613008803364540889326508189614212852626729541114785341943511460242879877233214292985915930147205929455081917700375053248092453290129461 0 0 0 0 0 0 0 0 0 0 0 0 0 0 0 0 0 0 0 0 0 0 0 1 0 0 0 0 0 0 0 0 0 0 0 0 0 0 0 0 0 0 0 0 0 0 0 0 0 0 0 0 0 0 0 0 0 0 0 0 0 0 0 0 0 0 0 0 0 0 0 0 0 0 0 0 0 0 0 0 0 0 0 0 0 0 0 0 0 0 0 0 0 0 0 0 0 0 0 0 0 0 0 0 0 0 0 0 0 0 0]
[9554360054812393512075923501957133776416565684190019396407703731339163911759639364308236777928830062145892122420207468460154580395389691367340559532146214241412693494398462990010788944869921121731748903607066853125399613783223916076344531860253910592227877769189643688666275929392783545958278449278816921574740243742718591689027012704689 0 0 0 0 0 0 0 0 0 0 0 0 0 0 0 0 0 0 0 0 0 0 0 0 1 0 0 0 0 0 0 0 0 0 0 0 0 0 0 0 0 0 0 0 0 0 0 0 0 0 0 0 0 0 0 0 0 0 0 0 0 0 0 0 0 0 0 0 0 0 0 0 0 0 0 0 0 0 0 0 0 0 0 0 0 0 0 0 0 0 0 0 0 0 0 0 0 0 0 0 0 0 0 0 0 0 0 0 0 0 0]
[3519675562309706526453911178565221939832031271362538190649184600891257006647828254061610969227062502893546518347579964907590676200027630522767211685732585002889623319727154807289730159566871865917662959683046288344693365131788468884732470751689902921094419931108133078093652343479932539475271309910463492201892106281562633097097127235720 0 0 0 0 0 0 0 0 0 0 0 0 0 0 0 0 0 0 0 0 0 0 0 0 0 1 0 0 0 0 0 0 0 0 0 0 0 0 0 0 0 0 0 0 0 0 0 0 0 0 0 0 0 0 0 0 0 0 0 0 0 0 0 0 0 0 0 0 0 0 0 0 0 0 0 0 0 0 0 0 0 0 0 0 0 0 0 0 0 0 0 0 0 0 0 0 0 0 0 0 0 0 0 0 0 0 0 0 0 0 0]
[8442199440493035164807696734749938429930680236503285327780598026599112207297498526761870813789573615931506819732808439119960064499080904013884654802174958243706848878689391791994664387799479535015571348106759280301940994151197612486424079049914077232952759216405377324773410273872438048096569093427099522591417653426412276544572471400882 0 0 0 0 0 0 0 0 0 0 0 0 0 0 0 0 0 0 0 0 0 0 0 0 0 0 1 0 0 0 0 0 0 0 0 0 0 0 0 0 0 0 0 0 0 0 0 0 0 0 0 0 0 0 0 0 0 0 0 0 0 0 0 0 0 0 0 0 0 0 0 0 0 0 0 0 0 0 0 0 0 0 0 0 0 0 0 0 0 0 0 0 0 0 0 0 0 0 0 0 0 0 0 0 0 0 0 0 0 0 0]
[7983154178558650220681261510412441168417718334549597311501477404874707439458771968067561181803364140731764344312097862516572611836339586727564569985045869721941335275166978622254155335948382162928025642499768078039527482285759974678067307958018588479761776925008054264873918729580462445700407116416401939949847601533491131394216440339835 0 0 0 0 0 0 0 0 0 0 0 0 0 0 0 0 0 0 0 0 0 0 0 0 0 0 0 1 0 0 0 0 0 0 0 0 0 0 0 0 0 0 0 0 0 0 0 0 0 0 0 0 0 0 0 0 0 0 0 0 0 0 0 0 0 0 0 0 0 0 0 0 0 0 0 0 0 0 0 0 0 0 0 0 0 0 0 0 0 0 0 0 0 0 0 0 0 0 0 0 0 0 0 0 0 0 0 0 0 0 0]
[5069724507998948182009618859130359398238999074308999809588632963220093457193410554207591286577430291182269469072995213411759214619196306803295245308320085928519312892600664198239062573453551780307741186369131678218879150299356025998029540603267143495864255875095550740164800844446093711277994903250667057154283773351444485543501221503293 0 0 0 0 0 0 0 0 0 0 0 0 0 0 0 0 0 0 0 0 0 0 0 0 0 0 0 0 1 0 0 0 0 0 0 0 0 0 0 0 0 0 0 0 0 0 0 0 0 0 0 0 0 0 0 0 0 0 0 0 0 0 0 0 0 0 0 0 0 0 0 0 0 0 0 0 0 0 0 0 0 0 0 0 0 0 0 0 0 0 0 0 0 0 0 0 0 0 0 0 0 0 0 0 0 0 0 0 0 0 0]
[9985172123319501984285663013402600963668264310310319615907774550411980896106000277840085938095256634579678904933190389669389290250050517636181759170842303786838523170963693889648067290885851331817972433156526854791989368359467870186465733323530274023898023407181093478642494455452997318120050767090008206320464130503827053392640015508075 0 0 0 0 0 0 0 0 0 0 0 0 0 0 0 0 0 0 0 0 0 0 0 0 0 0 0 0 0 1 0 0 0 0 0 0 0 0 0 0 0 0 0 0 0 0 0 0 0 0 0 0 0 0 0 0 0 0 0 0 0 0 0 0 0 0 0 0 0 0 0 0 0 0 0 0 0 0 0 0 0 0 0 0 0 0 0 0 0 0 0 0 0 0 0 0 0 0 0 0 0 0 0 0 0 0 0 0 0 0 0]
[17467210045881416553979508854002805828736830587965391616714090510027905671473850948176152123992124061054955207166589089389084738624445886586155603635121528480331862110104907505870714118255116806418795311610183467382974444696226976013669470338495035099575848187900845953133126866706411073497592558867474406783619419900906092398509583929 0 0 0 0 0 0 0 0 0 0 0 0 0 0 0 0 0 0 0 0 0 0 0 0 0 0 0 0 0 0 1 0 0 0 0 0 0 0 0 0 0 0 0 0 0 0 0 0 0 0 0 0 0 0 0 0 0 0 0 0 0 0 0 0 0 0 0 0 0 0 0 0 0 0 0 0 0 0 0 0 0 0 0 0 0 0 0 0 0 0 0 0 0 0 0 0 0 0 0 0 0 0 0 0 0 0 0 0 0 0 0]
[6092985733487283442190868567700026534322062697920335248886025845639437628609430374009038934427857088555543158157293951966969587963915647526160672092308426070918820130417258255566635109790214018674929659056308781223899079262512829570034031218537075424900777742719065522108275051681849071486007674791330474042262560181821219621971348816698 0 0 0 0 0 0 0 0 0 0 0 0 0 0 0 0 0 0 0 0 0 0 0 0 0 0 0 0 0 0 0 1 0 0 0 0 0 0 0 0 0 0 0 0 0 0 0 0 0 0 0 0 0 0 0 0 0 0 0 0 0 0 0 0 0 0 0 0 0 0 0 0 0 0 0 0 0 0 0 0 0 0 0 0 0 0 0 0 0 0 0 0 0 0 0 0 0 0 0 0 0 0 0 0 0 0 0 0 0 0 0]
[7669939873000048903519588354437305491935544184393555485454414169717505815896029454175724556020823258749823225830509244113228110622703044622045847342312627135766445358251102774746723177745017856709443343432184430167744125048322760159523086237445055189236049040745340556603753463763277503346117778132209013537970748873280514766722672517145 0 0 0 0 0 0 0 0 0 0 0 0 0 0 0 0 0 0 0 0 0 0 0 0 0 0 0 0 0 0 0 0 1 0 0 0 0 0 0 0 0 0 0 0 0 0 0 0 0 0 0 0 0 0 0 0 0 0 0 0 0 0 0 0 0 0 0 0 0 0 0 0 0 0 0 0 0 0 0 0 0 0 0 0 0 0 0 0 0 0 0 0 0 0 0 0 0 0 0 0 0 0 0 0 0 0 0 0 0 0 0]
[2987447017415856236130932771663489601532624334709396948958887215984052835273609631794119615673534608215656033049685517986463413791069494169720235652700666534545378733089223819484660049369449419846440113718169256761814517614022269106447445353274958437628831131202165930157990300447745340504984618808247167539229326934884014576291937447706 0 0 0 0 0 0 0 0 0 0 0 0 0 0 0 0 0 0 0 0 0 0 0 0 0 0 0 0 0 0 0 0 0 1 0 0 0 0 0 0 0 0 0 0 0 0 0 0 0 0 0 0 0 0 0 0 0 0 0 0 0 0 0 0 0 0 0 0 0 0 0 0 0 0 0 0 0 0 0 0 0 0 0 0 0 0 0 0 0 0 0 0 0 0 0 0 0 0 0 0 0 0 0 0 0 0 0 0 0 0 0]
[574672868009023531400217653199390209342209037949175729350044526062355866387467662211590801729409494646448207667507837845943833527678702175967058860234130888608243944361398439836282616779620831741285745975198912644628419021921810239298007141241181290634442217281081196213816915748069875875405840566324429992784600332096201493493990675471 0 0 0 0 0 0 0 0 0 0 0 0 0 0 0 0 0 0 0 0 0 0 0 0 0 0 0 0 0 0 0 0 0 0 1 0 0 0 0 0 0 0 0 0 0 0 0 0 0 0 0 0 0 0 0 0 0 0 0 0 0 0 0 0 0 0 0 0 0 0 0 0 0 0 0 0 0 0 0 0 0 0 0 0 0 0 0 0 0 0 0 0 0 0 0 0 0 0 0 0 0 0 0 0 0 0 0 0 0 0 0]
[6588756076597294070310157637583908455960895854255486402808403419853555767495999709389862583139391410190318070568469977136694453640894940592967113116836681937230142436682054223797008254911251679766704115761677120978914044680342332168390827314015928196785422092274674571509245860684148908119716974193739542152874722539182725040474042977161 0 0 0 0 0 0 0 0 0 0 0 0 0 0 0 0 0 0 0 0 0 0 0 0 0 0 0 0 0 0 0 0 0 0 0 1 0 0 0 0 0 0 0 0 0 0 0 0 0 0 0 0 0 0 0 0 0 0 0 0 0 0 0 0 0 0 0 0 0 0 0 0 0 0 0 0 0 0 0 0 0 0 0 0 0 0 0 0 0 0 0 0 0 0 0 0 0 0 0 0 0 0 0 0 0 0 0 0 0 0 0]
[673194831807598097508922679341368925979528770543784660484835992384964857194678779671178418276166965549810705636181534938433797942888897999183630857000601925497294770695322762677275929442181527098312205043627676462438202892132719444311151474137391585957881745775054671351499616853529585094162842184551553139633649452779554825982746823219 0 0 0 0 0 0 0 0 0 0 0 0 0 0 0 0 0 0 0 0 0 0 0 0 0 0 0 0 0 0 0 0 0 0 0 0 1 0 0 0 0 0 0 0 0 0 0 0 0 0 0 0 0 0 0 0 0 0 0 0 0 0 0 0 0 0 0 0 0 0 0 0 0 0 0 0 0 0 0 0 0 0 0 0 0 0 0 0 0 0 0 0 0 0 0 0 0 0 0 0 0 0 0 0 0 0 0 0 0 0 0]
[6111058885559404680105982133056422383717228204008319656521042481467327226303701615269590344384518548700018388129425148002803638562674869975994011622349050503776018670487723983388607343098105951740670128571902131038555438149158948592065902600145807835752724715150140768422430747278394439769438344498360555689689604771353265117116830138867 0 0 0 0 0 0 0 0 0 0 0 0 0 0 0 0 0 0 0 0 0 0 0 0 0 0 0 0 0 0 0 0 0 0 0 0 0 1 0 0 0 0 0 0 0 0 0 0 0 0 0 0 0 0 0 0 0 0 0 0 0 0 0 0 0 0 0 0 0 0 0 0 0 0 0 0 0 0 0 0 0 0 0 0 0 0 0 0 0 0 0 0 0 0 0 0 0 0 0 0 0 0 0 0 0 0 0 0 0 0 0]
[8560320982375165608843761129471614806508576022113044328941780114289986281014357146079743666410533669874738759840601762721372647800002201974875844278555322782419690777719651491164001850996099998535257701063074582845254396445893758517595399131431818889777167920721694709433572387975614569892518600123279904951637544920602288426659235069772 0 0 0 0 0 0 0 0 0 0 0 0 0 0 0 0 0 0 0 0 0 0 0 0 0 0 0 0 0 0 0 0 0 0 0 0 0 0 1 0 0 0 0 0 0 0 0 0 0 0 0 0 0 0 0 0 0 0 0 0 0 0 0 0 0 0 0 0 0 0 0 0 0 0 0 0 0 0 0 0 0 0 0 0 0 0 0 0 0 0 0 0 0 0 0 0 0 0 0 0 0 0 0 0 0 0 0 0 0 0 0]
[6741348983004271434778942100322567536877842363174763550393889150117747795129180058107919278911654399224981933742653775939486924466484089328260636277182880020033241258029290090502900365275736742296562839083986392087486565445161789587937011017591237799130856506132154562586203577890660707183315337059076255002877175024958292670816283772951 0 0 0 0 0 0 0 0 0 0 0 0 0 0 0 0 0 0 0 0 0 0 0 0 0 0 0 0 0 0 0 0 0 0 0 0 0 0 0 1 0 0 0 0 0 0 0 0 0 0 0 0 0 0 0 0 0 0 0 0 0 0 0 0 0 0 0 0 0 0 0 0 0 0 0 0 0 0 0 0 0 0 0 0 0 0 0 0 0 0 0 0 0 0 0 0 0 0 0 0 0 0 0 0 0 0 0 0 0 0 0]
[5285881907812242915910741759344047403832192723079089449947907833505228956916429069805991342142692837088334239844341428738213262499984637617289756133894753253682902059745319581430135303755615959865611287260617997079873441663661727496419592916731419494514108702810882526631630279212157512986020531694815944185733614081289605560240823104420 0 0 0 0 0 0 0 0 0 0 0 0 0 0 0 0 0 0 0 0 0 0 0 0 0 0 0 0 0 0 0 0 0 0 0 0 0 0 0 0 1 0 0 0 0 0 0 0 0 0 0 0 0 0 0 0 0 0 0 0 0 0 0 0 0 0 0 0 0 0 0 0 0 0 0 0 0 0 0 0 0 0 0 0 0 0 0 0 0 0 0 0 0 0 0 0 0 0 0 0 0 0 0 0 0 0 0 0 0 0 0]
[4132043206638219174093278038488488155278772496319320096429340774424832421759844353770004140705883623104322592222721340817294127025152816012774205973726631717323241775914180174600425857073029157432101859702689797861494601588237198142979277079367995772706792717296878111736251317192148334457466437395453507669239651940594971900741403659444 0 0 0 0 0 0 0 0 0 0 0 0 0 0 0 0 0 0 0 0 0 0 0 0 0 0 0 0 0 0 0 0 0 0 0 0 0 0 0 0 0 1 0 0 0 0 0 0 0 0 0 0 0 0 0 0 0 0 0 0 0 0 0 0 0 0 0 0 0 0 0 0 0 0 0 0 0 0 0 0 0 0 0 0 0 0 0 0 0 0 0 0 0 0 0 0 0 0 0 0 0 0 0 0 0 0 0 0 0 0 0]
[2365156090543305719330253498924625322440568631196788200084643334118626867244470834347217007581745070866530607405304832792881618393462053989278553684724294234612304983525972574383230588754976262718456989555284836781915338641968252935050495766862789958079158228635421520231844677979974198245182748954207769937968965027293307723480826544262 0 0 0 0 0 0 0 0 0 0 0 0 0 0 0 0 0 0 0 0 0 0 0 0 0 0 0 0 0 0 0 0 0 0 0 0 0 0 0 0 0 0 1 0 0 0 0 0 0 0 0 0 0 0 0 0 0 0 0 0 0 0 0 0 0 0 0 0 0 0 0 0 0 0 0 0 0 0 0 0 0 0 0 0 0 0 0 0 0 0 0 0 0 0 0 0 0 0 0 0 0 0 0 0 0 0 0 0 0 0 0]
[10127924940112495544693604582761293902909414495791754862137700273284998912543962799580297156897119111249921808685862072299948942107463782226423792705672030060420020714230399259498654567334438797273595179785188462701049891800198062719870182426760831450874911260147978818622399315288431492601436327729812564853483147153282960528220251880214 0 0 0 0 0 0 0 0 0 0 0 0 0 0 0 0 0 0 0 0 0 0 0 0 0 0 0 0 0 0 0 0 0 0 0 0 0 0 0 0 0 0 0 1 0 0 0 0 0 0 0 0 0 0 0 0 0 0 0 0 0 0 0 0 0 0 0 0 0 0 0 0 0 0 0 0 0 0 0 0 0 0 0 0 0 0 0 0 0 0 0 0 0 0 0 0 0 0 0 0 0 0 0 0 0 0 0 0 0 0 0]
[1859704599233333118998306284689891699141304702286517936208345089944057170643432428058740376026456671781979676757750311890626389675349965161540362592242738457327870747432307839193308336201323277646595931153631350405446318949639787794409098857919449575984623085546116852962059197712278545482712938592695708391131381245493588849513041155585 0 0 0 0 0 0 0 0 0 0 0 0 0 0 0 0 0 0 0 0 0 0 0 0 0 0 0 0 0 0 0 0 0 0 0 0 0 0 0 0 0 0 0 0 1 0 0 0 0 0 0 0 0 0 0 0 0 0 0 0 0 0 0 0 0 0 0 0 0 0 0 0 0 0 0 0 0 0 0 0 0 0 0 0 0 0 0 0 0 0 0 0 0 0 0 0 0 0 0 0 0 0 0 0 0 0 0 0 0 0 0]
[4500938720166647721454451278138093733013798452287387527405513075578061271566669102285761279775885324843828597368600611167587323121662873265392424192610356875064715774763282325766444088039994083248653800915743908739144175300080595349449579910683906965762431162152232837244107173503979566078722775182161978271546202599495273636614793770991 0 0 0 0 0 0 0 0 0 0 0 0 0 0 0 0 0 0 0 0 0 0 0 0 0 0 0 0 0 0 0 0 0 0 0 0 0 0 0 0 0 0 0 0 0 1 0 0 0 0 0 0 0 0 0 0 0 0 0 0 0 0 0 0 0 0 0 0 0 0 0 0 0 0 0 0 0 0 0 0 0 0 0 0 0 0 0 0 0 0 0 0 0 0 0 0 0 0 0 0 0 0 0 0 0 0 0 0 0 0 0]
[7566527615716369192557547864744346515816990669343920027820478250366910009482833414787972092366510365428125812299197025151097431249387047887435102097868151522921622252991289556516989291439687722698275138878452440450800175213918220154029124872621467908763124831322405568133861976888540461625397855835523688213815972875973172984038102123187 0 0 0 0 0 0 0 0 0 0 0 0 0 0 0 0 0 0 0 0 0 0 0 0 0 0 0 0 0 0 0 0 0 0 0 0 0 0 0 0 0 0 0 0 0 0 1 0 0 0 0 0 0 0 0 0 0 0 0 0 0 0 0 0 0 0 0 0 0 0 0 0 0 0 0 0 0 0 0 0 0 0 0 0 0 0 0 0 0 0 0 0 0 0 0 0 0 0 0 0 0 0 0 0 0 0 0 0 0 0 0]
[5893768672868671190117277705380443704123096673448678174735204344631502502654200818818112473851508391263426358369108217283618663071880476385650821321725693643329406403584898990195614271877173462733698566500597656273680540154058914593242684195452426489982417686602525043373683616296277457469924640341701516831033154663865789975111135061080 0 0 0 0 0 0 0 0 0 0 0 0 0 0 0 0 0 0 0 0 0 0 0 0 0 0 0 0 0 0 0 0 0 0 0 0 0 0 0 0 0 0 0 0 0 0 0 1 0 0 0 0 0 0 0 0 0 0 0 0 0 0 0 0 0 0 0 0 0 0 0 0 0 0 0 0 0 0 0 0 0 0 0 0 0 0 0 0 0 0 0 0 0 0 0 0 0 0 0 0 0 0 0 0 0 0 0 0 0 0 0]
[9111965326012042931931786641054550081200871604642079967978932423387366363316167493236758111920560507632440534889697243116644604961405273204820235804520818445294893569984584641813797523909058345186938135749810629389849189487522565752690437485967322225142934242566717884012089650044606969383916041692449926894878640571083655136769480074671 0 0 0 0 0 0 0 0 0 0 0 0 0 0 0 0 0 0 0 0 0 0 0 0 0 0 0 0 0 0 0 0 0 0 0 0 0 0 0 0 0 0 0 0 0 0 0 0 1 0 0 0 0 0 0 0 0 0 0 0 0 0 0 0 0 0 0 0 0 0 0 0 0 0 0 0 0 0 0 0 0 0 0 0 0 0 0 0 0 0 0 0 0 0 0 0 0 0 0 0 0 0 0 0 0 0 0 0 0 0 0]
[9320933473644228738069517335378440862624751565775531286988033244078462371373743471907886257819303749938991423277679545651641346451744510065105044058962273138581255779931071900901394819359094140646284127943065673879483157754984802713509852533786271952017996227718785705363516714775251060841250497739724558910118061291566242411871783416998 0 0 0 0 0 0 0 0 0 0 0 0 0 0 0 0 0 0 0 0 0 0 0 0 0 0 0 0 0 0 0 0 0 0 0 0 0 0 0 0 0 0 0 0 0 0 0 0 0 1 0 0 0 0 0 0 0 0 0 0 0 0 0 0 0 0 0 0 0 0 0 0 0 0 0 0 0 0 0 0 0 0 0 0 0 0 0 0 0 0 0 0 0 0 0 0 0 0 0 0 0 0 0 0 0 0 0 0 0 0 0]
[5113215401082622741376536510688853458678457726374933247016436365113700395029517645182134224791979442339808340185554758884485230390446733176090005522508760452801332283308221702109913443773415448585299135182906612231207821325764074248314611926463665515061691707530919947344903591765038577776947770001624744258040945250144056972623480619130 0 0 0 0 0 0 0 0 0 0 0 0 0 0 0 0 0 0 0 0 0 0 0 0 0 0 0 0 0 0 0 0 0 0 0 0 0 0 0 0 0 0 0 0 0 0 0 0 0 0 1 0 0 0 0 0 0 0 0 0 0 0 0 0 0 0 0 0 0 0 0 0 0 0 0 0 0 0 0 0 0 0 0 0 0 0 0 0 0 0 0 0 0 0 0 0 0 0 0 0 0 0 0 0 0 0 0 0 0 0 0]
[8095128362048631534046395419798910504305380609747598267554021644364501846049375218310245965181860916732140929105580434406525847564097443342037912028010548857629743206242577962755902427451139160003023933219929681846347806274200989491831364471598954598979787327389872530515372721889382016383575614258252705201758383974674180551185277988535 0 0 0 0 0 0 0 0 0 0 0 0 0 0 0 0 0 0 0 0 0 0 0 0 0 0 0 0 0 0 0 0 0 0 0 0 0 0 0 0 0 0 0 0 0 0 0 0 0 0 0 1 0 0 0 0 0 0 0 0 0 0 0 0 0 0 0 0 0 0 0 0 0 0 0 0 0 0 0 0 0 0 0 0 0 0 0 0 0 0 0 0 0 0 0 0 0 0 0 0 0 0 0 0 0 0 0 0 0 0 0]
[1336365651761131916191096971664779724119192597574747814993689925642283481653413991179592183885462151389175447480165670054116959582322505013730187009898584575009037765219919591845692487722583536161614696397407474762770862932762588801464245205617835447611647381507069428210882037240830498339541460312246520879555000357396745979485162559608 0 0 0 0 0 0 0 0 0 0 0 0 0 0 0 0 0 0 0 0 0 0 0 0 0 0 0 0 0 0 0 0 0 0 0 0 0 0 0 0 0 0 0 0 0 0 0 0 0 0 0 0 1 0 0 0 0 0 0 0 0 0 0 0 0 0 0 0 0 0 0 0 0 0 0 0 0 0 0 0 0 0 0 0 0 0 0 0 0 0 0 0 0 0 0 0 0 0 0 0 0 0 0 0 0 0 0 0 0 0 0]
[9943773462202038387051274021427415260789167286643912688604225123723705060626082580846225937382331772333592685400183613496540288056226592797624822988527155870181494946045627215385883306733181010377312974654233069756024141038600853126157052534271216158861750879689739530518446208850093704785229304746306382355927162531958386763389758750576 0 0 0 0 0 0 0 0 0 0 0 0 0 0 0 0 0 0 0 0 0 0 0 0 0 0 0 0 0 0 0 0 0 0 0 0 0 0 0 0 0 0 0 0 0 0 0 0 0 0 0 0 0 1 0 0 0 0 0 0 0 0 0 0 0 0 0 0 0 0 0 0 0 0 0 0 0 0 0 0 0 0 0 0 0 0 0 0 0 0 0 0 0 0 0 0 0 0 0 0 0 0 0 0 0 0 0 0 0 0 0]
[6333220495152140794087717280197632034601983779460248056407519301670303406047088020597220393885840676795314688841211728546991959702914053288224667380769458611343887872359297602452060920140701715043365936227384481167749197407506766682721778879656641730104114936500475297705333097671218356350227876620589933209357052512258737359086764651825 0 0 0 0 0 0 0 0 0 0 0 0 0 0 0 0 0 0 0 0 0 0 0 0 0 0 0 0 0 0 0 0 0 0 0 0 0 0 0 0 0 0 0 0 0 0 0 0 0 0 0 0 0 0 1 0 0 0 0 0 0 0 0 0 0 0 0 0 0 0 0 0 0 0 0 0 0 0 0 0 0 0 0 0 0 0 0 0 0 0 0 0 0 0 0 0 0 0 0 0 0 0 0 0 0 0 0 0 0 0 0]
[2093706952935205434667601971676429809953978178858696747533310543224534428432132718967149321216565459371627652250880884701992860042427298924362757569322203393501410855494350371630661659406324721778906782107284985474381782178810305306488493568816587691445227826920336714679994356445069495770630979445694859741549504718318553226852108569181 0 0 0 0 0 0 0 0 0 0 0 0 0 0 0 0 0 0 0 0 0 0 0 0 0 0 0 0 0 0 0 0 0 0 0 0 0 0 0 0 0 0 0 0 0 0 0 0 0 0 0 0 0 0 0 1 0 0 0 0 0 0 0 0 0 0 0 0 0 0 0 0 0 0 0 0 0 0 0 0 0 0 0 0 0 0 0 0 0 0 0 0 0 0 0 0 0 0 0 0 0 0 0 0 0 0 0 0 0 0 0]
[8463329125438169853236810036302626031036745453064111134741346021215327286423263285929233052980136533760814452936882825200324355183188682797099024258180119501051001893463597199551494057357541976008234146788938581847599860428401312554058580046405811280924270293489153670934906182431517537356502373418843349048063020191710117588557658233939 0 0 0 0 0 0 0 0 0 0 0 0 0 0 0 0 0 0 0 0 0 0 0 0 0 0 0 0 0 0 0 0 0 0 0 0 0 0 0 0 0 0 0 0 0 0 0 0 0 0 0 0 0 0 0 0 1 0 0 0 0 0 0 0 0 0 0 0 0 0 0 0 0 0 0 0 0 0 0 0 0 0 0 0 0 0 0 0 0 0 0 0 0 0 0 0 0 0 0 0 0 0 0 0 0 0 0 0 0 0 0]
[708345979955473590561127081090097186460709713979521900229151009842887647614806362468659973502100796670902943931403440995643651185251593940437246231340285818247417327271098420353948257048939996750763708569546782438660366358124475010187550726136307929529091726214133644017791974525046675917458336499894004270421604103210286047496077975142 0 0 0 0 0 0 0 0 0 0 0 0 0 0 0 0 0 0 0 0 0 0 0 0 0 0 0 0 0 0 0 0 0 0 0 0 0 0 0 0 0 0 0 0 0 0 0 0 0 0 0 0 0 0 0 0 0 1 0 0 0 0 0 0 0 0 0 0 0 0 0 0 0 0 0 0 0 0 0 0 0 0 0 0 0 0 0 0 0 0 0 0 0 0 0 0 0 0 0 0 0 0 0 0 0 0 0 0 0 0 0]
[7126326626811178143784100273354318751977137700638566299247309289034980993974627567273981323788838125208926351166093654862988360262523424517174376030774748314632957845207116718083343220672005703386187057267229030822934120671118634476285221527363055092433786651130535601361083537658750561146471404340524522214914511785713389661306175503822 0 0 0 0 0 0 0 0 0 0 0 0 0 0 0 0 0 0 0 0 0 0 0 0 0 0 0 0 0 0 0 0 0 0 0 0 0 0 0 0 0 0 0 0 0 0 0 0 0 0 0 0 0 0 0 0 0 0 1 0 0 0 0 0 0 0 0 0 0 0 0 0 0 0 0 0 0 0 0 0 0 0 0 0 0 0 0 0 0 0 0 0 0 0 0 0 0 0 0 0 0 0 0 0 0 0 0 0 0 0 0]
[1053309283756884487826631602231940852370413449288401192228653234944767687859865067051706791779368171042913858516765450435192676323307885996054059105357825052925460410939331693821117568503628787955971989406648530561793313641767460951811991136174154100336422163812238513898164789341408966481439143000194200679460064043687218811740852774722 0 0 0 0 0 0 0 0 0 0 0 0 0 0 0 0 0 0 0 0 0 0 0 0 0 0 0 0 0 0 0 0 0 0 0 0 0 0 0 0 0 0 0 0 0 0 0 0 0 0 0 0 0 0 0 0 0 0 0 1 0 0 0 0 0 0 0 0 0 0 0 0 0 0 0 0 0 0 0 0 0 0 0 0 0 0 0 0 0 0 0 0 0 0 0 0 0 0 0 0 0 0 0 0 0 0 0 0 0 0 0]
[8761657522340956248325455811974077443098942407203423564243294255456916698275937592802116462748422833451839284022427063264484041152984613380502558469838128212035193126807203671626451986387697387969745892839203204018371169889494317552885579236941403855564973805887568688284114423682020902519388773653522379319082760510812314349445581998385 0 0 0 0 0 0 0 0 0 0 0 0 0 0 0 0 0 0 0 0 0 0 0 0 0 0 0 0 0 0 0 0 0 0 0 0 0 0 0 0 0 0 0 0 0 0 0 0 0 0 0 0 0 0 0 0 0 0 0 0 1 0 0 0 0 0 0 0 0 0 0 0 0 0 0 0 0 0 0 0 0 0 0 0 0 0 0 0 0 0 0 0 0 0 0 0 0 0 0 0 0 0 0 0 0 0 0 0 0 0 0]
[5672873544467440565724254060897206804534843025020157991199983644302232582082325317016667833617098094267510579880320868975353842180713646032956397831471419168005716058055025514498992045004603855038814680437838205988835588199026825444065601571412375529335012280403615084148813541135278367673927038606549984884806569649066760226440920038308 0 0 0 0 0 0 0 0 0 0 0 0 0 0 0 0 0 0 0 0 0 0 0 0 0 0 0 0 0 0 0 0 0 0 0 0 0 0 0 0 0 0 0 0 0 0 0 0 0 0 0 0 0 0 0 0 0 0 0 0 0 1 0 0 0 0 0 0 0 0 0 0 0 0 0 0 0 0 0 0 0 0 0 0 0 0 0 0 0 0 0 0 0 0 0 0 0 0 0 0 0 0 0 0 0 0 0 0 0 0 0]
[9816387379054757641468130101091450508380785916603774610855456275098739966177415276326677150056471580162276498816770760308312560130576667707712312873763216155264436899805489811711076368229980162079057163854740733650762933995408548927754094034780344444713883804353066149499417561456330428924656827933243786288658486139231493085715476039343 0 0 0 0 0 0 0 0 0 0 0 0 0 0 0 0 0 0 0 0 0 0 0 0 0 0 0 0 0 0 0 0 0 0 0 0 0 0 0 0 0 0 0 0 0 0 0 0 0 0 0 0 0 0 0 0 0 0 0 0 0 0 1 0 0 0 0 0 0 0 0 0 0 0 0 0 0 0 0 0 0 0 0 0 0 0 0 0 0 0 0 0 0 0 0 0 0 0 0 0 0 0 0 0 0 0 0 0 0 0 0]
[4182006504728981887677724070560640923029408461400076045271814888098824571569772611892585326141129995837480132036539055618082167881624727832405579283310210271497442339000413903700141779178751210236121002718934567284894822611753502228770930666806595252122922167232859540611597134959567228031487570566630950699601857923266137654942348534066 0 0 0 0 0 0 0 0 0 0 0 0 0 0 0 0 0 0 0 0 0 0 0 0 0 0 0 0 0 0 0 0 0 0 0 0 0 0 0 0 0 0 0 0 0 0 0 0 0 0 0 0 0 0 0 0 0 0 0 0 0 0 0 1 0 0 0 0 0 0 0 0 0 0 0 0 0 0 0 0 0 0 0 0 0 0 0 0 0 0 0 0 0 0 0 0 0 0 0 0 0 0 0 0 0 0 0 0 0 0 0]
[5089824076156197464781229218766456692873166138976373502900523956801952400734396108034696793983115308080371781626739468336335014463642762890048763550404389419938748750306247948091794054413879876321663269538229315139790328428795959041326106012181480656691756434277090912786744383818500371469873348778186812738958826420586895252365014860717 0 0 0 0 0 0 0 0 0 0 0 0 0 0 0 0 0 0 0 0 0 0 0 0 0 0 0 0 0 0 0 0 0 0 0 0 0 0 0 0 0 0 0 0 0 0 0 0 0 0 0 0 0 0 0 0 0 0 0 0 0 0 0 0 1 0 0 0 0 0 0 0 0 0 0 0 0 0 0 0 0 0 0 0 0 0 0 0 0 0 0 0 0 0 0 0 0 0 0 0 0 0 0 0 0 0 0 0 0 0 0]
[3147404651015145590089307876267620982496206612403983961076253178982935709804591186982728818156151512829846000362216892686357491351060374274168321551707771014259121398586695220266288498651776501751894174372112200843542422318275738970384841539136655143779798058613103554664940812856117611039056164604140787071454098833681819212269101556405 0 0 0 0 0 0 0 0 0 0 0 0 0 0 0 0 0 0 0 0 0 0 0 0 0 0 0 0 0 0 0 0 0 0 0 0 0 0 0 0 0 0 0 0 0 0 0 0 0 0 0 0 0 0 0 0 0 0 0 0 0 0 0 0 0 1 0 0 0 0 0 0 0 0 0 0 0 0 0 0 0 0 0 0 0 0 0 0 0 0 0 0 0 0 0 0 0 0 0 0 0 0 0 0 0 0 0 0 0 0 0]
[3064671030268526050782493282084747070684537955714384416353951309850998441043656359656905384561193577385031284657719427731156513446117251871168136545965013208324654964080294166748064286364845801704223001705602190149271820982092928725611511103152863627411230800389530676553303771354607759074599186777653987542825653948281835576232497813783 0 0 0 0 0 0 0 0 0 0 0 0 0 0 0 0 0 0 0 0 0 0 0 0 0 0 0 0 0 0 0 0 0 0 0 0 0 0 0 0 0 0 0 0 0 0 0 0 0 0 0 0 0 0 0 0 0 0 0 0 0 0 0 0 0 0 1 0 0 0 0 0 0 0 0 0 0 0 0 0 0 0 0 0 0 0 0 0 0 0 0 0 0 0 0 0 0 0 0 0 0 0 0 0 0 0 0 0 0 0 0]
[4041768024566065873212413716973789514762573653146131375780283612267538595987895387517145601785588821414645161952073810361517206097882143847942505151702281969845450467270917227879244710946696275664601337120515801216087160784000736593578205764060920065555602807604465636004979121247980307542582515944389715918539429812189928244367505025084 0 0 0 0 0 0 0 0 0 0 0 0 0 0 0 0 0 0 0 0 0 0 0 0 0 0 0 0 0 0 0 0 0 0 0 0 0 0 0 0 0 0 0 0 0 0 0 0 0 0 0 0 0 0 0 0 0 0 0 0 0 0 0 0 0 0 0 1 0 0 0 0 0 0 0 0 0 0 0 0 0 0 0 0 0 0 0 0 0 0 0 0 0 0 0 0 0 0 0 0 0 0 0 0 0 0 0 0 0 0 0]
[10098915893703253431563711144281116950450848120792186850533191395986619572069726938269709604354499430316294006175477814397221089778889309244804131511057501380757252654926085269010177815785940822523461011912657299384490989606307354328383689793800516706422814804581220220051760094291599071258653518631941941568938104805626228794923532884498 0 0 0 0 0 0 0 0 0 0 0 0 0 0 0 0 0 0 0 0 0 0 0 0 0 0 0 0 0 0 0 0 0 0 0 0 0 0 0 0 0 0 0 0 0 0 0 0 0 0 0 0 0 0 0 0 0 0 0 0 0 0 0 0 0 0 0 0 1 0 0 0 0 0 0 0 0 0 0 0 0 0 0 0 0 0 0 0 0 0 0 0 0 0 0 0 0 0 0 0 0 0 0 0 0 0 0 0 0 0 0]
[8972209767850553401894270937008560926470780374977207044764192304541477064240342171976969175872427077388349042619468409184808926836867873706112583665256229881620246543937971552059907811261519688468879887309671666408799831479622737301043319981664160910373813304749129914798263841501498204683140595119081958694968688075129020015586037191435 0 0 0 0 0 0 0 0 0 0 0 0 0 0 0 0 0 0 0 0 0 0 0 0 0 0 0 0 0 0 0 0 0 0 0 0 0 0 0 0 0 0 0 0 0 0 0 0 0 0 0 0 0 0 0 0 0 0 0 0 0 0 0 0 0 0 0 0 0 1 0 0 0 0 0 0 0 0 0 0 0 0 0 0 0 0 0 0 0 0 0 0 0 0 0 0 0 0 0 0 0 0 0 0 0 0 0 0 0 0 0]
[9599199728967933040557207716708159169806161511466181155912392318828950169046075010210306474701541975281645184632066265328164023835390501124414332986928806355814613788774141256087428258705495557819889319248311253502516512376339611898757998708784072656790038516238268535679240076965480600364935913321972826020366671906669159748006645715425 0 0 0 0 0 0 0 0 0 0 0 0 0 0 0 0 0 0 0 0 0 0 0 0 0 0 0 0 0 0 0 0 0 0 0 0 0 0 0 0 0 0 0 0 0 0 0 0 0 0 0 0 0 0 0 0 0 0 0 0 0 0 0 0 0 0 0 0 0 0 1 0 0 0 0 0 0 0 0 0 0 0 0 0 0 0 0 0 0 0 0 0 0 0 0 0 0 0 0 0 0 0 0 0 0 0 0 0 0 0 0]
[7536336430994222703760067978045632761812310752114959952302271115805579921050671575008462182496281853912392745491306986087830904389647363744850394920956173894552729098700786620465782887379496118813401108294517160283141990454075895770669443533736072092220505371122835534251075633264372656684593992981917742498360036112638335617611025530910 0 0 0 0 0 0 0 0 0 0 0 0 0 0 0 0 0 0 0 0 0 0 0 0 0 0 0 0 0 0 0 0 0 0 0 0 0 0 0 0 0 0 0 0 0 0 0 0 0 0 0 0 0 0 0 0 0 0 0 0 0 0 0 0 0 0 0 0 0 0 0 1 0 0 0 0 0 0 0 0 0 0 0 0 0 0 0 0 0 0 0 0 0 0 0 0 0 0 0 0 0 0 0 0 0 0 0 0 0 0 0]
[310177244007801037084466004662732559752809125971578211133788829545713968536937368262126965757596011277557520250984918104951357858743065126779633328249302208086562337105555354390230044684643559303126513722747952062442401210565269128500083358500573408263377590167487341325204455393304546494488292564103640079379365185901122147585102287794 0 0 0 0 0 0 0 0 0 0 0 0 0 0 0 0 0 0 0 0 0 0 0 0 0 0 0 0 0 0 0 0 0 0 0 0 0 0 0 0 0 0 0 0 0 0 0 0 0 0 0 0 0 0 0 0 0 0 0 0 0 0 0 0 0 0 0 0 0 0 0 0 1 0 0 0 0 0 0 0 0 0 0 0 0 0 0 0 0 0 0 0 0 0 0 0 0 0 0 0 0 0 0 0 0 0 0 0 0 0 0]
[6629349573061913295445744977489537825846354297342509176923034694049067442949715938074759523968807919200515571455515998672005190277981472139579982811093761226517546105374482220941320112179907686740470467529931306769562415310261245389523658657018310756856431929255329189526932042451671705156201028532256474381504844603345460509112001625336 0 0 0 0 0 0 0 0 0 0 0 0 0 0 0 0 0 0 0 0 0 0 0 0 0 0 0 0 0 0 0 0 0 0 0 0 0 0 0 0 0 0 0 0 0 0 0 0 0 0 0 0 0 0 0 0 0 0 0 0 0 0 0 0 0 0 0 0 0 0 0 0 0 1 0 0 0 0 0 0 0 0 0 0 0 0 0 0 0 0 0 0 0 0 0 0 0 0 0 0 0 0 0 0 0 0 0 0 0 0 0]
[500113567961767367881292789224136104358204590732082061162648641595481407962644704058009428943758997845400940725262382091002870283842164259052259502250984658452455202773578939413915960688405737026613878404365197346208729896685976039778038831339686677958372868519669978754308762047987792078584529755910774442230716313668481932249270210361 0 0 0 0 0 0 0 0 0 0 0 0 0 0 0 0 0 0 0 0 0 0 0 0 0 0 0 0 0 0 0 0 0 0 0 0 0 0 0 0 0 0 0 0 0 0 0 0 0 0 0 0 0 0 0 0 0 0 0 0 0 0 0 0 0 0 0 0 0 0 0 0 0 0 1 0 0 0 0 0 0 0 0 0 0 0 0 0 0 0 0 0 0 0 0 0 0 0 0 0 0 0 0 0 0 0 0 0 0 0 0]
[7290405124018398064249757499016487633879588242867235765353373671757642792927935232992027472304821338398306385379529811127846627264029677525637632568599235436311080198104434843070343097793026794333405789138836100901678256310814670248503643605431920673062798153569374555707865079360725790288537354795200447521113296271383062585416302213242 0 0 0 0 0 0 0 0 0 0 0 0 0 0 0 0 0 0 0 0 0 0 0 0 0 0 0 0 0 0 0 0 0 0 0 0 0 0 0 0 0 0 0 0 0 0 0 0 0 0 0 0 0 0 0 0 0 0 0 0 0 0 0 0 0 0 0 0 0 0 0 0 0 0 0 1 0 0 0 0 0 0 0 0 0 0 0 0 0 0 0 0 0 0 0 0 0 0 0 0 0 0 0 0 0 0 0 0 0 0 0]
[4990232931087951142094961460874984917957899956216809412965557006534675410274461907113873200416806213255776863984385883276823889008659587688921935148388070385444627362315480601358330506062957949581244367691584825998652452429601174250369214996914605054468617411888432020309330948963796191383136512317696970474723971367665418447958615123410 0 0 0 0 0 0 0 0 0 0 0 0 0 0 0 0 0 0 0 0 0 0 0 0 0 0 0 0 0 0 0 0 0 0 0 0 0 0 0 0 0 0 0 0 0 0 0 0 0 0 0 0 0 0 0 0 0 0 0 0 0 0 0 0 0 0 0 0 0 0 0 0 0 0 0 0 1 0 0 0 0 0 0 0 0 0 0 0 0 0 0 0 0 0 0 0 0 0 0 0 0 0 0 0 0 0 0 0 0 0 0]
[1190949719272566262135468060446509356991299375666713892955295839515434569325398184951440381800738788022397245729415816161875727993196353003043297147158887846486676000337102572148690582930330078047004072167483215189250832909323322805793914011282895160431037653924206253149643217941740451988687140813759542559814848157865019482031421492107 0 0 0 0 0 0 0 0 0 0 0 0 0 0 0 0 0 0 0 0 0 0 0 0 0 0 0 0 0 0 0 0 0 0 0 0 0 0 0 0 0 0 0 0 0 0 0 0 0 0 0 0 0 0 0 0 0 0 0 0 0 0 0 0 0 0 0 0 0 0 0 0 0 0 0 0 0 1 0 0 0 0 0 0 0 0 0 0 0 0 0 0 0 0 0 0 0 0 0 0 0 0 0 0 0 0 0 0 0 0 0]
[7821222557799197024449158777610287934195649338751603739102732412842167191525075801018432801941916516081396138246560930899479789950228715710778324460691952668066212949955029722490694205642952499029380564553323633239640096779267035103062074157620416471519427391008925356122256340870056308129513625980004406183266103425277461385789489958850 0 0 0 0 0 0 0 0 0 0 0 0 0 0 0 0 0 0 0 0 0 0 0 0 0 0 0 0 0 0 0 0 0 0 0 0 0 0 0 0 0 0 0 0 0 0 0 0 0 0 0 0 0 0 0 0 0 0 0 0 0 0 0 0 0 0 0 0 0 0 0 0 0 0 0 0 0 0 1 0 0 0 0 0 0 0 0 0 0 0 0 0 0 0 0 0 0 0 0 0 0 0 0 0 0 0 0 0 0 0 0]
[1774540762530045055425106601412799337059855385417101312321810704850621277562897600038398888405842221815962042868829160601602869967045441772825432975326525455490650493143016467676589270204442566102310052933490030684480344604665974259936443702332806218742382935995903890851386288663508717297276805698710179242891077264759135301929842510329 0 0 0 0 0 0 0 0 0 0 0 0 0 0 0 0 0 0 0 0 0 0 0 0 0 0 0 0 0 0 0 0 0 0 0 0 0 0 0 0 0 0 0 0 0 0 0 0 0 0 0 0 0 0 0 0 0 0 0 0 0 0 0 0 0 0 0 0 0 0 0 0 0 0 0 0 0 0 0 1 0 0 0 0 0 0 0 0 0 0 0 0 0 0 0 0 0 0 0 0 0 0 0 0 0 0 0 0 0 0 0]
[8706830402377118850940798456296129212946586187070578102593871692321280182639071769104112053654755061192028363961329327360062016367209207216068472302982921984956699855465944396555839374960293423534516325770322871497063352092281042177872554925858910659365654905134438094325751037015142648838772697308821194921779025958807314019480383395513 0 0 0 0 0 0 0 0 0 0 0 0 0 0 0 0 0 0 0 0 0 0 0 0 0 0 0 0 0 0 0 0 0 0 0 0 0 0 0 0 0 0 0 0 0 0 0 0 0 0 0 0 0 0 0 0 0 0 0 0 0 0 0 0 0 0 0 0 0 0 0 0 0 0 0 0 0 0 0 0 1 0 0 0 0 0 0 0 0 0 0 0 0 0 0 0 0 0 0 0 0 0 0 0 0 0 0 0 0 0 0]
[6089183064925532751799373414151665258488128395116357166612609920127197685444557908200950178450730819780722864128421054681129356135839047581264831469278802001529553044352526426098577056930300725213286656641409613908446349253292445595170849592247235162706092501527372866546248509636669137036009393883840851926082895025082349311134207445074 0 0 0 0 0 0 0 0 0 0 0 0 0 0 0 0 0 0 0 0 0 0 0 0 0 0 0 0 0 0 0 0 0 0 0 0 0 0 0 0 0 0 0 0 0 0 0 0 0 0 0 0 0 0 0 0 0 0 0 0 0 0 0 0 0 0 0 0 0 0 0 0 0 0 0 0 0 0 0 0 0 1 0 0 0 0 0 0 0 0 0 0 0 0 0 0 0 0 0 0 0 0 0 0 0 0 0 0 0 0 0]
[7572699760123330916025161325501737715334234192115330400849749560639419102326483702941445929499447762250756773108472568158304859758899646408092209165310362162913796833085425164586261665367697071935775221787458174744493259874351371866333020347752814455329976359256513778859759897679804806699090763878652752246520852700734865071241462649667 0 0 0 0 0 0 0 0 0 0 0 0 0 0 0 0 0 0 0 0 0 0 0 0 0 0 0 0 0 0 0 0 0 0 0 0 0 0 0 0 0 0 0 0 0 0 0 0 0 0 0 0 0 0 0 0 0 0 0 0 0 0 0 0 0 0 0 0 0 0 0 0 0 0 0 0 0 0 0 0 0 0 1 0 0 0 0 0 0 0 0 0 0 0 0 0 0 0 0 0 0 0 0 0 0 0 0 0 0 0 0]
[8908463302212478022176137899853278133998610407621320197248786156138564055553235758456035605847691963102021621133627540644094885953973592689307415876249532818830136946534025094021432528576816943385823674903037380840083197910573624651393742681510675457053986269213841127711420642050347491523906192622982010934265692382908106346711565014655 0 0 0 0 0 0 0 0 0 0 0 0 0 0 0 0 0 0 0 0 0 0 0 0 0 0 0 0 0 0 0 0 0 0 0 0 0 0 0 0 0 0 0 0 0 0 0 0 0 0 0 0 0 0 0 0 0 0 0 0 0 0 0 0 0 0 0 0 0 0 0 0 0 0 0 0 0 0 0 0 0 0 0 1 0 0 0 0 0 0 0 0 0 0 0 0 0 0 0 0 0 0 0 0 0 0 0 0 0 0 0]
[9422847860646234985779188294346887625184124884924002109917172402866303539713186393001475532489836638532537527800418821209441237214316560376507870213275588870105373708138475173816940057038411116536206735948152939081274513882931066147092422967840167852514825253686762966793247709644791393549182331128914148368168404416066486127036226368319 0 0 0 0 0 0 0 0 0 0 0 0 0 0 0 0 0 0 0 0 0 0 0 0 0 0 0 0 0 0 0 0 0 0 0 0 0 0 0 0 0 0 0 0 0 0 0 0 0 0 0 0 0 0 0 0 0 0 0 0 0 0 0 0 0 0 0 0 0 0 0 0 0 0 0 0 0 0 0 0 0 0 0 0 1 0 0 0 0 0 0 0 0 0 0 0 0 0 0 0 0 0 0 0 0 0 0 0 0 0 0]
[1037476451152241688749935300093385820030310704121013902684583561438059254220415966352506320741685461296023794984079972472790979293827297340194131446419645753294892127990274341250032853582848093521753476983953571520437194592833460090347366837845755111081879691447091491593800279429069450657073533641537521998967945288101386426196915306901 0 0 0 0 0 0 0 0 0 0 0 0 0 0 0 0 0 0 0 0 0 0 0 0 0 0 0 0 0 0 0 0 0 0 0 0 0 0 0 0 0 0 0 0 0 0 0 0 0 0 0 0 0 0 0 0 0 0 0 0 0 0 0 0 0 0 0 0 0 0 0 0 0 0 0 0 0 0 0 0 0 0 0 0 0 1 0 0 0 0 0 0 0 0 0 0 0 0 0 0 0 0 0 0 0 0 0 0 0 0 0]
[3190241326170520443422724987510283457717334304431062321221238028493343205256577124614503686770175179329388400557435450143784524016417933418536025163902171214529800459758402552122137559791284960786310908429280285852483172452639652534064705707565374777319338061081688688014492061345224850342619536416674619386881440775391698498597385434839 0 0 0 0 0 0 0 0 0 0 0 0 0 0 0 0 0 0 0 0 0 0 0 0 0 0 0 0 0 0 0 0 0 0 0 0 0 0 0 0 0 0 0 0 0 0 0 0 0 0 0 0 0 0 0 0 0 0 0 0 0 0 0 0 0 0 0 0 0 0 0 0 0 0 0 0 0 0 0 0 0 0 0 0 0 0 1 0 0 0 0 0 0 0 0 0 0 0 0 0 0 0 0 0 0 0 0 0 0 0 0]
[3599613388666095852212177774986028808978252246976588357660225833498423135409618760029544786264667382806422210295484652699213589342204172621534163227560215940665031809414004989210760163230194373110409554610929612759500851244697167643323995495904461003737231221905602927496315449104960711688496564751660071184441506069823420195870609991343 0 0 0 0 0 0 0 0 0 0 0 0 0 0 0 0 0 0 0 0 0 0 0 0 0 0 0 0 0 0 0 0 0 0 0 0 0 0 0 0 0 0 0 0 0 0 0 0 0 0 0 0 0 0 0 0 0 0 0 0 0 0 0 0 0 0 0 0 0 0 0 0 0 0 0 0 0 0 0 0 0 0 0 0 0 0 0 1 0 0 0 0 0 0 0 0 0 0 0 0 0 0 0 0 0 0 0 0 0 0 0]
[6439087694072450898530313806867273839528475691316143615818761519644342750402204085952374269932257313119192878056186221907231419866171080075847462982815275354780620500077908359939708507390129665109155757210323579202020295939654623879389704730380902485522041877383630148932053235443330407996921794972119140874713973783538236572106079891360 0 0 0 0 0 0 0 0 0 0 0 0 0 0 0 0 0 0 0 0 0 0 0 0 0 0 0 0 0 0 0 0 0 0 0 0 0 0 0 0 0 0 0 0 0 0 0 0 0 0 0 0 0 0 0 0 0 0 0 0 0 0 0 0 0 0 0 0 0 0 0 0 0 0 0 0 0 0 0 0 0 0 0 0 0 0 0 0 1 0 0 0 0 0 0 0 0 0 0 0 0 0 0 0 0 0 0 0 0 0 0]
[4126508954095429131676854992462816083806999562680222027503105814510431245967090355358398083846887329366917667715599419470011351688828893788144528570207783505927369389438054953831999920447986946909955268415353219309679069518277252895532090059445636071954529743371482942492250658928227458830533608911776644200429001586924347397720858691703 0 0 0 0 0 0 0 0 0 0 0 0 0 0 0 0 0 0 0 0 0 0 0 0 0 0 0 0 0 0 0 0 0 0 0 0 0 0 0 0 0 0 0 0 0 0 0 0 0 0 0 0 0 0 0 0 0 0 0 0 0 0 0 0 0 0 0 0 0 0 0 0 0 0 0 0 0 0 0 0 0 0 0 0 0 0 0 0 0 1 0 0 0 0 0 0 0 0 0 0 0 0 0 0 0 0 0 0 0 0 0]
[7149362759242572020934368482628420690639956359541317458597956579858214312552157560839458961317186583709441313357739752123162043019853445938361628746489151186581037742841951303976081017610860402991386312862942712974971051693041286978088937828393252076023190330304653812155484874193228965532487990016591520781564715824026203667865777656509 0 0 0 0 0 0 0 0 0 0 0 0 0 0 0 0 0 0 0 0 0 0 0 0 0 0 0 0 0 0 0 0 0 0 0 0 0 0 0 0 0 0 0 0 0 0 0 0 0 0 0 0 0 0 0 0 0 0 0 0 0 0 0 0 0 0 0 0 0 0 0 0 0 0 0 0 0 0 0 0 0 0 0 0 0 0 0 0 0 0 1 0 0 0 0 0 0 0 0 0 0 0 0 0 0 0 0 0 0 0 0]
[3491971024103080364191465427622130647892280430619244726032518400481560061711513178366525247885470962280918575624723504478616951107778463623498466671637358952767399310323146541265070871521004882258786366590670491728959409161058213808241545778316151088350743157869006123559926995659502879626120222049563814560200103177993090523746895107014 0 0 0 0 0 0 0 0 0 0 0 0 0 0 0 0 0 0 0 0 0 0 0 0 0 0 0 0 0 0 0 0 0 0 0 0 0 0 0 0 0 0 0 0 0 0 0 0 0 0 0 0 0 0 0 0 0 0 0 0 0 0 0 0 0 0 0 0 0 0 0 0 0 0 0 0 0 0 0 0 0 0 0 0 0 0 0 0 0 0 0 1 0 0 0 0 0 0 0 0 0 0 0 0 0 0 0 0 0 0 0]
[8707044832472853318883164429648403473767632666615714041037015559759806501843925922074184415535012966386283153757618024848485431633667550154924278586624069768433847520761829798464941896864130620513989378403916824907644371487160939782322761370790897061164329881698790050531302529954866451304350949014699768310824835562055739446528127534889 0 0 0 0 0 0 0 0 0 0 0 0 0 0 0 0 0 0 0 0 0 0 0 0 0 0 0 0 0 0 0 0 0 0 0 0 0 0 0 0 0 0 0 0 0 0 0 0 0 0 0 0 0 0 0 0 0 0 0 0 0 0 0 0 0 0 0 0 0 0 0 0 0 0 0 0 0 0 0 0 0 0 0 0 0 0 0 0 0 0 0 0 1 0 0 0 0 0 0 0 0 0 0 0 0 0 0 0 0 0 0]
[7557288070521020552303988403272598086680955082181907159599208214796076559527325398863942764221221411920700130692535596037815746107542316512620163476250478627376624533431825384129682267253896441784484577207764064703464524815766034109650702252200499124341787237303879886154198891003392972357492469294687982524615546337510858036777677721913 0 0 0 0 0 0 0 0 0 0 0 0 0 0 0 0 0 0 0 0 0 0 0 0 0 0 0 0 0 0 0 0 0 0 0 0 0 0 0 0 0 0 0 0 0 0 0 0 0 0 0 0 0 0 0 0 0 0 0 0 0 0 0 0 0 0 0 0 0 0 0 0 0 0 0 0 0 0 0 0 0 0 0 0 0 0 0 0 0 0 0 0 0 1 0 0 0 0 0 0 0 0 0 0 0 0 0 0 0 0 0]
[6672765511174582664554534760669468333939014923768885666972690405183643649951588745507062544482393005588014587377562418189377730402127068100020132720070578032307424464983571062209289970029031282536503608699160908485838383632478322752019947548371383485823364873930120762619702563401495075216511830434314519421121376073558408119529599661803 0 0 0 0 0 0 0 0 0 0 0 0 0 0 0 0 0 0 0 0 0 0 0 0 0 0 0 0 0 0 0 0 0 0 0 0 0 0 0 0 0 0 0 0 0 0 0 0 0 0 0 0 0 0 0 0 0 0 0 0 0 0 0 0 0 0 0 0 0 0 0 0 0 0 0 0 0 0 0 0 0 0 0 0 0 0 0 0 0 0 0 0 0 0 1 0 0 0 0 0 0 0 0 0 0 0 0 0 0 0 0]
[10261593729627128420835571045249174097146733795719717086261630066882722228468274078514330483025441794776897928753430301046844865300773060818203361609768421746229192484562966035746062204093729608165815203307651081944012380182028929281653837476532790807507169356281498070459438922384638481033413115243580116264554958138323165552831241359950 0 0 0 0 0 0 0 0 0 0 0 0 0 0 0 0 0 0 0 0 0 0 0 0 0 0 0 0 0 0 0 0 0 0 0 0 0 0 0 0 0 0 0 0 0 0 0 0 0 0 0 0 0 0 0 0 0 0 0 0 0 0 0 0 0 0 0 0 0 0 0 0 0 0 0 0 0 0 0 0 0 0 0 0 0 0 0 0 0 0 0 0 0 0 0 1 0 0 0 0 0 0 0 0 0 0 0 0 0 0 0]
[8606015254726458411991939419604484061833690041556018239754648978748670862106868613674445296017536282576170752650220198346323241304365633827228183502605007148270849019202988733837355276440138792668320101730768900585997572320919515008062468219060025848871604577261416626222399605771356512956280068851938892872905401482231637654067928686800 0 0 0 0 0 0 0 0 0 0 0 0 0 0 0 0 0 0 0 0 0 0 0 0 0 0 0 0 0 0 0 0 0 0 0 0 0 0 0 0 0 0 0 0 0 0 0 0 0 0 0 0 0 0 0 0 0 0 0 0 0 0 0 0 0 0 0 0 0 0 0 0 0 0 0 0 0 0 0 0 0 0 0 0 0 0 0 0 0 0 0 0 0 0 0 0 1 0 0 0 0 0 0 0 0 0 0 0 0 0 0]
[2628386897261611324836301589971909403524915265168251413210859848317943932439079997879849188539335286848394920062994728933234462706537658061310156336260716210909970223655093297311559557898138444567612125888868168096961483640298824654742098408047956570833708289573101472681806571561558567753288834008933616196055864036233831310772401630482 0 0 0 0 0 0 0 0 0 0 0 0 0 0 0 0 0 0 0 0 0 0 0 0 0 0 0 0 0 0 0 0 0 0 0 0 0 0 0 0 0 0 0 0 0 0 0 0 0 0 0 0 0 0 0 0 0 0 0 0 0 0 0 0 0 0 0 0 0 0 0 0 0 0 0 0 0 0 0 0 0 0 0 0 0 0 0 0 0 0 0 0 0 0 0 0 0 1 0 0 0 0 0 0 0 0 0 0 0 0 0]
[7746016951200279792657927112253058148470279454317395710061480295247130990836066134910746142200202701017718500181453321030217687056155726181391624087577174680497575241966680154193491992678753393251327251199295231462555460984779103763832770816851705671513111114510300429915986026992943470776254368364619724698086477267793121709340949363535 0 0 0 0 0 0 0 0 0 0 0 0 0 0 0 0 0 0 0 0 0 0 0 0 0 0 0 0 0 0 0 0 0 0 0 0 0 0 0 0 0 0 0 0 0 0 0 0 0 0 0 0 0 0 0 0 0 0 0 0 0 0 0 0 0 0 0 0 0 0 0 0 0 0 0 0 0 0 0 0 0 0 0 0 0 0 0 0 0 0 0 0 0 0 0 0 0 0 1 0 0 0 0 0 0 0 0 0 0 0 0]
[7053115311854348089547702112248276564526309061528507137077480877751117886106610872015700886169086655452904333234941475296906073889503121250039421559232451547250681902816112979338055277411072980196195801697688179763333768302950500975781332327881500825738487740843584181972589320133322477123890989611945971926178921594981836648684477257725 0 0 0 0 0 0 0 0 0 0 0 0 0 0 0 0 0 0 0 0 0 0 0 0 0 0 0 0 0 0 0 0 0 0 0 0 0 0 0 0 0 0 0 0 0 0 0 0 0 0 0 0 0 0 0 0 0 0 0 0 0 0 0 0 0 0 0 0 0 0 0 0 0 0 0 0 0 0 0 0 0 0 0 0 0 0 0 0 0 0 0 0 0 0 0 0 0 0 0 1 0 0 0 0 0 0 0 0 0 0 0]
[7489290385931003281170086532798845745646794167395565078483599327889690556471189611690309332302749750949218679079082690702754968956979635993089154349783158241434783120040692413849463560986280917746050256530986304325076870409218687530885392546590662112008237248949184860171604405602730781250547530687232323211183594893255698638602258233334 0 0 0 0 0 0 0 0 0 0 0 0 0 0 0 0 0 0 0 0 0 0 0 0 0 0 0 0 0 0 0 0 0 0 0 0 0 0 0 0 0 0 0 0 0 0 0 0 0 0 0 0 0 0 0 0 0 0 0 0 0 0 0 0 0 0 0 0 0 0 0 0 0 0 0 0 0 0 0 0 0 0 0 0 0 0 0 0 0 0 0 0 0 0 0 0 0 0 0 0 1 0 0 0 0 0 0 0 0 0 0]
[9733320460015726426185420873539650937419500507025725766678717395117993875221254034489689902435544062249712686833028286149816202960470519113326527702180316049320654272376150899488877850252246582566003088485146639219748876937374199808477189474338006996606785728541908555336712990495604180198554034302732502482271359634251977409951110936117 0 0 0 0 0 0 0 0 0 0 0 0 0 0 0 0 0 0 0 0 0 0 0 0 0 0 0 0 0 0 0 0 0 0 0 0 0 0 0 0 0 0 0 0 0 0 0 0 0 0 0 0 0 0 0 0 0 0 0 0 0 0 0 0 0 0 0 0 0 0 0 0 0 0 0 0 0 0 0 0 0 0 0 0 0 0 0 0 0 0 0 0 0 0 0 0 0 0 0 0 0 1 0 0 0 0 0 0 0 0 0]
[5921907499731031211072503899637482474601811086857140873759700127873935835259533988996009246082104303430190868969692882500251270354212562696453371262111175297612502386029023042436949760013205091553377203714251826058474676493794210010756749164467742355989770650524062319315205032039265726219129583905455652926284888744367624164210874051116 0 0 0 0 0 0 0 0 0 0 0 0 0 0 0 0 0 0 0 0 0 0 0 0 0 0 0 0 0 0 0 0 0 0 0 0 0 0 0 0 0 0 0 0 0 0 0 0 0 0 0 0 0 0 0 0 0 0 0 0 0 0 0 0 0 0 0 0 0 0 0 0 0 0 0 0 0 0 0 0 0 0 0 0 0 0 0 0 0 0 0 0 0 0 0 0 0 0 0 0 0 0 1 0 0 0 0 0 0 0 0]
[8855012946863870893551648145310487630336786225639027732291866657505215759647130198144238118275012686714908578102416410035103686626160574813448366889272553970524217167699419700330368802076517961153670791404191691443997733434382146445786474897671259198735263888663292342917812799989079852215317634161652141377955814061625184987254724512920 0 0 0 0 0 0 0 0 0 0 0 0 0 0 0 0 0 0 0 0 0 0 0 0 0 0 0 0 0 0 0 0 0 0 0 0 0 0 0 0 0 0 0 0 0 0 0 0 0 0 0 0 0 0 0 0 0 0 0 0 0 0 0 0 0 0 0 0 0 0 0 0 0 0 0 0 0 0 0 0 0 0 0 0 0 0 0 0 0 0 0 0 0 0 0 0 0 0 0 0 0 0 0 1 0 0 0 0 0 0 0]
[2543414586601093277220253248963920195593265985822282956097936631486135752591144148053241359580345856131266506858681732335900220544514236228930830959158306050190167088932211009015072544261129129817764943569274442131712573892563723143419699548457463462313636701629065590976408360276442644201148573417239986515588361620186918100464158939323 0 0 0 0 0 0 0 0 0 0 0 0 0 0 0 0 0 0 0 0 0 0 0 0 0 0 0 0 0 0 0 0 0 0 0 0 0 0 0 0 0 0 0 0 0 0 0 0 0 0 0 0 0 0 0 0 0 0 0 0 0 0 0 0 0 0 0 0 0 0 0 0 0 0 0 0 0 0 0 0 0 0 0 0 0 0 0 0 0 0 0 0 0 0 0 0 0 0 0 0 0 0 0 0 1 0 0 0 0 0 0]
[5236264280738512401219027402700728533124982278831852764558900732123917060024275205327112064140570501662057583345421149089025254148595610866649508388349994971749742841827003932788159646264409176914667803875074118314680844022211067823207530325075961410047496100026833822292372522921029409760879860256579799748906897646130779798965231183120 0 0 0 0 0 0 0 0 0 0 0 0 0 0 0 0 0 0 0 0 0 0 0 0 0 0 0 0 0 0 0 0 0 0 0 0 0 0 0 0 0 0 0 0 0 0 0 0 0 0 0 0 0 0 0 0 0 0 0 0 0 0 0 0 0 0 0 0 0 0 0 0 0 0 0 0 0 0 0 0 0 0 0 0 0 0 0 0 0 0 0 0 0 0 0 0 0 0 0 0 0 0 0 0 0 1 0 0 0 0 0]
[10441326578209134998435123809537305585845444249738599513856786177434966600247745628612355588241969566119916882710404357138338361036717659945612142095800691085198507579265950523521897551195212793372726537922532786450731691731279195212148115634879803671223976209491720683394389989662361159144156106732315049615441810201031850592090150396403 0 0 0 0 0 0 0 0 0 0 0 0 0 0 0 0 0 0 0 0 0 0 0 0 0 0 0 0 0 0 0 0 0 0 0 0 0 0 0 0 0 0 0 0 0 0 0 0 0 0 0 0 0 0 0 0 0 0 0 0 0 0 0 0 0 0 0 0 0 0 0 0 0 0 0 0 0 0 0 0 0 0 0 0 0 0 0 0 0 0 0 0 0 0 0 0 0 0 0 0 0 0 0 0 0 0 1 0 0 0 0]
[6445635909539761540107240002034692738015829231924242980755299301239064935608276069401752503681172828692321471995124647198332208624799272019955935250533393601743534593611756032754977258746881633675368640506434286069959454867076718295596701252720144399226444479050821735575654800940405512116371827291062782116814217726249958015916928630957 0 0 0 0 0 0 0 0 0 0 0 0 0 0 0 0 0 0 0 0 0 0 0 0 0 0 0 0 0 0 0 0 0 0 0 0 0 0 0 0 0 0 0 0 0 0 0 0 0 0 0 0 0 0 0 0 0 0 0 0 0 0 0 0 0 0 0 0 0 0 0 0 0 0 0 0 0 0 0 0 0 0 0 0 0 0 0 0 0 0 0 0 0 0 0 0 0 0 0 0 0 0 0 0 0 0 0 1 0 0 0]
[5131345417198371255785236251363565444314030250184409711511629903103359775215605190636406208505107853155466463498219024991468125315238483555931401985189500588685961464970636378624865598356228813087603152182473906971992311590106538920554255949759973012422700416889756187206439974673505295211036259951898870967164078636717059980798305491417 0 0 0 0 0 0 0 0 0 0 0 0 0 0 0 0 0 0 0 0 0 0 0 0 0 0 0 0 0 0 0 0 0 0 0 0 0 0 0 0 0 0 0 0 0 0 0 0 0 0 0 0 0 0 0 0 0 0 0 0 0 0 0 0 0 0 0 0 0 0 0 0 0 0 0 0 0 0 0 0 0 0 0 0 0 0 0 0 0 0 0 0 0 0 0 0 0 0 0 0 0 0 0 0 0 0 0 0 1 0 0]
[1421739302753326059913034629829175125554056192600735358102825854201518614116188791747524666376142081419359577642747724030067585497178915781056467017332391502921222710604826835917723678559711071379052462842837671460548349013419783452140055144691479238757187210711807068555647353560906912053408426637347729395705218364319343683447091830659 0 0 0 0 0 0 0 0 0 0 0 0 0 0 0 0 0 0 0 0 0 0 0 0 0 0 0 0 0 0 0 0 0 0 0 0 0 0 0 0 0 0 0 0 0 0 0 0 0 0 0 0 0 0 0 0 0 0 0 0 0 0 0 0 0 0 0 0 0 0 0 0 0 0 0 0 0 0 0 0 0 0 0 0 0 0 0 0 0 0 0 0 0 0 0 0 0 0 0 0 0 0 0 0 0 0 0 0 0 1 0]
[446370967099753599025612305910630645737196800268566945232321288827096523267581224092070011041827210300721702365491234057739522858615990263084487593823905403790777099866016720186300766645643218886394278762435028080336767936341490451807121575643677016493344093363234606824806971383933312461175236570415028687033105229898162972672042426484 0 0 0 0 0 0 0 0 0 0 0 0 0 0 0 0 0 0 0 0 0 0 0 0 0 0 0 0 0 0 0 0 0 0 0 0 0 0 0 0 0 0 0 0 0 0 0 0 0 0 0 0 0 0 0 0 0 0 0 0 0 0 0 0 0 0 0 0 0 0 0 0 0 0 0 0 0 0 0 0 0 0 0 0 0 0 0 0 0 0 0 0 0 0 0 0 0 0 0 0 0 0 0 0 0 0 0 0 0 0 1]
]
