[[5874413989868150304153447842391675563141298054082771209231452032170924416732701835570585321391437091592731063078626540283209662373263537749086260070236105769507055558568428584610183626699880592250069064565199530894685721450727361650858091137267509251749399520369613354673612273278328940993114041 0 0 0 0 0 0 0 0 0 0 0 0 0 0 0 0 0 0 0 0 0 0 0 0 0 0 0 0 0 0 0 0 0 0 0 0 0 0 0 0 0 0 0 0 0 0 0 0 0 0 0 0 0 0 0 0 0 0 0 0 0 0 0 0 0 0 0 0 0 0 0 0 0 0 0 0 0 0 0 0 0 0 0 0 0 0 0 0 0 0 0 0 0 0 0 0 0]
[745222325269360149920968218884285071146326678741732505634141743816849051764461808071238914150160238110736817620328664599567557431341710386834101382235923080812828465842910993789985728939429687752007276756485071724978157661556730458566150528336550688212053993167601460524575275001720843424662364 1 0 0 0 0 0 0 0 0 0 0 0 0 0 0 0 0 0 0 0 0 0 0 0 0 0 0 0 0 0 0 0 0 0 0 0 0 0 0 0 0 0 0 0 0 0 0 0 0 0 0 0 0 0 0 0 0 0 0 0 0 0 0 0 0 0 0 0 0 0 0 0 0 0 0 0 0 0 0 0 0 0 0 0 0 0 0 0 0 0 0 0 0 0 0 0 0]
[4302886012576175423331155421359026032368009866214055931140917073121225392353147842290005967825816429421099409462262044638485501800099418389235319380969108791406148702770847225891981046139458768511447259954028275361232226446457031746262170274305585543088325655212172823251228333170226407338313506 0 1 0 0 0 0 0 0 0 0 0 0 0 0 0 0 0 0 0 0 0 0 0 0 0 0 0 0 0 0 0 0 0 0 0 0 0 0 0 0 0 0 0 0 0 0 0 0 0 0 0 0 0 0 0 0 0 0 0 0 0 0 0 0 0 0 0 0 0 0 0 0 0 0 0 0 0 0 0 0 0 0 0 0 0 0 0 0 0 0 0 0 0 0 0 0 0]
[4780611080289711842774638176230850281782424407760411711624805165324775921149843320379988024252515801297826434839605609100967170504983769525962461326354269517830895018081471988253238433957021078791657836021949408370317063866865352118127837327936325991862134925925374250035193062483175203900370612 0 0 1 0 0 0 0 0 0 0 0 0 0 0 0 0 0 0 0 0 0 0 0 0 0 0 0 0 0 0 0 0 0 0 0 0 0 0 0 0 0 0 0 0 0 0 0 0 0 0 0 0 0 0 0 0 0 0 0 0 0 0 0 0 0 0 0 0 0 0 0 0 0 0 0 0 0 0 0 0 0 0 0 0 0 0 0 0 0 0 0 0 0 0 0 0 0]
[1703966725299350463332266677140762107617745175683946364098902783906058114069863980764037139190270506813099080046959843864275175823102847633379242485613533918050466940580886025425425676961520579301205004306963107545703688164524681293217436986020316296693031971186121888853422278533262983546719153 0 0 0 1 0 0 0 0 0 0 0 0 0 0 0 0 0 0 0 0 0 0 0 0 0 0 0 0 0 0 0 0 0 0 0 0 0 0 0 0 0 0 0 0 0 0 0 0 0 0 0 0 0 0 0 0 0 0 0 0 0 0 0 0 0 0 0 0 0 0 0 0 0 0 0 0 0 0 0 0 0 0 0 0 0 0 0 0 0 0 0 0 0 0 0 0 0]
[372634489583454252559203916804961368584626465309815576731729829219480720488609421420191901619845295136814524032730804939719447586463622805128532727950495007464076389182848673930602142569730623671277141076918672486463313620716548686549082761642517481038022262856970084220289733157281269783482256 0 0 0 0 1 0 0 0 0 0 0 0 0 0 0 0 0 0 0 0 0 0 0 0 0 0 0 0 0 0 0 0 0 0 0 0 0 0 0 0 0 0 0 0 0 0 0 0 0 0 0 0 0 0 0 0 0 0 0 0 0 0 0 0 0 0 0 0 0 0 0 0 0 0 0 0 0 0 0 0 0 0 0 0 0 0 0 0 0 0 0 0 0 0 0 0 0]
[4269740619400750727683765058898453959060849838678099057646449018783185705031971124312328208723779290476660998156421292506642661007497299177917739012988567420012940480427136267287900690285274228137377305308562793848333074618472632786285030816821040472374117371634204135289041495336165976401856400 0 0 0 0 0 1 0 0 0 0 0 0 0 0 0 0 0 0 0 0 0 0 0 0 0 0 0 0 0 0 0 0 0 0 0 0 0 0 0 0 0 0 0 0 0 0 0 0 0 0 0 0 0 0 0 0 0 0 0 0 0 0 0 0 0 0 0 0 0 0 0 0 0 0 0 0 0 0 0 0 0 0 0 0 0 0 0 0 0 0 0 0 0 0 0 0 0]
[138331992785903587458326669265998075012999610558955759892946325525264987123792293197065400581406657760357557696864394262475610198343349339620608222635728451479086686822562531205764741132124119446574250925268416300941718676522650517728785954542088869795568033422331480693640567847615946347319503 0 0 0 0 0 0 1 0 0 0 0 0 0 0 0 0 0 0 0 0 0 0 0 0 0 0 0 0 0 0 0 0 0 0 0 0 0 0 0 0 0 0 0 0 0 0 0 0 0 0 0 0 0 0 0 0 0 0 0 0 0 0 0 0 0 0 0 0 0 0 0 0 0 0 0 0 0 0 0 0 0 0 0 0 0 0 0 0 0 0 0 0 0 0 0 0 0]
[1712455959954208678950953111369979785057172873972085220319772673493738706483229424676910028994492119383238270458695298990132239597912374010647308115744309245628406688834477159850569238589060034234259236440699547844944932078757417248640451822892323387401291058819765435731092174254301041354638304 0 0 0 0 0 0 0 1 0 0 0 0 0 0 0 0 0 0 0 0 0 0 0 0 0 0 0 0 0 0 0 0 0 0 0 0 0 0 0 0 0 0 0 0 0 0 0 0 0 0 0 0 0 0 0 0 0 0 0 0 0 0 0 0 0 0 0 0 0 0 0 0 0 0 0 0 0 0 0 0 0 0 0 0 0 0 0 0 0 0 0 0 0 0 0 0 0]
[3788758899110285031280130126217545847719197830995604220699329065895892876051137522918203456080579848626821407524739556591533786332833375301458573331668907740775919202521198998560783856709496819998642478343444297902677437409257238261354940772120891758294198224131442472749521231504511478895103955 0 0 0 0 0 0 0 0 1 0 0 0 0 0 0 0 0 0 0 0 0 0 0 0 0 0 0 0 0 0 0 0 0 0 0 0 0 0 0 0 0 0 0 0 0 0 0 0 0 0 0 0 0 0 0 0 0 0 0 0 0 0 0 0 0 0 0 0 0 0 0 0 0 0 0 0 0 0 0 0 0 0 0 0 0 0 0 0 0 0 0 0 0 0 0 0 0]
[3485419629671645545907973195749888318121512967505633530671380165632727142923181046826645617186074559267635805853349409238245086696380208683424139990880875874389391337792077027681338420419275841052864159953158280816530939476939564557717697828686944657433830354991914433958565722611264293335890927 0 0 0 0 0 0 0 0 0 1 0 0 0 0 0 0 0 0 0 0 0 0 0 0 0 0 0 0 0 0 0 0 0 0 0 0 0 0 0 0 0 0 0 0 0 0 0 0 0 0 0 0 0 0 0 0 0 0 0 0 0 0 0 0 0 0 0 0 0 0 0 0 0 0 0 0 0 0 0 0 0 0 0 0 0 0 0 0 0 0 0 0 0 0 0 0 0]
[2966720200151678623669643494432645936576312257399387049274665716116864055821162907232880444512994454841725381741916824813437436732719277392056129248467301333090673251119028410863200319629286967597251218514790755034347368176438343925557897553763731705427593803186965743207626338824571981207647724 0 0 0 0 0 0 0 0 0 0 1 0 0 0 0 0 0 0 0 0 0 0 0 0 0 0 0 0 0 0 0 0 0 0 0 0 0 0 0 0 0 0 0 0 0 0 0 0 0 0 0 0 0 0 0 0 0 0 0 0 0 0 0 0 0 0 0 0 0 0 0 0 0 0 0 0 0 0 0 0 0 0 0 0 0 0 0 0 0 0 0 0 0 0 0 0 0]
[3655484617445114827644453051911626953609653040134389561091122062510729432137682401755830742893265585085422854469381231657860996018205091473307012107473564316599420448308031700112691325217886477390373675067723872425199617199859427091444028255163038790561393230329810862190423635892103842785192234 0 0 0 0 0 0 0 0 0 0 0 1 0 0 0 0 0 0 0 0 0 0 0 0 0 0 0 0 0 0 0 0 0 0 0 0 0 0 0 0 0 0 0 0 0 0 0 0 0 0 0 0 0 0 0 0 0 0 0 0 0 0 0 0 0 0 0 0 0 0 0 0 0 0 0 0 0 0 0 0 0 0 0 0 0 0 0 0 0 0 0 0 0 0 0 0 0]
[1506779313446347706004837520925010951411394320214759367760037762516374557147910659366957418809641655267254462527716869349052352408710739341665714956538367897193604313072339199849082603421271982092708129039884321220731536639826941459789439102539326774534779237509063845371686883811207945995340113 0 0 0 0 0 0 0 0 0 0 0 0 1 0 0 0 0 0 0 0 0 0 0 0 0 0 0 0 0 0 0 0 0 0 0 0 0 0 0 0 0 0 0 0 0 0 0 0 0 0 0 0 0 0 0 0 0 0 0 0 0 0 0 0 0 0 0 0 0 0 0 0 0 0 0 0 0 0 0 0 0 0 0 0 0 0 0 0 0 0 0 0 0 0 0 0 0]
[994608297850283735701076067423410135044753839187819447779703149392015376742702739888120977149774053059346139588018210085589439609387937089575314663216223076558444090213024504512361288861284574592908588562921980812264645438210723322941887690735568156647920608986580140045060989299041264527831351 0 0 0 0 0 0 0 0 0 0 0 0 0 1 0 0 0 0 0 0 0 0 0 0 0 0 0 0 0 0 0 0 0 0 0 0 0 0 0 0 0 0 0 0 0 0 0 0 0 0 0 0 0 0 0 0 0 0 0 0 0 0 0 0 0 0 0 0 0 0 0 0 0 0 0 0 0 0 0 0 0 0 0 0 0 0 0 0 0 0 0 0 0 0 0 0 0]
[3249587011142159506403418521781098033841702084136491595554460809623704411005834790925462174576753899897308490084085065830109744534803795998391883237245488521581679812704635726836243785384141248098276161855657850328289347693156913672552252150353555784182595180326821591164179772705944644863372586 0 0 0 0 0 0 0 0 0 0 0 0 0 0 1 0 0 0 0 0 0 0 0 0 0 0 0 0 0 0 0 0 0 0 0 0 0 0 0 0 0 0 0 0 0 0 0 0 0 0 0 0 0 0 0 0 0 0 0 0 0 0 0 0 0 0 0 0 0 0 0 0 0 0 0 0 0 0 0 0 0 0 0 0 0 0 0 0 0 0 0 0 0 0 0 0 0]
[555595750261533476145164132947699954129791378344647870549368374413887013838173786684940357973151663338988086422049111412784847521598254676995379755380715686710154552011402612458384755646734302796337333883713658741106640218822699448286532955121386280645321743914699827559242262524400826991019625 0 0 0 0 0 0 0 0 0 0 0 0 0 0 0 1 0 0 0 0 0 0 0 0 0 0 0 0 0 0 0 0 0 0 0 0 0 0 0 0 0 0 0 0 0 0 0 0 0 0 0 0 0 0 0 0 0 0 0 0 0 0 0 0 0 0 0 0 0 0 0 0 0 0 0 0 0 0 0 0 0 0 0 0 0 0 0 0 0 0 0 0 0 0 0 0 0]
[4320746230469245234693880203431564128904017524529573224320907871467886164390952104887644118343089309764560290201887950744015611205160685251153278466557765273089593207878456191523019973345389926299402769360222649127536498799795613012086863258685092944723080804805603830457051455037034164921285077 0 0 0 0 0 0 0 0 0 0 0 0 0 0 0 0 1 0 0 0 0 0 0 0 0 0 0 0 0 0 0 0 0 0 0 0 0 0 0 0 0 0 0 0 0 0 0 0 0 0 0 0 0 0 0 0 0 0 0 0 0 0 0 0 0 0 0 0 0 0 0 0 0 0 0 0 0 0 0 0 0 0 0 0 0 0 0 0 0 0 0 0 0 0 0 0 0]
[2007557983612018532531439862941817894705712676747823776347787173398215640645494888249974485488629122973978665594918226177769934799636791795637066576036922325862541144809856369132086987201397805765165048475180822004466145186989306499995468003505284063448053658986758354537725205511508196835902173 0 0 0 0 0 0 0 0 0 0 0 0 0 0 0 0 0 1 0 0 0 0 0 0 0 0 0 0 0 0 0 0 0 0 0 0 0 0 0 0 0 0 0 0 0 0 0 0 0 0 0 0 0 0 0 0 0 0 0 0 0 0 0 0 0 0 0 0 0 0 0 0 0 0 0 0 0 0 0 0 0 0 0 0 0 0 0 0 0 0 0 0 0 0 0 0 0]
[2551873053981644124000262910093682559150527173841771371165368781090622939263418330000529782824474962996517130917243312077766250682922208916716676976798799842147139711208682061488579001876972501652111929643089129862543520052924484146013534952786917096024800498134003689518665520195304490988654228 0 0 0 0 0 0 0 0 0 0 0 0 0 0 0 0 0 0 1 0 0 0 0 0 0 0 0 0 0 0 0 0 0 0 0 0 0 0 0 0 0 0 0 0 0 0 0 0 0 0 0 0 0 0 0 0 0 0 0 0 0 0 0 0 0 0 0 0 0 0 0 0 0 0 0 0 0 0 0 0 0 0 0 0 0 0 0 0 0 0 0 0 0 0 0 0 0]
[2068438404634389765567133191998519015093600208884631695607004786928499047866602199125567718434932021859433254062463084848785900469681959466634669854319253553332635158909765040704210157319155749419717315524978627033652690014240352213300980532998141680494786754861448336902605406859202892602304001 0 0 0 0 0 0 0 0 0 0 0 0 0 0 0 0 0 0 0 1 0 0 0 0 0 0 0 0 0 0 0 0 0 0 0 0 0 0 0 0 0 0 0 0 0 0 0 0 0 0 0 0 0 0 0 0 0 0 0 0 0 0 0 0 0 0 0 0 0 0 0 0 0 0 0 0 0 0 0 0 0 0 0 0 0 0 0 0 0 0 0 0 0 0 0 0 0]
[3360762911102708500003371807238928049941246727371554562821521032016330075919825550973844480622747596316450397988215352130643365109377257076491498777378637861090403932489774426398939334698496044434073941427671676217762657535444882362998523223955418017117925470318210009440266601575613889478142006 0 0 0 0 0 0 0 0 0 0 0 0 0 0 0 0 0 0 0 0 1 0 0 0 0 0 0 0 0 0 0 0 0 0 0 0 0 0 0 0 0 0 0 0 0 0 0 0 0 0 0 0 0 0 0 0 0 0 0 0 0 0 0 0 0 0 0 0 0 0 0 0 0 0 0 0 0 0 0 0 0 0 0 0 0 0 0 0 0 0 0 0 0 0 0 0 0]
[3514342228021227018137635693560808961071412137203218009033984784110373891908257016821145099002096209376128593098424511687884809327747252421145364938386811918103402989346323510606274651613388707736747702809330549125711511095151827589897991821473708006831314731755415339815828111289860439471362050 0 0 0 0 0 0 0 0 0 0 0 0 0 0 0 0 0 0 0 0 0 1 0 0 0 0 0 0 0 0 0 0 0 0 0 0 0 0 0 0 0 0 0 0 0 0 0 0 0 0 0 0 0 0 0 0 0 0 0 0 0 0 0 0 0 0 0 0 0 0 0 0 0 0 0 0 0 0 0 0 0 0 0 0 0 0 0 0 0 0 0 0 0 0 0 0 0]
[716551454869615811363400700044166462122792109888609866513407737278568098612763647312138901646168161673282182424759985735189321710009112967979577697386708874834201235022015694868177227246311995663904905559568410404855956869723151853211792120583518571136344789512694863661861742078748598592602121 0 0 0 0 0 0 0 0 0 0 0 0 0 0 0 0 0 0 0 0 0 0 1 0 0 0 0 0 0 0 0 0 0 0 0 0 0 0 0 0 0 0 0 0 0 0 0 0 0 0 0 0 0 0 0 0 0 0 0 0 0 0 0 0 0 0 0 0 0 0 0 0 0 0 0 0 0 0 0 0 0 0 0 0 0 0 0 0 0 0 0 0 0 0 0 0 0]
[4714101775208444239627001162337838299957881541221413576591910302164312315594931215818758256715932179963850011866162556245779561454325341909744793402321194449850559197211230613477010123413116186289515061009679380192216936409843323822410760696339809454088643202122491045624751272974024642773547083 0 0 0 0 0 0 0 0 0 0 0 0 0 0 0 0 0 0 0 0 0 0 0 1 0 0 0 0 0 0 0 0 0 0 0 0 0 0 0 0 0 0 0 0 0 0 0 0 0 0 0 0 0 0 0 0 0 0 0 0 0 0 0 0 0 0 0 0 0 0 0 0 0 0 0 0 0 0 0 0 0 0 0 0 0 0 0 0 0 0 0 0 0 0 0 0 0]
[788820881274408414942038452301919504165809478294731179548558483216069997092541201909725138055605448944690409856558465729881107221538004555878434997523209567673733908729194279782782830957169057999269274531810155155626888126609802038087096577326493046869565027354226423004467522178902616468961447 0 0 0 0 0 0 0 0 0 0 0 0 0 0 0 0 0 0 0 0 0 0 0 0 1 0 0 0 0 0 0 0 0 0 0 0 0 0 0 0 0 0 0 0 0 0 0 0 0 0 0 0 0 0 0 0 0 0 0 0 0 0 0 0 0 0 0 0 0 0 0 0 0 0 0 0 0 0 0 0 0 0 0 0 0 0 0 0 0 0 0 0 0 0 0 0 0]
[3111436261621670863329542888368395346027577236428430773391080358199550644818795763692785740276891384737156872087605015682451650213478599937208381552961181480315140994652970219518103315232204163101734100255576244769564472460801332568526937773236216393411630788254386145577937200722394186743886505 0 0 0 0 0 0 0 0 0 0 0 0 0 0 0 0 0 0 0 0 0 0 0 0 0 1 0 0 0 0 0 0 0 0 0 0 0 0 0 0 0 0 0 0 0 0 0 0 0 0 0 0 0 0 0 0 0 0 0 0 0 0 0 0 0 0 0 0 0 0 0 0 0 0 0 0 0 0 0 0 0 0 0 0 0 0 0 0 0 0 0 0 0 0 0 0 0]
[4437349110371231131889769579635843645616594540036743433331979354151795428642623066945036734502947884187104641055256899282193422410671830070070647943876729395465564913262010084769335517489751435144727464686462490554796573310338973096774684126283389411349803214700500993936530185726808276477810738 0 0 0 0 0 0 0 0 0 0 0 0 0 0 0 0 0 0 0 0 0 0 0 0 0 0 1 0 0 0 0 0 0 0 0 0 0 0 0 0 0 0 0 0 0 0 0 0 0 0 0 0 0 0 0 0 0 0 0 0 0 0 0 0 0 0 0 0 0 0 0 0 0 0 0 0 0 0 0 0 0 0 0 0 0 0 0 0 0 0 0 0 0 0 0 0 0]
[5276452673901190799267840171878022237036390670931448677151766178168349724272857427937999982363996487606217519341811280573874365320429486411401614911410667616292645990423054414972469853573803450058655224392637513799063520592375418712538307183820229327826129224006226587693815805560613155078110466 0 0 0 0 0 0 0 0 0 0 0 0 0 0 0 0 0 0 0 0 0 0 0 0 0 0 0 1 0 0 0 0 0 0 0 0 0 0 0 0 0 0 0 0 0 0 0 0 0 0 0 0 0 0 0 0 0 0 0 0 0 0 0 0 0 0 0 0 0 0 0 0 0 0 0 0 0 0 0 0 0 0 0 0 0 0 0 0 0 0 0 0 0 0 0 0 0]
[2910547565970726389563929949798525111848758225193573539896598555054893435453595372252626628477740358967829434023597484874857194805687242484586527799995411601731501652803727763445206764216482144049853287850571052346933685288631495382515143867948122152151802196880590252719863938182049785446063305 0 0 0 0 0 0 0 0 0 0 0 0 0 0 0 0 0 0 0 0 0 0 0 0 0 0 0 0 1 0 0 0 0 0 0 0 0 0 0 0 0 0 0 0 0 0 0 0 0 0 0 0 0 0 0 0 0 0 0 0 0 0 0 0 0 0 0 0 0 0 0 0 0 0 0 0 0 0 0 0 0 0 0 0 0 0 0 0 0 0 0 0 0 0 0 0 0]
[3558086727883262006786979136222825960184000045288416423842258222393510800487053946014087487953374579445343693333016255184444252007654125032953957084021512857820525721811438070784404527245886909409777202685157818997245322768005081295521388292288327443429448570517982906242596057788894881693034892 0 0 0 0 0 0 0 0 0 0 0 0 0 0 0 0 0 0 0 0 0 0 0 0 0 0 0 0 0 1 0 0 0 0 0 0 0 0 0 0 0 0 0 0 0 0 0 0 0 0 0 0 0 0 0 0 0 0 0 0 0 0 0 0 0 0 0 0 0 0 0 0 0 0 0 0 0 0 0 0 0 0 0 0 0 0 0 0 0 0 0 0 0 0 0 0 0]
[1513016681271085187586537565840356611715790735130458585989976505764357773695218222452984212526937526314776277850360126877931495246919259864207042860892697358933686084359208071779346607809817171611336257927305390340948985620516092123237552355482339051977572550998780612827221356821633409214047679 0 0 0 0 0 0 0 0 0 0 0 0 0 0 0 0 0 0 0 0 0 0 0 0 0 0 0 0 0 0 1 0 0 0 0 0 0 0 0 0 0 0 0 0 0 0 0 0 0 0 0 0 0 0 0 0 0 0 0 0 0 0 0 0 0 0 0 0 0 0 0 0 0 0 0 0 0 0 0 0 0 0 0 0 0 0 0 0 0 0 0 0 0 0 0 0 0]
[4453643060508298866268073570752546624353916302193361390187301956846059785592425368586711651303775987061824296649655535055672812386926622009265695078803535610019831759403436761725643146654324770667003941414871037048058430863586354739525498813511833356023704416421936726491421739119063630754682442 0 0 0 0 0 0 0 0 0 0 0 0 0 0 0 0 0 0 0 0 0 0 0 0 0 0 0 0 0 0 0 1 0 0 0 0 0 0 0 0 0 0 0 0 0 0 0 0 0 0 0 0 0 0 0 0 0 0 0 0 0 0 0 0 0 0 0 0 0 0 0 0 0 0 0 0 0 0 0 0 0 0 0 0 0 0 0 0 0 0 0 0 0 0 0 0 0]
[4705787510243773056645341974685624010110265216544145733146035292517097959317850463744570248081393350897624623122768321951288542405978247701815245211845718826209166797326336487871975497964101137419800282091023329707648381304292329101440431133848172731090416506697674713149189399120891300809146663 0 0 0 0 0 0 0 0 0 0 0 0 0 0 0 0 0 0 0 0 0 0 0 0 0 0 0 0 0 0 0 0 1 0 0 0 0 0 0 0 0 0 0 0 0 0 0 0 0 0 0 0 0 0 0 0 0 0 0 0 0 0 0 0 0 0 0 0 0 0 0 0 0 0 0 0 0 0 0 0 0 0 0 0 0 0 0 0 0 0 0 0 0 0 0 0 0]
[4288387259721399740351876814631666310887596691552535649935715404478185432561644153988428294265594182258224279241443902138064019972152528880852827839345740388228436921216062797825522412761331729809460390797369110406921237833252764116354299155174300319275048590096710086065793184463916951891910337 0 0 0 0 0 0 0 0 0 0 0 0 0 0 0 0 0 0 0 0 0 0 0 0 0 0 0 0 0 0 0 0 0 1 0 0 0 0 0 0 0 0 0 0 0 0 0 0 0 0 0 0 0 0 0 0 0 0 0 0 0 0 0 0 0 0 0 0 0 0 0 0 0 0 0 0 0 0 0 0 0 0 0 0 0 0 0 0 0 0 0 0 0 0 0 0 0]
[809767173058345093434783367378323516357913595860422579850414839352297451856042437862135872476133100815604253944119465401601313794161134757363282717016359954008440683825086398216952195837580488828801224068160758861701313251360743189200012151773448828511290010018703269884156107089264084208134446 0 0 0 0 0 0 0 0 0 0 0 0 0 0 0 0 0 0 0 0 0 0 0 0 0 0 0 0 0 0 0 0 0 0 1 0 0 0 0 0 0 0 0 0 0 0 0 0 0 0 0 0 0 0 0 0 0 0 0 0 0 0 0 0 0 0 0 0 0 0 0 0 0 0 0 0 0 0 0 0 0 0 0 0 0 0 0 0 0 0 0 0 0 0 0 0 0]
[5470655093279368940079534635686066215253124573769260238177527338836382705411475370239027466334016947581021282866004334072416635285791729318360524637599145108621669125546222539076483753921217563622127192728732952120787921566660787786071863808756955188208914341554607919646009368958485529262137754 0 0 0 0 0 0 0 0 0 0 0 0 0 0 0 0 0 0 0 0 0 0 0 0 0 0 0 0 0 0 0 0 0 0 0 1 0 0 0 0 0 0 0 0 0 0 0 0 0 0 0 0 0 0 0 0 0 0 0 0 0 0 0 0 0 0 0 0 0 0 0 0 0 0 0 0 0 0 0 0 0 0 0 0 0 0 0 0 0 0 0 0 0 0 0 0 0]
[2802118260946961650851901492061106819966142323598947877834864949494950164439797507109751663561161444383612261497696488652866222337200018568215546138883071171053236728466446204804123401850947765487876263842949301215702398464991683156428797175817331023596552051136616136593592003516240886157263114 0 0 0 0 0 0 0 0 0 0 0 0 0 0 0 0 0 0 0 0 0 0 0 0 0 0 0 0 0 0 0 0 0 0 0 0 1 0 0 0 0 0 0 0 0 0 0 0 0 0 0 0 0 0 0 0 0 0 0 0 0 0 0 0 0 0 0 0 0 0 0 0 0 0 0 0 0 0 0 0 0 0 0 0 0 0 0 0 0 0 0 0 0 0 0 0 0]
[2727714276327610003465125594121841108766789700056455599817452100598894134333846693852844506095528521793069061184779042369509599920695978790874755665328975359640249194735119472445691793626735944239533490733234329396515295041013595563548361510092393042315223739227827675370010034208735796442315120 0 0 0 0 0 0 0 0 0 0 0 0 0 0 0 0 0 0 0 0 0 0 0 0 0 0 0 0 0 0 0 0 0 0 0 0 0 1 0 0 0 0 0 0 0 0 0 0 0 0 0 0 0 0 0 0 0 0 0 0 0 0 0 0 0 0 0 0 0 0 0 0 0 0 0 0 0 0 0 0 0 0 0 0 0 0 0 0 0 0 0 0 0 0 0 0 0]
[4306781058612235994769180911346796059215919761131006674139539035609373322464810710516200867070427383563932065778620276587302852742187044316721542994925426973279856095748615230148211771221395794507720501198526778984541817234612587056230723447228011132336720795565677484462306611146372744454246537 0 0 0 0 0 0 0 0 0 0 0 0 0 0 0 0 0 0 0 0 0 0 0 0 0 0 0 0 0 0 0 0 0 0 0 0 0 0 1 0 0 0 0 0 0 0 0 0 0 0 0 0 0 0 0 0 0 0 0 0 0 0 0 0 0 0 0 0 0 0 0 0 0 0 0 0 0 0 0 0 0 0 0 0 0 0 0 0 0 0 0 0 0 0 0 0 0]
[439057673662468918194693420258036111159179470750236761961794811235335599313873636206078536964522643952603436543120726508955234122715244653482600526649354973451284629762460647987451479877586370862589988839348826165186744875900937994620375613455964813376110074334811303879503309828309264804009144 0 0 0 0 0 0 0 0 0 0 0 0 0 0 0 0 0 0 0 0 0 0 0 0 0 0 0 0 0 0 0 0 0 0 0 0 0 0 0 1 0 0 0 0 0 0 0 0 0 0 0 0 0 0 0 0 0 0 0 0 0 0 0 0 0 0 0 0 0 0 0 0 0 0 0 0 0 0 0 0 0 0 0 0 0 0 0 0 0 0 0 0 0 0 0 0 0]
[1126668086031410260622568314563971008735776964151959847001118355245929755286571849870848070355610234601152629701441394037483497748075118701302868758890023975209359329368195441978185532001866357660612456037562819347507471369772371738508988937487324398519179365927469960532279144953018718836614961 0 0 0 0 0 0 0 0 0 0 0 0 0 0 0 0 0 0 0 0 0 0 0 0 0 0 0 0 0 0 0 0 0 0 0 0 0 0 0 0 1 0 0 0 0 0 0 0 0 0 0 0 0 0 0 0 0 0 0 0 0 0 0 0 0 0 0 0 0 0 0 0 0 0 0 0 0 0 0 0 0 0 0 0 0 0 0 0 0 0 0 0 0 0 0 0 0]
[2579342863438473554253344155105678456877938840687483378051810862263680168271032916847226258370095954821843787299481602759667233190667036122631733323636283199348664890170170082507003665862188192406254096033729165042842831755287333507439377244968889637876191777009223039428631919781689798145285120 0 0 0 0 0 0 0 0 0 0 0 0 0 0 0 0 0 0 0 0 0 0 0 0 0 0 0 0 0 0 0 0 0 0 0 0 0 0 0 0 0 1 0 0 0 0 0 0 0 0 0 0 0 0 0 0 0 0 0 0 0 0 0 0 0 0 0 0 0 0 0 0 0 0 0 0 0 0 0 0 0 0 0 0 0 0 0 0 0 0 0 0 0 0 0 0 0]
[4191158034666916729342707795198519032541069934726395726390899278800151252487960038799239320899841867218315361364236181623835862958658142264676981764294755575989030472416453443739122517481142711885357251836516092725229854053128335383200862636877947082669110910659133097998002658483715286344128348 0 0 0 0 0 0 0 0 0 0 0 0 0 0 0 0 0 0 0 0 0 0 0 0 0 0 0 0 0 0 0 0 0 0 0 0 0 0 0 0 0 0 1 0 0 0 0 0 0 0 0 0 0 0 0 0 0 0 0 0 0 0 0 0 0 0 0 0 0 0 0 0 0 0 0 0 0 0 0 0 0 0 0 0 0 0 0 0 0 0 0 0 0 0 0 0 0]
[159452454506195404302512596148739807073604293750260835906044763422472621458541927245935480863420446102357990396246128218256639192508334129504419741532505901918297374361279901786374125297899559819162933043603837177253432058773738660313193775188760108814757717678139677330865498106603465826409985 0 0 0 0 0 0 0 0 0 0 0 0 0 0 0 0 0 0 0 0 0 0 0 0 0 0 0 0 0 0 0 0 0 0 0 0 0 0 0 0 0 0 0 1 0 0 0 0 0 0 0 0 0 0 0 0 0 0 0 0 0 0 0 0 0 0 0 0 0 0 0 0 0 0 0 0 0 0 0 0 0 0 0 0 0 0 0 0 0 0 0 0 0 0 0 0 0]
[1159244697537137671317351426915598792270173519229211775031094076491735407755069686819245565455906696910846490217087802684180381192575985374428763662955839892734261909958290858077696603900516513660957056180775003294305091703097762499379972596889921853034642551260695698982467053839553134347406157 0 0 0 0 0 0 0 0 0 0 0 0 0 0 0 0 0 0 0 0 0 0 0 0 0 0 0 0 0 0 0 0 0 0 0 0 0 0 0 0 0 0 0 0 1 0 0 0 0 0 0 0 0 0 0 0 0 0 0 0 0 0 0 0 0 0 0 0 0 0 0 0 0 0 0 0 0 0 0 0 0 0 0 0 0 0 0 0 0 0 0 0 0 0 0 0 0]
[4626439405718214753405045480913976075640292665226662010954098240555535958329973785571296153755702053741849303469363718022502984243917793555139726757094103383017581793711950666644662115811242372573738678549809990287511544706660950521327877078343344601229945093971647746031580334813678877660001300 0 0 0 0 0 0 0 0 0 0 0 0 0 0 0 0 0 0 0 0 0 0 0 0 0 0 0 0 0 0 0 0 0 0 0 0 0 0 0 0 0 0 0 0 0 1 0 0 0 0 0 0 0 0 0 0 0 0 0 0 0 0 0 0 0 0 0 0 0 0 0 0 0 0 0 0 0 0 0 0 0 0 0 0 0 0 0 0 0 0 0 0 0 0 0 0 0]
[706246365515612037987063550109228752682841419340640072631864277938538802911216621306995089908751376596917298940791887845058756020092353527484934566988586104788693539066979376452165235723090042822472431892109517928041058962488791845304178105844274736621433569831862756351309451832968613886489561 0 0 0 0 0 0 0 0 0 0 0 0 0 0 0 0 0 0 0 0 0 0 0 0 0 0 0 0 0 0 0 0 0 0 0 0 0 0 0 0 0 0 0 0 0 0 1 0 0 0 0 0 0 0 0 0 0 0 0 0 0 0 0 0 0 0 0 0 0 0 0 0 0 0 0 0 0 0 0 0 0 0 0 0 0 0 0 0 0 0 0 0 0 0 0 0 0]
[2431446503385716888162972507286083972755205451327805427319159754992138925266330100921443271816777948116431248480217888216187531398344807674204214161734929543540812859590596485144993220487427019589861758913958905739898727569892949435223724664880852558748088405580139763117157186129380224252232729 0 0 0 0 0 0 0 0 0 0 0 0 0 0 0 0 0 0 0 0 0 0 0 0 0 0 0 0 0 0 0 0 0 0 0 0 0 0 0 0 0 0 0 0 0 0 0 1 0 0 0 0 0 0 0 0 0 0 0 0 0 0 0 0 0 0 0 0 0 0 0 0 0 0 0 0 0 0 0 0 0 0 0 0 0 0 0 0 0 0 0 0 0 0 0 0 0]
[2119443471805449809861158504302493586837434938171387271867770985882965346756891445698159261970491284799897638350843839985979397062322406952607258811694841610102498840575071646899982785387667168228880717525543526632110228202580089247054760733903411389053965572502193697731160109871297586490263003 0 0 0 0 0 0 0 0 0 0 0 0 0 0 0 0 0 0 0 0 0 0 0 0 0 0 0 0 0 0 0 0 0 0 0 0 0 0 0 0 0 0 0 0 0 0 0 0 1 0 0 0 0 0 0 0 0 0 0 0 0 0 0 0 0 0 0 0 0 0 0 0 0 0 0 0 0 0 0 0 0 0 0 0 0 0 0 0 0 0 0 0 0 0 0 0 0]
[1266633716027155620377287730885233693977216205260070122799410261045959908941825013965806676670773334684938589500075920044259089193641173552984946430539105780934507104300795299372895818377842898168718657483154215487189340740867082960898795498859537595999373223506591737776619755026204330598982842 0 0 0 0 0 0 0 0 0 0 0 0 0 0 0 0 0 0 0 0 0 0 0 0 0 0 0 0 0 0 0 0 0 0 0 0 0 0 0 0 0 0 0 0 0 0 0 0 0 1 0 0 0 0 0 0 0 0 0 0 0 0 0 0 0 0 0 0 0 0 0 0 0 0 0 0 0 0 0 0 0 0 0 0 0 0 0 0 0 0 0 0 0 0 0 0 0]
[2644351449437554317626761387739841542968042547721790506791935205183150638404678496074787298324926747762956435573239322123760741839357889743094522190400682970777372540414959020024949982249410168496423118643520873134713200985990817546605271982907328897507442287849047889841084698462509511775351375 0 0 0 0 0 0 0 0 0 0 0 0 0 0 0 0 0 0 0 0 0 0 0 0 0 0 0 0 0 0 0 0 0 0 0 0 0 0 0 0 0 0 0 0 0 0 0 0 0 0 1 0 0 0 0 0 0 0 0 0 0 0 0 0 0 0 0 0 0 0 0 0 0 0 0 0 0 0 0 0 0 0 0 0 0 0 0 0 0 0 0 0 0 0 0 0 0]
[4677272325571236268133179235919816465060926314319451533871957400976324885351453585622006209478493022740200118163387462606637520812487426733696244045173988557647002607207331179536253533314815129867053970130285482771410075582749820264368529885577944224963104223671095882113729852412231589224199807 0 0 0 0 0 0 0 0 0 0 0 0 0 0 0 0 0 0 0 0 0 0 0 0 0 0 0 0 0 0 0 0 0 0 0 0 0 0 0 0 0 0 0 0 0 0 0 0 0 0 0 1 0 0 0 0 0 0 0 0 0 0 0 0 0 0 0 0 0 0 0 0 0 0 0 0 0 0 0 0 0 0 0 0 0 0 0 0 0 0 0 0 0 0 0 0 0]
[1291219021653234878595692060476433515000400674589171733865285103638198145525152308234004954519781104483497432085052087211257989484440078573212748290461336575979290058101541388349765881025217799026412610319653321405359338221405779699408920662102205464094385526380169738362941477964531918753063363 0 0 0 0 0 0 0 0 0 0 0 0 0 0 0 0 0 0 0 0 0 0 0 0 0 0 0 0 0 0 0 0 0 0 0 0 0 0 0 0 0 0 0 0 0 0 0 0 0 0 0 0 1 0 0 0 0 0 0 0 0 0 0 0 0 0 0 0 0 0 0 0 0 0 0 0 0 0 0 0 0 0 0 0 0 0 0 0 0 0 0 0 0 0 0 0 0]
[2817613967486254804927880845501359595653379066449375856312476836059756679067538939493421648377361339051513821868394270494070842216304567494947250870548504050944175788794573138718690799107086376636295486683816580319227080644625850648105136567741085063074133496313306252565817493883364575700436453 0 0 0 0 0 0 0 0 0 0 0 0 0 0 0 0 0 0 0 0 0 0 0 0 0 0 0 0 0 0 0 0 0 0 0 0 0 0 0 0 0 0 0 0 0 0 0 0 0 0 0 0 0 1 0 0 0 0 0 0 0 0 0 0 0 0 0 0 0 0 0 0 0 0 0 0 0 0 0 0 0 0 0 0 0 0 0 0 0 0 0 0 0 0 0 0 0]
[5234827311676402865405741259769846149411366700432571968400206034247132548356902239140074994311636806975440579194099075847395269923909395006049779532500861642854550349739259962922224069849968671124625807087575759300059586539779581364049326406462642888548375643870692405255209254056518474844019278 0 0 0 0 0 0 0 0 0 0 0 0 0 0 0 0 0 0 0 0 0 0 0 0 0 0 0 0 0 0 0 0 0 0 0 0 0 0 0 0 0 0 0 0 0 0 0 0 0 0 0 0 0 0 1 0 0 0 0 0 0 0 0 0 0 0 0 0 0 0 0 0 0 0 0 0 0 0 0 0 0 0 0 0 0 0 0 0 0 0 0 0 0 0 0 0 0]
[1530589042571960080859001592733504555877443530871361412972486622014176489448046212902725179756964506306627707715437775172247036890308956469624473493254378719410003429424328039652459318872900841750318464484314417283280124405550951938130468006034157452425521704646388290948821489892176387330882955 0 0 0 0 0 0 0 0 0 0 0 0 0 0 0 0 0 0 0 0 0 0 0 0 0 0 0 0 0 0 0 0 0 0 0 0 0 0 0 0 0 0 0 0 0 0 0 0 0 0 0 0 0 0 0 1 0 0 0 0 0 0 0 0 0 0 0 0 0 0 0 0 0 0 0 0 0 0 0 0 0 0 0 0 0 0 0 0 0 0 0 0 0 0 0 0 0]
[1632890721860000551918818377635541412526519353395275877407372612908088206117961417434522697232284793720925825297821927204781643184963681324057021571138788476264169714816802457337045126693378284856511856647740690880712150778933621653679517978206375498365291057557871713632578162145080368997964856 0 0 0 0 0 0 0 0 0 0 0 0 0 0 0 0 0 0 0 0 0 0 0 0 0 0 0 0 0 0 0 0 0 0 0 0 0 0 0 0 0 0 0 0 0 0 0 0 0 0 0 0 0 0 0 0 1 0 0 0 0 0 0 0 0 0 0 0 0 0 0 0 0 0 0 0 0 0 0 0 0 0 0 0 0 0 0 0 0 0 0 0 0 0 0 0 0]
[2398058365543676163401306328671527591398296550549929434595782999551175562693128872813867371655149370219528770435365096096505141281575445855863097516107121354798799495395540820421477502863355759099994566117125578996144801212007742796669496462132547732939929567143927380033229162612591957763550651 0 0 0 0 0 0 0 0 0 0 0 0 0 0 0 0 0 0 0 0 0 0 0 0 0 0 0 0 0 0 0 0 0 0 0 0 0 0 0 0 0 0 0 0 0 0 0 0 0 0 0 0 0 0 0 0 0 1 0 0 0 0 0 0 0 0 0 0 0 0 0 0 0 0 0 0 0 0 0 0 0 0 0 0 0 0 0 0 0 0 0 0 0 0 0 0 0]
[3477445406251159848567912607873230643184419848943796673141677013246927985478205704488051617304510876239887333540026151152934879953474289002650575226889704329886725965699805006181510179007816385674524909217110637709172116399496068960016166787492390329582130194054043867927598514054344316004811370 0 0 0 0 0 0 0 0 0 0 0 0 0 0 0 0 0 0 0 0 0 0 0 0 0 0 0 0 0 0 0 0 0 0 0 0 0 0 0 0 0 0 0 0 0 0 0 0 0 0 0 0 0 0 0 0 0 0 1 0 0 0 0 0 0 0 0 0 0 0 0 0 0 0 0 0 0 0 0 0 0 0 0 0 0 0 0 0 0 0 0 0 0 0 0 0 0]
[4729521649745888460967045139785527626525859448750171628909966352078266547594616004007302098854295598458915820792925004870512513751966280989864074460769271603670470539807155050536929533068742201305779679552875836690386339100147670081042266437851715824351144383521377410886667060593664017402457558 0 0 0 0 0 0 0 0 0 0 0 0 0 0 0 0 0 0 0 0 0 0 0 0 0 0 0 0 0 0 0 0 0 0 0 0 0 0 0 0 0 0 0 0 0 0 0 0 0 0 0 0 0 0 0 0 0 0 0 1 0 0 0 0 0 0 0 0 0 0 0 0 0 0 0 0 0 0 0 0 0 0 0 0 0 0 0 0 0 0 0 0 0 0 0 0 0]
[3989214045330369204777868613080718938505936194102447405752187861851229766764168404830871658130939564200811467118376711709220862167639662904851385988506450881968876106729246301837100203504993809599679212301214464433387159929398891573658784459370868161245213392736407139288738279843457810470688030 0 0 0 0 0 0 0 0 0 0 0 0 0 0 0 0 0 0 0 0 0 0 0 0 0 0 0 0 0 0 0 0 0 0 0 0 0 0 0 0 0 0 0 0 0 0 0 0 0 0 0 0 0 0 0 0 0 0 0 0 1 0 0 0 0 0 0 0 0 0 0 0 0 0 0 0 0 0 0 0 0 0 0 0 0 0 0 0 0 0 0 0 0 0 0 0 0]
[1311352709037067062807494761298869952352451547986595676195245796030156611660891988012782910877607041979500289073354268321364329069223852882378219446204389535788575759667066501622374354780998374860537861563518575991251780575414119645503682014845795144301256658203171600389254824923476991352271371 0 0 0 0 0 0 0 0 0 0 0 0 0 0 0 0 0 0 0 0 0 0 0 0 0 0 0 0 0 0 0 0 0 0 0 0 0 0 0 0 0 0 0 0 0 0 0 0 0 0 0 0 0 0 0 0 0 0 0 0 0 1 0 0 0 0 0 0 0 0 0 0 0 0 0 0 0 0 0 0 0 0 0 0 0 0 0 0 0 0 0 0 0 0 0 0 0]
[4575953235527197572008947377769544734676493912677804460563196652415647884540934683127565193210716638860821271771711901114599146309473984558767955594269281512951741323720146465476272691064050598951623372924985888255400390359717132762759730450422381654308574663894456981287959384516970904324259224 0 0 0 0 0 0 0 0 0 0 0 0 0 0 0 0 0 0 0 0 0 0 0 0 0 0 0 0 0 0 0 0 0 0 0 0 0 0 0 0 0 0 0 0 0 0 0 0 0 0 0 0 0 0 0 0 0 0 0 0 0 0 1 0 0 0 0 0 0 0 0 0 0 0 0 0 0 0 0 0 0 0 0 0 0 0 0 0 0 0 0 0 0 0 0 0 0]
[4212620945019769276685704377275144301994158677385169179231539788847069118126668412730177547251380250001359971058318799016009242063609282269738575093203737855794023319985123623076806127634475865405316688111368672170676390342974846419065200372439418444216630118838066874481457883479307904441272556 0 0 0 0 0 0 0 0 0 0 0 0 0 0 0 0 0 0 0 0 0 0 0 0 0 0 0 0 0 0 0 0 0 0 0 0 0 0 0 0 0 0 0 0 0 0 0 0 0 0 0 0 0 0 0 0 0 0 0 0 0 0 0 1 0 0 0 0 0 0 0 0 0 0 0 0 0 0 0 0 0 0 0 0 0 0 0 0 0 0 0 0 0 0 0 0 0]
[1657555439487828590255291438906527087718199017267859587368960895982857375067392035920316355260485686247979638418465201766089441306663138965007928628271407544418896904122300164161543453940078958316088476467874074106853838173892207187071221722768852492015591112408913363410469430091805280280431825 0 0 0 0 0 0 0 0 0 0 0 0 0 0 0 0 0 0 0 0 0 0 0 0 0 0 0 0 0 0 0 0 0 0 0 0 0 0 0 0 0 0 0 0 0 0 0 0 0 0 0 0 0 0 0 0 0 0 0 0 0 0 0 0 1 0 0 0 0 0 0 0 0 0 0 0 0 0 0 0 0 0 0 0 0 0 0 0 0 0 0 0 0 0 0 0 0]
[2956984855293389022845603880980753398699108464996990862555407343642883145561298708624339844892967390320124774201489498567957725135306875333906094321814607496304147461232210522035139159045454754281979326986495297735393298420499379135287539465656007674859228947883775391996875588187153213197136151 0 0 0 0 0 0 0 0 0 0 0 0 0 0 0 0 0 0 0 0 0 0 0 0 0 0 0 0 0 0 0 0 0 0 0 0 0 0 0 0 0 0 0 0 0 0 0 0 0 0 0 0 0 0 0 0 0 0 0 0 0 0 0 0 0 1 0 0 0 0 0 0 0 0 0 0 0 0 0 0 0 0 0 0 0 0 0 0 0 0 0 0 0 0 0 0 0]
[3131543124090574479051166993482739061634614386180834969270819406599538186451986793589596481008144264997813815799575151276056497709333158054366274896943308059682611849287896316807402218916005580785423918677113095168878008307272201307460028027076167938460169324777484218458663724699514703276927977 0 0 0 0 0 0 0 0 0 0 0 0 0 0 0 0 0 0 0 0 0 0 0 0 0 0 0 0 0 0 0 0 0 0 0 0 0 0 0 0 0 0 0 0 0 0 0 0 0 0 0 0 0 0 0 0 0 0 0 0 0 0 0 0 0 0 1 0 0 0 0 0 0 0 0 0 0 0 0 0 0 0 0 0 0 0 0 0 0 0 0 0 0 0 0 0 0]
[2912918380546002821577207125586082470545724497777676171814746164736633472135751795259718523065350646346911183918034141091105929162702989070240615053066844379069136559447398049238667742678423676213839556546022975564364985121773196438689300874072278682415896786177122620269832955672433650338855755 0 0 0 0 0 0 0 0 0 0 0 0 0 0 0 0 0 0 0 0 0 0 0 0 0 0 0 0 0 0 0 0 0 0 0 0 0 0 0 0 0 0 0 0 0 0 0 0 0 0 0 0 0 0 0 0 0 0 0 0 0 0 0 0 0 0 0 1 0 0 0 0 0 0 0 0 0 0 0 0 0 0 0 0 0 0 0 0 0 0 0 0 0 0 0 0 0]
[3898279371420837835371833860463314565796939578224205244158871716273832820309973228200787050964013154375088963837105267323126635031516162988798250701115216590340626060773086308318069623355561708429596953339787602192237869085290505692898376892648803634086939359652283261361872493676733637342127857 0 0 0 0 0 0 0 0 0 0 0 0 0 0 0 0 0 0 0 0 0 0 0 0 0 0 0 0 0 0 0 0 0 0 0 0 0 0 0 0 0 0 0 0 0 0 0 0 0 0 0 0 0 0 0 0 0 0 0 0 0 0 0 0 0 0 0 0 1 0 0 0 0 0 0 0 0 0 0 0 0 0 0 0 0 0 0 0 0 0 0 0 0 0 0 0 0]
[2505649442149143901687619353031071563867369233037242809973357008581886444953763085734393250925126320238646432150872447592590253114214138745346267698736431746554122449353167740827158390985315670596919221173846496159093509914452165310918140760312093216018879541038024448167290789305686763400275040 0 0 0 0 0 0 0 0 0 0 0 0 0 0 0 0 0 0 0 0 0 0 0 0 0 0 0 0 0 0 0 0 0 0 0 0 0 0 0 0 0 0 0 0 0 0 0 0 0 0 0 0 0 0 0 0 0 0 0 0 0 0 0 0 0 0 0 0 0 1 0 0 0 0 0 0 0 0 0 0 0 0 0 0 0 0 0 0 0 0 0 0 0 0 0 0 0]
[2774989598008713001132342384857929215027167027349855301329518953291605157651581391894825205900502051611292535830352856874527641209404045737016746254487012369649651889087512411978195965398503351239313431280234408173691970811068919592240700359825866102215662547106319590409938098707462078614015290 0 0 0 0 0 0 0 0 0 0 0 0 0 0 0 0 0 0 0 0 0 0 0 0 0 0 0 0 0 0 0 0 0 0 0 0 0 0 0 0 0 0 0 0 0 0 0 0 0 0 0 0 0 0 0 0 0 0 0 0 0 0 0 0 0 0 0 0 0 0 1 0 0 0 0 0 0 0 0 0 0 0 0 0 0 0 0 0 0 0 0 0 0 0 0 0 0]
[1056509896626238981196655282918142658458745038752270468198858457126902909506414023832774974945661378247582578585439820062649077155699733937137478305667886313940449590836175177456399742737412279808856533540485560636824994640750872965564816548234581128585735234310881696990405189023827031748927578 0 0 0 0 0 0 0 0 0 0 0 0 0 0 0 0 0 0 0 0 0 0 0 0 0 0 0 0 0 0 0 0 0 0 0 0 0 0 0 0 0 0 0 0 0 0 0 0 0 0 0 0 0 0 0 0 0 0 0 0 0 0 0 0 0 0 0 0 0 0 0 1 0 0 0 0 0 0 0 0 0 0 0 0 0 0 0 0 0 0 0 0 0 0 0 0 0]
[4118076190830687782464719562004646464556434158926987677792833691742818058262174731387532828758733195172928294252031385534508248839771735730060715837141071096182535264745370768267865788752834707418353181071366809066435619691459865169150146384100072849527944901288732744824809268213396232150206757 0 0 0 0 0 0 0 0 0 0 0 0 0 0 0 0 0 0 0 0 0 0 0 0 0 0 0 0 0 0 0 0 0 0 0 0 0 0 0 0 0 0 0 0 0 0 0 0 0 0 0 0 0 0 0 0 0 0 0 0 0 0 0 0 0 0 0 0 0 0 0 0 1 0 0 0 0 0 0 0 0 0 0 0 0 0 0 0 0 0 0 0 0 0 0 0 0]
[401978186145720872413894435022778582027395836440974803800705368537692085507775955367170730904404309901422844733997778946074216905453789502547924458220079098144353157420241611911287697815062370721504124331026767767923463678123761082810035744998428044389649094771962830451759902948345116277634833 0 0 0 0 0 0 0 0 0 0 0 0 0 0 0 0 0 0 0 0 0 0 0 0 0 0 0 0 0 0 0 0 0 0 0 0 0 0 0 0 0 0 0 0 0 0 0 0 0 0 0 0 0 0 0 0 0 0 0 0 0 0 0 0 0 0 0 0 0 0 0 0 0 1 0 0 0 0 0 0 0 0 0 0 0 0 0 0 0 0 0 0 0 0 0 0 0]
[1397546904553857084918198414475783283771437290633195520670158750938092498638982429552692435101285763024623093161043654481546044386541853799883711042811355799891450289245197749632002013429499845275931027632201953830009750153899072890090036431696726321973509292407133060730077962499458004060246052 0 0 0 0 0 0 0 0 0 0 0 0 0 0 0 0 0 0 0 0 0 0 0 0 0 0 0 0 0 0 0 0 0 0 0 0 0 0 0 0 0 0 0 0 0 0 0 0 0 0 0 0 0 0 0 0 0 0 0 0 0 0 0 0 0 0 0 0 0 0 0 0 0 0 1 0 0 0 0 0 0 0 0 0 0 0 0 0 0 0 0 0 0 0 0 0 0]
[3807571479540963769468096338241554051958919785183334861456620557186272780005461487232306490244533040249037772827831635188495870379150517970417176294553279121751075135434357275267694659025344564767184562930677776437390173707529273675783080907387948684479053538931503666443044398692737215335204176 0 0 0 0 0 0 0 0 0 0 0 0 0 0 0 0 0 0 0 0 0 0 0 0 0 0 0 0 0 0 0 0 0 0 0 0 0 0 0 0 0 0 0 0 0 0 0 0 0 0 0 0 0 0 0 0 0 0 0 0 0 0 0 0 0 0 0 0 0 0 0 0 0 0 0 1 0 0 0 0 0 0 0 0 0 0 0 0 0 0 0 0 0 0 0 0 0]
[4554364520945766167810658768057349273907920611287353332674608340612339272881050767074778768019849645356335436553217333808062838284536571140107497258405631392658044691645393971095832296602000009460513564400205493679498779357432231749285220421198445680973634956077080134161216767913231034200525851 0 0 0 0 0 0 0 0 0 0 0 0 0 0 0 0 0 0 0 0 0 0 0 0 0 0 0 0 0 0 0 0 0 0 0 0 0 0 0 0 0 0 0 0 0 0 0 0 0 0 0 0 0 0 0 0 0 0 0 0 0 0 0 0 0 0 0 0 0 0 0 0 0 0 0 0 1 0 0 0 0 0 0 0 0 0 0 0 0 0 0 0 0 0 0 0 0]
[4375475721817521767641975170964372922743269872985719325752869467985195544807155327218956356392140362431211279942121132252455338074157129204030039803422695954867567853307587546925934864019552269413997344933465588929446659759496966817379497797914688412915619760473159695704670557508154134523875557 0 0 0 0 0 0 0 0 0 0 0 0 0 0 0 0 0 0 0 0 0 0 0 0 0 0 0 0 0 0 0 0 0 0 0 0 0 0 0 0 0 0 0 0 0 0 0 0 0 0 0 0 0 0 0 0 0 0 0 0 0 0 0 0 0 0 0 0 0 0 0 0 0 0 0 0 0 1 0 0 0 0 0 0 0 0 0 0 0 0 0 0 0 0 0 0 0]
[2732945207224581328779731891073697350093241228184054724583008387985394960627262853392501426058965854882722318772700717048475255100737353574367310936418525952066219746186312505928712897775868869131733694325612096368067749525733284986437679847613109451676224620934601602196939950289650119077900233 0 0 0 0 0 0 0 0 0 0 0 0 0 0 0 0 0 0 0 0 0 0 0 0 0 0 0 0 0 0 0 0 0 0 0 0 0 0 0 0 0 0 0 0 0 0 0 0 0 0 0 0 0 0 0 0 0 0 0 0 0 0 0 0 0 0 0 0 0 0 0 0 0 0 0 0 0 0 1 0 0 0 0 0 0 0 0 0 0 0 0 0 0 0 0 0 0]
[4699464132762206381059910318131581001623593261887083355930712186432567672790648163115818063558288296622118368657076646008965512457221481227081024603350128727073645408478292537316813780153860044335112468337465582374702679287140059651840170479395443566277404390146923040872569524914247556375830221 0 0 0 0 0 0 0 0 0 0 0 0 0 0 0 0 0 0 0 0 0 0 0 0 0 0 0 0 0 0 0 0 0 0 0 0 0 0 0 0 0 0 0 0 0 0 0 0 0 0 0 0 0 0 0 0 0 0 0 0 0 0 0 0 0 0 0 0 0 0 0 0 0 0 0 0 0 0 0 1 0 0 0 0 0 0 0 0 0 0 0 0 0 0 0 0 0]
[5541860143733962385105783227443475575091267850421897658978101482518607739369448954681179117975837882944688732306375825775062695901108461038943665218215778836865379276118328564798392633825197244196410968773694509413143641939929960587664296626091417891106277540698716497651419939871336785265184201 0 0 0 0 0 0 0 0 0 0 0 0 0 0 0 0 0 0 0 0 0 0 0 0 0 0 0 0 0 0 0 0 0 0 0 0 0 0 0 0 0 0 0 0 0 0 0 0 0 0 0 0 0 0 0 0 0 0 0 0 0 0 0 0 0 0 0 0 0 0 0 0 0 0 0 0 0 0 0 0 1 0 0 0 0 0 0 0 0 0 0 0 0 0 0 0 0]
[848928049671006913225852927700614435714711508018843962226545988795204062977183292208430787889080775248345230743220325772955513041484210839929269781687148967671456735878014607893727250759752226517763189603167836877713093490412624107229554240067957738621056668764550429211819418902800181557726698 0 0 0 0 0 0 0 0 0 0 0 0 0 0 0 0 0 0 0 0 0 0 0 0 0 0 0 0 0 0 0 0 0 0 0 0 0 0 0 0 0 0 0 0 0 0 0 0 0 0 0 0 0 0 0 0 0 0 0 0 0 0 0 0 0 0 0 0 0 0 0 0 0 0 0 0 0 0 0 0 0 1 0 0 0 0 0 0 0 0 0 0 0 0 0 0 0]
[258067205387773436018060451408111058514011809176612347922523359115516973613111239272162988502071550300228138794773156811621458685751559235701005987627661438809825492874771017606917149411194067344097233124574588461094992604580746424246070236530718023249878052041166076864995066459456221945798047 0 0 0 0 0 0 0 0 0 0 0 0 0 0 0 0 0 0 0 0 0 0 0 0 0 0 0 0 0 0 0 0 0 0 0 0 0 0 0 0 0 0 0 0 0 0 0 0 0 0 0 0 0 0 0 0 0 0 0 0 0 0 0 0 0 0 0 0 0 0 0 0 0 0 0 0 0 0 0 0 0 0 1 0 0 0 0 0 0 0 0 0 0 0 0 0 0]
[5860791299891819838729302894303508528859653328685840223853167155519954394775647578640845425605362239955993067850645365293122469834448682596869727151915285253542339836502702733906248025551808250845726287409288306578070543613666121712093338908835463459415498813557969770123753828241059091623327163 0 0 0 0 0 0 0 0 0 0 0 0 0 0 0 0 0 0 0 0 0 0 0 0 0 0 0 0 0 0 0 0 0 0 0 0 0 0 0 0 0 0 0 0 0 0 0 0 0 0 0 0 0 0 0 0 0 0 0 0 0 0 0 0 0 0 0 0 0 0 0 0 0 0 0 0 0 0 0 0 0 0 0 1 0 0 0 0 0 0 0 0 0 0 0 0 0]
[2041908927231361159273496543241511547011466756920315897515813981119833099153775471178837694583486495410705739619697293998078503147213545429678484634659370138730083237374007560736626942379235023281526744384458553738632320549461684499675021774832100226910831653148927803483072555048979611374076736 0 0 0 0 0 0 0 0 0 0 0 0 0 0 0 0 0 0 0 0 0 0 0 0 0 0 0 0 0 0 0 0 0 0 0 0 0 0 0 0 0 0 0 0 0 0 0 0 0 0 0 0 0 0 0 0 0 0 0 0 0 0 0 0 0 0 0 0 0 0 0 0 0 0 0 0 0 0 0 0 0 0 0 0 1 0 0 0 0 0 0 0 0 0 0 0 0]
[2023197387370686018688891953402617819303332023616071951909107954027359784968175284118276284070935552220745545323496718359969850262864971394300211172404613756308131559263873424444353990531387063455873183338311641829731130695172585368480407289435649419109093242488869870284050596415744458117158893 0 0 0 0 0 0 0 0 0 0 0 0 0 0 0 0 0 0 0 0 0 0 0 0 0 0 0 0 0 0 0 0 0 0 0 0 0 0 0 0 0 0 0 0 0 0 0 0 0 0 0 0 0 0 0 0 0 0 0 0 0 0 0 0 0 0 0 0 0 0 0 0 0 0 0 0 0 0 0 0 0 0 0 0 0 1 0 0 0 0 0 0 0 0 0 0 0]
[534015848057513023269486761515826713070753495618019006292284091526756297186728106549263787956106108105885244509791132933421896874583882865107626546590897090316566870630970228516669151647046876884972796992337464429243882770379008758560490001015806809410205065737194605521137195010246331392284630 0 0 0 0 0 0 0 0 0 0 0 0 0 0 0 0 0 0 0 0 0 0 0 0 0 0 0 0 0 0 0 0 0 0 0 0 0 0 0 0 0 0 0 0 0 0 0 0 0 0 0 0 0 0 0 0 0 0 0 0 0 0 0 0 0 0 0 0 0 0 0 0 0 0 0 0 0 0 0 0 0 0 0 0 0 0 1 0 0 0 0 0 0 0 0 0 0]
[4311381596277191688342193183499927225323389952835435774919621395286391182693980151266454950994377143732492643760436941112382372761833379707851758539150267230709022096989030224913416193926051498236466070741219503482285750849940472363572662626935031216644975542740978406665610518981453464719602188 0 0 0 0 0 0 0 0 0 0 0 0 0 0 0 0 0 0 0 0 0 0 0 0 0 0 0 0 0 0 0 0 0 0 0 0 0 0 0 0 0 0 0 0 0 0 0 0 0 0 0 0 0 0 0 0 0 0 0 0 0 0 0 0 0 0 0 0 0 0 0 0 0 0 0 0 0 0 0 0 0 0 0 0 0 0 0 1 0 0 0 0 0 0 0 0 0]
[1288339376862774729241334036330968266497855508203597655697831408721438088169579356299694890276075839209123831446820030808968464575890529986566680976508602383394586527675046086670439743034398124505773069074714050636098252738430863235516635976650824393048231578696243501734320491741214231832492180 0 0 0 0 0 0 0 0 0 0 0 0 0 0 0 0 0 0 0 0 0 0 0 0 0 0 0 0 0 0 0 0 0 0 0 0 0 0 0 0 0 0 0 0 0 0 0 0 0 0 0 0 0 0 0 0 0 0 0 0 0 0 0 0 0 0 0 0 0 0 0 0 0 0 0 0 0 0 0 0 0 0 0 0 0 0 0 0 1 0 0 0 0 0 0 0 0]
[5707331876615121132874236379211351261795651073545222513181384585381165793967985164618296084451999596861870062662443148284016363441688296153373848189104950658356677982582309291252913081070663979980666910674514714933977488914868858148602825759124356834454704774397915290070992125032533217590481308 0 0 0 0 0 0 0 0 0 0 0 0 0 0 0 0 0 0 0 0 0 0 0 0 0 0 0 0 0 0 0 0 0 0 0 0 0 0 0 0 0 0 0 0 0 0 0 0 0 0 0 0 0 0 0 0 0 0 0 0 0 0 0 0 0 0 0 0 0 0 0 0 0 0 0 0 0 0 0 0 0 0 0 0 0 0 0 0 0 1 0 0 0 0 0 0 0]
[5382759672342758168611166508021744429792792286658081374833954001282772399550539740948764792562678415588669932135174760799624651254589888577563725322032784073415231603763927339149612380159317405714471656726214562461875096176860640354095877898922438157281143502927123296257013788646940632741870378 0 0 0 0 0 0 0 0 0 0 0 0 0 0 0 0 0 0 0 0 0 0 0 0 0 0 0 0 0 0 0 0 0 0 0 0 0 0 0 0 0 0 0 0 0 0 0 0 0 0 0 0 0 0 0 0 0 0 0 0 0 0 0 0 0 0 0 0 0 0 0 0 0 0 0 0 0 0 0 0 0 0 0 0 0 0 0 0 0 0 1 0 0 0 0 0 0]
[1396189336680404929219440760181708942200417529777423776507794737049972656400477516752627921348081615323486208279718030103780625707838013609405873616655461541441902991719180595721742154193735732720013237233606185072897741705385332189011943240846624087184726219062051469491988125374436482541599292 0 0 0 0 0 0 0 0 0 0 0 0 0 0 0 0 0 0 0 0 0 0 0 0 0 0 0 0 0 0 0 0 0 0 0 0 0 0 0 0 0 0 0 0 0 0 0 0 0 0 0 0 0 0 0 0 0 0 0 0 0 0 0 0 0 0 0 0 0 0 0 0 0 0 0 0 0 0 0 0 0 0 0 0 0 0 0 0 0 0 0 1 0 0 0 0 0]
[1807618117345755801476689035615701549652271953947672844500285129611193190587907071508336110634694284526434969216119512071072284188361861861313048485461746476508002098848148108851156205369317361997053884732178648822874053002552164484918465743371332882718496129467438564079482690136552221806529837 0 0 0 0 0 0 0 0 0 0 0 0 0 0 0 0 0 0 0 0 0 0 0 0 0 0 0 0 0 0 0 0 0 0 0 0 0 0 0 0 0 0 0 0 0 0 0 0 0 0 0 0 0 0 0 0 0 0 0 0 0 0 0 0 0 0 0 0 0 0 0 0 0 0 0 0 0 0 0 0 0 0 0 0 0 0 0 0 0 0 0 0 1 0 0 0 0]
[1790139181762035208797482155111139096122985294694122412939446057054923936354965147558833409824189366568655202540482766648532383804769932686054053883157598658463073091466680627289712989131633788643208011949199712732405701668803231247474946168450250483555910794527942633849154957271905866955130661 0 0 0 0 0 0 0 0 0 0 0 0 0 0 0 0 0 0 0 0 0 0 0 0 0 0 0 0 0 0 0 0 0 0 0 0 0 0 0 0 0 0 0 0 0 0 0 0 0 0 0 0 0 0 0 0 0 0 0 0 0 0 0 0 0 0 0 0 0 0 0 0 0 0 0 0 0 0 0 0 0 0 0 0 0 0 0 0 0 0 0 0 0 1 0 0 0]
[827977310048898869725894223165460539232695115004410306898106354552751798053445003770839102073687100075365957976918916316529712441331102556596812237807883941599543160616023643794472348648055100488390452189995209111201226003464583863555855246328158319301833040308995948924233241206346772373001492 0 0 0 0 0 0 0 0 0 0 0 0 0 0 0 0 0 0 0 0 0 0 0 0 0 0 0 0 0 0 0 0 0 0 0 0 0 0 0 0 0 0 0 0 0 0 0 0 0 0 0 0 0 0 0 0 0 0 0 0 0 0 0 0 0 0 0 0 0 0 0 0 0 0 0 0 0 0 0 0 0 0 0 0 0 0 0 0 0 0 0 0 0 0 1 0 0]
[5632332503882484845591872260708898851672382945961793123275020548291930007943556233164424406019124540223990597435186986525871350166665854768462714390588150407794068231507619274717048051328530514154260778399081226387337360610419463131931888198167993166520407408441711955932413782063401894920723824 0 0 0 0 0 0 0 0 0 0 0 0 0 0 0 0 0 0 0 0 0 0 0 0 0 0 0 0 0 0 0 0 0 0 0 0 0 0 0 0 0 0 0 0 0 0 0 0 0 0 0 0 0 0 0 0 0 0 0 0 0 0 0 0 0 0 0 0 0 0 0 0 0 0 0 0 0 0 0 0 0 0 0 0 0 0 0 0 0 0 0 0 0 0 0 1 0]
[2674880685640456802261187640501957272729967834002166787323135857668293635848747866129740059764402167512614054006419731256858995634629758306063794833998934463643148176459976592079780240254515602116758980705561091123894883701273322497343382601405836188928258323538722225371825415639778349408230740 0 0 0 0 0 0 0 0 0 0 0 0 0 0 0 0 0 0 0 0 0 0 0 0 0 0 0 0 0 0 0 0 0 0 0 0 0 0 0 0 0 0 0 0 0 0 0 0 0 0 0 0 0 0 0 0 0 0 0 0 0 0 0 0 0 0 0 0 0 0 0 0 0 0 0 0 0 0 0 0 0 0 0 0 0 0 0 0 0 0 0 0 0 0 0 0 1]
]
