[[9010527227878966438815941894353427057542467042800388229583743058265955240736662480126372606771716466425734117114871103925517908516566773885325957006087514795836360859072967204797164381097923211849543955341999704431238680002927060449396738474778276514141664810703400356639668562472844097905390189 0 0 0 0 0 0 0 0 0 0 0 0 0 0 0 0 0 0 0 0 0 0 0 0 0 0 0 0 0 0 0 0 0 0 0 0 0 0 0 0 0 0 0 0 0 0 0 0 0 0 0 0 0 0 0 0 0 0 0 0 0 0 0 0 0 0 0 0 0 0 0 0 0 0 0 0 0 0 0 0 0 0 0 0 0 0 0 0 0 0 0 0 0 0 0 0 0]
[8523860498849176595440233328588110367456100733123503220085043563294517696102059692326030554469918796225306230550758384206402717750554287843470904089810242458469353428157511646295491979864413405552398466761240620346861940012604530506798914544918038288881906993011711391674401493477261065806948302 1 0 0 0 0 0 0 0 0 0 0 0 0 0 0 0 0 0 0 0 0 0 0 0 0 0 0 0 0 0 0 0 0 0 0 0 0 0 0 0 0 0 0 0 0 0 0 0 0 0 0 0 0 0 0 0 0 0 0 0 0 0 0 0 0 0 0 0 0 0 0 0 0 0 0 0 0 0 0 0 0 0 0 0 0 0 0 0 0 0 0 0 0 0 0 0 0]
[3918688088113356225434767526119952675958355535758948204446472604453933189658224430813477857753751844518514597854811137892209441878105692184254203595347370547544653000387553032336986447716948733281565417880619137994747968298615967323143771231620455099628543780387073319393154893152700281299690587 0 1 0 0 0 0 0 0 0 0 0 0 0 0 0 0 0 0 0 0 0 0 0 0 0 0 0 0 0 0 0 0 0 0 0 0 0 0 0 0 0 0 0 0 0 0 0 0 0 0 0 0 0 0 0 0 0 0 0 0 0 0 0 0 0 0 0 0 0 0 0 0 0 0 0 0 0 0 0 0 0 0 0 0 0 0 0 0 0 0 0 0 0 0 0 0 0]
[6614404457078855664326947718127408399395322767176261140347765057497392319879454361948270602813672177989863288604219364563196643688905449643497924942726733099771788902289105377368075379706637979523573071446618140359526273436512060420550456329817042894766492024460720766677269259765021705229265704 0 0 1 0 0 0 0 0 0 0 0 0 0 0 0 0 0 0 0 0 0 0 0 0 0 0 0 0 0 0 0 0 0 0 0 0 0 0 0 0 0 0 0 0 0 0 0 0 0 0 0 0 0 0 0 0 0 0 0 0 0 0 0 0 0 0 0 0 0 0 0 0 0 0 0 0 0 0 0 0 0 0 0 0 0 0 0 0 0 0 0 0 0 0 0 0 0]
[7818025735826578271097734145349851723602983415459428012211011264641946785309945398800618836101344055933837176489307513883237568774989974012705374154425058819759411905599906012454090902873027420918768926230053601544786871725828695779599991962349953914567295921198166851822505917340288928884617352 0 0 0 1 0 0 0 0 0 0 0 0 0 0 0 0 0 0 0 0 0 0 0 0 0 0 0 0 0 0 0 0 0 0 0 0 0 0 0 0 0 0 0 0 0 0 0 0 0 0 0 0 0 0 0 0 0 0 0 0 0 0 0 0 0 0 0 0 0 0 0 0 0 0 0 0 0 0 0 0 0 0 0 0 0 0 0 0 0 0 0 0 0 0 0 0 0]
[162875859435091636163078319305468596244468910058644130557087875786646227549513753719081348869336242721158828956093854796056352132235365329308968521430363407955311709252842565829102455945301996937607928690945620927289394417701270302435745318118467874734384348710728472882838005853574825351764750 0 0 0 0 1 0 0 0 0 0 0 0 0 0 0 0 0 0 0 0 0 0 0 0 0 0 0 0 0 0 0 0 0 0 0 0 0 0 0 0 0 0 0 0 0 0 0 0 0 0 0 0 0 0 0 0 0 0 0 0 0 0 0 0 0 0 0 0 0 0 0 0 0 0 0 0 0 0 0 0 0 0 0 0 0 0 0 0 0 0 0 0 0 0 0 0 0]
[6459604680472980972696506005276209792574193801640812673720073171134976213867858212384614456605773641484717454540299136840160410678723231959095057784774731463049685949863592713539728464198718710397850511874021687445277375051268796475236993200684335270642565616065734958302434344229748550499908508 0 0 0 0 0 1 0 0 0 0 0 0 0 0 0 0 0 0 0 0 0 0 0 0 0 0 0 0 0 0 0 0 0 0 0 0 0 0 0 0 0 0 0 0 0 0 0 0 0 0 0 0 0 0 0 0 0 0 0 0 0 0 0 0 0 0 0 0 0 0 0 0 0 0 0 0 0 0 0 0 0 0 0 0 0 0 0 0 0 0 0 0 0 0 0 0 0]
[8204059535480932060208288656070847326702176088325374708746947123817591649232267273003529224302175474807889755151371831277943612177927497380332180521041176719713371655243656860472845492216875911703676869851560595489641157825960740001655650170581479576114904088244860885183860358176401007981813007 0 0 0 0 0 0 1 0 0 0 0 0 0 0 0 0 0 0 0 0 0 0 0 0 0 0 0 0 0 0 0 0 0 0 0 0 0 0 0 0 0 0 0 0 0 0 0 0 0 0 0 0 0 0 0 0 0 0 0 0 0 0 0 0 0 0 0 0 0 0 0 0 0 0 0 0 0 0 0 0 0 0 0 0 0 0 0 0 0 0 0 0 0 0 0 0 0]
[8100376327982527924156202216456224586955330545189561707118389139332073576964058174860542446213442157320203546533285334601034539039609421360620049287659540422633120413056254827352510730713318123300189245706858044205041615850245286781584966553496168134178866823378339287091097189063421327712124917 0 0 0 0 0 0 0 1 0 0 0 0 0 0 0 0 0 0 0 0 0 0 0 0 0 0 0 0 0 0 0 0 0 0 0 0 0 0 0 0 0 0 0 0 0 0 0 0 0 0 0 0 0 0 0 0 0 0 0 0 0 0 0 0 0 0 0 0 0 0 0 0 0 0 0 0 0 0 0 0 0 0 0 0 0 0 0 0 0 0 0 0 0 0 0 0 0]
[200566219438451215906889117016192150218690276090694492122010311384219859527359683337635675750330202130534367464045036398360352005661446880959009095908931431620175665174015159897835639489253006306623227292103650114603066949024756115009712548490290239601808214765775151822780052456609431880716798 0 0 0 0 0 0 0 0 1 0 0 0 0 0 0 0 0 0 0 0 0 0 0 0 0 0 0 0 0 0 0 0 0 0 0 0 0 0 0 0 0 0 0 0 0 0 0 0 0 0 0 0 0 0 0 0 0 0 0 0 0 0 0 0 0 0 0 0 0 0 0 0 0 0 0 0 0 0 0 0 0 0 0 0 0 0 0 0 0 0 0 0 0 0 0 0 0]
[479660083231676975434049402825936989093228959367397753403886444921332882926518511578559631487531022050402128258750818870521742740756259968513139115518175787690732282961531458353391799973741790727073670528004811888102169013079650600260241413053294194364557104337122906664450369721719988486671036 0 0 0 0 0 0 0 0 0 1 0 0 0 0 0 0 0 0 0 0 0 0 0 0 0 0 0 0 0 0 0 0 0 0 0 0 0 0 0 0 0 0 0 0 0 0 0 0 0 0 0 0 0 0 0 0 0 0 0 0 0 0 0 0 0 0 0 0 0 0 0 0 0 0 0 0 0 0 0 0 0 0 0 0 0 0 0 0 0 0 0 0 0 0 0 0 0]
[8233604762117873208208234737016771290536157494452164972299285073651492170085898951538026112985952195904058365762272212143631702501628805145078660681988084460084021474470836649512787616037916632453294154217791231866260320186560351633903302498934118080811184543735796733528535692957097794451900939 0 0 0 0 0 0 0 0 0 0 1 0 0 0 0 0 0 0 0 0 0 0 0 0 0 0 0 0 0 0 0 0 0 0 0 0 0 0 0 0 0 0 0 0 0 0 0 0 0 0 0 0 0 0 0 0 0 0 0 0 0 0 0 0 0 0 0 0 0 0 0 0 0 0 0 0 0 0 0 0 0 0 0 0 0 0 0 0 0 0 0 0 0 0 0 0 0]
[479053211969565598170600551467578547660075392629435055602933521453847220306548021934977503086695597246185534143261124452194370423856891529190444327396411967525265217027925588611823096340336123986818216321466608689018335866594288631249841154329446429202519188931205465002713609254835760426511210 0 0 0 0 0 0 0 0 0 0 0 1 0 0 0 0 0 0 0 0 0 0 0 0 0 0 0 0 0 0 0 0 0 0 0 0 0 0 0 0 0 0 0 0 0 0 0 0 0 0 0 0 0 0 0 0 0 0 0 0 0 0 0 0 0 0 0 0 0 0 0 0 0 0 0 0 0 0 0 0 0 0 0 0 0 0 0 0 0 0 0 0 0 0 0 0 0]
[3213441007233173982975263539109375076366684156760035872520282798365532319722767506377303446940944003018028653762268061940943162282741602647117534430249011945178321003874681656444154815815576262973526458313443440661168137201638914871576609575990114489562015370892873918890899994384784444063304869 0 0 0 0 0 0 0 0 0 0 0 0 1 0 0 0 0 0 0 0 0 0 0 0 0 0 0 0 0 0 0 0 0 0 0 0 0 0 0 0 0 0 0 0 0 0 0 0 0 0 0 0 0 0 0 0 0 0 0 0 0 0 0 0 0 0 0 0 0 0 0 0 0 0 0 0 0 0 0 0 0 0 0 0 0 0 0 0 0 0 0 0 0 0 0 0 0]
[3954017595472492770629010748908996986118544212152242763002250379982441038800775877150899598391728824495026845158945539258174425173619069896709307999944101155544813735454500632551751256626846696820250896922394814188167040704211793138298896673248929903122687715882790909388699333022401671093454055 0 0 0 0 0 0 0 0 0 0 0 0 0 1 0 0 0 0 0 0 0 0 0 0 0 0 0 0 0 0 0 0 0 0 0 0 0 0 0 0 0 0 0 0 0 0 0 0 0 0 0 0 0 0 0 0 0 0 0 0 0 0 0 0 0 0 0 0 0 0 0 0 0 0 0 0 0 0 0 0 0 0 0 0 0 0 0 0 0 0 0 0 0 0 0 0 0]
[3837734704630251478115838897110685255334545930530133880754596082454006621043990678606203166194203005040799160258573664643919825013000295449055740877214461537292348794151808867358431334759595781733055406462085835584803845873125875521906678442552214659162896887403916531920904116284187025903989653 0 0 0 0 0 0 0 0 0 0 0 0 0 0 1 0 0 0 0 0 0 0 0 0 0 0 0 0 0 0 0 0 0 0 0 0 0 0 0 0 0 0 0 0 0 0 0 0 0 0 0 0 0 0 0 0 0 0 0 0 0 0 0 0 0 0 0 0 0 0 0 0 0 0 0 0 0 0 0 0 0 0 0 0 0 0 0 0 0 0 0 0 0 0 0 0 0]
[1276854674103815998344524047594842746162877262820324087514843009906850163777049148091247193333809351559129400416223095632565980519457178402669658618477949037734905565984823958182278735930502578506235413288842235682814873493793701589528613218067214803349364031031097463884007223040548505085672759 0 0 0 0 0 0 0 0 0 0 0 0 0 0 0 1 0 0 0 0 0 0 0 0 0 0 0 0 0 0 0 0 0 0 0 0 0 0 0 0 0 0 0 0 0 0 0 0 0 0 0 0 0 0 0 0 0 0 0 0 0 0 0 0 0 0 0 0 0 0 0 0 0 0 0 0 0 0 0 0 0 0 0 0 0 0 0 0 0 0 0 0 0 0 0 0 0]
[2951037331919944736974627849385088602945217747449412773759163851461084339762921971207187576075498735897078778130340374370489635262276829357917980551886919108851722480497225087628568839769942953329106431184777152783289414336547983937738813457425597127294826563372071879449000521798869914861011314 0 0 0 0 0 0 0 0 0 0 0 0 0 0 0 0 1 0 0 0 0 0 0 0 0 0 0 0 0 0 0 0 0 0 0 0 0 0 0 0 0 0 0 0 0 0 0 0 0 0 0 0 0 0 0 0 0 0 0 0 0 0 0 0 0 0 0 0 0 0 0 0 0 0 0 0 0 0 0 0 0 0 0 0 0 0 0 0 0 0 0 0 0 0 0 0 0]
[7433082000374948180867936775537020677899616929493022368283756527374694527204666485816222895685530510235993035674625224891812233830238870669910708759580392473331123625536278840451874424353002910438206649440509473680488180161582838372972259755145707254810547863550302362812550311991694395271033251 0 0 0 0 0 0 0 0 0 0 0 0 0 0 0 0 0 1 0 0 0 0 0 0 0 0 0 0 0 0 0 0 0 0 0 0 0 0 0 0 0 0 0 0 0 0 0 0 0 0 0 0 0 0 0 0 0 0 0 0 0 0 0 0 0 0 0 0 0 0 0 0 0 0 0 0 0 0 0 0 0 0 0 0 0 0 0 0 0 0 0 0 0 0 0 0 0]
[3132438989113797311624961245696979566975607245927492980537769248610761091190042815775663339705731203545902352299827586445042372353933845350348971494844951219389023104532812061082751663768740284894294392648003784322095373160798787982577988635502480385241870594827029113552616048837025538503914615 0 0 0 0 0 0 0 0 0 0 0 0 0 0 0 0 0 0 1 0 0 0 0 0 0 0 0 0 0 0 0 0 0 0 0 0 0 0 0 0 0 0 0 0 0 0 0 0 0 0 0 0 0 0 0 0 0 0 0 0 0 0 0 0 0 0 0 0 0 0 0 0 0 0 0 0 0 0 0 0 0 0 0 0 0 0 0 0 0 0 0 0 0 0 0 0 0]
[3950213603661121171789425969465418838440863519456267999484143311905592237997635820791129154608004472360096304200177766021470587941479632150184630094732433588684282331381569458363423116191957770245213863226689763072344407247147092542218044757070665794569791026035098300618994818599600906756610297 0 0 0 0 0 0 0 0 0 0 0 0 0 0 0 0 0 0 0 1 0 0 0 0 0 0 0 0 0 0 0 0 0 0 0 0 0 0 0 0 0 0 0 0 0 0 0 0 0 0 0 0 0 0 0 0 0 0 0 0 0 0 0 0 0 0 0 0 0 0 0 0 0 0 0 0 0 0 0 0 0 0 0 0 0 0 0 0 0 0 0 0 0 0 0 0 0]
[1167173229046992862798512411605914430110620959685620208111743685898019856912114133769270637855639838493501528000368698568496224138565831042160660749367583791019138462936737216943849273916563017161849509688280736349419936333597150965829276836078974654017110975973013256132402169313697243490014850 0 0 0 0 0 0 0 0 0 0 0 0 0 0 0 0 0 0 0 0 1 0 0 0 0 0 0 0 0 0 0 0 0 0 0 0 0 0 0 0 0 0 0 0 0 0 0 0 0 0 0 0 0 0 0 0 0 0 0 0 0 0 0 0 0 0 0 0 0 0 0 0 0 0 0 0 0 0 0 0 0 0 0 0 0 0 0 0 0 0 0 0 0 0 0 0 0]
[5635530077636144777141504157839869485192661459443623862804286362366189715849744590217482716604741740753447100419721141920778215903526875931193568536162207255949725529877874141833809171387587343111261158142867325464535395521698064258627683328623541667419009940191036392764610327162171942231382180 0 0 0 0 0 0 0 0 0 0 0 0 0 0 0 0 0 0 0 0 0 1 0 0 0 0 0 0 0 0 0 0 0 0 0 0 0 0 0 0 0 0 0 0 0 0 0 0 0 0 0 0 0 0 0 0 0 0 0 0 0 0 0 0 0 0 0 0 0 0 0 0 0 0 0 0 0 0 0 0 0 0 0 0 0 0 0 0 0 0 0 0 0 0 0 0 0]
[787222623989528820130555422680117735796370897899739354022536923562980394194644316277836303580905178496841587061394324050051842043378738123851601805989606248128282751213040082099083841755699167658988398791454613449895288245929083658413401239442617749068093867172917103309427330908620742292047508 0 0 0 0 0 0 0 0 0 0 0 0 0 0 0 0 0 0 0 0 0 0 1 0 0 0 0 0 0 0 0 0 0 0 0 0 0 0 0 0 0 0 0 0 0 0 0 0 0 0 0 0 0 0 0 0 0 0 0 0 0 0 0 0 0 0 0 0 0 0 0 0 0 0 0 0 0 0 0 0 0 0 0 0 0 0 0 0 0 0 0 0 0 0 0 0 0]
[1974824373773825690136720051320408356122935609947484109467068908455182688965493213407338655777712562854764392585968452516486117788002080658604795100633138151477802115005619974292466433356770843594745905058470336440824987642585283152084986979288743916362986674289628699951685465475875064898299300 0 0 0 0 0 0 0 0 0 0 0 0 0 0 0 0 0 0 0 0 0 0 0 1 0 0 0 0 0 0 0 0 0 0 0 0 0 0 0 0 0 0 0 0 0 0 0 0 0 0 0 0 0 0 0 0 0 0 0 0 0 0 0 0 0 0 0 0 0 0 0 0 0 0 0 0 0 0 0 0 0 0 0 0 0 0 0 0 0 0 0 0 0 0 0 0 0]
[5884050853385865071452525028600895076296383267814759814640040108496818126582023724554662359726896688179557989210780925130531889265281334983984891322340907422869672548544291344216768659268364126788986664781047839290071152173475455257080146646974529672789973661165339142241729163460601380674713713 0 0 0 0 0 0 0 0 0 0 0 0 0 0 0 0 0 0 0 0 0 0 0 0 1 0 0 0 0 0 0 0 0 0 0 0 0 0 0 0 0 0 0 0 0 0 0 0 0 0 0 0 0 0 0 0 0 0 0 0 0 0 0 0 0 0 0 0 0 0 0 0 0 0 0 0 0 0 0 0 0 0 0 0 0 0 0 0 0 0 0 0 0 0 0 0 0]
[2770672838066864127429734871963494474249463576776831503536649487286183568894251564239037422806798167036918025576233955174993322631103987101002567593142286075300646931448796678924083407576723485602742555213667005203146753345712159336270823698452518580411337111351531770728212696542964506161016302 0 0 0 0 0 0 0 0 0 0 0 0 0 0 0 0 0 0 0 0 0 0 0 0 0 1 0 0 0 0 0 0 0 0 0 0 0 0 0 0 0 0 0 0 0 0 0 0 0 0 0 0 0 0 0 0 0 0 0 0 0 0 0 0 0 0 0 0 0 0 0 0 0 0 0 0 0 0 0 0 0 0 0 0 0 0 0 0 0 0 0 0 0 0 0 0 0]
[4406281121335947816299756824355717436668139610617985922009454383544521977036880994105490626071576573476953297786301755224514137410348223731614808564312352990168606079884836925244161346517122483370113187375569380456825194684166766053681485806008864827668934135322738589979869525770306621729854399 0 0 0 0 0 0 0 0 0 0 0 0 0 0 0 0 0 0 0 0 0 0 0 0 0 0 1 0 0 0 0 0 0 0 0 0 0 0 0 0 0 0 0 0 0 0 0 0 0 0 0 0 0 0 0 0 0 0 0 0 0 0 0 0 0 0 0 0 0 0 0 0 0 0 0 0 0 0 0 0 0 0 0 0 0 0 0 0 0 0 0 0 0 0 0 0 0]
[3596790853058182889252481678538399086544103473810522782689965525902149436426847142428795169920801097724944525503939196576375455595764340140455200363793039090798790612582938287731163347520898980834946718500049174926518278480007663351118846405636749176766094018638704455302690029406356017841543365 0 0 0 0 0 0 0 0 0 0 0 0 0 0 0 0 0 0 0 0 0 0 0 0 0 0 0 1 0 0 0 0 0 0 0 0 0 0 0 0 0 0 0 0 0 0 0 0 0 0 0 0 0 0 0 0 0 0 0 0 0 0 0 0 0 0 0 0 0 0 0 0 0 0 0 0 0 0 0 0 0 0 0 0 0 0 0 0 0 0 0 0 0 0 0 0 0]
[3014544047910392143555675914860007830383380212770942189870765177771873781137288611948221151376710752128962214271333944537325082416162990749974615049976836211254617118114563054575228923060049772022047618582012295105029932434830006364018702893040565359783042255817996693477361035417624178068437979 0 0 0 0 0 0 0 0 0 0 0 0 0 0 0 0 0 0 0 0 0 0 0 0 0 0 0 0 1 0 0 0 0 0 0 0 0 0 0 0 0 0 0 0 0 0 0 0 0 0 0 0 0 0 0 0 0 0 0 0 0 0 0 0 0 0 0 0 0 0 0 0 0 0 0 0 0 0 0 0 0 0 0 0 0 0 0 0 0 0 0 0 0 0 0 0 0]
[5985638264589702790738956965525497128647353691942135351050376917029455587334203595327119620310031902254290775024668571263444280102508019559150197262236777054937221466805116384098964445694807330359907829088200894179723848683264080738492812978754459128509761184324471908457939273437995480015562800 0 0 0 0 0 0 0 0 0 0 0 0 0 0 0 0 0 0 0 0 0 0 0 0 0 0 0 0 0 1 0 0 0 0 0 0 0 0 0 0 0 0 0 0 0 0 0 0 0 0 0 0 0 0 0 0 0 0 0 0 0 0 0 0 0 0 0 0 0 0 0 0 0 0 0 0 0 0 0 0 0 0 0 0 0 0 0 0 0 0 0 0 0 0 0 0 0]
[706946974459483556456675212989854727211242458048894346344383913717045204073682217749164460845169901472870593961329795425488384571291706384030348812083290026860460871652064720298852448221779201946097658126841713136917140116551096395003586151020786616835054894144190763020934519723086125192954442 0 0 0 0 0 0 0 0 0 0 0 0 0 0 0 0 0 0 0 0 0 0 0 0 0 0 0 0 0 0 1 0 0 0 0 0 0 0 0 0 0 0 0 0 0 0 0 0 0 0 0 0 0 0 0 0 0 0 0 0 0 0 0 0 0 0 0 0 0 0 0 0 0 0 0 0 0 0 0 0 0 0 0 0 0 0 0 0 0 0 0 0 0 0 0 0 0]
[8821803919624494736901832233704461109106100960357150249255862776781951731713177701274072867340590360832669675287616418712357029462592558884349104048075852460819095203293474872788407794407314333844635488554584998651333780680911989737922615248171662303096937939997228106500930942679683160834657970 0 0 0 0 0 0 0 0 0 0 0 0 0 0 0 0 0 0 0 0 0 0 0 0 0 0 0 0 0 0 0 1 0 0 0 0 0 0 0 0 0 0 0 0 0 0 0 0 0 0 0 0 0 0 0 0 0 0 0 0 0 0 0 0 0 0 0 0 0 0 0 0 0 0 0 0 0 0 0 0 0 0 0 0 0 0 0 0 0 0 0 0 0 0 0 0 0]
[3745403779036406839743303954332699495387150869976122804990852513629898793099518761129638527831310173392419272066467623938820286090722126710213050270380091571618436067984677992182991816537322671929933910541850355782853037848053676936793121432813613052924046597867230595269122657343975974699387686 0 0 0 0 0 0 0 0 0 0 0 0 0 0 0 0 0 0 0 0 0 0 0 0 0 0 0 0 0 0 0 0 1 0 0 0 0 0 0 0 0 0 0 0 0 0 0 0 0 0 0 0 0 0 0 0 0 0 0 0 0 0 0 0 0 0 0 0 0 0 0 0 0 0 0 0 0 0 0 0 0 0 0 0 0 0 0 0 0 0 0 0 0 0 0 0 0]
[7315171391950896116387585370009843456814986945249981234985627696916454150613953401506776872638465430743243585078383409564818142175306324908632524444696426479737474916500552580942486159886694678976946432490446393082223704639691612372721339076509208640563521778759904574331789875398605362602916098 0 0 0 0 0 0 0 0 0 0 0 0 0 0 0 0 0 0 0 0 0 0 0 0 0 0 0 0 0 0 0 0 0 1 0 0 0 0 0 0 0 0 0 0 0 0 0 0 0 0 0 0 0 0 0 0 0 0 0 0 0 0 0 0 0 0 0 0 0 0 0 0 0 0 0 0 0 0 0 0 0 0 0 0 0 0 0 0 0 0 0 0 0 0 0 0 0]
[8184150768272293678525649020718013562834461756123442280561734404054233833581152388389600110002145864169614000850223315063449304506074077961038306812315891836483894703850222599439467432678667600232419393277065525107065249647482217484373203444675212786979033057392198730489172633096192678744631839 0 0 0 0 0 0 0 0 0 0 0 0 0 0 0 0 0 0 0 0 0 0 0 0 0 0 0 0 0 0 0 0 0 0 1 0 0 0 0 0 0 0 0 0 0 0 0 0 0 0 0 0 0 0 0 0 0 0 0 0 0 0 0 0 0 0 0 0 0 0 0 0 0 0 0 0 0 0 0 0 0 0 0 0 0 0 0 0 0 0 0 0 0 0 0 0 0]
[4264516665097010519028293759857981634528929097872928046894621939673733686396499059571721518969222704290828495837729792988043943718541911415293065338052398194594725893943201119789347010956820056638858496335874833895177487511104605056512154309956242262234775762108497519409892470668090549675674805 0 0 0 0 0 0 0 0 0 0 0 0 0 0 0 0 0 0 0 0 0 0 0 0 0 0 0 0 0 0 0 0 0 0 0 1 0 0 0 0 0 0 0 0 0 0 0 0 0 0 0 0 0 0 0 0 0 0 0 0 0 0 0 0 0 0 0 0 0 0 0 0 0 0 0 0 0 0 0 0 0 0 0 0 0 0 0 0 0 0 0 0 0 0 0 0 0]
[1889652484190626680037702949466893159141348972025023838280995202923111260330791001776708795129678576405102639361749476693696352132597240238498840159564508393149694394633485061664927467687626922443497935272000829448531414634821307107817707547135205854971162847607948038566530755744123396434954939 0 0 0 0 0 0 0 0 0 0 0 0 0 0 0 0 0 0 0 0 0 0 0 0 0 0 0 0 0 0 0 0 0 0 0 0 1 0 0 0 0 0 0 0 0 0 0 0 0 0 0 0 0 0 0 0 0 0 0 0 0 0 0 0 0 0 0 0 0 0 0 0 0 0 0 0 0 0 0 0 0 0 0 0 0 0 0 0 0 0 0 0 0 0 0 0 0]
[5401653050204549645012186976411122526781887185951021811214956743201435697876022008636456992365717499993531624069615314197800809150740404452912264958803698754119211416976099110779701765556971167824839684538503905717889474238081536528708974520995834989968733639289374229684446022122045033789839551 0 0 0 0 0 0 0 0 0 0 0 0 0 0 0 0 0 0 0 0 0 0 0 0 0 0 0 0 0 0 0 0 0 0 0 0 0 1 0 0 0 0 0 0 0 0 0 0 0 0 0 0 0 0 0 0 0 0 0 0 0 0 0 0 0 0 0 0 0 0 0 0 0 0 0 0 0 0 0 0 0 0 0 0 0 0 0 0 0 0 0 0 0 0 0 0 0]
[6796522102179634630095513300125850191060861278838932076859102361283283738790803354815866319198171081132469677467308051779530857570074842694404475888012467463076443820288394397494798002128913354936994515169371592668421754942521410063051757248436478094294724332632364849399237756693945691434858115 0 0 0 0 0 0 0 0 0 0 0 0 0 0 0 0 0 0 0 0 0 0 0 0 0 0 0 0 0 0 0 0 0 0 0 0 0 0 1 0 0 0 0 0 0 0 0 0 0 0 0 0 0 0 0 0 0 0 0 0 0 0 0 0 0 0 0 0 0 0 0 0 0 0 0 0 0 0 0 0 0 0 0 0 0 0 0 0 0 0 0 0 0 0 0 0 0]
[5092305824444123387620017252449300852931025608416881141750437657544591480513471963007852283423180896733086576791731710629825419726046344539908023139924985725475789015611828360558492908670549952287165601517212520502640854337236024860994018098128735890048325971453412236502521992993341880897917820 0 0 0 0 0 0 0 0 0 0 0 0 0 0 0 0 0 0 0 0 0 0 0 0 0 0 0 0 0 0 0 0 0 0 0 0 0 0 0 1 0 0 0 0 0 0 0 0 0 0 0 0 0 0 0 0 0 0 0 0 0 0 0 0 0 0 0 0 0 0 0 0 0 0 0 0 0 0 0 0 0 0 0 0 0 0 0 0 0 0 0 0 0 0 0 0 0]
[7537592338687150159494717565826113918830906577268463603545167092109321191883067012982505793262953553368080662877194882745361761314708903342789603408395911135388038498930783375391641467621522854632622879816123265463818442072544009533071488289410948018993997777868770133219520647986825008529014373 0 0 0 0 0 0 0 0 0 0 0 0 0 0 0 0 0 0 0 0 0 0 0 0 0 0 0 0 0 0 0 0 0 0 0 0 0 0 0 0 1 0 0 0 0 0 0 0 0 0 0 0 0 0 0 0 0 0 0 0 0 0 0 0 0 0 0 0 0 0 0 0 0 0 0 0 0 0 0 0 0 0 0 0 0 0 0 0 0 0 0 0 0 0 0 0 0]
[5931186721295699947347783474559643293063311066261222453843780686095521117957994534057171354992458097257177201680553947804528333305021251398997229521971777385027889863474949334469683077793591118400949789096340477688003209605707343940715572782044095343403900523398376382605469122640253533820427431 0 0 0 0 0 0 0 0 0 0 0 0 0 0 0 0 0 0 0 0 0 0 0 0 0 0 0 0 0 0 0 0 0 0 0 0 0 0 0 0 0 1 0 0 0 0 0 0 0 0 0 0 0 0 0 0 0 0 0 0 0 0 0 0 0 0 0 0 0 0 0 0 0 0 0 0 0 0 0 0 0 0 0 0 0 0 0 0 0 0 0 0 0 0 0 0 0]
[4277056559162448230909300990690115084549041254105244981538759276587079222611815461659565945380949430493719791523631822385067360050400946023771967562303653141959288843373415363139569694607377467488634667858086710508158963101832784894716197757047646475433143701450289344587696398292338683747470265 0 0 0 0 0 0 0 0 0 0 0 0 0 0 0 0 0 0 0 0 0 0 0 0 0 0 0 0 0 0 0 0 0 0 0 0 0 0 0 0 0 0 1 0 0 0 0 0 0 0 0 0 0 0 0 0 0 0 0 0 0 0 0 0 0 0 0 0 0 0 0 0 0 0 0 0 0 0 0 0 0 0 0 0 0 0 0 0 0 0 0 0 0 0 0 0 0]
[3138628441534675375756892951020603600989843447880083329101802011362186436616579096088028556130601191053092406589883299148274286304866589964211577490133760996756891879826767168571119629580141381258096921562393618080110548734103251035633790351562365943225400326499303635597094572440424159673120896 0 0 0 0 0 0 0 0 0 0 0 0 0 0 0 0 0 0 0 0 0 0 0 0 0 0 0 0 0 0 0 0 0 0 0 0 0 0 0 0 0 0 0 1 0 0 0 0 0 0 0 0 0 0 0 0 0 0 0 0 0 0 0 0 0 0 0 0 0 0 0 0 0 0 0 0 0 0 0 0 0 0 0 0 0 0 0 0 0 0 0 0 0 0 0 0 0]
[2752055917979729951455013271892086426802805235380511070471656632648014756571411294973408900282698302442470487058035380146530832342750272737910993247009598861597259212653141354953635821949836632355230497992140507628930258523833879723819211931555430706073448365461827023990408142543877848142364324 0 0 0 0 0 0 0 0 0 0 0 0 0 0 0 0 0 0 0 0 0 0 0 0 0 0 0 0 0 0 0 0 0 0 0 0 0 0 0 0 0 0 0 0 1 0 0 0 0 0 0 0 0 0 0 0 0 0 0 0 0 0 0 0 0 0 0 0 0 0 0 0 0 0 0 0 0 0 0 0 0 0 0 0 0 0 0 0 0 0 0 0 0 0 0 0 0]
[3511497834418868251327243797614123616629936271872274808705177810350956746531891465022829060140226983283628609494967177448190512996413505752469234684514768478515196168393906874634954647973159591666306091508267395032281385490483748964013619529266826410722084791911999327690718587948919144303072379 0 0 0 0 0 0 0 0 0 0 0 0 0 0 0 0 0 0 0 0 0 0 0 0 0 0 0 0 0 0 0 0 0 0 0 0 0 0 0 0 0 0 0 0 0 1 0 0 0 0 0 0 0 0 0 0 0 0 0 0 0 0 0 0 0 0 0 0 0 0 0 0 0 0 0 0 0 0 0 0 0 0 0 0 0 0 0 0 0 0 0 0 0 0 0 0 0]
[990399340204072595454613706111120809152036280414618134572654411142194588353467050866096205350989273223354865147941568455398568343932907179358039326163087599972692957238846567157242747571856568128102931688531514362810216483049350750843145369020607780036647287211714112250559680995677004295324931 0 0 0 0 0 0 0 0 0 0 0 0 0 0 0 0 0 0 0 0 0 0 0 0 0 0 0 0 0 0 0 0 0 0 0 0 0 0 0 0 0 0 0 0 0 0 1 0 0 0 0 0 0 0 0 0 0 0 0 0 0 0 0 0 0 0 0 0 0 0 0 0 0 0 0 0 0 0 0 0 0 0 0 0 0 0 0 0 0 0 0 0 0 0 0 0 0]
[858659964046396522825608980261518496560518383812092016194215317862395650049073705856937832095905002199772087348147826070847622085433978515911607213898593459152164675946477203395932659162273093494125021309732876740156978613553164396893625500879855214461442218574788626893845431442979861552503482 0 0 0 0 0 0 0 0 0 0 0 0 0 0 0 0 0 0 0 0 0 0 0 0 0 0 0 0 0 0 0 0 0 0 0 0 0 0 0 0 0 0 0 0 0 0 0 1 0 0 0 0 0 0 0 0 0 0 0 0 0 0 0 0 0 0 0 0 0 0 0 0 0 0 0 0 0 0 0 0 0 0 0 0 0 0 0 0 0 0 0 0 0 0 0 0 0]
[555581734049960835079608370082884163953478852717862595614677936180950341060767822313446813429304954674745865451134947393378450856258961546849589681332940709736424595715526789329551062632457280446196187509956030646804925295634663521104602798188823686856652269833069712217390976573577490855483326 0 0 0 0 0 0 0 0 0 0 0 0 0 0 0 0 0 0 0 0 0 0 0 0 0 0 0 0 0 0 0 0 0 0 0 0 0 0 0 0 0 0 0 0 0 0 0 0 1 0 0 0 0 0 0 0 0 0 0 0 0 0 0 0 0 0 0 0 0 0 0 0 0 0 0 0 0 0 0 0 0 0 0 0 0 0 0 0 0 0 0 0 0 0 0 0 0]
[1880411607175874536682875187323872585218743787969333243402285027780836935719195573947092338962165263948156573495672441448886664305223377353018325811944428010378855779983773428478562764212382718860844441623282096698597880729962125121711707789439527515152498783660681221628856714783567573771931301 0 0 0 0 0 0 0 0 0 0 0 0 0 0 0 0 0 0 0 0 0 0 0 0 0 0 0 0 0 0 0 0 0 0 0 0 0 0 0 0 0 0 0 0 0 0 0 0 0 1 0 0 0 0 0 0 0 0 0 0 0 0 0 0 0 0 0 0 0 0 0 0 0 0 0 0 0 0 0 0 0 0 0 0 0 0 0 0 0 0 0 0 0 0 0 0 0]
[7983720670463022549608828070967268314303334248732451010108790938288887155299687771332586957320282738788769290586041396928414692820345174666759712962924582561532986881652985855637697303002245314384933488116479552112923728992314800893911031826237496496151441584871885549694684074707335800524238290 0 0 0 0 0 0 0 0 0 0 0 0 0 0 0 0 0 0 0 0 0 0 0 0 0 0 0 0 0 0 0 0 0 0 0 0 0 0 0 0 0 0 0 0 0 0 0 0 0 0 1 0 0 0 0 0 0 0 0 0 0 0 0 0 0 0 0 0 0 0 0 0 0 0 0 0 0 0 0 0 0 0 0 0 0 0 0 0 0 0 0 0 0 0 0 0 0]
[5107783526256300027022669713721988359090961917025715065939327216969126498515624703271472216889425074792644462289625950365283314679565195939739391887669576044295405472059587200562438861338428681562961162443386494198060864828104308562830841900978570114647832806688095112125957539111000921509710144 0 0 0 0 0 0 0 0 0 0 0 0 0 0 0 0 0 0 0 0 0 0 0 0 0 0 0 0 0 0 0 0 0 0 0 0 0 0 0 0 0 0 0 0 0 0 0 0 0 0 0 1 0 0 0 0 0 0 0 0 0 0 0 0 0 0 0 0 0 0 0 0 0 0 0 0 0 0 0 0 0 0 0 0 0 0 0 0 0 0 0 0 0 0 0 0 0]
[1240662145363224219356726362859647211496347993773397286061153010734735410416622968109103487027639831552465907485637236389656896436180908226876556076534463960081312107458591403059719803154068491202808175866884606251401230554504404525952199212675230331672929899774403997327552004009567653941370916 0 0 0 0 0 0 0 0 0 0 0 0 0 0 0 0 0 0 0 0 0 0 0 0 0 0 0 0 0 0 0 0 0 0 0 0 0 0 0 0 0 0 0 0 0 0 0 0 0 0 0 0 1 0 0 0 0 0 0 0 0 0 0 0 0 0 0 0 0 0 0 0 0 0 0 0 0 0 0 0 0 0 0 0 0 0 0 0 0 0 0 0 0 0 0 0 0]
[2529539199500966573237646621062335681757985194743175025669475391437950379815186244446721289310159573347710782163916627014736875000613648628216584171704712324703112772232511007382534910711341498820062377130003222030563780585926549075652491821901385073821406959472348317434404517122107004344784081 0 0 0 0 0 0 0 0 0 0 0 0 0 0 0 0 0 0 0 0 0 0 0 0 0 0 0 0 0 0 0 0 0 0 0 0 0 0 0 0 0 0 0 0 0 0 0 0 0 0 0 0 0 1 0 0 0 0 0 0 0 0 0 0 0 0 0 0 0 0 0 0 0 0 0 0 0 0 0 0 0 0 0 0 0 0 0 0 0 0 0 0 0 0 0 0 0]
[4026176297211814751090163101151041025133776693078547663206157131661568776186100050999392604778657962130253713995824309255764565649743362133573231347661607577152145409300555740439672791960725523127598740251337466465654869270868344097835260832123826222964605213175976461092363105998503327684959607 0 0 0 0 0 0 0 0 0 0 0 0 0 0 0 0 0 0 0 0 0 0 0 0 0 0 0 0 0 0 0 0 0 0 0 0 0 0 0 0 0 0 0 0 0 0 0 0 0 0 0 0 0 0 1 0 0 0 0 0 0 0 0 0 0 0 0 0 0 0 0 0 0 0 0 0 0 0 0 0 0 0 0 0 0 0 0 0 0 0 0 0 0 0 0 0 0]
[4357901798853554951883116651388685758481833332245476783995220815001622795639052846814072362945330825254821137901271727813581833544115916996770298450009682785217392590367962156421622844060297179644475562721496184807922579954919927070927116613045513945855643565694887580776763406613944762795096202 0 0 0 0 0 0 0 0 0 0 0 0 0 0 0 0 0 0 0 0 0 0 0 0 0 0 0 0 0 0 0 0 0 0 0 0 0 0 0 0 0 0 0 0 0 0 0 0 0 0 0 0 0 0 0 1 0 0 0 0 0 0 0 0 0 0 0 0 0 0 0 0 0 0 0 0 0 0 0 0 0 0 0 0 0 0 0 0 0 0 0 0 0 0 0 0 0]
[6141847099883139381778456339708001247979049539799477472253343032707380613222031509304254960498950482545749180278469688098822200699759213711082815438493663805980856893345220016107403240245723449517075853458656131693365047099516222591906245032395939569451074837224120436906934543178304107225827934 0 0 0 0 0 0 0 0 0 0 0 0 0 0 0 0 0 0 0 0 0 0 0 0 0 0 0 0 0 0 0 0 0 0 0 0 0 0 0 0 0 0 0 0 0 0 0 0 0 0 0 0 0 0 0 0 1 0 0 0 0 0 0 0 0 0 0 0 0 0 0 0 0 0 0 0 0 0 0 0 0 0 0 0 0 0 0 0 0 0 0 0 0 0 0 0 0]
[8314915148575944019393017956499067467234883690863124747048211600927446715041830727542145557760686453985252266296199999201440236595890031180895723696289939755241092049510362089781425969718390135313193927182723351833511209974298598254854675515514827425057529865251228953965282036653898207999164592 0 0 0 0 0 0 0 0 0 0 0 0 0 0 0 0 0 0 0 0 0 0 0 0 0 0 0 0 0 0 0 0 0 0 0 0 0 0 0 0 0 0 0 0 0 0 0 0 0 0 0 0 0 0 0 0 0 1 0 0 0 0 0 0 0 0 0 0 0 0 0 0 0 0 0 0 0 0 0 0 0 0 0 0 0 0 0 0 0 0 0 0 0 0 0 0 0]
[2259312913964933936681376055074632675566392484304693365646695467614458771983916371033453396486134693513358321594984828860791421722634600504038183406233627931796850813959798201960079143324725357335118799314451950679177828985634353256264814107770967233777276467138095714728060711392827932205294025 0 0 0 0 0 0 0 0 0 0 0 0 0 0 0 0 0 0 0 0 0 0 0 0 0 0 0 0 0 0 0 0 0 0 0 0 0 0 0 0 0 0 0 0 0 0 0 0 0 0 0 0 0 0 0 0 0 0 1 0 0 0 0 0 0 0 0 0 0 0 0 0 0 0 0 0 0 0 0 0 0 0 0 0 0 0 0 0 0 0 0 0 0 0 0 0 0]
[4336597346985432991200987599904194013799382504327480708322653818890421294023341454493158360454976587757463288988363042690009506522273641558990431307988327501241439743818351982115438212321295617141619731912710561049199845108494548634220966210982320352739096380641364040849219405882315940142378201 0 0 0 0 0 0 0 0 0 0 0 0 0 0 0 0 0 0 0 0 0 0 0 0 0 0 0 0 0 0 0 0 0 0 0 0 0 0 0 0 0 0 0 0 0 0 0 0 0 0 0 0 0 0 0 0 0 0 0 1 0 0 0 0 0 0 0 0 0 0 0 0 0 0 0 0 0 0 0 0 0 0 0 0 0 0 0 0 0 0 0 0 0 0 0 0 0]
[1058006232360874679215482118372361516683652585500204370519327853140944390928127617595806639073301100498685380967716624554559122978814346457896207234000075773303077553166285839759671093258120635670222737899977932543686380088060528286975329772513701547286513986596345845769226690610911799002387631 0 0 0 0 0 0 0 0 0 0 0 0 0 0 0 0 0 0 0 0 0 0 0 0 0 0 0 0 0 0 0 0 0 0 0 0 0 0 0 0 0 0 0 0 0 0 0 0 0 0 0 0 0 0 0 0 0 0 0 0 1 0 0 0 0 0 0 0 0 0 0 0 0 0 0 0 0 0 0 0 0 0 0 0 0 0 0 0 0 0 0 0 0 0 0 0 0]
[8620748570181825520075134952164143217363428504093660724548081069761430975185401793239024194321497455532984968972861390691681957371241846806358525458539951334027827022123369256268217656651170270198705158911239424408407734391021986824911474943180748048831472614036767683608312133344098115485487475 0 0 0 0 0 0 0 0 0 0 0 0 0 0 0 0 0 0 0 0 0 0 0 0 0 0 0 0 0 0 0 0 0 0 0 0 0 0 0 0 0 0 0 0 0 0 0 0 0 0 0 0 0 0 0 0 0 0 0 0 0 1 0 0 0 0 0 0 0 0 0 0 0 0 0 0 0 0 0 0 0 0 0 0 0 0 0 0 0 0 0 0 0 0 0 0 0]
[1078706911374256466645279812182127511147306267232715104403495257001630887123003409817210466368357136716721305091466032001039085820215626674842218564351675656406645058515238656203313556570786976138317223294996192981332263769921438362605977190472878226810219455273775085267879329167951777808311083 0 0 0 0 0 0 0 0 0 0 0 0 0 0 0 0 0 0 0 0 0 0 0 0 0 0 0 0 0 0 0 0 0 0 0 0 0 0 0 0 0 0 0 0 0 0 0 0 0 0 0 0 0 0 0 0 0 0 0 0 0 0 1 0 0 0 0 0 0 0 0 0 0 0 0 0 0 0 0 0 0 0 0 0 0 0 0 0 0 0 0 0 0 0 0 0 0]
[6950323690344621509483993399543463482668127806139585709433805171896576445205529067364696034462302562167823382484670032911081520810555496971694424413363057074961710858866027728677355467196208121897464304373618528906043473970158187076716407734298584545161868031612026661321970973683757740518437244 0 0 0 0 0 0 0 0 0 0 0 0 0 0 0 0 0 0 0 0 0 0 0 0 0 0 0 0 0 0 0 0 0 0 0 0 0 0 0 0 0 0 0 0 0 0 0 0 0 0 0 0 0 0 0 0 0 0 0 0 0 0 0 1 0 0 0 0 0 0 0 0 0 0 0 0 0 0 0 0 0 0 0 0 0 0 0 0 0 0 0 0 0 0 0 0 0]
[8588002415757678168202412668781948958377900111569346159059186383417941179165235975819973694874586124296864822811239480464915735282628002550680210032893458865100102469019991384998381972355248610308900861262134599836535456395356638415510625173332088729493590935857201465638686745810261309691000103 0 0 0 0 0 0 0 0 0 0 0 0 0 0 0 0 0 0 0 0 0 0 0 0 0 0 0 0 0 0 0 0 0 0 0 0 0 0 0 0 0 0 0 0 0 0 0 0 0 0 0 0 0 0 0 0 0 0 0 0 0 0 0 0 1 0 0 0 0 0 0 0 0 0 0 0 0 0 0 0 0 0 0 0 0 0 0 0 0 0 0 0 0 0 0 0 0]
[6909720236657168371071265897792693525821305235406700275928304332837319764982311202686518109720490057392515095459441366342058330694508129224566055078673041153354949463963773029443590455302853130434302573844150010776815636925311830660509335736667518936087780979955446434274842316467655960515190695 0 0 0 0 0 0 0 0 0 0 0 0 0 0 0 0 0 0 0 0 0 0 0 0 0 0 0 0 0 0 0 0 0 0 0 0 0 0 0 0 0 0 0 0 0 0 0 0 0 0 0 0 0 0 0 0 0 0 0 0 0 0 0 0 0 1 0 0 0 0 0 0 0 0 0 0 0 0 0 0 0 0 0 0 0 0 0 0 0 0 0 0 0 0 0 0 0]
[2530191354540390337873046935747391366515609036049658217422267819877170470750320081692850884906431960721266860674890901816091205662036353845486262402350456001984721144776393306877450595597837961343060368694761227308388735872695660104452125184714571588284342854672939123027649291816084413496032889 0 0 0 0 0 0 0 0 0 0 0 0 0 0 0 0 0 0 0 0 0 0 0 0 0 0 0 0 0 0 0 0 0 0 0 0 0 0 0 0 0 0 0 0 0 0 0 0 0 0 0 0 0 0 0 0 0 0 0 0 0 0 0 0 0 0 1 0 0 0 0 0 0 0 0 0 0 0 0 0 0 0 0 0 0 0 0 0 0 0 0 0 0 0 0 0 0]
[1541347938708218680912015634067624657353827808901959445746366382931425036103300071596183257361651755402552236161176005737365709939540819900837242073675766587363823351264252727291844616299731895448277517719121634678622455954880475909176965835067477310262766690873497058807141601426870434264031104 0 0 0 0 0 0 0 0 0 0 0 0 0 0 0 0 0 0 0 0 0 0 0 0 0 0 0 0 0 0 0 0 0 0 0 0 0 0 0 0 0 0 0 0 0 0 0 0 0 0 0 0 0 0 0 0 0 0 0 0 0 0 0 0 0 0 0 1 0 0 0 0 0 0 0 0 0 0 0 0 0 0 0 0 0 0 0 0 0 0 0 0 0 0 0 0 0]
[5066880331839591477832381049296444768292879081334686042281079062091003576363831728976560709125301599351403570020265766784936414801009448313802793053489646800004965141402636032716855991467648961800952328186927301832261307556737966853066265616875748392375759974616672758197154464074884586393564578 0 0 0 0 0 0 0 0 0 0 0 0 0 0 0 0 0 0 0 0 0 0 0 0 0 0 0 0 0 0 0 0 0 0 0 0 0 0 0 0 0 0 0 0 0 0 0 0 0 0 0 0 0 0 0 0 0 0 0 0 0 0 0 0 0 0 0 0 1 0 0 0 0 0 0 0 0 0 0 0 0 0 0 0 0 0 0 0 0 0 0 0 0 0 0 0 0]
[5375502573956917209591752444472684448851363017514578497815981470722095583043125669277881429500462206761363870225810940761641301653444558866533425733499267042952608168168642307158634663743475257479190899907953653653839590591166321658566085218990103758009196027797222435667403915289519102005182415 0 0 0 0 0 0 0 0 0 0 0 0 0 0 0 0 0 0 0 0 0 0 0 0 0 0 0 0 0 0 0 0 0 0 0 0 0 0 0 0 0 0 0 0 0 0 0 0 0 0 0 0 0 0 0 0 0 0 0 0 0 0 0 0 0 0 0 0 0 1 0 0 0 0 0 0 0 0 0 0 0 0 0 0 0 0 0 0 0 0 0 0 0 0 0 0 0]
[388946245503172690350054929143735905591791041536762406123034076370839989188396211608443528147014724969751604209807654422612547654772054065771505218499324627987838260841056966760177164524754326266769575986834075902874046156925449096508434781656500997170474331765471079942298631461745840150100882 0 0 0 0 0 0 0 0 0 0 0 0 0 0 0 0 0 0 0 0 0 0 0 0 0 0 0 0 0 0 0 0 0 0 0 0 0 0 0 0 0 0 0 0 0 0 0 0 0 0 0 0 0 0 0 0 0 0 0 0 0 0 0 0 0 0 0 0 0 0 1 0 0 0 0 0 0 0 0 0 0 0 0 0 0 0 0 0 0 0 0 0 0 0 0 0 0]
[5924312999162599031482681030850446491415652916397110067926482379086601582222264975659732332673848636141216905461543316401926512131175137772847027132202343082591055490946449212382788289725747938344612552427185647834771476846950073797780096071370210965655582153522426318020623313045342169172753478 0 0 0 0 0 0 0 0 0 0 0 0 0 0 0 0 0 0 0 0 0 0 0 0 0 0 0 0 0 0 0 0 0 0 0 0 0 0 0 0 0 0 0 0 0 0 0 0 0 0 0 0 0 0 0 0 0 0 0 0 0 0 0 0 0 0 0 0 0 0 0 1 0 0 0 0 0 0 0 0 0 0 0 0 0 0 0 0 0 0 0 0 0 0 0 0 0]
[1792475275948649779890395120354065370309579341371158503308262588342418409096016621149163532707721574466562036735935799136452492225962704865754932796600367804066053578076289182103791673292891003244556042452935188274902048060339333909196466039348163350707236265827875407124786654473244960785189704 0 0 0 0 0 0 0 0 0 0 0 0 0 0 0 0 0 0 0 0 0 0 0 0 0 0 0 0 0 0 0 0 0 0 0 0 0 0 0 0 0 0 0 0 0 0 0 0 0 0 0 0 0 0 0 0 0 0 0 0 0 0 0 0 0 0 0 0 0 0 0 0 1 0 0 0 0 0 0 0 0 0 0 0 0 0 0 0 0 0 0 0 0 0 0 0 0]
[1729357956406701423772936831952340587635443065113236734743723293537420300517481387524090106908650854555421722029994537239416857035558574774609157668315712309422526418534034898851658989184372438685499739893048886227056200479777659131273103988753657569316947655362276036563996280886547349024572800 0 0 0 0 0 0 0 0 0 0 0 0 0 0 0 0 0 0 0 0 0 0 0 0 0 0 0 0 0 0 0 0 0 0 0 0 0 0 0 0 0 0 0 0 0 0 0 0 0 0 0 0 0 0 0 0 0 0 0 0 0 0 0 0 0 0 0 0 0 0 0 0 0 1 0 0 0 0 0 0 0 0 0 0 0 0 0 0 0 0 0 0 0 0 0 0 0]
[4457655430530594563075225718621654574507593404719243602516860878516136858867070206849999664385361826950039315321376213124954698925834599381477693180877164818036124591105316336292607857773422280558221741344145068310692544749112804164326872827457926310504154814337677542742934628129195893502908706 0 0 0 0 0 0 0 0 0 0 0 0 0 0 0 0 0 0 0 0 0 0 0 0 0 0 0 0 0 0 0 0 0 0 0 0 0 0 0 0 0 0 0 0 0 0 0 0 0 0 0 0 0 0 0 0 0 0 0 0 0 0 0 0 0 0 0 0 0 0 0 0 0 0 1 0 0 0 0 0 0 0 0 0 0 0 0 0 0 0 0 0 0 0 0 0 0]
[252163210201278876616506837877636986574501540758924338936140469890366416868378285892362683856751269745718511401874375202828979564626302799576819664727353560894892788467747044341953636881392830926363251569174977281411921289439802823003105740957783854031374970763228169288486796514960514275558212 0 0 0 0 0 0 0 0 0 0 0 0 0 0 0 0 0 0 0 0 0 0 0 0 0 0 0 0 0 0 0 0 0 0 0 0 0 0 0 0 0 0 0 0 0 0 0 0 0 0 0 0 0 0 0 0 0 0 0 0 0 0 0 0 0 0 0 0 0 0 0 0 0 0 0 1 0 0 0 0 0 0 0 0 0 0 0 0 0 0 0 0 0 0 0 0 0]
[5170413404037216654804116232855673569055395010986410202747245723652339754977186082814367570638151409559597022127973732838366834120800461972613270808280244060110241766179203878455136948661328707109440649950060860130160761367694952051299020215339034425728054804282924940145785038410792016591172163 0 0 0 0 0 0 0 0 0 0 0 0 0 0 0 0 0 0 0 0 0 0 0 0 0 0 0 0 0 0 0 0 0 0 0 0 0 0 0 0 0 0 0 0 0 0 0 0 0 0 0 0 0 0 0 0 0 0 0 0 0 0 0 0 0 0 0 0 0 0 0 0 0 0 0 0 1 0 0 0 0 0 0 0 0 0 0 0 0 0 0 0 0 0 0 0 0]
[3234452116174189063677021575747348244899552724086363158358937971044411450968774988099170540194996476692757974028389089263601326908357724609962048032712100468886691559481698144102890658562985141809779824618829155437169657501979535225469319538463513875416329366520681931750885087501930683637481670 0 0 0 0 0 0 0 0 0 0 0 0 0 0 0 0 0 0 0 0 0 0 0 0 0 0 0 0 0 0 0 0 0 0 0 0 0 0 0 0 0 0 0 0 0 0 0 0 0 0 0 0 0 0 0 0 0 0 0 0 0 0 0 0 0 0 0 0 0 0 0 0 0 0 0 0 0 1 0 0 0 0 0 0 0 0 0 0 0 0 0 0 0 0 0 0 0]
[66090772420457610388018167327328816795239426694582962544746898009375462992791579052382355180471015556754589156230595136610415195618031366967006175929145373102013035405528147842144554600238791966295128773649626733236794969811170835909445382958745003587494007131250232334569010572548202848595837 0 0 0 0 0 0 0 0 0 0 0 0 0 0 0 0 0 0 0 0 0 0 0 0 0 0 0 0 0 0 0 0 0 0 0 0 0 0 0 0 0 0 0 0 0 0 0 0 0 0 0 0 0 0 0 0 0 0 0 0 0 0 0 0 0 0 0 0 0 0 0 0 0 0 0 0 0 0 1 0 0 0 0 0 0 0 0 0 0 0 0 0 0 0 0 0 0]
[523416599112900670664170341772841727485105372894040766661824997999754573474898654651028829279086808295977483022765700181680530301748349378002252209205129803861663868538985658301577319891606480185562139577460155298371539390286292742605318455668636549080813380435513856176814648279379708460238214 0 0 0 0 0 0 0 0 0 0 0 0 0 0 0 0 0 0 0 0 0 0 0 0 0 0 0 0 0 0 0 0 0 0 0 0 0 0 0 0 0 0 0 0 0 0 0 0 0 0 0 0 0 0 0 0 0 0 0 0 0 0 0 0 0 0 0 0 0 0 0 0 0 0 0 0 0 0 0 1 0 0 0 0 0 0 0 0 0 0 0 0 0 0 0 0 0]
[4462582453286175423993611144357892786294114316477691949771912422834783677706041753595818823205012499683412494918698974141608388677191281294378495664313386195491962770094884198754458951891679540872205946503229480393838555294863000857473709237554467288059126277021607913410339674669593240791396153 0 0 0 0 0 0 0 0 0 0 0 0 0 0 0 0 0 0 0 0 0 0 0 0 0 0 0 0 0 0 0 0 0 0 0 0 0 0 0 0 0 0 0 0 0 0 0 0 0 0 0 0 0 0 0 0 0 0 0 0 0 0 0 0 0 0 0 0 0 0 0 0 0 0 0 0 0 0 0 0 1 0 0 0 0 0 0 0 0 0 0 0 0 0 0 0 0]
[3219023824749379440252946592778555756104427974987191653478394689045001583661873094591198225427747212040263892169973016462076277790667235256794411776596248142839077279971718959312834279697147905068265838707025516633596957445844169817060176003587337643569572929753792018309349524468076729236344858 0 0 0 0 0 0 0 0 0 0 0 0 0 0 0 0 0 0 0 0 0 0 0 0 0 0 0 0 0 0 0 0 0 0 0 0 0 0 0 0 0 0 0 0 0 0 0 0 0 0 0 0 0 0 0 0 0 0 0 0 0 0 0 0 0 0 0 0 0 0 0 0 0 0 0 0 0 0 0 0 0 1 0 0 0 0 0 0 0 0 0 0 0 0 0 0 0]
[2060510148125290283551595695171653398693805625266924874691899354115071309912931476800149725233383062037044896117112352320231385491374950890791107350406150782495582041191149625796722516070039906338095366370399919648369323444331930374644205239001638831918982212699474187506736975310942129397898302 0 0 0 0 0 0 0 0 0 0 0 0 0 0 0 0 0 0 0 0 0 0 0 0 0 0 0 0 0 0 0 0 0 0 0 0 0 0 0 0 0 0 0 0 0 0 0 0 0 0 0 0 0 0 0 0 0 0 0 0 0 0 0 0 0 0 0 0 0 0 0 0 0 0 0 0 0 0 0 0 0 0 1 0 0 0 0 0 0 0 0 0 0 0 0 0 0]
[5359021532670626491760519388359819733967208070812119940933860841480619806473873781230720774342067713192289133660926622884289403112048265123254209792751542442088851445315475161176670384136145600272630002591385605952352476249862275486962130553972191379268855728585349739496635942984838296506220987 0 0 0 0 0 0 0 0 0 0 0 0 0 0 0 0 0 0 0 0 0 0 0 0 0 0 0 0 0 0 0 0 0 0 0 0 0 0 0 0 0 0 0 0 0 0 0 0 0 0 0 0 0 0 0 0 0 0 0 0 0 0 0 0 0 0 0 0 0 0 0 0 0 0 0 0 0 0 0 0 0 0 0 1 0 0 0 0 0 0 0 0 0 0 0 0 0]
[1555727988297389001175040682933260185612249638668862878465028698184104484516331602157594311188799554724498381663161960267680260217178547141435789477582824122754278491515527376954486424759889446908435570250335735382401564950268394131249980543874137835784488683485721987221876005039436282644382383 0 0 0 0 0 0 0 0 0 0 0 0 0 0 0 0 0 0 0 0 0 0 0 0 0 0 0 0 0 0 0 0 0 0 0 0 0 0 0 0 0 0 0 0 0 0 0 0 0 0 0 0 0 0 0 0 0 0 0 0 0 0 0 0 0 0 0 0 0 0 0 0 0 0 0 0 0 0 0 0 0 0 0 0 1 0 0 0 0 0 0 0 0 0 0 0 0]
[3693291330443317391922283124572077701782275506203554247823855282613054279143339812835130122689160425367962125430046241812670087678010611491006096436624073662453255346747374179343044476854913628865533813999191351361501956331772394700505567217306304155567207011557872956011162133188460283222301960 0 0 0 0 0 0 0 0 0 0 0 0 0 0 0 0 0 0 0 0 0 0 0 0 0 0 0 0 0 0 0 0 0 0 0 0 0 0 0 0 0 0 0 0 0 0 0 0 0 0 0 0 0 0 0 0 0 0 0 0 0 0 0 0 0 0 0 0 0 0 0 0 0 0 0 0 0 0 0 0 0 0 0 0 0 1 0 0 0 0 0 0 0 0 0 0 0]
[7963668304468639314894475424859912899797823764993873531508018015994667758544330613679079559204952965781445322813292459191241508063167202131785229838650037503853843649916057182158924792615404311131665946394252155879468042756342293404732845926228530199209507174273824949260820173694764384333136725 0 0 0 0 0 0 0 0 0 0 0 0 0 0 0 0 0 0 0 0 0 0 0 0 0 0 0 0 0 0 0 0 0 0 0 0 0 0 0 0 0 0 0 0 0 0 0 0 0 0 0 0 0 0 0 0 0 0 0 0 0 0 0 0 0 0 0 0 0 0 0 0 0 0 0 0 0 0 0 0 0 0 0 0 0 0 1 0 0 0 0 0 0 0 0 0 0]
[1909819539853659863053203828558178090976496500077632907415771720447628875859834203221403139960630040723875955004399555090352999148452310640888656796334035377584100316845197818737285505643842992297780503255631934835733258124620153087724652285203438447574791728523599201889975999566945469119094407 0 0 0 0 0 0 0 0 0 0 0 0 0 0 0 0 0 0 0 0 0 0 0 0 0 0 0 0 0 0 0 0 0 0 0 0 0 0 0 0 0 0 0 0 0 0 0 0 0 0 0 0 0 0 0 0 0 0 0 0 0 0 0 0 0 0 0 0 0 0 0 0 0 0 0 0 0 0 0 0 0 0 0 0 0 0 0 1 0 0 0 0 0 0 0 0 0]
[6461509360561284445148827468487135384815271296359626813636388151468393778381275635652506090041859126603330962578632373588969394178799311932188128302495946134125610058025119952235017039490940529918219147785678829580205207578438549794118887805165818970656682460486975840703138530369752670638159107 0 0 0 0 0 0 0 0 0 0 0 0 0 0 0 0 0 0 0 0 0 0 0 0 0 0 0 0 0 0 0 0 0 0 0 0 0 0 0 0 0 0 0 0 0 0 0 0 0 0 0 0 0 0 0 0 0 0 0 0 0 0 0 0 0 0 0 0 0 0 0 0 0 0 0 0 0 0 0 0 0 0 0 0 0 0 0 0 1 0 0 0 0 0 0 0 0]
[2622391767428081370383836872821241708777460799506467931575955152987467810013925868788929894551256015020864405227086514142840156993534600798353100716883430155137685167258103140888860043069029100969364350760192891863475786118764451390539416168917323170670646907688779765445523507894840230083271805 0 0 0 0 0 0 0 0 0 0 0 0 0 0 0 0 0 0 0 0 0 0 0 0 0 0 0 0 0 0 0 0 0 0 0 0 0 0 0 0 0 0 0 0 0 0 0 0 0 0 0 0 0 0 0 0 0 0 0 0 0 0 0 0 0 0 0 0 0 0 0 0 0 0 0 0 0 0 0 0 0 0 0 0 0 0 0 0 0 1 0 0 0 0 0 0 0]
[1431354225938659212423547186984174824581297449933231872012563825961329417682826908947571147861280716456705282859869837213549398054746138341345359262648563337932792038202922873716648231635125118510380637980126081141426297814234160557922063674791879098747830327091484576984003021839381511921500017 0 0 0 0 0 0 0 0 0 0 0 0 0 0 0 0 0 0 0 0 0 0 0 0 0 0 0 0 0 0 0 0 0 0 0 0 0 0 0 0 0 0 0 0 0 0 0 0 0 0 0 0 0 0 0 0 0 0 0 0 0 0 0 0 0 0 0 0 0 0 0 0 0 0 0 0 0 0 0 0 0 0 0 0 0 0 0 0 0 0 1 0 0 0 0 0 0]
[2081258836466452786524829415306158880002058775791078303154732892223599206055756098377554312467882347081706693651140173820395976272096545121559449205907750816256589350784108675969663596537647116317415720367444319247311050007395092943496203369111200691180816355168382652442145298456443818797843222 0 0 0 0 0 0 0 0 0 0 0 0 0 0 0 0 0 0 0 0 0 0 0 0 0 0 0 0 0 0 0 0 0 0 0 0 0 0 0 0 0 0 0 0 0 0 0 0 0 0 0 0 0 0 0 0 0 0 0 0 0 0 0 0 0 0 0 0 0 0 0 0 0 0 0 0 0 0 0 0 0 0 0 0 0 0 0 0 0 0 0 1 0 0 0 0 0]
[281335971546818512386779664248713917908153085825953989491748057144306913879162416146058773411100146468063149529524262331933424879082734034661703983057886218426041200997995346681275618076931386341432659241448659710675388675305828487400179033693841654530316333913180085362554569171977021096404741 0 0 0 0 0 0 0 0 0 0 0 0 0 0 0 0 0 0 0 0 0 0 0 0 0 0 0 0 0 0 0 0 0 0 0 0 0 0 0 0 0 0 0 0 0 0 0 0 0 0 0 0 0 0 0 0 0 0 0 0 0 0 0 0 0 0 0 0 0 0 0 0 0 0 0 0 0 0 0 0 0 0 0 0 0 0 0 0 0 0 0 0 1 0 0 0 0]
[7488311205017574051012221144378583033038554063207590239280320508401231570724129431015215123328367422439607702723041444839676374905878016250281122124626857277849081120315396294685194394194583381465761536833449154706709009306462501880247638136548821412880408449410100359426967977391700771432065182 0 0 0 0 0 0 0 0 0 0 0 0 0 0 0 0 0 0 0 0 0 0 0 0 0 0 0 0 0 0 0 0 0 0 0 0 0 0 0 0 0 0 0 0 0 0 0 0 0 0 0 0 0 0 0 0 0 0 0 0 0 0 0 0 0 0 0 0 0 0 0 0 0 0 0 0 0 0 0 0 0 0 0 0 0 0 0 0 0 0 0 0 0 1 0 0 0]
[2360256434168420546699153585274235469268167808374003420563294833674015903337923373723503470153321092850785473515965006709203077005940166128957283672367955766365234171724971860998413152555324925561609224415361987170758985939756685709300445898645622070403085661370649280185668042404819306797244368 0 0 0 0 0 0 0 0 0 0 0 0 0 0 0 0 0 0 0 0 0 0 0 0 0 0 0 0 0 0 0 0 0 0 0 0 0 0 0 0 0 0 0 0 0 0 0 0 0 0 0 0 0 0 0 0 0 0 0 0 0 0 0 0 0 0 0 0 0 0 0 0 0 0 0 0 0 0 0 0 0 0 0 0 0 0 0 0 0 0 0 0 0 0 1 0 0]
[3900614531146472076241508053707749287163788296017380101456913453663008397132192443362973988852617695649834527435647032295694399207792669259595956448752650989397235726811773085653557290410975216469529227127674140617928684015435957400147510037069971762310018218710623552983353502061466848305787118 0 0 0 0 0 0 0 0 0 0 0 0 0 0 0 0 0 0 0 0 0 0 0 0 0 0 0 0 0 0 0 0 0 0 0 0 0 0 0 0 0 0 0 0 0 0 0 0 0 0 0 0 0 0 0 0 0 0 0 0 0 0 0 0 0 0 0 0 0 0 0 0 0 0 0 0 0 0 0 0 0 0 0 0 0 0 0 0 0 0 0 0 0 0 0 1 0]
[3805301282363414741697761369546797362259804588565432235657505199000271770029216438421504195300856000639967289974648088860457134688942051309528859686292956056522043898327881322621346582707828500526284758820466090803310908892152115853428123010019869368453325538791220062727731449730565284601602426 0 0 0 0 0 0 0 0 0 0 0 0 0 0 0 0 0 0 0 0 0 0 0 0 0 0 0 0 0 0 0 0 0 0 0 0 0 0 0 0 0 0 0 0 0 0 0 0 0 0 0 0 0 0 0 0 0 0 0 0 0 0 0 0 0 0 0 0 0 0 0 0 0 0 0 0 0 0 0 0 0 0 0 0 0 0 0 0 0 0 0 0 0 0 0 0 1]
]
