[[5300970082798309631435218317657415948068338803371654168825137190513636839133099125378317047203115452834193362084561063490648190689314862006204448921783395545131761079140221456440896998528885460074288161257107221916346860841673007487880976770598603495995254208809065012080107183052294706892834041 0 0 0 0 0 0 0 0 0 0 0 0 0 0 0 0 0 0 0 0 0 0 0 0 0 0 0 0 0 0 0 0 0 0 0 0 0 0 0 0 0 0 0 0 0 0 0 0 0 0 0 0 0 0 0 0 0 0 0 0 0 0 0 0 0 0 0 0 0 0 0 0 0 0 0 0 0 0 0 0 0 0 0 0 0 0 0 0 0 0 0 0 0 0 0 0 0]
[798335353583941591306275081167761776255840033121287852204588605984765184876483804849231676051773352048649473440579046458924814768196976426021983808349913815849645796926899947425042188114443770590364639922847751101289063677348851802446136158301450743983554648827387511934864011180336786639817417 1 0 0 0 0 0 0 0 0 0 0 0 0 0 0 0 0 0 0 0 0 0 0 0 0 0 0 0 0 0 0 0 0 0 0 0 0 0 0 0 0 0 0 0 0 0 0 0 0 0 0 0 0 0 0 0 0 0 0 0 0 0 0 0 0 0 0 0 0 0 0 0 0 0 0 0 0 0 0 0 0 0 0 0 0 0 0 0 0 0 0 0 0 0 0 0 0]
[4068216811380618853887376193006135286534962330839124342150378612858634688068105636172358323037603235310731393015079409761965219837160365162853144369347611311710905349085417731399287592600857745137352094800323018118664247707434466680571559607264560061011825138348143888455603225408210983977282796 0 1 0 0 0 0 0 0 0 0 0 0 0 0 0 0 0 0 0 0 0 0 0 0 0 0 0 0 0 0 0 0 0 0 0 0 0 0 0 0 0 0 0 0 0 0 0 0 0 0 0 0 0 0 0 0 0 0 0 0 0 0 0 0 0 0 0 0 0 0 0 0 0 0 0 0 0 0 0 0 0 0 0 0 0 0 0 0 0 0 0 0 0 0 0 0 0]
[1835465332011486322176839068534018264489700336810084307888477427245938825589547135234018032120548293532308583048711373762797397943275915129566331681560989480936495100479328444760386953742528599818585154647547950308839241698467185007964972841615093869129371495974570034547104888345220357966065144 0 0 1 0 0 0 0 0 0 0 0 0 0 0 0 0 0 0 0 0 0 0 0 0 0 0 0 0 0 0 0 0 0 0 0 0 0 0 0 0 0 0 0 0 0 0 0 0 0 0 0 0 0 0 0 0 0 0 0 0 0 0 0 0 0 0 0 0 0 0 0 0 0 0 0 0 0 0 0 0 0 0 0 0 0 0 0 0 0 0 0 0 0 0 0 0 0]
[3477093869256944918737170332040680647691281798301857035144795619117846712412662700273857307876590535351073199100579819293630290451112649031579086153368333103358057400902003742124642098530523064534181466933148618891600980169565512888499836413525066332468767875490205208405035403714426232686800087 0 0 0 1 0 0 0 0 0 0 0 0 0 0 0 0 0 0 0 0 0 0 0 0 0 0 0 0 0 0 0 0 0 0 0 0 0 0 0 0 0 0 0 0 0 0 0 0 0 0 0 0 0 0 0 0 0 0 0 0 0 0 0 0 0 0 0 0 0 0 0 0 0 0 0 0 0 0 0 0 0 0 0 0 0 0 0 0 0 0 0 0 0 0 0 0 0]
[3412361437074349308553563087898727256457422041431043441246504290549612635286089109261241860374731711095715790048171742572873297017819195765176149873768668910051201175450657910576830251547646763912352454369825916017686324402949239116096192654125170925794307869035223005195744888834278705198191260 0 0 0 0 1 0 0 0 0 0 0 0 0 0 0 0 0 0 0 0 0 0 0 0 0 0 0 0 0 0 0 0 0 0 0 0 0 0 0 0 0 0 0 0 0 0 0 0 0 0 0 0 0 0 0 0 0 0 0 0 0 0 0 0 0 0 0 0 0 0 0 0 0 0 0 0 0 0 0 0 0 0 0 0 0 0 0 0 0 0 0 0 0 0 0 0 0]
[2365868443050593371815704460754076954358580187301348585106187118872148113484781536804721698028983919297139749954289774934504364590855024833528731821197130108783969662559633587638849981754974862020733925540797494848444713085833101389146274234300313367071699204833947104884367042963690334213942955 0 0 0 0 0 1 0 0 0 0 0 0 0 0 0 0 0 0 0 0 0 0 0 0 0 0 0 0 0 0 0 0 0 0 0 0 0 0 0 0 0 0 0 0 0 0 0 0 0 0 0 0 0 0 0 0 0 0 0 0 0 0 0 0 0 0 0 0 0 0 0 0 0 0 0 0 0 0 0 0 0 0 0 0 0 0 0 0 0 0 0 0 0 0 0 0 0]
[2296505835238512937348192608467640712951463565502009641347981264870725938142054378372440507119439528127713156227708538580649290447947510100085690914615924695761661976413091745509103098418396413265205270512447565082209412781531683931326246886645287116964586820341535281822951113253700944000495188 0 0 0 0 0 0 1 0 0 0 0 0 0 0 0 0 0 0 0 0 0 0 0 0 0 0 0 0 0 0 0 0 0 0 0 0 0 0 0 0 0 0 0 0 0 0 0 0 0 0 0 0 0 0 0 0 0 0 0 0 0 0 0 0 0 0 0 0 0 0 0 0 0 0 0 0 0 0 0 0 0 0 0 0 0 0 0 0 0 0 0 0 0 0 0 0 0]
[4358683863937799864161851176370337004491996670911174669791990385962873829647027764654300481949706390906488089926122457663078632152826442000984214989243273876256432363070442080828268421106070289455097779187107705762427556491007836712693353327426058006298230239694807210647495452007798027948664849 0 0 0 0 0 0 0 1 0 0 0 0 0 0 0 0 0 0 0 0 0 0 0 0 0 0 0 0 0 0 0 0 0 0 0 0 0 0 0 0 0 0 0 0 0 0 0 0 0 0 0 0 0 0 0 0 0 0 0 0 0 0 0 0 0 0 0 0 0 0 0 0 0 0 0 0 0 0 0 0 0 0 0 0 0 0 0 0 0 0 0 0 0 0 0 0 0]
[3669641281164365206724928297229889791480619384928288303541862209276899211284458922538170196957125509890840867137942586744285953069747757227790093271996524338093029868446562488928386853618354217414950935243294292739246843048567471407702385245318644356868750611523435318357663024670950411224224280 0 0 0 0 0 0 0 0 1 0 0 0 0 0 0 0 0 0 0 0 0 0 0 0 0 0 0 0 0 0 0 0 0 0 0 0 0 0 0 0 0 0 0 0 0 0 0 0 0 0 0 0 0 0 0 0 0 0 0 0 0 0 0 0 0 0 0 0 0 0 0 0 0 0 0 0 0 0 0 0 0 0 0 0 0 0 0 0 0 0 0 0 0 0 0 0 0]
[3471818837733891886045742502887733402577403586054680249012231887428289228257617721123980981073786067149508470908975516623481809689450402726254725002883189429917986996441436556679565124317773230605796964272236990346301023954666903691989448216001646107603272396696936206903097727532416080836350444 0 0 0 0 0 0 0 0 0 1 0 0 0 0 0 0 0 0 0 0 0 0 0 0 0 0 0 0 0 0 0 0 0 0 0 0 0 0 0 0 0 0 0 0 0 0 0 0 0 0 0 0 0 0 0 0 0 0 0 0 0 0 0 0 0 0 0 0 0 0 0 0 0 0 0 0 0 0 0 0 0 0 0 0 0 0 0 0 0 0 0 0 0 0 0 0 0]
[1277495293869251135369634073985168384465919999975809559664964084628532179418894326314282517797073177609543235524797720796481317664055931894598678771140446462437856080966465261867077238809148809083235211829077867889232950541158060391878868424501603283222574191984107722898780220169598002372938720 0 0 0 0 0 0 0 0 0 0 1 0 0 0 0 0 0 0 0 0 0 0 0 0 0 0 0 0 0 0 0 0 0 0 0 0 0 0 0 0 0 0 0 0 0 0 0 0 0 0 0 0 0 0 0 0 0 0 0 0 0 0 0 0 0 0 0 0 0 0 0 0 0 0 0 0 0 0 0 0 0 0 0 0 0 0 0 0 0 0 0 0 0 0 0 0 0]
[3101033734776503613554397479407259596942616138023160658038255549024489962097985169965331444418991883277411153174334051910038427712155661824965206983599341315911948077987588191814969835530191293414550646989122240032201115817369747485552619655829709378886868949026948741803596815356424348483595309 0 0 0 0 0 0 0 0 0 0 0 1 0 0 0 0 0 0 0 0 0 0 0 0 0 0 0 0 0 0 0 0 0 0 0 0 0 0 0 0 0 0 0 0 0 0 0 0 0 0 0 0 0 0 0 0 0 0 0 0 0 0 0 0 0 0 0 0 0 0 0 0 0 0 0 0 0 0 0 0 0 0 0 0 0 0 0 0 0 0 0 0 0 0 0 0 0]
[1677696661282263517378075823136868515112897806540340484893446705353178877620440922464778886402013099907405513422090589021612432998654366468821197310025275717979169452566968112066127392875909491470320965421071316810835890511978799805116080277478092904835184870690293309471394355604717447855979191 0 0 0 0 0 0 0 0 0 0 0 0 1 0 0 0 0 0 0 0 0 0 0 0 0 0 0 0 0 0 0 0 0 0 0 0 0 0 0 0 0 0 0 0 0 0 0 0 0 0 0 0 0 0 0 0 0 0 0 0 0 0 0 0 0 0 0 0 0 0 0 0 0 0 0 0 0 0 0 0 0 0 0 0 0 0 0 0 0 0 0 0 0 0 0 0 0]
[2003757378514928920672440684941982611834744949103173008814328928923096443692579477636692798052458696498892915306642709162073974981249829611862918665243714209867493275727309592861436349384855510019299599038856244339303878039611874105080850505552112679172471154463155699498431711843784064406628595 0 0 0 0 0 0 0 0 0 0 0 0 0 1 0 0 0 0 0 0 0 0 0 0 0 0 0 0 0 0 0 0 0 0 0 0 0 0 0 0 0 0 0 0 0 0 0 0 0 0 0 0 0 0 0 0 0 0 0 0 0 0 0 0 0 0 0 0 0 0 0 0 0 0 0 0 0 0 0 0 0 0 0 0 0 0 0 0 0 0 0 0 0 0 0 0 0]
[5155279621983700678923098611617968364351674252135044244188116605093857275020761764139006526200674502082631780820561154368453395670957617866130517607408641429554431548327372497754697556317778508572649275897828227234150871092330575524248964231051719906124846503188100063832176136423949286014067805 0 0 0 0 0 0 0 0 0 0 0 0 0 0 1 0 0 0 0 0 0 0 0 0 0 0 0 0 0 0 0 0 0 0 0 0 0 0 0 0 0 0 0 0 0 0 0 0 0 0 0 0 0 0 0 0 0 0 0 0 0 0 0 0 0 0 0 0 0 0 0 0 0 0 0 0 0 0 0 0 0 0 0 0 0 0 0 0 0 0 0 0 0 0 0 0 0]
[2602144703095434940924432104544577860139292592933137232530942156346920275081239249758270469496229225210643190254447275895133243440273311782530439456741802475460238016200051384496045194982206019268217786989714262615913543432967027702429419697229414585548054123094816126266998294797597607278000357 0 0 0 0 0 0 0 0 0 0 0 0 0 0 0 1 0 0 0 0 0 0 0 0 0 0 0 0 0 0 0 0 0 0 0 0 0 0 0 0 0 0 0 0 0 0 0 0 0 0 0 0 0 0 0 0 0 0 0 0 0 0 0 0 0 0 0 0 0 0 0 0 0 0 0 0 0 0 0 0 0 0 0 0 0 0 0 0 0 0 0 0 0 0 0 0 0]
[997772702289152906791962340183314113410832988677706192456482550565025723118903921911806876619077079529409495654299795368838981104096909920697148379252561774713702992452764554033216494962647186097813786830258850088697442176293944836595587882141766391855900918696713514084299577186050026009157290 0 0 0 0 0 0 0 0 0 0 0 0 0 0 0 0 1 0 0 0 0 0 0 0 0 0 0 0 0 0 0 0 0 0 0 0 0 0 0 0 0 0 0 0 0 0 0 0 0 0 0 0 0 0 0 0 0 0 0 0 0 0 0 0 0 0 0 0 0 0 0 0 0 0 0 0 0 0 0 0 0 0 0 0 0 0 0 0 0 0 0 0 0 0 0 0 0]
[5087516822521993135688438050517769083205061706568983975324177343913459806818779778407955746870478095573895080084772797341211678586168496675065199163067793919482885386567635441065987935236710189947585040573614882039862166060023201339499708910867831159567462224775011252396497864635673092770907129 0 0 0 0 0 0 0 0 0 0 0 0 0 0 0 0 0 1 0 0 0 0 0 0 0 0 0 0 0 0 0 0 0 0 0 0 0 0 0 0 0 0 0 0 0 0 0 0 0 0 0 0 0 0 0 0 0 0 0 0 0 0 0 0 0 0 0 0 0 0 0 0 0 0 0 0 0 0 0 0 0 0 0 0 0 0 0 0 0 0 0 0 0 0 0 0 0]
[4305569731437552436317944023669356416756291072069834004699544636890398029780519818367056259039877107071893573142465861136377881724098016356331389776916233219266052858742456470399539653879490895394706731286984663863230532682554295987519139046104750649327519576381234606902957037377186077742353381 0 0 0 0 0 0 0 0 0 0 0 0 0 0 0 0 0 0 1 0 0 0 0 0 0 0 0 0 0 0 0 0 0 0 0 0 0 0 0 0 0 0 0 0 0 0 0 0 0 0 0 0 0 0 0 0 0 0 0 0 0 0 0 0 0 0 0 0 0 0 0 0 0 0 0 0 0 0 0 0 0 0 0 0 0 0 0 0 0 0 0 0 0 0 0 0 0]
[2491522533485471819529689972248081050477843981818476591468159325811534768890048332076952909808480540246241497764197947870844789656989893752657502833409570198361653214829603354027313488014556810576598730313824236451910257523733267810867715716061972268556199789983512938453171643039102214137270046 0 0 0 0 0 0 0 0 0 0 0 0 0 0 0 0 0 0 0 1 0 0 0 0 0 0 0 0 0 0 0 0 0 0 0 0 0 0 0 0 0 0 0 0 0 0 0 0 0 0 0 0 0 0 0 0 0 0 0 0 0 0 0 0 0 0 0 0 0 0 0 0 0 0 0 0 0 0 0 0 0 0 0 0 0 0 0 0 0 0 0 0 0 0 0 0 0]
[5163579460860738159565619342005549468155887288504979710527623969463669633100396029593170996142009525184706961205685670109159195381149295472922575493906226255059497995416004318612704975544203522660444158609311695329622993060230108262111641996387280279302032105393984775414497064466210065108942676 0 0 0 0 0 0 0 0 0 0 0 0 0 0 0 0 0 0 0 0 1 0 0 0 0 0 0 0 0 0 0 0 0 0 0 0 0 0 0 0 0 0 0 0 0 0 0 0 0 0 0 0 0 0 0 0 0 0 0 0 0 0 0 0 0 0 0 0 0 0 0 0 0 0 0 0 0 0 0 0 0 0 0 0 0 0 0 0 0 0 0 0 0 0 0 0 0]
[1505786364972402899559439151825791825322119895587074462187257560396368527592353757996344587483259703688362982912514393485884403012962616417026839966022029281964948361020227363575840233473945112934921552299964126583232011656602989159268143780768950079609813075965758306799498345956399380140254474 0 0 0 0 0 0 0 0 0 0 0 0 0 0 0 0 0 0 0 0 0 1 0 0 0 0 0 0 0 0 0 0 0 0 0 0 0 0 0 0 0 0 0 0 0 0 0 0 0 0 0 0 0 0 0 0 0 0 0 0 0 0 0 0 0 0 0 0 0 0 0 0 0 0 0 0 0 0 0 0 0 0 0 0 0 0 0 0 0 0 0 0 0 0 0 0 0]
[3833668291995373477223713990911941684871358820013422675900865364610748124434748015736299308967592073736395957780078563983039833868357740561289285945317738867963038293866650725686679653608727738263080902494824365957560981886992676632298382053949546363064284792019026097139190212028154242038583041 0 0 0 0 0 0 0 0 0 0 0 0 0 0 0 0 0 0 0 0 0 0 1 0 0 0 0 0 0 0 0 0 0 0 0 0 0 0 0 0 0 0 0 0 0 0 0 0 0 0 0 0 0 0 0 0 0 0 0 0 0 0 0 0 0 0 0 0 0 0 0 0 0 0 0 0 0 0 0 0 0 0 0 0 0 0 0 0 0 0 0 0 0 0 0 0 0]
[2857059633408713913200715121364547560044815900907096864342775672764943865658391633288905315205458652830323789528045624306750276317805286436302550521657777851485719024016902058418667305585195790971400100056953257893737279544978162092684805446528463946635644373730693072979761941824052898288709880 0 0 0 0 0 0 0 0 0 0 0 0 0 0 0 0 0 0 0 0 0 0 0 1 0 0 0 0 0 0 0 0 0 0 0 0 0 0 0 0 0 0 0 0 0 0 0 0 0 0 0 0 0 0 0 0 0 0 0 0 0 0 0 0 0 0 0 0 0 0 0 0 0 0 0 0 0 0 0 0 0 0 0 0 0 0 0 0 0 0 0 0 0 0 0 0 0]
[765997182894068757070285004128721242587071585565859308444390599948794331678384160863236014308820390596767703106858975508656879506835491440416929646511024444527412637362960899411650838197957488811264180945904030012784175524006886297278703825461416480189486948529844260196053453855093790994469631 0 0 0 0 0 0 0 0 0 0 0 0 0 0 0 0 0 0 0 0 0 0 0 0 1 0 0 0 0 0 0 0 0 0 0 0 0 0 0 0 0 0 0 0 0 0 0 0 0 0 0 0 0 0 0 0 0 0 0 0 0 0 0 0 0 0 0 0 0 0 0 0 0 0 0 0 0 0 0 0 0 0 0 0 0 0 0 0 0 0 0 0 0 0 0 0 0]
[4044498001289557498164220653205667894484547765891340355746043350857178007281870839181279228119233024668628354823004459935302424585431593374411891599615255416359194075814773241064337138625694595973222133502369990516088218688300579957470660268927519314287423663950268374588683585142817006274832189 0 0 0 0 0 0 0 0 0 0 0 0 0 0 0 0 0 0 0 0 0 0 0 0 0 1 0 0 0 0 0 0 0 0 0 0 0 0 0 0 0 0 0 0 0 0 0 0 0 0 0 0 0 0 0 0 0 0 0 0 0 0 0 0 0 0 0 0 0 0 0 0 0 0 0 0 0 0 0 0 0 0 0 0 0 0 0 0 0 0 0 0 0 0 0 0 0]
[3550033386673481035827608882168883881937735306283136785734404063123019191486309012732450381372884206763028166040303491034779902520019842655368534507591387366171384451454500519065532488768255200994747365040564848105730524487917021347736320176714647002191108811226750216590226489347433476470214043 0 0 0 0 0 0 0 0 0 0 0 0 0 0 0 0 0 0 0 0 0 0 0 0 0 0 1 0 0 0 0 0 0 0 0 0 0 0 0 0 0 0 0 0 0 0 0 0 0 0 0 0 0 0 0 0 0 0 0 0 0 0 0 0 0 0 0 0 0 0 0 0 0 0 0 0 0 0 0 0 0 0 0 0 0 0 0 0 0 0 0 0 0 0 0 0 0]
[373731633615744677716238253741455506045822630938845694887598855494180432080272944350364037841173769462318848647523875051995735228935396357901472070045753253630612813246094852909611437498975978883242827064977284441287686248347597033055355463955685043633418375969444760183920848302145356578625876 0 0 0 0 0 0 0 0 0 0 0 0 0 0 0 0 0 0 0 0 0 0 0 0 0 0 0 1 0 0 0 0 0 0 0 0 0 0 0 0 0 0 0 0 0 0 0 0 0 0 0 0 0 0 0 0 0 0 0 0 0 0 0 0 0 0 0 0 0 0 0 0 0 0 0 0 0 0 0 0 0 0 0 0 0 0 0 0 0 0 0 0 0 0 0 0 0]
[3411294355368166447047011717931205717942688642200330249343670833183831317991899523290760860464988229055987501409137807242237168239411190348838929912769041103126834408895681794633717767491762623699474248262992816107456940586654866047847416637499026426024056204656982313162394767160136683617530033 0 0 0 0 0 0 0 0 0 0 0 0 0 0 0 0 0 0 0 0 0 0 0 0 0 0 0 0 1 0 0 0 0 0 0 0 0 0 0 0 0 0 0 0 0 0 0 0 0 0 0 0 0 0 0 0 0 0 0 0 0 0 0 0 0 0 0 0 0 0 0 0 0 0 0 0 0 0 0 0 0 0 0 0 0 0 0 0 0 0 0 0 0 0 0 0 0]
[571853166895027826534528120857321582373743328471980395083252557052612361418726785446774630675988486347364352851233779805986475169753369383743880967881727694949554989030343717105931101348686671132541554156704034010575670344806740124182027425775621069923505612607676295016224010777008266743656308 0 0 0 0 0 0 0 0 0 0 0 0 0 0 0 0 0 0 0 0 0 0 0 0 0 0 0 0 0 1 0 0 0 0 0 0 0 0 0 0 0 0 0 0 0 0 0 0 0 0 0 0 0 0 0 0 0 0 0 0 0 0 0 0 0 0 0 0 0 0 0 0 0 0 0 0 0 0 0 0 0 0 0 0 0 0 0 0 0 0 0 0 0 0 0 0 0]
[2359414881754024044413502609213219695916710122938984625107965807059940444790826877243202264248505311615323728865518057168422245278963412013067315058079288418870050656041482202889699708946736769508023196021461701344716952573724207181310325576995090659085173392322397054944943390191660227282326971 0 0 0 0 0 0 0 0 0 0 0 0 0 0 0 0 0 0 0 0 0 0 0 0 0 0 0 0 0 0 1 0 0 0 0 0 0 0 0 0 0 0 0 0 0 0 0 0 0 0 0 0 0 0 0 0 0 0 0 0 0 0 0 0 0 0 0 0 0 0 0 0 0 0 0 0 0 0 0 0 0 0 0 0 0 0 0 0 0 0 0 0 0 0 0 0 0]
[3942000879261170390465167296068250494051888986573832108282205155548147187699769506964742941644892206313410449216736217479358520664315169333486468915101215796420314555838814786004425454377968540952253059917178825674292056117407205998763889100327034069489728697552985466364564127453794038108863185 0 0 0 0 0 0 0 0 0 0 0 0 0 0 0 0 0 0 0 0 0 0 0 0 0 0 0 0 0 0 0 1 0 0 0 0 0 0 0 0 0 0 0 0 0 0 0 0 0 0 0 0 0 0 0 0 0 0 0 0 0 0 0 0 0 0 0 0 0 0 0 0 0 0 0 0 0 0 0 0 0 0 0 0 0 0 0 0 0 0 0 0 0 0 0 0 0]
[1664233426392946962456258609517401007652269509576889225876990003092826594292959410743994496269295794112981441096870793325579505717139667543143696044817471284637295948329044118535718950570316297275045043418700782225347357756689512321940370895657099831782080916872599049896757369526991339363861336 0 0 0 0 0 0 0 0 0 0 0 0 0 0 0 0 0 0 0 0 0 0 0 0 0 0 0 0 0 0 0 0 1 0 0 0 0 0 0 0 0 0 0 0 0 0 0 0 0 0 0 0 0 0 0 0 0 0 0 0 0 0 0 0 0 0 0 0 0 0 0 0 0 0 0 0 0 0 0 0 0 0 0 0 0 0 0 0 0 0 0 0 0 0 0 0 0]
[2021412955493636264773764129169099877674236917164375277453250629090670834698885137375847133381826083126797327761384792070445705502428838248694780612775388065015362439532072484438060318566589580610482785292325069014882529258621178338772959032430808110280841342914861807038065568232711553030045088 0 0 0 0 0 0 0 0 0 0 0 0 0 0 0 0 0 0 0 0 0 0 0 0 0 0 0 0 0 0 0 0 0 1 0 0 0 0 0 0 0 0 0 0 0 0 0 0 0 0 0 0 0 0 0 0 0 0 0 0 0 0 0 0 0 0 0 0 0 0 0 0 0 0 0 0 0 0 0 0 0 0 0 0 0 0 0 0 0 0 0 0 0 0 0 0 0]
[1290939210824092415769755705961300044255682779998640122353339630833881374658979655154862595537727463704497745122230615182657503781751406335096771732997668326571392456976676447340768129943554104131067791600799034607027399340973006008678043283267956334406797040254296226494030229937588755327351237 0 0 0 0 0 0 0 0 0 0 0 0 0 0 0 0 0 0 0 0 0 0 0 0 0 0 0 0 0 0 0 0 0 0 1 0 0 0 0 0 0 0 0 0 0 0 0 0 0 0 0 0 0 0 0 0 0 0 0 0 0 0 0 0 0 0 0 0 0 0 0 0 0 0 0 0 0 0 0 0 0 0 0 0 0 0 0 0 0 0 0 0 0 0 0 0 0]
[806343331983951569880191462702965976229191869261834812009869451557597778618970325223757997665260868046016844764843972072033041643607605747957463169777238142621501231951646213295568263762502555199014348809019172605323385774205303034063710966878991372739266887250116285997345292844996271656628575 0 0 0 0 0 0 0 0 0 0 0 0 0 0 0 0 0 0 0 0 0 0 0 0 0 0 0 0 0 0 0 0 0 0 0 1 0 0 0 0 0 0 0 0 0 0 0 0 0 0 0 0 0 0 0 0 0 0 0 0 0 0 0 0 0 0 0 0 0 0 0 0 0 0 0 0 0 0 0 0 0 0 0 0 0 0 0 0 0 0 0 0 0 0 0 0 0]
[4649613096872336059926229735394767504970997965021619188732417483914516394718992972593067589697581769859542523539686868374800540484940076137824783088105175016468985542217237837815316615035844813942506882769524034284417784622370112211212365552219103028645117952997386538773701933028501520819162255 0 0 0 0 0 0 0 0 0 0 0 0 0 0 0 0 0 0 0 0 0 0 0 0 0 0 0 0 0 0 0 0 0 0 0 0 1 0 0 0 0 0 0 0 0 0 0 0 0 0 0 0 0 0 0 0 0 0 0 0 0 0 0 0 0 0 0 0 0 0 0 0 0 0 0 0 0 0 0 0 0 0 0 0 0 0 0 0 0 0 0 0 0 0 0 0 0]
[2745113336820393719715078011995913947598065826827330018558979970032724893558188681911979966596416036464418265084485974558374265073653843340896814059101603862964597948478412589607999206665099561324932852798709612714916208354048183825965416716520595121124605499644265596373881980813520838139886060 0 0 0 0 0 0 0 0 0 0 0 0 0 0 0 0 0 0 0 0 0 0 0 0 0 0 0 0 0 0 0 0 0 0 0 0 0 1 0 0 0 0 0 0 0 0 0 0 0 0 0 0 0 0 0 0 0 0 0 0 0 0 0 0 0 0 0 0 0 0 0 0 0 0 0 0 0 0 0 0 0 0 0 0 0 0 0 0 0 0 0 0 0 0 0 0 0]
[2218598049746417280529955240993881543818026918028091656752779985946555313361771917865701482260103729366661469894816850023445864159952347178877884100148240003209849783975472079051169634686312139012422097157927588141608525929980834474748984208310996651765956015249104980873803535518575422541194369 0 0 0 0 0 0 0 0 0 0 0 0 0 0 0 0 0 0 0 0 0 0 0 0 0 0 0 0 0 0 0 0 0 0 0 0 0 0 1 0 0 0 0 0 0 0 0 0 0 0 0 0 0 0 0 0 0 0 0 0 0 0 0 0 0 0 0 0 0 0 0 0 0 0 0 0 0 0 0 0 0 0 0 0 0 0 0 0 0 0 0 0 0 0 0 0 0]
[4508018487727756729188986892635689610222137575884370537231800967122907031175502586965773088672774371390106867921898564815449519595465276136098701175162446381258117585973841387851678344021467613929529483611873448994379534627409100588091325655017442755227729187800293948615604397836359700713908454 0 0 0 0 0 0 0 0 0 0 0 0 0 0 0 0 0 0 0 0 0 0 0 0 0 0 0 0 0 0 0 0 0 0 0 0 0 0 0 1 0 0 0 0 0 0 0 0 0 0 0 0 0 0 0 0 0 0 0 0 0 0 0 0 0 0 0 0 0 0 0 0 0 0 0 0 0 0 0 0 0 0 0 0 0 0 0 0 0 0 0 0 0 0 0 0 0]
[4859039819426020949768544808061838800940071802260291646181264451444824185632067223926233455780054297014137860359598548015642219094352706192198732422547957719820719231562705246657906134655276782871101838123642785813031449568282525402034306241125450327666168055684083955217327288401038700697309521 0 0 0 0 0 0 0 0 0 0 0 0 0 0 0 0 0 0 0 0 0 0 0 0 0 0 0 0 0 0 0 0 0 0 0 0 0 0 0 0 1 0 0 0 0 0 0 0 0 0 0 0 0 0 0 0 0 0 0 0 0 0 0 0 0 0 0 0 0 0 0 0 0 0 0 0 0 0 0 0 0 0 0 0 0 0 0 0 0 0 0 0 0 0 0 0 0]
[4792360781637114699396144957139341097481800938260917885131450362377589395215945373484838569207677564306265482233993009724405447768147026794580420630228967702016509623293712489537983131300715012515916881960865997590020989602392261976972213401680302780126301251458472811670897700466980655972888208 0 0 0 0 0 0 0 0 0 0 0 0 0 0 0 0 0 0 0 0 0 0 0 0 0 0 0 0 0 0 0 0 0 0 0 0 0 0 0 0 0 1 0 0 0 0 0 0 0 0 0 0 0 0 0 0 0 0 0 0 0 0 0 0 0 0 0 0 0 0 0 0 0 0 0 0 0 0 0 0 0 0 0 0 0 0 0 0 0 0 0 0 0 0 0 0 0]
[3711010490089660481694638498537203400030053992462238629942728876128762424830555015745625709139816771808907782257044716776085926486013425994023843069092463616345610845443006307518233412331554478405207588682459510638844610991963660246739783916156290201627030463081157484437926319931212901503549517 0 0 0 0 0 0 0 0 0 0 0 0 0 0 0 0 0 0 0 0 0 0 0 0 0 0 0 0 0 0 0 0 0 0 0 0 0 0 0 0 0 0 1 0 0 0 0 0 0 0 0 0 0 0 0 0 0 0 0 0 0 0 0 0 0 0 0 0 0 0 0 0 0 0 0 0 0 0 0 0 0 0 0 0 0 0 0 0 0 0 0 0 0 0 0 0 0]
[3979749571834279172036801877744406819014378743352637714703484627970900526550505380194278970027935932712770618182050944546356945710490740715722014313854908445827765970870007200340026640947193444805049488699780682508961922511025521351721293221596914254763842498483060295812474028881768100209884267 0 0 0 0 0 0 0 0 0 0 0 0 0 0 0 0 0 0 0 0 0 0 0 0 0 0 0 0 0 0 0 0 0 0 0 0 0 0 0 0 0 0 0 1 0 0 0 0 0 0 0 0 0 0 0 0 0 0 0 0 0 0 0 0 0 0 0 0 0 0 0 0 0 0 0 0 0 0 0 0 0 0 0 0 0 0 0 0 0 0 0 0 0 0 0 0 0]
[521640986549888940606277626866118543128817470562623659506125889082765292715936791000307644699086874242196421110359079937559980804059534747730554596810696387940955230164180479673736121515566634815190097028212524895500377543259303431320897886868395046036996458135692591044256416020457787319085108 0 0 0 0 0 0 0 0 0 0 0 0 0 0 0 0 0 0 0 0 0 0 0 0 0 0 0 0 0 0 0 0 0 0 0 0 0 0 0 0 0 0 0 0 1 0 0 0 0 0 0 0 0 0 0 0 0 0 0 0 0 0 0 0 0 0 0 0 0 0 0 0 0 0 0 0 0 0 0 0 0 0 0 0 0 0 0 0 0 0 0 0 0 0 0 0 0]
[1878621584977365715883880548964252124147297078867397417701158900658101186487776667211623594614448374667626051588927585888742073928313582508746371945496018451071614572991152946906379697738978336225531116337007892122172139463435388525967031227011015702309471808463255835133790044737047186943670190 0 0 0 0 0 0 0 0 0 0 0 0 0 0 0 0 0 0 0 0 0 0 0 0 0 0 0 0 0 0 0 0 0 0 0 0 0 0 0 0 0 0 0 0 0 1 0 0 0 0 0 0 0 0 0 0 0 0 0 0 0 0 0 0 0 0 0 0 0 0 0 0 0 0 0 0 0 0 0 0 0 0 0 0 0 0 0 0 0 0 0 0 0 0 0 0 0]
[3171060915307134254807237842741201198628367835039039080799906128736597326904208394865113588245171576186455300691398258760720789008650734878565834150927525752214161197972081362097806836833911949168424822871025390469801268735534302838733228232295024957435750227890118163704782487085378020322826328 0 0 0 0 0 0 0 0 0 0 0 0 0 0 0 0 0 0 0 0 0 0 0 0 0 0 0 0 0 0 0 0 0 0 0 0 0 0 0 0 0 0 0 0 0 0 1 0 0 0 0 0 0 0 0 0 0 0 0 0 0 0 0 0 0 0 0 0 0 0 0 0 0 0 0 0 0 0 0 0 0 0 0 0 0 0 0 0 0 0 0 0 0 0 0 0 0]
[3380085182486150647663576202507648081530207616191395311604466455941459909196823968459489788331305081112117946311299034208664344987276644290505588842963133193087258598027340584420580927564895631265996825475473129285531647832453318612777000492966848450438366595674403620799979953429102334362884516 0 0 0 0 0 0 0 0 0 0 0 0 0 0 0 0 0 0 0 0 0 0 0 0 0 0 0 0 0 0 0 0 0 0 0 0 0 0 0 0 0 0 0 0 0 0 0 1 0 0 0 0 0 0 0 0 0 0 0 0 0 0 0 0 0 0 0 0 0 0 0 0 0 0 0 0 0 0 0 0 0 0 0 0 0 0 0 0 0 0 0 0 0 0 0 0 0]
[4379443086251684249582432832553648924291401473614522014194968738632769588004809944339044040197344581413811776599761959408946737482983172300084282282368214278243357582307202320980639907992907791865440552607805113205568053293562220753845291632093978299003913877416802982773476620318171877724291803 0 0 0 0 0 0 0 0 0 0 0 0 0 0 0 0 0 0 0 0 0 0 0 0 0 0 0 0 0 0 0 0 0 0 0 0 0 0 0 0 0 0 0 0 0 0 0 0 1 0 0 0 0 0 0 0 0 0 0 0 0 0 0 0 0 0 0 0 0 0 0 0 0 0 0 0 0 0 0 0 0 0 0 0 0 0 0 0 0 0 0 0 0 0 0 0 0]
[1457632810812145535496004430843734022779291190226607978729265223640393262287243026561955276925218598627498988371978056032635270605927724424822052688048866480198798523297385672899883460684566623358744973498132829202904153564171596881875582831705691550474219634672787199866618001039708602541903472 0 0 0 0 0 0 0 0 0 0 0 0 0 0 0 0 0 0 0 0 0 0 0 0 0 0 0 0 0 0 0 0 0 0 0 0 0 0 0 0 0 0 0 0 0 0 0 0 0 1 0 0 0 0 0 0 0 0 0 0 0 0 0 0 0 0 0 0 0 0 0 0 0 0 0 0 0 0 0 0 0 0 0 0 0 0 0 0 0 0 0 0 0 0 0 0 0]
[4397719754136550340726024664545201265191764908500668290078371196272471521921712339392118715301818217602372886594056634013831651980706562822940001961428012184224868274742438588677078090495557374102837863788674644453807291571304595411743417068573999820049888817504979738971407930716764728164032017 0 0 0 0 0 0 0 0 0 0 0 0 0 0 0 0 0 0 0 0 0 0 0 0 0 0 0 0 0 0 0 0 0 0 0 0 0 0 0 0 0 0 0 0 0 0 0 0 0 0 1 0 0 0 0 0 0 0 0 0 0 0 0 0 0 0 0 0 0 0 0 0 0 0 0 0 0 0 0 0 0 0 0 0 0 0 0 0 0 0 0 0 0 0 0 0 0]
[3712613354104128441891683639436170013867220880496967129205513166075950275274733183094568871321637337996986566224238267933753502364040318013114052837098762943325474119182539879484715163787591738768269718404538371328112731038243454941430504684963221262257785739804898412869697071874359147609179076 0 0 0 0 0 0 0 0 0 0 0 0 0 0 0 0 0 0 0 0 0 0 0 0 0 0 0 0 0 0 0 0 0 0 0 0 0 0 0 0 0 0 0 0 0 0 0 0 0 0 0 1 0 0 0 0 0 0 0 0 0 0 0 0 0 0 0 0 0 0 0 0 0 0 0 0 0 0 0 0 0 0 0 0 0 0 0 0 0 0 0 0 0 0 0 0 0]
[878651164508919677227463616085476166706161882714732557654686400971031280751336296704539091133783508175070341967313725565152236501514786471746567902248272074143067867688681805636358576110583004564148652848731767533159188205022024324946858249073827624437515622953908342904841447829694802305108560 0 0 0 0 0 0 0 0 0 0 0 0 0 0 0 0 0 0 0 0 0 0 0 0 0 0 0 0 0 0 0 0 0 0 0 0 0 0 0 0 0 0 0 0 0 0 0 0 0 0 0 0 1 0 0 0 0 0 0 0 0 0 0 0 0 0 0 0 0 0 0 0 0 0 0 0 0 0 0 0 0 0 0 0 0 0 0 0 0 0 0 0 0 0 0 0 0]
[1775260336345937292057486821212986590702043930744913090197047973016848663084690089082645877693718047653673140694398871997880133007922963816549267446999207271014915825701508223532189550922691275592279443458463422908039148750500097534711718157642047057790331301465518982575434071902341136452167261 0 0 0 0 0 0 0 0 0 0 0 0 0 0 0 0 0 0 0 0 0 0 0 0 0 0 0 0 0 0 0 0 0 0 0 0 0 0 0 0 0 0 0 0 0 0 0 0 0 0 0 0 0 1 0 0 0 0 0 0 0 0 0 0 0 0 0 0 0 0 0 0 0 0 0 0 0 0 0 0 0 0 0 0 0 0 0 0 0 0 0 0 0 0 0 0 0]
[5096981613482358596664513893918623347357522725083076363392072574293036789583722582018907321441638370357428787740003262766694344046013544682390709751452771466794378133428626317251565038628656590451285680246378075776083369558912695147983170263998059280988768205511616538884363702799012299501322842 0 0 0 0 0 0 0 0 0 0 0 0 0 0 0 0 0 0 0 0 0 0 0 0 0 0 0 0 0 0 0 0 0 0 0 0 0 0 0 0 0 0 0 0 0 0 0 0 0 0 0 0 0 0 1 0 0 0 0 0 0 0 0 0 0 0 0 0 0 0 0 0 0 0 0 0 0 0 0 0 0 0 0 0 0 0 0 0 0 0 0 0 0 0 0 0 0]
[4168412902598872148607810065592665326147214010168744449619390647098732809589014838969923456988637237412434930442033602991009292667625816205994078841805283010375280057292390352760710677001162368074067243393398003918319423709141297863953013364642727168312741657941637978944912375119711032551330123 0 0 0 0 0 0 0 0 0 0 0 0 0 0 0 0 0 0 0 0 0 0 0 0 0 0 0 0 0 0 0 0 0 0 0 0 0 0 0 0 0 0 0 0 0 0 0 0 0 0 0 0 0 0 0 1 0 0 0 0 0 0 0 0 0 0 0 0 0 0 0 0 0 0 0 0 0 0 0 0 0 0 0 0 0 0 0 0 0 0 0 0 0 0 0 0 0]
[3797186930074788087888864820198180934497626953746335075998032555432821864543675613959335573930362125653907660449654884401714868106992945138927386921040923416905206686040918848282275296215178787783020481049010214657829302765054320823131440018503588833459639191287371633156719434804120528899989953 0 0 0 0 0 0 0 0 0 0 0 0 0 0 0 0 0 0 0 0 0 0 0 0 0 0 0 0 0 0 0 0 0 0 0 0 0 0 0 0 0 0 0 0 0 0 0 0 0 0 0 0 0 0 0 0 1 0 0 0 0 0 0 0 0 0 0 0 0 0 0 0 0 0 0 0 0 0 0 0 0 0 0 0 0 0 0 0 0 0 0 0 0 0 0 0 0]
[1434921973601813370210598846556565795404064112298001964156131681149255887183368001768602060157195626169293042553241033417040427810322421059130727242453328620193538641716728848064644633475793621150690686607409235606294568419876675273254113296084377649487014296464732732818592805952685869447235712 0 0 0 0 0 0 0 0 0 0 0 0 0 0 0 0 0 0 0 0 0 0 0 0 0 0 0 0 0 0 0 0 0 0 0 0 0 0 0 0 0 0 0 0 0 0 0 0 0 0 0 0 0 0 0 0 0 1 0 0 0 0 0 0 0 0 0 0 0 0 0 0 0 0 0 0 0 0 0 0 0 0 0 0 0 0 0 0 0 0 0 0 0 0 0 0 0]
[3097295643512579910423566687357267818350227607324477394973496234865023762220967228076944981141614303718900584576137766016629071756737415819806988552801024798934163094151994552600496582909270414882461171427587669683995690377176123443019523306518850590907832771199693821237294049733854278446524748 0 0 0 0 0 0 0 0 0 0 0 0 0 0 0 0 0 0 0 0 0 0 0 0 0 0 0 0 0 0 0 0 0 0 0 0 0 0 0 0 0 0 0 0 0 0 0 0 0 0 0 0 0 0 0 0 0 0 1 0 0 0 0 0 0 0 0 0 0 0 0 0 0 0 0 0 0 0 0 0 0 0 0 0 0 0 0 0 0 0 0 0 0 0 0 0 0]
[1384519669498697306801956922521370584356834534860990602423232273126731355082932874145781663215212407091040306291143519031850135416789122779654124653609855161447753691810160636457810191066805530466139806584534368204609159870469916760342462781477773633989697512809781761699568918882523204608637694 0 0 0 0 0 0 0 0 0 0 0 0 0 0 0 0 0 0 0 0 0 0 0 0 0 0 0 0 0 0 0 0 0 0 0 0 0 0 0 0 0 0 0 0 0 0 0 0 0 0 0 0 0 0 0 0 0 0 0 1 0 0 0 0 0 0 0 0 0 0 0 0 0 0 0 0 0 0 0 0 0 0 0 0 0 0 0 0 0 0 0 0 0 0 0 0 0]
[2849499167722537405507296299907659177395932763589142318543370283860956979442113494272738136332028962118382612434230651267571615362496982100816631737909332272669784294582720278044127426067691392516445465555961377313512787199038473123394903664368851337086721704773615057604006627892855513990108524 0 0 0 0 0 0 0 0 0 0 0 0 0 0 0 0 0 0 0 0 0 0 0 0 0 0 0 0 0 0 0 0 0 0 0 0 0 0 0 0 0 0 0 0 0 0 0 0 0 0 0 0 0 0 0 0 0 0 0 0 1 0 0 0 0 0 0 0 0 0 0 0 0 0 0 0 0 0 0 0 0 0 0 0 0 0 0 0 0 0 0 0 0 0 0 0 0]
[3149959068118768800494122850317179851150379220650418839636977742419457520839840730503681138155673274835522877678074006128802472667329487464315257763953003815180274055006954548856757132263462103897511429533007556112594334918374660060877505664332575364383947702883999682499202357561785401179071206 0 0 0 0 0 0 0 0 0 0 0 0 0 0 0 0 0 0 0 0 0 0 0 0 0 0 0 0 0 0 0 0 0 0 0 0 0 0 0 0 0 0 0 0 0 0 0 0 0 0 0 0 0 0 0 0 0 0 0 0 0 1 0 0 0 0 0 0 0 0 0 0 0 0 0 0 0 0 0 0 0 0 0 0 0 0 0 0 0 0 0 0 0 0 0 0 0]
[366167952508398765604778383535644043371214957383238528812494105526661362810236508281712065606890175525043119152702889413643049709605805454261329322973432473331038046637494804996038961985403222219592104963471778089049227012814519565462216726036628938366413152882373483471927902447147993894610362 0 0 0 0 0 0 0 0 0 0 0 0 0 0 0 0 0 0 0 0 0 0 0 0 0 0 0 0 0 0 0 0 0 0 0 0 0 0 0 0 0 0 0 0 0 0 0 0 0 0 0 0 0 0 0 0 0 0 0 0 0 0 1 0 0 0 0 0 0 0 0 0 0 0 0 0 0 0 0 0 0 0 0 0 0 0 0 0 0 0 0 0 0 0 0 0 0]
[1567390021387173456457743613106606982723682502340982083248991830253861802123318205054832823552914836321687597846792762548593137853432371173958746216981437705428675536122939300240322870661734966807683298018280662135281782398849372510456096851052521502949560657076200777484626960425578214961550418 0 0 0 0 0 0 0 0 0 0 0 0 0 0 0 0 0 0 0 0 0 0 0 0 0 0 0 0 0 0 0 0 0 0 0 0 0 0 0 0 0 0 0 0 0 0 0 0 0 0 0 0 0 0 0 0 0 0 0 0 0 0 0 1 0 0 0 0 0 0 0 0 0 0 0 0 0 0 0 0 0 0 0 0 0 0 0 0 0 0 0 0 0 0 0 0 0]
[5062893772866943239402293568304595420329250865206513753082967205837165813392733860791658543764006528293195613848431521834288347999748807837821605990147449018603991302353088249837913447652455961816837008993615702609063548142487164780783158914047156445430460620848390143900303168445847698405218057 0 0 0 0 0 0 0 0 0 0 0 0 0 0 0 0 0 0 0 0 0 0 0 0 0 0 0 0 0 0 0 0 0 0 0 0 0 0 0 0 0 0 0 0 0 0 0 0 0 0 0 0 0 0 0 0 0 0 0 0 0 0 0 0 1 0 0 0 0 0 0 0 0 0 0 0 0 0 0 0 0 0 0 0 0 0 0 0 0 0 0 0 0 0 0 0 0]
[2452280404244256929616389092579819293857530002427379577651132106996696351249932894992008312285221538865511943646294541493743902267100863305331226532328854994877718631159340851723575867625284299295173397191149642555203720576112965387466175315429627774859122667281369474085228710519870666927524156 0 0 0 0 0 0 0 0 0 0 0 0 0 0 0 0 0 0 0 0 0 0 0 0 0 0 0 0 0 0 0 0 0 0 0 0 0 0 0 0 0 0 0 0 0 0 0 0 0 0 0 0 0 0 0 0 0 0 0 0 0 0 0 0 0 1 0 0 0 0 0 0 0 0 0 0 0 0 0 0 0 0 0 0 0 0 0 0 0 0 0 0 0 0 0 0 0]
[1319533857825452269788028655326310585293275511370706000209568292576900374001679540450639653652732700347759914425605792818891004141759106924125731887675701969296305923833092885237831481470687419001101374056180407528320207899718689909367784398882483985722469408150712043468167553630737896956877250 0 0 0 0 0 0 0 0 0 0 0 0 0 0 0 0 0 0 0 0 0 0 0 0 0 0 0 0 0 0 0 0 0 0 0 0 0 0 0 0 0 0 0 0 0 0 0 0 0 0 0 0 0 0 0 0 0 0 0 0 0 0 0 0 0 0 1 0 0 0 0 0 0 0 0 0 0 0 0 0 0 0 0 0 0 0 0 0 0 0 0 0 0 0 0 0 0]
[4488762713036744419497496699696250577758567318979969890213871917140119060577200075134319143919364831162370279794953815683865801208390450276461654629014746313890475285324607846473534133861231001604742904183165043872506823114193195690896672441071436621296281148656591369020153234337867407282247600 0 0 0 0 0 0 0 0 0 0 0 0 0 0 0 0 0 0 0 0 0 0 0 0 0 0 0 0 0 0 0 0 0 0 0 0 0 0 0 0 0 0 0 0 0 0 0 0 0 0 0 0 0 0 0 0 0 0 0 0 0 0 0 0 0 0 0 1 0 0 0 0 0 0 0 0 0 0 0 0 0 0 0 0 0 0 0 0 0 0 0 0 0 0 0 0 0]
[994075293122656925445154881822742391728844885443853739832411812451715070172724333105436743958886017462758062453909872765036769082107363100685304469005734595375477970785811512521596346146320127527768743838938832654494311173724540028068713090604143886499017782022165470116888610304029291515327566 0 0 0 0 0 0 0 0 0 0 0 0 0 0 0 0 0 0 0 0 0 0 0 0 0 0 0 0 0 0 0 0 0 0 0 0 0 0 0 0 0 0 0 0 0 0 0 0 0 0 0 0 0 0 0 0 0 0 0 0 0 0 0 0 0 0 0 0 1 0 0 0 0 0 0 0 0 0 0 0 0 0 0 0 0 0 0 0 0 0 0 0 0 0 0 0 0]
[646865572373843561189462372890302175544874532150382936241307620057194006732934630971604951599879226911736064417790950512215095429604630182561216650068257532992071013917417663732809682932047983409700265255338483793590503376915619869380848364825288700373191805477649854629132114798736770793781956 0 0 0 0 0 0 0 0 0 0 0 0 0 0 0 0 0 0 0 0 0 0 0 0 0 0 0 0 0 0 0 0 0 0 0 0 0 0 0 0 0 0 0 0 0 0 0 0 0 0 0 0 0 0 0 0 0 0 0 0 0 0 0 0 0 0 0 0 0 1 0 0 0 0 0 0 0 0 0 0 0 0 0 0 0 0 0 0 0 0 0 0 0 0 0 0 0]
[1980639142294391389765151046882945764363782840700167904847768271821625154075105030664395802646592891430020493650970183009599117773638994571314188723669580776110521370845270210757883703133840998171716873183841374721142012157883950250909411498779063735029922257913304257415912484722737999914674845 0 0 0 0 0 0 0 0 0 0 0 0 0 0 0 0 0 0 0 0 0 0 0 0 0 0 0 0 0 0 0 0 0 0 0 0 0 0 0 0 0 0 0 0 0 0 0 0 0 0 0 0 0 0 0 0 0 0 0 0 0 0 0 0 0 0 0 0 0 0 1 0 0 0 0 0 0 0 0 0 0 0 0 0 0 0 0 0 0 0 0 0 0 0 0 0 0]
[454606943535299926209442308074153384440931484396406063306342809597377367362358143806099941187560235394133883308317264755698959205129784149498784293495335584774785350321524506648356216702189629576432092460818591775468351172994621968738991578933314874652267717713157808209228437704979001207104953 0 0 0 0 0 0 0 0 0 0 0 0 0 0 0 0 0 0 0 0 0 0 0 0 0 0 0 0 0 0 0 0 0 0 0 0 0 0 0 0 0 0 0 0 0 0 0 0 0 0 0 0 0 0 0 0 0 0 0 0 0 0 0 0 0 0 0 0 0 0 0 1 0 0 0 0 0 0 0 0 0 0 0 0 0 0 0 0 0 0 0 0 0 0 0 0 0]
[1888803072966538975236401931209162736444581581681046313527549973853457386244864288330663904784397326261788503277528186285410066912309748268034298331262274346131467103271631699558320017520663326261744287641516759505303535905323018637612047794195378230497751362726695913558341011329121370262043485 0 0 0 0 0 0 0 0 0 0 0 0 0 0 0 0 0 0 0 0 0 0 0 0 0 0 0 0 0 0 0 0 0 0 0 0 0 0 0 0 0 0 0 0 0 0 0 0 0 0 0 0 0 0 0 0 0 0 0 0 0 0 0 0 0 0 0 0 0 0 0 0 1 0 0 0 0 0 0 0 0 0 0 0 0 0 0 0 0 0 0 0 0 0 0 0 0]
[5280783143942021769306624810704998608548953116775936086483477982468539908565312315635572495156576245945825466100587375670552376847686367090337690495707989390708369572814547721714349225119721448715267862025123491598838395178071257600963231955176540873518535740487312146445772732208582164848302308 0 0 0 0 0 0 0 0 0 0 0 0 0 0 0 0 0 0 0 0 0 0 0 0 0 0 0 0 0 0 0 0 0 0 0 0 0 0 0 0 0 0 0 0 0 0 0 0 0 0 0 0 0 0 0 0 0 0 0 0 0 0 0 0 0 0 0 0 0 0 0 0 0 1 0 0 0 0 0 0 0 0 0 0 0 0 0 0 0 0 0 0 0 0 0 0 0]
[4617661016950159365754232446956587566644008102124876857831235755706177299053601167719288194968957267276227006277659287756154376510764361908723808816762996180265605496869227476197270958277653651526163610770985841459490291438937371232693635711583742466085411450395313030259519804155184218665165085 0 0 0 0 0 0 0 0 0 0 0 0 0 0 0 0 0 0 0 0 0 0 0 0 0 0 0 0 0 0 0 0 0 0 0 0 0 0 0 0 0 0 0 0 0 0 0 0 0 0 0 0 0 0 0 0 0 0 0 0 0 0 0 0 0 0 0 0 0 0 0 0 0 0 1 0 0 0 0 0 0 0 0 0 0 0 0 0 0 0 0 0 0 0 0 0 0]
[192083883734878828154372882124407184831585532471655108466486051195281119564847102198876998338299819884945783450325222413795845443753100804688486729919672036281615223887208582245140465782703423982073280385882355863600349420741726876257091391123797485465219208816239698286034297124802032836136550 0 0 0 0 0 0 0 0 0 0 0 0 0 0 0 0 0 0 0 0 0 0 0 0 0 0 0 0 0 0 0 0 0 0 0 0 0 0 0 0 0 0 0 0 0 0 0 0 0 0 0 0 0 0 0 0 0 0 0 0 0 0 0 0 0 0 0 0 0 0 0 0 0 0 0 1 0 0 0 0 0 0 0 0 0 0 0 0 0 0 0 0 0 0 0 0 0]
[3119860632750966276961397980505943911679426284708031851927657460637923315881648255958895018148021680438777838332351074924230925365867689118209633737358864350845469310576183426647318114338731616934505056894784373278123607897953874773500843486581899399058618668054023006831206765465815977575721011 0 0 0 0 0 0 0 0 0 0 0 0 0 0 0 0 0 0 0 0 0 0 0 0 0 0 0 0 0 0 0 0 0 0 0 0 0 0 0 0 0 0 0 0 0 0 0 0 0 0 0 0 0 0 0 0 0 0 0 0 0 0 0 0 0 0 0 0 0 0 0 0 0 0 0 0 1 0 0 0 0 0 0 0 0 0 0 0 0 0 0 0 0 0 0 0 0]
[1816961222855479263561304790376345761102940013912566411173559653329953764093311636366930562136383783038921203937393906944246893621669527772183827057494802728241462848578265303475705002719718987154947569939473806072703624203602265548413926444894871792952623320732434288031929004479466465182870999 0 0 0 0 0 0 0 0 0 0 0 0 0 0 0 0 0 0 0 0 0 0 0 0 0 0 0 0 0 0 0 0 0 0 0 0 0 0 0 0 0 0 0 0 0 0 0 0 0 0 0 0 0 0 0 0 0 0 0 0 0 0 0 0 0 0 0 0 0 0 0 0 0 0 0 0 0 1 0 0 0 0 0 0 0 0 0 0 0 0 0 0 0 0 0 0 0]
[1911629454497048586662570333624351634156667551391013966833111384686739105688127224999909042072236341325807600371195162758942482565400915302013386867624631418460102593461748720399966163893126756160810039121290484993958567268444258728812127679059519365685942876490735464690643958163807815226146512 0 0 0 0 0 0 0 0 0 0 0 0 0 0 0 0 0 0 0 0 0 0 0 0 0 0 0 0 0 0 0 0 0 0 0 0 0 0 0 0 0 0 0 0 0 0 0 0 0 0 0 0 0 0 0 0 0 0 0 0 0 0 0 0 0 0 0 0 0 0 0 0 0 0 0 0 0 0 1 0 0 0 0 0 0 0 0 0 0 0 0 0 0 0 0 0 0]
[4910728841129541135454110542430522769040516165254989702576572419480820853437569199572737337096064184738250098500076007015420145858492235377276632429993355743963249448268522118713761663715449220493992947494207257108619557970401621478210538764887123004160959192224971469680419684574317763619449360 0 0 0 0 0 0 0 0 0 0 0 0 0 0 0 0 0 0 0 0 0 0 0 0 0 0 0 0 0 0 0 0 0 0 0 0 0 0 0 0 0 0 0 0 0 0 0 0 0 0 0 0 0 0 0 0 0 0 0 0 0 0 0 0 0 0 0 0 0 0 0 0 0 0 0 0 0 0 0 1 0 0 0 0 0 0 0 0 0 0 0 0 0 0 0 0 0]
[4125859573176649649801464707841015089384159307060716035639496065059787353722187073630393278050801584527941465277035114487865887650069365315458564075958317012427794059107989551957045729972998856980352453437062049360450165593561339060045352501522308753781206073249215368963705583144661644191490971 0 0 0 0 0 0 0 0 0 0 0 0 0 0 0 0 0 0 0 0 0 0 0 0 0 0 0 0 0 0 0 0 0 0 0 0 0 0 0 0 0 0 0 0 0 0 0 0 0 0 0 0 0 0 0 0 0 0 0 0 0 0 0 0 0 0 0 0 0 0 0 0 0 0 0 0 0 0 0 0 1 0 0 0 0 0 0 0 0 0 0 0 0 0 0 0 0]
[3895470781894799278193766015834844579609083155393034446426670268646383560903210051620981789780397069475235142498824561500506957333585096379958145422185944987901524875673479683137656715578030201216125501125289500039713190927295473167031857752898642786635628815071296928470236817959465717216570235 0 0 0 0 0 0 0 0 0 0 0 0 0 0 0 0 0 0 0 0 0 0 0 0 0 0 0 0 0 0 0 0 0 0 0 0 0 0 0 0 0 0 0 0 0 0 0 0 0 0 0 0 0 0 0 0 0 0 0 0 0 0 0 0 0 0 0 0 0 0 0 0 0 0 0 0 0 0 0 0 0 1 0 0 0 0 0 0 0 0 0 0 0 0 0 0 0]
[2439764090828877959155206729916441774439956135657312099986761133377830271500807059003180424005680026892269091156062018474863564957437547328455553057277074840626875393526150704839588492268598177585096694872938575382659816297186172025528000798694913038362286118672395389818112725080935349794051722 0 0 0 0 0 0 0 0 0 0 0 0 0 0 0 0 0 0 0 0 0 0 0 0 0 0 0 0 0 0 0 0 0 0 0 0 0 0 0 0 0 0 0 0 0 0 0 0 0 0 0 0 0 0 0 0 0 0 0 0 0 0 0 0 0 0 0 0 0 0 0 0 0 0 0 0 0 0 0 0 0 0 1 0 0 0 0 0 0 0 0 0 0 0 0 0 0]
[3728986595572358288702116275459384327011790529316042296714201035214979789875875569905068244591421432939300977862977661270384389726471102864635576289470452618678460098310913848074951065604924462123964832730215002894176477726487968918021100122743739737281774664616579475900891600238556534295273495 0 0 0 0 0 0 0 0 0 0 0 0 0 0 0 0 0 0 0 0 0 0 0 0 0 0 0 0 0 0 0 0 0 0 0 0 0 0 0 0 0 0 0 0 0 0 0 0 0 0 0 0 0 0 0 0 0 0 0 0 0 0 0 0 0 0 0 0 0 0 0 0 0 0 0 0 0 0 0 0 0 0 0 1 0 0 0 0 0 0 0 0 0 0 0 0 0]
[4333322435261374354994483741688577198779312992450132873935494855562899869228850739907392831279514158642979430389188173264152522400381924913307058981435553973992512679024276186367027573378247453869340258873167757281483911998941652350325335347335489309421218757761263552941484977470741086544225262 0 0 0 0 0 0 0 0 0 0 0 0 0 0 0 0 0 0 0 0 0 0 0 0 0 0 0 0 0 0 0 0 0 0 0 0 0 0 0 0 0 0 0 0 0 0 0 0 0 0 0 0 0 0 0 0 0 0 0 0 0 0 0 0 0 0 0 0 0 0 0 0 0 0 0 0 0 0 0 0 0 0 0 0 1 0 0 0 0 0 0 0 0 0 0 0 0]
[4189364771137092431559336313715985577658832551983529575883110236550020005441020029817326484324246512171089166782689637763401528601012644803871466990815353097138040954422094400103673036253206167569611424001770744375913430923458643491239601240166951142930188201002971938135159602450507566105294965 0 0 0 0 0 0 0 0 0 0 0 0 0 0 0 0 0 0 0 0 0 0 0 0 0 0 0 0 0 0 0 0 0 0 0 0 0 0 0 0 0 0 0 0 0 0 0 0 0 0 0 0 0 0 0 0 0 0 0 0 0 0 0 0 0 0 0 0 0 0 0 0 0 0 0 0 0 0 0 0 0 0 0 0 0 1 0 0 0 0 0 0 0 0 0 0 0]
[1874893733203692788886045106556289001888431317178214347422217813872415087912861153032683365335124593533500017903685176384799338389910675349699957443881424440656141415292098969082055918442256295451682373857885749106759274047460695948746297446354996173454960589720860897178305716989711644919216126 0 0 0 0 0 0 0 0 0 0 0 0 0 0 0 0 0 0 0 0 0 0 0 0 0 0 0 0 0 0 0 0 0 0 0 0 0 0 0 0 0 0 0 0 0 0 0 0 0 0 0 0 0 0 0 0 0 0 0 0 0 0 0 0 0 0 0 0 0 0 0 0 0 0 0 0 0 0 0 0 0 0 0 0 0 0 1 0 0 0 0 0 0 0 0 0 0]
[387586542818734979491090202500571196468686962497601868265727335914455536842681947216908234516046471032211783680274210200134573032305766067176460204356749326503617894189240720945647060912997483749687622981847698398551200061014953766977426223407410632514380826843805501537269777531832224748314609 0 0 0 0 0 0 0 0 0 0 0 0 0 0 0 0 0 0 0 0 0 0 0 0 0 0 0 0 0 0 0 0 0 0 0 0 0 0 0 0 0 0 0 0 0 0 0 0 0 0 0 0 0 0 0 0 0 0 0 0 0 0 0 0 0 0 0 0 0 0 0 0 0 0 0 0 0 0 0 0 0 0 0 0 0 0 0 1 0 0 0 0 0 0 0 0 0]
[90944677109955413808421944057505189909625210448049685906546912079852286963675080480347975865891444829398979235037963116581651710745865021772933128342301525566093453299449093268230657584721174560602130472840062412546625280482519498477039245285388941956685575721919124430515471330305876826866107 0 0 0 0 0 0 0 0 0 0 0 0 0 0 0 0 0 0 0 0 0 0 0 0 0 0 0 0 0 0 0 0 0 0 0 0 0 0 0 0 0 0 0 0 0 0 0 0 0 0 0 0 0 0 0 0 0 0 0 0 0 0 0 0 0 0 0 0 0 0 0 0 0 0 0 0 0 0 0 0 0 0 0 0 0 0 0 0 1 0 0 0 0 0 0 0 0]
[5002388100256469851641739531173002058190317370717734740296020862027243673515970258966224089120171431693238861522577247483395040311753723340223147209907863048810198720836989207199985130165697247694556684205376954291460408979341533998166995805869835905577945725286185621474898573607550309870358843 0 0 0 0 0 0 0 0 0 0 0 0 0 0 0 0 0 0 0 0 0 0 0 0 0 0 0 0 0 0 0 0 0 0 0 0 0 0 0 0 0 0 0 0 0 0 0 0 0 0 0 0 0 0 0 0 0 0 0 0 0 0 0 0 0 0 0 0 0 0 0 0 0 0 0 0 0 0 0 0 0 0 0 0 0 0 0 0 0 1 0 0 0 0 0 0 0]
[4792131782764942261826253929842597277920858956857737955452800054739823434284950630916058583260769381915773397005732606726912074621069720569106261911718781602781284970399234275866700825401060288941263924515543265189153256677207973805420498264455215196472145881087979706624509489835478217140049859 0 0 0 0 0 0 0 0 0 0 0 0 0 0 0 0 0 0 0 0 0 0 0 0 0 0 0 0 0 0 0 0 0 0 0 0 0 0 0 0 0 0 0 0 0 0 0 0 0 0 0 0 0 0 0 0 0 0 0 0 0 0 0 0 0 0 0 0 0 0 0 0 0 0 0 0 0 0 0 0 0 0 0 0 0 0 0 0 0 0 1 0 0 0 0 0 0]
[106779646273673626099313663134944216262660457612176840151359655786912571782326895442752000011476993801254426072431368243647416832453729061172870310284450719625347893731186276109352038184530659835206402671625537809344868169421964527198496000896791796058120076472764796587338103845431648537215124 0 0 0 0 0 0 0 0 0 0 0 0 0 0 0 0 0 0 0 0 0 0 0 0 0 0 0 0 0 0 0 0 0 0 0 0 0 0 0 0 0 0 0 0 0 0 0 0 0 0 0 0 0 0 0 0 0 0 0 0 0 0 0 0 0 0 0 0 0 0 0 0 0 0 0 0 0 0 0 0 0 0 0 0 0 0 0 0 0 0 0 1 0 0 0 0 0]
[2183493213748302896283116685860109832415489559138879280767089378581515213472420558594562617141885195531798131064257898102295519816124080087151820192559216900046127836421026764202999908346808339523991986306711746910736198145652946941865066204050085806906311063216079906224047281385140233926803913 0 0 0 0 0 0 0 0 0 0 0 0 0 0 0 0 0 0 0 0 0 0 0 0 0 0 0 0 0 0 0 0 0 0 0 0 0 0 0 0 0 0 0 0 0 0 0 0 0 0 0 0 0 0 0 0 0 0 0 0 0 0 0 0 0 0 0 0 0 0 0 0 0 0 0 0 0 0 0 0 0 0 0 0 0 0 0 0 0 0 0 0 1 0 0 0 0]
[1949128501867384378268035795803895768627091059490463803398420367779128180029125226489250794881407491628435176520793386001168303927960688824118191690959278445006801093103151888738004654649980446175629821627690261082667149512130101205249888286608917216088164980575079937546328423460165503182566 0 0 0 0 0 0 0 0 0 0 0 0 0 0 0 0 0 0 0 0 0 0 0 0 0 0 0 0 0 0 0 0 0 0 0 0 0 0 0 0 0 0 0 0 0 0 0 0 0 0 0 0 0 0 0 0 0 0 0 0 0 0 0 0 0 0 0 0 0 0 0 0 0 0 0 0 0 0 0 0 0 0 0 0 0 0 0 0 0 0 0 0 0 1 0 0 0]
[2723275651729643662901934286936775535751305297087545037446433693927822504536059097576906502179289998714644520023176613048520794874256513978396515769642879425786686063426702056219091686480735582134287472806642045931348260607072195472612798726693511770299459634745610421545550471207343491731078892 0 0 0 0 0 0 0 0 0 0 0 0 0 0 0 0 0 0 0 0 0 0 0 0 0 0 0 0 0 0 0 0 0 0 0 0 0 0 0 0 0 0 0 0 0 0 0 0 0 0 0 0 0 0 0 0 0 0 0 0 0 0 0 0 0 0 0 0 0 0 0 0 0 0 0 0 0 0 0 0 0 0 0 0 0 0 0 0 0 0 0 0 0 0 1 0 0]
[5292334834230352778018815643468794169386462900557540903286545912965381169153409441468234514363791202193381744185810994030381198133656905144703296855772200016431341687760944809337782825080629814494676686938504964976382470446550234870196971569483107658829418958553505677619213406463226641883563626 0 0 0 0 0 0 0 0 0 0 0 0 0 0 0 0 0 0 0 0 0 0 0 0 0 0 0 0 0 0 0 0 0 0 0 0 0 0 0 0 0 0 0 0 0 0 0 0 0 0 0 0 0 0 0 0 0 0 0 0 0 0 0 0 0 0 0 0 0 0 0 0 0 0 0 0 0 0 0 0 0 0 0 0 0 0 0 0 0 0 0 0 0 0 0 1 0]
[798689973715874498830745636360950352027585390664233111304674930881092045765242426237452290677577113631577091490687309925489976861291362871762775639058519252236245721782667824327127086863267004832956744733991936837843415035746826334250656700568209946790688697640791185570891643164830107834708947 0 0 0 0 0 0 0 0 0 0 0 0 0 0 0 0 0 0 0 0 0 0 0 0 0 0 0 0 0 0 0 0 0 0 0 0 0 0 0 0 0 0 0 0 0 0 0 0 0 0 0 0 0 0 0 0 0 0 0 0 0 0 0 0 0 0 0 0 0 0 0 0 0 0 0 0 0 0 0 0 0 0 0 0 0 0 0 0 0 0 0 0 0 0 0 0 1]
]
