[[1845014571732360320737547900938900736677525938793281868703558392068018289357408119550029724478206840079017524767100081745124800866325153 0 0 0 0 0 0 0 0 0 0 0 0 0 0 0 0 0 0 0 0 0 0 0 0 0 0 0 0 0 0 0 0 0 0 0 0 0 0 0 0 0 0 0 0]
[683395854265200803956846747778391185678647903253500035484344912522937525409289435739485591784282815048689240268135363596587234898827624 1 0 0 0 0 0 0 0 0 0 0 0 0 0 0 0 0 0 0 0 0 0 0 0 0 0 0 0 0 0 0 0 0 0 0 0 0 0 0 0 0 0 0 0]
[405273560654197600428530161120194101474974232007945432171750552840902188560151414565897254880156993712558440017389038292374147803092621 0 1 0 0 0 0 0 0 0 0 0 0 0 0 0 0 0 0 0 0 0 0 0 0 0 0 0 0 0 0 0 0 0 0 0 0 0 0 0 0 0 0 0 0]
[1372364548940922837167298228420904260658727841494933872085130557232381447820165504007891881799227184843299702116708405642728769408497079 0 0 1 0 0 0 0 0 0 0 0 0 0 0 0 0 0 0 0 0 0 0 0 0 0 0 0 0 0 0 0 0 0 0 0 0 0 0 0 0 0 0 0 0]
[868295239555901829320384993378485642908752162693441041958906964539433352358571177852730583549442556696455972282274903686530745702455623 0 0 0 1 0 0 0 0 0 0 0 0 0 0 0 0 0 0 0 0 0 0 0 0 0 0 0 0 0 0 0 0 0 0 0 0 0 0 0 0 0 0 0 0]
[661022200425354639018109717707543086541211387708196135827171917679862552174135811192987461347096054837864818845711526014125823761903558 0 0 0 0 1 0 0 0 0 0 0 0 0 0 0 0 0 0 0 0 0 0 0 0 0 0 0 0 0 0 0 0 0 0 0 0 0 0 0 0 0 0 0 0]
[1588562475455850801541071606226348854796716377987879485264024557978987073154135580533796033094279404810432717602100358739090443306335791 0 0 0 0 0 1 0 0 0 0 0 0 0 0 0 0 0 0 0 0 0 0 0 0 0 0 0 0 0 0 0 0 0 0 0 0 0 0 0 0 0 0 0 0]
[219616438266462627156271616095791968041993672907486624499251967654659528610507413217932251111258887757247374516449589267182222629046290 0 0 0 0 0 0 1 0 0 0 0 0 0 0 0 0 0 0 0 0 0 0 0 0 0 0 0 0 0 0 0 0 0 0 0 0 0 0 0 0 0 0 0 0]
[1798931834620383288907681181457733054699652164207982604444889866572603927281143322179107918256982482210873635627117566392761758302985979 0 0 0 0 0 0 0 1 0 0 0 0 0 0 0 0 0 0 0 0 0 0 0 0 0 0 0 0 0 0 0 0 0 0 0 0 0 0 0 0 0 0 0 0]
[440565129099154295875923281683602859331468876675411558628949801502479673261298822482680130239663577233441061504943885613829905338582493 0 0 0 0 0 0 0 0 1 0 0 0 0 0 0 0 0 0 0 0 0 0 0 0 0 0 0 0 0 0 0 0 0 0 0 0 0 0 0 0 0 0 0 0]
[1633852802490444654803564947511578556035012627310324170427885434383763809265188501465944672528500228697342779987334731718304189119586068 0 0 0 0 0 0 0 0 0 1 0 0 0 0 0 0 0 0 0 0 0 0 0 0 0 0 0 0 0 0 0 0 0 0 0 0 0 0 0 0 0 0 0 0]
[564691611886221907099944892794206934600378419395251979991057431335767704635040431118850311269227982702038890874282704929577915627327429 0 0 0 0 0 0 0 0 0 0 1 0 0 0 0 0 0 0 0 0 0 0 0 0 0 0 0 0 0 0 0 0 0 0 0 0 0 0 0 0 0 0 0 0]
[1522074687209716488452172166622058961963318919758834929101435847794126224411664777757302945216222494145691764610435794552402449629538368 0 0 0 0 0 0 0 0 0 0 0 1 0 0 0 0 0 0 0 0 0 0 0 0 0 0 0 0 0 0 0 0 0 0 0 0 0 0 0 0 0 0 0 0]
[461113824167215610107585300663286013059611950718976967847108940081600367163312986484545960053611097209960845265403794968896259983533281 0 0 0 0 0 0 0 0 0 0 0 0 1 0 0 0 0 0 0 0 0 0 0 0 0 0 0 0 0 0 0 0 0 0 0 0 0 0 0 0 0 0 0 0]
[1435450566734008537766806432611602541588149579944473247790617153224903528123227057853669540530138333216170019100619114054616131301636697 0 0 0 0 0 0 0 0 0 0 0 0 0 1 0 0 0 0 0 0 0 0 0 0 0 0 0 0 0 0 0 0 0 0 0 0 0 0 0 0 0 0 0 0]
[122315811675770165100691771505246934060202265771820487655404869547986071256068998593759630176683817621419949074006193991355535791099723 0 0 0 0 0 0 0 0 0 0 0 0 0 0 1 0 0 0 0 0 0 0 0 0 0 0 0 0 0 0 0 0 0 0 0 0 0 0 0 0 0 0 0 0]
[1269906204137290520427839262251910217988975656555699162982520589291657158723408958519220210071529165335461498466162917180813528992673228 0 0 0 0 0 0 0 0 0 0 0 0 0 0 0 1 0 0 0 0 0 0 0 0 0 0 0 0 0 0 0 0 0 0 0 0 0 0 0 0 0 0 0 0]
[1385529113225193940155679755317717571236919888325005528965500550424009311076701849388991960323791444490322110079729506379359336870762171 0 0 0 0 0 0 0 0 0 0 0 0 0 0 0 0 1 0 0 0 0 0 0 0 0 0 0 0 0 0 0 0 0 0 0 0 0 0 0 0 0 0 0 0]
[1199167543230171034114704170842780429476667903542691222049174099645900821075474627710669024328668317581540903101827814814816498330138637 0 0 0 0 0 0 0 0 0 0 0 0 0 0 0 0 0 1 0 0 0 0 0 0 0 0 0 0 0 0 0 0 0 0 0 0 0 0 0 0 0 0 0 0]
[123550015328982833782903315674374128877201553073985665773775229321207509122496239170762063115475806353382966903550184982464072777400522 0 0 0 0 0 0 0 0 0 0 0 0 0 0 0 0 0 0 1 0 0 0 0 0 0 0 0 0 0 0 0 0 0 0 0 0 0 0 0 0 0 0 0 0]
[213709619629744580842467851007361917197508318390317826309930273026726903918048348534385569306658816939500548919344817117310998723601872 0 0 0 0 0 0 0 0 0 0 0 0 0 0 0 0 0 0 0 1 0 0 0 0 0 0 0 0 0 0 0 0 0 0 0 0 0 0 0 0 0 0 0 0]
[451246858890187029425770368668324252396646906686735637902280769871138494284593194518973846226291097657264218956069290287437099398363120 0 0 0 0 0 0 0 0 0 0 0 0 0 0 0 0 0 0 0 0 1 0 0 0 0 0 0 0 0 0 0 0 0 0 0 0 0 0 0 0 0 0 0 0]
[277087803853168316014776916335646844208462574736606213822382931458540571526163865753442961101340309803358217578382052877126971087299367 0 0 0 0 0 0 0 0 0 0 0 0 0 0 0 0 0 0 0 0 0 1 0 0 0 0 0 0 0 0 0 0 0 0 0 0 0 0 0 0 0 0 0 0]
[496806234582598536815923008346592830577991905971487986334219530545389993214470501893209920072996838583301947521375150122125579647792056 0 0 0 0 0 0 0 0 0 0 0 0 0 0 0 0 0 0 0 0 0 0 1 0 0 0 0 0 0 0 0 0 0 0 0 0 0 0 0 0 0 0 0 0]
[1091780108122214643031935764836645549727630875410083298002412358352790259030436657971859725921826888483395506249128708312515182262069714 0 0 0 0 0 0 0 0 0 0 0 0 0 0 0 0 0 0 0 0 0 0 0 1 0 0 0 0 0 0 0 0 0 0 0 0 0 0 0 0 0 0 0 0]
[1514570982068431510179344095949629920968534146308203659825462818455631504963949744967466218344426648169185159823895882886653025307001860 0 0 0 0 0 0 0 0 0 0 0 0 0 0 0 0 0 0 0 0 0 0 0 0 1 0 0 0 0 0 0 0 0 0 0 0 0 0 0 0 0 0 0 0]
[386964221534222455269098750669842359933418844605187465938724043821577288667782914014741284893976214288605796967394505465764497644507950 0 0 0 0 0 0 0 0 0 0 0 0 0 0 0 0 0 0 0 0 0 0 0 0 0 1 0 0 0 0 0 0 0 0 0 0 0 0 0 0 0 0 0 0]
[1683578480021537308991447241255607628759621057189665056793276702129464057827457142863212465795657610965436597693574271214319432907634770 0 0 0 0 0 0 0 0 0 0 0 0 0 0 0 0 0 0 0 0 0 0 0 0 0 0 1 0 0 0 0 0 0 0 0 0 0 0 0 0 0 0 0 0]
[305083107983335843085626212827117542917147475326955915783567781163192510955674481156244506772493834681581681938787150182904163193287330 0 0 0 0 0 0 0 0 0 0 0 0 0 0 0 0 0 0 0 0 0 0 0 0 0 0 0 1 0 0 0 0 0 0 0 0 0 0 0 0 0 0 0 0]
[1214783544429104858735258254501977854997061657343871721553397629313194524383338943563718224320954915734459456304955070487194062527948899 0 0 0 0 0 0 0 0 0 0 0 0 0 0 0 0 0 0 0 0 0 0 0 0 0 0 0 0 1 0 0 0 0 0 0 0 0 0 0 0 0 0 0 0]
[1540557050286375274287692313694074554868898876169107136060326297112545452409050055893726283023257538087864843508590859431831070787782344 0 0 0 0 0 0 0 0 0 0 0 0 0 0 0 0 0 0 0 0 0 0 0 0 0 0 0 0 0 1 0 0 0 0 0 0 0 0 0 0 0 0 0 0]
[470397352076288719363299418256074383658013066076374317994200291527803909186497108385227872110793151020019055136434319245384455902601727 0 0 0 0 0 0 0 0 0 0 0 0 0 0 0 0 0 0 0 0 0 0 0 0 0 0 0 0 0 0 1 0 0 0 0 0 0 0 0 0 0 0 0 0]
[1491351617960410414248213605227688862539973722696741527962061782786123299026726507636855352024306339029148026072479796763082793013552280 0 0 0 0 0 0 0 0 0 0 0 0 0 0 0 0 0 0 0 0 0 0 0 0 0 0 0 0 0 0 0 1 0 0 0 0 0 0 0 0 0 0 0 0]
[1144828514135108267704617378437058058867545638942501435399548800929481947167736073063913747112378953848625062257330211088893530070431405 0 0 0 0 0 0 0 0 0 0 0 0 0 0 0 0 0 0 0 0 0 0 0 0 0 0 0 0 0 0 0 0 1 0 0 0 0 0 0 0 0 0 0 0]
[829523971166448196694174140968818529256022837327530601918239883757816757215914577560736193533113077941232293784697573007313697601407938 0 0 0 0 0 0 0 0 0 0 0 0 0 0 0 0 0 0 0 0 0 0 0 0 0 0 0 0 0 0 0 0 0 1 0 0 0 0 0 0 0 0 0 0]
[692606791167026225874657608834348399915104086190720073446679497648508800356325216182592231888785015055204927072360172367306761956623381 0 0 0 0 0 0 0 0 0 0 0 0 0 0 0 0 0 0 0 0 0 0 0 0 0 0 0 0 0 0 0 0 0 0 1 0 0 0 0 0 0 0 0 0]
[839840982084072687594184645113560930997457906096299552130173252561229349358129205944393860134148319044819954789965858011202830305366373 0 0 0 0 0 0 0 0 0 0 0 0 0 0 0 0 0 0 0 0 0 0 0 0 0 0 0 0 0 0 0 0 0 0 0 1 0 0 0 0 0 0 0 0]
[16981512077631490494519929517639955095944958612373171758554782880597051009176012672371198643506490658065642424054047282058258460459703 0 0 0 0 0 0 0 0 0 0 0 0 0 0 0 0 0 0 0 0 0 0 0 0 0 0 0 0 0 0 0 0 0 0 0 0 1 0 0 0 0 0 0 0]
[762386638147095345970344745319368308024095206651706286109013486601401297233553074420615187669741016769857539216365004573287821020461182 0 0 0 0 0 0 0 0 0 0 0 0 0 0 0 0 0 0 0 0 0 0 0 0 0 0 0 0 0 0 0 0 0 0 0 0 0 1 0 0 0 0 0 0]
[954164557132244675867266641110796517931440005741937857089688272246838080282535590929609774318508326508483391764074362881893201282203285 0 0 0 0 0 0 0 0 0 0 0 0 0 0 0 0 0 0 0 0 0 0 0 0 0 0 0 0 0 0 0 0 0 0 0 0 0 0 1 0 0 0 0 0]
[1020587473385834986362376382688050557593744208704502757612676897147321218225108020551138424202371064107530804228363980866379876556434475 0 0 0 0 0 0 0 0 0 0 0 0 0 0 0 0 0 0 0 0 0 0 0 0 0 0 0 0 0 0 0 0 0 0 0 0 0 0 0 1 0 0 0 0]
[1445210240068039246809612174429982414278027953856703743282834173008269346771647173717299980174803775323490960749086322618111793112040702 0 0 0 0 0 0 0 0 0 0 0 0 0 0 0 0 0 0 0 0 0 0 0 0 0 0 0 0 0 0 0 0 0 0 0 0 0 0 0 0 1 0 0 0]
[544886001943163025334810020240372571075514381586201813502337153301819116164193622645239256665690915146194569329302172219988192092105892 0 0 0 0 0 0 0 0 0 0 0 0 0 0 0 0 0 0 0 0 0 0 0 0 0 0 0 0 0 0 0 0 0 0 0 0 0 0 0 0 0 1 0 0]
[170200782482321012571210635859787488965689696393131930735214861153781523626739932400225882279345723214030985873830177345344645873146542 0 0 0 0 0 0 0 0 0 0 0 0 0 0 0 0 0 0 0 0 0 0 0 0 0 0 0 0 0 0 0 0 0 0 0 0 0 0 0 0 0 0 1 0]
[142439631383270876829541494392182989580872729445916181421953719002617678400545336888411293080223542074945386012237885156087891519376500 0 0 0 0 0 0 0 0 0 0 0 0 0 0 0 0 0 0 0 0 0 0 0 0 0 0 0 0 0 0 0 0 0 0 0 0 0 0 0 0 0 0 0 1]
]
