[[2352183682856076024759983053901956316899826800216501228423507459501968581513500663339293067407316768895744464832026764552151418394839191 0 0 0 0 0 0 0 0 0 0 0 0 0 0 0 0 0 0 0 0 0 0 0 0 0 0 0 0 0 0 0 0 0 0 0 0 0 0 0 0 0 0 0 0]
[1010682843352018835883270982605997690480470084660367318985550781438768892640606587628608906129570912607101265860091629065621602114934944 1 0 0 0 0 0 0 0 0 0 0 0 0 0 0 0 0 0 0 0 0 0 0 0 0 0 0 0 0 0 0 0 0 0 0 0 0 0 0 0 0 0 0 0]
[1766297208585792738859522608181071167421045834475228258166845049559886633714273176015375915555027047206332118022866801767014584396243881 0 1 0 0 0 0 0 0 0 0 0 0 0 0 0 0 0 0 0 0 0 0 0 0 0 0 0 0 0 0 0 0 0 0 0 0 0 0 0 0 0 0 0 0]
[903985024596816018574576320286907489912134602291818546341886632663600417135329548153116629297029061647695035210530719846093607584336816 0 0 1 0 0 0 0 0 0 0 0 0 0 0 0 0 0 0 0 0 0 0 0 0 0 0 0 0 0 0 0 0 0 0 0 0 0 0 0 0 0 0 0 0]
[367606982900467570419175520338485835180505059871578097080678308067531806777347699233676107879110471173185351994214792641078509423872089 0 0 0 1 0 0 0 0 0 0 0 0 0 0 0 0 0 0 0 0 0 0 0 0 0 0 0 0 0 0 0 0 0 0 0 0 0 0 0 0 0 0 0 0]
[1443761409925561906749097688812312475492893055104745243721450047591873239977966242591083330586786271338873610480518307053019051519741047 0 0 0 0 1 0 0 0 0 0 0 0 0 0 0 0 0 0 0 0 0 0 0 0 0 0 0 0 0 0 0 0 0 0 0 0 0 0 0 0 0 0 0 0]
[1201315753177045879668535040617097214500930851940478840782421203198503309694770242769650593346947774612452245836871703738658687958283915 0 0 0 0 0 1 0 0 0 0 0 0 0 0 0 0 0 0 0 0 0 0 0 0 0 0 0 0 0 0 0 0 0 0 0 0 0 0 0 0 0 0 0 0]
[784455877971914619053577415267005723795709294549156785044555653621227318641980875873573415256751024298063422964023906021862077061857120 0 0 0 0 0 0 1 0 0 0 0 0 0 0 0 0 0 0 0 0 0 0 0 0 0 0 0 0 0 0 0 0 0 0 0 0 0 0 0 0 0 0 0 0]
[1197148238809267744480284924208843674768576288983760576884555114131017799543940465302536819081950004235243795612363290641443885250280030 0 0 0 0 0 0 0 1 0 0 0 0 0 0 0 0 0 0 0 0 0 0 0 0 0 0 0 0 0 0 0 0 0 0 0 0 0 0 0 0 0 0 0 0]
[2231404065454877619266668490265733556964658229244784018611474568576501630871656979249116149603686962979114099238983250940114522288471710 0 0 0 0 0 0 0 0 1 0 0 0 0 0 0 0 0 0 0 0 0 0 0 0 0 0 0 0 0 0 0 0 0 0 0 0 0 0 0 0 0 0 0 0]
[325100164887622394365493819340605867430065195230718482808103810973366686499062396944654069834162956965971015088103756356956887907482708 0 0 0 0 0 0 0 0 0 1 0 0 0 0 0 0 0 0 0 0 0 0 0 0 0 0 0 0 0 0 0 0 0 0 0 0 0 0 0 0 0 0 0 0]
[1616508870099059001184672372099897416806054071431137201396614702257919044768789660075944805987186136515014430752389472762890479771652031 0 0 0 0 0 0 0 0 0 0 1 0 0 0 0 0 0 0 0 0 0 0 0 0 0 0 0 0 0 0 0 0 0 0 0 0 0 0 0 0 0 0 0 0]
[1751019003052560454589490219895343401359629103128986283588813311636009862194392827978719198467289281766340416120494253614616861762993939 0 0 0 0 0 0 0 0 0 0 0 1 0 0 0 0 0 0 0 0 0 0 0 0 0 0 0 0 0 0 0 0 0 0 0 0 0 0 0 0 0 0 0 0]
[232779030300976818628570799105503493578246452751111496798038300900623467483865030294208148997793459214305296509425135470507073080347864 0 0 0 0 0 0 0 0 0 0 0 0 1 0 0 0 0 0 0 0 0 0 0 0 0 0 0 0 0 0 0 0 0 0 0 0 0 0 0 0 0 0 0 0]
[1510997811064906295967958131671461695246951377564708606540853968133283246003106466020733200361253960051468077450835007314116048327247760 0 0 0 0 0 0 0 0 0 0 0 0 0 1 0 0 0 0 0 0 0 0 0 0 0 0 0 0 0 0 0 0 0 0 0 0 0 0 0 0 0 0 0 0]
[1538818889064315144814079008812848111126362764270130978029500642690128153898778048111239659794640492655265582692270585885467139013662762 0 0 0 0 0 0 0 0 0 0 0 0 0 0 1 0 0 0 0 0 0 0 0 0 0 0 0 0 0 0 0 0 0 0 0 0 0 0 0 0 0 0 0 0]
[1536167724384033569147227907874903634499241546627339040615460448759142491311677890233371631934224702579329662574512184530194402371551331 0 0 0 0 0 0 0 0 0 0 0 0 0 0 0 1 0 0 0 0 0 0 0 0 0 0 0 0 0 0 0 0 0 0 0 0 0 0 0 0 0 0 0 0]
[1416620888932487853797917575834426387909768891288585603674521105635812970810576397536011092483994979057708002638987523255324357251077107 0 0 0 0 0 0 0 0 0 0 0 0 0 0 0 0 1 0 0 0 0 0 0 0 0 0 0 0 0 0 0 0 0 0 0 0 0 0 0 0 0 0 0 0]
[162956656217655600059190058574278350223300912055166745038396036773766331045456034284461388514645510970942271691728593681856711915089230 0 0 0 0 0 0 0 0 0 0 0 0 0 0 0 0 0 1 0 0 0 0 0 0 0 0 0 0 0 0 0 0 0 0 0 0 0 0 0 0 0 0 0 0]
[448436322678040609193525025927086689517999360461791530413288429457644882771452751031798312184603457095888987542578208866228871986869611 0 0 0 0 0 0 0 0 0 0 0 0 0 0 0 0 0 0 1 0 0 0 0 0 0 0 0 0 0 0 0 0 0 0 0 0 0 0 0 0 0 0 0 0]
[856170976918743819512939190874071423193037633149316459480426820783887345428425501220596101579893288466374259924899180660965762993965462 0 0 0 0 0 0 0 0 0 0 0 0 0 0 0 0 0 0 0 1 0 0 0 0 0 0 0 0 0 0 0 0 0 0 0 0 0 0 0 0 0 0 0 0]
[898363519310271197077442587986117329760920386926750152216983611079522735857735421482293186270008010324856633867963030573410640295461403 0 0 0 0 0 0 0 0 0 0 0 0 0 0 0 0 0 0 0 0 1 0 0 0 0 0 0 0 0 0 0 0 0 0 0 0 0 0 0 0 0 0 0 0]
[1426381485886642132047483200141049805077609018376473345496738480205081547989478765345135098421506220617647712243045211567801547405937660 0 0 0 0 0 0 0 0 0 0 0 0 0 0 0 0 0 0 0 0 0 1 0 0 0 0 0 0 0 0 0 0 0 0 0 0 0 0 0 0 0 0 0 0]
[1652701307868027439330328254752793446182340275987397893087608214853597091255523944084672992442952313342034047163887968735087026380598667 0 0 0 0 0 0 0 0 0 0 0 0 0 0 0 0 0 0 0 0 0 0 1 0 0 0 0 0 0 0 0 0 0 0 0 0 0 0 0 0 0 0 0 0]
[374653245349954737371558523111357719776894553004757882522352512764401570019039601113482750764751767189683948094308327030864183710839476 0 0 0 0 0 0 0 0 0 0 0 0 0 0 0 0 0 0 0 0 0 0 0 1 0 0 0 0 0 0 0 0 0 0 0 0 0 0 0 0 0 0 0 0]
[16413911058974470252633580512690575274134242858524529421485093859388406285866113012710543083221500306204274144743242076614527273069966 0 0 0 0 0 0 0 0 0 0 0 0 0 0 0 0 0 0 0 0 0 0 0 0 1 0 0 0 0 0 0 0 0 0 0 0 0 0 0 0 0 0 0 0]
[259629451450993506208614614196838281630855000651053175904615724672073371528971188461227878373496168735856140137596205460891022646254857 0 0 0 0 0 0 0 0 0 0 0 0 0 0 0 0 0 0 0 0 0 0 0 0 0 1 0 0 0 0 0 0 0 0 0 0 0 0 0 0 0 0 0 0]
[1030889803066383829938808295974972275525825947289234027769129165962257345037026894349039149091562852871547625305684186929581659337992657 0 0 0 0 0 0 0 0 0 0 0 0 0 0 0 0 0 0 0 0 0 0 0 0 0 0 1 0 0 0 0 0 0 0 0 0 0 0 0 0 0 0 0 0]
[1756636357454519830114404573059070984693677700052442000792945206034661288176747647185885987166850627125715392276117855177239454929780432 0 0 0 0 0 0 0 0 0 0 0 0 0 0 0 0 0 0 0 0 0 0 0 0 0 0 0 1 0 0 0 0 0 0 0 0 0 0 0 0 0 0 0 0]
[1657346985862086424108518759515451153516947310432056833211450921564445188478002834308594757379911240938998221680204559778686928813751549 0 0 0 0 0 0 0 0 0 0 0 0 0 0 0 0 0 0 0 0 0 0 0 0 0 0 0 0 1 0 0 0 0 0 0 0 0 0 0 0 0 0 0 0]
[539100069513618959216324275729659600796535552432312707341796020326023646459094651499400990639060090806198240758690124636085983159556421 0 0 0 0 0 0 0 0 0 0 0 0 0 0 0 0 0 0 0 0 0 0 0 0 0 0 0 0 0 1 0 0 0 0 0 0 0 0 0 0 0 0 0 0]
[2278396937997374979390045172035986374257586357038760902284547227823790812935583698123798645479812207590597528199457841720975065997516622 0 0 0 0 0 0 0 0 0 0 0 0 0 0 0 0 0 0 0 0 0 0 0 0 0 0 0 0 0 0 1 0 0 0 0 0 0 0 0 0 0 0 0 0]
[407859394166472525515258016623927153669183885116236061975874016865339030773893981138068001672584564457648982010803684618206049806265352 0 0 0 0 0 0 0 0 0 0 0 0 0 0 0 0 0 0 0 0 0 0 0 0 0 0 0 0 0 0 0 1 0 0 0 0 0 0 0 0 0 0 0 0]
[580743076874957862792483039210233662878032297633150650804984217153994730780504762579768605546429661067731561264939239394904552212649050 0 0 0 0 0 0 0 0 0 0 0 0 0 0 0 0 0 0 0 0 0 0 0 0 0 0 0 0 0 0 0 0 1 0 0 0 0 0 0 0 0 0 0 0]
[519754645453244886669777392751429976157533395682766186025107188199258662146472113353924388527121892852900379436177237733234069524851733 0 0 0 0 0 0 0 0 0 0 0 0 0 0 0 0 0 0 0 0 0 0 0 0 0 0 0 0 0 0 0 0 0 1 0 0 0 0 0 0 0 0 0 0]
[868836174344374353325600057746652772656807441820872006491960269622800414587420502627553756716565241529364375340781353692953969125299326 0 0 0 0 0 0 0 0 0 0 0 0 0 0 0 0 0 0 0 0 0 0 0 0 0 0 0 0 0 0 0 0 0 0 1 0 0 0 0 0 0 0 0 0]
[1494217566469863965969661368219744434569824636416888147865767956991378904739381437572078435666612347876565105390084628419571804951441196 0 0 0 0 0 0 0 0 0 0 0 0 0 0 0 0 0 0 0 0 0 0 0 0 0 0 0 0 0 0 0 0 0 0 0 1 0 0 0 0 0 0 0 0]
[1754802194770808426443353378513371667241000552605978717216756372664501914578690599319590232455910060723516687792767375632300123495362055 0 0 0 0 0 0 0 0 0 0 0 0 0 0 0 0 0 0 0 0 0 0 0 0 0 0 0 0 0 0 0 0 0 0 0 0 1 0 0 0 0 0 0 0]
[302231726272349855103001379277309991185232625924670041519928582944894091701034646278970535095076383798299252463052524745012790219610526 0 0 0 0 0 0 0 0 0 0 0 0 0 0 0 0 0 0 0 0 0 0 0 0 0 0 0 0 0 0 0 0 0 0 0 0 0 1 0 0 0 0 0 0]
[2159101490406597060875292774640481481230948846092303925850029733914494145226109158887733838239770091393147407133898968261331759308356100 0 0 0 0 0 0 0 0 0 0 0 0 0 0 0 0 0 0 0 0 0 0 0 0 0 0 0 0 0 0 0 0 0 0 0 0 0 0 1 0 0 0 0 0]
[717956304455686576573441897464913881939229476736818516837459493918715336347010684012811501152449203712339617795237746602046425075658413 0 0 0 0 0 0 0 0 0 0 0 0 0 0 0 0 0 0 0 0 0 0 0 0 0 0 0 0 0 0 0 0 0 0 0 0 0 0 0 1 0 0 0 0]
[692203438902168451300959050621517224136938172148578795401638010629821919331680230022611895172400009708997476699566029270673209117364330 0 0 0 0 0 0 0 0 0 0 0 0 0 0 0 0 0 0 0 0 0 0 0 0 0 0 0 0 0 0 0 0 0 0 0 0 0 0 0 0 1 0 0 0]
[1657395755358771727955165928615308525032284436566652457190576946537867065372966885103495149476806150848986873018384474554692597147037132 0 0 0 0 0 0 0 0 0 0 0 0 0 0 0 0 0 0 0 0 0 0 0 0 0 0 0 0 0 0 0 0 0 0 0 0 0 0 0 0 0 1 0 0]
[207221053581464266436265445033013362879517567756422479858996999824361908513435684102927858984906039696147188498798380234035182172527079 0 0 0 0 0 0 0 0 0 0 0 0 0 0 0 0 0 0 0 0 0 0 0 0 0 0 0 0 0 0 0 0 0 0 0 0 0 0 0 0 0 0 1 0]
[2330672938834153212104874183281093639195720418083399306866030788698269299951060083973960190302516859603609293428046864122326992355023021 0 0 0 0 0 0 0 0 0 0 0 0 0 0 0 0 0 0 0 0 0 0 0 0 0 0 0 0 0 0 0 0 0 0 0 0 0 0 0 0 0 0 0 1]
]
