[[1964395317112487187891555459539435525633933499412279386384872407063557180163056253353713620564966018304157888822090306166054173339330787 0 0 0 0 0 0 0 0 0 0 0 0 0 0 0 0 0 0 0 0 0 0 0 0 0 0 0 0 0 0 0 0 0 0 0 0 0 0 0 0 0 0 0 0]
[1461334099386241702664916235335464040787852858571405163327507221379929873539568588578392762910991909313471374630526253563988443224612188 1 0 0 0 0 0 0 0 0 0 0 0 0 0 0 0 0 0 0 0 0 0 0 0 0 0 0 0 0 0 0 0 0 0 0 0 0 0 0 0 0 0 0 0]
[625851754424981983127089852722509501714153611085938586860605540113241398951541296495786334606187144929105927947920510744203619025128010 0 1 0 0 0 0 0 0 0 0 0 0 0 0 0 0 0 0 0 0 0 0 0 0 0 0 0 0 0 0 0 0 0 0 0 0 0 0 0 0 0 0 0 0]
[1823452702393313568538679992034233816133303169516350409887023112541071444493650151506963375574825101086456451914822171027885447759367135 0 0 1 0 0 0 0 0 0 0 0 0 0 0 0 0 0 0 0 0 0 0 0 0 0 0 0 0 0 0 0 0 0 0 0 0 0 0 0 0 0 0 0 0]
[832363824523469779877618652880802658350423787183135171872685033822992533353357881247189280507924798740874424457144780881187596685257356 0 0 0 1 0 0 0 0 0 0 0 0 0 0 0 0 0 0 0 0 0 0 0 0 0 0 0 0 0 0 0 0 0 0 0 0 0 0 0 0 0 0 0 0]
[474267259294424565550733288772155825456361124783343171620345738814167217697629110361915442061407293759740128863961830462477094660750043 0 0 0 0 1 0 0 0 0 0 0 0 0 0 0 0 0 0 0 0 0 0 0 0 0 0 0 0 0 0 0 0 0 0 0 0 0 0 0 0 0 0 0 0]
[183093558370557500625150961718644577350534703261638858298027877348876806889427859497037062327364526766073858109182080767778185123826039 0 0 0 0 0 1 0 0 0 0 0 0 0 0 0 0 0 0 0 0 0 0 0 0 0 0 0 0 0 0 0 0 0 0 0 0 0 0 0 0 0 0 0 0]
[1456655703013760430761477025760106195624433709240633902173652665376020424835226712767700008004421198243430107853131131701438058170967099 0 0 0 0 0 0 1 0 0 0 0 0 0 0 0 0 0 0 0 0 0 0 0 0 0 0 0 0 0 0 0 0 0 0 0 0 0 0 0 0 0 0 0 0]
[1647104398450292584656975442148737135170083898042131047598215563249579581015680555484530202936506645778828594584116898151312220953516841 0 0 0 0 0 0 0 1 0 0 0 0 0 0 0 0 0 0 0 0 0 0 0 0 0 0 0 0 0 0 0 0 0 0 0 0 0 0 0 0 0 0 0 0]
[94073484942103355177270614176877469783025406822693598053228992426949984621188507160064505638527018327889049984671806306762308120779727 0 0 0 0 0 0 0 0 1 0 0 0 0 0 0 0 0 0 0 0 0 0 0 0 0 0 0 0 0 0 0 0 0 0 0 0 0 0 0 0 0 0 0 0]
[46689964854918473905236281081032411900338736050967256545520607233778687644779999002812148533250947998050048917457893548552041858746103 0 0 0 0 0 0 0 0 0 1 0 0 0 0 0 0 0 0 0 0 0 0 0 0 0 0 0 0 0 0 0 0 0 0 0 0 0 0 0 0 0 0 0 0]
[744272708548472796884008786637865306317588180283252746565786753494185609631120564711652872414576117048726321276420839752999573042606565 0 0 0 0 0 0 0 0 0 0 1 0 0 0 0 0 0 0 0 0 0 0 0 0 0 0 0 0 0 0 0 0 0 0 0 0 0 0 0 0 0 0 0 0]
[256137598910224024098501912396885053228754900686350968599969156429371286718005871213664571413017668083328173004699498470250139577569818 0 0 0 0 0 0 0 0 0 0 0 1 0 0 0 0 0 0 0 0 0 0 0 0 0 0 0 0 0 0 0 0 0 0 0 0 0 0 0 0 0 0 0 0]
[1556752498530033421576266473396055119924051799664227000537385077896268936829200453843236525520089516346591810112491358903381859580623964 0 0 0 0 0 0 0 0 0 0 0 0 1 0 0 0 0 0 0 0 0 0 0 0 0 0 0 0 0 0 0 0 0 0 0 0 0 0 0 0 0 0 0 0]
[1516321195255855582030091149291798880794314651728911289920579841762357586304176258287324067374382456482683151623837256532451513629002927 0 0 0 0 0 0 0 0 0 0 0 0 0 1 0 0 0 0 0 0 0 0 0 0 0 0 0 0 0 0 0 0 0 0 0 0 0 0 0 0 0 0 0 0]
[655149017325782694188596840291734835186044220866848645969896200694081662284108597790476903926841142376561309751824628708573705330446305 0 0 0 0 0 0 0 0 0 0 0 0 0 0 1 0 0 0 0 0 0 0 0 0 0 0 0 0 0 0 0 0 0 0 0 0 0 0 0 0 0 0 0 0]
[1860671233172748444366294091396356543963805348606943292256772468923322468832071236060120063956850369793061353099187628854787811133347109 0 0 0 0 0 0 0 0 0 0 0 0 0 0 0 1 0 0 0 0 0 0 0 0 0 0 0 0 0 0 0 0 0 0 0 0 0 0 0 0 0 0 0 0]
[90378779368298376859711627322982489536859351190634576292671679456254160140722989986739208348229785500568056999336122235493498082985284 0 0 0 0 0 0 0 0 0 0 0 0 0 0 0 0 1 0 0 0 0 0 0 0 0 0 0 0 0 0 0 0 0 0 0 0 0 0 0 0 0 0 0 0]
[486859586391000013060433294962454983218586453639345198060715289674350737144629321596382048895108039827132341177650792745601290435544229 0 0 0 0 0 0 0 0 0 0 0 0 0 0 0 0 0 1 0 0 0 0 0 0 0 0 0 0 0 0 0 0 0 0 0 0 0 0 0 0 0 0 0 0]
[1287036020479606459052615219748547788322732930833992191057987192264664150522936949654709246713738110061010707922602338261903786801781482 0 0 0 0 0 0 0 0 0 0 0 0 0 0 0 0 0 0 1 0 0 0 0 0 0 0 0 0 0 0 0 0 0 0 0 0 0 0 0 0 0 0 0 0]
[1653702839310548225997407805330976920369238295616952708566756320509099781373063441123546373328131742271958919820189143485950049247143478 0 0 0 0 0 0 0 0 0 0 0 0 0 0 0 0 0 0 0 1 0 0 0 0 0 0 0 0 0 0 0 0 0 0 0 0 0 0 0 0 0 0 0 0]
[322550226289106843962504402533585739122468374368994446701573856001807291150318266212942045413628352674941740144127424631782388265088598 0 0 0 0 0 0 0 0 0 0 0 0 0 0 0 0 0 0 0 0 1 0 0 0 0 0 0 0 0 0 0 0 0 0 0 0 0 0 0 0 0 0 0 0]
[644175516603739528140399080390688372672233974647520976241240731828984978046716874269859555351276218990999067459523184800426487302763131 0 0 0 0 0 0 0 0 0 0 0 0 0 0 0 0 0 0 0 0 0 1 0 0 0 0 0 0 0 0 0 0 0 0 0 0 0 0 0 0 0 0 0 0]
[695333454019078507184274777381537508047140534747367605234830401681489947154743907600859229940291345978658390032387420896742611492097277 0 0 0 0 0 0 0 0 0 0 0 0 0 0 0 0 0 0 0 0 0 0 1 0 0 0 0 0 0 0 0 0 0 0 0 0 0 0 0 0 0 0 0 0]
[1741769811764638063864830824702051551216464752682665411824741541767130719429161845306592339860018689800338399423482684743243148405808516 0 0 0 0 0 0 0 0 0 0 0 0 0 0 0 0 0 0 0 0 0 0 0 1 0 0 0 0 0 0 0 0 0 0 0 0 0 0 0 0 0 0 0 0]
[436515624621150977651452543500374986446952786077523756534336518128894475619102476345106688762041259099317990830211686412638501960287404 0 0 0 0 0 0 0 0 0 0 0 0 0 0 0 0 0 0 0 0 0 0 0 0 1 0 0 0 0 0 0 0 0 0 0 0 0 0 0 0 0 0 0 0]
[62895796428759539089696740582151266575183533037970662425594906408459465009563946795815871054063271009214194520522691543412754241133246 0 0 0 0 0 0 0 0 0 0 0 0 0 0 0 0 0 0 0 0 0 0 0 0 0 1 0 0 0 0 0 0 0 0 0 0 0 0 0 0 0 0 0 0]
[147737321432410154628511504356563684163009672908226567110384016218326923044948389977158052706029596073255356945303077284868401267703260 0 0 0 0 0 0 0 0 0 0 0 0 0 0 0 0 0 0 0 0 0 0 0 0 0 0 1 0 0 0 0 0 0 0 0 0 0 0 0 0 0 0 0 0]
[1541152563981894314167422115003235221754811225768443546173751313179677930340982495070154848247922664938795322203493117431599043245159724 0 0 0 0 0 0 0 0 0 0 0 0 0 0 0 0 0 0 0 0 0 0 0 0 0 0 0 1 0 0 0 0 0 0 0 0 0 0 0 0 0 0 0 0]
[123634909571225881482914211330046674362629692223232795665818068550488878310112837657773814600984392041783627751527652285710322977148719 0 0 0 0 0 0 0 0 0 0 0 0 0 0 0 0 0 0 0 0 0 0 0 0 0 0 0 0 1 0 0 0 0 0 0 0 0 0 0 0 0 0 0 0]
[507562590741920236977087255309822218791160418068237603248333413161931382486599997340857559782008928824591478239279536890023790067675267 0 0 0 0 0 0 0 0 0 0 0 0 0 0 0 0 0 0 0 0 0 0 0 0 0 0 0 0 0 1 0 0 0 0 0 0 0 0 0 0 0 0 0 0]
[1356954389181931265562141472162256597212560012740857590240735391404930665791316670854230420907076100848291295965963008297957183419661050 0 0 0 0 0 0 0 0 0 0 0 0 0 0 0 0 0 0 0 0 0 0 0 0 0 0 0 0 0 0 1 0 0 0 0 0 0 0 0 0 0 0 0 0]
[192915744605448414801749130175580921130239499887817726017099009788203488585851982550155507959878320768009939830941912891707044725749316 0 0 0 0 0 0 0 0 0 0 0 0 0 0 0 0 0 0 0 0 0 0 0 0 0 0 0 0 0 0 0 1 0 0 0 0 0 0 0 0 0 0 0 0]
[1475032463949131137031287125620959527492167115333966805203871021707056219115680438137667529893845641915904741820703115532971953977788711 0 0 0 0 0 0 0 0 0 0 0 0 0 0 0 0 0 0 0 0 0 0 0 0 0 0 0 0 0 0 0 0 1 0 0 0 0 0 0 0 0 0 0 0]
[73060545043950347646162447160962204633950380176915211028584987377814172207321098756816084416530071487728325790938265696983572581178826 0 0 0 0 0 0 0 0 0 0 0 0 0 0 0 0 0 0 0 0 0 0 0 0 0 0 0 0 0 0 0 0 0 1 0 0 0 0 0 0 0 0 0 0]
[955974030625819315443277615020561891266772606305220458363850806343674345374751587611778995596498021684308003281694011247001956570595075 0 0 0 0 0 0 0 0 0 0 0 0 0 0 0 0 0 0 0 0 0 0 0 0 0 0 0 0 0 0 0 0 0 0 1 0 0 0 0 0 0 0 0 0]
[131092372253127408121704739423181481194956321015485431326592699075954634792109084273932298935985227010093617884419311663807440273061947 0 0 0 0 0 0 0 0 0 0 0 0 0 0 0 0 0 0 0 0 0 0 0 0 0 0 0 0 0 0 0 0 0 0 0 1 0 0 0 0 0 0 0 0]
[1289186479178398505441928416628823598599316233960705766121044683515266467393679400027773598023712928095877802327229372633468556040345363 0 0 0 0 0 0 0 0 0 0 0 0 0 0 0 0 0 0 0 0 0 0 0 0 0 0 0 0 0 0 0 0 0 0 0 0 1 0 0 0 0 0 0 0]
[1753638447029231426824103699117693525416405040203283191163164717144204688721746386348550111512358433692767688650183688037582585129229918 0 0 0 0 0 0 0 0 0 0 0 0 0 0 0 0 0 0 0 0 0 0 0 0 0 0 0 0 0 0 0 0 0 0 0 0 0 1 0 0 0 0 0 0]
[376418919575875926693449007533737039674827715160346812690703639218288832731666058518869110927904328648114859128667158693494478947302182 0 0 0 0 0 0 0 0 0 0 0 0 0 0 0 0 0 0 0 0 0 0 0 0 0 0 0 0 0 0 0 0 0 0 0 0 0 0 1 0 0 0 0 0]
[1504036225053811438280501120968718174604700056083093239212672296127313824205480270411919972631343166749295662242451049569990641512902925 0 0 0 0 0 0 0 0 0 0 0 0 0 0 0 0 0 0 0 0 0 0 0 0 0 0 0 0 0 0 0 0 0 0 0 0 0 0 0 1 0 0 0 0]
[1907573320771504123368834045980902700164764074707626217751610482832694641127686694288339714284818291115186752189295902911288928999497587 0 0 0 0 0 0 0 0 0 0 0 0 0 0 0 0 0 0 0 0 0 0 0 0 0 0 0 0 0 0 0 0 0 0 0 0 0 0 0 0 1 0 0 0]
[1478943136305301693590404262665767154784873161208297450154854732929451719662468908852994430439775475002760551349731123078437372908340071 0 0 0 0 0 0 0 0 0 0 0 0 0 0 0 0 0 0 0 0 0 0 0 0 0 0 0 0 0 0 0 0 0 0 0 0 0 0 0 0 0 1 0 0]
[1488519817226733537984403215463257711988775006796238388415593868391968573549484983091944643191237585883632321321226862100462432848659432 0 0 0 0 0 0 0 0 0 0 0 0 0 0 0 0 0 0 0 0 0 0 0 0 0 0 0 0 0 0 0 0 0 0 0 0 0 0 0 0 0 0 1 0]
[433192251455836554405996931043939070700332292379952131138321068862884644717504726922738181003000124599051230161522866073106028373573153 0 0 0 0 0 0 0 0 0 0 0 0 0 0 0 0 0 0 0 0 0 0 0 0 0 0 0 0 0 0 0 0 0 0 0 0 0 0 0 0 0 0 0 1]
]
