[[1704219644993473041205321683319433225914535336233670609195931832424047039108243319022255140416277815331877457520493327637788060350560759 0 0 0 0 0 0 0 0 0 0 0 0 0 0 0 0 0 0 0 0 0 0 0 0 0 0 0 0 0 0 0 0 0 0 0 0 0 0 0 0 0 0 0 0]
[655776557271253518778504062897309557583767351186031721084302990623683431812979930420460372244772788116574773589824302721709105170311998 1 0 0 0 0 0 0 0 0 0 0 0 0 0 0 0 0 0 0 0 0 0 0 0 0 0 0 0 0 0 0 0 0 0 0 0 0 0 0 0 0 0 0 0]
[387085138609522304704288191089993563215135163280232586547074452461804938139853017115726448814842324222114119162185389655747146640536918 0 1 0 0 0 0 0 0 0 0 0 0 0 0 0 0 0 0 0 0 0 0 0 0 0 0 0 0 0 0 0 0 0 0 0 0 0 0 0 0 0 0 0 0]
[1000904418893961103789675177840877571988182700809877909272041943726119909492647050551963128027277361091792404842024663611533050489241847 0 0 1 0 0 0 0 0 0 0 0 0 0 0 0 0 0 0 0 0 0 0 0 0 0 0 0 0 0 0 0 0 0 0 0 0 0 0 0 0 0 0 0 0]
[1169521019668391261191423546534520666517875860239929583156835573183876956767123662409960739887684697935527538116659278728587036619957406 0 0 0 1 0 0 0 0 0 0 0 0 0 0 0 0 0 0 0 0 0 0 0 0 0 0 0 0 0 0 0 0 0 0 0 0 0 0 0 0 0 0 0 0]
[321109866489820713510814399384998591392386111855615813780625801502772786018934798611934530971162135151642364062524360942715923585421499 0 0 0 0 1 0 0 0 0 0 0 0 0 0 0 0 0 0 0 0 0 0 0 0 0 0 0 0 0 0 0 0 0 0 0 0 0 0 0 0 0 0 0 0]
[384491797985937886247301373927882922538603086921028167329009385848834556660031282148521877948582620674508207133387212040915002341853606 0 0 0 0 0 1 0 0 0 0 0 0 0 0 0 0 0 0 0 0 0 0 0 0 0 0 0 0 0 0 0 0 0 0 0 0 0 0 0 0 0 0 0 0]
[834781557343222611878547361669699221181877172916923022076019302898731913296031857074935838468624629950383236648150037566647552365052817 0 0 0 0 0 0 1 0 0 0 0 0 0 0 0 0 0 0 0 0 0 0 0 0 0 0 0 0 0 0 0 0 0 0 0 0 0 0 0 0 0 0 0 0]
[740299738885698142032149850169556972814154854408580477465886008834107253036213233229783372172597318608806971091220678700761747483192633 0 0 0 0 0 0 0 1 0 0 0 0 0 0 0 0 0 0 0 0 0 0 0 0 0 0 0 0 0 0 0 0 0 0 0 0 0 0 0 0 0 0 0 0]
[624826419844864237185938276052659267555451607522843214877153582586076310823488738467356627075002091497064685238212275537592057621012641 0 0 0 0 0 0 0 0 1 0 0 0 0 0 0 0 0 0 0 0 0 0 0 0 0 0 0 0 0 0 0 0 0 0 0 0 0 0 0 0 0 0 0 0]
[1218627988486483695606297023692244823143176918469525682258899909329943310039722532789377525947469756417243310219892831289046591267562053 0 0 0 0 0 0 0 0 0 1 0 0 0 0 0 0 0 0 0 0 0 0 0 0 0 0 0 0 0 0 0 0 0 0 0 0 0 0 0 0 0 0 0 0]
[1308565755798397068082352917920053139417125543670707136126582250306501588725688573093010304870035421574698955988188133356419678321265091 0 0 0 0 0 0 0 0 0 0 1 0 0 0 0 0 0 0 0 0 0 0 0 0 0 0 0 0 0 0 0 0 0 0 0 0 0 0 0 0 0 0 0 0]
[688157625572371786541671451907123336914986096610297449640445376121072530051006988133944127751355791952992724498671987954262063903555604 0 0 0 0 0 0 0 0 0 0 0 1 0 0 0 0 0 0 0 0 0 0 0 0 0 0 0 0 0 0 0 0 0 0 0 0 0 0 0 0 0 0 0 0]
[1083961869190765349987859785769842386143508416969355884645419425856471144206329308021442517091139012043397162156329816930814903341515437 0 0 0 0 0 0 0 0 0 0 0 0 1 0 0 0 0 0 0 0 0 0 0 0 0 0 0 0 0 0 0 0 0 0 0 0 0 0 0 0 0 0 0 0]
[103102038702218494736801154122986653605081915535591965284260217537311330775912809367071723076041268398619458881188286535331150147786090 0 0 0 0 0 0 0 0 0 0 0 0 0 1 0 0 0 0 0 0 0 0 0 0 0 0 0 0 0 0 0 0 0 0 0 0 0 0 0 0 0 0 0 0]
[844164868187599853575860650058234123050039656844273809840518010880330148078107260125569614639632070580771952035665110163719649272317150 0 0 0 0 0 0 0 0 0 0 0 0 0 0 1 0 0 0 0 0 0 0 0 0 0 0 0 0 0 0 0 0 0 0 0 0 0 0 0 0 0 0 0 0]
[572555474608014435294102777953683792687721274893796990673366360232097002432325911036723059968217835673549873901660934378713039905619188 0 0 0 0 0 0 0 0 0 0 0 0 0 0 0 1 0 0 0 0 0 0 0 0 0 0 0 0 0 0 0 0 0 0 0 0 0 0 0 0 0 0 0 0]
[490564968466344193348065141076479067687258179201325817058668239370396571328550096524311017732645226526411756672682544548734816540939106 0 0 0 0 0 0 0 0 0 0 0 0 0 0 0 0 1 0 0 0 0 0 0 0 0 0 0 0 0 0 0 0 0 0 0 0 0 0 0 0 0 0 0 0]
[1114238486629112678755302766977060514475473264466493546170932412575688618027918873909725649134065435869986684834953231091494424030177008 0 0 0 0 0 0 0 0 0 0 0 0 0 0 0 0 0 1 0 0 0 0 0 0 0 0 0 0 0 0 0 0 0 0 0 0 0 0 0 0 0 0 0 0]
[662748778164829505770590504153498890868535489705885632286374535334498401168026017652468485309640415652661355696729851251264026697013539 0 0 0 0 0 0 0 0 0 0 0 0 0 0 0 0 0 0 1 0 0 0 0 0 0 0 0 0 0 0 0 0 0 0 0 0 0 0 0 0 0 0 0 0]
[881243140597589637321525419938186325845118662075680450959151707852624242613843912400769432535820539764957821760620468123650954240122093 0 0 0 0 0 0 0 0 0 0 0 0 0 0 0 0 0 0 0 1 0 0 0 0 0 0 0 0 0 0 0 0 0 0 0 0 0 0 0 0 0 0 0 0]
[944682906120881778283561879317430524044688428178270466705963761179714399128616083701167758612698982279487868691626334786372476946179806 0 0 0 0 0 0 0 0 0 0 0 0 0 0 0 0 0 0 0 0 1 0 0 0 0 0 0 0 0 0 0 0 0 0 0 0 0 0 0 0 0 0 0 0]
[83758744922693533974718730496076969001680062026697012835481834251988929459115083644016043576061908994745923290713866165137323889090823 0 0 0 0 0 0 0 0 0 0 0 0 0 0 0 0 0 0 0 0 0 1 0 0 0 0 0 0 0 0 0 0 0 0 0 0 0 0 0 0 0 0 0 0]
[729825760389746155580987599586260558540535152842690686315019555289579894424188005960030401004528934740900363128561790051371186385713269 0 0 0 0 0 0 0 0 0 0 0 0 0 0 0 0 0 0 0 0 0 0 1 0 0 0 0 0 0 0 0 0 0 0 0 0 0 0 0 0 0 0 0 0]
[1372917663900019132296354037735331646632399878311951255224015399352339655510245077801358431153735648747580997699795663719447065406548766 0 0 0 0 0 0 0 0 0 0 0 0 0 0 0 0 0 0 0 0 0 0 0 1 0 0 0 0 0 0 0 0 0 0 0 0 0 0 0 0 0 0 0 0]
[426329934283950118015046983090166997168059948449030534352254389562622001422673598076912952479881200887724977457299313743270322655749914 0 0 0 0 0 0 0 0 0 0 0 0 0 0 0 0 0 0 0 0 0 0 0 0 1 0 0 0 0 0 0 0 0 0 0 0 0 0 0 0 0 0 0 0]
[597830559075832794922138041641113708444768271968575027140304246947370976060703501846036300794682448436198624322764058746298831264528060 0 0 0 0 0 0 0 0 0 0 0 0 0 0 0 0 0 0 0 0 0 0 0 0 0 1 0 0 0 0 0 0 0 0 0 0 0 0 0 0 0 0 0 0]
[1131356284525275998413038299801912486765662719197636300682890864922251143080715897055975544198075144689154220992098890986893876066987870 0 0 0 0 0 0 0 0 0 0 0 0 0 0 0 0 0 0 0 0 0 0 0 0 0 0 1 0 0 0 0 0 0 0 0 0 0 0 0 0 0 0 0 0]
[1640882030327001259261124005269048262776137326167122478471744103886684835192344972141263383748860886452938181536487867932498777574919658 0 0 0 0 0 0 0 0 0 0 0 0 0 0 0 0 0 0 0 0 0 0 0 0 0 0 0 1 0 0 0 0 0 0 0 0 0 0 0 0 0 0 0 0]
[1679142072379093266838968950933450644156879521318928169409903413314061970287320522186806555616729108343197331930765697319027418307110404 0 0 0 0 0 0 0 0 0 0 0 0 0 0 0 0 0 0 0 0 0 0 0 0 0 0 0 0 1 0 0 0 0 0 0 0 0 0 0 0 0 0 0 0]
[1124760618173705060796770031296999342089445689181288627477511196518587878132987134347375774772924791275036523858943048386411915919311814 0 0 0 0 0 0 0 0 0 0 0 0 0 0 0 0 0 0 0 0 0 0 0 0 0 0 0 0 0 1 0 0 0 0 0 0 0 0 0 0 0 0 0 0]
[858839855681991870249203297852384951682602664901329870671369325722144857465275175304417127168804964541183148078146263661081532573920447 0 0 0 0 0 0 0 0 0 0 0 0 0 0 0 0 0 0 0 0 0 0 0 0 0 0 0 0 0 0 1 0 0 0 0 0 0 0 0 0 0 0 0 0]
[254595456276770576965975758896297434422111329980060553055725548204262918168010550479188353759021440837507432569885044224951098062362120 0 0 0 0 0 0 0 0 0 0 0 0 0 0 0 0 0 0 0 0 0 0 0 0 0 0 0 0 0 0 0 1 0 0 0 0 0 0 0 0 0 0 0 0]
[606286072939626217508151113183144909401688645782557426684202548455860806725660804749713232652758311359916805010677417961225406177943686 0 0 0 0 0 0 0 0 0 0 0 0 0 0 0 0 0 0 0 0 0 0 0 0 0 0 0 0 0 0 0 0 1 0 0 0 0 0 0 0 0 0 0 0]
[163615515706734236493701511261406216369560381917049974623462653788487309881138669502414049907617940171831411177156965800155005079835735 0 0 0 0 0 0 0 0 0 0 0 0 0 0 0 0 0 0 0 0 0 0 0 0 0 0 0 0 0 0 0 0 0 1 0 0 0 0 0 0 0 0 0 0]
[654807157121522077477183109120893527160242012054115213623335524446103032775998999000581355419609840405891959309240629899699640574983255 0 0 0 0 0 0 0 0 0 0 0 0 0 0 0 0 0 0 0 0 0 0 0 0 0 0 0 0 0 0 0 0 0 0 1 0 0 0 0 0 0 0 0 0]
[456872340231177258645963246267664319053790710860718226479307012551792578729668675174948645459234330270381359887749070942191931657034119 0 0 0 0 0 0 0 0 0 0 0 0 0 0 0 0 0 0 0 0 0 0 0 0 0 0 0 0 0 0 0 0 0 0 0 1 0 0 0 0 0 0 0 0]
[875210260795268615207446578028344908189096414430402453966333278375106606652580857963735710847731197234764928883497905644494495296634039 0 0 0 0 0 0 0 0 0 0 0 0 0 0 0 0 0 0 0 0 0 0 0 0 0 0 0 0 0 0 0 0 0 0 0 0 1 0 0 0 0 0 0 0]
[562976688374464871482543146136700391682040407769219268479190667448925173553497739390524226073028796273657321321526280612742144477531838 0 0 0 0 0 0 0 0 0 0 0 0 0 0 0 0 0 0 0 0 0 0 0 0 0 0 0 0 0 0 0 0 0 0 0 0 0 1 0 0 0 0 0 0]
[1194417231289887547556273836624305783984394479864927368977400896969845011136229531310148393052143834596614817812843022642681926518111680 0 0 0 0 0 0 0 0 0 0 0 0 0 0 0 0 0 0 0 0 0 0 0 0 0 0 0 0 0 0 0 0 0 0 0 0 0 0 1 0 0 0 0 0]
[1109870851204382972375059060079553697125723074443884994232183049269544357676270409918016073627161419924805699549876439686971866776399095 0 0 0 0 0 0 0 0 0 0 0 0 0 0 0 0 0 0 0 0 0 0 0 0 0 0 0 0 0 0 0 0 0 0 0 0 0 0 0 1 0 0 0 0]
[341318430753072012141952418053112590620592183694438077841705090512807158514091196965624106258430575403773605670896735207798589248325560 0 0 0 0 0 0 0 0 0 0 0 0 0 0 0 0 0 0 0 0 0 0 0 0 0 0 0 0 0 0 0 0 0 0 0 0 0 0 0 0 1 0 0 0]
[577504330582982954359560408309608987700059241609805593811106124795513239977370079116434897080816503339571511108880174375257016934927455 0 0 0 0 0 0 0 0 0 0 0 0 0 0 0 0 0 0 0 0 0 0 0 0 0 0 0 0 0 0 0 0 0 0 0 0 0 0 0 0 0 1 0 0]
[302914864116126384904405610372502525832705405343385753642389497706938099223560821267462548706743714506543588691275121718958585123148361 0 0 0 0 0 0 0 0 0 0 0 0 0 0 0 0 0 0 0 0 0 0 0 0 0 0 0 0 0 0 0 0 0 0 0 0 0 0 0 0 0 0 1 0]
[352817919332489717867081998009092567443523203972916720064161444739065946146638466073720086575666047362044562266325159577080003358842687 0 0 0 0 0 0 0 0 0 0 0 0 0 0 0 0 0 0 0 0 0 0 0 0 0 0 0 0 0 0 0 0 0 0 0 0 0 0 0 0 0 0 0 1]
]
