[[1682721634893697516753482420527495847846750921652085394182139533446279 0 0 0 0 0 0 0 0 0 0 0 0 0 0 0 0 0 0 0 0 0 0]
[1541638504327236739879284483190714091861659028122220741614139801516115 1 0 0 0 0 0 0 0 0 0 0 0 0 0 0 0 0 0 0 0 0 0]
[109370003971033528408280954101652706964939908448346290272731762247730 0 1 0 0 0 0 0 0 0 0 0 0 0 0 0 0 0 0 0 0 0 0]
[756369000189788501512628064562935639924543993761922933201186919117688 0 0 1 0 0 0 0 0 0 0 0 0 0 0 0 0 0 0 0 0 0 0]
[655597163547660330740856939690213162194431716315713419260451848682927 0 0 0 1 0 0 0 0 0 0 0 0 0 0 0 0 0 0 0 0 0 0]
[979378190427362961694283374602904608608118859739472058968800527741572 0 0 0 0 1 0 0 0 0 0 0 0 0 0 0 0 0 0 0 0 0 0]
[756532109047925577443602774050689903266520321368067986001511310662303 0 0 0 0 0 1 0 0 0 0 0 0 0 0 0 0 0 0 0 0 0 0]
[1040469836387513646375956024567283632686542875184517398107169412297644 0 0 0 0 0 0 1 0 0 0 0 0 0 0 0 0 0 0 0 0 0 0]
[1516597312159835765355093515312782417141065315882297047674542332097898 0 0 0 0 0 0 0 1 0 0 0 0 0 0 0 0 0 0 0 0 0 0]
[852167861426716888630124213063866708150555443439147598126908608796628 0 0 0 0 0 0 0 0 1 0 0 0 0 0 0 0 0 0 0 0 0 0]
[303907365966655264547050897632091358964321659340419016021294843749644 0 0 0 0 0 0 0 0 0 1 0 0 0 0 0 0 0 0 0 0 0 0]
[1401959369317274761277000800397815364745925223987351794386473301185309 0 0 0 0 0 0 0 0 0 0 1 0 0 0 0 0 0 0 0 0 0 0]
[1168722043633212874472384872616633661973127592383899417114960865145159 0 0 0 0 0 0 0 0 0 0 0 1 0 0 0 0 0 0 0 0 0 0]
[545053681089607270832086712364867876982854349176599561885678992468782 0 0 0 0 0 0 0 0 0 0 0 0 1 0 0 0 0 0 0 0 0 0]
[1449334866971484603778827419282445806169223295100960923267142529520361 0 0 0 0 0 0 0 0 0 0 0 0 0 1 0 0 0 0 0 0 0 0]
[1181618243708077535275103028565259193023585744399820491624132915525440 0 0 0 0 0 0 0 0 0 0 0 0 0 0 1 0 0 0 0 0 0 0]
[1041556907248927189812615689264401831226697233804366311946458073038478 0 0 0 0 0 0 0 0 0 0 0 0 0 0 0 1 0 0 0 0 0 0]
[1540582094708143354946352217453590843397215447808881638095449024708381 0 0 0 0 0 0 0 0 0 0 0 0 0 0 0 0 1 0 0 0 0 0]
[784171693396051225235322977085428707978957224997330323987031991594104 0 0 0 0 0 0 0 0 0 0 0 0 0 0 0 0 0 1 0 0 0 0]
[1145456886224997411448479200119857092492603428201754651775655597701591 0 0 0 0 0 0 0 0 0 0 0 0 0 0 0 0 0 0 1 0 0 0]
[497232696408929175938911710956326975693386556042641592699866917890174 0 0 0 0 0 0 0 0 0 0 0 0 0 0 0 0 0 0 0 1 0 0]
[86638350104748347485956820198977147092638923186682799134149700474919 0 0 0 0 0 0 0 0 0 0 0 0 0 0 0 0 0 0 0 0 1 0]
[1424788069297996775024361671769565541099936282828581844348357463823841 0 0 0 0 0 0 0 0 0 0 0 0 0 0 0 0 0 0 0 0 0 1]
]
