[[3988061034890838795647452218187097747913970033610553312420682720725212608711182527012717307756928852151080668976493830181939061057879763483996215885856556667238480662977697669410667481591420586377310558731333735647277 0 0 0 0 0 0 0 0 0 0 0 0 0 0 0 0 0 0 0 0 0 0 0 0 0 0 0 0 0 0 0 0 0 0 0 0 0 0 0 0 0 0 0 0 0 0 0 0 0 0 0 0 0 0 0 0 0 0 0 0 0 0 0 0 0 0 0 0 0 0 0]
[3447301229240418557665104489284929017706207221205117998266270120965804985426280448882285926585717221620297802225859113806820746133049615623713969928532574644195190922205886062103206795836668019214182670197857412893256 1 0 0 0 0 0 0 0 0 0 0 0 0 0 0 0 0 0 0 0 0 0 0 0 0 0 0 0 0 0 0 0 0 0 0 0 0 0 0 0 0 0 0 0 0 0 0 0 0 0 0 0 0 0 0 0 0 0 0 0 0 0 0 0 0 0 0 0 0 0 0]
[1796876334355958912639121171611144355261969197927458657436727191234853077071395346817704968434876341417595990956895876491914824910131026805299674788957762682754107644469417684344815261548757889539958427582795833973286 0 1 0 0 0 0 0 0 0 0 0 0 0 0 0 0 0 0 0 0 0 0 0 0 0 0 0 0 0 0 0 0 0 0 0 0 0 0 0 0 0 0 0 0 0 0 0 0 0 0 0 0 0 0 0 0 0 0 0 0 0 0 0 0 0 0 0 0 0 0 0]
[3264632283527167033354147546443084690355271764437447004384118723600032942532534995021223596699614849584166302682415539325085136025529217528580535544599899020120402172530108452967923700763720421351268924946848432212154 0 0 1 0 0 0 0 0 0 0 0 0 0 0 0 0 0 0 0 0 0 0 0 0 0 0 0 0 0 0 0 0 0 0 0 0 0 0 0 0 0 0 0 0 0 0 0 0 0 0 0 0 0 0 0 0 0 0 0 0 0 0 0 0 0 0 0 0 0 0 0]
[3074456199014515197115954319318684966679113305785423597366708615990417050890568083244696521479235016750184516306210926309099859816309150652898705424154337435524337353250797966193809422902367701430737481878367153888942 0 0 0 1 0 0 0 0 0 0 0 0 0 0 0 0 0 0 0 0 0 0 0 0 0 0 0 0 0 0 0 0 0 0 0 0 0 0 0 0 0 0 0 0 0 0 0 0 0 0 0 0 0 0 0 0 0 0 0 0 0 0 0 0 0 0 0 0 0 0 0]
[592686663747009611811151704144376510184016446066746106452961731818489592634970974611832742153918740591268601897347773664856005094177251409837604979704552811453548608957075023298077952285404044666666121201587044591479 0 0 0 0 1 0 0 0 0 0 0 0 0 0 0 0 0 0 0 0 0 0 0 0 0 0 0 0 0 0 0 0 0 0 0 0 0 0 0 0 0 0 0 0 0 0 0 0 0 0 0 0 0 0 0 0 0 0 0 0 0 0 0 0 0 0 0 0 0 0 0]
[3309374711935484568483590463865859688839928636570923686415261194873504018745170404170844607606309136411441758764755775221129037865617650160530216412374258700182880987844147581308729107905975327813225682726235311697183 0 0 0 0 0 1 0 0 0 0 0 0 0 0 0 0 0 0 0 0 0 0 0 0 0 0 0 0 0 0 0 0 0 0 0 0 0 0 0 0 0 0 0 0 0 0 0 0 0 0 0 0 0 0 0 0 0 0 0 0 0 0 0 0 0 0 0 0 0 0 0]
[1765895359197776574828147751457474618575666385510161028440504750362516166118054169823778659774605137934843863771917085830840770071402729445849192041881087542054864634519297251478972222892207682764148323865546945317642 0 0 0 0 0 0 1 0 0 0 0 0 0 0 0 0 0 0 0 0 0 0 0 0 0 0 0 0 0 0 0 0 0 0 0 0 0 0 0 0 0 0 0 0 0 0 0 0 0 0 0 0 0 0 0 0 0 0 0 0 0 0 0 0 0 0 0 0 0 0 0]
[2810059550540437517428160862817227148079692878853538804486072902490738639044200044948668944066784708399835395626329844363779405528840014581816408035219465391041920936092021302057854960772620932162767663229197206325491 0 0 0 0 0 0 0 1 0 0 0 0 0 0 0 0 0 0 0 0 0 0 0 0 0 0 0 0 0 0 0 0 0 0 0 0 0 0 0 0 0 0 0 0 0 0 0 0 0 0 0 0 0 0 0 0 0 0 0 0 0 0 0 0 0 0 0 0 0 0 0]
[376297572935699323993137889344217124428568470309460027692092327751530946821917520276951314984242114440256378660047386268194050519118081469450803820024282400447065689105729247848779772123794486410222073295889574669751 0 0 0 0 0 0 0 0 1 0 0 0 0 0 0 0 0 0 0 0 0 0 0 0 0 0 0 0 0 0 0 0 0 0 0 0 0 0 0 0 0 0 0 0 0 0 0 0 0 0 0 0 0 0 0 0 0 0 0 0 0 0 0 0 0 0 0 0 0 0 0]
[2823454239580851071336418392370834602474075481159850896263164690784225727422497945064114198995324458514765280226085316152066103575466421401567418805059044939615447263553643129273797972465642824269420684558395460933082 0 0 0 0 0 0 0 0 0 1 0 0 0 0 0 0 0 0 0 0 0 0 0 0 0 0 0 0 0 0 0 0 0 0 0 0 0 0 0 0 0 0 0 0 0 0 0 0 0 0 0 0 0 0 0 0 0 0 0 0 0 0 0 0 0 0 0 0 0 0 0]
[1811603300915794548831378645521245201866329100760110589328548925583319818243232259330525156168073769266709394684510978999497316972207804012572990658765896875699557403417029242263376449524804889108561994024469786539912 0 0 0 0 0 0 0 0 0 0 1 0 0 0 0 0 0 0 0 0 0 0 0 0 0 0 0 0 0 0 0 0 0 0 0 0 0 0 0 0 0 0 0 0 0 0 0 0 0 0 0 0 0 0 0 0 0 0 0 0 0 0 0 0 0 0 0 0 0 0 0]
[1374235891178383858320563359780899154879330071309095210927480888473094193995930205637506115901130213198315153538726525648433845564791659568388603490978379828400743148323803744736140435619526614968962129342900534022680 0 0 0 0 0 0 0 0 0 0 0 1 0 0 0 0 0 0 0 0 0 0 0 0 0 0 0 0 0 0 0 0 0 0 0 0 0 0 0 0 0 0 0 0 0 0 0 0 0 0 0 0 0 0 0 0 0 0 0 0 0 0 0 0 0 0 0 0 0 0 0]
[1501938539958320736325134561099054505680049202581374678094490037001740967713984951474081921130726653464965129931962997719119342874825655799548614308432309627572093018704031980313969521080261907596992230536365767509092 0 0 0 0 0 0 0 0 0 0 0 0 1 0 0 0 0 0 0 0 0 0 0 0 0 0 0 0 0 0 0 0 0 0 0 0 0 0 0 0 0 0 0 0 0 0 0 0 0 0 0 0 0 0 0 0 0 0 0 0 0 0 0 0 0 0 0 0 0 0 0]
[941965272906117424959919575043962509288640302739254679713788878351492280523022847090203281076119403197869048426785498472195169095408860838793280041753666232662507291593064696097231168443649742450208882662905041882269 0 0 0 0 0 0 0 0 0 0 0 0 0 1 0 0 0 0 0 0 0 0 0 0 0 0 0 0 0 0 0 0 0 0 0 0 0 0 0 0 0 0 0 0 0 0 0 0 0 0 0 0 0 0 0 0 0 0 0 0 0 0 0 0 0 0 0 0 0 0 0]
[483988417901715760189832118381328246074696057159367929329590386876630265954899635135910970718229602921194223517386330763642322493117094571018910049642389905030943833057091685698016557432334647659500351516344115047510 0 0 0 0 0 0 0 0 0 0 0 0 0 0 1 0 0 0 0 0 0 0 0 0 0 0 0 0 0 0 0 0 0 0 0 0 0 0 0 0 0 0 0 0 0 0 0 0 0 0 0 0 0 0 0 0 0 0 0 0 0 0 0 0 0 0 0 0 0 0 0]
[2589512183145644493043551563502988487608642569235450010381191877959610401105634946744396751072549998083854898394643266118250299625332840663450235295200835711957253622620382096617466885150002085850510651749131966054020 0 0 0 0 0 0 0 0 0 0 0 0 0 0 0 1 0 0 0 0 0 0 0 0 0 0 0 0 0 0 0 0 0 0 0 0 0 0 0 0 0 0 0 0 0 0 0 0 0 0 0 0 0 0 0 0 0 0 0 0 0 0 0 0 0 0 0 0 0 0 0]
[2884655152413348266749085842090083474592819573823364478306043949634591294658588881245884785901597609836199222079309836435407036860129589904253131974996969409163789771373007888624543660068205767070481160534766322443816 0 0 0 0 0 0 0 0 0 0 0 0 0 0 0 0 1 0 0 0 0 0 0 0 0 0 0 0 0 0 0 0 0 0 0 0 0 0 0 0 0 0 0 0 0 0 0 0 0 0 0 0 0 0 0 0 0 0 0 0 0 0 0 0 0 0 0 0 0 0 0]
[1141903736362964745063951432398542030011188136313542840019140749065204828931336435019296293115716239822891499805538949152068400620508050930835039664419992793651292792320826205641663136387848247646131277948861741984785 0 0 0 0 0 0 0 0 0 0 0 0 0 0 0 0 0 1 0 0 0 0 0 0 0 0 0 0 0 0 0 0 0 0 0 0 0 0 0 0 0 0 0 0 0 0 0 0 0 0 0 0 0 0 0 0 0 0 0 0 0 0 0 0 0 0 0 0 0 0 0]
[295437685805317564812805069307382674897487769166716155632534114830820387932098458375886228074150173232658943857354986072653649178544793399008583159474222805114512458898990590322702803588124032491497480812885095239122 0 0 0 0 0 0 0 0 0 0 0 0 0 0 0 0 0 0 1 0 0 0 0 0 0 0 0 0 0 0 0 0 0 0 0 0 0 0 0 0 0 0 0 0 0 0 0 0 0 0 0 0 0 0 0 0 0 0 0 0 0 0 0 0 0 0 0 0 0 0 0]
[1482288826423191655045449578779569662876674943065243537504355529494855850466331816671866489686158026787691413350791730830762843741049288048989939949613892529956509458454763177333322614369033344681736403693389702310157 0 0 0 0 0 0 0 0 0 0 0 0 0 0 0 0 0 0 0 1 0 0 0 0 0 0 0 0 0 0 0 0 0 0 0 0 0 0 0 0 0 0 0 0 0 0 0 0 0 0 0 0 0 0 0 0 0 0 0 0 0 0 0 0 0 0 0 0 0 0 0]
[1842607893725305596385892895511551900353019007518790305156695750729185343129419263979913027790861258964837091991105060287052484595198911504808625921403961535625262731483918527396317019438216436066124718024912611420626 0 0 0 0 0 0 0 0 0 0 0 0 0 0 0 0 0 0 0 0 1 0 0 0 0 0 0 0 0 0 0 0 0 0 0 0 0 0 0 0 0 0 0 0 0 0 0 0 0 0 0 0 0 0 0 0 0 0 0 0 0 0 0 0 0 0 0 0 0 0 0]
[2798309187791810503561107595044578481980595435745639141602960462262823042771440188124839368785240316617447657410609402241621409049452167502718104059647001670439630989786920650560438839946092407305999579454492818684335 0 0 0 0 0 0 0 0 0 0 0 0 0 0 0 0 0 0 0 0 0 1 0 0 0 0 0 0 0 0 0 0 0 0 0 0 0 0 0 0 0 0 0 0 0 0 0 0 0 0 0 0 0 0 0 0 0 0 0 0 0 0 0 0 0 0 0 0 0 0 0]
[2760497210217418454867499854182236278295090804198681359322706428614343839936910250634539340030725531090259327333661046680448601349379203135633725699706209863069948853134105840660795212576306638671223187962099048461885 0 0 0 0 0 0 0 0 0 0 0 0 0 0 0 0 0 0 0 0 0 0 1 0 0 0 0 0 0 0 0 0 0 0 0 0 0 0 0 0 0 0 0 0 0 0 0 0 0 0 0 0 0 0 0 0 0 0 0 0 0 0 0 0 0 0 0 0 0 0 0]
[3638723284088683434784198418800009037974442373869714005728968338209691225134333668445857702185818306966050201356783670239253005452404453770099929530740965893720003061467806707592507962423322726505229949754686395466861 0 0 0 0 0 0 0 0 0 0 0 0 0 0 0 0 0 0 0 0 0 0 0 1 0 0 0 0 0 0 0 0 0 0 0 0 0 0 0 0 0 0 0 0 0 0 0 0 0 0 0 0 0 0 0 0 0 0 0 0 0 0 0 0 0 0 0 0 0 0 0]
[3638581840660011979795015017138707539987405344332227614941637559376170915445655484346349309463146064113837219309278299701966956812081268461075670336510624042175049380029523497051283994434064426341545226964620479868724 0 0 0 0 0 0 0 0 0 0 0 0 0 0 0 0 0 0 0 0 0 0 0 0 1 0 0 0 0 0 0 0 0 0 0 0 0 0 0 0 0 0 0 0 0 0 0 0 0 0 0 0 0 0 0 0 0 0 0 0 0 0 0 0 0 0 0 0 0 0 0]
[3113333550439294496239448960750038666976081586258644144170767220881665902929326495620150599005989815884599724808878204703554615395876007439111496667042163586633628524977457611941587962501768961401398484621825082585955 0 0 0 0 0 0 0 0 0 0 0 0 0 0 0 0 0 0 0 0 0 0 0 0 0 1 0 0 0 0 0 0 0 0 0 0 0 0 0 0 0 0 0 0 0 0 0 0 0 0 0 0 0 0 0 0 0 0 0 0 0 0 0 0 0 0 0 0 0 0 0]
[2211597910474347647074498064398021358219948441314087136049020811301082285642516920952304908732195504438284353346910199649215032803239238288172282738505494913526308717188631807613693353212835538029927095353969813909293 0 0 0 0 0 0 0 0 0 0 0 0 0 0 0 0 0 0 0 0 0 0 0 0 0 0 1 0 0 0 0 0 0 0 0 0 0 0 0 0 0 0 0 0 0 0 0 0 0 0 0 0 0 0 0 0 0 0 0 0 0 0 0 0 0 0 0 0 0 0 0]
[2774963129976450893786206798420297644116151725576450285047807778676774030651981434369392251939050540123526244555876644106700397079249858526249809585742222604859481894324454280556774646419744917669120453198282000146442 0 0 0 0 0 0 0 0 0 0 0 0 0 0 0 0 0 0 0 0 0 0 0 0 0 0 0 1 0 0 0 0 0 0 0 0 0 0 0 0 0 0 0 0 0 0 0 0 0 0 0 0 0 0 0 0 0 0 0 0 0 0 0 0 0 0 0 0 0 0 0]
[3509364551909544040648035893926241159727995571184914899148999498419195585458417172728379123969404566502306589182688472577513910139476395705874667392320388039064264360290005662041298503913715996107559722289250623365188 0 0 0 0 0 0 0 0 0 0 0 0 0 0 0 0 0 0 0 0 0 0 0 0 0 0 0 0 1 0 0 0 0 0 0 0 0 0 0 0 0 0 0 0 0 0 0 0 0 0 0 0 0 0 0 0 0 0 0 0 0 0 0 0 0 0 0 0 0 0 0]
[3979375904180372281146864932802190805723156411097564726390682465473750189275833700789769690244283363441013975660348232725376367287289470879305215240772723894859979367748893480670219014898216134953835787830264087436304 0 0 0 0 0 0 0 0 0 0 0 0 0 0 0 0 0 0 0 0 0 0 0 0 0 0 0 0 0 1 0 0 0 0 0 0 0 0 0 0 0 0 0 0 0 0 0 0 0 0 0 0 0 0 0 0 0 0 0 0 0 0 0 0 0 0 0 0 0 0 0]
[876566529644793801489696217099038489818134126484349494101848107878429689400920125848269093763353681586789451631316892070025568629706198586339245913115618459955038574901833981063672048095732243818858503178949052322513 0 0 0 0 0 0 0 0 0 0 0 0 0 0 0 0 0 0 0 0 0 0 0 0 0 0 0 0 0 0 1 0 0 0 0 0 0 0 0 0 0 0 0 0 0 0 0 0 0 0 0 0 0 0 0 0 0 0 0 0 0 0 0 0 0 0 0 0 0 0 0]
[1341782110818656128586638296177345787585708149541001089429315525255773637517250082111717838275280477281213013879822020635295745441157218456151190864938237065106187615751813405664691264393274685373801472978408738253899 0 0 0 0 0 0 0 0 0 0 0 0 0 0 0 0 0 0 0 0 0 0 0 0 0 0 0 0 0 0 0 1 0 0 0 0 0 0 0 0 0 0 0 0 0 0 0 0 0 0 0 0 0 0 0 0 0 0 0 0 0 0 0 0 0 0 0 0 0 0 0]
[695146895206613444148738895542752155147032375308985208856295545228954301521053026230657310288281458953243176902960533258900455860745514636675456092846156254776225955065748842321139348444400725800146884379057350434848 0 0 0 0 0 0 0 0 0 0 0 0 0 0 0 0 0 0 0 0 0 0 0 0 0 0 0 0 0 0 0 0 1 0 0 0 0 0 0 0 0 0 0 0 0 0 0 0 0 0 0 0 0 0 0 0 0 0 0 0 0 0 0 0 0 0 0 0 0 0 0]
[1391500923580116796432717824577517721532190183873329527692465532734477056576502535498486014570184064079863783936427774527755987759875681198559031687365338979938988392301856660285007437591254904303514156614448340168918 0 0 0 0 0 0 0 0 0 0 0 0 0 0 0 0 0 0 0 0 0 0 0 0 0 0 0 0 0 0 0 0 0 1 0 0 0 0 0 0 0 0 0 0 0 0 0 0 0 0 0 0 0 0 0 0 0 0 0 0 0 0 0 0 0 0 0 0 0 0 0]
[1085768702649508910518616014308237656215210553341331680919409145136435008740775650191210988491696654780604706014727349843874501444427565955097082590616471696071431544316155286410185241539124498635102199096236385702356 0 0 0 0 0 0 0 0 0 0 0 0 0 0 0 0 0 0 0 0 0 0 0 0 0 0 0 0 0 0 0 0 0 0 1 0 0 0 0 0 0 0 0 0 0 0 0 0 0 0 0 0 0 0 0 0 0 0 0 0 0 0 0 0 0 0 0 0 0 0 0]
[1786517045577217305012098549597445966833215160575549973965150130199530656602265639638287233633195371281115974898722192996786281783036487218616746878387801417213883465360203400027483706435990043442778076415873408223756 0 0 0 0 0 0 0 0 0 0 0 0 0 0 0 0 0 0 0 0 0 0 0 0 0 0 0 0 0 0 0 0 0 0 0 1 0 0 0 0 0 0 0 0 0 0 0 0 0 0 0 0 0 0 0 0 0 0 0 0 0 0 0 0 0 0 0 0 0 0 0]
[646109183468743183584522741867059615319005402068331691935785763016678905005356493614172903020522153688914428517390882701163488888966172006801589073088449399217682931243432792604024600785710689291696257862857435995632 0 0 0 0 0 0 0 0 0 0 0 0 0 0 0 0 0 0 0 0 0 0 0 0 0 0 0 0 0 0 0 0 0 0 0 0 1 0 0 0 0 0 0 0 0 0 0 0 0 0 0 0 0 0 0 0 0 0 0 0 0 0 0 0 0 0 0 0 0 0 0]
[3220692928383171496298875943406325122344220957927767753242962478435776321798150016669706607096707582250497091326562581226030891836853354926277542409831885152492454294744940839839030645826306775798335359331121835471504 0 0 0 0 0 0 0 0 0 0 0 0 0 0 0 0 0 0 0 0 0 0 0 0 0 0 0 0 0 0 0 0 0 0 0 0 0 1 0 0 0 0 0 0 0 0 0 0 0 0 0 0 0 0 0 0 0 0 0 0 0 0 0 0 0 0 0 0 0 0 0]
[355793770232902317635790993996024657776319753794982805878328782746749151909694550723987921696445794608628226345391802973388465284011453820999280718710951182707361272784212915840853906174077316807457090022435783718206 0 0 0 0 0 0 0 0 0 0 0 0 0 0 0 0 0 0 0 0 0 0 0 0 0 0 0 0 0 0 0 0 0 0 0 0 0 0 1 0 0 0 0 0 0 0 0 0 0 0 0 0 0 0 0 0 0 0 0 0 0 0 0 0 0 0 0 0 0 0 0]
[1990304243945928761674842360224419238980203700010639526432184283553638571703862069845531932501788441469992335911186425379495921668251982311154189216807941548672182272633093613425297445272974907047985598738289264335195 0 0 0 0 0 0 0 0 0 0 0 0 0 0 0 0 0 0 0 0 0 0 0 0 0 0 0 0 0 0 0 0 0 0 0 0 0 0 0 1 0 0 0 0 0 0 0 0 0 0 0 0 0 0 0 0 0 0 0 0 0 0 0 0 0 0 0 0 0 0 0]
[1605851387484949856469021279475117537124570267265955074602898512312341906580772075799985476172452437177120704276395289353100890456363340702121190261406661963046702196794367736511787192010232639910381689282084158134982 0 0 0 0 0 0 0 0 0 0 0 0 0 0 0 0 0 0 0 0 0 0 0 0 0 0 0 0 0 0 0 0 0 0 0 0 0 0 0 0 1 0 0 0 0 0 0 0 0 0 0 0 0 0 0 0 0 0 0 0 0 0 0 0 0 0 0 0 0 0 0]
[2277959119726155627111314607299935395016403103473943948938611672684784268218896791535308486794325090601896413676373338421603632777350894525428227762147005685210099919902216189281232040660583083410001547516954915036716 0 0 0 0 0 0 0 0 0 0 0 0 0 0 0 0 0 0 0 0 0 0 0 0 0 0 0 0 0 0 0 0 0 0 0 0 0 0 0 0 0 1 0 0 0 0 0 0 0 0 0 0 0 0 0 0 0 0 0 0 0 0 0 0 0 0 0 0 0 0 0]
[3194540065037611539928741468205318989185058997839991590119381995015258526506264579312122697444759373227231062093348080819614167830926147847530495234820042189028496348005308546564238201302907205510961306688504562588565 0 0 0 0 0 0 0 0 0 0 0 0 0 0 0 0 0 0 0 0 0 0 0 0 0 0 0 0 0 0 0 0 0 0 0 0 0 0 0 0 0 0 1 0 0 0 0 0 0 0 0 0 0 0 0 0 0 0 0 0 0 0 0 0 0 0 0 0 0 0 0]
[2338068051935982825290222458918428130444959364119707167109605195077134012442596907294406778827774012744039582410967927544399499497826333114639321350816776486223482711201519531138946186542665849105170333711837136262693 0 0 0 0 0 0 0 0 0 0 0 0 0 0 0 0 0 0 0 0 0 0 0 0 0 0 0 0 0 0 0 0 0 0 0 0 0 0 0 0 0 0 0 1 0 0 0 0 0 0 0 0 0 0 0 0 0 0 0 0 0 0 0 0 0 0 0 0 0 0 0]
[2128111129799229821125333984652547656838443616021978427010004623625416669678964592420211516887315532482224027914028058940299356420529128471966504465561817246589853155665622472016746963364717810637406346547528966053647 0 0 0 0 0 0 0 0 0 0 0 0 0 0 0 0 0 0 0 0 0 0 0 0 0 0 0 0 0 0 0 0 0 0 0 0 0 0 0 0 0 0 0 0 1 0 0 0 0 0 0 0 0 0 0 0 0 0 0 0 0 0 0 0 0 0 0 0 0 0 0]
[430269090662608454549139188684358546893297131919878036877100413755128161605108981431494647426663795322737116547330059864295957158516939746027299507403196891004257401825534605125684253557153012893660506345778628205814 0 0 0 0 0 0 0 0 0 0 0 0 0 0 0 0 0 0 0 0 0 0 0 0 0 0 0 0 0 0 0 0 0 0 0 0 0 0 0 0 0 0 0 0 0 1 0 0 0 0 0 0 0 0 0 0 0 0 0 0 0 0 0 0 0 0 0 0 0 0 0]
[2603791490663345452492900588760380991842874692483686205439402806584769061381790660853891331444311658206850809457920580341725451722324150437515458759305234621217238351942545811902167457276380255067177194630176978858942 0 0 0 0 0 0 0 0 0 0 0 0 0 0 0 0 0 0 0 0 0 0 0 0 0 0 0 0 0 0 0 0 0 0 0 0 0 0 0 0 0 0 0 0 0 0 1 0 0 0 0 0 0 0 0 0 0 0 0 0 0 0 0 0 0 0 0 0 0 0 0]
[3595256308423210852526175941353784791797888961682893927254755851393456370597157520929271970025430550001188638011485004386376250587164668441881828492579348982092102112841168612033425405697049366085416255207707905923722 0 0 0 0 0 0 0 0 0 0 0 0 0 0 0 0 0 0 0 0 0 0 0 0 0 0 0 0 0 0 0 0 0 0 0 0 0 0 0 0 0 0 0 0 0 0 0 1 0 0 0 0 0 0 0 0 0 0 0 0 0 0 0 0 0 0 0 0 0 0 0]
[3629276413447507615304348489541447491102739396221647100159486107241250305274970081523773262081471036762859205464620279182113321592005155461214276413759902084653229247321127414698124923781544608976045745662517971763012 0 0 0 0 0 0 0 0 0 0 0 0 0 0 0 0 0 0 0 0 0 0 0 0 0 0 0 0 0 0 0 0 0 0 0 0 0 0 0 0 0 0 0 0 0 0 0 0 1 0 0 0 0 0 0 0 0 0 0 0 0 0 0 0 0 0 0 0 0 0 0]
[989909949148690780873263780949024269989485311044886151352590410755397535791746101323877008577745810641256000795757180124133540648776425489937134880800833018886933451732277536493862639921570445858598810457799284741348 0 0 0 0 0 0 0 0 0 0 0 0 0 0 0 0 0 0 0 0 0 0 0 0 0 0 0 0 0 0 0 0 0 0 0 0 0 0 0 0 0 0 0 0 0 0 0 0 0 1 0 0 0 0 0 0 0 0 0 0 0 0 0 0 0 0 0 0 0 0 0]
[1213235035355273212709098101530833365398754125331647063159320123882197682355097587797366157844683069520746353030151544220072409650628412694248762238104923558813365555261627247549517471090346464761763611180392639524561 0 0 0 0 0 0 0 0 0 0 0 0 0 0 0 0 0 0 0 0 0 0 0 0 0 0 0 0 0 0 0 0 0 0 0 0 0 0 0 0 0 0 0 0 0 0 0 0 0 0 1 0 0 0 0 0 0 0 0 0 0 0 0 0 0 0 0 0 0 0 0]
[1092052150878315681701682273902462577448282910677564667251238335790199010348408437470669084553665041403900553665387141384154868718695245865176142727036777885621067240561626603139943538055020619491522349628858037532058 0 0 0 0 0 0 0 0 0 0 0 0 0 0 0 0 0 0 0 0 0 0 0 0 0 0 0 0 0 0 0 0 0 0 0 0 0 0 0 0 0 0 0 0 0 0 0 0 0 0 0 1 0 0 0 0 0 0 0 0 0 0 0 0 0 0 0 0 0 0 0]
[1712444210060838700170821305494933240516273855028362657292666444720665852304203475404014615044686310258793380797059961952380109464083074174807595773815675069346600492454219805041508199483599913897114434446634166806296 0 0 0 0 0 0 0 0 0 0 0 0 0 0 0 0 0 0 0 0 0 0 0 0 0 0 0 0 0 0 0 0 0 0 0 0 0 0 0 0 0 0 0 0 0 0 0 0 0 0 0 0 1 0 0 0 0 0 0 0 0 0 0 0 0 0 0 0 0 0 0]
[1187907785174536564464605279471616065252970598601895763235445256238558705984590378813564397668357206261501043638099196129097831602381767860172809672177383344378252353582010775529700325298418512154764816317716762896739 0 0 0 0 0 0 0 0 0 0 0 0 0 0 0 0 0 0 0 0 0 0 0 0 0 0 0 0 0 0 0 0 0 0 0 0 0 0 0 0 0 0 0 0 0 0 0 0 0 0 0 0 0 1 0 0 0 0 0 0 0 0 0 0 0 0 0 0 0 0 0]
[520857159252704790925556450936459985561705750673281680173961658514194293959492893788288319313995984207056877953435102410482077276920186891527641674663777060635198710733343989522082782943593779071207996273350278959004 0 0 0 0 0 0 0 0 0 0 0 0 0 0 0 0 0 0 0 0 0 0 0 0 0 0 0 0 0 0 0 0 0 0 0 0 0 0 0 0 0 0 0 0 0 0 0 0 0 0 0 0 0 0 1 0 0 0 0 0 0 0 0 0 0 0 0 0 0 0 0]
[52551586403660162136958919830907464783539268600730271165465880063653696836376285084909192155933909460119666417673651227754308207977339672804588408852405969193774561876084031129310833666753540622769706495595128785472 0 0 0 0 0 0 0 0 0 0 0 0 0 0 0 0 0 0 0 0 0 0 0 0 0 0 0 0 0 0 0 0 0 0 0 0 0 0 0 0 0 0 0 0 0 0 0 0 0 0 0 0 0 0 0 1 0 0 0 0 0 0 0 0 0 0 0 0 0 0 0]
[3098031591426979548639764020949820271294815940817853158903785511640339757404803717758630024665541760882362850555371101371970681419623578068267080467727209096173540291855828740545709433044807415790581512188313441279155 0 0 0 0 0 0 0 0 0 0 0 0 0 0 0 0 0 0 0 0 0 0 0 0 0 0 0 0 0 0 0 0 0 0 0 0 0 0 0 0 0 0 0 0 0 0 0 0 0 0 0 0 0 0 0 0 1 0 0 0 0 0 0 0 0 0 0 0 0 0 0]
[1646355779734323860584928922613312294359028482883448258834239978524571090646660328097519738933797736604448158696840613972246024593264167906488306368459072257421556751449694873825597678385173544529315873616969148509990 0 0 0 0 0 0 0 0 0 0 0 0 0 0 0 0 0 0 0 0 0 0 0 0 0 0 0 0 0 0 0 0 0 0 0 0 0 0 0 0 0 0 0 0 0 0 0 0 0 0 0 0 0 0 0 0 0 1 0 0 0 0 0 0 0 0 0 0 0 0 0]
[2515608760421303178996339176945708171912218185148606015786086941708493627904101047853684652962063994713473746263494013465123236144416723127600480201994520169856238395234892579815673315956547995708031903235883097781720 0 0 0 0 0 0 0 0 0 0 0 0 0 0 0 0 0 0 0 0 0 0 0 0 0 0 0 0 0 0 0 0 0 0 0 0 0 0 0 0 0 0 0 0 0 0 0 0 0 0 0 0 0 0 0 0 0 0 1 0 0 0 0 0 0 0 0 0 0 0 0]
[2506114389813526085790629016690633013142257339307218628142628316337588622406488658637513778563157540319277932647436716139269593801901098288002836187889303770332660609099927036170285093279885583456719150055096751651772 0 0 0 0 0 0 0 0 0 0 0 0 0 0 0 0 0 0 0 0 0 0 0 0 0 0 0 0 0 0 0 0 0 0 0 0 0 0 0 0 0 0 0 0 0 0 0 0 0 0 0 0 0 0 0 0 0 0 0 1 0 0 0 0 0 0 0 0 0 0 0]
[687576637613274172374174949534738845104763981427380434199798980824665627513072327662887476515580916674325055004040827802303209098796761542819606833782218778800405289766405090685044788363551669366339082710860969034093 0 0 0 0 0 0 0 0 0 0 0 0 0 0 0 0 0 0 0 0 0 0 0 0 0 0 0 0 0 0 0 0 0 0 0 0 0 0 0 0 0 0 0 0 0 0 0 0 0 0 0 0 0 0 0 0 0 0 0 0 1 0 0 0 0 0 0 0 0 0 0]
[1861497845389145418380938840955805343746296986538108198533837302035733454406864784330835505467086026147598075849215475385755274613779643449081458584060682318225042127542684969351965342332624171101954395276877197159459 0 0 0 0 0 0 0 0 0 0 0 0 0 0 0 0 0 0 0 0 0 0 0 0 0 0 0 0 0 0 0 0 0 0 0 0 0 0 0 0 0 0 0 0 0 0 0 0 0 0 0 0 0 0 0 0 0 0 0 0 0 1 0 0 0 0 0 0 0 0 0]
[26069303421685669550794733416590162967005360831916259049656141320995081775518635127545231591555911094880604499165399359025897339608628319283776289179615554161106565782901412583706661852478697198886254532231397416140 0 0 0 0 0 0 0 0 0 0 0 0 0 0 0 0 0 0 0 0 0 0 0 0 0 0 0 0 0 0 0 0 0 0 0 0 0 0 0 0 0 0 0 0 0 0 0 0 0 0 0 0 0 0 0 0 0 0 0 0 0 0 1 0 0 0 0 0 0 0 0]
[1128429753754000997993024180941402271192811818093186053064699022083875570841468937102816938118199102788879699586743688175383005398331782513203630031381194703207756484049403728723972643837151066534547399704897112120079 0 0 0 0 0 0 0 0 0 0 0 0 0 0 0 0 0 0 0 0 0 0 0 0 0 0 0 0 0 0 0 0 0 0 0 0 0 0 0 0 0 0 0 0 0 0 0 0 0 0 0 0 0 0 0 0 0 0 0 0 0 0 0 1 0 0 0 0 0 0 0]
[693038827106337492015650336711760861670676982796550794720444859574422932477532843496868366994802345264269517232775292182352513717855695405256221125273856521509482418178492075146842020460294310024033432854731097382769 0 0 0 0 0 0 0 0 0 0 0 0 0 0 0 0 0 0 0 0 0 0 0 0 0 0 0 0 0 0 0 0 0 0 0 0 0 0 0 0 0 0 0 0 0 0 0 0 0 0 0 0 0 0 0 0 0 0 0 0 0 0 0 0 1 0 0 0 0 0 0]
[2263527415468257911788856070953930635770806683148655577492696457778714547858951155448524532167213481618976217113037243684545867299126223771731536255311273444146508244606072227502651004336168692726899010992449543817346 0 0 0 0 0 0 0 0 0 0 0 0 0 0 0 0 0 0 0 0 0 0 0 0 0 0 0 0 0 0 0 0 0 0 0 0 0 0 0 0 0 0 0 0 0 0 0 0 0 0 0 0 0 0 0 0 0 0 0 0 0 0 0 0 0 1 0 0 0 0 0]
[403649903973815714969105770516429784978446284589858420955276965536639586791559120966244764505806255859142603418115573314588325172472033048780901072740634339190957802706805782169079204975526782638810489888097746813830 0 0 0 0 0 0 0 0 0 0 0 0 0 0 0 0 0 0 0 0 0 0 0 0 0 0 0 0 0 0 0 0 0 0 0 0 0 0 0 0 0 0 0 0 0 0 0 0 0 0 0 0 0 0 0 0 0 0 0 0 0 0 0 0 0 0 1 0 0 0 0]
[722369996542424963257019686883389043302616993655572944936488702494986711464537887603105232478466016282633250742844995376533754263810806304818389905230663540538955114973729355923183465552082833155364317158057268100178 0 0 0 0 0 0 0 0 0 0 0 0 0 0 0 0 0 0 0 0 0 0 0 0 0 0 0 0 0 0 0 0 0 0 0 0 0 0 0 0 0 0 0 0 0 0 0 0 0 0 0 0 0 0 0 0 0 0 0 0 0 0 0 0 0 0 0 1 0 0 0]
[1613995668465680600131128416085479023076153236276136670272240958718755011019718544122600583298716792397065674697616918196425043340063447738726068267506977420292231951616343009824207838434747290769214568055954760554748 0 0 0 0 0 0 0 0 0 0 0 0 0 0 0 0 0 0 0 0 0 0 0 0 0 0 0 0 0 0 0 0 0 0 0 0 0 0 0 0 0 0 0 0 0 0 0 0 0 0 0 0 0 0 0 0 0 0 0 0 0 0 0 0 0 0 0 0 1 0 0]
[2575222247529878839900710260273566807461876109871653565087986363382235915955101018106814718803496877461518800899821740291798164587499241271286272411067561891545419212420685263527743141222588440637960381554793562605515 0 0 0 0 0 0 0 0 0 0 0 0 0 0 0 0 0 0 0 0 0 0 0 0 0 0 0 0 0 0 0 0 0 0 0 0 0 0 0 0 0 0 0 0 0 0 0 0 0 0 0 0 0 0 0 0 0 0 0 0 0 0 0 0 0 0 0 0 0 1 0]
[2485556901918347593290970041201704463244562963782773355875768658275945489350399839650294821970636575555312530925901235887016757718605231079056120912687117188607476917946987415280984307646801552029346849357722301093071 0 0 0 0 0 0 0 0 0 0 0 0 0 0 0 0 0 0 0 0 0 0 0 0 0 0 0 0 0 0 0 0 0 0 0 0 0 0 0 0 0 0 0 0 0 0 0 0 0 0 0 0 0 0 0 0 0 0 0 0 0 0 0 0 0 0 0 0 0 0 1]
]
