[[5338433467553109397457451098946338236151404353886465107970224163939761877424429588318066403786289379598655022126874376752525208251817498428184486765951801933053965457605175779510241311075890911885712524127793649915079 0 0 0 0 0 0 0 0 0 0 0 0 0 0 0 0 0 0 0 0 0 0 0 0 0 0 0 0 0 0 0 0 0 0 0 0 0 0 0 0 0 0 0 0 0 0 0 0 0 0 0 0 0 0 0 0 0 0 0 0 0 0 0 0 0 0 0 0 0 0 0]
[2616293405579827848837185634030557833880686453144833106134819753356488250748471215187812577466367626020182346332186017410707859336711037198821656540449303247486014288074949929041708302393297712877028570406344873657180 1 0 0 0 0 0 0 0 0 0 0 0 0 0 0 0 0 0 0 0 0 0 0 0 0 0 0 0 0 0 0 0 0 0 0 0 0 0 0 0 0 0 0 0 0 0 0 0 0 0 0 0 0 0 0 0 0 0 0 0 0 0 0 0 0 0 0 0 0 0 0]
[3313954112595438059461295704173868655913791441802141682055217667494495552054101718133110478452321818407278803487197649713544970024370681893154838949115445260138088217442958688029807436319990908406963038612146342391788 0 1 0 0 0 0 0 0 0 0 0 0 0 0 0 0 0 0 0 0 0 0 0 0 0 0 0 0 0 0 0 0 0 0 0 0 0 0 0 0 0 0 0 0 0 0 0 0 0 0 0 0 0 0 0 0 0 0 0 0 0 0 0 0 0 0 0 0 0 0 0]
[2993974956087898437331121230649072394788810972141270507532376875407633532494184980490291426907892119211477362052223631207540802504579181936775005748414086727897358823281075801016231420281134500415082662472008410786415 0 0 1 0 0 0 0 0 0 0 0 0 0 0 0 0 0 0 0 0 0 0 0 0 0 0 0 0 0 0 0 0 0 0 0 0 0 0 0 0 0 0 0 0 0 0 0 0 0 0 0 0 0 0 0 0 0 0 0 0 0 0 0 0 0 0 0 0 0 0 0]
[2877078582441789939428443995455911865753459280538421213124359802350707014124611690243326710117605253463379685826173815985651592328796543957624325282675896113852653892052722955212266770930286830706385315519748522572089 0 0 0 1 0 0 0 0 0 0 0 0 0 0 0 0 0 0 0 0 0 0 0 0 0 0 0 0 0 0 0 0 0 0 0 0 0 0 0 0 0 0 0 0 0 0 0 0 0 0 0 0 0 0 0 0 0 0 0 0 0 0 0 0 0 0 0 0 0 0 0]
[2206994814127857937790965585405895157709776816375315692878169108238583275738786792265521145884433987580666973656719403412128528462974220544301455224008919022351615497665765219419459460611179661692156658913818662219847 0 0 0 0 1 0 0 0 0 0 0 0 0 0 0 0 0 0 0 0 0 0 0 0 0 0 0 0 0 0 0 0 0 0 0 0 0 0 0 0 0 0 0 0 0 0 0 0 0 0 0 0 0 0 0 0 0 0 0 0 0 0 0 0 0 0 0 0 0 0 0]
[3992213637662479248850237463111795026760645566420361261482392405930076032921064447241560911909206249674441817859948623122980323243181311783502505880931924693610092699663671357237933758498235092465001766015687451300669 0 0 0 0 0 1 0 0 0 0 0 0 0 0 0 0 0 0 0 0 0 0 0 0 0 0 0 0 0 0 0 0 0 0 0 0 0 0 0 0 0 0 0 0 0 0 0 0 0 0 0 0 0 0 0 0 0 0 0 0 0 0 0 0 0 0 0 0 0 0 0]
[5313050292240707941271747545268964235527783173118882495917034814134841237665102622339537682845873631185539029397114569641299830395551161182213713678728418828297046968721241076033442121322173099304288844885182024733407 0 0 0 0 0 0 1 0 0 0 0 0 0 0 0 0 0 0 0 0 0 0 0 0 0 0 0 0 0 0 0 0 0 0 0 0 0 0 0 0 0 0 0 0 0 0 0 0 0 0 0 0 0 0 0 0 0 0 0 0 0 0 0 0 0 0 0 0 0 0 0]
[5115634183296302634861154744466622267851183310390054632510533292557184336775876654012272556820046026280836310991060771205818645147863086395679414771831676745875691273154853468211206440893151658601108349649666858358511 0 0 0 0 0 0 0 1 0 0 0 0 0 0 0 0 0 0 0 0 0 0 0 0 0 0 0 0 0 0 0 0 0 0 0 0 0 0 0 0 0 0 0 0 0 0 0 0 0 0 0 0 0 0 0 0 0 0 0 0 0 0 0 0 0 0 0 0 0 0 0]
[407643913054784747599694231186247401209283613070800859925741507815375331007600333973699487237420950191991519502554157272997441605337037694958307323249066951276139973436325555660599376761317410056476950762384539551059 0 0 0 0 0 0 0 0 1 0 0 0 0 0 0 0 0 0 0 0 0 0 0 0 0 0 0 0 0 0 0 0 0 0 0 0 0 0 0 0 0 0 0 0 0 0 0 0 0 0 0 0 0 0 0 0 0 0 0 0 0 0 0 0 0 0 0 0 0 0 0]
[3277401474353735166266747586714785061652872936867109173717210063023725734541206712278020870204096325222648244404979835285912215872290258403930200226397101352597175046118488335793936397312557996950792938356007281005628 0 0 0 0 0 0 0 0 0 1 0 0 0 0 0 0 0 0 0 0 0 0 0 0 0 0 0 0 0 0 0 0 0 0 0 0 0 0 0 0 0 0 0 0 0 0 0 0 0 0 0 0 0 0 0 0 0 0 0 0 0 0 0 0 0 0 0 0 0 0 0]
[5088781518174274281898468356435478467319352418731560168593304288023156782844907132145162291476097463783077491423015450249675572210811049647299952046390734394598753278260931097268324166578048758036629514803402082510696 0 0 0 0 0 0 0 0 0 0 1 0 0 0 0 0 0 0 0 0 0 0 0 0 0 0 0 0 0 0 0 0 0 0 0 0 0 0 0 0 0 0 0 0 0 0 0 0 0 0 0 0 0 0 0 0 0 0 0 0 0 0 0 0 0 0 0 0 0 0 0]
[639946842488657027152074676219634521921023369383317245780225472200043253014913916132549642118853085542194095059501568517092776079748436855897597343719544800865615962200567066928949108629984219596185372368333781529419 0 0 0 0 0 0 0 0 0 0 0 1 0 0 0 0 0 0 0 0 0 0 0 0 0 0 0 0 0 0 0 0 0 0 0 0 0 0 0 0 0 0 0 0 0 0 0 0 0 0 0 0 0 0 0 0 0 0 0 0 0 0 0 0 0 0 0 0 0 0 0]
[1103726248859385177069783953834019869222238973816784065193868339310908781909060584530158849228352136891108505284761369113017336246247372865932845166960596744110026711702739891911826774830565211055530797390094771287344 0 0 0 0 0 0 0 0 0 0 0 0 1 0 0 0 0 0 0 0 0 0 0 0 0 0 0 0 0 0 0 0 0 0 0 0 0 0 0 0 0 0 0 0 0 0 0 0 0 0 0 0 0 0 0 0 0 0 0 0 0 0 0 0 0 0 0 0 0 0 0]
[4767916526601215560784644348252170936043149533737077906900991276645015255468730196580067327464625915663369334934501124519690197804568881836583328836010555777135137173567905878511462422806997342719016546100096492693785 0 0 0 0 0 0 0 0 0 0 0 0 0 1 0 0 0 0 0 0 0 0 0 0 0 0 0 0 0 0 0 0 0 0 0 0 0 0 0 0 0 0 0 0 0 0 0 0 0 0 0 0 0 0 0 0 0 0 0 0 0 0 0 0 0 0 0 0 0 0 0]
[4873620324517348113077457519637406911697314356791777395099940959073105860779163260006806744020589977676135417953114273634192921281846262353188636507445082039668303432225363857771511098596539956167575661353603155408105 0 0 0 0 0 0 0 0 0 0 0 0 0 0 1 0 0 0 0 0 0 0 0 0 0 0 0 0 0 0 0 0 0 0 0 0 0 0 0 0 0 0 0 0 0 0 0 0 0 0 0 0 0 0 0 0 0 0 0 0 0 0 0 0 0 0 0 0 0 0 0]
[3608531913378721132273416413183280670296934553102965130276240442300424565317365757797434532818958740472122487034444628073654712274908193015244632804254543732699272206865689908177195117654660789304887062379449431322344 0 0 0 0 0 0 0 0 0 0 0 0 0 0 0 1 0 0 0 0 0 0 0 0 0 0 0 0 0 0 0 0 0 0 0 0 0 0 0 0 0 0 0 0 0 0 0 0 0 0 0 0 0 0 0 0 0 0 0 0 0 0 0 0 0 0 0 0 0 0 0]
[1131109227039075734146756075591406631210131429702667175921879711363132414408662848681531233615901554659011464342934321851699897690820879527113579700289191293061225142299006342456066137356483079449973948316679922923761 0 0 0 0 0 0 0 0 0 0 0 0 0 0 0 0 1 0 0 0 0 0 0 0 0 0 0 0 0 0 0 0 0 0 0 0 0 0 0 0 0 0 0 0 0 0 0 0 0 0 0 0 0 0 0 0 0 0 0 0 0 0 0 0 0 0 0 0 0 0 0]
[4741533875144870965653975177495561723692671909778133329368200342377931946046490154618261213546537799632983573415619853758963505229630607025807938281405716113436777527376963899040287835421577042395413432919022632384022 0 0 0 0 0 0 0 0 0 0 0 0 0 0 0 0 0 1 0 0 0 0 0 0 0 0 0 0 0 0 0 0 0 0 0 0 0 0 0 0 0 0 0 0 0 0 0 0 0 0 0 0 0 0 0 0 0 0 0 0 0 0 0 0 0 0 0 0 0 0 0]
[5293497695422775402930964513764089307067371040501864963264924225214618522115707036453441024646846600434410352071556444009692787647858857960970998400851306513879523298676165453295379728317095620953839883888849682234306 0 0 0 0 0 0 0 0 0 0 0 0 0 0 0 0 0 0 1 0 0 0 0 0 0 0 0 0 0 0 0 0 0 0 0 0 0 0 0 0 0 0 0 0 0 0 0 0 0 0 0 0 0 0 0 0 0 0 0 0 0 0 0 0 0 0 0 0 0 0 0]
[3950213000196592051654402267452514839379382320167238764580551688743191262094568102121966574832336565617443752573804775226832119574033662011775511911166882973754724510613994937979681262131280171026307365794429933029542 0 0 0 0 0 0 0 0 0 0 0 0 0 0 0 0 0 0 0 1 0 0 0 0 0 0 0 0 0 0 0 0 0 0 0 0 0 0 0 0 0 0 0 0 0 0 0 0 0 0 0 0 0 0 0 0 0 0 0 0 0 0 0 0 0 0 0 0 0 0 0]
[2632939855369607936870160587325443852121956325824289919511554377151314894907864471997984476217002825331177297639662920670522254221026237230602167008338366022812342472190245689610383910831347567346607063263809441687509 0 0 0 0 0 0 0 0 0 0 0 0 0 0 0 0 0 0 0 0 1 0 0 0 0 0 0 0 0 0 0 0 0 0 0 0 0 0 0 0 0 0 0 0 0 0 0 0 0 0 0 0 0 0 0 0 0 0 0 0 0 0 0 0 0 0 0 0 0 0 0]
[2105746442197260391855151652818187918557290321832600810061543023587836724564124665131950316896950247672082109729012076379561122985395051940465998162561148126134875192351002899937478343488399855338468316394921016552990 0 0 0 0 0 0 0 0 0 0 0 0 0 0 0 0 0 0 0 0 0 1 0 0 0 0 0 0 0 0 0 0 0 0 0 0 0 0 0 0 0 0 0 0 0 0 0 0 0 0 0 0 0 0 0 0 0 0 0 0 0 0 0 0 0 0 0 0 0 0 0]
[5046235004987685723974088984796189575938713948354069255755264278899778207598196611607713621347470585226742662689961602789396411985727966759947489453981027310430027750022406599975854434377272642196034286384802926786485 0 0 0 0 0 0 0 0 0 0 0 0 0 0 0 0 0 0 0 0 0 0 1 0 0 0 0 0 0 0 0 0 0 0 0 0 0 0 0 0 0 0 0 0 0 0 0 0 0 0 0 0 0 0 0 0 0 0 0 0 0 0 0 0 0 0 0 0 0 0 0]
[3032739931380593831191124263744977150900322926603544159182396654037198692198826908701591425736262150855867965490697247495466874837018479798154537758935280728420774072316896129703153116415807394113357249169877964554322 0 0 0 0 0 0 0 0 0 0 0 0 0 0 0 0 0 0 0 0 0 0 0 1 0 0 0 0 0 0 0 0 0 0 0 0 0 0 0 0 0 0 0 0 0 0 0 0 0 0 0 0 0 0 0 0 0 0 0 0 0 0 0 0 0 0 0 0 0 0 0]
[2163378403693439334961087570324428319857620953497083715620055291920626373456888770184716138097683021550618887580830059478060278969206344998959517018674904931269431349427804555960961643324881964952825196798785974572357 0 0 0 0 0 0 0 0 0 0 0 0 0 0 0 0 0 0 0 0 0 0 0 0 1 0 0 0 0 0 0 0 0 0 0 0 0 0 0 0 0 0 0 0 0 0 0 0 0 0 0 0 0 0 0 0 0 0 0 0 0 0 0 0 0 0 0 0 0 0 0]
[2741657127334314095270838407998869968362458741952708666695661138740321048263985039884984445439579207798792311239258232589737200371515731489680555463595632093015318626172504023361775136236195267386904882292272203129454 0 0 0 0 0 0 0 0 0 0 0 0 0 0 0 0 0 0 0 0 0 0 0 0 0 1 0 0 0 0 0 0 0 0 0 0 0 0 0 0 0 0 0 0 0 0 0 0 0 0 0 0 0 0 0 0 0 0 0 0 0 0 0 0 0 0 0 0 0 0 0]
[3502230662623809890427375617255077634547494280857220555075816586957675806831093839074161371524679678342300126555604334746829389551374142332469304706679105973857726563577673636621526259786072776798104695854678501767963 0 0 0 0 0 0 0 0 0 0 0 0 0 0 0 0 0 0 0 0 0 0 0 0 0 0 1 0 0 0 0 0 0 0 0 0 0 0 0 0 0 0 0 0 0 0 0 0 0 0 0 0 0 0 0 0 0 0 0 0 0 0 0 0 0 0 0 0 0 0 0]
[3808986712639733020838001141876048894123781348226948240433583566764602644885334196255366541593208824842757073505176950013863933792120336594092759682996993756540660737009956838231296647690131968251627802510283052295508 0 0 0 0 0 0 0 0 0 0 0 0 0 0 0 0 0 0 0 0 0 0 0 0 0 0 0 1 0 0 0 0 0 0 0 0 0 0 0 0 0 0 0 0 0 0 0 0 0 0 0 0 0 0 0 0 0 0 0 0 0 0 0 0 0 0 0 0 0 0 0]
[1210205456535212381900961368244255196693113063821718028473304049192725070994873115888377782712026660635733012973343306077633566299872878751985565070530591239450684477308828330623277117499299113176675601321007940018815 0 0 0 0 0 0 0 0 0 0 0 0 0 0 0 0 0 0 0 0 0 0 0 0 0 0 0 0 1 0 0 0 0 0 0 0 0 0 0 0 0 0 0 0 0 0 0 0 0 0 0 0 0 0 0 0 0 0 0 0 0 0 0 0 0 0 0 0 0 0 0]
[3058885844379442748992806130217994763376366861547600796770621748684065456503528138135916615429013726262487275349485924911227106662023084373994823933054025153006720451413758984288130310420938450940371658154267688095701 0 0 0 0 0 0 0 0 0 0 0 0 0 0 0 0 0 0 0 0 0 0 0 0 0 0 0 0 0 1 0 0 0 0 0 0 0 0 0 0 0 0 0 0 0 0 0 0 0 0 0 0 0 0 0 0 0 0 0 0 0 0 0 0 0 0 0 0 0 0 0]
[2501880593078443609296187504948937631599174241716196053952579560442269311177664075733823103644094669542319811017976850535597882345932786991619760046472143667823580976259181614008479709317739485269864996054162772379953 0 0 0 0 0 0 0 0 0 0 0 0 0 0 0 0 0 0 0 0 0 0 0 0 0 0 0 0 0 0 1 0 0 0 0 0 0 0 0 0 0 0 0 0 0 0 0 0 0 0 0 0 0 0 0 0 0 0 0 0 0 0 0 0 0 0 0 0 0 0 0]
[1864939263359884987801009515358176333678864074263362693638869518575566447677417681320985128634452938049717922334149245135805030899059976774006674044556676095696218633521453495850040199586496459523934521746794692016477 0 0 0 0 0 0 0 0 0 0 0 0 0 0 0 0 0 0 0 0 0 0 0 0 0 0 0 0 0 0 0 1 0 0 0 0 0 0 0 0 0 0 0 0 0 0 0 0 0 0 0 0 0 0 0 0 0 0 0 0 0 0 0 0 0 0 0 0 0 0 0]
[3249358039202986303969760742098433509654605771433071787407792510456733034496103089458950434357430561874204375875517709082922467978472719540681053313329777050811705953092120684673320255271834104079286039535532637217649 0 0 0 0 0 0 0 0 0 0 0 0 0 0 0 0 0 0 0 0 0 0 0 0 0 0 0 0 0 0 0 0 1 0 0 0 0 0 0 0 0 0 0 0 0 0 0 0 0 0 0 0 0 0 0 0 0 0 0 0 0 0 0 0 0 0 0 0 0 0 0]
[397145567265155241085066932945691838509762889798823624599421585801656557230636893635872223181204076821778096961215586101443226801375184320093788257922607401853082462856206552946056408664750976380146976549923000807111 0 0 0 0 0 0 0 0 0 0 0 0 0 0 0 0 0 0 0 0 0 0 0 0 0 0 0 0 0 0 0 0 0 1 0 0 0 0 0 0 0 0 0 0 0 0 0 0 0 0 0 0 0 0 0 0 0 0 0 0 0 0 0 0 0 0 0 0 0 0 0]
[2487658487081759482853642481439640758685549446094052951828149566378150465853312394811214239484019134292296788418498841748222185859960066480869338744165853533045467522049305386057662565734130352441172145833125907303513 0 0 0 0 0 0 0 0 0 0 0 0 0 0 0 0 0 0 0 0 0 0 0 0 0 0 0 0 0 0 0 0 0 0 1 0 0 0 0 0 0 0 0 0 0 0 0 0 0 0 0 0 0 0 0 0 0 0 0 0 0 0 0 0 0 0 0 0 0 0 0]
[1582505591871095940589404871073568233812045881019822658998924385701745484920263771052570038776527861265092762041037006696790259838244224152859825268321109522282032205710672015854961699243991354537439060061816639419623 0 0 0 0 0 0 0 0 0 0 0 0 0 0 0 0 0 0 0 0 0 0 0 0 0 0 0 0 0 0 0 0 0 0 0 1 0 0 0 0 0 0 0 0 0 0 0 0 0 0 0 0 0 0 0 0 0 0 0 0 0 0 0 0 0 0 0 0 0 0 0]
[1858243643102524573417020354533915289657412490650616086409022507169727089154788224297986121707268344347464834705412774685871695446993270963212879369031151355372486772875392281368682895895865554169034743303832517553926 0 0 0 0 0 0 0 0 0 0 0 0 0 0 0 0 0 0 0 0 0 0 0 0 0 0 0 0 0 0 0 0 0 0 0 0 1 0 0 0 0 0 0 0 0 0 0 0 0 0 0 0 0 0 0 0 0 0 0 0 0 0 0 0 0 0 0 0 0 0 0]
[1438938713626459973515780707122444399487919106281083541868777444862531360967663169273071743695807619105830445637820127486511180822002460503062417904665353546382047520506191106854529038571796628179887075761516499687797 0 0 0 0 0 0 0 0 0 0 0 0 0 0 0 0 0 0 0 0 0 0 0 0 0 0 0 0 0 0 0 0 0 0 0 0 0 1 0 0 0 0 0 0 0 0 0 0 0 0 0 0 0 0 0 0 0 0 0 0 0 0 0 0 0 0 0 0 0 0 0]
[1894673680152560270080307629764808265604400439436425432225697422568575236473913520651807077215318200032532232870268922505850469304883166311322468482624596076196680312309407021575683482010306534748514215217202744276004 0 0 0 0 0 0 0 0 0 0 0 0 0 0 0 0 0 0 0 0 0 0 0 0 0 0 0 0 0 0 0 0 0 0 0 0 0 0 1 0 0 0 0 0 0 0 0 0 0 0 0 0 0 0 0 0 0 0 0 0 0 0 0 0 0 0 0 0 0 0 0]
[4043540791947612877765131943339054185461438067942203931957527090758823102819490672770186316611021312742377742290126749999493395432671947782735954314037081036716619835246640274405341416234934391311272766049039646480690 0 0 0 0 0 0 0 0 0 0 0 0 0 0 0 0 0 0 0 0 0 0 0 0 0 0 0 0 0 0 0 0 0 0 0 0 0 0 0 1 0 0 0 0 0 0 0 0 0 0 0 0 0 0 0 0 0 0 0 0 0 0 0 0 0 0 0 0 0 0 0]
[2973523178082490281971414185126592212229356873481942222533390280154993294805080314355034886485080518457977176147802901407444781243895743950691066415729817601954485521579611499886595640844352844312486575461016885787918 0 0 0 0 0 0 0 0 0 0 0 0 0 0 0 0 0 0 0 0 0 0 0 0 0 0 0 0 0 0 0 0 0 0 0 0 0 0 0 0 1 0 0 0 0 0 0 0 0 0 0 0 0 0 0 0 0 0 0 0 0 0 0 0 0 0 0 0 0 0 0]
[4365224276211827666315093346389089340241633407577721691626553063517100505923372348415238340117159383175731692459424180347054496750780671325074475710951474828080414994425209969695191230499524645630517954226544360123068 0 0 0 0 0 0 0 0 0 0 0 0 0 0 0 0 0 0 0 0 0 0 0 0 0 0 0 0 0 0 0 0 0 0 0 0 0 0 0 0 0 1 0 0 0 0 0 0 0 0 0 0 0 0 0 0 0 0 0 0 0 0 0 0 0 0 0 0 0 0 0]
[557170241455818290651446929693534434213884192720807368771772446998647915518003970830792878293063698604845919099525366081390654266095897824877097573197375613234529969440454963314579489570256766986857775050229586525855 0 0 0 0 0 0 0 0 0 0 0 0 0 0 0 0 0 0 0 0 0 0 0 0 0 0 0 0 0 0 0 0 0 0 0 0 0 0 0 0 0 0 1 0 0 0 0 0 0 0 0 0 0 0 0 0 0 0 0 0 0 0 0 0 0 0 0 0 0 0 0]
[2284879487288261397756812366589490582467883524513170148236707635277786990423170656668714568830464279065110852415866667025784865963503913464999374551569511501369027146918091086809117456795220657773156943156342151162358 0 0 0 0 0 0 0 0 0 0 0 0 0 0 0 0 0 0 0 0 0 0 0 0 0 0 0 0 0 0 0 0 0 0 0 0 0 0 0 0 0 0 0 1 0 0 0 0 0 0 0 0 0 0 0 0 0 0 0 0 0 0 0 0 0 0 0 0 0 0 0]
[2718849598132590266617547975894758110853963432570934081896317117415975021945602293353334950434644281505990654641466023494305314729905626893214053553600996451712930622070564265118998356607499883735841166488226193322056 0 0 0 0 0 0 0 0 0 0 0 0 0 0 0 0 0 0 0 0 0 0 0 0 0 0 0 0 0 0 0 0 0 0 0 0 0 0 0 0 0 0 0 0 1 0 0 0 0 0 0 0 0 0 0 0 0 0 0 0 0 0 0 0 0 0 0 0 0 0 0]
[1568367713738798132865917981587399977328943661551867880160914268657802220989274097904179402223437796603184402285643232148091642736374269483634512188948839799626294286403391597246609567779055330020490471489126480493066 0 0 0 0 0 0 0 0 0 0 0 0 0 0 0 0 0 0 0 0 0 0 0 0 0 0 0 0 0 0 0 0 0 0 0 0 0 0 0 0 0 0 0 0 0 1 0 0 0 0 0 0 0 0 0 0 0 0 0 0 0 0 0 0 0 0 0 0 0 0 0]
[21323082062577333005269235591199101010663415261577949917924783398627722480497135996665109671542835886566304062874572752802489687380193209259194320997862987863487677976864119537403281456816946993108353111749767021196 0 0 0 0 0 0 0 0 0 0 0 0 0 0 0 0 0 0 0 0 0 0 0 0 0 0 0 0 0 0 0 0 0 0 0 0 0 0 0 0 0 0 0 0 0 0 1 0 0 0 0 0 0 0 0 0 0 0 0 0 0 0 0 0 0 0 0 0 0 0 0]
[1506188690425088738692894586414476267290866856641671158108146505144430253895594635959537202821580796621617843353699565177647813276408896785827592045676812041614628686592956784508551636576164149933693206063963788511157 0 0 0 0 0 0 0 0 0 0 0 0 0 0 0 0 0 0 0 0 0 0 0 0 0 0 0 0 0 0 0 0 0 0 0 0 0 0 0 0 0 0 0 0 0 0 0 1 0 0 0 0 0 0 0 0 0 0 0 0 0 0 0 0 0 0 0 0 0 0 0]
[3135647242451417197642002298661141396308550358945937648640960942682782827999834463982621808165770279630327587319674598117309661312308731691560524888373465073680176093625098863332856552519167487386907565303453364041528 0 0 0 0 0 0 0 0 0 0 0 0 0 0 0 0 0 0 0 0 0 0 0 0 0 0 0 0 0 0 0 0 0 0 0 0 0 0 0 0 0 0 0 0 0 0 0 0 1 0 0 0 0 0 0 0 0 0 0 0 0 0 0 0 0 0 0 0 0 0 0]
[2188660578831291949022143222860095288849222154680987936063417583469989385777480859138179791294369764447906274046819720841582837429950316427839392633034976911669067685753847718372123654635416236563471146941924324871021 0 0 0 0 0 0 0 0 0 0 0 0 0 0 0 0 0 0 0 0 0 0 0 0 0 0 0 0 0 0 0 0 0 0 0 0 0 0 0 0 0 0 0 0 0 0 0 0 0 1 0 0 0 0 0 0 0 0 0 0 0 0 0 0 0 0 0 0 0 0 0]
[1064213983287424986039366544828492010944528493364920680973566641599860295252031653239277127426301814853442031204235095814945073589631756847552187540155083981872966900924717573348950707267081480609360291858100814689124 0 0 0 0 0 0 0 0 0 0 0 0 0 0 0 0 0 0 0 0 0 0 0 0 0 0 0 0 0 0 0 0 0 0 0 0 0 0 0 0 0 0 0 0 0 0 0 0 0 0 1 0 0 0 0 0 0 0 0 0 0 0 0 0 0 0 0 0 0 0 0]
[2414186810958826918230063975961687757104323096042215430802745503465949258657138843910674650098416577587937530017200785369400902940905771816467217344196142904602582614378421409075428832053694480991778228669755824065595 0 0 0 0 0 0 0 0 0 0 0 0 0 0 0 0 0 0 0 0 0 0 0 0 0 0 0 0 0 0 0 0 0 0 0 0 0 0 0 0 0 0 0 0 0 0 0 0 0 0 0 1 0 0 0 0 0 0 0 0 0 0 0 0 0 0 0 0 0 0 0]
[194875018440704298802733484522339498657819955888915714440947950607738262531514112278740841635803272373820451978609975773224088308691128994992252171800635420879092998728832285364428267752247712532931909211945464964269 0 0 0 0 0 0 0 0 0 0 0 0 0 0 0 0 0 0 0 0 0 0 0 0 0 0 0 0 0 0 0 0 0 0 0 0 0 0 0 0 0 0 0 0 0 0 0 0 0 0 0 0 1 0 0 0 0 0 0 0 0 0 0 0 0 0 0 0 0 0 0]
[821235760338365896336122978403246031842091325222920944627582927162387082710514491518965808074194734724936894960830207360925268308285251243297441617262652364999585376577502288915492129123787179649561826282026521797747 0 0 0 0 0 0 0 0 0 0 0 0 0 0 0 0 0 0 0 0 0 0 0 0 0 0 0 0 0 0 0 0 0 0 0 0 0 0 0 0 0 0 0 0 0 0 0 0 0 0 0 0 0 1 0 0 0 0 0 0 0 0 0 0 0 0 0 0 0 0 0]
[1585373822340848814707933492147265070728755743404138535504537505613549580290367133824132255502674492560542681979624989466237035508778941101525628252404556424510118598739338331087809024343923696668652065448088823312132 0 0 0 0 0 0 0 0 0 0 0 0 0 0 0 0 0 0 0 0 0 0 0 0 0 0 0 0 0 0 0 0 0 0 0 0 0 0 0 0 0 0 0 0 0 0 0 0 0 0 0 0 0 0 1 0 0 0 0 0 0 0 0 0 0 0 0 0 0 0 0]
[1366772852172760191341415255037632416234072091250011929803225369269068966771501221725425826521174359368283864653961403026663693102639440398461596647270633569671584524169953653244907437159105532481384662797488514493132 0 0 0 0 0 0 0 0 0 0 0 0 0 0 0 0 0 0 0 0 0 0 0 0 0 0 0 0 0 0 0 0 0 0 0 0 0 0 0 0 0 0 0 0 0 0 0 0 0 0 0 0 0 0 0 1 0 0 0 0 0 0 0 0 0 0 0 0 0 0 0]
[2402099889177948826356229915327556697340759089892836551125647347737187176207656865711884861473188694305214781973859701596004519115807891205222186147995682786057310557402403489716036774551441594020041262063622049772004 0 0 0 0 0 0 0 0 0 0 0 0 0 0 0 0 0 0 0 0 0 0 0 0 0 0 0 0 0 0 0 0 0 0 0 0 0 0 0 0 0 0 0 0 0 0 0 0 0 0 0 0 0 0 0 0 1 0 0 0 0 0 0 0 0 0 0 0 0 0 0]
[1381319589601712700725723472517052283238955547769330508217490518722303659347096769142387185462358712177675553856662114094234982326701260014146039854357575715580592273513790021545389871500733938937049982294199768773571 0 0 0 0 0 0 0 0 0 0 0 0 0 0 0 0 0 0 0 0 0 0 0 0 0 0 0 0 0 0 0 0 0 0 0 0 0 0 0 0 0 0 0 0 0 0 0 0 0 0 0 0 0 0 0 0 0 1 0 0 0 0 0 0 0 0 0 0 0 0 0]
[3812274725775424711882238342451138934914687258292420777648532380215552089068282069599849643763682070312579013730134900653008238810497281554959899780938762030190963975524233933475361773278357723203979814194409907101157 0 0 0 0 0 0 0 0 0 0 0 0 0 0 0 0 0 0 0 0 0 0 0 0 0 0 0 0 0 0 0 0 0 0 0 0 0 0 0 0 0 0 0 0 0 0 0 0 0 0 0 0 0 0 0 0 0 0 1 0 0 0 0 0 0 0 0 0 0 0 0]
[710018065033329660095055598256570830252463594884801683585278072888574758103472939367715731187956748125953742358991228529810589209165765657135556406859087162603818260782136115026256001069398773309337766293195160040653 0 0 0 0 0 0 0 0 0 0 0 0 0 0 0 0 0 0 0 0 0 0 0 0 0 0 0 0 0 0 0 0 0 0 0 0 0 0 0 0 0 0 0 0 0 0 0 0 0 0 0 0 0 0 0 0 0 0 0 1 0 0 0 0 0 0 0 0 0 0 0]
[4553884460285894312536115832564558368052734131683766580407660726924709476850009110536406431727131182257394857677200653262606028979771353518406179272673002611267331711270608654530241880264062276638913583848513967367110 0 0 0 0 0 0 0 0 0 0 0 0 0 0 0 0 0 0 0 0 0 0 0 0 0 0 0 0 0 0 0 0 0 0 0 0 0 0 0 0 0 0 0 0 0 0 0 0 0 0 0 0 0 0 0 0 0 0 0 0 1 0 0 0 0 0 0 0 0 0 0]
[974899266815314146774551350020470517548210113564355216379151390183495082734545447873352202985983437671745324275328481906047744930795525567902849212360190191726577907012971321477971899974848245107236695246335694514322 0 0 0 0 0 0 0 0 0 0 0 0 0 0 0 0 0 0 0 0 0 0 0 0 0 0 0 0 0 0 0 0 0 0 0 0 0 0 0 0 0 0 0 0 0 0 0 0 0 0 0 0 0 0 0 0 0 0 0 0 0 1 0 0 0 0 0 0 0 0 0]
[3258777817946206009981668776655058174119668632560403402551745494470702411427768783195534324095622681570753501152104440424992681522071969893257696224913094326804071867509967594384839788377494272549097360152439496004067 0 0 0 0 0 0 0 0 0 0 0 0 0 0 0 0 0 0 0 0 0 0 0 0 0 0 0 0 0 0 0 0 0 0 0 0 0 0 0 0 0 0 0 0 0 0 0 0 0 0 0 0 0 0 0 0 0 0 0 0 0 0 1 0 0 0 0 0 0 0 0]
[1374345580942449007469590385895066000018112335256571052463854147154245045902003227207620025791224571109783010954780035631653947528019517075823739865525887238606849121497458471054017934851230976508091253454436175596592 0 0 0 0 0 0 0 0 0 0 0 0 0 0 0 0 0 0 0 0 0 0 0 0 0 0 0 0 0 0 0 0 0 0 0 0 0 0 0 0 0 0 0 0 0 0 0 0 0 0 0 0 0 0 0 0 0 0 0 0 0 0 0 1 0 0 0 0 0 0 0]
[1710542956678596777237473493433702886360589257820397896108966129610615658284734936851920992117730940849052485977335058429389760250097064295597242991438273256048665512746422256724828373322198851793795670366223095807178 0 0 0 0 0 0 0 0 0 0 0 0 0 0 0 0 0 0 0 0 0 0 0 0 0 0 0 0 0 0 0 0 0 0 0 0 0 0 0 0 0 0 0 0 0 0 0 0 0 0 0 0 0 0 0 0 0 0 0 0 0 0 0 0 1 0 0 0 0 0 0]
[658874831035621578491079204258930159419312153011167563094745300013204187710771816001576436859868046525027267495176791399120614560278871052809612869000007860174350485087613620608504179498418760138094522057666675186834 0 0 0 0 0 0 0 0 0 0 0 0 0 0 0 0 0 0 0 0 0 0 0 0 0 0 0 0 0 0 0 0 0 0 0 0 0 0 0 0 0 0 0 0 0 0 0 0 0 0 0 0 0 0 0 0 0 0 0 0 0 0 0 0 0 1 0 0 0 0 0]
[2237733819543937038852511689305325413480516082812528933382595115345353847576598386764336919830374579343007269244731892591534394581284269489759428765500898309793287344406353093402533355086446217594464311704264483019699 0 0 0 0 0 0 0 0 0 0 0 0 0 0 0 0 0 0 0 0 0 0 0 0 0 0 0 0 0 0 0 0 0 0 0 0 0 0 0 0 0 0 0 0 0 0 0 0 0 0 0 0 0 0 0 0 0 0 0 0 0 0 0 0 0 0 1 0 0 0 0]
[3117393244928877548677852011527566015204840829816877278671722952908346044146228282930930368329857087923320064422560767197872373268005613563181418233766346104603947825282591874651027382481344915134140011452637013656423 0 0 0 0 0 0 0 0 0 0 0 0 0 0 0 0 0 0 0 0 0 0 0 0 0 0 0 0 0 0 0 0 0 0 0 0 0 0 0 0 0 0 0 0 0 0 0 0 0 0 0 0 0 0 0 0 0 0 0 0 0 0 0 0 0 0 0 1 0 0 0]
[4250709755201246228362855135571341348025170650583815850910335905196569648589729085395530690745859848903508581877419494965351233353133706322060577452806731399752771439757272342193453476227109098619127491370197652760120 0 0 0 0 0 0 0 0 0 0 0 0 0 0 0 0 0 0 0 0 0 0 0 0 0 0 0 0 0 0 0 0 0 0 0 0 0 0 0 0 0 0 0 0 0 0 0 0 0 0 0 0 0 0 0 0 0 0 0 0 0 0 0 0 0 0 0 0 1 0 0]
[1740777028018511722667005180849899389488197600230945321516794283552846020411220465717769702035917240302963689156460136890844048663504833467438826602190890852868394145258684834093773490767544666696802522777921783376644 0 0 0 0 0 0 0 0 0 0 0 0 0 0 0 0 0 0 0 0 0 0 0 0 0 0 0 0 0 0 0 0 0 0 0 0 0 0 0 0 0 0 0 0 0 0 0 0 0 0 0 0 0 0 0 0 0 0 0 0 0 0 0 0 0 0 0 0 0 1 0]
[5069997720848353983178118909121429206886859712815771800220330755011268733022303006853647210971379180579385928862394607764531262208062174178104735091463846489674973189352753057069754421863460219088434824185728075853415 0 0 0 0 0 0 0 0 0 0 0 0 0 0 0 0 0 0 0 0 0 0 0 0 0 0 0 0 0 0 0 0 0 0 0 0 0 0 0 0 0 0 0 0 0 0 0 0 0 0 0 0 0 0 0 0 0 0 0 0 0 0 0 0 0 0 0 0 0 0 1]
]
