[[2756727734618608600682103848500583189146576582605480088569067483379362855191540263218863713206285074834519386959454422196725588893170418073556385977227134177995422313747092219 0 0 0 0 0 0 0 0 0 0 0 0 0 0 0 0 0 0 0 0 0 0 0 0 0 0 0 0 0 0 0 0 0 0 0 0 0 0 0 0 0 0 0 0 0 0 0 0 0 0 0 0 0 0 0 0 0]
[1397351837066842195907587891665439509986286330456290536151519917221142451285918847037033747351379518992190944824133090737913511719357393413382842609711021291262083945301278348 1 0 0 0 0 0 0 0 0 0 0 0 0 0 0 0 0 0 0 0 0 0 0 0 0 0 0 0 0 0 0 0 0 0 0 0 0 0 0 0 0 0 0 0 0 0 0 0 0 0 0 0 0 0 0 0 0]
[1226122599845678544656420570598246126859532858000927998523632953520321903623733416791028432331112762540624674967463678305821940280068599527520907665548755333018989147643758724 0 1 0 0 0 0 0 0 0 0 0 0 0 0 0 0 0 0 0 0 0 0 0 0 0 0 0 0 0 0 0 0 0 0 0 0 0 0 0 0 0 0 0 0 0 0 0 0 0 0 0 0 0 0 0 0 0]
[1944553739093879005068440728034642957368279424137681485571366273833475957215058039827003521742899359497595836798488905171508307227935956703217365393862073065278955995164361339 0 0 1 0 0 0 0 0 0 0 0 0 0 0 0 0 0 0 0 0 0 0 0 0 0 0 0 0 0 0 0 0 0 0 0 0 0 0 0 0 0 0 0 0 0 0 0 0 0 0 0 0 0 0 0 0 0]
[2598005519994828242341732103700181218116983021500055184727900488324875686060776930144151294314689470280036688373014938954816490103742946226991190217075245140686069529900801779 0 0 0 1 0 0 0 0 0 0 0 0 0 0 0 0 0 0 0 0 0 0 0 0 0 0 0 0 0 0 0 0 0 0 0 0 0 0 0 0 0 0 0 0 0 0 0 0 0 0 0 0 0 0 0 0 0]
[1304571528739561373971654970091135593851278222312354929896019668743765119037978719539739863968393657818461721083236405579793453028379134416309360630069229497337226509448491112 0 0 0 0 1 0 0 0 0 0 0 0 0 0 0 0 0 0 0 0 0 0 0 0 0 0 0 0 0 0 0 0 0 0 0 0 0 0 0 0 0 0 0 0 0 0 0 0 0 0 0 0 0 0 0 0 0]
[1913740606120243636088272068808193998610935063096941638603110611790556202651666960232376514114762538964444293839119014073080120323791584098946315950609868938820761516870025180 0 0 0 0 0 1 0 0 0 0 0 0 0 0 0 0 0 0 0 0 0 0 0 0 0 0 0 0 0 0 0 0 0 0 0 0 0 0 0 0 0 0 0 0 0 0 0 0 0 0 0 0 0 0 0 0 0]
[503356402916244417107298192277838566018495792266275488162211734850425512237335464663706361457662787737686680462910757296702381769402123490168357413613985739958747147713240044 0 0 0 0 0 0 1 0 0 0 0 0 0 0 0 0 0 0 0 0 0 0 0 0 0 0 0 0 0 0 0 0 0 0 0 0 0 0 0 0 0 0 0 0 0 0 0 0 0 0 0 0 0 0 0 0 0]
[1159426588951850359593294883837419847591102659989004211616815138813265084702512531164327733141533764986668977226397131498193691364681900893950319781789505690007095372900986285 0 0 0 0 0 0 0 1 0 0 0 0 0 0 0 0 0 0 0 0 0 0 0 0 0 0 0 0 0 0 0 0 0 0 0 0 0 0 0 0 0 0 0 0 0 0 0 0 0 0 0 0 0 0 0 0 0]
[1774224294690103771022416132958029488484607614115311510519903751984332968671963651146117106306019349822435816120895919418370898361781880917511580459586316998538565979173358523 0 0 0 0 0 0 0 0 1 0 0 0 0 0 0 0 0 0 0 0 0 0 0 0 0 0 0 0 0 0 0 0 0 0 0 0 0 0 0 0 0 0 0 0 0 0 0 0 0 0 0 0 0 0 0 0 0]
[1224218274584976215500739673179673498675006124916042020404765232540521399987802727456904868004037160879667379546373621576287678837010459553905025009419479383372705647751973258 0 0 0 0 0 0 0 0 0 1 0 0 0 0 0 0 0 0 0 0 0 0 0 0 0 0 0 0 0 0 0 0 0 0 0 0 0 0 0 0 0 0 0 0 0 0 0 0 0 0 0 0 0 0 0 0 0]
[659244970966436325539713028861183470567330285264153192439757977616663297612416217116624631013808061880525607956602561466086608128060144107369241636472602064936563302988129083 0 0 0 0 0 0 0 0 0 0 1 0 0 0 0 0 0 0 0 0 0 0 0 0 0 0 0 0 0 0 0 0 0 0 0 0 0 0 0 0 0 0 0 0 0 0 0 0 0 0 0 0 0 0 0 0 0]
[1904643103623249754738136023033239799687999524634451075845222584392908649200193143710237998901257363605388792618098104117524783939024368198297276319785424707731652992856551264 0 0 0 0 0 0 0 0 0 0 0 1 0 0 0 0 0 0 0 0 0 0 0 0 0 0 0 0 0 0 0 0 0 0 0 0 0 0 0 0 0 0 0 0 0 0 0 0 0 0 0 0 0 0 0 0 0]
[423324962095607704548756129396539038747713023894492150296342846065594628124001157244881954483225502327868286426671725510412632881460468237643294169919646387929197548445938924 0 0 0 0 0 0 0 0 0 0 0 0 1 0 0 0 0 0 0 0 0 0 0 0 0 0 0 0 0 0 0 0 0 0 0 0 0 0 0 0 0 0 0 0 0 0 0 0 0 0 0 0 0 0 0 0 0]
[829111414880935437334880478376924676435107154309426329417514691075416541118439895200616196043935821455749727985068734989946267718698772152578485170868179947754570594025202017 0 0 0 0 0 0 0 0 0 0 0 0 0 1 0 0 0 0 0 0 0 0 0 0 0 0 0 0 0 0 0 0 0 0 0 0 0 0 0 0 0 0 0 0 0 0 0 0 0 0 0 0 0 0 0 0 0]
[664300128137114215262319132949227081389694155188619655775545293165114451829239770485124478948652827694865189357851111970276472385789155359359113401782764658592194116019371215 0 0 0 0 0 0 0 0 0 0 0 0 0 0 1 0 0 0 0 0 0 0 0 0 0 0 0 0 0 0 0 0 0 0 0 0 0 0 0 0 0 0 0 0 0 0 0 0 0 0 0 0 0 0 0 0 0]
[1997372903544447680500146901954542464597471951358057402930653001255873352081648164851032056393695443199366871385260595638075348329499433578755297467196074448434358554487594406 0 0 0 0 0 0 0 0 0 0 0 0 0 0 0 1 0 0 0 0 0 0 0 0 0 0 0 0 0 0 0 0 0 0 0 0 0 0 0 0 0 0 0 0 0 0 0 0 0 0 0 0 0 0 0 0 0]
[2707116517093456129793972771343974914464567624246707684448882604274829331787169333564125837306485240455879190202693899139645060690079218038642323842687067715147689842356688715 0 0 0 0 0 0 0 0 0 0 0 0 0 0 0 0 1 0 0 0 0 0 0 0 0 0 0 0 0 0 0 0 0 0 0 0 0 0 0 0 0 0 0 0 0 0 0 0 0 0 0 0 0 0 0 0 0]
[813362172175028086441090676966317785642466592776997170738966688878122330661571214793183234111442634641211195711500784605132008737023953876658385853967141663718512309533660286 0 0 0 0 0 0 0 0 0 0 0 0 0 0 0 0 0 1 0 0 0 0 0 0 0 0 0 0 0 0 0 0 0 0 0 0 0 0 0 0 0 0 0 0 0 0 0 0 0 0 0 0 0 0 0 0 0]
[1513033791526658462745000770835295908929771989409600112087987942360600623951638335763680348602873353481725514196700799159573910365803633962394197824400344730439860159478930621 0 0 0 0 0 0 0 0 0 0 0 0 0 0 0 0 0 0 1 0 0 0 0 0 0 0 0 0 0 0 0 0 0 0 0 0 0 0 0 0 0 0 0 0 0 0 0 0 0 0 0 0 0 0 0 0 0]
[2482771393002759028425110377826288741900937598801651752963180957617686626535766228237424042174465566008840181798985718995644280062726401352108893714023234944558857715618815969 0 0 0 0 0 0 0 0 0 0 0 0 0 0 0 0 0 0 0 1 0 0 0 0 0 0 0 0 0 0 0 0 0 0 0 0 0 0 0 0 0 0 0 0 0 0 0 0 0 0 0 0 0 0 0 0 0]
[1363976182114792899808509717205542057458232053565749186101510810768783955174304137541471135955343695284237854321859008833901209391631393151927935787776584025914320620585303431 0 0 0 0 0 0 0 0 0 0 0 0 0 0 0 0 0 0 0 0 1 0 0 0 0 0 0 0 0 0 0 0 0 0 0 0 0 0 0 0 0 0 0 0 0 0 0 0 0 0 0 0 0 0 0 0 0]
[889086295938360573178720589525900239889936654563556644451659299444274300775024100283161338241752827646974267974914501583038641375869453530013554490843845084480426969566324627 0 0 0 0 0 0 0 0 0 0 0 0 0 0 0 0 0 0 0 0 0 1 0 0 0 0 0 0 0 0 0 0 0 0 0 0 0 0 0 0 0 0 0 0 0 0 0 0 0 0 0 0 0 0 0 0 0]
[1916639794859587752583720362837162516469896473423157218511243243181681801869454563435003502949353158849410409487935820840740540764690900416479100390827896319261693132842493747 0 0 0 0 0 0 0 0 0 0 0 0 0 0 0 0 0 0 0 0 0 0 1 0 0 0 0 0 0 0 0 0 0 0 0 0 0 0 0 0 0 0 0 0 0 0 0 0 0 0 0 0 0 0 0 0 0]
[2415489624462511231736183417315884556862540196204116166342099390487535793551393178866525641660320540810250267541528864437018083558125623983903602767922691031677655577588631255 0 0 0 0 0 0 0 0 0 0 0 0 0 0 0 0 0 0 0 0 0 0 0 1 0 0 0 0 0 0 0 0 0 0 0 0 0 0 0 0 0 0 0 0 0 0 0 0 0 0 0 0 0 0 0 0 0]
[979162428060248497731384774382660470282726555401318744239319625351080483915419948060250484589140551145424045954377292663375283119625727035774044589232361848343278531495932763 0 0 0 0 0 0 0 0 0 0 0 0 0 0 0 0 0 0 0 0 0 0 0 0 1 0 0 0 0 0 0 0 0 0 0 0 0 0 0 0 0 0 0 0 0 0 0 0 0 0 0 0 0 0 0 0 0]
[201704382078005002263951719538283922155478963833554073022598307392575479621522518826334251387025006792787077492406546048667399855787610319403430616633992807928353520042073984 0 0 0 0 0 0 0 0 0 0 0 0 0 0 0 0 0 0 0 0 0 0 0 0 0 1 0 0 0 0 0 0 0 0 0 0 0 0 0 0 0 0 0 0 0 0 0 0 0 0 0 0 0 0 0 0 0]
[1961797190935553864283881913484126049315709759154445129323999750728853402102203388389485038684424504785526706822862322269829179309021405121484350028773314728943706817729385366 0 0 0 0 0 0 0 0 0 0 0 0 0 0 0 0 0 0 0 0 0 0 0 0 0 0 1 0 0 0 0 0 0 0 0 0 0 0 0 0 0 0 0 0 0 0 0 0 0 0 0 0 0 0 0 0 0]
[1951412878143899962328046474454388684019177956034939235725711133918117648163768964301082407758668844123752599612312631057433853212248311395151033921092391158571116454852382451 0 0 0 0 0 0 0 0 0 0 0 0 0 0 0 0 0 0 0 0 0 0 0 0 0 0 0 1 0 0 0 0 0 0 0 0 0 0 0 0 0 0 0 0 0 0 0 0 0 0 0 0 0 0 0 0 0]
[410773543022773556673753107505593089206278254970053128282059598364449937102453605453839575532672425146134769814601749265606460033154510161110577959863709080381444618272132502 0 0 0 0 0 0 0 0 0 0 0 0 0 0 0 0 0 0 0 0 0 0 0 0 0 0 0 0 1 0 0 0 0 0 0 0 0 0 0 0 0 0 0 0 0 0 0 0 0 0 0 0 0 0 0 0 0]
[18580588315963857975659623428716167034521875131765480102488407993472320434488386421978314861114246847887299924851578377385430216922971383902389992439650916964566610212158396 0 0 0 0 0 0 0 0 0 0 0 0 0 0 0 0 0 0 0 0 0 0 0 0 0 0 0 0 0 1 0 0 0 0 0 0 0 0 0 0 0 0 0 0 0 0 0 0 0 0 0 0 0 0 0 0 0]
[958333014845184124393856697021797602166902978896903055821990014290382505139663362183618133059919975005398739827062996295207492672276286595278726202890930302047799092222915207 0 0 0 0 0 0 0 0 0 0 0 0 0 0 0 0 0 0 0 0 0 0 0 0 0 0 0 0 0 0 1 0 0 0 0 0 0 0 0 0 0 0 0 0 0 0 0 0 0 0 0 0 0 0 0 0 0]
[2228156864514642912069317794690903465563177998171396002968971103583904978230319127625255159339974498898188506045370471466119137663187298816827227680109437101764690807789136875 0 0 0 0 0 0 0 0 0 0 0 0 0 0 0 0 0 0 0 0 0 0 0 0 0 0 0 0 0 0 0 1 0 0 0 0 0 0 0 0 0 0 0 0 0 0 0 0 0 0 0 0 0 0 0 0 0]
[1902936902474871691172921250021485359036243788848335052087142506095109696955037805029932092894925860048040773212351984074332448012660077961869565052849561550065247471217838238 0 0 0 0 0 0 0 0 0 0 0 0 0 0 0 0 0 0 0 0 0 0 0 0 0 0 0 0 0 0 0 0 1 0 0 0 0 0 0 0 0 0 0 0 0 0 0 0 0 0 0 0 0 0 0 0 0]
[301295751147446574360560859916039759699000569242487652852873459665927349036434491530528047945623357748024166264986059760271034832118421544763825195745929546431667559667111783 0 0 0 0 0 0 0 0 0 0 0 0 0 0 0 0 0 0 0 0 0 0 0 0 0 0 0 0 0 0 0 0 0 1 0 0 0 0 0 0 0 0 0 0 0 0 0 0 0 0 0 0 0 0 0 0 0]
[1436057519258685446414905838670714711515659247530651019165569652299250350046071073874144005815431617192371820191149673724742989031513550341959078827912242702593043637663934757 0 0 0 0 0 0 0 0 0 0 0 0 0 0 0 0 0 0 0 0 0 0 0 0 0 0 0 0 0 0 0 0 0 0 1 0 0 0 0 0 0 0 0 0 0 0 0 0 0 0 0 0 0 0 0 0 0]
[905510802057150196271576836274824475260748914665475417986615594141280220781742983800973219570966112500010593011709007559622084406259054884150831084304324601307851864469995159 0 0 0 0 0 0 0 0 0 0 0 0 0 0 0 0 0 0 0 0 0 0 0 0 0 0 0 0 0 0 0 0 0 0 0 1 0 0 0 0 0 0 0 0 0 0 0 0 0 0 0 0 0 0 0 0 0]
[750462393888382804303114312504134473024329154816578262113542423718067883188326681395434868836933657957003771896286970728447225099059122343965013395620227926611496030229190833 0 0 0 0 0 0 0 0 0 0 0 0 0 0 0 0 0 0 0 0 0 0 0 0 0 0 0 0 0 0 0 0 0 0 0 0 1 0 0 0 0 0 0 0 0 0 0 0 0 0 0 0 0 0 0 0 0]
[1016349326624594582475739411510407942972167323681418615312640954052711483607689676182807297468597751899915227090227212343371560093090232275365099657501392929015278158142884731 0 0 0 0 0 0 0 0 0 0 0 0 0 0 0 0 0 0 0 0 0 0 0 0 0 0 0 0 0 0 0 0 0 0 0 0 0 1 0 0 0 0 0 0 0 0 0 0 0 0 0 0 0 0 0 0 0]
[1222287941448062622603541393468246085579035943861470800927670081713032205704934351117316626789083536297233983666541475672858475902611620220277097567765662351221412136167225360 0 0 0 0 0 0 0 0 0 0 0 0 0 0 0 0 0 0 0 0 0 0 0 0 0 0 0 0 0 0 0 0 0 0 0 0 0 0 1 0 0 0 0 0 0 0 0 0 0 0 0 0 0 0 0 0 0]
[821457246927550895671742324182712955027841672619713338106638112409058809297769595744279309942903288344454928720187329525534413012627849554635619285713502932710432335323927372 0 0 0 0 0 0 0 0 0 0 0 0 0 0 0 0 0 0 0 0 0 0 0 0 0 0 0 0 0 0 0 0 0 0 0 0 0 0 0 1 0 0 0 0 0 0 0 0 0 0 0 0 0 0 0 0 0]
[1138307316157959298499119576425941702643389176285308813234156042470007526116256730194201101565629733420017891584682644293027398971351826322337485429019932536714804432947741186 0 0 0 0 0 0 0 0 0 0 0 0 0 0 0 0 0 0 0 0 0 0 0 0 0 0 0 0 0 0 0 0 0 0 0 0 0 0 0 0 1 0 0 0 0 0 0 0 0 0 0 0 0 0 0 0 0]
[1841386473009692898871231925453479955723014370204372050004550337647933540347929827831331890425950556916144107511084076977957927297936757409585904437313028892991923113478534009 0 0 0 0 0 0 0 0 0 0 0 0 0 0 0 0 0 0 0 0 0 0 0 0 0 0 0 0 0 0 0 0 0 0 0 0 0 0 0 0 0 1 0 0 0 0 0 0 0 0 0 0 0 0 0 0 0]
[1379393831751056739351767423298659194789303848488549810159340286978160061662062743783696389501878492651378258461840493085351807254704485802410683378493276216330899127963741538 0 0 0 0 0 0 0 0 0 0 0 0 0 0 0 0 0 0 0 0 0 0 0 0 0 0 0 0 0 0 0 0 0 0 0 0 0 0 0 0 0 0 1 0 0 0 0 0 0 0 0 0 0 0 0 0 0]
[2055976416557788892188075066451160020961780954423052410787335100856293643722061083639574852670602613180752671827966798040284832794411080578418825429285995005406942418317053642 0 0 0 0 0 0 0 0 0 0 0 0 0 0 0 0 0 0 0 0 0 0 0 0 0 0 0 0 0 0 0 0 0 0 0 0 0 0 0 0 0 0 0 1 0 0 0 0 0 0 0 0 0 0 0 0 0]
[1404059224103650618151800214735097944059785228081655396688204825307562984864704979633165537791460748138543656811384040832718542044746685423955326600006436033617359999409310987 0 0 0 0 0 0 0 0 0 0 0 0 0 0 0 0 0 0 0 0 0 0 0 0 0 0 0 0 0 0 0 0 0 0 0 0 0 0 0 0 0 0 0 0 1 0 0 0 0 0 0 0 0 0 0 0 0]
[1513578090741798711778511653964945658672206330096549607289686647945385914274413859695449706993355329221614921324171328660075644541479096248441818504811591314720256838491025056 0 0 0 0 0 0 0 0 0 0 0 0 0 0 0 0 0 0 0 0 0 0 0 0 0 0 0 0 0 0 0 0 0 0 0 0 0 0 0 0 0 0 0 0 0 1 0 0 0 0 0 0 0 0 0 0 0]
[2176059289497727365976184520580989466200907874485757726142813597319084182511575856744673632204134182169157588588376306314617061729635137751281150688929665699576581396133910652 0 0 0 0 0 0 0 0 0 0 0 0 0 0 0 0 0 0 0 0 0 0 0 0 0 0 0 0 0 0 0 0 0 0 0 0 0 0 0 0 0 0 0 0 0 0 1 0 0 0 0 0 0 0 0 0 0]
[347671703034570962018828936261189185290355231443916303228407721451247361609183584137038203904625975258748290205891698536737828973228623205486949944576788481143001833138291324 0 0 0 0 0 0 0 0 0 0 0 0 0 0 0 0 0 0 0 0 0 0 0 0 0 0 0 0 0 0 0 0 0 0 0 0 0 0 0 0 0 0 0 0 0 0 0 1 0 0 0 0 0 0 0 0 0]
[708713031881184819100016514262995887176672666630664243256184441381851306266435102152396956949559298094980309917276709691449244175497625010101211579157729692442387715195412556 0 0 0 0 0 0 0 0 0 0 0 0 0 0 0 0 0 0 0 0 0 0 0 0 0 0 0 0 0 0 0 0 0 0 0 0 0 0 0 0 0 0 0 0 0 0 0 0 1 0 0 0 0 0 0 0 0]
[844610858292562277047256909747396646563898826737029367377989811927344200842434192550422115121874238158862518095323359800435219447153588005366484772250820850788901409182981370 0 0 0 0 0 0 0 0 0 0 0 0 0 0 0 0 0 0 0 0 0 0 0 0 0 0 0 0 0 0 0 0 0 0 0 0 0 0 0 0 0 0 0 0 0 0 0 0 0 1 0 0 0 0 0 0 0]
[1541927098945671610007381836311423193825999907591968221955941568455671288720451618071904873919099203372735789602236983946241323960896244731703789716256172318521035342888708020 0 0 0 0 0 0 0 0 0 0 0 0 0 0 0 0 0 0 0 0 0 0 0 0 0 0 0 0 0 0 0 0 0 0 0 0 0 0 0 0 0 0 0 0 0 0 0 0 0 0 1 0 0 0 0 0 0]
[940082832491680651131208575608585917627957070875401749777709020037253297716061581392798138183653847224638501899176411184280712004970191000473775639836134520229090520527194346 0 0 0 0 0 0 0 0 0 0 0 0 0 0 0 0 0 0 0 0 0 0 0 0 0 0 0 0 0 0 0 0 0 0 0 0 0 0 0 0 0 0 0 0 0 0 0 0 0 0 0 1 0 0 0 0 0]
[782813461788361863086144657974502127424110865220825702757690431108129058598620058747123827160586663544861221219414996567390388037836504391088046735362027153532486530130120227 0 0 0 0 0 0 0 0 0 0 0 0 0 0 0 0 0 0 0 0 0 0 0 0 0 0 0 0 0 0 0 0 0 0 0 0 0 0 0 0 0 0 0 0 0 0 0 0 0 0 0 0 1 0 0 0 0]
[1861471575770958784908461158593792561511209256827572744953825040724006086088268647833668950672032893306751201889821177200983072372699697135358836139769823269358538737730326778 0 0 0 0 0 0 0 0 0 0 0 0 0 0 0 0 0 0 0 0 0 0 0 0 0 0 0 0 0 0 0 0 0 0 0 0 0 0 0 0 0 0 0 0 0 0 0 0 0 0 0 0 0 1 0 0 0]
[1252714281715593558810173840408714373169239975762196622841628254092747194732142135713938584322416144011851768174529891948044019650226604165755689698153065976867014390934620488 0 0 0 0 0 0 0 0 0 0 0 0 0 0 0 0 0 0 0 0 0 0 0 0 0 0 0 0 0 0 0 0 0 0 0 0 0 0 0 0 0 0 0 0 0 0 0 0 0 0 0 0 0 0 1 0 0]
[1792411614067865145250149859353784791059747937277376974734937951176751418135226394775872490927805500400389560529536614833838263744862152502794442104429091250017782307248532136 0 0 0 0 0 0 0 0 0 0 0 0 0 0 0 0 0 0 0 0 0 0 0 0 0 0 0 0 0 0 0 0 0 0 0 0 0 0 0 0 0 0 0 0 0 0 0 0 0 0 0 0 0 0 0 1 0]
[892110405277945971462434911608706716130463131470296671020805731759843107608772865830154587180182262068737860893550905452653313315355398027096880348506502384166584689576718682 0 0 0 0 0 0 0 0 0 0 0 0 0 0 0 0 0 0 0 0 0 0 0 0 0 0 0 0 0 0 0 0 0 0 0 0 0 0 0 0 0 0 0 0 0 0 0 0 0 0 0 0 0 0 0 0 1]
]
