[[2185494193969797744395341445890428297595380453441249656884984652296120210515665367098909010850611489377841912949 0 0 0 0 0 0 0 0 0 0 0 0 0 0 0 0 0 0 0 0 0 0 0 0 0 0 0 0 0 0 0 0 0 0 0 0]
[394025536048783506005749509086359128954148482753470202860175745482710336095345659312471343657233443552213233970 1 0 0 0 0 0 0 0 0 0 0 0 0 0 0 0 0 0 0 0 0 0 0 0 0 0 0 0 0 0 0 0 0 0 0 0]
[966854788685503190223725972178689403224057056870038539890823089202919539061771264915445794066537362652989759807 0 1 0 0 0 0 0 0 0 0 0 0 0 0 0 0 0 0 0 0 0 0 0 0 0 0 0 0 0 0 0 0 0 0 0 0]
[1598154378731971886721100971052066478513155475038615114489386946927366313243377862878926288830448488906756726237 0 0 1 0 0 0 0 0 0 0 0 0 0 0 0 0 0 0 0 0 0 0 0 0 0 0 0 0 0 0 0 0 0 0 0 0]
[659954764340396811069308478463200861967352597319012379522703958666287489864828717370325694557116517166254703974 0 0 0 1 0 0 0 0 0 0 0 0 0 0 0 0 0 0 0 0 0 0 0 0 0 0 0 0 0 0 0 0 0 0 0 0]
[137790237761830436951458481404164975854405581045231529408308942748214716474774412698933728017880587497031339065 0 0 0 0 1 0 0 0 0 0 0 0 0 0 0 0 0 0 0 0 0 0 0 0 0 0 0 0 0 0 0 0 0 0 0 0]
[276167062539056043898410869077438734921392825690888306562289236365534637704796649387079732843226341966066588604 0 0 0 0 0 1 0 0 0 0 0 0 0 0 0 0 0 0 0 0 0 0 0 0 0 0 0 0 0 0 0 0 0 0 0 0]
[1169489394477505069883582901237834455703112106099747024817475018554959379400873248869111457117411415044194720474 0 0 0 0 0 0 1 0 0 0 0 0 0 0 0 0 0 0 0 0 0 0 0 0 0 0 0 0 0 0 0 0 0 0 0 0]
[343509125989636371487575711527493195262581987622964799482785442025947194737006843595145065135930955699354368683 0 0 0 0 0 0 0 1 0 0 0 0 0 0 0 0 0 0 0 0 0 0 0 0 0 0 0 0 0 0 0 0 0 0 0 0]
[982243770426947691580456942459975102492952520104656513411751164254704235148193576482911691409061939766912436781 0 0 0 0 0 0 0 0 1 0 0 0 0 0 0 0 0 0 0 0 0 0 0 0 0 0 0 0 0 0 0 0 0 0 0 0]
[900420917308055988445771619846087265944622549747773178630442160656999176160540957490077241746749487864594750568 0 0 0 0 0 0 0 0 0 1 0 0 0 0 0 0 0 0 0 0 0 0 0 0 0 0 0 0 0 0 0 0 0 0 0 0]
[476381738910489231825502415033962411307869909466097821022099995924188788126957597668247384638351605054281165104 0 0 0 0 0 0 0 0 0 0 1 0 0 0 0 0 0 0 0 0 0 0 0 0 0 0 0 0 0 0 0 0 0 0 0 0]
[1773923148037721978566658357114928273542113594078984533693656232669296546795394730029488376082615239353998177310 0 0 0 0 0 0 0 0 0 0 0 1 0 0 0 0 0 0 0 0 0 0 0 0 0 0 0 0 0 0 0 0 0 0 0 0]
[1621711805515650877105109827303407602940433036969729728712123148571789984601214228708769492496105112997291205153 0 0 0 0 0 0 0 0 0 0 0 0 1 0 0 0 0 0 0 0 0 0 0 0 0 0 0 0 0 0 0 0 0 0 0 0]
[1022891045009674009374165833425929197213001448828236966621601694028752798638712188039226224357937547959470642443 0 0 0 0 0 0 0 0 0 0 0 0 0 1 0 0 0 0 0 0 0 0 0 0 0 0 0 0 0 0 0 0 0 0 0 0]
[206103979115509422602015352234879692684637442372242982818580983252810894061960784727515288530042625895595549248 0 0 0 0 0 0 0 0 0 0 0 0 0 0 1 0 0 0 0 0 0 0 0 0 0 0 0 0 0 0 0 0 0 0 0 0]
[214040632106465211267199539026234000080093792244190951335953191587957648203650479764782748762669425302721844914 0 0 0 0 0 0 0 0 0 0 0 0 0 0 0 1 0 0 0 0 0 0 0 0 0 0 0 0 0 0 0 0 0 0 0 0]
[2070179606666200502736888009496014818005853381456781723791979880052848789383431205359677483330824998805980581804 0 0 0 0 0 0 0 0 0 0 0 0 0 0 0 0 1 0 0 0 0 0 0 0 0 0 0 0 0 0 0 0 0 0 0 0]
[284387551870983339924811212878738800505571415620559927601570827961845426957692347686856288340734667086731662724 0 0 0 0 0 0 0 0 0 0 0 0 0 0 0 0 0 1 0 0 0 0 0 0 0 0 0 0 0 0 0 0 0 0 0 0]
[737269291375905477163124736023196815559806633243423956067932907007354342093479313732507929307187962021599943754 0 0 0 0 0 0 0 0 0 0 0 0 0 0 0 0 0 0 1 0 0 0 0 0 0 0 0 0 0 0 0 0 0 0 0 0]
[1267780860261694003762046296213137509831590853330062109200928678826552431660755958374668712938804928790311439307 0 0 0 0 0 0 0 0 0 0 0 0 0 0 0 0 0 0 0 1 0 0 0 0 0 0 0 0 0 0 0 0 0 0 0 0]
[2102378975008736161503708326396986566939038892436773923100695665098747050981102191266892356990970281694308627137 0 0 0 0 0 0 0 0 0 0 0 0 0 0 0 0 0 0 0 0 1 0 0 0 0 0 0 0 0 0 0 0 0 0 0 0]
[1924443651024663606405385654530856296909085724187976800810470896643396031820206969895398647146841954481927168512 0 0 0 0 0 0 0 0 0 0 0 0 0 0 0 0 0 0 0 0 0 1 0 0 0 0 0 0 0 0 0 0 0 0 0 0]
[1554317580581711676899645779834663472021513045960856670044421465294376138454709900090813918014941584724442401539 0 0 0 0 0 0 0 0 0 0 0 0 0 0 0 0 0 0 0 0 0 0 1 0 0 0 0 0 0 0 0 0 0 0 0 0]
[1714445657823086221527792894350031875947592650403499556362130611428129040992460371247167466527429785966276651141 0 0 0 0 0 0 0 0 0 0 0 0 0 0 0 0 0 0 0 0 0 0 0 1 0 0 0 0 0 0 0 0 0 0 0 0]
[1574490233340127102156156234084515198794934711654928878110435121726789982715021779925850511124316976442005101032 0 0 0 0 0 0 0 0 0 0 0 0 0 0 0 0 0 0 0 0 0 0 0 0 1 0 0 0 0 0 0 0 0 0 0 0]
[629961306082209984525225502885537699186632274434650690431853173714460043525129240691335751226406693101090582735 0 0 0 0 0 0 0 0 0 0 0 0 0 0 0 0 0 0 0 0 0 0 0 0 0 1 0 0 0 0 0 0 0 0 0 0]
[1752066595482600944682772753687051946115383956785570759644709412990334928068786031054582099978134471033951340998 0 0 0 0 0 0 0 0 0 0 0 0 0 0 0 0 0 0 0 0 0 0 0 0 0 0 1 0 0 0 0 0 0 0 0 0]
[133114184316887977250972820515399433594141872158031371749905267633200886999435656456312658507307136924253946790 0 0 0 0 0 0 0 0 0 0 0 0 0 0 0 0 0 0 0 0 0 0 0 0 0 0 0 1 0 0 0 0 0 0 0 0]
[1685663793578583416506104368670664594654396805203775048461971198108378458067755244850476526637548195409880429162 0 0 0 0 0 0 0 0 0 0 0 0 0 0 0 0 0 0 0 0 0 0 0 0 0 0 0 0 1 0 0 0 0 0 0 0]
[1173287800280896395917373491552620596936566297485634959735762255329822830868887795003147252912470664687414237307 0 0 0 0 0 0 0 0 0 0 0 0 0 0 0 0 0 0 0 0 0 0 0 0 0 0 0 0 0 1 0 0 0 0 0 0]
[1151492247541328149117834667487522762469958141210556190847398212055089960597894935689289802132597758773224346284 0 0 0 0 0 0 0 0 0 0 0 0 0 0 0 0 0 0 0 0 0 0 0 0 0 0 0 0 0 0 1 0 0 0 0 0]
[445636197920731016765959622548322640659888135717679322251616511113437977616920039518721092168095800107363815080 0 0 0 0 0 0 0 0 0 0 0 0 0 0 0 0 0 0 0 0 0 0 0 0 0 0 0 0 0 0 0 1 0 0 0 0]
[5393267310971352841973302631143524063885962897707668075335716309743346850508866530737159238063997056192543197 0 0 0 0 0 0 0 0 0 0 0 0 0 0 0 0 0 0 0 0 0 0 0 0 0 0 0 0 0 0 0 0 1 0 0 0]
[509941396890573248600158783228235160576178040837397929553491321581603172811363381813360861190471046551146492194 0 0 0 0 0 0 0 0 0 0 0 0 0 0 0 0 0 0 0 0 0 0 0 0 0 0 0 0 0 0 0 0 0 1 0 0]
[879870421898815105714872800966851752792342948058569291358705646879638374733858270494825892963896239531432800548 0 0 0 0 0 0 0 0 0 0 0 0 0 0 0 0 0 0 0 0 0 0 0 0 0 0 0 0 0 0 0 0 0 0 1 0]
[1906250164136719026966188521890558040365528358407564708258957590942407655618714165177275171049468640763770507876 0 0 0 0 0 0 0 0 0 0 0 0 0 0 0 0 0 0 0 0 0 0 0 0 0 0 0 0 0 0 0 0 0 0 0 1]
]
