[[1585281570980109585556746820213356528453425297983292896328776154239170329305860574572085714467657384454366521833 0 0 0 0 0 0 0 0 0 0 0 0 0 0 0 0 0 0 0 0 0 0 0 0 0 0 0 0 0 0 0 0 0 0 0 0]
[209880582774045225992692282671429530201673093882987516964128981508709818834234196893187197271230635348523627980 1 0 0 0 0 0 0 0 0 0 0 0 0 0 0 0 0 0 0 0 0 0 0 0 0 0 0 0 0 0 0 0 0 0 0 0]
[1069127716525062507940242446793291245943476708531431245654758217353150386149823585190976029473978905153666883833 0 1 0 0 0 0 0 0 0 0 0 0 0 0 0 0 0 0 0 0 0 0 0 0 0 0 0 0 0 0 0 0 0 0 0 0]
[1044180313344934678201839668293230041223805304994759884121328980655318607509326648879180140815019538936588263259 0 0 1 0 0 0 0 0 0 0 0 0 0 0 0 0 0 0 0 0 0 0 0 0 0 0 0 0 0 0 0 0 0 0 0 0]
[895366214960746411204844622769620602565027712389253523912720357213844329931216326549798268541182410581378759504 0 0 0 1 0 0 0 0 0 0 0 0 0 0 0 0 0 0 0 0 0 0 0 0 0 0 0 0 0 0 0 0 0 0 0 0]
[1336955359151087209538967141144176815309099690014017346054303948763549878947277089880792215192363164027341920313 0 0 0 0 1 0 0 0 0 0 0 0 0 0 0 0 0 0 0 0 0 0 0 0 0 0 0 0 0 0 0 0 0 0 0 0]
[1266224613235451626845785987444685806893094313351370306527786440474855737030967664422750627740693170955819075333 0 0 0 0 0 1 0 0 0 0 0 0 0 0 0 0 0 0 0 0 0 0 0 0 0 0 0 0 0 0 0 0 0 0 0 0]
[68926497194450363111655045077671219804158597840012717756581048503141903157882807414308710216128731104073598506 0 0 0 0 0 0 1 0 0 0 0 0 0 0 0 0 0 0 0 0 0 0 0 0 0 0 0 0 0 0 0 0 0 0 0 0]
[469947468955521023818181170761903675255309905807125297264126896875558898339047910857683773992327450089165306338 0 0 0 0 0 0 0 1 0 0 0 0 0 0 0 0 0 0 0 0 0 0 0 0 0 0 0 0 0 0 0 0 0 0 0 0]
[294562145847552731970482325602421846013528507351269256036029995037257977393527616372104227168010092869566747287 0 0 0 0 0 0 0 0 1 0 0 0 0 0 0 0 0 0 0 0 0 0 0 0 0 0 0 0 0 0 0 0 0 0 0 0]
[898144231141745808126074207898927255390086590863242818459623332405430953853738292258720668170451912685521659948 0 0 0 0 0 0 0 0 0 1 0 0 0 0 0 0 0 0 0 0 0 0 0 0 0 0 0 0 0 0 0 0 0 0 0 0]
[537444650234409100839734841882622627597160902953387195924545246104509745782905021127094933152771682310457117333 0 0 0 0 0 0 0 0 0 0 1 0 0 0 0 0 0 0 0 0 0 0 0 0 0 0 0 0 0 0 0 0 0 0 0 0]
[373744391872588190590500006851939516597514125718740255732948842551306340259688469192816391820692532697776662732 0 0 0 0 0 0 0 0 0 0 0 1 0 0 0 0 0 0 0 0 0 0 0 0 0 0 0 0 0 0 0 0 0 0 0 0]
[750503100473216893016962320065696282139127200888186126872673931628978931551345072904918277077572200690494734503 0 0 0 0 0 0 0 0 0 0 0 0 1 0 0 0 0 0 0 0 0 0 0 0 0 0 0 0 0 0 0 0 0 0 0 0]
[1078406815116307916654392406700903334288119565003893899117453707679005721900484320204031474309529643872190466476 0 0 0 0 0 0 0 0 0 0 0 0 0 1 0 0 0 0 0 0 0 0 0 0 0 0 0 0 0 0 0 0 0 0 0 0]
[551735559630015506233603914434330680095818486079489183343347990530274642748664173601501687426245750515241148924 0 0 0 0 0 0 0 0 0 0 0 0 0 0 1 0 0 0 0 0 0 0 0 0 0 0 0 0 0 0 0 0 0 0 0 0]
[389615121200003983110671440470732357764797392948131285880013169983056332066538956769487815336250867754814566646 0 0 0 0 0 0 0 0 0 0 0 0 0 0 0 1 0 0 0 0 0 0 0 0 0 0 0 0 0 0 0 0 0 0 0 0]
[174187503539628702993735629454741783770286989970286303016358780048437550232750236695174501825850463988742373477 0 0 0 0 0 0 0 0 0 0 0 0 0 0 0 0 1 0 0 0 0 0 0 0 0 0 0 0 0 0 0 0 0 0 0 0]
[394255518085319643333382128919638038736685691435911847488646315270848021668208740097848185708869416616470270330 0 0 0 0 0 0 0 0 0 0 0 0 0 0 0 0 0 1 0 0 0 0 0 0 0 0 0 0 0 0 0 0 0 0 0 0]
[1375788133105937124084494063196386336354446933038518417535652880503077006635686544440217629646909748690587981777 0 0 0 0 0 0 0 0 0 0 0 0 0 0 0 0 0 0 1 0 0 0 0 0 0 0 0 0 0 0 0 0 0 0 0 0]
[440349857385050286821389412698545602731151787588795852625428462755525996866285566082097689062630727212033975256 0 0 0 0 0 0 0 0 0 0 0 0 0 0 0 0 0 0 0 1 0 0 0 0 0 0 0 0 0 0 0 0 0 0 0 0]
[444792895198474406319122176886921773904702606660040219336738146951093863471012608891421900212393931981763587913 0 0 0 0 0 0 0 0 0 0 0 0 0 0 0 0 0 0 0 0 1 0 0 0 0 0 0 0 0 0 0 0 0 0 0 0]
[315607035608307316259506658590660364084913792685057184609946253408596510215737089547460095684029499972642095961 0 0 0 0 0 0 0 0 0 0 0 0 0 0 0 0 0 0 0 0 0 1 0 0 0 0 0 0 0 0 0 0 0 0 0 0]
[1262357447074760419752122624383803738236771980474774407917493831570311242422319825533212362720032313296767078868 0 0 0 0 0 0 0 0 0 0 0 0 0 0 0 0 0 0 0 0 0 0 1 0 0 0 0 0 0 0 0 0 0 0 0 0]
[847649558472786969359914281750639587640564488764057754387172144220470433766640195584401853376513432406800458494 0 0 0 0 0 0 0 0 0 0 0 0 0 0 0 0 0 0 0 0 0 0 0 1 0 0 0 0 0 0 0 0 0 0 0 0]
[785703194123329630288643044115061312393104990173720540072778272138927585869817524320488012434489223565185921010 0 0 0 0 0 0 0 0 0 0 0 0 0 0 0 0 0 0 0 0 0 0 0 0 1 0 0 0 0 0 0 0 0 0 0 0]
[1422022501812824436394548566526066936007346699928934890707444101184904037980629623606472018050419403117073118684 0 0 0 0 0 0 0 0 0 0 0 0 0 0 0 0 0 0 0 0 0 0 0 0 0 1 0 0 0 0 0 0 0 0 0 0]
[880314405408724867369342617746488015305379936541271716214820740230907954959357832422886965549455869091819706601 0 0 0 0 0 0 0 0 0 0 0 0 0 0 0 0 0 0 0 0 0 0 0 0 0 0 1 0 0 0 0 0 0 0 0 0]
[76223428733795752065937827692560850933322594978163702925460390407294529072488122903200553824582241330917180838 0 0 0 0 0 0 0 0 0 0 0 0 0 0 0 0 0 0 0 0 0 0 0 0 0 0 0 1 0 0 0 0 0 0 0 0]
[1517508498757826975730983955731121118153390517492594677042546970791847793765797694632327438419807234888278968154 0 0 0 0 0 0 0 0 0 0 0 0 0 0 0 0 0 0 0 0 0 0 0 0 0 0 0 0 1 0 0 0 0 0 0 0]
[160614671460152772905012579536429926817972957188448287417041917325896284900978851942220667297199090150244545222 0 0 0 0 0 0 0 0 0 0 0 0 0 0 0 0 0 0 0 0 0 0 0 0 0 0 0 0 0 1 0 0 0 0 0 0]
[367097121063546563006917775126101045936654193955261589611711538798150304273109984789196408343734224810650509022 0 0 0 0 0 0 0 0 0 0 0 0 0 0 0 0 0 0 0 0 0 0 0 0 0 0 0 0 0 0 1 0 0 0 0 0]
[535833307010886506236373202215339660410154662130147586018728165241595915184988890529201337578902223518084887809 0 0 0 0 0 0 0 0 0 0 0 0 0 0 0 0 0 0 0 0 0 0 0 0 0 0 0 0 0 0 0 1 0 0 0 0]
[334546885587969347564599667179612364692720587549442142331723946783305034105419205355627539172549936012888997486 0 0 0 0 0 0 0 0 0 0 0 0 0 0 0 0 0 0 0 0 0 0 0 0 0 0 0 0 0 0 0 0 1 0 0 0]
[1247084325718952407762056030548441963175137368484718521112806185251205147514685958714663974006101350336145128685 0 0 0 0 0 0 0 0 0 0 0 0 0 0 0 0 0 0 0 0 0 0 0 0 0 0 0 0 0 0 0 0 0 1 0 0]
[1342875783555835226601165005644983886627544600314119180494036326501896893156955076491210994772825531956751903895 0 0 0 0 0 0 0 0 0 0 0 0 0 0 0 0 0 0 0 0 0 0 0 0 0 0 0 0 0 0 0 0 0 0 1 0]
[1058622899734988382840322193676520275567519532947547552897965189940094498543402371075654903964819052570410663715 0 0 0 0 0 0 0 0 0 0 0 0 0 0 0 0 0 0 0 0 0 0 0 0 0 0 0 0 0 0 0 0 0 0 0 1]
]
