[[1492695019021055621976622610801208204799775771284031937560556930230593608063426447615620257394288817301472789851 0 0 0 0 0 0 0 0 0 0 0 0 0 0 0 0 0 0 0 0 0 0 0 0 0 0 0 0 0 0 0 0 0 0 0 0]
[420219307863995101470655003671591876140667662383296821415314257329844936814482811743209717152736145804329831423 1 0 0 0 0 0 0 0 0 0 0 0 0 0 0 0 0 0 0 0 0 0 0 0 0 0 0 0 0 0 0 0 0 0 0 0]
[993447574718497448428751268649166170089989923987643563017117535962999430248186309972762279724878610726481189719 0 1 0 0 0 0 0 0 0 0 0 0 0 0 0 0 0 0 0 0 0 0 0 0 0 0 0 0 0 0 0 0 0 0 0 0]
[1131025090587071966551279553948724471006315597307905850993456739851962876299125805469055158659992275043036717482 0 0 1 0 0 0 0 0 0 0 0 0 0 0 0 0 0 0 0 0 0 0 0 0 0 0 0 0 0 0 0 0 0 0 0 0]
[7477837339800506824800653607594996123023607647575670005866343850660984629634969048157900302278010935976490628 0 0 0 1 0 0 0 0 0 0 0 0 0 0 0 0 0 0 0 0 0 0 0 0 0 0 0 0 0 0 0 0 0 0 0 0]
[986164351737226831507486690344719654341013247546888993685401386141822274015977090774164703891074018057088254689 0 0 0 0 1 0 0 0 0 0 0 0 0 0 0 0 0 0 0 0 0 0 0 0 0 0 0 0 0 0 0 0 0 0 0 0]
[237268642675226803775326584819105143100004682741998184481155644868321729423094506613457228055722954377184837807 0 0 0 0 0 1 0 0 0 0 0 0 0 0 0 0 0 0 0 0 0 0 0 0 0 0 0 0 0 0 0 0 0 0 0 0]
[1038922033732392593698864533165534526142681249050473393807597763555013750563034133384683840946226734716516433995 0 0 0 0 0 0 1 0 0 0 0 0 0 0 0 0 0 0 0 0 0 0 0 0 0 0 0 0 0 0 0 0 0 0 0 0]
[420638564572693784153576257409901173692464478159675713629563731313833736051233489031438827277730643355283956946 0 0 0 0 0 0 0 1 0 0 0 0 0 0 0 0 0 0 0 0 0 0 0 0 0 0 0 0 0 0 0 0 0 0 0 0]
[1429105493890040445298145633264565969338710416663441425540039594325110230406387175971928462555635210407522318044 0 0 0 0 0 0 0 0 1 0 0 0 0 0 0 0 0 0 0 0 0 0 0 0 0 0 0 0 0 0 0 0 0 0 0 0]
[565755712676447081733413456797395834798700467123830833013378531824707884078728285733984899452074381152115831963 0 0 0 0 0 0 0 0 0 1 0 0 0 0 0 0 0 0 0 0 0 0 0 0 0 0 0 0 0 0 0 0 0 0 0 0]
[506852551479968156407010694818122506874502918825417588477161040024335899703933405664956151982454095026690402162 0 0 0 0 0 0 0 0 0 0 1 0 0 0 0 0 0 0 0 0 0 0 0 0 0 0 0 0 0 0 0 0 0 0 0 0]
[1307846192207303863587166651624872722749854175429233945279438424309842900193559621035907215797876200698902119385 0 0 0 0 0 0 0 0 0 0 0 1 0 0 0 0 0 0 0 0 0 0 0 0 0 0 0 0 0 0 0 0 0 0 0 0]
[193224162192500631578673098363794016746248553288595157865847371518036819244450817082551483112262333940098433671 0 0 0 0 0 0 0 0 0 0 0 0 1 0 0 0 0 0 0 0 0 0 0 0 0 0 0 0 0 0 0 0 0 0 0 0]
[712890902203914082421465148956342357678983062350402643141437897137526701042882143792593083651964396226681650857 0 0 0 0 0 0 0 0 0 0 0 0 0 1 0 0 0 0 0 0 0 0 0 0 0 0 0 0 0 0 0 0 0 0 0 0]
[1041838366730697257264882536707269443387768099048924266952948448917930355780203850521612529973910703712946128853 0 0 0 0 0 0 0 0 0 0 0 0 0 0 1 0 0 0 0 0 0 0 0 0 0 0 0 0 0 0 0 0 0 0 0 0]
[1264050706957048827743834312805867421680629564513532812656429802101220555570077483930502031525137456672846636088 0 0 0 0 0 0 0 0 0 0 0 0 0 0 0 1 0 0 0 0 0 0 0 0 0 0 0 0 0 0 0 0 0 0 0 0]
[137447623357267442245169674410187551531365621504546105004531302363210632765593048652720334802454444393805423528 0 0 0 0 0 0 0 0 0 0 0 0 0 0 0 0 1 0 0 0 0 0 0 0 0 0 0 0 0 0 0 0 0 0 0 0]
[1183208504352297957433452059869961969035526532295970712995328816310997495308345661430259120746302299885493875502 0 0 0 0 0 0 0 0 0 0 0 0 0 0 0 0 0 1 0 0 0 0 0 0 0 0 0 0 0 0 0 0 0 0 0 0]
[310036495926228099781680178866181165870240074427152017144057052094261983091704463926577022884637398931444601265 0 0 0 0 0 0 0 0 0 0 0 0 0 0 0 0 0 0 1 0 0 0 0 0 0 0 0 0 0 0 0 0 0 0 0 0]
[182050482818394732242556123102045045127110156333534623563768958969452269358332403532218818384047729093036602861 0 0 0 0 0 0 0 0 0 0 0 0 0 0 0 0 0 0 0 1 0 0 0 0 0 0 0 0 0 0 0 0 0 0 0 0]
[1243888218070746528810963980339450591261067505428750527056001508844226007946799950666414333222948489711826090007 0 0 0 0 0 0 0 0 0 0 0 0 0 0 0 0 0 0 0 0 1 0 0 0 0 0 0 0 0 0 0 0 0 0 0 0]
[1083094311763268486522987654808569283053419694538912151239116670294053736007597309323221257464204459825899704704 0 0 0 0 0 0 0 0 0 0 0 0 0 0 0 0 0 0 0 0 0 1 0 0 0 0 0 0 0 0 0 0 0 0 0 0]
[43185541705185866368809367115971680687128879350498411463733705063098881045877216794362659721078658682150264541 0 0 0 0 0 0 0 0 0 0 0 0 0 0 0 0 0 0 0 0 0 0 1 0 0 0 0 0 0 0 0 0 0 0 0 0]
[508521255014594667782882401295957030307752707388465459031786027576026416603131559695540503466029739265699385775 0 0 0 0 0 0 0 0 0 0 0 0 0 0 0 0 0 0 0 0 0 0 0 1 0 0 0 0 0 0 0 0 0 0 0 0]
[1438968446670644481374277137889109596855249901700816633712273451818889199480282192562762906462665943608343993252 0 0 0 0 0 0 0 0 0 0 0 0 0 0 0 0 0 0 0 0 0 0 0 0 1 0 0 0 0 0 0 0 0 0 0 0]
[28867571399480646568738885797114230434449322189362402201921124449154884950525495774231829911043283699366924622 0 0 0 0 0 0 0 0 0 0 0 0 0 0 0 0 0 0 0 0 0 0 0 0 0 1 0 0 0 0 0 0 0 0 0 0]
[152660174638880471191273148912361467395933643270377695245627338855238107321548682385705224156371420369641240273 0 0 0 0 0 0 0 0 0 0 0 0 0 0 0 0 0 0 0 0 0 0 0 0 0 0 1 0 0 0 0 0 0 0 0 0]
[429816258970522734189938424031106937758867399702084477018250065908616599942616736825854995046853250219270311016 0 0 0 0 0 0 0 0 0 0 0 0 0 0 0 0 0 0 0 0 0 0 0 0 0 0 0 1 0 0 0 0 0 0 0 0]
[1282052548606098479960433547864370589825404790186307033767531239152811159079024050911624188390738316043034126878 0 0 0 0 0 0 0 0 0 0 0 0 0 0 0 0 0 0 0 0 0 0 0 0 0 0 0 0 1 0 0 0 0 0 0 0]
[140761826884634299227613522680067633720736108753994697082572978805699982080029950116856326783502867205042287265 0 0 0 0 0 0 0 0 0 0 0 0 0 0 0 0 0 0 0 0 0 0 0 0 0 0 0 0 0 1 0 0 0 0 0 0]
[912385301532040263572899856029834783338216762571410499269836143607841246925332017982002355816087764516092577503 0 0 0 0 0 0 0 0 0 0 0 0 0 0 0 0 0 0 0 0 0 0 0 0 0 0 0 0 0 0 1 0 0 0 0 0]
[1245877485217837751620668078536026091526439807412648274963908555037436180548734020579818333173527359299467360269 0 0 0 0 0 0 0 0 0 0 0 0 0 0 0 0 0 0 0 0 0 0 0 0 0 0 0 0 0 0 0 1 0 0 0 0]
[1447104098041955029513757711473076541494697786570707942945876035858244139150999107642437439266808198582787291070 0 0 0 0 0 0 0 0 0 0 0 0 0 0 0 0 0 0 0 0 0 0 0 0 0 0 0 0 0 0 0 0 1 0 0 0]
[931987649907451026121762266295969623630969446465891209717085837035466045195571398407006260199177974537983015274 0 0 0 0 0 0 0 0 0 0 0 0 0 0 0 0 0 0 0 0 0 0 0 0 0 0 0 0 0 0 0 0 0 1 0 0]
[435159970955463522293718578393309956637418692640125341116918207214116918401401679254299887756655325881118772960 0 0 0 0 0 0 0 0 0 0 0 0 0 0 0 0 0 0 0 0 0 0 0 0 0 0 0 0 0 0 0 0 0 0 1 0]
[427710265776114509372155848431731934371802446998776002428835084037997248128573943720462343703148376729911810454 0 0 0 0 0 0 0 0 0 0 0 0 0 0 0 0 0 0 0 0 0 0 0 0 0 0 0 0 0 0 0 0 0 0 0 1]
]
