[[2043556529373754274296634254957548916785064811432706262884670364213009262857473362088540993120363455292957802114786909544167 0 0 0 0 0 0 0 0 0 0 0 0 0 0 0 0 0 0 0 0 0 0 0 0 0 0 0 0 0 0 0 0 0 0 0 0 0 0 0 0]
[1751664629549668482727088393817711897670790332391463018900002446226000152836158803508822713123291587605695903560397154154433 1 0 0 0 0 0 0 0 0 0 0 0 0 0 0 0 0 0 0 0 0 0 0 0 0 0 0 0 0 0 0 0 0 0 0 0 0 0 0 0]
[1955886773472098632936566071400626501487692669626599443432577185450123898808389258420852151383601767784560592613655339086196 0 1 0 0 0 0 0 0 0 0 0 0 0 0 0 0 0 0 0 0 0 0 0 0 0 0 0 0 0 0 0 0 0 0 0 0 0 0 0 0]
[272163600677392255373431466342079864304590443579384724742428615871782432402543011181071881043719349622291673949484656556635 0 0 1 0 0 0 0 0 0 0 0 0 0 0 0 0 0 0 0 0 0 0 0 0 0 0 0 0 0 0 0 0 0 0 0 0 0 0 0 0]
[80871669883040668100122293452333390641839785416505375194349000788771295667039059932571441108841530190100221713934911373581 0 0 0 1 0 0 0 0 0 0 0 0 0 0 0 0 0 0 0 0 0 0 0 0 0 0 0 0 0 0 0 0 0 0 0 0 0 0 0 0]
[1518848891030288080016148767063902689257507995382910293247566034089792504942989525641362646097429166437701297690588280592193 0 0 0 0 1 0 0 0 0 0 0 0 0 0 0 0 0 0 0 0 0 0 0 0 0 0 0 0 0 0 0 0 0 0 0 0 0 0 0 0]
[1563076490361452748513145259180532165387682087253356125431124739243169273069080534897402472939463890274432184077070332887963 0 0 0 0 0 1 0 0 0 0 0 0 0 0 0 0 0 0 0 0 0 0 0 0 0 0 0 0 0 0 0 0 0 0 0 0 0 0 0 0]
[217394078012012315044375423317602808047081068562779607762473968448638397669237052142257454052181651921755578123337392625898 0 0 0 0 0 0 1 0 0 0 0 0 0 0 0 0 0 0 0 0 0 0 0 0 0 0 0 0 0 0 0 0 0 0 0 0 0 0 0 0]
[908976066772655147841134928989868260620046633459692835502320062585751748124210415971753513690690078365806933730641586089532 0 0 0 0 0 0 0 1 0 0 0 0 0 0 0 0 0 0 0 0 0 0 0 0 0 0 0 0 0 0 0 0 0 0 0 0 0 0 0 0]
[2002364189542497468752652587413375666354993650663044871523624219009808468280961624788139996283582371403773471540719209354988 0 0 0 0 0 0 0 0 1 0 0 0 0 0 0 0 0 0 0 0 0 0 0 0 0 0 0 0 0 0 0 0 0 0 0 0 0 0 0 0]
[50925282360964349377731499891743095111610989128471368088156441958065750837001869966504782319361892649308717853790775044624 0 0 0 0 0 0 0 0 0 1 0 0 0 0 0 0 0 0 0 0 0 0 0 0 0 0 0 0 0 0 0 0 0 0 0 0 0 0 0 0]
[1273555662037916231056605217310654451427791853520560829523162149860636016886298234560414490194338218283531792505999473493129 0 0 0 0 0 0 0 0 0 0 1 0 0 0 0 0 0 0 0 0 0 0 0 0 0 0 0 0 0 0 0 0 0 0 0 0 0 0 0 0]
[1932933113775831269554123372051219164499430011217549813781545689158312327891573339226524066463406940156559212319240730497833 0 0 0 0 0 0 0 0 0 0 0 1 0 0 0 0 0 0 0 0 0 0 0 0 0 0 0 0 0 0 0 0 0 0 0 0 0 0 0 0]
[1279675162734092556156609058041382782651784663490582366099827919261927861275963276737126756314445017973116065799502127804311 0 0 0 0 0 0 0 0 0 0 0 0 1 0 0 0 0 0 0 0 0 0 0 0 0 0 0 0 0 0 0 0 0 0 0 0 0 0 0 0]
[369779534788685992900562475917659911122071061980772424395861006162167150036823939910604959985965872104820273240752143003299 0 0 0 0 0 0 0 0 0 0 0 0 0 1 0 0 0 0 0 0 0 0 0 0 0 0 0 0 0 0 0 0 0 0 0 0 0 0 0 0]
[712993673208535853027088661997799043603128125967253897709183137543200444118991157889131216881416072732214638261174225540105 0 0 0 0 0 0 0 0 0 0 0 0 0 0 1 0 0 0 0 0 0 0 0 0 0 0 0 0 0 0 0 0 0 0 0 0 0 0 0 0]
[1827442242565725462722782911784123877962886608207958203411839700513782540514852213496181055875574729632787805098565847289929 0 0 0 0 0 0 0 0 0 0 0 0 0 0 0 1 0 0 0 0 0 0 0 0 0 0 0 0 0 0 0 0 0 0 0 0 0 0 0 0]
[802920739344975641101444249903090676787389950111028888705040565445980433416411852988884400526666706898059297624082818027860 0 0 0 0 0 0 0 0 0 0 0 0 0 0 0 0 1 0 0 0 0 0 0 0 0 0 0 0 0 0 0 0 0 0 0 0 0 0 0 0]
[1443350603485436057117525346745051333671517227063356114288243316878522410116841947951273203165193916308930379209040914196920 0 0 0 0 0 0 0 0 0 0 0 0 0 0 0 0 0 1 0 0 0 0 0 0 0 0 0 0 0 0 0 0 0 0 0 0 0 0 0 0]
[1009220117681774589237244775332555665608043983920946904642165209835450328800695757223892619924772418415516950545405819476529 0 0 0 0 0 0 0 0 0 0 0 0 0 0 0 0 0 0 1 0 0 0 0 0 0 0 0 0 0 0 0 0 0 0 0 0 0 0 0 0]
[1950920722542184358899913614225080728446361201513323380958501991923521199135098913390251233085212379878075879324991607419522 0 0 0 0 0 0 0 0 0 0 0 0 0 0 0 0 0 0 0 1 0 0 0 0 0 0 0 0 0 0 0 0 0 0 0 0 0 0 0 0]
[907292658157693380147305858681803006531839636566741028968217267935703579579631388386845506651323178187235278538821151425966 0 0 0 0 0 0 0 0 0 0 0 0 0 0 0 0 0 0 0 0 1 0 0 0 0 0 0 0 0 0 0 0 0 0 0 0 0 0 0 0]
[1305185503892748874132178076228799676426845310034918259898853956152905990853806575826168788626710186688461273886551042209129 0 0 0 0 0 0 0 0 0 0 0 0 0 0 0 0 0 0 0 0 0 1 0 0 0 0 0 0 0 0 0 0 0 0 0 0 0 0 0 0]
[1914803198931343608531841776162059710791454297689599994642775321417762075557401151877160154491556767531715193012847275455334 0 0 0 0 0 0 0 0 0 0 0 0 0 0 0 0 0 0 0 0 0 0 1 0 0 0 0 0 0 0 0 0 0 0 0 0 0 0 0 0]
[22704145045126550115954643818672734437356691821303190337674189426631013551344078086108879849361146295867727323744701494703 0 0 0 0 0 0 0 0 0 0 0 0 0 0 0 0 0 0 0 0 0 0 0 1 0 0 0 0 0 0 0 0 0 0 0 0 0 0 0 0]
[1558193486118454663784193541112030986031722884286602119810532531343335807788113501539202246268636403478602484176646609187032 0 0 0 0 0 0 0 0 0 0 0 0 0 0 0 0 0 0 0 0 0 0 0 0 1 0 0 0 0 0 0 0 0 0 0 0 0 0 0 0]
[23915473156226888904428604492843673702750156325189821152417416758072613098274624597038044793138371526813901011537152317842 0 0 0 0 0 0 0 0 0 0 0 0 0 0 0 0 0 0 0 0 0 0 0 0 0 1 0 0 0 0 0 0 0 0 0 0 0 0 0 0]
[1251869266707065311982903084772132959578512633098667090491184516874420674829020124870026655616555455962284227508592650107678 0 0 0 0 0 0 0 0 0 0 0 0 0 0 0 0 0 0 0 0 0 0 0 0 0 0 1 0 0 0 0 0 0 0 0 0 0 0 0 0]
[1720725096249401945245629118552298664954894086809721164852048224675142907901899337146206082499659745989762718396120116243383 0 0 0 0 0 0 0 0 0 0 0 0 0 0 0 0 0 0 0 0 0 0 0 0 0 0 0 1 0 0 0 0 0 0 0 0 0 0 0 0]
[1412161201988023852530134585929941437295564619074312817476442271237337204481217494957454619017531200901003668255455952596946 0 0 0 0 0 0 0 0 0 0 0 0 0 0 0 0 0 0 0 0 0 0 0 0 0 0 0 0 1 0 0 0 0 0 0 0 0 0 0 0]
[1124137085432560827528343030326450800797963883276758974980780758814976496514453925259309550025594552457704274744844964584365 0 0 0 0 0 0 0 0 0 0 0 0 0 0 0 0 0 0 0 0 0 0 0 0 0 0 0 0 0 1 0 0 0 0 0 0 0 0 0 0]
[1788214904001293045306170518297910909325414508234101341895938740810613628116968017480906296907561007714970868973449911933287 0 0 0 0 0 0 0 0 0 0 0 0 0 0 0 0 0 0 0 0 0 0 0 0 0 0 0 0 0 0 1 0 0 0 0 0 0 0 0 0]
[1724854031974540058974038415274270483674920409842883859750185454201363230975300087693845374623722290353192379708910363420273 0 0 0 0 0 0 0 0 0 0 0 0 0 0 0 0 0 0 0 0 0 0 0 0 0 0 0 0 0 0 0 1 0 0 0 0 0 0 0 0]
[252722019021681526482478003110818590361511741797865442940778433213607355074607876418303651062713565275644799058282833723761 0 0 0 0 0 0 0 0 0 0 0 0 0 0 0 0 0 0 0 0 0 0 0 0 0 0 0 0 0 0 0 0 1 0 0 0 0 0 0 0]
[1637597924211633860491819010058534337386901900751992387228764747904813004717206494577824162859469064425414311320647023636143 0 0 0 0 0 0 0 0 0 0 0 0 0 0 0 0 0 0 0 0 0 0 0 0 0 0 0 0 0 0 0 0 0 1 0 0 0 0 0 0]
[413652831115214728515315014929640462862714129173849695699142272082995370401164351823991209496014751233906189684217020098897 0 0 0 0 0 0 0 0 0 0 0 0 0 0 0 0 0 0 0 0 0 0 0 0 0 0 0 0 0 0 0 0 0 0 1 0 0 0 0 0]
[1443382238922816807862211962637144923753410802067800662670332193626760674529067837689044801827996720656122614051192254241977 0 0 0 0 0 0 0 0 0 0 0 0 0 0 0 0 0 0 0 0 0 0 0 0 0 0 0 0 0 0 0 0 0 0 0 1 0 0 0 0]
[1490537562481787253180985322402907874319574161097701128969623383926715145901953323215957849768570864011483952819760899483299 0 0 0 0 0 0 0 0 0 0 0 0 0 0 0 0 0 0 0 0 0 0 0 0 0 0 0 0 0 0 0 0 0 0 0 0 1 0 0 0]
[433809380387877423024000036159940973894102932493363875804909142175150272030001861194932730143971768914355801854289282041030 0 0 0 0 0 0 0 0 0 0 0 0 0 0 0 0 0 0 0 0 0 0 0 0 0 0 0 0 0 0 0 0 0 0 0 0 0 1 0 0]
[514193613606085189975133932549157197168187788129465964121047397286267463985106544208451558108527430880375513099712191821103 0 0 0 0 0 0 0 0 0 0 0 0 0 0 0 0 0 0 0 0 0 0 0 0 0 0 0 0 0 0 0 0 0 0 0 0 0 0 1 0]
[1063401660431767210690938958290231389322880283150512454996942585869566213376405464522066014391854649928657139107695377013060 0 0 0 0 0 0 0 0 0 0 0 0 0 0 0 0 0 0 0 0 0 0 0 0 0 0 0 0 0 0 0 0 0 0 0 0 0 0 0 1]
]
