[[854454301405545182354725281402238139419 0 0 0 0 0 0 0 0 0 0 0 0]
[139217727529171800754891112733818540989 1 0 0 0 0 0 0 0 0 0 0 0]
[388886655094780726993763671563253035849 0 1 0 0 0 0 0 0 0 0 0 0]
[205028851464903289120307104115740455786 0 0 1 0 0 0 0 0 0 0 0 0]
[499764033947192278672415435491972428095 0 0 0 1 0 0 0 0 0 0 0 0]
[216687876703170687500960424632731521414 0 0 0 0 1 0 0 0 0 0 0 0]
[471291659642484625192391665383904305632 0 0 0 0 0 1 0 0 0 0 0 0]
[430418589163166890982407187195295305324 0 0 0 0 0 0 1 0 0 0 0 0]
[802955099973608778939984832688311272197 0 0 0 0 0 0 0 1 0 0 0 0]
[133945202929320638183689946114634480493 0 0 0 0 0 0 0 0 1 0 0 0]
[797729637940262548386126187381655606236 0 0 0 0 0 0 0 0 0 1 0 0]
[172947346939926672924191033418032346519 0 0 0 0 0 0 0 0 0 0 1 0]
[43226838144708282870986258915217345265 0 0 0 0 0 0 0 0 0 0 0 1]
]
