[[4539683492474149291786167242843204640406883537154384184148578863433375675637097392770222339002110510965894979043008230142883467901048237525034627559206569110991621237816572515880648251534789342668025745264970797 0 0 0 0 0 0 0 0 0 0 0 0 0 0 0 0 0 0 0 0 0 0 0 0 0 0 0 0 0 0 0 0 0 0 0 0 0 0 0 0 0 0 0 0 0 0 0 0 0 0 0 0 0 0 0 0 0 0 0 0 0 0 0 0 0 0 0 0 0]
[518800735596835343821100638183101584509107737877168556775981990238420900418255376089247120547233468667448743946674404500636745910318264333812134971877383553202134100363940672609086948957903433521027286916496447 1 0 0 0 0 0 0 0 0 0 0 0 0 0 0 0 0 0 0 0 0 0 0 0 0 0 0 0 0 0 0 0 0 0 0 0 0 0 0 0 0 0 0 0 0 0 0 0 0 0 0 0 0 0 0 0 0 0 0 0 0 0 0 0 0 0 0 0 0]
[780529322595832524106358658402189832056669503871191386174198144246364743149682851813818426694971526102932593012441043473507557777699962933620472624533951405020245129674147999674424736618595886252713016085690890 0 1 0 0 0 0 0 0 0 0 0 0 0 0 0 0 0 0 0 0 0 0 0 0 0 0 0 0 0 0 0 0 0 0 0 0 0 0 0 0 0 0 0 0 0 0 0 0 0 0 0 0 0 0 0 0 0 0 0 0 0 0 0 0 0 0 0 0 0]
[92846101289253566645012380792378432952688736984082033317311005855281067744256609623233018819113713461184493610122021948807055912114406156656311580104798089089676844816557202417675550495368776023111790361942678 0 0 1 0 0 0 0 0 0 0 0 0 0 0 0 0 0 0 0 0 0 0 0 0 0 0 0 0 0 0 0 0 0 0 0 0 0 0 0 0 0 0 0 0 0 0 0 0 0 0 0 0 0 0 0 0 0 0 0 0 0 0 0 0 0 0 0 0 0]
[3913799960876696503495517716655033504499729945248230466577222703241069085990723832090212696103252697291142826097583929780590866577244565084404834356748753441568886135532066732868108017061064637193238352550391764 0 0 0 1 0 0 0 0 0 0 0 0 0 0 0 0 0 0 0 0 0 0 0 0 0 0 0 0 0 0 0 0 0 0 0 0 0 0 0 0 0 0 0 0 0 0 0 0 0 0 0 0 0 0 0 0 0 0 0 0 0 0 0 0 0 0 0 0 0]
[1261088408604639926845088091735604596494259199446716021299053651999394142466440634144848640724370338915495078350486994435558302677623764487979446351853065724048299216695533791805753040690813375153644579249661140 0 0 0 0 1 0 0 0 0 0 0 0 0 0 0 0 0 0 0 0 0 0 0 0 0 0 0 0 0 0 0 0 0 0 0 0 0 0 0 0 0 0 0 0 0 0 0 0 0 0 0 0 0 0 0 0 0 0 0 0 0 0 0 0 0 0 0 0 0]
[3434572549059139764957995297990379064288550486724640982422738160928369781507796006493792554671010520803779153287521011229009043097197889122054367568961918451129007048243542389260164449898137672227971313077675662 0 0 0 0 0 1 0 0 0 0 0 0 0 0 0 0 0 0 0 0 0 0 0 0 0 0 0 0 0 0 0 0 0 0 0 0 0 0 0 0 0 0 0 0 0 0 0 0 0 0 0 0 0 0 0 0 0 0 0 0 0 0 0 0 0 0 0 0 0]
[2336968687303016590338834053006963284119787956085000297716510466701124782547568171156204598206131677333082372509723489582896431007986683638321734061011646056174983597179097291085638250915565242334026553686739426 0 0 0 0 0 0 1 0 0 0 0 0 0 0 0 0 0 0 0 0 0 0 0 0 0 0 0 0 0 0 0 0 0 0 0 0 0 0 0 0 0 0 0 0 0 0 0 0 0 0 0 0 0 0 0 0 0 0 0 0 0 0 0 0 0 0 0 0 0]
[2506845791463728436677977255594880339373131981181518366898684491800573408992232807679932231424303522802745135556845349984099763077679575226562748969924683669887607858257320507427424480536253809406046940731504192 0 0 0 0 0 0 0 1 0 0 0 0 0 0 0 0 0 0 0 0 0 0 0 0 0 0 0 0 0 0 0 0 0 0 0 0 0 0 0 0 0 0 0 0 0 0 0 0 0 0 0 0 0 0 0 0 0 0 0 0 0 0 0 0 0 0 0 0 0]
[260859890283044461175842742869862069816298483425506120481961294814035741178335912533335446999684177790886319792592873915008819757789358939486294423233000004310367092101964147149043712304536713084030385839112993 0 0 0 0 0 0 0 0 1 0 0 0 0 0 0 0 0 0 0 0 0 0 0 0 0 0 0 0 0 0 0 0 0 0 0 0 0 0 0 0 0 0 0 0 0 0 0 0 0 0 0 0 0 0 0 0 0 0 0 0 0 0 0 0 0 0 0 0 0]
[1935503839604399033658250060328781850543537450067754330579486284814985506500840976322405066548946428512431766347886262011288315439071164954085766411184202978326299651040477214629363208172145668695399681253404780 0 0 0 0 0 0 0 0 0 1 0 0 0 0 0 0 0 0 0 0 0 0 0 0 0 0 0 0 0 0 0 0 0 0 0 0 0 0 0 0 0 0 0 0 0 0 0 0 0 0 0 0 0 0 0 0 0 0 0 0 0 0 0 0 0 0 0 0 0]
[1243005288784894428228215519272460687780017205730578043316920287767925884588290223267025243175948676552078712732651794993635112460171772150891943689575053431377539875239096625793594856941584242035823638756378340 0 0 0 0 0 0 0 0 0 0 1 0 0 0 0 0 0 0 0 0 0 0 0 0 0 0 0 0 0 0 0 0 0 0 0 0 0 0 0 0 0 0 0 0 0 0 0 0 0 0 0 0 0 0 0 0 0 0 0 0 0 0 0 0 0 0 0 0 0]
[280399631935402718872167433354411045418912958309927186319885730989494131985042985156212615182547804187806328969575748706063638428698386243511799571741939166214494295636797978222437181030678018312166004614971683 0 0 0 0 0 0 0 0 0 0 0 1 0 0 0 0 0 0 0 0 0 0 0 0 0 0 0 0 0 0 0 0 0 0 0 0 0 0 0 0 0 0 0 0 0 0 0 0 0 0 0 0 0 0 0 0 0 0 0 0 0 0 0 0 0 0 0 0 0]
[2188494827561313949846257377125593232327837442695392829812769617543010564449761195217734610609078720076007572246201963284236481866349370514269618267513858451489081358234035652449074699505982200600755383690961855 0 0 0 0 0 0 0 0 0 0 0 0 1 0 0 0 0 0 0 0 0 0 0 0 0 0 0 0 0 0 0 0 0 0 0 0 0 0 0 0 0 0 0 0 0 0 0 0 0 0 0 0 0 0 0 0 0 0 0 0 0 0 0 0 0 0 0 0 0]
[1750204757010558156914649482536462258817802182206834000906952747465198221534419966383097744583790225931030667445643276323033568041391715834323068001960825721001135833347288232185390552706422442448359419516905516 0 0 0 0 0 0 0 0 0 0 0 0 0 1 0 0 0 0 0 0 0 0 0 0 0 0 0 0 0 0 0 0 0 0 0 0 0 0 0 0 0 0 0 0 0 0 0 0 0 0 0 0 0 0 0 0 0 0 0 0 0 0 0 0 0 0 0 0 0]
[464034766335284423897162226291329237103077073434499940963954479232523918375252425355027570674041924829406371948568670927578672521808062064385898626223221968983102864711450766136190037009474831483135867250904312 0 0 0 0 0 0 0 0 0 0 0 0 0 0 1 0 0 0 0 0 0 0 0 0 0 0 0 0 0 0 0 0 0 0 0 0 0 0 0 0 0 0 0 0 0 0 0 0 0 0 0 0 0 0 0 0 0 0 0 0 0 0 0 0 0 0 0 0 0]
[4392545430882875275991392007299116532619661303743327502183479162598688514086809075506071672814178659361342916180531639651363036587911356129977628146174667166982962855189651394493100206782423307336874622829990255 0 0 0 0 0 0 0 0 0 0 0 0 0 0 0 1 0 0 0 0 0 0 0 0 0 0 0 0 0 0 0 0 0 0 0 0 0 0 0 0 0 0 0 0 0 0 0 0 0 0 0 0 0 0 0 0 0 0 0 0 0 0 0 0 0 0 0 0 0]
[1169932986290819061507926979187499604496541338287444203822321010290563358419622491710684915605492712398402719681705072307256336925110706857607102554015478850731730747261349238255210740285131898506084251819429788 0 0 0 0 0 0 0 0 0 0 0 0 0 0 0 0 1 0 0 0 0 0 0 0 0 0 0 0 0 0 0 0 0 0 0 0 0 0 0 0 0 0 0 0 0 0 0 0 0 0 0 0 0 0 0 0 0 0 0 0 0 0 0 0 0 0 0 0 0]
[3065112032022549970602845602302670799562575857655141124702038885454738632731506572637051948674819172286064907476523047645379768986082061508767472391439098592975864175365757378297633999625038542902589475305442215 0 0 0 0 0 0 0 0 0 0 0 0 0 0 0 0 0 1 0 0 0 0 0 0 0 0 0 0 0 0 0 0 0 0 0 0 0 0 0 0 0 0 0 0 0 0 0 0 0 0 0 0 0 0 0 0 0 0 0 0 0 0 0 0 0 0 0 0 0]
[1568529680271747991191924306718559198016268502205737519831917793512107046500628734165885079916470469194584781107099023936632543615811294508421024019881736123897528725595776122079357986316679000908149931906842910 0 0 0 0 0 0 0 0 0 0 0 0 0 0 0 0 0 0 1 0 0 0 0 0 0 0 0 0 0 0 0 0 0 0 0 0 0 0 0 0 0 0 0 0 0 0 0 0 0 0 0 0 0 0 0 0 0 0 0 0 0 0 0 0 0 0 0 0 0]
[926729646752629062310622444450946016338103346726399703857943378884777312747124636793517145191096872269361384916874562763176987239065512781435884510727722450391961596729119016930262923155659576272909251025374667 0 0 0 0 0 0 0 0 0 0 0 0 0 0 0 0 0 0 0 1 0 0 0 0 0 0 0 0 0 0 0 0 0 0 0 0 0 0 0 0 0 0 0 0 0 0 0 0 0 0 0 0 0 0 0 0 0 0 0 0 0 0 0 0 0 0 0 0 0]
[4163821892405267833905041062408986936680215908867083112221479222794986755104344750733883042981644202343839680482524236208534581192221046518248566930912525252644218045532819171897408361762063553706982119586058980 0 0 0 0 0 0 0 0 0 0 0 0 0 0 0 0 0 0 0 0 1 0 0 0 0 0 0 0 0 0 0 0 0 0 0 0 0 0 0 0 0 0 0 0 0 0 0 0 0 0 0 0 0 0 0 0 0 0 0 0 0 0 0 0 0 0 0 0 0]
[3853332369555276459583577544947598371465300798006347102468730732823226117824197850332491794390028198341316403769515482911478410049645732218342045692372086841421755632915271336362911957344814178436577870928501364 0 0 0 0 0 0 0 0 0 0 0 0 0 0 0 0 0 0 0 0 0 1 0 0 0 0 0 0 0 0 0 0 0 0 0 0 0 0 0 0 0 0 0 0 0 0 0 0 0 0 0 0 0 0 0 0 0 0 0 0 0 0 0 0 0 0 0 0 0]
[2156465929197106677805048451351086684383232621388426703041679630427725164962590503164294771618883779467612866967303988962828182460436140441573174646098897012367238486389739167966237620045188539413729594063774788 0 0 0 0 0 0 0 0 0 0 0 0 0 0 0 0 0 0 0 0 0 0 1 0 0 0 0 0 0 0 0 0 0 0 0 0 0 0 0 0 0 0 0 0 0 0 0 0 0 0 0 0 0 0 0 0 0 0 0 0 0 0 0 0 0 0 0 0 0]
[3521921535773457766892158966968273347505271433836629501079691511969861995121144585064133095413384195139710328953374514535066934936471341731396388831972266664327127568236519119716918227514756629938388779363174310 0 0 0 0 0 0 0 0 0 0 0 0 0 0 0 0 0 0 0 0 0 0 0 1 0 0 0 0 0 0 0 0 0 0 0 0 0 0 0 0 0 0 0 0 0 0 0 0 0 0 0 0 0 0 0 0 0 0 0 0 0 0 0 0 0 0 0 0 0]
[2236187125236013532670409779394199130924492664284233416933248226503503652898618854499052860849542556428531576811967786123311898619661757141128576022101943801678200809871896687251921690877577520734991550319013956 0 0 0 0 0 0 0 0 0 0 0 0 0 0 0 0 0 0 0 0 0 0 0 0 1 0 0 0 0 0 0 0 0 0 0 0 0 0 0 0 0 0 0 0 0 0 0 0 0 0 0 0 0 0 0 0 0 0 0 0 0 0 0 0 0 0 0 0 0]
[672639958871278464184010650069890891189446037859776231221270312814397761940263541548787157646680214544834543264687846192354454687764239254568314652384293732582407729853922602439901897874443773866006920932517623 0 0 0 0 0 0 0 0 0 0 0 0 0 0 0 0 0 0 0 0 0 0 0 0 0 1 0 0 0 0 0 0 0 0 0 0 0 0 0 0 0 0 0 0 0 0 0 0 0 0 0 0 0 0 0 0 0 0 0 0 0 0 0 0 0 0 0 0 0]
[2852283179572845038619902153501921115293404389840572221969568290667482554492211548907683820331633234336573387185677553534711813083033434187333752533376044936237889671282461188812995285057500560946501273549003871 0 0 0 0 0 0 0 0 0 0 0 0 0 0 0 0 0 0 0 0 0 0 0 0 0 0 1 0 0 0 0 0 0 0 0 0 0 0 0 0 0 0 0 0 0 0 0 0 0 0 0 0 0 0 0 0 0 0 0 0 0 0 0 0 0 0 0 0 0]
[396324822839027250446222116468617062170612860175753091600989139072859819966478474548524659329853520765634454186844376918853188021803703792706215665530204759551426143964787219683050553295527106248448383222621255 0 0 0 0 0 0 0 0 0 0 0 0 0 0 0 0 0 0 0 0 0 0 0 0 0 0 0 1 0 0 0 0 0 0 0 0 0 0 0 0 0 0 0 0 0 0 0 0 0 0 0 0 0 0 0 0 0 0 0 0 0 0 0 0 0 0 0 0 0]
[2700156787879568986228930786501776505175779996237919720494819705443731250798829263706957682688725150668157029471401253898794099803169154929659747162320431321334056511987122520973673705668851306966302318637208897 0 0 0 0 0 0 0 0 0 0 0 0 0 0 0 0 0 0 0 0 0 0 0 0 0 0 0 0 1 0 0 0 0 0 0 0 0 0 0 0 0 0 0 0 0 0 0 0 0 0 0 0 0 0 0 0 0 0 0 0 0 0 0 0 0 0 0 0 0]
[3504499293009876361930877911292882719607438788492841280837418454157560938610000522623340474644214103992794611862628857091010817137724066074698952794778334722378844759700150525483717185175681815815624974154288395 0 0 0 0 0 0 0 0 0 0 0 0 0 0 0 0 0 0 0 0 0 0 0 0 0 0 0 0 0 1 0 0 0 0 0 0 0 0 0 0 0 0 0 0 0 0 0 0 0 0 0 0 0 0 0 0 0 0 0 0 0 0 0 0 0 0 0 0 0]
[3808900073996089047689769073672969307416133390746973505129377538083900724595887354101670722568744357756593556241629500515937834142081905557866743702564657029576820915872588608850146066901847632750986038560279643 0 0 0 0 0 0 0 0 0 0 0 0 0 0 0 0 0 0 0 0 0 0 0 0 0 0 0 0 0 0 1 0 0 0 0 0 0 0 0 0 0 0 0 0 0 0 0 0 0 0 0 0 0 0 0 0 0 0 0 0 0 0 0 0 0 0 0 0 0]
[972949284602787397183380919281591696773940449438955304368613121082998480178296090498025244906817405343779120179243862345825031972777371700278936598793568313773236945519051420485981555897315867236615802379301500 0 0 0 0 0 0 0 0 0 0 0 0 0 0 0 0 0 0 0 0 0 0 0 0 0 0 0 0 0 0 0 1 0 0 0 0 0 0 0 0 0 0 0 0 0 0 0 0 0 0 0 0 0 0 0 0 0 0 0 0 0 0 0 0 0 0 0 0 0]
[2800459610606087229420683786550503459517168062652676869620618234795977102768723996021779033937785816234437938158018291960927703649033419357013073095796130270958167319569941327130924334118088249904073305828570063 0 0 0 0 0 0 0 0 0 0 0 0 0 0 0 0 0 0 0 0 0 0 0 0 0 0 0 0 0 0 0 0 1 0 0 0 0 0 0 0 0 0 0 0 0 0 0 0 0 0 0 0 0 0 0 0 0 0 0 0 0 0 0 0 0 0 0 0 0]
[3627006673307303305808199167732451122272073640334689969942347187471716029931889590157262829282239238075549858922410866386323755105772864027448216954794458944529713428451366243263787952070577634218818049026103529 0 0 0 0 0 0 0 0 0 0 0 0 0 0 0 0 0 0 0 0 0 0 0 0 0 0 0 0 0 0 0 0 0 1 0 0 0 0 0 0 0 0 0 0 0 0 0 0 0 0 0 0 0 0 0 0 0 0 0 0 0 0 0 0 0 0 0 0 0]
[3362714058738517530733844630275595568278571860099968313352499904288384036566330717325914981526274675908939416837716469405076010427860643710608130344665381104377479263173150048328534246005281008229038214533171679 0 0 0 0 0 0 0 0 0 0 0 0 0 0 0 0 0 0 0 0 0 0 0 0 0 0 0 0 0 0 0 0 0 0 1 0 0 0 0 0 0 0 0 0 0 0 0 0 0 0 0 0 0 0 0 0 0 0 0 0 0 0 0 0 0 0 0 0 0]
[2901423073390880313322488853546724861086116103204280592809313980757148949000179008492663046749757481376367465739082451788490985761929297461280615853931130576283047738768227621490353411031413728494753003380776131 0 0 0 0 0 0 0 0 0 0 0 0 0 0 0 0 0 0 0 0 0 0 0 0 0 0 0 0 0 0 0 0 0 0 0 1 0 0 0 0 0 0 0 0 0 0 0 0 0 0 0 0 0 0 0 0 0 0 0 0 0 0 0 0 0 0 0 0 0]
[2673307379625067870175131348195423220167607288124633705698967191725500905867556041517717900514790228444020924294433843010400226417450550194212395894961529651379719775841053289689446403704405921075761346188472864 0 0 0 0 0 0 0 0 0 0 0 0 0 0 0 0 0 0 0 0 0 0 0 0 0 0 0 0 0 0 0 0 0 0 0 0 1 0 0 0 0 0 0 0 0 0 0 0 0 0 0 0 0 0 0 0 0 0 0 0 0 0 0 0 0 0 0 0 0]
[2182079013617157716719556904937668031463053716483912600102195747345800228304314703669067212633240735610952822260879592967491580461777303306788052455832519766338011429795020628615364545937768057799228733256301392 0 0 0 0 0 0 0 0 0 0 0 0 0 0 0 0 0 0 0 0 0 0 0 0 0 0 0 0 0 0 0 0 0 0 0 0 0 1 0 0 0 0 0 0 0 0 0 0 0 0 0 0 0 0 0 0 0 0 0 0 0 0 0 0 0 0 0 0 0]
[2203124740108812824135498219040613592849173837527848138931281019182801198174305174019546087055163658242806577068661862422990100122978821000528229741444228884871160607167921835702888456047389600166202970140615218 0 0 0 0 0 0 0 0 0 0 0 0 0 0 0 0 0 0 0 0 0 0 0 0 0 0 0 0 0 0 0 0 0 0 0 0 0 0 1 0 0 0 0 0 0 0 0 0 0 0 0 0 0 0 0 0 0 0 0 0 0 0 0 0 0 0 0 0 0]
[1824597039361390232507420080656771749160588245122571978203772161100901534144719892739364466288185199586975115486480923782061527571485272194010517675166384517218179468601050947628524131229822238806606071435078645 0 0 0 0 0 0 0 0 0 0 0 0 0 0 0 0 0 0 0 0 0 0 0 0 0 0 0 0 0 0 0 0 0 0 0 0 0 0 0 1 0 0 0 0 0 0 0 0 0 0 0 0 0 0 0 0 0 0 0 0 0 0 0 0 0 0 0 0 0]
[1201227258799837358928255883055447753921666684781835709243228449940302679948583423391511762602925547324498867015047152497007139553455118924277988585753753732165997867737277459751771358319766279532267399319157725 0 0 0 0 0 0 0 0 0 0 0 0 0 0 0 0 0 0 0 0 0 0 0 0 0 0 0 0 0 0 0 0 0 0 0 0 0 0 0 0 1 0 0 0 0 0 0 0 0 0 0 0 0 0 0 0 0 0 0 0 0 0 0 0 0 0 0 0 0]
[4027175411842796875428360057176269679972650820310717830296860247277378476584499516489145123039294595246341704420221028050824847466036018713030337246453417681345146821868887158901628886926762793394006576165331801 0 0 0 0 0 0 0 0 0 0 0 0 0 0 0 0 0 0 0 0 0 0 0 0 0 0 0 0 0 0 0 0 0 0 0 0 0 0 0 0 0 1 0 0 0 0 0 0 0 0 0 0 0 0 0 0 0 0 0 0 0 0 0 0 0 0 0 0 0]
[3477449262798144763394649489280873875881520319754867005650900307376055676210719946128523185359985181476768005139906544769308254284595741763802313221317666212143083312472653767970239793367577162742325899293301768 0 0 0 0 0 0 0 0 0 0 0 0 0 0 0 0 0 0 0 0 0 0 0 0 0 0 0 0 0 0 0 0 0 0 0 0 0 0 0 0 0 0 1 0 0 0 0 0 0 0 0 0 0 0 0 0 0 0 0 0 0 0 0 0 0 0 0 0 0]
[1316343047313502499992663905968944322804245911547668194670747337958794565145910516555845507947297391907979313919114287493688134707813100956381024004729765194069872424730256235953621126880045343732507643308690968 0 0 0 0 0 0 0 0 0 0 0 0 0 0 0 0 0 0 0 0 0 0 0 0 0 0 0 0 0 0 0 0 0 0 0 0 0 0 0 0 0 0 0 1 0 0 0 0 0 0 0 0 0 0 0 0 0 0 0 0 0 0 0 0 0 0 0 0 0]
[28706646232505232287016588186329325673197162844709909824520593685127424474735395024745972128788033009421888450980891313855902448875977197355125043874273753841011210518882562270069666644596872311506700484291412 0 0 0 0 0 0 0 0 0 0 0 0 0 0 0 0 0 0 0 0 0 0 0 0 0 0 0 0 0 0 0 0 0 0 0 0 0 0 0 0 0 0 0 0 1 0 0 0 0 0 0 0 0 0 0 0 0 0 0 0 0 0 0 0 0 0 0 0 0]
[687526167941399100452464717406454760218102003068077984593933370056398685865982853816290635939737641911036175372647430496210378406677771381317275830902547441791218212535064755855510658761949856456407095306639011 0 0 0 0 0 0 0 0 0 0 0 0 0 0 0 0 0 0 0 0 0 0 0 0 0 0 0 0 0 0 0 0 0 0 0 0 0 0 0 0 0 0 0 0 0 1 0 0 0 0 0 0 0 0 0 0 0 0 0 0 0 0 0 0 0 0 0 0 0]
[776319054033609469336677941337265977967348044578652752343935862826413254862637163969999288077841222022010477842249653619168721757824010194146429514221462429692167886150186644817060014604629336713695546785354272 0 0 0 0 0 0 0 0 0 0 0 0 0 0 0 0 0 0 0 0 0 0 0 0 0 0 0 0 0 0 0 0 0 0 0 0 0 0 0 0 0 0 0 0 0 0 1 0 0 0 0 0 0 0 0 0 0 0 0 0 0 0 0 0 0 0 0 0 0]
[2167760941995268855991583378231547864419488402007895649789172348703561930688596639188741266384303419329809989563739703237862208158578276815725797170036994807620264378513322655457969452550658228143637231670703401 0 0 0 0 0 0 0 0 0 0 0 0 0 0 0 0 0 0 0 0 0 0 0 0 0 0 0 0 0 0 0 0 0 0 0 0 0 0 0 0 0 0 0 0 0 0 0 1 0 0 0 0 0 0 0 0 0 0 0 0 0 0 0 0 0 0 0 0 0]
[1672323185035605007448380826498166208154329419900063333481446398194061343754612829883474708324897365746058387544459321479370707996552470287769962257472617964189182980322731328563526430794263667667726201697977273 0 0 0 0 0 0 0 0 0 0 0 0 0 0 0 0 0 0 0 0 0 0 0 0 0 0 0 0 0 0 0 0 0 0 0 0 0 0 0 0 0 0 0 0 0 0 0 0 1 0 0 0 0 0 0 0 0 0 0 0 0 0 0 0 0 0 0 0 0]
[455067069679236345331598593905060165671038986995596009126477583981150071554705792681285154953236194064311555607412713213315514706744286152560305379488122789469076948619625140092233789697770923925290144997520933 0 0 0 0 0 0 0 0 0 0 0 0 0 0 0 0 0 0 0 0 0 0 0 0 0 0 0 0 0 0 0 0 0 0 0 0 0 0 0 0 0 0 0 0 0 0 0 0 0 1 0 0 0 0 0 0 0 0 0 0 0 0 0 0 0 0 0 0 0]
[2951757880348720946673099733318642057591869060533212837955574200421117590469503778703633825836320825125232483248897181356149532829523166519155707540746072743476487688590765963338861834257094761328599411360445271 0 0 0 0 0 0 0 0 0 0 0 0 0 0 0 0 0 0 0 0 0 0 0 0 0 0 0 0 0 0 0 0 0 0 0 0 0 0 0 0 0 0 0 0 0 0 0 0 0 0 1 0 0 0 0 0 0 0 0 0 0 0 0 0 0 0 0 0 0]
[2002814159550970301978645569715476950558020152340206561918933625140568115173777921782347688569271788760289753654188394774784505104044238444389959008134995284820046531302306528616292251360333113169955846337230040 0 0 0 0 0 0 0 0 0 0 0 0 0 0 0 0 0 0 0 0 0 0 0 0 0 0 0 0 0 0 0 0 0 0 0 0 0 0 0 0 0 0 0 0 0 0 0 0 0 0 0 1 0 0 0 0 0 0 0 0 0 0 0 0 0 0 0 0 0]
[1745300140857937380592968504418634667137361167811488402163038137031090114442920377902586368915491744160982687110974106974410659894659305343159239663179483609845845438190050805840045903753977402888733915170974926 0 0 0 0 0 0 0 0 0 0 0 0 0 0 0 0 0 0 0 0 0 0 0 0 0 0 0 0 0 0 0 0 0 0 0 0 0 0 0 0 0 0 0 0 0 0 0 0 0 0 0 0 1 0 0 0 0 0 0 0 0 0 0 0 0 0 0 0 0]
[3917204291375026050511352001630369569994371849276852825878313081576310582432134663784269878822782802969502111077408010850912842067395807061678590512686231428726393444472596239313174334680059050212347080259160232 0 0 0 0 0 0 0 0 0 0 0 0 0 0 0 0 0 0 0 0 0 0 0 0 0 0 0 0 0 0 0 0 0 0 0 0 0 0 0 0 0 0 0 0 0 0 0 0 0 0 0 0 0 1 0 0 0 0 0 0 0 0 0 0 0 0 0 0 0]
[4477377635089981839132185288329674248451256445179685127717069575380474963977372796537480748035400159889084603754345296075543846645109121128039520370693521495671264798208376068378450183920314852109845753256981559 0 0 0 0 0 0 0 0 0 0 0 0 0 0 0 0 0 0 0 0 0 0 0 0 0 0 0 0 0 0 0 0 0 0 0 0 0 0 0 0 0 0 0 0 0 0 0 0 0 0 0 0 0 0 1 0 0 0 0 0 0 0 0 0 0 0 0 0 0]
[1732891908584421715026573808726592524682583458196454949271865589188684765010580997612455229126212377106524772594340540333977481102296711927423267688101212257860248700944306312206198949497845136800427480676006892 0 0 0 0 0 0 0 0 0 0 0 0 0 0 0 0 0 0 0 0 0 0 0 0 0 0 0 0 0 0 0 0 0 0 0 0 0 0 0 0 0 0 0 0 0 0 0 0 0 0 0 0 0 0 0 1 0 0 0 0 0 0 0 0 0 0 0 0 0]
[44206914256376063724239614608793785103359287594655570444670366329061333376692171946419003017952929334914227369919457702556962256772123468245723777836824720160192388002511577023862435278557157711874226427457892 0 0 0 0 0 0 0 0 0 0 0 0 0 0 0 0 0 0 0 0 0 0 0 0 0 0 0 0 0 0 0 0 0 0 0 0 0 0 0 0 0 0 0 0 0 0 0 0 0 0 0 0 0 0 0 0 1 0 0 0 0 0 0 0 0 0 0 0 0]
[1449825923524583379986625949988643023676489834970410793384985231653231246603225709111540349448975250670918191835151818797732024563602394493946833873714531618722701900809072976276859382825646204389326073734811187 0 0 0 0 0 0 0 0 0 0 0 0 0 0 0 0 0 0 0 0 0 0 0 0 0 0 0 0 0 0 0 0 0 0 0 0 0 0 0 0 0 0 0 0 0 0 0 0 0 0 0 0 0 0 0 0 0 1 0 0 0 0 0 0 0 0 0 0 0]
[2809215632224080801786568277674599066587964066632064326783258005400911718961580537401680586050340125005672135930382063132026413897503808916004794128873124397765386285240707633359328001855503000985315857904533420 0 0 0 0 0 0 0 0 0 0 0 0 0 0 0 0 0 0 0 0 0 0 0 0 0 0 0 0 0 0 0 0 0 0 0 0 0 0 0 0 0 0 0 0 0 0 0 0 0 0 0 0 0 0 0 0 0 0 1 0 0 0 0 0 0 0 0 0 0]
[2876151324380018095106981363863684458913968621330217110717540141838229311823945978105043257824553124189384473145471156494965738269691440673360461418382489603100164705926965799395682150967986043023929688870260557 0 0 0 0 0 0 0 0 0 0 0 0 0 0 0 0 0 0 0 0 0 0 0 0 0 0 0 0 0 0 0 0 0 0 0 0 0 0 0 0 0 0 0 0 0 0 0 0 0 0 0 0 0 0 0 0 0 0 0 1 0 0 0 0 0 0 0 0 0]
[2026030373077299038384874901925434775166470651513965048733372055544106725496053926144488101843260981028998288463110335127290688439140737023141969738509012352038369989224263217175872098122024089580376903174658343 0 0 0 0 0 0 0 0 0 0 0 0 0 0 0 0 0 0 0 0 0 0 0 0 0 0 0 0 0 0 0 0 0 0 0 0 0 0 0 0 0 0 0 0 0 0 0 0 0 0 0 0 0 0 0 0 0 0 0 0 1 0 0 0 0 0 0 0 0]
[826769912762183275946827858982555543035237345745119682270950720501799223648160901900455210417753664002991679518602150677206222970714975826048479951487622052253801460821603648928322835499325063855391026962829961 0 0 0 0 0 0 0 0 0 0 0 0 0 0 0 0 0 0 0 0 0 0 0 0 0 0 0 0 0 0 0 0 0 0 0 0 0 0 0 0 0 0 0 0 0 0 0 0 0 0 0 0 0 0 0 0 0 0 0 0 0 1 0 0 0 0 0 0 0]
[1985810029133829356095931581831014581798905028546300404579598536360713931157037211433035775755786477185442779674718675864593137647230466288397357542249005947563546481919025570044949883139989799793740413999928692 0 0 0 0 0 0 0 0 0 0 0 0 0 0 0 0 0 0 0 0 0 0 0 0 0 0 0 0 0 0 0 0 0 0 0 0 0 0 0 0 0 0 0 0 0 0 0 0 0 0 0 0 0 0 0 0 0 0 0 0 0 0 1 0 0 0 0 0 0]
[3277608913497051627871051527130731614652731428879052826057982950754702611542266801089809562071004525881338474703744723794347830392260196741526964855858378821461200514569869467200190125196802967944544680312389284 0 0 0 0 0 0 0 0 0 0 0 0 0 0 0 0 0 0 0 0 0 0 0 0 0 0 0 0 0 0 0 0 0 0 0 0 0 0 0 0 0 0 0 0 0 0 0 0 0 0 0 0 0 0 0 0 0 0 0 0 0 0 0 1 0 0 0 0 0]
[2110306386750942141844266288966443388442515568379728243444637092487090357384325024766183473078549810676081885990911016664945486162057269031516916784833632405751337987173373942675893342793173524017224446287857433 0 0 0 0 0 0 0 0 0 0 0 0 0 0 0 0 0 0 0 0 0 0 0 0 0 0 0 0 0 0 0 0 0 0 0 0 0 0 0 0 0 0 0 0 0 0 0 0 0 0 0 0 0 0 0 0 0 0 0 0 0 0 0 0 1 0 0 0 0]
[2547697827794502034865336498441140614699196568697423557024506871967397132815687468394028560787831739501743638918394173342713734490543337909911004190518532155073424704347275906594550752214749577708047174621372974 0 0 0 0 0 0 0 0 0 0 0 0 0 0 0 0 0 0 0 0 0 0 0 0 0 0 0 0 0 0 0 0 0 0 0 0 0 0 0 0 0 0 0 0 0 0 0 0 0 0 0 0 0 0 0 0 0 0 0 0 0 0 0 0 0 1 0 0 0]
[1501877637305755164985422171503461178460753383022621331265915472780000773062370652107510233418301569133495280013655557232478367890511707244692471522822659333492112311466340746240745683902698180266850235184250915 0 0 0 0 0 0 0 0 0 0 0 0 0 0 0 0 0 0 0 0 0 0 0 0 0 0 0 0 0 0 0 0 0 0 0 0 0 0 0 0 0 0 0 0 0 0 0 0 0 0 0 0 0 0 0 0 0 0 0 0 0 0 0 0 0 0 1 0 0]
[3354282873004950247402581947483190460958120555725577224593574402578368681781773423388312571744080972718160650942411533209772705313019861752086917964263207582216723969627365754960231023859686624721839327211928570 0 0 0 0 0 0 0 0 0 0 0 0 0 0 0 0 0 0 0 0 0 0 0 0 0 0 0 0 0 0 0 0 0 0 0 0 0 0 0 0 0 0 0 0 0 0 0 0 0 0 0 0 0 0 0 0 0 0 0 0 0 0 0 0 0 0 0 1 0]
[3972979039083678597447036296095114649427377770796704658470212200399222644529558768319162170685855178936383009576434351764415828278210331454418879855219255621399508680516071586902350470603988536656506866743150658 0 0 0 0 0 0 0 0 0 0 0 0 0 0 0 0 0 0 0 0 0 0 0 0 0 0 0 0 0 0 0 0 0 0 0 0 0 0 0 0 0 0 0 0 0 0 0 0 0 0 0 0 0 0 0 0 0 0 0 0 0 0 0 0 0 0 0 0 1]
]
