[[4963339453002623141990436391471251003112741619744047100707015677562248882487520538750481540020515557946379004470879258008976371713959133198250963884632927101115394944221845307996409147159793497794633430749630467 0 0 0 0 0 0 0 0 0 0 0 0 0 0 0 0 0 0 0 0 0 0 0 0 0 0 0 0 0 0 0 0 0 0 0 0 0 0 0 0 0 0 0 0 0 0 0 0 0 0 0 0 0 0 0 0 0 0 0 0 0 0 0 0 0 0 0 0 0]
[4770998467341720203125907194121429493369926213388248518493893912062654418390986476905320572357820562478640466032813510094730797771156868714440517117485425164856118147972318857444591439494086719369507461906056332 1 0 0 0 0 0 0 0 0 0 0 0 0 0 0 0 0 0 0 0 0 0 0 0 0 0 0 0 0 0 0 0 0 0 0 0 0 0 0 0 0 0 0 0 0 0 0 0 0 0 0 0 0 0 0 0 0 0 0 0 0 0 0 0 0 0 0 0 0]
[1933350984698562666574317203009127949341578104086770522131933431593667322313749527738217599473041093842489394943130924471244069093894260968104948584906327255882731436921067041790939746693189338017000015639667674 0 1 0 0 0 0 0 0 0 0 0 0 0 0 0 0 0 0 0 0 0 0 0 0 0 0 0 0 0 0 0 0 0 0 0 0 0 0 0 0 0 0 0 0 0 0 0 0 0 0 0 0 0 0 0 0 0 0 0 0 0 0 0 0 0 0 0 0 0]
[2216329804924767899803920784234819064912053322437205144903795357983320398219991529356641561200970020909714311396796889859811845057044984295022251465711341516921045102949495895896738018781807862755223311221874995 0 0 1 0 0 0 0 0 0 0 0 0 0 0 0 0 0 0 0 0 0 0 0 0 0 0 0 0 0 0 0 0 0 0 0 0 0 0 0 0 0 0 0 0 0 0 0 0 0 0 0 0 0 0 0 0 0 0 0 0 0 0 0 0 0 0 0 0 0]
[4325988039358713597574724430183219748845452949748052464998820778979081200273221239671619915799861433562264255665252327859631595583542838127234531603212660915306153389508655515014733061591969429002299369299130088 0 0 0 1 0 0 0 0 0 0 0 0 0 0 0 0 0 0 0 0 0 0 0 0 0 0 0 0 0 0 0 0 0 0 0 0 0 0 0 0 0 0 0 0 0 0 0 0 0 0 0 0 0 0 0 0 0 0 0 0 0 0 0 0 0 0 0 0 0]
[3979346217026803423918822795901139740510261884458269731794255404936712692743114174201847079302184219303861864005938780769972249727297550407442000261692216919565304436622021368648939394592388350770010784240853639 0 0 0 0 1 0 0 0 0 0 0 0 0 0 0 0 0 0 0 0 0 0 0 0 0 0 0 0 0 0 0 0 0 0 0 0 0 0 0 0 0 0 0 0 0 0 0 0 0 0 0 0 0 0 0 0 0 0 0 0 0 0 0 0 0 0 0 0 0]
[2166463789049872747995341030741209606268985378700139489848386089284689202594700517278579076250904803733877129349074406001565659773176592904697633349573509308502847211550711909723524929677151927126774035223673654 0 0 0 0 0 1 0 0 0 0 0 0 0 0 0 0 0 0 0 0 0 0 0 0 0 0 0 0 0 0 0 0 0 0 0 0 0 0 0 0 0 0 0 0 0 0 0 0 0 0 0 0 0 0 0 0 0 0 0 0 0 0 0 0 0 0 0 0 0]
[1825419332404727048730842533675550674300822631299516993220846793547464536047992553779013746276566499945528660132611028310298536343793494278926874951061042626020337363334613211606420527632732780039183463677064346 0 0 0 0 0 0 1 0 0 0 0 0 0 0 0 0 0 0 0 0 0 0 0 0 0 0 0 0 0 0 0 0 0 0 0 0 0 0 0 0 0 0 0 0 0 0 0 0 0 0 0 0 0 0 0 0 0 0 0 0 0 0 0 0 0 0 0 0 0]
[573210179467017763145921643482185338800345989647162736070067141934985326167543189721154606989753254507053047576942413396563454006696391061187337650535384708055310578942899592141902243225421752031155175558577102 0 0 0 0 0 0 0 1 0 0 0 0 0 0 0 0 0 0 0 0 0 0 0 0 0 0 0 0 0 0 0 0 0 0 0 0 0 0 0 0 0 0 0 0 0 0 0 0 0 0 0 0 0 0 0 0 0 0 0 0 0 0 0 0 0 0 0 0 0]
[3203973925297518694479928002362212096404743261745750987493759832478453896684712651187185419414942380471989430557232210604588873079384812826038440957845267986465278631638155489701801728153003265195871279314671169 0 0 0 0 0 0 0 0 1 0 0 0 0 0 0 0 0 0 0 0 0 0 0 0 0 0 0 0 0 0 0 0 0 0 0 0 0 0 0 0 0 0 0 0 0 0 0 0 0 0 0 0 0 0 0 0 0 0 0 0 0 0 0 0 0 0 0 0 0]
[3164542989943317513346878379776320916500343554221162077997311040112750689175097183214624231679824038071633219410158438173246286325916266616401933497793277723717433949749974590190443900997978176048118102412593852 0 0 0 0 0 0 0 0 0 1 0 0 0 0 0 0 0 0 0 0 0 0 0 0 0 0 0 0 0 0 0 0 0 0 0 0 0 0 0 0 0 0 0 0 0 0 0 0 0 0 0 0 0 0 0 0 0 0 0 0 0 0 0 0 0 0 0 0 0]
[1269510225670393911536432392911461804176985781656619526031948148701526718347842982533820918031250094169292407158507666582985886076162038310507209720060237745413629575354541946570722340506305757917164923380263581 0 0 0 0 0 0 0 0 0 0 1 0 0 0 0 0 0 0 0 0 0 0 0 0 0 0 0 0 0 0 0 0 0 0 0 0 0 0 0 0 0 0 0 0 0 0 0 0 0 0 0 0 0 0 0 0 0 0 0 0 0 0 0 0 0 0 0 0 0]
[4670478954604273171353459416200931304624647067598560983737770645963920672527715824801940149616854942190294991095440525059656062183827570732595023781528551929087364241560038632913529456702380154873952925230105836 0 0 0 0 0 0 0 0 0 0 0 1 0 0 0 0 0 0 0 0 0 0 0 0 0 0 0 0 0 0 0 0 0 0 0 0 0 0 0 0 0 0 0 0 0 0 0 0 0 0 0 0 0 0 0 0 0 0 0 0 0 0 0 0 0 0 0 0 0]
[6576951491551321792404442631689627667895027380336671062044018493879975900075303314069853857877608100458168343934063810589268908936810497838403688732589913790061549564995540319942229665663375814616884104244159 0 0 0 0 0 0 0 0 0 0 0 0 1 0 0 0 0 0 0 0 0 0 0 0 0 0 0 0 0 0 0 0 0 0 0 0 0 0 0 0 0 0 0 0 0 0 0 0 0 0 0 0 0 0 0 0 0 0 0 0 0 0 0 0 0 0 0 0 0]
[1990272626573963737635267887224225626824916435936748157105845550160284035253502404124133280134192157919496249676340595890117873437911632121829400921152821512350736185628110530590986986613748852769995063881913727 0 0 0 0 0 0 0 0 0 0 0 0 0 1 0 0 0 0 0 0 0 0 0 0 0 0 0 0 0 0 0 0 0 0 0 0 0 0 0 0 0 0 0 0 0 0 0 0 0 0 0 0 0 0 0 0 0 0 0 0 0 0 0 0 0 0 0 0 0]
[4011774553834347591575247755826615381488409602683929041049672786669840628920901819952578921007674075020700064689606261819746563818747583918015291172902875579721376127635181385859606678529800622578548076965371183 0 0 0 0 0 0 0 0 0 0 0 0 0 0 1 0 0 0 0 0 0 0 0 0 0 0 0 0 0 0 0 0 0 0 0 0 0 0 0 0 0 0 0 0 0 0 0 0 0 0 0 0 0 0 0 0 0 0 0 0 0 0 0 0 0 0 0 0 0]
[3430816164584097208228015036116022191541298268464934606136944844971100129253838057618087135580913543715624009249653713552219356908897389002732247261326943708695318217156164007982504252381709629021980585502719023 0 0 0 0 0 0 0 0 0 0 0 0 0 0 0 1 0 0 0 0 0 0 0 0 0 0 0 0 0 0 0 0 0 0 0 0 0 0 0 0 0 0 0 0 0 0 0 0 0 0 0 0 0 0 0 0 0 0 0 0 0 0 0 0 0 0 0 0 0]
[2068029126771189104111782749888557542760528260598666529898272823433405482547558884673801308183541950446393075025635736304979809831943751053874008116202986928268350515398870902654883078305398610019053135597538631 0 0 0 0 0 0 0 0 0 0 0 0 0 0 0 0 1 0 0 0 0 0 0 0 0 0 0 0 0 0 0 0 0 0 0 0 0 0 0 0 0 0 0 0 0 0 0 0 0 0 0 0 0 0 0 0 0 0 0 0 0 0 0 0 0 0 0 0 0]
[2688884587814180857692679044433397186087577952420505615192954046179661357801867562394431325975558347393297378275969495934268749659225441050244275886786802540512180248311363222166985924316867714372715797784790353 0 0 0 0 0 0 0 0 0 0 0 0 0 0 0 0 0 1 0 0 0 0 0 0 0 0 0 0 0 0 0 0 0 0 0 0 0 0 0 0 0 0 0 0 0 0 0 0 0 0 0 0 0 0 0 0 0 0 0 0 0 0 0 0 0 0 0 0 0]
[4237985973736975116241228857788616054567492744160119939802019977493384656998738412355726082722033241746967509876063424268719886576232314184340434623945844368391261831889059851913770351579192180530080295954957092 0 0 0 0 0 0 0 0 0 0 0 0 0 0 0 0 0 0 1 0 0 0 0 0 0 0 0 0 0 0 0 0 0 0 0 0 0 0 0 0 0 0 0 0 0 0 0 0 0 0 0 0 0 0 0 0 0 0 0 0 0 0 0 0 0 0 0 0 0]
[4027682519906407478377875837521146179823101744184558472978975443987524290566331066938159352001199355027577547270941024305074192152413670823259037411312171264029372069776323109054766831364775726227578376946498718 0 0 0 0 0 0 0 0 0 0 0 0 0 0 0 0 0 0 0 1 0 0 0 0 0 0 0 0 0 0 0 0 0 0 0 0 0 0 0 0 0 0 0 0 0 0 0 0 0 0 0 0 0 0 0 0 0 0 0 0 0 0 0 0 0 0 0 0 0]
[440895620367274528986416309152831195190595647012265768001775203973425713880829562242116353588978608589946160480594325586063123483764052830681954749535537609841024245265464757539300322785823857772452776358328887 0 0 0 0 0 0 0 0 0 0 0 0 0 0 0 0 0 0 0 0 1 0 0 0 0 0 0 0 0 0 0 0 0 0 0 0 0 0 0 0 0 0 0 0 0 0 0 0 0 0 0 0 0 0 0 0 0 0 0 0 0 0 0 0 0 0 0 0 0]
[2748537871200204101464258591806571022983084015665609606962852562829240729645223056075508774379322600120346045801319388647974014675926612923737859502351001236357947383972526480953417382846864881311720335637110789 0 0 0 0 0 0 0 0 0 0 0 0 0 0 0 0 0 0 0 0 0 1 0 0 0 0 0 0 0 0 0 0 0 0 0 0 0 0 0 0 0 0 0 0 0 0 0 0 0 0 0 0 0 0 0 0 0 0 0 0 0 0 0 0 0 0 0 0 0]
[612673579470021184908705938496000802108227853981660649647468165311023745164232224375728495115821496556704193550965573434173089061128851931878028325442353796894151176804207784093625037778780920097980569789310829 0 0 0 0 0 0 0 0 0 0 0 0 0 0 0 0 0 0 0 0 0 0 1 0 0 0 0 0 0 0 0 0 0 0 0 0 0 0 0 0 0 0 0 0 0 0 0 0 0 0 0 0 0 0 0 0 0 0 0 0 0 0 0 0 0 0 0 0 0]
[3825819386325178117631579744714252401852648552882388848250054682935582056105430328764673862789020577102848232022616674684983484847872840045708178573695833388270722473154928902495324496770027934824348376329117811 0 0 0 0 0 0 0 0 0 0 0 0 0 0 0 0 0 0 0 0 0 0 0 1 0 0 0 0 0 0 0 0 0 0 0 0 0 0 0 0 0 0 0 0 0 0 0 0 0 0 0 0 0 0 0 0 0 0 0 0 0 0 0 0 0 0 0 0 0]
[4254378280005502396910414987118917694832945831473155812908296123979839485366660771784473738397760479399461193700924003350566706301329837083205255890261129398847179563282271412056530229262807825154221084185189190 0 0 0 0 0 0 0 0 0 0 0 0 0 0 0 0 0 0 0 0 0 0 0 0 1 0 0 0 0 0 0 0 0 0 0 0 0 0 0 0 0 0 0 0 0 0 0 0 0 0 0 0 0 0 0 0 0 0 0 0 0 0 0 0 0 0 0 0 0]
[3019783795599415515030060233484471290523579811369503977728093568061376025199859506364434976172739498476145935353369752262100455084493535279106964998964617236123487217908673039989008280244367815940642004348822120 0 0 0 0 0 0 0 0 0 0 0 0 0 0 0 0 0 0 0 0 0 0 0 0 0 1 0 0 0 0 0 0 0 0 0 0 0 0 0 0 0 0 0 0 0 0 0 0 0 0 0 0 0 0 0 0 0 0 0 0 0 0 0 0 0 0 0 0 0]
[1400845882987418312468666684089903855810768615457410582734684889866627002097009879267086155432171765619787344199108908638571211448779699602458078433891520571940492896317514953848241009297320060603434281715467026 0 0 0 0 0 0 0 0 0 0 0 0 0 0 0 0 0 0 0 0 0 0 0 0 0 0 1 0 0 0 0 0 0 0 0 0 0 0 0 0 0 0 0 0 0 0 0 0 0 0 0 0 0 0 0 0 0 0 0 0 0 0 0 0 0 0 0 0 0]
[1780422079505754976468734518412476526774896187831458884936386163325204590414524478786320684783536206249245944857991185976403353266828003223495953321252878751824312516319523533717050700595059732344055077981897973 0 0 0 0 0 0 0 0 0 0 0 0 0 0 0 0 0 0 0 0 0 0 0 0 0 0 0 1 0 0 0 0 0 0 0 0 0 0 0 0 0 0 0 0 0 0 0 0 0 0 0 0 0 0 0 0 0 0 0 0 0 0 0 0 0 0 0 0 0]
[455865695731736589290141110337416630248753778317437062131609622342983135928848439648606677693477606913152956556467310113998533458920593766569917650114099425417998362065934949412140962400621533428371455049805720 0 0 0 0 0 0 0 0 0 0 0 0 0 0 0 0 0 0 0 0 0 0 0 0 0 0 0 0 1 0 0 0 0 0 0 0 0 0 0 0 0 0 0 0 0 0 0 0 0 0 0 0 0 0 0 0 0 0 0 0 0 0 0 0 0 0 0 0 0]
[1348701472457721978643486171947531069362052741075896384745348250256724667501017793685774485336928444093334791008164961384141966518256474531698904954830449608766520160847666214066167472057093275081961003175913851 0 0 0 0 0 0 0 0 0 0 0 0 0 0 0 0 0 0 0 0 0 0 0 0 0 0 0 0 0 1 0 0 0 0 0 0 0 0 0 0 0 0 0 0 0 0 0 0 0 0 0 0 0 0 0 0 0 0 0 0 0 0 0 0 0 0 0 0 0]
[4649281202740726058871090165214017769548197331954558821061901082480538880674780841285967534622854926749916571146800993084379578583106606555166675343979689098530560598480483450714358575671850089010069220396606172 0 0 0 0 0 0 0 0 0 0 0 0 0 0 0 0 0 0 0 0 0 0 0 0 0 0 0 0 0 0 1 0 0 0 0 0 0 0 0 0 0 0 0 0 0 0 0 0 0 0 0 0 0 0 0 0 0 0 0 0 0 0 0 0 0 0 0 0 0]
[1806412374192013150350686373758224636822398360878810486978712907158154231652050824229219518862533086472927938353955634908212627027712390944439869996605612141023411513099355039266019394038260225170406089976244313 0 0 0 0 0 0 0 0 0 0 0 0 0 0 0 0 0 0 0 0 0 0 0 0 0 0 0 0 0 0 0 1 0 0 0 0 0 0 0 0 0 0 0 0 0 0 0 0 0 0 0 0 0 0 0 0 0 0 0 0 0 0 0 0 0 0 0 0 0]
[4572078559021455506796777296504599226374927768471263198200205625539008619757958460470782489429505060158368452591486833654723899094511318548410068195762156004116406202717005512026816696342069558969339908652763773 0 0 0 0 0 0 0 0 0 0 0 0 0 0 0 0 0 0 0 0 0 0 0 0 0 0 0 0 0 0 0 0 1 0 0 0 0 0 0 0 0 0 0 0 0 0 0 0 0 0 0 0 0 0 0 0 0 0 0 0 0 0 0 0 0 0 0 0 0]
[2106244591300001442006117522163184126102422537446654165220386491880098449713078139377728331978966307563448432378523345623108217478405564900150114450130109121825118179815196845743606833542701418088250964566906512 0 0 0 0 0 0 0 0 0 0 0 0 0 0 0 0 0 0 0 0 0 0 0 0 0 0 0 0 0 0 0 0 0 1 0 0 0 0 0 0 0 0 0 0 0 0 0 0 0 0 0 0 0 0 0 0 0 0 0 0 0 0 0 0 0 0 0 0 0]
[1495452179664741760127335773359143019251488506608308061066976545033711347510732674032459887435286172632739468287549052398855097628050617445932657336222193091103061306867671913175601477731192749233314993334103000 0 0 0 0 0 0 0 0 0 0 0 0 0 0 0 0 0 0 0 0 0 0 0 0 0 0 0 0 0 0 0 0 0 0 1 0 0 0 0 0 0 0 0 0 0 0 0 0 0 0 0 0 0 0 0 0 0 0 0 0 0 0 0 0 0 0 0 0 0]
[4018870690386106174325043725861637014230866872150803576438381933724280557543463069768612850831646826731421608940896027263611958429808260218761887040198883316775756766183461172731893529704398240434770557680476543 0 0 0 0 0 0 0 0 0 0 0 0 0 0 0 0 0 0 0 0 0 0 0 0 0 0 0 0 0 0 0 0 0 0 0 1 0 0 0 0 0 0 0 0 0 0 0 0 0 0 0 0 0 0 0 0 0 0 0 0 0 0 0 0 0 0 0 0 0]
[4025351378346393824983303462863565775120024017266094424648570227366127853318562856785919007407585805899506344322024653935120914590326139644223643571921322021119337860860433245816487018444884750626948850972032186 0 0 0 0 0 0 0 0 0 0 0 0 0 0 0 0 0 0 0 0 0 0 0 0 0 0 0 0 0 0 0 0 0 0 0 0 1 0 0 0 0 0 0 0 0 0 0 0 0 0 0 0 0 0 0 0 0 0 0 0 0 0 0 0 0 0 0 0 0]
[368251680416583195790599260946498751328754600598061881484993573729233613100411817586660399551327253317235922290557509926093896256491391125664988653440891559821901124709006501320728717269363451347917159027125019 0 0 0 0 0 0 0 0 0 0 0 0 0 0 0 0 0 0 0 0 0 0 0 0 0 0 0 0 0 0 0 0 0 0 0 0 0 1 0 0 0 0 0 0 0 0 0 0 0 0 0 0 0 0 0 0 0 0 0 0 0 0 0 0 0 0 0 0 0]
[1487388848455438496771294857108874063463270618691190007853774659035450503893279744070223517476188079884584871735354588756827815825493356176493366710218978932136120441866962894869006264215620570016417375143586633 0 0 0 0 0 0 0 0 0 0 0 0 0 0 0 0 0 0 0 0 0 0 0 0 0 0 0 0 0 0 0 0 0 0 0 0 0 0 1 0 0 0 0 0 0 0 0 0 0 0 0 0 0 0 0 0 0 0 0 0 0 0 0 0 0 0 0 0 0]
[4760683433927345045582807657715930227549423969152820203914914049739116639293586157116555338488053432994388318173588263418659030408332320023038048673117840870085707830604760151167127244150841538334529763534614513 0 0 0 0 0 0 0 0 0 0 0 0 0 0 0 0 0 0 0 0 0 0 0 0 0 0 0 0 0 0 0 0 0 0 0 0 0 0 0 1 0 0 0 0 0 0 0 0 0 0 0 0 0 0 0 0 0 0 0 0 0 0 0 0 0 0 0 0 0]
[1723932998654604466011755514031635245693192973416650654068627458365308519468248548895512802952658034012880492013885099860866032543657019406722514838716287012815458021882058764597704722051780394442730041506292784 0 0 0 0 0 0 0 0 0 0 0 0 0 0 0 0 0 0 0 0 0 0 0 0 0 0 0 0 0 0 0 0 0 0 0 0 0 0 0 0 1 0 0 0 0 0 0 0 0 0 0 0 0 0 0 0 0 0 0 0 0 0 0 0 0 0 0 0 0]
[4357593051457998733575708717008360232691810381149332494808930752760127767812942277558243642610642957028372197771501339959558982186483799469839363020422780312755053378356186264164518433918768610174494767711296255 0 0 0 0 0 0 0 0 0 0 0 0 0 0 0 0 0 0 0 0 0 0 0 0 0 0 0 0 0 0 0 0 0 0 0 0 0 0 0 0 0 1 0 0 0 0 0 0 0 0 0 0 0 0 0 0 0 0 0 0 0 0 0 0 0 0 0 0 0]
[4619544208257453461076681226820076422919810579544981913321078143720254718692854537270878108707919779867637968112447926505817267740627732140168103480705447144283675655543196560271757019263502832898044122943850087 0 0 0 0 0 0 0 0 0 0 0 0 0 0 0 0 0 0 0 0 0 0 0 0 0 0 0 0 0 0 0 0 0 0 0 0 0 0 0 0 0 0 1 0 0 0 0 0 0 0 0 0 0 0 0 0 0 0 0 0 0 0 0 0 0 0 0 0 0]
[200367468177673993666955485079092478879539086346863266945477358292171923236359938018119178084110891704220299907377789714018662291673891772059330187736589866190913113537331221189667226839190588976489059911366815 0 0 0 0 0 0 0 0 0 0 0 0 0 0 0 0 0 0 0 0 0 0 0 0 0 0 0 0 0 0 0 0 0 0 0 0 0 0 0 0 0 0 0 1 0 0 0 0 0 0 0 0 0 0 0 0 0 0 0 0 0 0 0 0 0 0 0 0 0]
[1759536172529970909348300892649576153660446347039809045839009398617924841277373376330117990881126905077388110179951564291467916212737146936713671490778520406282559055222635845514581912958064684674720462072889169 0 0 0 0 0 0 0 0 0 0 0 0 0 0 0 0 0 0 0 0 0 0 0 0 0 0 0 0 0 0 0 0 0 0 0 0 0 0 0 0 0 0 0 0 1 0 0 0 0 0 0 0 0 0 0 0 0 0 0 0 0 0 0 0 0 0 0 0 0]
[159155056122926500382984487292773673033742821777878716630849287715908743582158084222048429580985238280889320558630648554013561768588853990563273158160192240751381147502474361585945673915468597346646274473307080 0 0 0 0 0 0 0 0 0 0 0 0 0 0 0 0 0 0 0 0 0 0 0 0 0 0 0 0 0 0 0 0 0 0 0 0 0 0 0 0 0 0 0 0 0 1 0 0 0 0 0 0 0 0 0 0 0 0 0 0 0 0 0 0 0 0 0 0 0]
[3312342724134023431065514842345242255388055401090135270153450281451184931297699272100835673325895312551627930927053635065170903840799542991551997963455947002926504002737691522697170857517402424853244682133297846 0 0 0 0 0 0 0 0 0 0 0 0 0 0 0 0 0 0 0 0 0 0 0 0 0 0 0 0 0 0 0 0 0 0 0 0 0 0 0 0 0 0 0 0 0 0 1 0 0 0 0 0 0 0 0 0 0 0 0 0 0 0 0 0 0 0 0 0 0]
[3778960948993921865007015682926971822387769882365892038969174292368842393142832141956891093761852760229922994669001115828083047501958124964277575460012799609227400802370176973181140796184098301769103297188568252 0 0 0 0 0 0 0 0 0 0 0 0 0 0 0 0 0 0 0 0 0 0 0 0 0 0 0 0 0 0 0 0 0 0 0 0 0 0 0 0 0 0 0 0 0 0 0 1 0 0 0 0 0 0 0 0 0 0 0 0 0 0 0 0 0 0 0 0 0]
[697115219691287573432624730771086641321606426104821325936011026873403288874481185997345653414487835806909346785071807887113104531218339491004923016834335262626244190993393363176666989886884034461342866327133678 0 0 0 0 0 0 0 0 0 0 0 0 0 0 0 0 0 0 0 0 0 0 0 0 0 0 0 0 0 0 0 0 0 0 0 0 0 0 0 0 0 0 0 0 0 0 0 0 1 0 0 0 0 0 0 0 0 0 0 0 0 0 0 0 0 0 0 0 0]
[1296191943846916521198077659223667652166328859399425845603750935296508967496230224834511443981377706197181145230755255396502382381974300657260054566618330003427530604201607398941672579425529413656143155253670568 0 0 0 0 0 0 0 0 0 0 0 0 0 0 0 0 0 0 0 0 0 0 0 0 0 0 0 0 0 0 0 0 0 0 0 0 0 0 0 0 0 0 0 0 0 0 0 0 0 1 0 0 0 0 0 0 0 0 0 0 0 0 0 0 0 0 0 0 0]
[2013314299313685131769546013197914997240526930889961747868293855394972885690214675998037774213049977347947249649503720704665131545641989418289431040465480625008902932383409217566342930329465480304348745770473437 0 0 0 0 0 0 0 0 0 0 0 0 0 0 0 0 0 0 0 0 0 0 0 0 0 0 0 0 0 0 0 0 0 0 0 0 0 0 0 0 0 0 0 0 0 0 0 0 0 0 1 0 0 0 0 0 0 0 0 0 0 0 0 0 0 0 0 0 0]
[3146545478995611114493511842848256733050237680859227208976080651827669530503917814371753724361978279792906470198091813242723610030728611414827654154503800264253637309391549458527238258735031422163000207669098634 0 0 0 0 0 0 0 0 0 0 0 0 0 0 0 0 0 0 0 0 0 0 0 0 0 0 0 0 0 0 0 0 0 0 0 0 0 0 0 0 0 0 0 0 0 0 0 0 0 0 0 1 0 0 0 0 0 0 0 0 0 0 0 0 0 0 0 0 0]
[644752490082479516528375378977683084190713903138493872112092672310803043015945043636069193790805755760999750490418258368421499829491407914915642723220841334334393039151533886538133985696643387228391385032414505 0 0 0 0 0 0 0 0 0 0 0 0 0 0 0 0 0 0 0 0 0 0 0 0 0 0 0 0 0 0 0 0 0 0 0 0 0 0 0 0 0 0 0 0 0 0 0 0 0 0 0 0 1 0 0 0 0 0 0 0 0 0 0 0 0 0 0 0 0]
[2305648505163950690445297935863497951840234890671294936948882853960003364091018255784265569806665468627156189094550509857553249647774130487935158735891662019559879921289272014034996585095849109682521870840344157 0 0 0 0 0 0 0 0 0 0 0 0 0 0 0 0 0 0 0 0 0 0 0 0 0 0 0 0 0 0 0 0 0 0 0 0 0 0 0 0 0 0 0 0 0 0 0 0 0 0 0 0 0 1 0 0 0 0 0 0 0 0 0 0 0 0 0 0 0]
[4371274456296953556829698181592027225887516171709054585917797637277991537707862257560497031544198136888046730603086989588210808340409357240076713983356074648395127916629558676840105210874755728137882694995878891 0 0 0 0 0 0 0 0 0 0 0 0 0 0 0 0 0 0 0 0 0 0 0 0 0 0 0 0 0 0 0 0 0 0 0 0 0 0 0 0 0 0 0 0 0 0 0 0 0 0 0 0 0 0 1 0 0 0 0 0 0 0 0 0 0 0 0 0 0]
[3394121305143284418610454620973913043812705462555661977115593203783238418290584722811945328942827235534235035238403270942582701870295153547294258051427006235502918350788888729261539455685388167971156324671098374 0 0 0 0 0 0 0 0 0 0 0 0 0 0 0 0 0 0 0 0 0 0 0 0 0 0 0 0 0 0 0 0 0 0 0 0 0 0 0 0 0 0 0 0 0 0 0 0 0 0 0 0 0 0 0 1 0 0 0 0 0 0 0 0 0 0 0 0 0]
[4957506789262996502051632324101278710595895809876635372071958518514505634802673315795351259907300055472388966340868324110725847129951986569309635889069992559313327300613637849524229039274150041126512414054129918 0 0 0 0 0 0 0 0 0 0 0 0 0 0 0 0 0 0 0 0 0 0 0 0 0 0 0 0 0 0 0 0 0 0 0 0 0 0 0 0 0 0 0 0 0 0 0 0 0 0 0 0 0 0 0 0 1 0 0 0 0 0 0 0 0 0 0 0 0]
[4308289797535408674604993013771707504825131773864764801551413648385966600932118867903450677796600711645442412215261769128670876468059497088632531762103356319073264296267921954808994628782503688727058128267069067 0 0 0 0 0 0 0 0 0 0 0 0 0 0 0 0 0 0 0 0 0 0 0 0 0 0 0 0 0 0 0 0 0 0 0 0 0 0 0 0 0 0 0 0 0 0 0 0 0 0 0 0 0 0 0 0 0 1 0 0 0 0 0 0 0 0 0 0 0]
[2814884690008383580645790106437973586658361669345526546966500490025586461740762488304484200620480761932710861478069714412132501346750646750894548453875144894027010815436615034462385921995978936522438705905563104 0 0 0 0 0 0 0 0 0 0 0 0 0 0 0 0 0 0 0 0 0 0 0 0 0 0 0 0 0 0 0 0 0 0 0 0 0 0 0 0 0 0 0 0 0 0 0 0 0 0 0 0 0 0 0 0 0 0 1 0 0 0 0 0 0 0 0 0 0]
[1559152601380018322188234541778751929124026445469910138212204170170501756720276245857649136725311402384760929525132833495030308168529165113431200423796583184386564709621252576645438576774793928238162066592034416 0 0 0 0 0 0 0 0 0 0 0 0 0 0 0 0 0 0 0 0 0 0 0 0 0 0 0 0 0 0 0 0 0 0 0 0 0 0 0 0 0 0 0 0 0 0 0 0 0 0 0 0 0 0 0 0 0 0 0 1 0 0 0 0 0 0 0 0 0]
[1941021873909733794848603104697681545651545839034296948663853761976070538491013062703427565045335951649904563426619524768250480132918112500907789195196936730711780036045910883722303391657999700231436497261936944 0 0 0 0 0 0 0 0 0 0 0 0 0 0 0 0 0 0 0 0 0 0 0 0 0 0 0 0 0 0 0 0 0 0 0 0 0 0 0 0 0 0 0 0 0 0 0 0 0 0 0 0 0 0 0 0 0 0 0 0 1 0 0 0 0 0 0 0 0]
[42628146519471125432977396961925551374291586121925906699739214598897843953774179158954602966250918630370914064208554674395929268524027083217204753987975614972966522572445245741212713729501882380760029538282295 0 0 0 0 0 0 0 0 0 0 0 0 0 0 0 0 0 0 0 0 0 0 0 0 0 0 0 0 0 0 0 0 0 0 0 0 0 0 0 0 0 0 0 0 0 0 0 0 0 0 0 0 0 0 0 0 0 0 0 0 0 1 0 0 0 0 0 0 0]
[1766378526322638070681357417556962282380178287200822634203362401135334498884740745623533249096753445323236310953928208186566324589996004390281429749754989027376227820399886100418412844788456062276024499425710214 0 0 0 0 0 0 0 0 0 0 0 0 0 0 0 0 0 0 0 0 0 0 0 0 0 0 0 0 0 0 0 0 0 0 0 0 0 0 0 0 0 0 0 0 0 0 0 0 0 0 0 0 0 0 0 0 0 0 0 0 0 0 1 0 0 0 0 0 0]
[1132486993704269798062966845739783145308577573969248964229114897063487205583015773657155928645683372248963651618367031085905200242789724948147039105295341846350592673445281826863310365446140075410284174481206635 0 0 0 0 0 0 0 0 0 0 0 0 0 0 0 0 0 0 0 0 0 0 0 0 0 0 0 0 0 0 0 0 0 0 0 0 0 0 0 0 0 0 0 0 0 0 0 0 0 0 0 0 0 0 0 0 0 0 0 0 0 0 0 1 0 0 0 0 0]
[2313043337008449155738410369450133157969795488469150092109290233375820954724245580180625427761483018486132203268583928771382652483941422007392736279232697668415494743344331001735000672764004047314814333351118920 0 0 0 0 0 0 0 0 0 0 0 0 0 0 0 0 0 0 0 0 0 0 0 0 0 0 0 0 0 0 0 0 0 0 0 0 0 0 0 0 0 0 0 0 0 0 0 0 0 0 0 0 0 0 0 0 0 0 0 0 0 0 0 0 1 0 0 0 0]
[2599012691142264373191787038152382797591880665672747223052401743509651712933291471976466348034882217886780923257921086882137735667078368703142587855130213586081072276995474242952945530682927164438449754739324683 0 0 0 0 0 0 0 0 0 0 0 0 0 0 0 0 0 0 0 0 0 0 0 0 0 0 0 0 0 0 0 0 0 0 0 0 0 0 0 0 0 0 0 0 0 0 0 0 0 0 0 0 0 0 0 0 0 0 0 0 0 0 0 0 0 1 0 0 0]
[4862954354140269247752474272087198485257020991594388320072688096608316240254778746405247847287817201280434077449628939699628146355282583647253256969189326056039939385162669018939870814041164974063927492636203229 0 0 0 0 0 0 0 0 0 0 0 0 0 0 0 0 0 0 0 0 0 0 0 0 0 0 0 0 0 0 0 0 0 0 0 0 0 0 0 0 0 0 0 0 0 0 0 0 0 0 0 0 0 0 0 0 0 0 0 0 0 0 0 0 0 0 1 0 0]
[2062109883627626996124528353083600958081536235940728093652367895610556165365842291422145153350542896914046634967895834959539194073615779008665655391069211780465099503302929855086906208054985923110856430869286884 0 0 0 0 0 0 0 0 0 0 0 0 0 0 0 0 0 0 0 0 0 0 0 0 0 0 0 0 0 0 0 0 0 0 0 0 0 0 0 0 0 0 0 0 0 0 0 0 0 0 0 0 0 0 0 0 0 0 0 0 0 0 0 0 0 0 0 1 0]
[358713724100544670087648562492120010942624441533289806614273208604294144396633744251531072454590311462809955194284974733160006205543706179811692839151516755219878489914890240296952222062868897036122493946085460 0 0 0 0 0 0 0 0 0 0 0 0 0 0 0 0 0 0 0 0 0 0 0 0 0 0 0 0 0 0 0 0 0 0 0 0 0 0 0 0 0 0 0 0 0 0 0 0 0 0 0 0 0 0 0 0 0 0 0 0 0 0 0 0 0 0 0 0 1]
]
