[[3663816543648509565832819265133973408652050151525479574170400626428421566345574391996940775055542751828404000760116135685810184666824460987087285113448541810696502479645054554937813478978334591524523490324602431 0 0 0 0 0 0 0 0 0 0 0 0 0 0 0 0 0 0 0 0 0 0 0 0 0 0 0 0 0 0 0 0 0 0 0 0 0 0 0 0 0 0 0 0 0 0 0 0 0 0 0 0 0 0 0 0 0 0 0 0 0 0 0 0 0 0 0 0 0]
[2588956156725763103726052208672391190571223941940116603220156673138088424713722361657038875189554498565510226828862769309319501880052570787667455465532642342084693089309260057842620485176834189154378473852297218 1 0 0 0 0 0 0 0 0 0 0 0 0 0 0 0 0 0 0 0 0 0 0 0 0 0 0 0 0 0 0 0 0 0 0 0 0 0 0 0 0 0 0 0 0 0 0 0 0 0 0 0 0 0 0 0 0 0 0 0 0 0 0 0 0 0 0 0 0]
[2668394650485606358231830722058458649081986876037108673883949456315175345375652976957357793617478882741317702157485410211675915358616380639297369495543728007210238430165818365070443206787356789504952726821389979 0 1 0 0 0 0 0 0 0 0 0 0 0 0 0 0 0 0 0 0 0 0 0 0 0 0 0 0 0 0 0 0 0 0 0 0 0 0 0 0 0 0 0 0 0 0 0 0 0 0 0 0 0 0 0 0 0 0 0 0 0 0 0 0 0 0 0 0 0]
[1012433925235837182597126053795183585124227672117021436759370178659754428766281075462899299426316588276007413620260848829609382112979836112161725890924831161101285520077565671399605087755405214384691303934247731 0 0 1 0 0 0 0 0 0 0 0 0 0 0 0 0 0 0 0 0 0 0 0 0 0 0 0 0 0 0 0 0 0 0 0 0 0 0 0 0 0 0 0 0 0 0 0 0 0 0 0 0 0 0 0 0 0 0 0 0 0 0 0 0 0 0 0 0 0]
[1283127020395890026534006524594244917675196753449564896426630967636538120864264914557831528566538263153485184540724054312813294725031410595531670466693831037485551196959806811338171119845485096730144482137635292 0 0 0 1 0 0 0 0 0 0 0 0 0 0 0 0 0 0 0 0 0 0 0 0 0 0 0 0 0 0 0 0 0 0 0 0 0 0 0 0 0 0 0 0 0 0 0 0 0 0 0 0 0 0 0 0 0 0 0 0 0 0 0 0 0 0 0 0 0]
[2572148257638270232599846401773149796673673984836682521632870412758831508291786800713821900412812143621646471757058240957416968490319464628818017646747358579022109713137934403821728042507340050733209081348787864 0 0 0 0 1 0 0 0 0 0 0 0 0 0 0 0 0 0 0 0 0 0 0 0 0 0 0 0 0 0 0 0 0 0 0 0 0 0 0 0 0 0 0 0 0 0 0 0 0 0 0 0 0 0 0 0 0 0 0 0 0 0 0 0 0 0 0 0 0]
[266676063753880106705343731139460095942790772106657506107418256701734535840479028197226489309767729468135576999518057492890329367808601104473546389985236917900893984447110953135421261526429472316264231010303734 0 0 0 0 0 1 0 0 0 0 0 0 0 0 0 0 0 0 0 0 0 0 0 0 0 0 0 0 0 0 0 0 0 0 0 0 0 0 0 0 0 0 0 0 0 0 0 0 0 0 0 0 0 0 0 0 0 0 0 0 0 0 0 0 0 0 0 0 0]
[693680444855370201462255170635806668681079591544883556164348162645920770159690132151309533611768903709053408408743949398918655188317719350822672713717743824018525151480322109930903620179245074296033464438553669 0 0 0 0 0 0 1 0 0 0 0 0 0 0 0 0 0 0 0 0 0 0 0 0 0 0 0 0 0 0 0 0 0 0 0 0 0 0 0 0 0 0 0 0 0 0 0 0 0 0 0 0 0 0 0 0 0 0 0 0 0 0 0 0 0 0 0 0 0]
[3536189291966425154117536930239094815086270195893034618438322206351477270745399247143822107421529897254948682440268341815651294624322829431439761631845284834412282035144838044177204540270193922853980529051134198 0 0 0 0 0 0 0 1 0 0 0 0 0 0 0 0 0 0 0 0 0 0 0 0 0 0 0 0 0 0 0 0 0 0 0 0 0 0 0 0 0 0 0 0 0 0 0 0 0 0 0 0 0 0 0 0 0 0 0 0 0 0 0 0 0 0 0 0 0]
[1183884351067622686217577471016996080278105230202507188013060000692251366746672064921846300416812722306311526373410749380331374835496699668526507727893112271808084653024032269181819244013566200487740954345493781 0 0 0 0 0 0 0 0 1 0 0 0 0 0 0 0 0 0 0 0 0 0 0 0 0 0 0 0 0 0 0 0 0 0 0 0 0 0 0 0 0 0 0 0 0 0 0 0 0 0 0 0 0 0 0 0 0 0 0 0 0 0 0 0 0 0 0 0 0]
[3478978567737324603999891707844924909239918724338186739774002494437173689510794682867113011180541321247630122941667286539079513564582781407127196686775818477597889832865186755109441543179883394080658552603615138 0 0 0 0 0 0 0 0 0 1 0 0 0 0 0 0 0 0 0 0 0 0 0 0 0 0 0 0 0 0 0 0 0 0 0 0 0 0 0 0 0 0 0 0 0 0 0 0 0 0 0 0 0 0 0 0 0 0 0 0 0 0 0 0 0 0 0 0 0]
[2275714070104848231572530380185807726449154214996286003633847423220124977393529584117650163860401352902345897460324580602375334454829133690528603864334674473348405474280951438708485131348957353952289395540857165 0 0 0 0 0 0 0 0 0 0 1 0 0 0 0 0 0 0 0 0 0 0 0 0 0 0 0 0 0 0 0 0 0 0 0 0 0 0 0 0 0 0 0 0 0 0 0 0 0 0 0 0 0 0 0 0 0 0 0 0 0 0 0 0 0 0 0 0 0]
[2099755500498381610176308890672824018955838122763883028837433776166123880968954447614139076999375341899213410077806299872437264538202571921569280543469338285165849755356424044348300385008009477669198048467447893 0 0 0 0 0 0 0 0 0 0 0 1 0 0 0 0 0 0 0 0 0 0 0 0 0 0 0 0 0 0 0 0 0 0 0 0 0 0 0 0 0 0 0 0 0 0 0 0 0 0 0 0 0 0 0 0 0 0 0 0 0 0 0 0 0 0 0 0 0]
[2661786823322289975520375240008390883953609992064460355787444615212569431820138595810294636255299782862823366640907691403334750172859044090879182394771034574369736720833433763752636729477881097208199839292401530 0 0 0 0 0 0 0 0 0 0 0 0 1 0 0 0 0 0 0 0 0 0 0 0 0 0 0 0 0 0 0 0 0 0 0 0 0 0 0 0 0 0 0 0 0 0 0 0 0 0 0 0 0 0 0 0 0 0 0 0 0 0 0 0 0 0 0 0 0]
[3350427481350253184073652410579428726408043047965674797609785766226350462319975333596638489878221201383141493467680435125191964562073919425843172833339757285392017153814391223322219306681174192912446884401126671 0 0 0 0 0 0 0 0 0 0 0 0 0 1 0 0 0 0 0 0 0 0 0 0 0 0 0 0 0 0 0 0 0 0 0 0 0 0 0 0 0 0 0 0 0 0 0 0 0 0 0 0 0 0 0 0 0 0 0 0 0 0 0 0 0 0 0 0 0]
[2402313549165278885601051846833736308082411255122348278140343617192633478173326956859169405079812452950205164638734070622488217397566152972387664686463650103881312070425697340189249970626826512982872730728696912 0 0 0 0 0 0 0 0 0 0 0 0 0 0 1 0 0 0 0 0 0 0 0 0 0 0 0 0 0 0 0 0 0 0 0 0 0 0 0 0 0 0 0 0 0 0 0 0 0 0 0 0 0 0 0 0 0 0 0 0 0 0 0 0 0 0 0 0 0]
[3543147410805574577244104349897450481887984544066438667062146483566300474750401783634973321803487382818251558816718462107349012820794768986022291597228402523157437223217581248513674718117171737122093974670843202 0 0 0 0 0 0 0 0 0 0 0 0 0 0 0 1 0 0 0 0 0 0 0 0 0 0 0 0 0 0 0 0 0 0 0 0 0 0 0 0 0 0 0 0 0 0 0 0 0 0 0 0 0 0 0 0 0 0 0 0 0 0 0 0 0 0 0 0 0]
[1948458254271430453277820007724051463141070214678309710831742948615036464621095829627022886641248949043178086979071930589011723667161901257792819998998971393954995940780563461282256995771016204180614385053964327 0 0 0 0 0 0 0 0 0 0 0 0 0 0 0 0 1 0 0 0 0 0 0 0 0 0 0 0 0 0 0 0 0 0 0 0 0 0 0 0 0 0 0 0 0 0 0 0 0 0 0 0 0 0 0 0 0 0 0 0 0 0 0 0 0 0 0 0 0]
[1053796869027148744306942276546436788364257329973395264128978581676907010043454894017859523789975429482393244179252445054169778919893718354238612771183249152098411962837498720718939018367789559404763066485256882 0 0 0 0 0 0 0 0 0 0 0 0 0 0 0 0 0 1 0 0 0 0 0 0 0 0 0 0 0 0 0 0 0 0 0 0 0 0 0 0 0 0 0 0 0 0 0 0 0 0 0 0 0 0 0 0 0 0 0 0 0 0 0 0 0 0 0 0 0]
[498184368047396020558864186848379883587659488012339027200270146697801758674658504045257656593346160125021740902388403618138924557977454479322381646400707748521864044249424165155728078297490926114434763338170415 0 0 0 0 0 0 0 0 0 0 0 0 0 0 0 0 0 0 1 0 0 0 0 0 0 0 0 0 0 0 0 0 0 0 0 0 0 0 0 0 0 0 0 0 0 0 0 0 0 0 0 0 0 0 0 0 0 0 0 0 0 0 0 0 0 0 0 0 0]
[2153730315722178042682305802814682851424760901256305178955481654755378085168551677814614199840299085810191233681584490637303853576199946133787517759151465049759465700723349962556755687731934338756378813343143123 0 0 0 0 0 0 0 0 0 0 0 0 0 0 0 0 0 0 0 1 0 0 0 0 0 0 0 0 0 0 0 0 0 0 0 0 0 0 0 0 0 0 0 0 0 0 0 0 0 0 0 0 0 0 0 0 0 0 0 0 0 0 0 0 0 0 0 0 0]
[3077694522884480566909980100832762429981696978853484688812692457488138510248998701479488906787350071446643855534217033321495392779702902175394226339749765777991700990810668423824480125031427771648674135402219653 0 0 0 0 0 0 0 0 0 0 0 0 0 0 0 0 0 0 0 0 1 0 0 0 0 0 0 0 0 0 0 0 0 0 0 0 0 0 0 0 0 0 0 0 0 0 0 0 0 0 0 0 0 0 0 0 0 0 0 0 0 0 0 0 0 0 0 0 0]
[617501181098872878532874117538344511814653495036807816353055345805324562738243424529975012022948272945020898494163633914672017308510000418020368736900171191242974195527535215070983857216551022900764291007175076 0 0 0 0 0 0 0 0 0 0 0 0 0 0 0 0 0 0 0 0 0 1 0 0 0 0 0 0 0 0 0 0 0 0 0 0 0 0 0 0 0 0 0 0 0 0 0 0 0 0 0 0 0 0 0 0 0 0 0 0 0 0 0 0 0 0 0 0 0]
[224653762951949776890355067673088920802148250795185504279320691962152735302266939175351604635681613144456764709036010252881217784380869500408897157554555161489446498288147226456887105331972605626958741844519588 0 0 0 0 0 0 0 0 0 0 0 0 0 0 0 0 0 0 0 0 0 0 1 0 0 0 0 0 0 0 0 0 0 0 0 0 0 0 0 0 0 0 0 0 0 0 0 0 0 0 0 0 0 0 0 0 0 0 0 0 0 0 0 0 0 0 0 0 0]
[3036804106656874438702472657521685654962214991410385154618017476811868566875708549711046703357928338170260208190996969992381762265466354888708399035996006862216866446458143481735625901630433809494602095474513061 0 0 0 0 0 0 0 0 0 0 0 0 0 0 0 0 0 0 0 0 0 0 0 1 0 0 0 0 0 0 0 0 0 0 0 0 0 0 0 0 0 0 0 0 0 0 0 0 0 0 0 0 0 0 0 0 0 0 0 0 0 0 0 0 0 0 0 0 0]
[2202319160310118360001636982863701559932249696136715186543599057958297707236475586506867531698389376173292852074856854358429962907852843722145528942069005962820419844408298082599821075503111050481849690996366952 0 0 0 0 0 0 0 0 0 0 0 0 0 0 0 0 0 0 0 0 0 0 0 0 1 0 0 0 0 0 0 0 0 0 0 0 0 0 0 0 0 0 0 0 0 0 0 0 0 0 0 0 0 0 0 0 0 0 0 0 0 0 0 0 0 0 0 0 0]
[2600306066007940373395016882166650355269378735074596746726432598478205572381794651294626190209937316508215940713043316412630110945446805099811739655305529429040983483766620337183475572410000360611705883932390784 0 0 0 0 0 0 0 0 0 0 0 0 0 0 0 0 0 0 0 0 0 0 0 0 0 1 0 0 0 0 0 0 0 0 0 0 0 0 0 0 0 0 0 0 0 0 0 0 0 0 0 0 0 0 0 0 0 0 0 0 0 0 0 0 0 0 0 0 0]
[364249068846831285259146207739549318741048565825218021470550806538090754496814026789620327246409726667517033651011251423718204873899441766645724181231793531787574779846722602355598392815579901603095841759955773 0 0 0 0 0 0 0 0 0 0 0 0 0 0 0 0 0 0 0 0 0 0 0 0 0 0 1 0 0 0 0 0 0 0 0 0 0 0 0 0 0 0 0 0 0 0 0 0 0 0 0 0 0 0 0 0 0 0 0 0 0 0 0 0 0 0 0 0 0]
[1319667560023223516550049213408083594838826282090048488028549496508307402372220550788918981675465442667917630177846495966528587681325472031471384771214448555660362486534900509361768642822006167741134195581495101 0 0 0 0 0 0 0 0 0 0 0 0 0 0 0 0 0 0 0 0 0 0 0 0 0 0 0 1 0 0 0 0 0 0 0 0 0 0 0 0 0 0 0 0 0 0 0 0 0 0 0 0 0 0 0 0 0 0 0 0 0 0 0 0 0 0 0 0 0]
[521592850501092803248425834695188873454639153916944712082180961202607464489922619162061513725148088875150621754067473941290966630361762796561342123008333120381289613659367236837310029548141722718387722666376589 0 0 0 0 0 0 0 0 0 0 0 0 0 0 0 0 0 0 0 0 0 0 0 0 0 0 0 0 1 0 0 0 0 0 0 0 0 0 0 0 0 0 0 0 0 0 0 0 0 0 0 0 0 0 0 0 0 0 0 0 0 0 0 0 0 0 0 0 0]
[1618509707446702371704244819863276554061580582138728369483458524927032414032160953689602321237020106062396825361074674922586581904434803738371781476828635185246933350769991830356009825592266032790290403006279498 0 0 0 0 0 0 0 0 0 0 0 0 0 0 0 0 0 0 0 0 0 0 0 0 0 0 0 0 0 1 0 0 0 0 0 0 0 0 0 0 0 0 0 0 0 0 0 0 0 0 0 0 0 0 0 0 0 0 0 0 0 0 0 0 0 0 0 0 0]
[2015914214412175445545087019496356530407640797068219492978996350862673083360855612394191438418272847789057796727417110457955640829992139833321828421623206835836701872828440606923347508763048442605167689835489017 0 0 0 0 0 0 0 0 0 0 0 0 0 0 0 0 0 0 0 0 0 0 0 0 0 0 0 0 0 0 1 0 0 0 0 0 0 0 0 0 0 0 0 0 0 0 0 0 0 0 0 0 0 0 0 0 0 0 0 0 0 0 0 0 0 0 0 0 0]
[2773146080913251827751434657135781947947383027541377908282344326069990728345315062805161531423166639854148280666656618261464682562014782974960838457365732458082548888556357304886823568060107886944636124197431121 0 0 0 0 0 0 0 0 0 0 0 0 0 0 0 0 0 0 0 0 0 0 0 0 0 0 0 0 0 0 0 1 0 0 0 0 0 0 0 0 0 0 0 0 0 0 0 0 0 0 0 0 0 0 0 0 0 0 0 0 0 0 0 0 0 0 0 0 0]
[3353686911208964178592965127841493037142446373161288883635398810590997448337802726197429846525070850441397074157774942748893927952324640944736361275071820198617004504532506248104080878265469807841985299668058325 0 0 0 0 0 0 0 0 0 0 0 0 0 0 0 0 0 0 0 0 0 0 0 0 0 0 0 0 0 0 0 0 1 0 0 0 0 0 0 0 0 0 0 0 0 0 0 0 0 0 0 0 0 0 0 0 0 0 0 0 0 0 0 0 0 0 0 0 0]
[458038505125663800675427301713926970771268325563918952397205526366586802241100634810545001872117823025168271348912822885354105872087364282254070553391412937568270990665309034773394314746316075240907472087952371 0 0 0 0 0 0 0 0 0 0 0 0 0 0 0 0 0 0 0 0 0 0 0 0 0 0 0 0 0 0 0 0 0 1 0 0 0 0 0 0 0 0 0 0 0 0 0 0 0 0 0 0 0 0 0 0 0 0 0 0 0 0 0 0 0 0 0 0 0]
[2265446946433693607210732282664464566845573972037043409946407223655798176354269956601658295602191452674674166014009301420239913618638465072258180523457529674719596256028612048587241340275733010814817511282822982 0 0 0 0 0 0 0 0 0 0 0 0 0 0 0 0 0 0 0 0 0 0 0 0 0 0 0 0 0 0 0 0 0 0 1 0 0 0 0 0 0 0 0 0 0 0 0 0 0 0 0 0 0 0 0 0 0 0 0 0 0 0 0 0 0 0 0 0 0]
[700005717403124549131216973628491884850729854904653922767007490787966480298101623860908512454093704004913199956947156406971364297627220358560584486502678525705789554975305265192310349228144759881393837376218914 0 0 0 0 0 0 0 0 0 0 0 0 0 0 0 0 0 0 0 0 0 0 0 0 0 0 0 0 0 0 0 0 0 0 0 1 0 0 0 0 0 0 0 0 0 0 0 0 0 0 0 0 0 0 0 0 0 0 0 0 0 0 0 0 0 0 0 0 0]
[1259907810302097392327124524992395601657734214640011601128239662528249085351798439375732409709278965233340874384911274244431998333988850028417326184256967950023964382073172324416935954157636982131544331685827806 0 0 0 0 0 0 0 0 0 0 0 0 0 0 0 0 0 0 0 0 0 0 0 0 0 0 0 0 0 0 0 0 0 0 0 0 1 0 0 0 0 0 0 0 0 0 0 0 0 0 0 0 0 0 0 0 0 0 0 0 0 0 0 0 0 0 0 0 0]
[716694222669414382555903455079094890410184663658116942657127652813295468741596510555431745752211226792469848182893800855974892901978491062485954255794241286199265316686212083001507200135371243317024011624839020 0 0 0 0 0 0 0 0 0 0 0 0 0 0 0 0 0 0 0 0 0 0 0 0 0 0 0 0 0 0 0 0 0 0 0 0 0 1 0 0 0 0 0 0 0 0 0 0 0 0 0 0 0 0 0 0 0 0 0 0 0 0 0 0 0 0 0 0 0]
[1232431942927055599096406486085231804260088621350819397354095643358278801350668535167675106786334444478176645827888440601457237108650531009061174663983636906350974097835152255860073729020774749492689912846060684 0 0 0 0 0 0 0 0 0 0 0 0 0 0 0 0 0 0 0 0 0 0 0 0 0 0 0 0 0 0 0 0 0 0 0 0 0 0 1 0 0 0 0 0 0 0 0 0 0 0 0 0 0 0 0 0 0 0 0 0 0 0 0 0 0 0 0 0 0]
[191563226049666717466247878026521530842077384243753823771793406249289674612914600204022342294576626222738905090811537774137533468977455775229122154748553961909191499011756545124780294612058323518506538769184136 0 0 0 0 0 0 0 0 0 0 0 0 0 0 0 0 0 0 0 0 0 0 0 0 0 0 0 0 0 0 0 0 0 0 0 0 0 0 0 1 0 0 0 0 0 0 0 0 0 0 0 0 0 0 0 0 0 0 0 0 0 0 0 0 0 0 0 0 0]
[17238243615093323443702978925239333995030274212432053093653046774234422771399161101695365157098388412406354527523819801098643155399189644797475148174296809189961195697527867254815572322349947990637619529985019 0 0 0 0 0 0 0 0 0 0 0 0 0 0 0 0 0 0 0 0 0 0 0 0 0 0 0 0 0 0 0 0 0 0 0 0 0 0 0 0 1 0 0 0 0 0 0 0 0 0 0 0 0 0 0 0 0 0 0 0 0 0 0 0 0 0 0 0 0]
[1292383725920488510969033737016536308994651563615504390688219544158285753481594801156698597034770760210688312291222080072903727055573251300679797610222047682448080775036210505420940135336775677383527175242063142 0 0 0 0 0 0 0 0 0 0 0 0 0 0 0 0 0 0 0 0 0 0 0 0 0 0 0 0 0 0 0 0 0 0 0 0 0 0 0 0 0 1 0 0 0 0 0 0 0 0 0 0 0 0 0 0 0 0 0 0 0 0 0 0 0 0 0 0 0]
[3076450395987696386466163833862866639691554615717878448227764039672105371124079410207597901785521692054192127737360362143522186633288965817681197503571486084106463437680256483859452925966719159904348150564506307 0 0 0 0 0 0 0 0 0 0 0 0 0 0 0 0 0 0 0 0 0 0 0 0 0 0 0 0 0 0 0 0 0 0 0 0 0 0 0 0 0 0 1 0 0 0 0 0 0 0 0 0 0 0 0 0 0 0 0 0 0 0 0 0 0 0 0 0 0]
[3660181512345249495312589490956843857776693869235074339657893716408448401820932868313295720103039731740490663457402305728846585392675844055857827131026624952080799437276369282898083947554089396471528391984778467 0 0 0 0 0 0 0 0 0 0 0 0 0 0 0 0 0 0 0 0 0 0 0 0 0 0 0 0 0 0 0 0 0 0 0 0 0 0 0 0 0 0 0 1 0 0 0 0 0 0 0 0 0 0 0 0 0 0 0 0 0 0 0 0 0 0 0 0 0]
[807116812935318510352826466335955965225177381747924552196324099888534128145498314812667342993063320003067419214995865453081461493236921454541055827451227502700281062189780579076566284897656239342006083642587301 0 0 0 0 0 0 0 0 0 0 0 0 0 0 0 0 0 0 0 0 0 0 0 0 0 0 0 0 0 0 0 0 0 0 0 0 0 0 0 0 0 0 0 0 1 0 0 0 0 0 0 0 0 0 0 0 0 0 0 0 0 0 0 0 0 0 0 0 0]
[2134499731491415869339166172536557688924723888045830133426882168790112400803846958315426669507886955578430324107901283173709076638416462091970901501130430257913712033587216531834536292491033634872812359464225234 0 0 0 0 0 0 0 0 0 0 0 0 0 0 0 0 0 0 0 0 0 0 0 0 0 0 0 0 0 0 0 0 0 0 0 0 0 0 0 0 0 0 0 0 0 1 0 0 0 0 0 0 0 0 0 0 0 0 0 0 0 0 0 0 0 0 0 0 0]
[3023768511473140459507644316186370778663785471516006505059130967792979860090002219027560170735464565114166425808816786669756402229739714038881280703802421882093737156543235644860678627756095174764358891615119274 0 0 0 0 0 0 0 0 0 0 0 0 0 0 0 0 0 0 0 0 0 0 0 0 0 0 0 0 0 0 0 0 0 0 0 0 0 0 0 0 0 0 0 0 0 0 1 0 0 0 0 0 0 0 0 0 0 0 0 0 0 0 0 0 0 0 0 0 0]
[2152851604215626308341402577964857853520830210749467531208615582311304849475100252209316075746237791375528684123217482918091451136110416980361195416378235791102942323881119058914973846256706055347628332325759166 0 0 0 0 0 0 0 0 0 0 0 0 0 0 0 0 0 0 0 0 0 0 0 0 0 0 0 0 0 0 0 0 0 0 0 0 0 0 0 0 0 0 0 0 0 0 0 1 0 0 0 0 0 0 0 0 0 0 0 0 0 0 0 0 0 0 0 0 0]
[1574578317503669031890569381664680352664245158924718367911875805662699705135241576615556489518187483381988590062072079999133334463817517066198984412034290485295921715386365806833629681018037666790158468520396734 0 0 0 0 0 0 0 0 0 0 0 0 0 0 0 0 0 0 0 0 0 0 0 0 0 0 0 0 0 0 0 0 0 0 0 0 0 0 0 0 0 0 0 0 0 0 0 0 1 0 0 0 0 0 0 0 0 0 0 0 0 0 0 0 0 0 0 0 0]
[2737935907870980933148611973290316332125643288942860737475994379973964222750123371520417420694936169428114009772970528828183244954066140784577999101864987647591599045988624933274592288590085312413874856920027408 0 0 0 0 0 0 0 0 0 0 0 0 0 0 0 0 0 0 0 0 0 0 0 0 0 0 0 0 0 0 0 0 0 0 0 0 0 0 0 0 0 0 0 0 0 0 0 0 0 1 0 0 0 0 0 0 0 0 0 0 0 0 0 0 0 0 0 0 0]
[3170982904560524780709731520634700537732449565451709990518248402259383967527116680532213839734232362264539277331481075757014777117008854486244541991505870242488916683708852243836978699574420557077124258106505176 0 0 0 0 0 0 0 0 0 0 0 0 0 0 0 0 0 0 0 0 0 0 0 0 0 0 0 0 0 0 0 0 0 0 0 0 0 0 0 0 0 0 0 0 0 0 0 0 0 0 1 0 0 0 0 0 0 0 0 0 0 0 0 0 0 0 0 0 0]
[2205638601476161257181797297174590362694696866131632410980086430864086424476205509767850773553211712270858360263530523029350857431011121538786561349861132673528780898597589269660708798714622325837080447053531485 0 0 0 0 0 0 0 0 0 0 0 0 0 0 0 0 0 0 0 0 0 0 0 0 0 0 0 0 0 0 0 0 0 0 0 0 0 0 0 0 0 0 0 0 0 0 0 0 0 0 0 1 0 0 0 0 0 0 0 0 0 0 0 0 0 0 0 0 0]
[519443748023872546604449798913059195452008727584276385211364814510700491844691611897271869695117084674940790494248270893932551680473264381308012475159295504954491818132947432996567637534678167697824462933453952 0 0 0 0 0 0 0 0 0 0 0 0 0 0 0 0 0 0 0 0 0 0 0 0 0 0 0 0 0 0 0 0 0 0 0 0 0 0 0 0 0 0 0 0 0 0 0 0 0 0 0 0 1 0 0 0 0 0 0 0 0 0 0 0 0 0 0 0 0]
[2983182694643650161155606371664576301674476704855009197697994925499275998850186751945712789745590824978485200027151128505223719675526492934834983477349881087669699618406981966238742479195960540123370057950856290 0 0 0 0 0 0 0 0 0 0 0 0 0 0 0 0 0 0 0 0 0 0 0 0 0 0 0 0 0 0 0 0 0 0 0 0 0 0 0 0 0 0 0 0 0 0 0 0 0 0 0 0 0 1 0 0 0 0 0 0 0 0 0 0 0 0 0 0 0]
[1835828432264081352566748881416032765972876038776500146028665923555016018043815972292547972575355475172775090174162925017374414266143009120704493438722620891057909696124711871041428516744854672510642451744940866 0 0 0 0 0 0 0 0 0 0 0 0 0 0 0 0 0 0 0 0 0 0 0 0 0 0 0 0 0 0 0 0 0 0 0 0 0 0 0 0 0 0 0 0 0 0 0 0 0 0 0 0 0 0 1 0 0 0 0 0 0 0 0 0 0 0 0 0 0]
[1204344668641298641816818322425117995513660098663173576279138202795795211603365539272716017167610213546589486409628842836889548231336710988935418573329327444132432823342951292670339032653499445363288280874008839 0 0 0 0 0 0 0 0 0 0 0 0 0 0 0 0 0 0 0 0 0 0 0 0 0 0 0 0 0 0 0 0 0 0 0 0 0 0 0 0 0 0 0 0 0 0 0 0 0 0 0 0 0 0 0 1 0 0 0 0 0 0 0 0 0 0 0 0 0]
[2898155421277540781267184534789392320583089571474524383293389763131089275488169885343540487272947807743036265584656209234797158941116449399416854166070380209878930275131545103517817954502155290368381504034137081 0 0 0 0 0 0 0 0 0 0 0 0 0 0 0 0 0 0 0 0 0 0 0 0 0 0 0 0 0 0 0 0 0 0 0 0 0 0 0 0 0 0 0 0 0 0 0 0 0 0 0 0 0 0 0 0 1 0 0 0 0 0 0 0 0 0 0 0 0]
[540975442781030264373640235012505154031689878691407248900530477320093902227111734619900878340333028964937924710736227496854936814987356776478663003773872011914558169395180893697817633840490383039363682814587935 0 0 0 0 0 0 0 0 0 0 0 0 0 0 0 0 0 0 0 0 0 0 0 0 0 0 0 0 0 0 0 0 0 0 0 0 0 0 0 0 0 0 0 0 0 0 0 0 0 0 0 0 0 0 0 0 0 1 0 0 0 0 0 0 0 0 0 0 0]
[2018537198698601293021150230752376155868429654709660855657520493900177448089209613079448513222409630085899571140104434385769382358040727106749081457941178576345948208225694639361174759699064219063380648648420086 0 0 0 0 0 0 0 0 0 0 0 0 0 0 0 0 0 0 0 0 0 0 0 0 0 0 0 0 0 0 0 0 0 0 0 0 0 0 0 0 0 0 0 0 0 0 0 0 0 0 0 0 0 0 0 0 0 0 1 0 0 0 0 0 0 0 0 0 0]
[2148202687810775389107787957002391987785918227039528146566138371604357735934749521667314248106408061726945409177786313117368965596959012031055526099894140664649990067918943430365766098469564292014845961358651839 0 0 0 0 0 0 0 0 0 0 0 0 0 0 0 0 0 0 0 0 0 0 0 0 0 0 0 0 0 0 0 0 0 0 0 0 0 0 0 0 0 0 0 0 0 0 0 0 0 0 0 0 0 0 0 0 0 0 0 1 0 0 0 0 0 0 0 0 0]
[2380663084677843908347719821688476857437887095292273088890549990893445524671508148711152050296340242493417042073619196914536080450687453295703502142801060988964960160832007613606393716244451707805616187436079404 0 0 0 0 0 0 0 0 0 0 0 0 0 0 0 0 0 0 0 0 0 0 0 0 0 0 0 0 0 0 0 0 0 0 0 0 0 0 0 0 0 0 0 0 0 0 0 0 0 0 0 0 0 0 0 0 0 0 0 0 1 0 0 0 0 0 0 0 0]
[2865777367031059828693860160552974579276736555796497171127309649421678998236311592629423912621136782511177388656143978276317078234403974327020380669446082742515864008152234402998407413607088311499706628248864852 0 0 0 0 0 0 0 0 0 0 0 0 0 0 0 0 0 0 0 0 0 0 0 0 0 0 0 0 0 0 0 0 0 0 0 0 0 0 0 0 0 0 0 0 0 0 0 0 0 0 0 0 0 0 0 0 0 0 0 0 0 1 0 0 0 0 0 0 0]
[1999138804252001225148929470299794900834076651929464233715104162577307536820787193224334602899193031522284596899116511518658018297255658951202683245038843347314256464098394756977611675039617877817536270090752271 0 0 0 0 0 0 0 0 0 0 0 0 0 0 0 0 0 0 0 0 0 0 0 0 0 0 0 0 0 0 0 0 0 0 0 0 0 0 0 0 0 0 0 0 0 0 0 0 0 0 0 0 0 0 0 0 0 0 0 0 0 0 1 0 0 0 0 0 0]
[105538117190829516534757916654707861401391964799383813080248147160579076874307981748572861211996297397772922147927713849843039434255425112208980153710402261393663249773350788923142840392169892063062108286598236 0 0 0 0 0 0 0 0 0 0 0 0 0 0 0 0 0 0 0 0 0 0 0 0 0 0 0 0 0 0 0 0 0 0 0 0 0 0 0 0 0 0 0 0 0 0 0 0 0 0 0 0 0 0 0 0 0 0 0 0 0 0 0 1 0 0 0 0 0]
[2782967200427310383922564959845052056868620986113773658663703344778819526617964421256998679735045626159267854615474765897042067215061963273820017392864996038183330908823595833408853866680840269969402875717617481 0 0 0 0 0 0 0 0 0 0 0 0 0 0 0 0 0 0 0 0 0 0 0 0 0 0 0 0 0 0 0 0 0 0 0 0 0 0 0 0 0 0 0 0 0 0 0 0 0 0 0 0 0 0 0 0 0 0 0 0 0 0 0 0 1 0 0 0 0]
[423843678178860251796006471747721747614313853441433882105206081307864952941623485924908374217031479246572205601136353210558483675265201763176275923133480211306654563696452449931606160185031295658517396956863 0 0 0 0 0 0 0 0 0 0 0 0 0 0 0 0 0 0 0 0 0 0 0 0 0 0 0 0 0 0 0 0 0 0 0 0 0 0 0 0 0 0 0 0 0 0 0 0 0 0 0 0 0 0 0 0 0 0 0 0 0 0 0 0 0 1 0 0 0]
[3641572206766782874980278902598283496811125400683546979486540671249757667410533582618876452445057356913799172879228420704055147794889427791498083967132996437194186827792347332510477532723538308680004691903477716 0 0 0 0 0 0 0 0 0 0 0 0 0 0 0 0 0 0 0 0 0 0 0 0 0 0 0 0 0 0 0 0 0 0 0 0 0 0 0 0 0 0 0 0 0 0 0 0 0 0 0 0 0 0 0 0 0 0 0 0 0 0 0 0 0 0 1 0 0]
[1937349662954342176171711137255324310213812498554398081014399539072157960871983861718932413096916180663008240699553190523439630569622889809590704004341124488487845115135639730835994606558200010900041425121087903 0 0 0 0 0 0 0 0 0 0 0 0 0 0 0 0 0 0 0 0 0 0 0 0 0 0 0 0 0 0 0 0 0 0 0 0 0 0 0 0 0 0 0 0 0 0 0 0 0 0 0 0 0 0 0 0 0 0 0 0 0 0 0 0 0 0 0 1 0]
[531526588918922598424849797810594807871123498720754074132693183017747374100195226072837585018464204334139336109202463482563706843431253097867470035283992784417157149597358135377639001701476409268759970495781908 0 0 0 0 0 0 0 0 0 0 0 0 0 0 0 0 0 0 0 0 0 0 0 0 0 0 0 0 0 0 0 0 0 0 0 0 0 0 0 0 0 0 0 0 0 0 0 0 0 0 0 0 0 0 0 0 0 0 0 0 0 0 0 0 0 0 0 0 1]
]
