[[3899890339817702213794248157754093720409076929715063499509358341340968665666996777466069063755693541051176989591665107130538803350729651091750027368893554426396478938226927155794980420249606517176581831676873827652184778157 0 0 0 0 0 0 0 0 0 0 0 0 0 0 0 0 0 0 0 0 0 0 0 0 0 0 0 0 0 0 0 0 0 0 0 0 0 0 0 0 0 0 0 0 0 0 0 0 0 0 0 0 0 0 0 0 0 0 0 0 0 0 0 0 0 0 0 0 0 0 0 0 0]
[1494018006459176267094885915045337781220179847375275170603717254839163320638470571194225563584177508350178510388474953710041765114387271316100498907017157465583020191245442733884460338026401012658690086049603337295035395924 1 0 0 0 0 0 0 0 0 0 0 0 0 0 0 0 0 0 0 0 0 0 0 0 0 0 0 0 0 0 0 0 0 0 0 0 0 0 0 0 0 0 0 0 0 0 0 0 0 0 0 0 0 0 0 0 0 0 0 0 0 0 0 0 0 0 0 0 0 0 0 0 0]
[1514421767016848874752614070711793597215360946928513388592909673290249459593545194633989045710633008259423983457601448044351116922356488635199047490028618821285635160239695147357141526219393133348209364084262013936774746237 0 1 0 0 0 0 0 0 0 0 0 0 0 0 0 0 0 0 0 0 0 0 0 0 0 0 0 0 0 0 0 0 0 0 0 0 0 0 0 0 0 0 0 0 0 0 0 0 0 0 0 0 0 0 0 0 0 0 0 0 0 0 0 0 0 0 0 0 0 0 0 0 0]
[3727252605738895283885267654330321156277234002248335244989210226712121231424049155217208333360521226098707024392923939698892899677744765358744987160809856144880978022180595704100051177842655466299138925043281792346216519552 0 0 1 0 0 0 0 0 0 0 0 0 0 0 0 0 0 0 0 0 0 0 0 0 0 0 0 0 0 0 0 0 0 0 0 0 0 0 0 0 0 0 0 0 0 0 0 0 0 0 0 0 0 0 0 0 0 0 0 0 0 0 0 0 0 0 0 0 0 0 0 0 0]
[451176138307626768530262546570482160773201332073633203092517654595935673532721984565340581016378769267976977087843404139835430023137384983737938543678612745938032838741375370425789576838054650883834050227039720568596140279 0 0 0 1 0 0 0 0 0 0 0 0 0 0 0 0 0 0 0 0 0 0 0 0 0 0 0 0 0 0 0 0 0 0 0 0 0 0 0 0 0 0 0 0 0 0 0 0 0 0 0 0 0 0 0 0 0 0 0 0 0 0 0 0 0 0 0 0 0 0 0 0 0]
[3766370444322570328727873839824587418304348602153514324085534149525478554772727388997229536402291812777681280037698537214371926281022596588125389709990635091832118781611959722592805015198566917276516839725167581864452623187 0 0 0 0 1 0 0 0 0 0 0 0 0 0 0 0 0 0 0 0 0 0 0 0 0 0 0 0 0 0 0 0 0 0 0 0 0 0 0 0 0 0 0 0 0 0 0 0 0 0 0 0 0 0 0 0 0 0 0 0 0 0 0 0 0 0 0 0 0 0 0 0 0]
[721623786055293640087367432743607693245760149924756392706662750656465568704073404950838057162103678076233140786497851705645074686755275624956224873485816489941597206487269639687278504946644851813650535060579372239880004996 0 0 0 0 0 1 0 0 0 0 0 0 0 0 0 0 0 0 0 0 0 0 0 0 0 0 0 0 0 0 0 0 0 0 0 0 0 0 0 0 0 0 0 0 0 0 0 0 0 0 0 0 0 0 0 0 0 0 0 0 0 0 0 0 0 0 0 0 0 0 0 0 0]
[2221742229029181266440741617693214679050853936967095663865973408109364426805410029093524347387718957612176705164625400225600598472632617302478689134084198260895203419541288662258694469792134166597511776988649442082018418556 0 0 0 0 0 0 1 0 0 0 0 0 0 0 0 0 0 0 0 0 0 0 0 0 0 0 0 0 0 0 0 0 0 0 0 0 0 0 0 0 0 0 0 0 0 0 0 0 0 0 0 0 0 0 0 0 0 0 0 0 0 0 0 0 0 0 0 0 0 0 0 0 0]
[337572884745247725918731249729852072751991408711429982390004935621086232902302141344069420182933168363314249150796689604241621248384253004567843566281993939096978895341252507767836098655683059215941231793542666219266224736 0 0 0 0 0 0 0 1 0 0 0 0 0 0 0 0 0 0 0 0 0 0 0 0 0 0 0 0 0 0 0 0 0 0 0 0 0 0 0 0 0 0 0 0 0 0 0 0 0 0 0 0 0 0 0 0 0 0 0 0 0 0 0 0 0 0 0 0 0 0 0 0 0]
[1835515789873042628387580557690274921685573983109091865612750873476812570079442354472333707227720816643143876139307554960475501546531172014878987105789947044835843057995258949698771117979597609114689718515780458487502010944 0 0 0 0 0 0 0 0 1 0 0 0 0 0 0 0 0 0 0 0 0 0 0 0 0 0 0 0 0 0 0 0 0 0 0 0 0 0 0 0 0 0 0 0 0 0 0 0 0 0 0 0 0 0 0 0 0 0 0 0 0 0 0 0 0 0 0 0 0 0 0 0 0]
[3552854201387485356985548062605856723989866301902536942541113783257680324608373999020030322634252728160486182191437705107838759867626483537367069475293009885652112751617056365585273663029219126167083810736427772166448006953 0 0 0 0 0 0 0 0 0 1 0 0 0 0 0 0 0 0 0 0 0 0 0 0 0 0 0 0 0 0 0 0 0 0 0 0 0 0 0 0 0 0 0 0 0 0 0 0 0 0 0 0 0 0 0 0 0 0 0 0 0 0 0 0 0 0 0 0 0 0 0 0 0]
[3188454434277798782115120809584996546988152268787587496954941332514091164311597179214804629376857071692714342042738330240572819827291278547105761632759272608838967308719122014276454493105140124103517179440852164835243930436 0 0 0 0 0 0 0 0 0 0 1 0 0 0 0 0 0 0 0 0 0 0 0 0 0 0 0 0 0 0 0 0 0 0 0 0 0 0 0 0 0 0 0 0 0 0 0 0 0 0 0 0 0 0 0 0 0 0 0 0 0 0 0 0 0 0 0 0 0 0 0 0 0]
[3256633368863303548892292606010448572721030124037108171914503841823522533087102698482379686560396369105567907329139609488587013419281016627751198809711156940521001260293727590256486375670449429898893258120416592831535513032 0 0 0 0 0 0 0 0 0 0 0 1 0 0 0 0 0 0 0 0 0 0 0 0 0 0 0 0 0 0 0 0 0 0 0 0 0 0 0 0 0 0 0 0 0 0 0 0 0 0 0 0 0 0 0 0 0 0 0 0 0 0 0 0 0 0 0 0 0 0 0 0 0]
[2158229506444882434587707192624287808580957843369616455126524218361640922483294719706790255917444237787493350654796124048773234083241553531173650435718324423893474465164745021432543582552205531161163532123103052316811345193 0 0 0 0 0 0 0 0 0 0 0 0 1 0 0 0 0 0 0 0 0 0 0 0 0 0 0 0 0 0 0 0 0 0 0 0 0 0 0 0 0 0 0 0 0 0 0 0 0 0 0 0 0 0 0 0 0 0 0 0 0 0 0 0 0 0 0 0 0 0 0 0 0]
[3210397311440719092123777896059570024116486770375380807635979396527435371144426287305292470591367224949303523138031123024623530421933168435768551864017005125056311430045437762366277815728321352351692298187365112631622411137 0 0 0 0 0 0 0 0 0 0 0 0 0 1 0 0 0 0 0 0 0 0 0 0 0 0 0 0 0 0 0 0 0 0 0 0 0 0 0 0 0 0 0 0 0 0 0 0 0 0 0 0 0 0 0 0 0 0 0 0 0 0 0 0 0 0 0 0 0 0 0 0 0]
[1027344145756098491628728553806050593416597982656459544900671867051649962336461721552187237844688405305944751641873767766257815630612830823758487195354187365423839043216513428352765617023706958992658503739896334637608812719 0 0 0 0 0 0 0 0 0 0 0 0 0 0 1 0 0 0 0 0 0 0 0 0 0 0 0 0 0 0 0 0 0 0 0 0 0 0 0 0 0 0 0 0 0 0 0 0 0 0 0 0 0 0 0 0 0 0 0 0 0 0 0 0 0 0 0 0 0 0 0 0 0]
[3867381889087824635262320583214269308263906792136902235448188145287276297578498678293527064518409110355119086314787043406029908121841700306836358938752610299005402104163727471041169929514311987210952262276566268203325338029 0 0 0 0 0 0 0 0 0 0 0 0 0 0 0 1 0 0 0 0 0 0 0 0 0 0 0 0 0 0 0 0 0 0 0 0 0 0 0 0 0 0 0 0 0 0 0 0 0 0 0 0 0 0 0 0 0 0 0 0 0 0 0 0 0 0 0 0 0 0 0 0 0]
[2831900375277724525782352519423055707173979664825539982793663656617754706598794126387967573090394029045243534067030501424909632258368299021576554615943207955820959655975060342352737241965634894620123864613625107671935472952 0 0 0 0 0 0 0 0 0 0 0 0 0 0 0 0 1 0 0 0 0 0 0 0 0 0 0 0 0 0 0 0 0 0 0 0 0 0 0 0 0 0 0 0 0 0 0 0 0 0 0 0 0 0 0 0 0 0 0 0 0 0 0 0 0 0 0 0 0 0 0 0 0]
[946729458244617628360659774994870935680820026490993387242166708187820665135925928454750256394094962763433169484999923257805680648246690860078831798642331242779989975935780900917718762278053489289435471355273451958227717225 0 0 0 0 0 0 0 0 0 0 0 0 0 0 0 0 0 1 0 0 0 0 0 0 0 0 0 0 0 0 0 0 0 0 0 0 0 0 0 0 0 0 0 0 0 0 0 0 0 0 0 0 0 0 0 0 0 0 0 0 0 0 0 0 0 0 0 0 0 0 0 0 0]
[1368244838929385255401465771826509032152588776352510352015654783272036809793503545731031714835370076314709777350969086672936413103346564183963477781696308604652656062731071245370227163709006918698611810598584545483774943793 0 0 0 0 0 0 0 0 0 0 0 0 0 0 0 0 0 0 1 0 0 0 0 0 0 0 0 0 0 0 0 0 0 0 0 0 0 0 0 0 0 0 0 0 0 0 0 0 0 0 0 0 0 0 0 0 0 0 0 0 0 0 0 0 0 0 0 0 0 0 0 0 0]
[2768635457232166977462029629096371260272869920947655928144881385573466725614968610602132793722515229300436947341566968761035308674102495446612085932752644700760423740325378516822317786321694421579729407592061994144016455883 0 0 0 0 0 0 0 0 0 0 0 0 0 0 0 0 0 0 0 1 0 0 0 0 0 0 0 0 0 0 0 0 0 0 0 0 0 0 0 0 0 0 0 0 0 0 0 0 0 0 0 0 0 0 0 0 0 0 0 0 0 0 0 0 0 0 0 0 0 0 0 0 0]
[3545230804768619619618175471890860324883070734624715361280698789983355654729744469650892745489476437593047745626719532467046179926640433015875380646582715996313370862840940314263862737252520504983701240387045094582070220202 0 0 0 0 0 0 0 0 0 0 0 0 0 0 0 0 0 0 0 0 1 0 0 0 0 0 0 0 0 0 0 0 0 0 0 0 0 0 0 0 0 0 0 0 0 0 0 0 0 0 0 0 0 0 0 0 0 0 0 0 0 0 0 0 0 0 0 0 0 0 0 0 0]
[251736295075192888641398963479395755057615380016597838217743887979213494135277953728539365553258175126847965654101791038464105120805158094499328219178700174855628757549881078571967372192159078739592000800710754932869371596 0 0 0 0 0 0 0 0 0 0 0 0 0 0 0 0 0 0 0 0 0 1 0 0 0 0 0 0 0 0 0 0 0 0 0 0 0 0 0 0 0 0 0 0 0 0 0 0 0 0 0 0 0 0 0 0 0 0 0 0 0 0 0 0 0 0 0 0 0 0 0 0 0]
[1003476769310180411417425750127764259280644214707497060111764246218781619140624893097670364601466095802440192575260985274551014143407272062864168752509606639056335834262901188580353026811596602296887765812720175172268057255 0 0 0 0 0 0 0 0 0 0 0 0 0 0 0 0 0 0 0 0 0 0 1 0 0 0 0 0 0 0 0 0 0 0 0 0 0 0 0 0 0 0 0 0 0 0 0 0 0 0 0 0 0 0 0 0 0 0 0 0 0 0 0 0 0 0 0 0 0 0 0 0 0]
[754981298490124322224531010109199363850138784637227062233839283009338083622361729976792101898055548670984372820934088418968542060733658956860196134882121994786361647549019334547236588196177190560803680325769008856829134585 0 0 0 0 0 0 0 0 0 0 0 0 0 0 0 0 0 0 0 0 0 0 0 1 0 0 0 0 0 0 0 0 0 0 0 0 0 0 0 0 0 0 0 0 0 0 0 0 0 0 0 0 0 0 0 0 0 0 0 0 0 0 0 0 0 0 0 0 0 0 0 0 0]
[297160176614651319850801691783967898364450219098236974175998251179794521980970964969212948032527934300641916437066687350804987168026499142203721171235069209911415369973473107972912159078333272889390714828212244500258750582 0 0 0 0 0 0 0 0 0 0 0 0 0 0 0 0 0 0 0 0 0 0 0 0 1 0 0 0 0 0 0 0 0 0 0 0 0 0 0 0 0 0 0 0 0 0 0 0 0 0 0 0 0 0 0 0 0 0 0 0 0 0 0 0 0 0 0 0 0 0 0 0 0]
[1335441281046564980058970355186414207123712595884829227689224226037485482794348027879366927764906128239620552412241565991886645174744897061433042721073118556161189125166628222797495122579030407062659223033068079708199589207 0 0 0 0 0 0 0 0 0 0 0 0 0 0 0 0 0 0 0 0 0 0 0 0 0 1 0 0 0 0 0 0 0 0 0 0 0 0 0 0 0 0 0 0 0 0 0 0 0 0 0 0 0 0 0 0 0 0 0 0 0 0 0 0 0 0 0 0 0 0 0 0 0]
[2525069202422988638679484116050957384316854191165284835852439376875828713141201665867978860751247927792423232660496627592012108427674383410971235805757594273572710421860694536392485285592653210596451001525536117469016162154 0 0 0 0 0 0 0 0 0 0 0 0 0 0 0 0 0 0 0 0 0 0 0 0 0 0 1 0 0 0 0 0 0 0 0 0 0 0 0 0 0 0 0 0 0 0 0 0 0 0 0 0 0 0 0 0 0 0 0 0 0 0 0 0 0 0 0 0 0 0 0 0 0]
[430699964278657950684182830057230834277109539155326018274406165485505333250735425974581086865195949381418560011119001879195321783293248686918995982963837671198865551897535279564319940172126776371435840022580396556250501559 0 0 0 0 0 0 0 0 0 0 0 0 0 0 0 0 0 0 0 0 0 0 0 0 0 0 0 1 0 0 0 0 0 0 0 0 0 0 0 0 0 0 0 0 0 0 0 0 0 0 0 0 0 0 0 0 0 0 0 0 0 0 0 0 0 0 0 0 0 0 0 0 0]
[974320035350566680849055775275136807522594414961926338517774696107509237547063790348292181290940623700353269389305291183734574722918491741572467739860368264236294791950705772002408604145793694521877934910480997310315614876 0 0 0 0 0 0 0 0 0 0 0 0 0 0 0 0 0 0 0 0 0 0 0 0 0 0 0 0 1 0 0 0 0 0 0 0 0 0 0 0 0 0 0 0 0 0 0 0 0 0 0 0 0 0 0 0 0 0 0 0 0 0 0 0 0 0 0 0 0 0 0 0 0]
[2608453610209984548329236381686108219722149998666851558393568471048185277466315584791545223163346897776591004791481271190667260253168071196181483001615463304441927208454762859259698841689972364617920588457177307128359925952 0 0 0 0 0 0 0 0 0 0 0 0 0 0 0 0 0 0 0 0 0 0 0 0 0 0 0 0 0 1 0 0 0 0 0 0 0 0 0 0 0 0 0 0 0 0 0 0 0 0 0 0 0 0 0 0 0 0 0 0 0 0 0 0 0 0 0 0 0 0 0 0 0]
[731068754836764528056278232191441227237923744226748805355228432186809126085019621806392322007718460555705335621899849390745095761840317186559415361905028533366032562570790884346321794629599712503822221913241939851963712345 0 0 0 0 0 0 0 0 0 0 0 0 0 0 0 0 0 0 0 0 0 0 0 0 0 0 0 0 0 0 1 0 0 0 0 0 0 0 0 0 0 0 0 0 0 0 0 0 0 0 0 0 0 0 0 0 0 0 0 0 0 0 0 0 0 0 0 0 0 0 0 0 0]
[1793799532612548513091333221373170794730705370217708772493356236106389098945349084523427691158940704513409671350209661330180464703755604700132882691324012779394698801801658325909502597034296291200500538793111774003647719886 0 0 0 0 0 0 0 0 0 0 0 0 0 0 0 0 0 0 0 0 0 0 0 0 0 0 0 0 0 0 0 1 0 0 0 0 0 0 0 0 0 0 0 0 0 0 0 0 0 0 0 0 0 0 0 0 0 0 0 0 0 0 0 0 0 0 0 0 0 0 0 0 0]
[1991506274835217950190455644647319782714108234995389639154627803924024744016144914765471701699215694567358513388917601950717532151952315933907412013847303275531589412024162532760169683463801788398593681673729344421135149316 0 0 0 0 0 0 0 0 0 0 0 0 0 0 0 0 0 0 0 0 0 0 0 0 0 0 0 0 0 0 0 0 1 0 0 0 0 0 0 0 0 0 0 0 0 0 0 0 0 0 0 0 0 0 0 0 0 0 0 0 0 0 0 0 0 0 0 0 0 0 0 0 0]
[3838740974999072259418653254083226999598877542501186213886202488606069723407204989915313316134094020002758369665521293926615299328722514236455046549414541158394988399041902594066182891609211042751344658173199372251629134055 0 0 0 0 0 0 0 0 0 0 0 0 0 0 0 0 0 0 0 0 0 0 0 0 0 0 0 0 0 0 0 0 0 1 0 0 0 0 0 0 0 0 0 0 0 0 0 0 0 0 0 0 0 0 0 0 0 0 0 0 0 0 0 0 0 0 0 0 0 0 0 0 0]
[3432703809683050743267756218735119690439358938375315823677360782610098691758058699331356280923988915171166044833665619488524559017153630725673276214936655089215959654537174405851437490962273730399281551529032880472730607709 0 0 0 0 0 0 0 0 0 0 0 0 0 0 0 0 0 0 0 0 0 0 0 0 0 0 0 0 0 0 0 0 0 0 1 0 0 0 0 0 0 0 0 0 0 0 0 0 0 0 0 0 0 0 0 0 0 0 0 0 0 0 0 0 0 0 0 0 0 0 0 0 0]
[503725377095479120805615374380076806081625806615024243085121628413803936276222720920212695736508099194322974940210289003116040617205790760798455540974650849511052901842301454136181773077669787662388124454194543759056629153 0 0 0 0 0 0 0 0 0 0 0 0 0 0 0 0 0 0 0 0 0 0 0 0 0 0 0 0 0 0 0 0 0 0 0 1 0 0 0 0 0 0 0 0 0 0 0 0 0 0 0 0 0 0 0 0 0 0 0 0 0 0 0 0 0 0 0 0 0 0 0 0 0]
[1561583739537092252446826592769263362678626048235372691139982421934873080285243593127561511442286281962920550900052112706738868969896339362682619052965719631091461681944532251744719005684403475393516480555417881122012178307 0 0 0 0 0 0 0 0 0 0 0 0 0 0 0 0 0 0 0 0 0 0 0 0 0 0 0 0 0 0 0 0 0 0 0 0 1 0 0 0 0 0 0 0 0 0 0 0 0 0 0 0 0 0 0 0 0 0 0 0 0 0 0 0 0 0 0 0 0 0 0 0 0]
[1374205004466176792039685356843823576644946899492823895028687737687952669506474162567556074786856337752399901142030914128149468690863010998475291003726090868637242287243719519370720463571231997008778184335829844314240482531 0 0 0 0 0 0 0 0 0 0 0 0 0 0 0 0 0 0 0 0 0 0 0 0 0 0 0 0 0 0 0 0 0 0 0 0 0 1 0 0 0 0 0 0 0 0 0 0 0 0 0 0 0 0 0 0 0 0 0 0 0 0 0 0 0 0 0 0 0 0 0 0 0]
[2515558577291161070199199403576993366078180191172523564498967255339102783421033014828702438237915385390061297659031584559256064875189255790044004606831123677410934519461228592032301083857739177797249824120046900842542701181 0 0 0 0 0 0 0 0 0 0 0 0 0 0 0 0 0 0 0 0 0 0 0 0 0 0 0 0 0 0 0 0 0 0 0 0 0 0 1 0 0 0 0 0 0 0 0 0 0 0 0 0 0 0 0 0 0 0 0 0 0 0 0 0 0 0 0 0 0 0 0 0 0]
[3493298406919365918273310076647275761804321098015304465080793874021351606709892184421486580784739149809370010451430810064547691693151699739471824686447312170475534195192184884798491185680437115143329486372806304056968860016 0 0 0 0 0 0 0 0 0 0 0 0 0 0 0 0 0 0 0 0 0 0 0 0 0 0 0 0 0 0 0 0 0 0 0 0 0 0 0 1 0 0 0 0 0 0 0 0 0 0 0 0 0 0 0 0 0 0 0 0 0 0 0 0 0 0 0 0 0 0 0 0 0]
[1994661482166357832953528790778980913446799450231242956255313661593724699643540601566196665607277300966154986258906930555712370516851904504598819992317760116271799396656981808143067164542563720761949102639956856381914515699 0 0 0 0 0 0 0 0 0 0 0 0 0 0 0 0 0 0 0 0 0 0 0 0 0 0 0 0 0 0 0 0 0 0 0 0 0 0 0 0 1 0 0 0 0 0 0 0 0 0 0 0 0 0 0 0 0 0 0 0 0 0 0 0 0 0 0 0 0 0 0 0 0]
[238536961123791263526298224211879792760212577770156866901677339319023991569112831438729299825683251301391001852675938389149229733205628168255789200089038228199656805947424165115317484168201415074518512254834604957024106144 0 0 0 0 0 0 0 0 0 0 0 0 0 0 0 0 0 0 0 0 0 0 0 0 0 0 0 0 0 0 0 0 0 0 0 0 0 0 0 0 0 1 0 0 0 0 0 0 0 0 0 0 0 0 0 0 0 0 0 0 0 0 0 0 0 0 0 0 0 0 0 0 0]
[1916916985202265223523029397897314988779380080904760180331322433317183817120036161618656733547102032507732533743125897306960969551468370646144594326009467734467133134398105930888357770623644542511976736778650766985073919116 0 0 0 0 0 0 0 0 0 0 0 0 0 0 0 0 0 0 0 0 0 0 0 0 0 0 0 0 0 0 0 0 0 0 0 0 0 0 0 0 0 0 1 0 0 0 0 0 0 0 0 0 0 0 0 0 0 0 0 0 0 0 0 0 0 0 0 0 0 0 0 0 0]
[3630046761937324896380016477585211371397437993740685065200592067117489428108942097763702838481493219740972978043951461188007627962495328861188405321656326194184322825862195981120812703861094069790626769122313913857959342645 0 0 0 0 0 0 0 0 0 0 0 0 0 0 0 0 0 0 0 0 0 0 0 0 0 0 0 0 0 0 0 0 0 0 0 0 0 0 0 0 0 0 0 1 0 0 0 0 0 0 0 0 0 0 0 0 0 0 0 0 0 0 0 0 0 0 0 0 0 0 0 0 0]
[379691675717648029219363557013068450929342075249985522720484931190296058948152696065344292258223074193298296278387933459677651231639434797922229152488979012105266940348112621696035412821999965155605350518062121498437836098 0 0 0 0 0 0 0 0 0 0 0 0 0 0 0 0 0 0 0 0 0 0 0 0 0 0 0 0 0 0 0 0 0 0 0 0 0 0 0 0 0 0 0 0 1 0 0 0 0 0 0 0 0 0 0 0 0 0 0 0 0 0 0 0 0 0 0 0 0 0 0 0 0]
[1703268408580168566421386083431256336910876077520388564277052650531905554464267835067037636614879069007649691010999094732646936101039957752951215268781581338091072734214554201983499311614386502490488693411216802243945021614 0 0 0 0 0 0 0 0 0 0 0 0 0 0 0 0 0 0 0 0 0 0 0 0 0 0 0 0 0 0 0 0 0 0 0 0 0 0 0 0 0 0 0 0 0 1 0 0 0 0 0 0 0 0 0 0 0 0 0 0 0 0 0 0 0 0 0 0 0 0 0 0 0]
[2524981388169045884651137752866573564083972093075500346898072126570211634686681818827715024451766240707392307483533947313917709254056208757548205979745719185744886070345434040186754785538542136967969859843171271856443153405 0 0 0 0 0 0 0 0 0 0 0 0 0 0 0 0 0 0 0 0 0 0 0 0 0 0 0 0 0 0 0 0 0 0 0 0 0 0 0 0 0 0 0 0 0 0 1 0 0 0 0 0 0 0 0 0 0 0 0 0 0 0 0 0 0 0 0 0 0 0 0 0 0]
[2759548997597989039640582633644178291245640590139838285313469076674936258219571594450255950836709024706787923853973370059383084483082670678606447045830288128197167754587930193660994275975539756035490116730387023971837210668 0 0 0 0 0 0 0 0 0 0 0 0 0 0 0 0 0 0 0 0 0 0 0 0 0 0 0 0 0 0 0 0 0 0 0 0 0 0 0 0 0 0 0 0 0 0 0 1 0 0 0 0 0 0 0 0 0 0 0 0 0 0 0 0 0 0 0 0 0 0 0 0 0]
[180375370030875374116916873532224992217268989164194142058224044100214555562496846859799396911382950393950304207249403912982996696865946654045531814623264656877207747436026675950080570469295710313587615191904033537952877258 0 0 0 0 0 0 0 0 0 0 0 0 0 0 0 0 0 0 0 0 0 0 0 0 0 0 0 0 0 0 0 0 0 0 0 0 0 0 0 0 0 0 0 0 0 0 0 0 1 0 0 0 0 0 0 0 0 0 0 0 0 0 0 0 0 0 0 0 0 0 0 0 0]
[3383643359838162985772147035473924226806874214369769874676086706382951729233078116674729843715733542446475996937039692962402481913962576199696457859495772786498156854409053272675899454657063043036353471657718788653062959822 0 0 0 0 0 0 0 0 0 0 0 0 0 0 0 0 0 0 0 0 0 0 0 0 0 0 0 0 0 0 0 0 0 0 0 0 0 0 0 0 0 0 0 0 0 0 0 0 0 1 0 0 0 0 0 0 0 0 0 0 0 0 0 0 0 0 0 0 0 0 0 0 0]
[2163734329001660231045519487873121611614047490109674302150377461937900461379398350499975012028335460740910744867140755016218014168884948063776081958708414156228592256347849124162460204339360707084392287906989488674390082337 0 0 0 0 0 0 0 0 0 0 0 0 0 0 0 0 0 0 0 0 0 0 0 0 0 0 0 0 0 0 0 0 0 0 0 0 0 0 0 0 0 0 0 0 0 0 0 0 0 0 1 0 0 0 0 0 0 0 0 0 0 0 0 0 0 0 0 0 0 0 0 0 0]
[2413514706492473546058427131228439531071838119232873629839763001171359225609697640718525107016004385243696408390560930707540105425394395942927934050782581223945152300468478780002444597664977392622144414665094916149238079384 0 0 0 0 0 0 0 0 0 0 0 0 0 0 0 0 0 0 0 0 0 0 0 0 0 0 0 0 0 0 0 0 0 0 0 0 0 0 0 0 0 0 0 0 0 0 0 0 0 0 0 1 0 0 0 0 0 0 0 0 0 0 0 0 0 0 0 0 0 0 0 0 0]
[76711794987101550221303526949758473245193890047765430804782220815268547771434956710505501270876398341892694955741152353553924369490062790894501546131823104014261440790674631386981668624816564103365481362027878513925991984 0 0 0 0 0 0 0 0 0 0 0 0 0 0 0 0 0 0 0 0 0 0 0 0 0 0 0 0 0 0 0 0 0 0 0 0 0 0 0 0 0 0 0 0 0 0 0 0 0 0 0 0 1 0 0 0 0 0 0 0 0 0 0 0 0 0 0 0 0 0 0 0 0]
[1057459407387595256908392783953126579622745974332949822795840853016359485703491386772247223892071547786136071100879187690462642281015293521811735945970662559401138061792050768287411157125479834499896864019610060471336245922 0 0 0 0 0 0 0 0 0 0 0 0 0 0 0 0 0 0 0 0 0 0 0 0 0 0 0 0 0 0 0 0 0 0 0 0 0 0 0 0 0 0 0 0 0 0 0 0 0 0 0 0 0 1 0 0 0 0 0 0 0 0 0 0 0 0 0 0 0 0 0 0 0]
[2401132926501202583712072132803273568435841574415784796122836073909126498351808309910003046352810402465100265576117819797516619777301594050570654404397678959994535127758251021736810404500146988605982383382947793046660012636 0 0 0 0 0 0 0 0 0 0 0 0 0 0 0 0 0 0 0 0 0 0 0 0 0 0 0 0 0 0 0 0 0 0 0 0 0 0 0 0 0 0 0 0 0 0 0 0 0 0 0 0 0 0 1 0 0 0 0 0 0 0 0 0 0 0 0 0 0 0 0 0 0]
[474932890197841873238488115103843479609575456028271185304467623872637097476611117724007039684940911175379996885029967459764311160763233635985092399736157229369808527990690013027839288657736296369902798614197425132441142192 0 0 0 0 0 0 0 0 0 0 0 0 0 0 0 0 0 0 0 0 0 0 0 0 0 0 0 0 0 0 0 0 0 0 0 0 0 0 0 0 0 0 0 0 0 0 0 0 0 0 0 0 0 0 0 1 0 0 0 0 0 0 0 0 0 0 0 0 0 0 0 0 0]
[645104541907679408260820243423293439134592144332434581541430706124413765395855858662641403837866251636185692943166293476298918999849027154352648840345901549872814044065975993231217983106762948094139370610447831923776618406 0 0 0 0 0 0 0 0 0 0 0 0 0 0 0 0 0 0 0 0 0 0 0 0 0 0 0 0 0 0 0 0 0 0 0 0 0 0 0 0 0 0 0 0 0 0 0 0 0 0 0 0 0 0 0 0 1 0 0 0 0 0 0 0 0 0 0 0 0 0 0 0 0]
[2894664872507755688564671656019654097544829381495375294728179096734025760272553593099950773292717687591443377778680289315584130581623671890002279873973748492181742790072908664052567363331453793739325838046634519447068349586 0 0 0 0 0 0 0 0 0 0 0 0 0 0 0 0 0 0 0 0 0 0 0 0 0 0 0 0 0 0 0 0 0 0 0 0 0 0 0 0 0 0 0 0 0 0 0 0 0 0 0 0 0 0 0 0 0 1 0 0 0 0 0 0 0 0 0 0 0 0 0 0 0]
[94511787579444990069719386587319547927755280268118557386682644560763109564423918989605373920907798345966193601051835719546842091215607897647208561137884272720116342451743181696903468997955242619221631164249474088264166503 0 0 0 0 0 0 0 0 0 0 0 0 0 0 0 0 0 0 0 0 0 0 0 0 0 0 0 0 0 0 0 0 0 0 0 0 0 0 0 0 0 0 0 0 0 0 0 0 0 0 0 0 0 0 0 0 0 0 1 0 0 0 0 0 0 0 0 0 0 0 0 0 0]
[3656011192243746538608817234670111090913496159763610703612694840778869506590277166557500151156105160331903071130966951677649497115982894136767996201642859083419209679204258803410997713330316530338653700209815493861893261262 0 0 0 0 0 0 0 0 0 0 0 0 0 0 0 0 0 0 0 0 0 0 0 0 0 0 0 0 0 0 0 0 0 0 0 0 0 0 0 0 0 0 0 0 0 0 0 0 0 0 0 0 0 0 0 0 0 0 0 1 0 0 0 0 0 0 0 0 0 0 0 0 0]
[1313396647727566055258925362191315871065971873613765143409473212067310614357523638918520560561503531300023672520766369848001196851041811253764201116211191311526980157398203629407560963905605956583322316680580274863644267892 0 0 0 0 0 0 0 0 0 0 0 0 0 0 0 0 0 0 0 0 0 0 0 0 0 0 0 0 0 0 0 0 0 0 0 0 0 0 0 0 0 0 0 0 0 0 0 0 0 0 0 0 0 0 0 0 0 0 0 0 1 0 0 0 0 0 0 0 0 0 0 0 0]
[164570281491982305111949454592647101624950108177292789677467052335693608859602947630821394018507605339581848471623980651391743785584727021065013381810300671049337707984768945169420051105455276054628085975894679370815306459 0 0 0 0 0 0 0 0 0 0 0 0 0 0 0 0 0 0 0 0 0 0 0 0 0 0 0 0 0 0 0 0 0 0 0 0 0 0 0 0 0 0 0 0 0 0 0 0 0 0 0 0 0 0 0 0 0 0 0 0 0 1 0 0 0 0 0 0 0 0 0 0 0]
[3243930233717240926357309051506177530387538393264733930255804591923869345604503170920917965821249511096029389926140853072842427337999808004617969565628764522637353510505966961545066255692640827446163507595551742900666667258 0 0 0 0 0 0 0 0 0 0 0 0 0 0 0 0 0 0 0 0 0 0 0 0 0 0 0 0 0 0 0 0 0 0 0 0 0 0 0 0 0 0 0 0 0 0 0 0 0 0 0 0 0 0 0 0 0 0 0 0 0 0 1 0 0 0 0 0 0 0 0 0 0]
[1361199970880774979037668897867281875608789329411301511817134622704043519075989207096910904641925580744703460542860428991394430439338369837595654591401831388008437533502640356360830585667246050490687630171648913326990797731 0 0 0 0 0 0 0 0 0 0 0 0 0 0 0 0 0 0 0 0 0 0 0 0 0 0 0 0 0 0 0 0 0 0 0 0 0 0 0 0 0 0 0 0 0 0 0 0 0 0 0 0 0 0 0 0 0 0 0 0 0 0 0 1 0 0 0 0 0 0 0 0 0]
[2500194734864637743790852283032548602076236171555457643070435590142441359998637053803819108553032845782817484594017465462325112959252022062140217529539523540536008550130921081999778027060139314282581430024310466230743935845 0 0 0 0 0 0 0 0 0 0 0 0 0 0 0 0 0 0 0 0 0 0 0 0 0 0 0 0 0 0 0 0 0 0 0 0 0 0 0 0 0 0 0 0 0 0 0 0 0 0 0 0 0 0 0 0 0 0 0 0 0 0 0 0 1 0 0 0 0 0 0 0 0]
[1099488291661461022446281243109269671970800771628942112245271020093477357138408178688157942361854363013627254995810220089395630345650596392223887012578684739859320042939043617191520073324190857272377661606909801333093492189 0 0 0 0 0 0 0 0 0 0 0 0 0 0 0 0 0 0 0 0 0 0 0 0 0 0 0 0 0 0 0 0 0 0 0 0 0 0 0 0 0 0 0 0 0 0 0 0 0 0 0 0 0 0 0 0 0 0 0 0 0 0 0 0 0 1 0 0 0 0 0 0 0]
[534055261346923226605508132369453297297941899372568287714049107770397785774940275521611640611501848854864766207444523481273069108139922370509809067606884647010237795916350721039005261990792754865917781551753630851746736761 0 0 0 0 0 0 0 0 0 0 0 0 0 0 0 0 0 0 0 0 0 0 0 0 0 0 0 0 0 0 0 0 0 0 0 0 0 0 0 0 0 0 0 0 0 0 0 0 0 0 0 0 0 0 0 0 0 0 0 0 0 0 0 0 0 0 1 0 0 0 0 0 0]
[1203722178180147030461203888927016582230829797931931985375235721732360469252823134568809456986509458443735727324957569562117798519682111811245736113253608616380388794158727552876142536815511653712512510924207234536818654479 0 0 0 0 0 0 0 0 0 0 0 0 0 0 0 0 0 0 0 0 0 0 0 0 0 0 0 0 0 0 0 0 0 0 0 0 0 0 0 0 0 0 0 0 0 0 0 0 0 0 0 0 0 0 0 0 0 0 0 0 0 0 0 0 0 0 0 1 0 0 0 0 0]
[2349772336203279793204019245709828020251937624811743364968164807641767093946758981482834417670024196757830842726360871271988820442382354704242400745884839324132728961814019552901920131226226047832102305779411912718914721047 0 0 0 0 0 0 0 0 0 0 0 0 0 0 0 0 0 0 0 0 0 0 0 0 0 0 0 0 0 0 0 0 0 0 0 0 0 0 0 0 0 0 0 0 0 0 0 0 0 0 0 0 0 0 0 0 0 0 0 0 0 0 0 0 0 0 0 0 1 0 0 0 0]
[3303896299089877970452530812042565643744926090941105890874001710237472347114455987519070559725829445508358944601649739705548533429089989138799851881832297177882695865488930938609277929663639596805442885797738924877057881142 0 0 0 0 0 0 0 0 0 0 0 0 0 0 0 0 0 0 0 0 0 0 0 0 0 0 0 0 0 0 0 0 0 0 0 0 0 0 0 0 0 0 0 0 0 0 0 0 0 0 0 0 0 0 0 0 0 0 0 0 0 0 0 0 0 0 0 0 0 1 0 0 0]
[3631181904863589232249855483836971040433681682219618051686390622374394570905898417750839205098511964448269433466147352252497401865200892196589149582747465967613456722253278362030221136935035303507230925471495605049231783435 0 0 0 0 0 0 0 0 0 0 0 0 0 0 0 0 0 0 0 0 0 0 0 0 0 0 0 0 0 0 0 0 0 0 0 0 0 0 0 0 0 0 0 0 0 0 0 0 0 0 0 0 0 0 0 0 0 0 0 0 0 0 0 0 0 0 0 0 0 0 1 0 0]
[3246263906860285343359981687262683855470687217256797393730512711038762580679484873052317563276119831410531248151005001113674108853970680616118276295871130622014124354554211358780534792435150956311562830453561309298659405902 0 0 0 0 0 0 0 0 0 0 0 0 0 0 0 0 0 0 0 0 0 0 0 0 0 0 0 0 0 0 0 0 0 0 0 0 0 0 0 0 0 0 0 0 0 0 0 0 0 0 0 0 0 0 0 0 0 0 0 0 0 0 0 0 0 0 0 0 0 0 0 1 0]
[2514224393813995972276811294204678703008909848647869102434965774137541888290213707213867262772404611609142584611914080069383603351167769322957248270654613398313747357276634666251683828217189255201915644869009948573149460000 0 0 0 0 0 0 0 0 0 0 0 0 0 0 0 0 0 0 0 0 0 0 0 0 0 0 0 0 0 0 0 0 0 0 0 0 0 0 0 0 0 0 0 0 0 0 0 0 0 0 0 0 0 0 0 0 0 0 0 0 0 0 0 0 0 0 0 0 0 0 0 0 1]
]
