[[5489362149188355517048514045429413462095114203893632384726630344193611773816643747264005616719795038922491110032568612245003128805839443102028424550504746641704607084053888031445635382709320644780344064954487968961103759557771 0 0 0 0 0 0 0 0 0 0 0 0 0 0 0 0 0 0 0 0 0 0 0 0 0 0 0 0 0 0 0 0 0 0 0 0 0 0 0 0 0 0 0 0 0 0 0 0 0 0 0 0 0 0 0 0 0 0 0 0 0 0 0 0 0 0 0 0 0 0 0 0 0 0]
[4269047133333356177769871750740650335864462012454507254961926136565440939567820781017352055244139075823579138662293039921141965487481244630970050788652046917891554801376315439689246355261040358368056569616176890099376278870516 1 0 0 0 0 0 0 0 0 0 0 0 0 0 0 0 0 0 0 0 0 0 0 0 0 0 0 0 0 0 0 0 0 0 0 0 0 0 0 0 0 0 0 0 0 0 0 0 0 0 0 0 0 0 0 0 0 0 0 0 0 0 0 0 0 0 0 0 0 0 0 0 0 0]
[1979854391188753335138415985438617360350944816613932174091426810191939200488801817890476869989130052886906088874071714125970372978903573038958088026417686205489885372821287891065892363800333340746253954401431242131742541244225 0 1 0 0 0 0 0 0 0 0 0 0 0 0 0 0 0 0 0 0 0 0 0 0 0 0 0 0 0 0 0 0 0 0 0 0 0 0 0 0 0 0 0 0 0 0 0 0 0 0 0 0 0 0 0 0 0 0 0 0 0 0 0 0 0 0 0 0 0 0 0 0 0 0]
[2528818764795410604564518618140866583920185673572020136006447298990567051343606431874987233458256344118763822372385038067201581962232873039093148157883725438535421002686385711313546489791632641267571471735254836504174217732166 0 0 1 0 0 0 0 0 0 0 0 0 0 0 0 0 0 0 0 0 0 0 0 0 0 0 0 0 0 0 0 0 0 0 0 0 0 0 0 0 0 0 0 0 0 0 0 0 0 0 0 0 0 0 0 0 0 0 0 0 0 0 0 0 0 0 0 0 0 0 0 0 0 0]
[4396745101155374554836606693428533439348038509891337581770296859533825849173899744278626980308018042413490382275141719731349734453978530942136492562798883488798484956177449770394674933117776670260424279644417084511917670906556 0 0 0 1 0 0 0 0 0 0 0 0 0 0 0 0 0 0 0 0 0 0 0 0 0 0 0 0 0 0 0 0 0 0 0 0 0 0 0 0 0 0 0 0 0 0 0 0 0 0 0 0 0 0 0 0 0 0 0 0 0 0 0 0 0 0 0 0 0 0 0 0 0 0]
[1878399777565960770478206569714644599844248544208846510194006213212563052549135876570879170363237684078059246611953636819779687967567225778861547960696934643343140740871957585684183520614959534103611525586750247299296975312237 0 0 0 0 1 0 0 0 0 0 0 0 0 0 0 0 0 0 0 0 0 0 0 0 0 0 0 0 0 0 0 0 0 0 0 0 0 0 0 0 0 0 0 0 0 0 0 0 0 0 0 0 0 0 0 0 0 0 0 0 0 0 0 0 0 0 0 0 0 0 0 0 0 0]
[2450668291090991001540239506659546736412232997472459310363720530562898462175705604633756602342941039435625083817131117633356285808194831700004355654556604769143307095761002240502141490915832177722623244262616362670888708740924 0 0 0 0 0 1 0 0 0 0 0 0 0 0 0 0 0 0 0 0 0 0 0 0 0 0 0 0 0 0 0 0 0 0 0 0 0 0 0 0 0 0 0 0 0 0 0 0 0 0 0 0 0 0 0 0 0 0 0 0 0 0 0 0 0 0 0 0 0 0 0 0 0 0]
[3096700270442341267994815586662447789637083337758598393494136552417217229896529458595453150708238074055401072622926946388962166161037140913650594906669494028394657706508926917874433831342325624423450279945583334402362426712986 0 0 0 0 0 0 1 0 0 0 0 0 0 0 0 0 0 0 0 0 0 0 0 0 0 0 0 0 0 0 0 0 0 0 0 0 0 0 0 0 0 0 0 0 0 0 0 0 0 0 0 0 0 0 0 0 0 0 0 0 0 0 0 0 0 0 0 0 0 0 0 0 0 0]
[4652467950288907492503146389573319342080528561170186264581915121980960570405064264270840799742786623611127643754795954247212940299450009877554340785977674342177141357107667865876401840025658275406455657472753455624354594506212 0 0 0 0 0 0 0 1 0 0 0 0 0 0 0 0 0 0 0 0 0 0 0 0 0 0 0 0 0 0 0 0 0 0 0 0 0 0 0 0 0 0 0 0 0 0 0 0 0 0 0 0 0 0 0 0 0 0 0 0 0 0 0 0 0 0 0 0 0 0 0 0 0 0]
[4187548884738579251354689346472821309450036025341204445826462217700915140634684384404783892875866502814887189964354787935146160932669296495584815500682825626813407554553494646725197544815777554438557657928451413824360822621934 0 0 0 0 0 0 0 0 1 0 0 0 0 0 0 0 0 0 0 0 0 0 0 0 0 0 0 0 0 0 0 0 0 0 0 0 0 0 0 0 0 0 0 0 0 0 0 0 0 0 0 0 0 0 0 0 0 0 0 0 0 0 0 0 0 0 0 0 0 0 0 0 0 0]
[2655022695879200840219920571497496139238016485281379042435267761084230207667836439318926829475371200499418331452992125241391920528191462859790930386093578712703708931945995846047680755382099763672102763944034688192221784844680 0 0 0 0 0 0 0 0 0 1 0 0 0 0 0 0 0 0 0 0 0 0 0 0 0 0 0 0 0 0 0 0 0 0 0 0 0 0 0 0 0 0 0 0 0 0 0 0 0 0 0 0 0 0 0 0 0 0 0 0 0 0 0 0 0 0 0 0 0 0 0 0 0 0]
[506648245869067037551709235781004791447805818417569786411665171679381103233257035925203554183337186980498420091473164308238300508807961437421454900084491201536977486550974643214653891196137319998540240943142784323092861542293 0 0 0 0 0 0 0 0 0 0 1 0 0 0 0 0 0 0 0 0 0 0 0 0 0 0 0 0 0 0 0 0 0 0 0 0 0 0 0 0 0 0 0 0 0 0 0 0 0 0 0 0 0 0 0 0 0 0 0 0 0 0 0 0 0 0 0 0 0 0 0 0 0 0]
[5036238745725990364275028919833635110654008549738303744880501389003180713024121518018610524562898995948359025565351108213431153365353958094678130190449649989564043932410113196012991435458871820288249210455579290200491314909116 0 0 0 0 0 0 0 0 0 0 0 1 0 0 0 0 0 0 0 0 0 0 0 0 0 0 0 0 0 0 0 0 0 0 0 0 0 0 0 0 0 0 0 0 0 0 0 0 0 0 0 0 0 0 0 0 0 0 0 0 0 0 0 0 0 0 0 0 0 0 0 0 0 0]
[144494149860178446963132832282097389159666307232263937011670929741911189417931343099234179300871406335006363327029428377088646423108378320926058910534325967276998300766157049961526274333087611553932779178324688938234300069281 0 0 0 0 0 0 0 0 0 0 0 0 1 0 0 0 0 0 0 0 0 0 0 0 0 0 0 0 0 0 0 0 0 0 0 0 0 0 0 0 0 0 0 0 0 0 0 0 0 0 0 0 0 0 0 0 0 0 0 0 0 0 0 0 0 0 0 0 0 0 0 0 0 0]
[4394829055945148857051055150720502734418551018214456030152412454584780521818654799797578324559912058072289359879540308134974201252613523230473153020833034964947388029433184288831536540362757817299658791324339876652880492058746 0 0 0 0 0 0 0 0 0 0 0 0 0 1 0 0 0 0 0 0 0 0 0 0 0 0 0 0 0 0 0 0 0 0 0 0 0 0 0 0 0 0 0 0 0 0 0 0 0 0 0 0 0 0 0 0 0 0 0 0 0 0 0 0 0 0 0 0 0 0 0 0 0 0]
[3945037053618582546400431451834777131383108643964377814261612935667125390593366394745305515967018155888962624369709360810108525734287777965293425378633925678811158455105744932576458291117454294444911288455142053228824110395912 0 0 0 0 0 0 0 0 0 0 0 0 0 0 1 0 0 0 0 0 0 0 0 0 0 0 0 0 0 0 0 0 0 0 0 0 0 0 0 0 0 0 0 0 0 0 0 0 0 0 0 0 0 0 0 0 0 0 0 0 0 0 0 0 0 0 0 0 0 0 0 0 0 0]
[1840476464286827928343482586881231760908312379036842681782019634207921622558316187260788088839899193219075519967812662068717818559433267702642974525872380018198698516003893072197790540816879346515282309216350404154472283977236 0 0 0 0 0 0 0 0 0 0 0 0 0 0 0 1 0 0 0 0 0 0 0 0 0 0 0 0 0 0 0 0 0 0 0 0 0 0 0 0 0 0 0 0 0 0 0 0 0 0 0 0 0 0 0 0 0 0 0 0 0 0 0 0 0 0 0 0 0 0 0 0 0 0]
[37676846132826404584762014539791899916799353925456119880636550546311594786423584228029230858219730638381864755809741655053295568848918190811743274418176266952898925165474273826652662729685624067832332400834720934842302006620 0 0 0 0 0 0 0 0 0 0 0 0 0 0 0 0 1 0 0 0 0 0 0 0 0 0 0 0 0 0 0 0 0 0 0 0 0 0 0 0 0 0 0 0 0 0 0 0 0 0 0 0 0 0 0 0 0 0 0 0 0 0 0 0 0 0 0 0 0 0 0 0 0 0]
[4076829452958522990619599604400650505522540369385980035995690067053503544962541372897779625321134279626404164348385501485193407298653547714364524876858962460275771779845080565612397064087359454385507344922140792854396651189855 0 0 0 0 0 0 0 0 0 0 0 0 0 0 0 0 0 1 0 0 0 0 0 0 0 0 0 0 0 0 0 0 0 0 0 0 0 0 0 0 0 0 0 0 0 0 0 0 0 0 0 0 0 0 0 0 0 0 0 0 0 0 0 0 0 0 0 0 0 0 0 0 0 0]
[1774358195991909257929957501169596879605108424110741795500013585605852823723363465938865531697292100251747497184675472795979285731441512284059828781977458178876359131377648645933695068040984028118097411802539461037956891804631 0 0 0 0 0 0 0 0 0 0 0 0 0 0 0 0 0 0 1 0 0 0 0 0 0 0 0 0 0 0 0 0 0 0 0 0 0 0 0 0 0 0 0 0 0 0 0 0 0 0 0 0 0 0 0 0 0 0 0 0 0 0 0 0 0 0 0 0 0 0 0 0 0 0]
[4706537089332100545147830629704017328429994725580738588078136056678577968034307376157268679351167897919663636353496335772370961353004481931291461534538057739606922777619246481781368018914983480289008629044065875440031194343501 0 0 0 0 0 0 0 0 0 0 0 0 0 0 0 0 0 0 0 1 0 0 0 0 0 0 0 0 0 0 0 0 0 0 0 0 0 0 0 0 0 0 0 0 0 0 0 0 0 0 0 0 0 0 0 0 0 0 0 0 0 0 0 0 0 0 0 0 0 0 0 0 0 0]
[2330947578274133832307638590910777209661671140426530730307714334469688278195414917565884920441996965434830259655637186907597779229904546680120881072293323691839427425265105298648742399913618308083855771626897710351488413955955 0 0 0 0 0 0 0 0 0 0 0 0 0 0 0 0 0 0 0 0 1 0 0 0 0 0 0 0 0 0 0 0 0 0 0 0 0 0 0 0 0 0 0 0 0 0 0 0 0 0 0 0 0 0 0 0 0 0 0 0 0 0 0 0 0 0 0 0 0 0 0 0 0 0]
[4333122065777950778655855836328119450301683340920748277563546491895184829461028127621858173404120647507588501144089066982125067211959867172802932476030996958409346919655397286092303560501251392216885589717329748243308166899879 0 0 0 0 0 0 0 0 0 0 0 0 0 0 0 0 0 0 0 0 0 1 0 0 0 0 0 0 0 0 0 0 0 0 0 0 0 0 0 0 0 0 0 0 0 0 0 0 0 0 0 0 0 0 0 0 0 0 0 0 0 0 0 0 0 0 0 0 0 0 0 0 0 0]
[1482925599378496046491971538857314882718704054961809430992342283335152955865692372831922982706597721889796294015543901695785291243443242831552120884521462656670111382965572820456414278001514414934737605019523075646807110363795 0 0 0 0 0 0 0 0 0 0 0 0 0 0 0 0 0 0 0 0 0 0 1 0 0 0 0 0 0 0 0 0 0 0 0 0 0 0 0 0 0 0 0 0 0 0 0 0 0 0 0 0 0 0 0 0 0 0 0 0 0 0 0 0 0 0 0 0 0 0 0 0 0 0]
[4667484972976929364875930294583698319411468615229511867505759547734217384179661499127288688560205246089927931372921796039574852918851503094774793460731765097891725075932366954366657680680351782533439267052635671217569707070616 0 0 0 0 0 0 0 0 0 0 0 0 0 0 0 0 0 0 0 0 0 0 0 1 0 0 0 0 0 0 0 0 0 0 0 0 0 0 0 0 0 0 0 0 0 0 0 0 0 0 0 0 0 0 0 0 0 0 0 0 0 0 0 0 0 0 0 0 0 0 0 0 0 0]
[4049601959360016725444011006391680720147747379671581459448743921532569199076101790327165089067145733044267664978867504793034858569764638614681195886962713607238093716456172701419264809149688139710870559381180008262309919494203 0 0 0 0 0 0 0 0 0 0 0 0 0 0 0 0 0 0 0 0 0 0 0 0 1 0 0 0 0 0 0 0 0 0 0 0 0 0 0 0 0 0 0 0 0 0 0 0 0 0 0 0 0 0 0 0 0 0 0 0 0 0 0 0 0 0 0 0 0 0 0 0 0 0]
[1747090005982748860399515957716401765958959547979064480361295250185550335012956037254586470180505085859014658565738957175686217227301168060923618495587453262457204004165945297839957591553774958508070766095898561220650567517839 0 0 0 0 0 0 0 0 0 0 0 0 0 0 0 0 0 0 0 0 0 0 0 0 0 1 0 0 0 0 0 0 0 0 0 0 0 0 0 0 0 0 0 0 0 0 0 0 0 0 0 0 0 0 0 0 0 0 0 0 0 0 0 0 0 0 0 0 0 0 0 0 0 0]
[5436478855015138272682549688443271726364903205345973699249626132460956890770645807102939295682527619451288432581803981108327362156724522880821893360748946652169417891494662666115957091994717623463041717008322725185010878278446 0 0 0 0 0 0 0 0 0 0 0 0 0 0 0 0 0 0 0 0 0 0 0 0 0 0 1 0 0 0 0 0 0 0 0 0 0 0 0 0 0 0 0 0 0 0 0 0 0 0 0 0 0 0 0 0 0 0 0 0 0 0 0 0 0 0 0 0 0 0 0 0 0 0]
[3440550378515516450116720819306159491580700259017044931353145220997544245954411551344027541706798900061985235552399017818390915351133174771393969755922968975820121770485008320511331587031710711297568176767945506928129914926067 0 0 0 0 0 0 0 0 0 0 0 0 0 0 0 0 0 0 0 0 0 0 0 0 0 0 0 1 0 0 0 0 0 0 0 0 0 0 0 0 0 0 0 0 0 0 0 0 0 0 0 0 0 0 0 0 0 0 0 0 0 0 0 0 0 0 0 0 0 0 0 0 0 0]
[2549628888264339080444546096587814141600258221215589360180735057824313873124906552068114617682137151174010660509621727552197377168388892694750810505948184924475573593335335751053248718050920743454561058900255822226194156783991 0 0 0 0 0 0 0 0 0 0 0 0 0 0 0 0 0 0 0 0 0 0 0 0 0 0 0 0 1 0 0 0 0 0 0 0 0 0 0 0 0 0 0 0 0 0 0 0 0 0 0 0 0 0 0 0 0 0 0 0 0 0 0 0 0 0 0 0 0 0 0 0 0 0]
[46582241492396690092082791629256943056306830179415070025165902364625856951054842707694056231551737327617048588031761482066077740869749048628798555870844677420035235270240690880129733592242512340610414352808703869117823449469 0 0 0 0 0 0 0 0 0 0 0 0 0 0 0 0 0 0 0 0 0 0 0 0 0 0 0 0 0 1 0 0 0 0 0 0 0 0 0 0 0 0 0 0 0 0 0 0 0 0 0 0 0 0 0 0 0 0 0 0 0 0 0 0 0 0 0 0 0 0 0 0 0 0]
[4105060674633053263594500200708772972817806608142080160124706807887207531633923475727316268486128400143215857195145271740082602750555939086829018054681147038540345440939851781973270439952427935016072534203349310221930445409753 0 0 0 0 0 0 0 0 0 0 0 0 0 0 0 0 0 0 0 0 0 0 0 0 0 0 0 0 0 0 1 0 0 0 0 0 0 0 0 0 0 0 0 0 0 0 0 0 0 0 0 0 0 0 0 0 0 0 0 0 0 0 0 0 0 0 0 0 0 0 0 0 0 0]
[2888647892109524502808068194990389438867744849041603990758913917071824606443652254455916838968641423350698453230216956938885418710612233985853008828264733600417953672842649416309756554829495618897491125551843013496184427210532 0 0 0 0 0 0 0 0 0 0 0 0 0 0 0 0 0 0 0 0 0 0 0 0 0 0 0 0 0 0 0 1 0 0 0 0 0 0 0 0 0 0 0 0 0 0 0 0 0 0 0 0 0 0 0 0 0 0 0 0 0 0 0 0 0 0 0 0 0 0 0 0 0 0]
[3257504457606973541545115582912778336839219793724782532685869390435212514451199826704180891258164962193450118373464148072949324044589629106195261992412087968299255641309452830156156569536990412444824319979261642326339240268984 0 0 0 0 0 0 0 0 0 0 0 0 0 0 0 0 0 0 0 0 0 0 0 0 0 0 0 0 0 0 0 0 1 0 0 0 0 0 0 0 0 0 0 0 0 0 0 0 0 0 0 0 0 0 0 0 0 0 0 0 0 0 0 0 0 0 0 0 0 0 0 0 0 0]
[4165076927746206070268387529513222542010425424045328807773428986007188003438606249755055538877581724983487830888286576189515981466494132892617029814935992883867300306071743119886277168489242799771120262824698748545748116712840 0 0 0 0 0 0 0 0 0 0 0 0 0 0 0 0 0 0 0 0 0 0 0 0 0 0 0 0 0 0 0 0 0 1 0 0 0 0 0 0 0 0 0 0 0 0 0 0 0 0 0 0 0 0 0 0 0 0 0 0 0 0 0 0 0 0 0 0 0 0 0 0 0 0]
[3239057497670646716780280850572872039260972743500783681047448173062973458780551122765410134681458488158351736236553604598657000980894257952739884578210074167929675041310950038272501023632144724174938461919797843780722312381010 0 0 0 0 0 0 0 0 0 0 0 0 0 0 0 0 0 0 0 0 0 0 0 0 0 0 0 0 0 0 0 0 0 0 1 0 0 0 0 0 0 0 0 0 0 0 0 0 0 0 0 0 0 0 0 0 0 0 0 0 0 0 0 0 0 0 0 0 0 0 0 0 0 0]
[2911951683225050093688761594667405876717135301596426139735808650053988199724074454803815699732719571858147834949667410007309283252244387106528064414027381220141374291696962120165955808065119811713409158657166652032036680032271 0 0 0 0 0 0 0 0 0 0 0 0 0 0 0 0 0 0 0 0 0 0 0 0 0 0 0 0 0 0 0 0 0 0 0 1 0 0 0 0 0 0 0 0 0 0 0 0 0 0 0 0 0 0 0 0 0 0 0 0 0 0 0 0 0 0 0 0 0 0 0 0 0 0]
[4336987925017588214565428093171283214640758854739056142736708827379255074131053686507428889320633602615031836452883714006255499502465685159985518765023191481168860790055120526897694944345414216344888009129535846094344021353517 0 0 0 0 0 0 0 0 0 0 0 0 0 0 0 0 0 0 0 0 0 0 0 0 0 0 0 0 0 0 0 0 0 0 0 0 1 0 0 0 0 0 0 0 0 0 0 0 0 0 0 0 0 0 0 0 0 0 0 0 0 0 0 0 0 0 0 0 0 0 0 0 0 0]
[4116583048465387967738312266905354342630990955294897640822544000383860373879030159475269672717661460897907597463979817786365944009743484763713410827074160078358128124213508949109446790806373116366630800403716749551078504954090 0 0 0 0 0 0 0 0 0 0 0 0 0 0 0 0 0 0 0 0 0 0 0 0 0 0 0 0 0 0 0 0 0 0 0 0 0 1 0 0 0 0 0 0 0 0 0 0 0 0 0 0 0 0 0 0 0 0 0 0 0 0 0 0 0 0 0 0 0 0 0 0 0 0]
[567715653763656980551318381004137983933579189603926991535216177932292091724912383511284510667172909574522811143950059562882505486067677092643796670384093700483695471393186836563476541823976227207559519590527325305148904035553 0 0 0 0 0 0 0 0 0 0 0 0 0 0 0 0 0 0 0 0 0 0 0 0 0 0 0 0 0 0 0 0 0 0 0 0 0 0 1 0 0 0 0 0 0 0 0 0 0 0 0 0 0 0 0 0 0 0 0 0 0 0 0 0 0 0 0 0 0 0 0 0 0 0]
[5228025979719630106830151115539628216163685820560743477878064633179000536231293358622218251543362140619216656961101846408116826722129824018503136220052732204551967103535942740567401901214442985991592393154842450933895654579553 0 0 0 0 0 0 0 0 0 0 0 0 0 0 0 0 0 0 0 0 0 0 0 0 0 0 0 0 0 0 0 0 0 0 0 0 0 0 0 1 0 0 0 0 0 0 0 0 0 0 0 0 0 0 0 0 0 0 0 0 0 0 0 0 0 0 0 0 0 0 0 0 0 0]
[668193591877357657120596647975973079779033148343644438108987312673884755108194247119177829520880394633794909684096970854635441688710241160823402076406073002231179007520643022696017225045126209906731448541849818354192240729625 0 0 0 0 0 0 0 0 0 0 0 0 0 0 0 0 0 0 0 0 0 0 0 0 0 0 0 0 0 0 0 0 0 0 0 0 0 0 0 0 1 0 0 0 0 0 0 0 0 0 0 0 0 0 0 0 0 0 0 0 0 0 0 0 0 0 0 0 0 0 0 0 0 0]
[675865707462255443974125354092584940680438903655082090284696266514584402742440084919132040617619501331503504795131511152918603692577151394584333045371977472297858656994838747883452167428548271440890969268632864422101493756699 0 0 0 0 0 0 0 0 0 0 0 0 0 0 0 0 0 0 0 0 0 0 0 0 0 0 0 0 0 0 0 0 0 0 0 0 0 0 0 0 0 1 0 0 0 0 0 0 0 0 0 0 0 0 0 0 0 0 0 0 0 0 0 0 0 0 0 0 0 0 0 0 0 0]
[3557295190592827166608855133415215627538264414780788646643124753781478104413130614084032522528826650840343101213655700436074079515128943985507301186598072182761655103385970269138384314173666404565766022546084928092071544109086 0 0 0 0 0 0 0 0 0 0 0 0 0 0 0 0 0 0 0 0 0 0 0 0 0 0 0 0 0 0 0 0 0 0 0 0 0 0 0 0 0 0 1 0 0 0 0 0 0 0 0 0 0 0 0 0 0 0 0 0 0 0 0 0 0 0 0 0 0 0 0 0 0 0]
[3866653442458714043037716101390708094877574222564873278404449780624496585987140091212243781466128011972445722681512373248085419343470508366654578918806557781912658746973089122274586542556154808023500787353948852890973486510950 0 0 0 0 0 0 0 0 0 0 0 0 0 0 0 0 0 0 0 0 0 0 0 0 0 0 0 0 0 0 0 0 0 0 0 0 0 0 0 0 0 0 0 1 0 0 0 0 0 0 0 0 0 0 0 0 0 0 0 0 0 0 0 0 0 0 0 0 0 0 0 0 0 0]
[5376573769063017693647364207777140278040350236881081804454432372440670944389542309121197968076251872639504193706499293980024129779025495845253327986918738215350469113590211439256536453414936467244832236172132199825337687789982 0 0 0 0 0 0 0 0 0 0 0 0 0 0 0 0 0 0 0 0 0 0 0 0 0 0 0 0 0 0 0 0 0 0 0 0 0 0 0 0 0 0 0 0 1 0 0 0 0 0 0 0 0 0 0 0 0 0 0 0 0 0 0 0 0 0 0 0 0 0 0 0 0 0]
[52410321444166557858562390251766959678398955359219373550154275496257031263231058519668605161602975843650557123392657627952390719570682520143492745174338765696524514004594968030749456432066883417071067193894670697732957888998 0 0 0 0 0 0 0 0 0 0 0 0 0 0 0 0 0 0 0 0 0 0 0 0 0 0 0 0 0 0 0 0 0 0 0 0 0 0 0 0 0 0 0 0 0 1 0 0 0 0 0 0 0 0 0 0 0 0 0 0 0 0 0 0 0 0 0 0 0 0 0 0 0 0]
[3670508290335633967801918938697389044709302073123887768694313766466750174974900508489599848703863673206218066512266809133551274884764396052898848850202093354284876370860232728337767996415351233693024734206455941637132449520636 0 0 0 0 0 0 0 0 0 0 0 0 0 0 0 0 0 0 0 0 0 0 0 0 0 0 0 0 0 0 0 0 0 0 0 0 0 0 0 0 0 0 0 0 0 0 1 0 0 0 0 0 0 0 0 0 0 0 0 0 0 0 0 0 0 0 0 0 0 0 0 0 0 0]
[3756003480133295529721854945769510538768220212269026198524855272309044848029625529191364163988086155696123324079666324634561149831655607047366211333487720424835605061021095288250503252907815286510083635537712557389389749139834 0 0 0 0 0 0 0 0 0 0 0 0 0 0 0 0 0 0 0 0 0 0 0 0 0 0 0 0 0 0 0 0 0 0 0 0 0 0 0 0 0 0 0 0 0 0 0 1 0 0 0 0 0 0 0 0 0 0 0 0 0 0 0 0 0 0 0 0 0 0 0 0 0 0]
[1963520762822928717395903632763490915268609634099244340856168565310558890762780007684432687723164869782845795657375284532709933273873937874768878441017664265418564526691429879755274968899469153423871392783635657920507294527411 0 0 0 0 0 0 0 0 0 0 0 0 0 0 0 0 0 0 0 0 0 0 0 0 0 0 0 0 0 0 0 0 0 0 0 0 0 0 0 0 0 0 0 0 0 0 0 0 1 0 0 0 0 0 0 0 0 0 0 0 0 0 0 0 0 0 0 0 0 0 0 0 0 0]
[1142800602929029785362825178267404876029450712269009048755898301629875565759011673818316582420849222660648489178044948799489161423672726720381302599139802062922361442244721953279068717728641963785277693769211799955319114990015 0 0 0 0 0 0 0 0 0 0 0 0 0 0 0 0 0 0 0 0 0 0 0 0 0 0 0 0 0 0 0 0 0 0 0 0 0 0 0 0 0 0 0 0 0 0 0 0 0 1 0 0 0 0 0 0 0 0 0 0 0 0 0 0 0 0 0 0 0 0 0 0 0 0]
[3694556544582379078675619580555211358935994857489133306546593692926345466046772750967822294181882019896799341435348241818498349243814556279969041677409413686907172865250351702779264720907700667109362554315278423006775481801451 0 0 0 0 0 0 0 0 0 0 0 0 0 0 0 0 0 0 0 0 0 0 0 0 0 0 0 0 0 0 0 0 0 0 0 0 0 0 0 0 0 0 0 0 0 0 0 0 0 0 1 0 0 0 0 0 0 0 0 0 0 0 0 0 0 0 0 0 0 0 0 0 0 0]
[18907683653913641491728940843842591092166317537274346352685732182449224570835372698537903529127750152819430572575535236303067256566159268386124879150615702335636048779315051758425841431978053711838395419959870354073587264653 0 0 0 0 0 0 0 0 0 0 0 0 0 0 0 0 0 0 0 0 0 0 0 0 0 0 0 0 0 0 0 0 0 0 0 0 0 0 0 0 0 0 0 0 0 0 0 0 0 0 0 1 0 0 0 0 0 0 0 0 0 0 0 0 0 0 0 0 0 0 0 0 0 0]
[3990417986316321724598406005716987960937286645728533686061602482879019039459713276859861328837460878760735554812252008990313504106068462807754192433146884584307585140525897796008015769091388127914745993799908998933069104284056 0 0 0 0 0 0 0 0 0 0 0 0 0 0 0 0 0 0 0 0 0 0 0 0 0 0 0 0 0 0 0 0 0 0 0 0 0 0 0 0 0 0 0 0 0 0 0 0 0 0 0 0 1 0 0 0 0 0 0 0 0 0 0 0 0 0 0 0 0 0 0 0 0 0]
[3475079216612458033212580674323497537318931340935213348841540716062455470836267881714681526818648035412357186876967719368867708292590924347669111229693289641126277792512213395335628895925657283043083370609354813165163703223577 0 0 0 0 0 0 0 0 0 0 0 0 0 0 0 0 0 0 0 0 0 0 0 0 0 0 0 0 0 0 0 0 0 0 0 0 0 0 0 0 0 0 0 0 0 0 0 0 0 0 0 0 0 1 0 0 0 0 0 0 0 0 0 0 0 0 0 0 0 0 0 0 0 0]
[2799039115593772334145005206357607068260853689661307432934481096024365386096224918304490821648036460069927637307358946851993226985319417028731998449370490771926200032400089010028875377521950885270400789939597615257697576676895 0 0 0 0 0 0 0 0 0 0 0 0 0 0 0 0 0 0 0 0 0 0 0 0 0 0 0 0 0 0 0 0 0 0 0 0 0 0 0 0 0 0 0 0 0 0 0 0 0 0 0 0 0 0 1 0 0 0 0 0 0 0 0 0 0 0 0 0 0 0 0 0 0 0]
[3243719447513295972778406509744369932071261454441676510753983626677910931962088238645206519977595489630474238232935176460301974651645293552154116480616788277545549264534707798652316287192713203694468924388575017567838596570654 0 0 0 0 0 0 0 0 0 0 0 0 0 0 0 0 0 0 0 0 0 0 0 0 0 0 0 0 0 0 0 0 0 0 0 0 0 0 0 0 0 0 0 0 0 0 0 0 0 0 0 0 0 0 0 1 0 0 0 0 0 0 0 0 0 0 0 0 0 0 0 0 0 0]
[5059061521531808738147530343029977970905272948907498300594641434957832996288574521966345683542203298828447804887929793009615282363764753129748562986248633958551777415807187146411930661280432265135560937437707771325715967298885 0 0 0 0 0 0 0 0 0 0 0 0 0 0 0 0 0 0 0 0 0 0 0 0 0 0 0 0 0 0 0 0 0 0 0 0 0 0 0 0 0 0 0 0 0 0 0 0 0 0 0 0 0 0 0 0 1 0 0 0 0 0 0 0 0 0 0 0 0 0 0 0 0 0]
[2405484726628757250594027423867770462233710280196477134380054570607128557652695747571004562391033963438177715175068413422378967347122416370144871599959093643513859123523632225748020068271533728718848898172133789306198128904096 0 0 0 0 0 0 0 0 0 0 0 0 0 0 0 0 0 0 0 0 0 0 0 0 0 0 0 0 0 0 0 0 0 0 0 0 0 0 0 0 0 0 0 0 0 0 0 0 0 0 0 0 0 0 0 0 0 1 0 0 0 0 0 0 0 0 0 0 0 0 0 0 0 0]
[2107379771438007516791394379138349107338372774119573345744674908574714148362345987583036246021267608504175565193299599531519405827949193365823112957977275530183362256293737793458406770502292461064136131817369681976603364024506 0 0 0 0 0 0 0 0 0 0 0 0 0 0 0 0 0 0 0 0 0 0 0 0 0 0 0 0 0 0 0 0 0 0 0 0 0 0 0 0 0 0 0 0 0 0 0 0 0 0 0 0 0 0 0 0 0 0 1 0 0 0 0 0 0 0 0 0 0 0 0 0 0 0]
[4180956919043749691782708564882598082425076972295836071572882693327702144771399757325223317804965108172000130444215352642251912186248134521361659535830322194045899487834560697122658136809878385767859817159828919179985358917086 0 0 0 0 0 0 0 0 0 0 0 0 0 0 0 0 0 0 0 0 0 0 0 0 0 0 0 0 0 0 0 0 0 0 0 0 0 0 0 0 0 0 0 0 0 0 0 0 0 0 0 0 0 0 0 0 0 0 0 1 0 0 0 0 0 0 0 0 0 0 0 0 0 0]
[1036042744197005485850112476863376225141149282068312749777529837265114620415573715863366424213088542040901194885796313793692495511545992941778227619060624853201944304715173430942308367454236162868225207510898394376028614969423 0 0 0 0 0 0 0 0 0 0 0 0 0 0 0 0 0 0 0 0 0 0 0 0 0 0 0 0 0 0 0 0 0 0 0 0 0 0 0 0 0 0 0 0 0 0 0 0 0 0 0 0 0 0 0 0 0 0 0 0 1 0 0 0 0 0 0 0 0 0 0 0 0 0]
[1026493042992408160536368763162833412298585899964319614342783043996336156487923240544997120998976967824708573902608856235231032422529512571642021842318602335433304341511102518904251793798903827797407268117889858033876436240001 0 0 0 0 0 0 0 0 0 0 0 0 0 0 0 0 0 0 0 0 0 0 0 0 0 0 0 0 0 0 0 0 0 0 0 0 0 0 0 0 0 0 0 0 0 0 0 0 0 0 0 0 0 0 0 0 0 0 0 0 0 1 0 0 0 0 0 0 0 0 0 0 0 0]
[5335171144709770506799261498926398244736647924220330287603334384183855810644800478072052315479509405281404639505530909382022066014777144560913511494531896603391315900771166226805040843167001012559650249049711156982013955944890 0 0 0 0 0 0 0 0 0 0 0 0 0 0 0 0 0 0 0 0 0 0 0 0 0 0 0 0 0 0 0 0 0 0 0 0 0 0 0 0 0 0 0 0 0 0 0 0 0 0 0 0 0 0 0 0 0 0 0 0 0 0 1 0 0 0 0 0 0 0 0 0 0 0]
[2252737531738280661214650820053935233262616412865739726856197602844445926027077912534183251899744499152307907284348073537247958115081858938199244017041373843010724622128761512985209275289743319920289765240462503827218539848252 0 0 0 0 0 0 0 0 0 0 0 0 0 0 0 0 0 0 0 0 0 0 0 0 0 0 0 0 0 0 0 0 0 0 0 0 0 0 0 0 0 0 0 0 0 0 0 0 0 0 0 0 0 0 0 0 0 0 0 0 0 0 0 1 0 0 0 0 0 0 0 0 0 0]
[3785297413456685795151031644999391041741721464545790318234454669445008207114917018290723986343558440629852980768808351339770497878093901444635743353018550039482296180650466571105387218783070016540378408596538777711468533065301 0 0 0 0 0 0 0 0 0 0 0 0 0 0 0 0 0 0 0 0 0 0 0 0 0 0 0 0 0 0 0 0 0 0 0 0 0 0 0 0 0 0 0 0 0 0 0 0 0 0 0 0 0 0 0 0 0 0 0 0 0 0 0 0 1 0 0 0 0 0 0 0 0 0]
[526564231208890212339520902851060162188903103770117593637572168590043094954554795829878276309127085140425116996286192946704035046657859740414356852715833229232889868952072916175166132460994691969198591352253363661834042712767 0 0 0 0 0 0 0 0 0 0 0 0 0 0 0 0 0 0 0 0 0 0 0 0 0 0 0 0 0 0 0 0 0 0 0 0 0 0 0 0 0 0 0 0 0 0 0 0 0 0 0 0 0 0 0 0 0 0 0 0 0 0 0 0 0 1 0 0 0 0 0 0 0 0]
[3198494211305360981586987598737835486358332897864551957565269019681655817549675218843685081900004568127057063979137320879888525932742923338718127490211970343178396362367549019139875361127714052826473866634881103445779292278059 0 0 0 0 0 0 0 0 0 0 0 0 0 0 0 0 0 0 0 0 0 0 0 0 0 0 0 0 0 0 0 0 0 0 0 0 0 0 0 0 0 0 0 0 0 0 0 0 0 0 0 0 0 0 0 0 0 0 0 0 0 0 0 0 0 0 1 0 0 0 0 0 0 0]
[2234341636154321500702561426000278252918906583524332702112244496731734479074863411957346650082759056171331486542727897272393190903873136824356021425879710914829946550550702894641655140066595190595087017425821265729823984985920 0 0 0 0 0 0 0 0 0 0 0 0 0 0 0 0 0 0 0 0 0 0 0 0 0 0 0 0 0 0 0 0 0 0 0 0 0 0 0 0 0 0 0 0 0 0 0 0 0 0 0 0 0 0 0 0 0 0 0 0 0 0 0 0 0 0 0 1 0 0 0 0 0 0]
[1511639464869028131129934611298551345451213411109716433077125600058587275279331236929961221139835213819379961510725492376009442255176995502849885593592974544431940429934411890021821709492459058128025682363072878723479712263748 0 0 0 0 0 0 0 0 0 0 0 0 0 0 0 0 0 0 0 0 0 0 0 0 0 0 0 0 0 0 0 0 0 0 0 0 0 0 0 0 0 0 0 0 0 0 0 0 0 0 0 0 0 0 0 0 0 0 0 0 0 0 0 0 0 0 0 0 1 0 0 0 0 0]
[1616887759117195727850602005632078849876424938924342291418162418555619040109318918607183474651008253648931183776454327005243894683358840992268875539643345165773572342081466061192270690438225144439709431494718427624443821251648 0 0 0 0 0 0 0 0 0 0 0 0 0 0 0 0 0 0 0 0 0 0 0 0 0 0 0 0 0 0 0 0 0 0 0 0 0 0 0 0 0 0 0 0 0 0 0 0 0 0 0 0 0 0 0 0 0 0 0 0 0 0 0 0 0 0 0 0 0 1 0 0 0 0]
[54635539203589196222326643386970722232646176623533811181816832646555034282935308617649655100771195618760643423459153137977311658004993673557453071797257013883437933512348942458561145835867790626948608692821974407131306935237 0 0 0 0 0 0 0 0 0 0 0 0 0 0 0 0 0 0 0 0 0 0 0 0 0 0 0 0 0 0 0 0 0 0 0 0 0 0 0 0 0 0 0 0 0 0 0 0 0 0 0 0 0 0 0 0 0 0 0 0 0 0 0 0 0 0 0 0 0 0 1 0 0 0]
[1941839143253398715200584366160954269783797138666413042921747419602224191339406575683659636465694045026961880568066182751652437820641609236695882520169759144478349257677503720009718414281882552398594916083424637718346071186048 0 0 0 0 0 0 0 0 0 0 0 0 0 0 0 0 0 0 0 0 0 0 0 0 0 0 0 0 0 0 0 0 0 0 0 0 0 0 0 0 0 0 0 0 0 0 0 0 0 0 0 0 0 0 0 0 0 0 0 0 0 0 0 0 0 0 0 0 0 0 0 1 0 0]
[1814167920331877334790731307578944251717676589894138459030581427272344188170225546931152275955930758447486315118613568780238640042541600146534311937154662895032268824635469012865418860897145184003368265401878876166697160085223 0 0 0 0 0 0 0 0 0 0 0 0 0 0 0 0 0 0 0 0 0 0 0 0 0 0 0 0 0 0 0 0 0 0 0 0 0 0 0 0 0 0 0 0 0 0 0 0 0 0 0 0 0 0 0 0 0 0 0 0 0 0 0 0 0 0 0 0 0 0 0 0 1 0]
[3256883962242918640848200830170485481328850494653205032242638568147872334398371257080016091608350712119338290644169132077701341888650301634811590753922178383343721702599703089141621335298544220503436665075841001339048708820540 0 0 0 0 0 0 0 0 0 0 0 0 0 0 0 0 0 0 0 0 0 0 0 0 0 0 0 0 0 0 0 0 0 0 0 0 0 0 0 0 0 0 0 0 0 0 0 0 0 0 0 0 0 0 0 0 0 0 0 0 0 0 0 0 0 0 0 0 0 0 0 0 0 1]
]
