[[3782373977086988553680560965251358946623790896647809965327569639465304149884654317877899138087372589898406938145018235360647467461455172469250721015985562175991004174382633921346761529699620963879521857352353137014098415525481 0 0 0 0 0 0 0 0 0 0 0 0 0 0 0 0 0 0 0 0 0 0 0 0 0 0 0 0 0 0 0 0 0 0 0 0 0 0 0 0 0 0 0 0 0 0 0 0 0 0 0 0 0 0 0 0 0 0 0 0 0 0 0 0 0 0 0 0 0 0 0 0 0 0]
[1712002683538055819719569777120183919282786189877216500994481065594037564764394524836016795932043896056567541724030051447216653191889765965878166801674375832550855152348033587377268202226192008605223348275764453887974160375943 1 0 0 0 0 0 0 0 0 0 0 0 0 0 0 0 0 0 0 0 0 0 0 0 0 0 0 0 0 0 0 0 0 0 0 0 0 0 0 0 0 0 0 0 0 0 0 0 0 0 0 0 0 0 0 0 0 0 0 0 0 0 0 0 0 0 0 0 0 0 0 0 0 0]
[1438101962499207413352684396596207164207449866865602856331904577664650879899572383302369803685696917411175327402838236189612447801642824078840456007709023725423927051907754055778535618340924477873583227920858000785519132527687 0 1 0 0 0 0 0 0 0 0 0 0 0 0 0 0 0 0 0 0 0 0 0 0 0 0 0 0 0 0 0 0 0 0 0 0 0 0 0 0 0 0 0 0 0 0 0 0 0 0 0 0 0 0 0 0 0 0 0 0 0 0 0 0 0 0 0 0 0 0 0 0 0 0]
[110816023231791375586262806990588165745918732278713967213799273405951007063164540542170425872905936759658131886983740155139754821907761107154714763613993095677237804135730582671731493333079602916369801095705380543397130221161 0 0 1 0 0 0 0 0 0 0 0 0 0 0 0 0 0 0 0 0 0 0 0 0 0 0 0 0 0 0 0 0 0 0 0 0 0 0 0 0 0 0 0 0 0 0 0 0 0 0 0 0 0 0 0 0 0 0 0 0 0 0 0 0 0 0 0 0 0 0 0 0 0 0]
[708686528689362125847261617537791203279068998662941506617062316541183158805285644378245711573393864607004528003999589235641552502843762543742427103495141781748511433477980706418995999799883542228895647696757634477993577671371 0 0 0 1 0 0 0 0 0 0 0 0 0 0 0 0 0 0 0 0 0 0 0 0 0 0 0 0 0 0 0 0 0 0 0 0 0 0 0 0 0 0 0 0 0 0 0 0 0 0 0 0 0 0 0 0 0 0 0 0 0 0 0 0 0 0 0 0 0 0 0 0 0 0]
[2880530579479202597371981168295365923366764969915145902829652438114733865017742121004925243374838830780705837296036783934764586656870353528061971032608968924133883513351728137768546088046072358329437269392208284524421543769541 0 0 0 0 1 0 0 0 0 0 0 0 0 0 0 0 0 0 0 0 0 0 0 0 0 0 0 0 0 0 0 0 0 0 0 0 0 0 0 0 0 0 0 0 0 0 0 0 0 0 0 0 0 0 0 0 0 0 0 0 0 0 0 0 0 0 0 0 0 0 0 0 0 0]
[1673279013871818570203645630744907696070513330412972548954867734368690995562408341270313370743628708161351770729314835683932434624877647455624634040134063757139202622458684563479384012939496482498590279140635657210405789676025 0 0 0 0 0 1 0 0 0 0 0 0 0 0 0 0 0 0 0 0 0 0 0 0 0 0 0 0 0 0 0 0 0 0 0 0 0 0 0 0 0 0 0 0 0 0 0 0 0 0 0 0 0 0 0 0 0 0 0 0 0 0 0 0 0 0 0 0 0 0 0 0 0 0]
[2982885804797136700482534809034801735594459223032077602660631386007425600518922335031677725009319553077996661670577106691337933486696237894815455274655375090751244596652426694170447245932341830687651919295768743632232546199905 0 0 0 0 0 0 1 0 0 0 0 0 0 0 0 0 0 0 0 0 0 0 0 0 0 0 0 0 0 0 0 0 0 0 0 0 0 0 0 0 0 0 0 0 0 0 0 0 0 0 0 0 0 0 0 0 0 0 0 0 0 0 0 0 0 0 0 0 0 0 0 0 0 0]
[2779627346508288095443260704831166913893395015055235847630140332102519165588282390694327736463282993304124071192954269155742917995978994801348306858495185708062128943104148970376876804212362245553450150722681998145768426329989 0 0 0 0 0 0 0 1 0 0 0 0 0 0 0 0 0 0 0 0 0 0 0 0 0 0 0 0 0 0 0 0 0 0 0 0 0 0 0 0 0 0 0 0 0 0 0 0 0 0 0 0 0 0 0 0 0 0 0 0 0 0 0 0 0 0 0 0 0 0 0 0 0 0]
[126334927273402212081878148936812080591742401628822320071883380302696830504597637635703835680842617902000840704420908461201769036977934308377416658471568351403368135648184875534005606035612606371332811052684353124551221989229 0 0 0 0 0 0 0 0 1 0 0 0 0 0 0 0 0 0 0 0 0 0 0 0 0 0 0 0 0 0 0 0 0 0 0 0 0 0 0 0 0 0 0 0 0 0 0 0 0 0 0 0 0 0 0 0 0 0 0 0 0 0 0 0 0 0 0 0 0 0 0 0 0 0]
[159944414431775861954894868719987208232021616920865013642862817472539903378797654731389258716030728307614652366437542189242572892046742771419572626802334276246947410206356111569538515968497661527855720460663114757847244226222 0 0 0 0 0 0 0 0 0 1 0 0 0 0 0 0 0 0 0 0 0 0 0 0 0 0 0 0 0 0 0 0 0 0 0 0 0 0 0 0 0 0 0 0 0 0 0 0 0 0 0 0 0 0 0 0 0 0 0 0 0 0 0 0 0 0 0 0 0 0 0 0 0 0]
[2438629411100335301357269373333255978726398086362132461502269405620864424475790975943857709686665009385817621039567501405654501223491290627963869301509181042926566925367957494430542259382167510554377541140685887857349241466119 0 0 0 0 0 0 0 0 0 0 1 0 0 0 0 0 0 0 0 0 0 0 0 0 0 0 0 0 0 0 0 0 0 0 0 0 0 0 0 0 0 0 0 0 0 0 0 0 0 0 0 0 0 0 0 0 0 0 0 0 0 0 0 0 0 0 0 0 0 0 0 0 0 0]
[3280889047168893232766678236895930134783135636954898690857245156859365196084150689126047374294339185616249597381483523309422910497791105437229884982235793200115215430799487891476323783879263517182526066095164073126147415620267 0 0 0 0 0 0 0 0 0 0 0 1 0 0 0 0 0 0 0 0 0 0 0 0 0 0 0 0 0 0 0 0 0 0 0 0 0 0 0 0 0 0 0 0 0 0 0 0 0 0 0 0 0 0 0 0 0 0 0 0 0 0 0 0 0 0 0 0 0 0 0 0 0 0]
[1396065301207399405845857826676441057367929906145358932331462919955661080869696031327078974201608398642612319508963890195212075930995218887198714538703468587494875587647997344765749922561259684115087599517952897075706550760275 0 0 0 0 0 0 0 0 0 0 0 0 1 0 0 0 0 0 0 0 0 0 0 0 0 0 0 0 0 0 0 0 0 0 0 0 0 0 0 0 0 0 0 0 0 0 0 0 0 0 0 0 0 0 0 0 0 0 0 0 0 0 0 0 0 0 0 0 0 0 0 0 0 0]
[218299937142322633919238394635935193263339971806476707183589095827386483064766030202716681263671072061290090020830728969496787352070276336239487183554404629252039111850897694826419844780324435467317189766293498175224293228810 0 0 0 0 0 0 0 0 0 0 0 0 0 1 0 0 0 0 0 0 0 0 0 0 0 0 0 0 0 0 0 0 0 0 0 0 0 0 0 0 0 0 0 0 0 0 0 0 0 0 0 0 0 0 0 0 0 0 0 0 0 0 0 0 0 0 0 0 0 0 0 0 0 0]
[391483805292599829314167356489328863729589266853189987102592419558396365946316257635610848806110580689194847190511667919833904409776566970439227802490378851539282803050990900738452056688898006949156088330752118742089098567274 0 0 0 0 0 0 0 0 0 0 0 0 0 0 1 0 0 0 0 0 0 0 0 0 0 0 0 0 0 0 0 0 0 0 0 0 0 0 0 0 0 0 0 0 0 0 0 0 0 0 0 0 0 0 0 0 0 0 0 0 0 0 0 0 0 0 0 0 0 0 0 0 0 0]
[1686813264788417009065336893291396073993225369614376660042902270504442092566298336665692194493718511398051270596282619992710746370894131502512243013082678565587634765132506412416216527372845705457971717353909389481619511719412 0 0 0 0 0 0 0 0 0 0 0 0 0 0 0 1 0 0 0 0 0 0 0 0 0 0 0 0 0 0 0 0 0 0 0 0 0 0 0 0 0 0 0 0 0 0 0 0 0 0 0 0 0 0 0 0 0 0 0 0 0 0 0 0 0 0 0 0 0 0 0 0 0 0]
[2710200811295720026048242055183403340748424626682854874006133034100373866024084484809341657087634413259052760464463021359854245433734012371098548851422296451518223179033359890181669468174700961061067054842546725077416429465980 0 0 0 0 0 0 0 0 0 0 0 0 0 0 0 0 1 0 0 0 0 0 0 0 0 0 0 0 0 0 0 0 0 0 0 0 0 0 0 0 0 0 0 0 0 0 0 0 0 0 0 0 0 0 0 0 0 0 0 0 0 0 0 0 0 0 0 0 0 0 0 0 0 0]
[1599261841950730185842887592540506572492158176409559864984171591116808109219600478488787079771753591605515117126862787603821858807284862134529894712083689806576135249539582834033591004007959604321959411483582365133980363686024 0 0 0 0 0 0 0 0 0 0 0 0 0 0 0 0 0 1 0 0 0 0 0 0 0 0 0 0 0 0 0 0 0 0 0 0 0 0 0 0 0 0 0 0 0 0 0 0 0 0 0 0 0 0 0 0 0 0 0 0 0 0 0 0 0 0 0 0 0 0 0 0 0 0]
[1496788601069519844497981294390357349327307559971065607299381994415577125097763938001137745123969730365498295806332941138325908727922620673276403970344884635757331813076907651776534296257125364593107611848445326746394827856067 0 0 0 0 0 0 0 0 0 0 0 0 0 0 0 0 0 0 1 0 0 0 0 0 0 0 0 0 0 0 0 0 0 0 0 0 0 0 0 0 0 0 0 0 0 0 0 0 0 0 0 0 0 0 0 0 0 0 0 0 0 0 0 0 0 0 0 0 0 0 0 0 0 0]
[338325597092329049514694447931977747176235044572379219741263781387931071348610361609406474763087207687766861286683802738505643050809524371804384276746814453236283669205573501157569044335895789585842175360212330322128119811334 0 0 0 0 0 0 0 0 0 0 0 0 0 0 0 0 0 0 0 1 0 0 0 0 0 0 0 0 0 0 0 0 0 0 0 0 0 0 0 0 0 0 0 0 0 0 0 0 0 0 0 0 0 0 0 0 0 0 0 0 0 0 0 0 0 0 0 0 0 0 0 0 0 0]
[1068722641692942615548878599755729647658499030168324108018232168962251714441739371425639243665623351002128466977733271968322886822913544520643851839465776489400221332760338076556009131976271615847127399929275562128907746883323 0 0 0 0 0 0 0 0 0 0 0 0 0 0 0 0 0 0 0 0 1 0 0 0 0 0 0 0 0 0 0 0 0 0 0 0 0 0 0 0 0 0 0 0 0 0 0 0 0 0 0 0 0 0 0 0 0 0 0 0 0 0 0 0 0 0 0 0 0 0 0 0 0 0]
[905362395775743821967831340908999460533584176586126873381421433625706189985676320007784211806108957252854428411089715616855751748803801633414443090894959984621103016937836153777859898441488302325405535454353960550840270256097 0 0 0 0 0 0 0 0 0 0 0 0 0 0 0 0 0 0 0 0 0 1 0 0 0 0 0 0 0 0 0 0 0 0 0 0 0 0 0 0 0 0 0 0 0 0 0 0 0 0 0 0 0 0 0 0 0 0 0 0 0 0 0 0 0 0 0 0 0 0 0 0 0 0]
[1507548083649881923256634926269716248642883810977777552230909810855580705308658630372014941326653138541340972700177006000589943088463145295150468354988137568691670442706323338326170094897144607321625626929013441100752176637958 0 0 0 0 0 0 0 0 0 0 0 0 0 0 0 0 0 0 0 0 0 0 1 0 0 0 0 0 0 0 0 0 0 0 0 0 0 0 0 0 0 0 0 0 0 0 0 0 0 0 0 0 0 0 0 0 0 0 0 0 0 0 0 0 0 0 0 0 0 0 0 0 0 0]
[3457414298232491370380431588762622161336699398601290878106608309946380884958548178213483210667029900350013037956303542753229868438077050192814217004431393400247417218514350562274758761837762994149001377864415962894556769182498 0 0 0 0 0 0 0 0 0 0 0 0 0 0 0 0 0 0 0 0 0 0 0 1 0 0 0 0 0 0 0 0 0 0 0 0 0 0 0 0 0 0 0 0 0 0 0 0 0 0 0 0 0 0 0 0 0 0 0 0 0 0 0 0 0 0 0 0 0 0 0 0 0 0]
[1590424637758390037702738159362186091748723682218406330390378477250004542833430811279609428732398637149651300193377717278206948312600126943251073183150954388690188592565316421170289162861964178170250325911221577741843207950281 0 0 0 0 0 0 0 0 0 0 0 0 0 0 0 0 0 0 0 0 0 0 0 0 1 0 0 0 0 0 0 0 0 0 0 0 0 0 0 0 0 0 0 0 0 0 0 0 0 0 0 0 0 0 0 0 0 0 0 0 0 0 0 0 0 0 0 0 0 0 0 0 0 0]
[2240418685216345528618732950940681790646705292177749255792665081080086981239604981984888944819431979483751162682182526039668561782793701036273239389418410422101153328816203768743807044099730815658838044686177949941999986133726 0 0 0 0 0 0 0 0 0 0 0 0 0 0 0 0 0 0 0 0 0 0 0 0 0 1 0 0 0 0 0 0 0 0 0 0 0 0 0 0 0 0 0 0 0 0 0 0 0 0 0 0 0 0 0 0 0 0 0 0 0 0 0 0 0 0 0 0 0 0 0 0 0 0]
[708595131783363091868807831634277146737722261884023049136260152517965907574584269442954138889407583785516817198232420268293392853408343471266341691342177251707518694514165932056806016616134705356345868057417494619367902329097 0 0 0 0 0 0 0 0 0 0 0 0 0 0 0 0 0 0 0 0 0 0 0 0 0 0 1 0 0 0 0 0 0 0 0 0 0 0 0 0 0 0 0 0 0 0 0 0 0 0 0 0 0 0 0 0 0 0 0 0 0 0 0 0 0 0 0 0 0 0 0 0 0 0]
[1681347733800596110780935166670891766069730604353191442804730822190536967923889072581235328597636804049188535362256554544823286006823098034545065458888634031189746012670610014763158737396206357769301159255552119542218210673003 0 0 0 0 0 0 0 0 0 0 0 0 0 0 0 0 0 0 0 0 0 0 0 0 0 0 0 1 0 0 0 0 0 0 0 0 0 0 0 0 0 0 0 0 0 0 0 0 0 0 0 0 0 0 0 0 0 0 0 0 0 0 0 0 0 0 0 0 0 0 0 0 0 0]
[1440671162340966733203796783433032099513782980371864507672695136146491453417955721041044407660522777260740648803190434379196149931368536054914759391693532611228120979519305851158541766692479449677828877616668913034988224192943 0 0 0 0 0 0 0 0 0 0 0 0 0 0 0 0 0 0 0 0 0 0 0 0 0 0 0 0 1 0 0 0 0 0 0 0 0 0 0 0 0 0 0 0 0 0 0 0 0 0 0 0 0 0 0 0 0 0 0 0 0 0 0 0 0 0 0 0 0 0 0 0 0 0]
[692030392784202301164004083929889440915282697128093521621967843856757729192090539602818845596160863213145348643277541441629978074615392067566625942105558409271423511881949957373427421264056106912130258625127915028173599444210 0 0 0 0 0 0 0 0 0 0 0 0 0 0 0 0 0 0 0 0 0 0 0 0 0 0 0 0 0 1 0 0 0 0 0 0 0 0 0 0 0 0 0 0 0 0 0 0 0 0 0 0 0 0 0 0 0 0 0 0 0 0 0 0 0 0 0 0 0 0 0 0 0 0]
[2694817754844679951897105919478320573384835249830084858587347413710531131658671253791868070067295781256707429897030917280138149520803684277946643132815111256992554120571246088620604779198634454713193052542510372667706002815276 0 0 0 0 0 0 0 0 0 0 0 0 0 0 0 0 0 0 0 0 0 0 0 0 0 0 0 0 0 0 1 0 0 0 0 0 0 0 0 0 0 0 0 0 0 0 0 0 0 0 0 0 0 0 0 0 0 0 0 0 0 0 0 0 0 0 0 0 0 0 0 0 0 0]
[1442440470018462142660280752926848280313228086001888047842836091051737128294798329382809311364434274219973617777112743725687992206008883646175929912464705760417223254676343092390044968550623496177099861458202302173983320478868 0 0 0 0 0 0 0 0 0 0 0 0 0 0 0 0 0 0 0 0 0 0 0 0 0 0 0 0 0 0 0 1 0 0 0 0 0 0 0 0 0 0 0 0 0 0 0 0 0 0 0 0 0 0 0 0 0 0 0 0 0 0 0 0 0 0 0 0 0 0 0 0 0 0]
[3066859355523582500396040799888641508359284967223824384267902083372938245036841498771561881868243176329789739207404390784256293682081486083985173124244135769613350846019822378863170338827858663495327853654445107953938475771386 0 0 0 0 0 0 0 0 0 0 0 0 0 0 0 0 0 0 0 0 0 0 0 0 0 0 0 0 0 0 0 0 1 0 0 0 0 0 0 0 0 0 0 0 0 0 0 0 0 0 0 0 0 0 0 0 0 0 0 0 0 0 0 0 0 0 0 0 0 0 0 0 0 0]
[1834289773589389894643556542118179595391855331704804368600653691892630418854401619275922893202462556933925158601311929232929042832370606536815940112027741344136628691767543021006962966633614127259342272921268683376590297998681 0 0 0 0 0 0 0 0 0 0 0 0 0 0 0 0 0 0 0 0 0 0 0 0 0 0 0 0 0 0 0 0 0 1 0 0 0 0 0 0 0 0 0 0 0 0 0 0 0 0 0 0 0 0 0 0 0 0 0 0 0 0 0 0 0 0 0 0 0 0 0 0 0 0]
[2655114320499736911072973624743466964231757670348273321040702573909172562578522775221375233415445830512231743456667728624696757658119851515855893365485968813230223906873290232182301694430109043843076658320423680336813913247224 0 0 0 0 0 0 0 0 0 0 0 0 0 0 0 0 0 0 0 0 0 0 0 0 0 0 0 0 0 0 0 0 0 0 1 0 0 0 0 0 0 0 0 0 0 0 0 0 0 0 0 0 0 0 0 0 0 0 0 0 0 0 0 0 0 0 0 0 0 0 0 0 0 0]
[3111767413746183052309631968191293976997043020696304314991853498557679834412292543818516903049769899511679514715503978883255259655570203679816200232445995602012771123743695806806382271455114576652454636585815953214912035506792 0 0 0 0 0 0 0 0 0 0 0 0 0 0 0 0 0 0 0 0 0 0 0 0 0 0 0 0 0 0 0 0 0 0 0 1 0 0 0 0 0 0 0 0 0 0 0 0 0 0 0 0 0 0 0 0 0 0 0 0 0 0 0 0 0 0 0 0 0 0 0 0 0 0]
[1901293269850697520790713665353323189880281637781139397806987705928871994927486931914903494860214292893782731945810728229774164884281679052748568985362837727962032357930894173581917168906270117111516214563340666090176397624096 0 0 0 0 0 0 0 0 0 0 0 0 0 0 0 0 0 0 0 0 0 0 0 0 0 0 0 0 0 0 0 0 0 0 0 0 1 0 0 0 0 0 0 0 0 0 0 0 0 0 0 0 0 0 0 0 0 0 0 0 0 0 0 0 0 0 0 0 0 0 0 0 0 0]
[2732948969600278277724573649903493472311603674554626146148586191977760361718164088505821380742471794158571642729882544422428965231203081135630230042722042257165214080867143299444413590432643647211989250603667641922480532750687 0 0 0 0 0 0 0 0 0 0 0 0 0 0 0 0 0 0 0 0 0 0 0 0 0 0 0 0 0 0 0 0 0 0 0 0 0 1 0 0 0 0 0 0 0 0 0 0 0 0 0 0 0 0 0 0 0 0 0 0 0 0 0 0 0 0 0 0 0 0 0 0 0 0]
[829568596952327793432695446816251020798228478741202865947225739494408652925990227130384428167210399108157341401083654929555934293281223134854943034088973967258587427004470475300827067201193331215247387121138552285573876749348 0 0 0 0 0 0 0 0 0 0 0 0 0 0 0 0 0 0 0 0 0 0 0 0 0 0 0 0 0 0 0 0 0 0 0 0 0 0 1 0 0 0 0 0 0 0 0 0 0 0 0 0 0 0 0 0 0 0 0 0 0 0 0 0 0 0 0 0 0 0 0 0 0 0]
[396896102353253668155824034051778005969842814085370743451066243050569359965754142887073823595030037552136897841537217553806935748302671445312516222300991946076610117633334509731619594418254893506848441216704428873976186264175 0 0 0 0 0 0 0 0 0 0 0 0 0 0 0 0 0 0 0 0 0 0 0 0 0 0 0 0 0 0 0 0 0 0 0 0 0 0 0 1 0 0 0 0 0 0 0 0 0 0 0 0 0 0 0 0 0 0 0 0 0 0 0 0 0 0 0 0 0 0 0 0 0 0]
[1608493725476724935074960633943920750825878444263611410878934417319058335207504546052788319028068157507286981307447316919283315246669764544821572428098978318062621336570471527442265544894585894722880766601932336015876305881451 0 0 0 0 0 0 0 0 0 0 0 0 0 0 0 0 0 0 0 0 0 0 0 0 0 0 0 0 0 0 0 0 0 0 0 0 0 0 0 0 1 0 0 0 0 0 0 0 0 0 0 0 0 0 0 0 0 0 0 0 0 0 0 0 0 0 0 0 0 0 0 0 0 0]
[2538196847800638448036254211808201670861932104978062560355041163944254118973933074533125018181444924775209993595244094238953601117804101714887896666738627772498173277013851002029700730665635399712677103358204565077058871437134 0 0 0 0 0 0 0 0 0 0 0 0 0 0 0 0 0 0 0 0 0 0 0 0 0 0 0 0 0 0 0 0 0 0 0 0 0 0 0 0 0 1 0 0 0 0 0 0 0 0 0 0 0 0 0 0 0 0 0 0 0 0 0 0 0 0 0 0 0 0 0 0 0 0]
[376966041582224045651571167251440951612504772010750512533052438774488851571604924515983452720997970445040521875867268663262756654189637572401994460317285200459332471941328195848076698393874500016669298394139205418587236995863 0 0 0 0 0 0 0 0 0 0 0 0 0 0 0 0 0 0 0 0 0 0 0 0 0 0 0 0 0 0 0 0 0 0 0 0 0 0 0 0 0 0 1 0 0 0 0 0 0 0 0 0 0 0 0 0 0 0 0 0 0 0 0 0 0 0 0 0 0 0 0 0 0 0]
[3207141781316257654450935088799994867301304773407484665434863864436130065792283638474763595482403870853616293728220323081177492792921908706220867765712342108784501839440843095407463491137670672641424043905605306641546960039514 0 0 0 0 0 0 0 0 0 0 0 0 0 0 0 0 0 0 0 0 0 0 0 0 0 0 0 0 0 0 0 0 0 0 0 0 0 0 0 0 0 0 0 1 0 0 0 0 0 0 0 0 0 0 0 0 0 0 0 0 0 0 0 0 0 0 0 0 0 0 0 0 0 0]
[936572915148289797823177880682322107252815302788163120561524907430411730407826570398339726292125555915650969636106171025879675188696033125384423867625989580169304140141401647423462948958385895902048677091641340168227081778042 0 0 0 0 0 0 0 0 0 0 0 0 0 0 0 0 0 0 0 0 0 0 0 0 0 0 0 0 0 0 0 0 0 0 0 0 0 0 0 0 0 0 0 0 1 0 0 0 0 0 0 0 0 0 0 0 0 0 0 0 0 0 0 0 0 0 0 0 0 0 0 0 0 0]
[3220481921514293335702459954164087253881501205432771806495808090532116488163650177471362831541869912132742642640962151095541082261508810585367689520579193497981040650367729648525661182107951215814497830248889457889698073807429 0 0 0 0 0 0 0 0 0 0 0 0 0 0 0 0 0 0 0 0 0 0 0 0 0 0 0 0 0 0 0 0 0 0 0 0 0 0 0 0 0 0 0 0 0 1 0 0 0 0 0 0 0 0 0 0 0 0 0 0 0 0 0 0 0 0 0 0 0 0 0 0 0 0]
[53854948008863408343040750987661508654189987534032177879204042344963096825534602746167103035915815343768752709555076731321099549790911419336821157240395290067171680919829798302899872321773900185725608725090969404355067158197 0 0 0 0 0 0 0 0 0 0 0 0 0 0 0 0 0 0 0 0 0 0 0 0 0 0 0 0 0 0 0 0 0 0 0 0 0 0 0 0 0 0 0 0 0 0 1 0 0 0 0 0 0 0 0 0 0 0 0 0 0 0 0 0 0 0 0 0 0 0 0 0 0 0]
[2937583891371861061067978184459731634641325231349612673409445659459028892361770345578643686874909899781834565138719305943309566436229399086081150649956558256833762937217852001748271766755002325589042700680102085001091161875289 0 0 0 0 0 0 0 0 0 0 0 0 0 0 0 0 0 0 0 0 0 0 0 0 0 0 0 0 0 0 0 0 0 0 0 0 0 0 0 0 0 0 0 0 0 0 0 1 0 0 0 0 0 0 0 0 0 0 0 0 0 0 0 0 0 0 0 0 0 0 0 0 0 0]
[2330861032944792621920696137241764239873791594649737286897450205830630873512032753831635769518698432717844619202763699607593995567666856969812149306105948868906403834359139182510054549136431797637380166042960044803348142859012 0 0 0 0 0 0 0 0 0 0 0 0 0 0 0 0 0 0 0 0 0 0 0 0 0 0 0 0 0 0 0 0 0 0 0 0 0 0 0 0 0 0 0 0 0 0 0 0 1 0 0 0 0 0 0 0 0 0 0 0 0 0 0 0 0 0 0 0 0 0 0 0 0 0]
[2529059282579694403896144279014518736253035869627853768064424874977797846228257345916198520913131015927092282005689039547712715941556070901899378363327415928475817298411965780652765473311901792330797878286961990499149946657256 0 0 0 0 0 0 0 0 0 0 0 0 0 0 0 0 0 0 0 0 0 0 0 0 0 0 0 0 0 0 0 0 0 0 0 0 0 0 0 0 0 0 0 0 0 0 0 0 0 1 0 0 0 0 0 0 0 0 0 0 0 0 0 0 0 0 0 0 0 0 0 0 0 0]
[246771160766488590516775931760970398416493844414402618218154879398659229791925697855611440795621690093626797421985683996824559988648339445191778001717162030465458186174065701882117371195151880353331857582451058853133456518582 0 0 0 0 0 0 0 0 0 0 0 0 0 0 0 0 0 0 0 0 0 0 0 0 0 0 0 0 0 0 0 0 0 0 0 0 0 0 0 0 0 0 0 0 0 0 0 0 0 0 1 0 0 0 0 0 0 0 0 0 0 0 0 0 0 0 0 0 0 0 0 0 0 0]
[2769486203340142292461061284208315348101040124566792633202819365427525420702628174499084493000435424763895966974787948705931768856715429920213852917289502721196467956772628052302737531734996396201696832444539854987099102601680 0 0 0 0 0 0 0 0 0 0 0 0 0 0 0 0 0 0 0 0 0 0 0 0 0 0 0 0 0 0 0 0 0 0 0 0 0 0 0 0 0 0 0 0 0 0 0 0 0 0 0 1 0 0 0 0 0 0 0 0 0 0 0 0 0 0 0 0 0 0 0 0 0 0]
[3464588312734687655430491089230977039713614022924342352133874339941267225707070395866452489635032247186256659020644935538697456651368219103899427558824986232304250101628578497850654253602845688089703352979785300750455638748025 0 0 0 0 0 0 0 0 0 0 0 0 0 0 0 0 0 0 0 0 0 0 0 0 0 0 0 0 0 0 0 0 0 0 0 0 0 0 0 0 0 0 0 0 0 0 0 0 0 0 0 0 1 0 0 0 0 0 0 0 0 0 0 0 0 0 0 0 0 0 0 0 0 0]
[904445189915855624971302223641445327272055321333864122452499051901802015519533052796902530846150449506939975644486297613694742751015515449446689783808485862803852335879064241356375118844049881417588075902963843599345129348519 0 0 0 0 0 0 0 0 0 0 0 0 0 0 0 0 0 0 0 0 0 0 0 0 0 0 0 0 0 0 0 0 0 0 0 0 0 0 0 0 0 0 0 0 0 0 0 0 0 0 0 0 0 1 0 0 0 0 0 0 0 0 0 0 0 0 0 0 0 0 0 0 0 0]
[733723353851192753320568285063797608954747626403617061378932996716624628033748538995411543788202494393607224271060218869650385525150097647430428398473922896034811469541479934447575642981408247202281186547852220649308822099185 0 0 0 0 0 0 0 0 0 0 0 0 0 0 0 0 0 0 0 0 0 0 0 0 0 0 0 0 0 0 0 0 0 0 0 0 0 0 0 0 0 0 0 0 0 0 0 0 0 0 0 0 0 0 1 0 0 0 0 0 0 0 0 0 0 0 0 0 0 0 0 0 0 0]
[758004188679535215351793733497776350731304652789816874710407020233497047010749536941318245146429692967670567565532459723450346526238727876048505225449405186646816786235426630653767113968999635666928966016350496686637099666896 0 0 0 0 0 0 0 0 0 0 0 0 0 0 0 0 0 0 0 0 0 0 0 0 0 0 0 0 0 0 0 0 0 0 0 0 0 0 0 0 0 0 0 0 0 0 0 0 0 0 0 0 0 0 0 1 0 0 0 0 0 0 0 0 0 0 0 0 0 0 0 0 0 0]
[842442267672768423633219556192111614283280988062439240421399498756695909825462312901377859614220617963440680433796774839305236110967695854416737534315834295016590160827019684379049653867507635914243309442313682879271156317414 0 0 0 0 0 0 0 0 0 0 0 0 0 0 0 0 0 0 0 0 0 0 0 0 0 0 0 0 0 0 0 0 0 0 0 0 0 0 0 0 0 0 0 0 0 0 0 0 0 0 0 0 0 0 0 0 1 0 0 0 0 0 0 0 0 0 0 0 0 0 0 0 0 0]
[622561834914362120257252481304699775793439892139132297449986313027297323790455616688758046344847756915868806585174092094037918242856582557168294195220606568424498831136842034183925579760623164012386968311971674483379219078730 0 0 0 0 0 0 0 0 0 0 0 0 0 0 0 0 0 0 0 0 0 0 0 0 0 0 0 0 0 0 0 0 0 0 0 0 0 0 0 0 0 0 0 0 0 0 0 0 0 0 0 0 0 0 0 0 0 1 0 0 0 0 0 0 0 0 0 0 0 0 0 0 0 0]
[2082193466177431802801112053374797207709374318782566062809715809401842722483694197125435180163590130751236434146473133417417286798745164989278237220802584336776888468214709148527659572491299968670560789041660029078682746850500 0 0 0 0 0 0 0 0 0 0 0 0 0 0 0 0 0 0 0 0 0 0 0 0 0 0 0 0 0 0 0 0 0 0 0 0 0 0 0 0 0 0 0 0 0 0 0 0 0 0 0 0 0 0 0 0 0 0 1 0 0 0 0 0 0 0 0 0 0 0 0 0 0 0]
[1867301040700981355772910284895533837182958888748213725123007327387676998497314876641322033634502810628268004563868349652846733900848858641287987378996355558961574697701707351018862051411507071141158334086742223862098554446636 0 0 0 0 0 0 0 0 0 0 0 0 0 0 0 0 0 0 0 0 0 0 0 0 0 0 0 0 0 0 0 0 0 0 0 0 0 0 0 0 0 0 0 0 0 0 0 0 0 0 0 0 0 0 0 0 0 0 0 1 0 0 0 0 0 0 0 0 0 0 0 0 0 0]
[739012414414790234478542818424069198439706211802209899414221422258290735831009678943607348327186106486079684999840377565986688682632040127932454326542663783519795138276816952444490181274720479971626548431602087066917100953453 0 0 0 0 0 0 0 0 0 0 0 0 0 0 0 0 0 0 0 0 0 0 0 0 0 0 0 0 0 0 0 0 0 0 0 0 0 0 0 0 0 0 0 0 0 0 0 0 0 0 0 0 0 0 0 0 0 0 0 0 1 0 0 0 0 0 0 0 0 0 0 0 0 0]
[2751360790270255150773072284896919846111901139597541720550302890866565986953811835974440648569018874953228763707698265080815367519181782648943408170537541506647302273994086193223704181026107138547884949245950238573442131789247 0 0 0 0 0 0 0 0 0 0 0 0 0 0 0 0 0 0 0 0 0 0 0 0 0 0 0 0 0 0 0 0 0 0 0 0 0 0 0 0 0 0 0 0 0 0 0 0 0 0 0 0 0 0 0 0 0 0 0 0 0 1 0 0 0 0 0 0 0 0 0 0 0 0]
[1408029063854871656943806308614724658622921894946714872231946102143314434930929833407946138768418714630819237237231944007213063299538124175251848424933061312845307485569474312589017527695239781092795757004092073762645499989755 0 0 0 0 0 0 0 0 0 0 0 0 0 0 0 0 0 0 0 0 0 0 0 0 0 0 0 0 0 0 0 0 0 0 0 0 0 0 0 0 0 0 0 0 0 0 0 0 0 0 0 0 0 0 0 0 0 0 0 0 0 0 1 0 0 0 0 0 0 0 0 0 0 0]
[1838633366994218872696447345465624290790636898506360093713073580743486033136671707246251022036936128439620783255166718273043479385811686456403151823067156658506114777744807225882250276075092901178709396600526323281639912425175 0 0 0 0 0 0 0 0 0 0 0 0 0 0 0 0 0 0 0 0 0 0 0 0 0 0 0 0 0 0 0 0 0 0 0 0 0 0 0 0 0 0 0 0 0 0 0 0 0 0 0 0 0 0 0 0 0 0 0 0 0 0 0 1 0 0 0 0 0 0 0 0 0 0]
[3726948551508932666725139825645668883615872798988894802060631320110737782334138185658317928397036046746859566905410409826556988367065558423446833683577965503532746729152214099691089187057437271698461808735041665104720502290767 0 0 0 0 0 0 0 0 0 0 0 0 0 0 0 0 0 0 0 0 0 0 0 0 0 0 0 0 0 0 0 0 0 0 0 0 0 0 0 0 0 0 0 0 0 0 0 0 0 0 0 0 0 0 0 0 0 0 0 0 0 0 0 0 1 0 0 0 0 0 0 0 0 0]
[2404379668873895491763525194505959291914023898279636480497123751184713073339578523754916595528005757230888345998719156659846925356445873217098417721907339499301064011656636003186637471082874670369468243433722443668435458609397 0 0 0 0 0 0 0 0 0 0 0 0 0 0 0 0 0 0 0 0 0 0 0 0 0 0 0 0 0 0 0 0 0 0 0 0 0 0 0 0 0 0 0 0 0 0 0 0 0 0 0 0 0 0 0 0 0 0 0 0 0 0 0 0 0 1 0 0 0 0 0 0 0 0]
[2301693030172986823942328566622711809119818422116299873668905942945226140675087704132521084781233066656806905496292700416074848331809600799995960551177944715953849941389235377960788656223094779179193043298702229235656422105295 0 0 0 0 0 0 0 0 0 0 0 0 0 0 0 0 0 0 0 0 0 0 0 0 0 0 0 0 0 0 0 0 0 0 0 0 0 0 0 0 0 0 0 0 0 0 0 0 0 0 0 0 0 0 0 0 0 0 0 0 0 0 0 0 0 0 1 0 0 0 0 0 0 0]
[3246247960650818558880029107162367594201306987769026993719837017787757439608929782900109179137415155837633115098076246410992037147400469816234829328420364252023525995704105904108562423179986484213346497913246263315418647441542 0 0 0 0 0 0 0 0 0 0 0 0 0 0 0 0 0 0 0 0 0 0 0 0 0 0 0 0 0 0 0 0 0 0 0 0 0 0 0 0 0 0 0 0 0 0 0 0 0 0 0 0 0 0 0 0 0 0 0 0 0 0 0 0 0 0 0 1 0 0 0 0 0 0]
[2438615341425400267756448558611660150923351473327303314284597229988078217361515514238532290321476340699291771624897300772675870848571204983130761012048604944939016939679857550910081812508187636804888431438623698855257729027662 0 0 0 0 0 0 0 0 0 0 0 0 0 0 0 0 0 0 0 0 0 0 0 0 0 0 0 0 0 0 0 0 0 0 0 0 0 0 0 0 0 0 0 0 0 0 0 0 0 0 0 0 0 0 0 0 0 0 0 0 0 0 0 0 0 0 0 0 1 0 0 0 0 0]
[2131592953166839045271482348150271821461780248211349963983348770127023478405596037661361254995126597052825710825659416389365746891028295861148713273129363345527610618101603037565035644788519556631802583359137645791487791552660 0 0 0 0 0 0 0 0 0 0 0 0 0 0 0 0 0 0 0 0 0 0 0 0 0 0 0 0 0 0 0 0 0 0 0 0 0 0 0 0 0 0 0 0 0 0 0 0 0 0 0 0 0 0 0 0 0 0 0 0 0 0 0 0 0 0 0 0 0 1 0 0 0 0]
[232223287174786340615161149840582753355032208453133668495108312774634812222355737061819562139069358276857766606261930252130220983294240331596895581338639194901543170972846176094257692218450972621685609220140752613360000894081 0 0 0 0 0 0 0 0 0 0 0 0 0 0 0 0 0 0 0 0 0 0 0 0 0 0 0 0 0 0 0 0 0 0 0 0 0 0 0 0 0 0 0 0 0 0 0 0 0 0 0 0 0 0 0 0 0 0 0 0 0 0 0 0 0 0 0 0 0 0 1 0 0 0]
[2142151618883666600533108609090323836039005300460251574725841922668087338403681392543851451339639051260812254465604021770247645656691889642656520098233686452149109428298638565561614324879826876219893104443675771802008811757256 0 0 0 0 0 0 0 0 0 0 0 0 0 0 0 0 0 0 0 0 0 0 0 0 0 0 0 0 0 0 0 0 0 0 0 0 0 0 0 0 0 0 0 0 0 0 0 0 0 0 0 0 0 0 0 0 0 0 0 0 0 0 0 0 0 0 0 0 0 0 0 1 0 0]
[360795823125154505507664690221153233424911461853918746421100292621573478469145835638015351549367572603938257776614876597043844296769746271103731674075658940265445565612361167821867936608744232284846322470965592968455268703339 0 0 0 0 0 0 0 0 0 0 0 0 0 0 0 0 0 0 0 0 0 0 0 0 0 0 0 0 0 0 0 0 0 0 0 0 0 0 0 0 0 0 0 0 0 0 0 0 0 0 0 0 0 0 0 0 0 0 0 0 0 0 0 0 0 0 0 0 0 0 0 0 1 0]
[651113667713446502552576111131012227500089630979504039747315821395812450436991524184672812307549574531752550867343841555685183210539055979546286265004002365034953518947064184844638471801826145133435777024461322393331828992094 0 0 0 0 0 0 0 0 0 0 0 0 0 0 0 0 0 0 0 0 0 0 0 0 0 0 0 0 0 0 0 0 0 0 0 0 0 0 0 0 0 0 0 0 0 0 0 0 0 0 0 0 0 0 0 0 0 0 0 0 0 0 0 0 0 0 0 0 0 0 0 0 0 1]
]
