[[2697722184121913942380815692369306772725407809179641284100380633647243475641273890037496231939928942250054651810236124854463333316727395538947829522463316387317510616740641248543053470337838274536895397 0 0 0 0 0 0 0 0 0 0 0 0 0 0 0 0 0 0 0 0 0 0 0 0 0 0 0 0 0 0 0 0 0 0 0 0 0 0 0 0 0 0 0 0 0 0 0 0 0 0 0 0 0 0 0 0 0 0 0 0 0 0 0 0 0 0]
[680333292923915032780864076952178714563428717894146117365599776569527633944733432921702832341665323352818357820481442048021940190285593374936547080221462946886444826500841798254430342532925478384130811 1 0 0 0 0 0 0 0 0 0 0 0 0 0 0 0 0 0 0 0 0 0 0 0 0 0 0 0 0 0 0 0 0 0 0 0 0 0 0 0 0 0 0 0 0 0 0 0 0 0 0 0 0 0 0 0 0 0 0 0 0 0 0 0 0 0]
[27956308265027617236285834825879993652014355540222427987074286984243354131735534823175231199029724514613235972524998478320475284672946809748662087172320842067029975850354229352133877517001854408176310 0 1 0 0 0 0 0 0 0 0 0 0 0 0 0 0 0 0 0 0 0 0 0 0 0 0 0 0 0 0 0 0 0 0 0 0 0 0 0 0 0 0 0 0 0 0 0 0 0 0 0 0 0 0 0 0 0 0 0 0 0 0 0 0 0 0]
[1559764700033090574476719540901244283796222769380960237522363885792185096069790852947122832197695755335268409434635635625175714254036618964905408276443817963695420099847661293123347214058287893539520380 0 0 1 0 0 0 0 0 0 0 0 0 0 0 0 0 0 0 0 0 0 0 0 0 0 0 0 0 0 0 0 0 0 0 0 0 0 0 0 0 0 0 0 0 0 0 0 0 0 0 0 0 0 0 0 0 0 0 0 0 0 0 0 0 0 0]
[1997250938787625812212235267593736740499357480681278205855165272237526604861894161818755704387160815225029143302018025981628147120378264610767262347690088059532856470029648715661781478264477740277187679 0 0 0 1 0 0 0 0 0 0 0 0 0 0 0 0 0 0 0 0 0 0 0 0 0 0 0 0 0 0 0 0 0 0 0 0 0 0 0 0 0 0 0 0 0 0 0 0 0 0 0 0 0 0 0 0 0 0 0 0 0 0 0 0 0 0]
[2668201208245674933327194980848068891325426009050172113107857610171263892347567838326826789305215404922984970809010674297311545330862187786305292471228691189965876055881253966121028881439381328783073772 0 0 0 0 1 0 0 0 0 0 0 0 0 0 0 0 0 0 0 0 0 0 0 0 0 0 0 0 0 0 0 0 0 0 0 0 0 0 0 0 0 0 0 0 0 0 0 0 0 0 0 0 0 0 0 0 0 0 0 0 0 0 0 0 0 0]
[679355279255929567976194062340094844757056901985477957015976670161990678753338387862486038773300766301939431008836379621625224645281686238636671583762820761782820189067018865638245661581980139641399254 0 0 0 0 0 1 0 0 0 0 0 0 0 0 0 0 0 0 0 0 0 0 0 0 0 0 0 0 0 0 0 0 0 0 0 0 0 0 0 0 0 0 0 0 0 0 0 0 0 0 0 0 0 0 0 0 0 0 0 0 0 0 0 0 0 0]
[2498363259795829908314949475276177737196168833336357253154002762095587806603662670176403658056661289778324323258032044067280243965806508791936576068067126482478590898256400788934591220769654768462200252 0 0 0 0 0 0 1 0 0 0 0 0 0 0 0 0 0 0 0 0 0 0 0 0 0 0 0 0 0 0 0 0 0 0 0 0 0 0 0 0 0 0 0 0 0 0 0 0 0 0 0 0 0 0 0 0 0 0 0 0 0 0 0 0 0 0]
[90104610193595387685955368904711409036801623384217635294350746234480977449337334206247006053723841439319810202620800835853486210869211186371313959380755158325133510230016220261477791945261279500756289 0 0 0 0 0 0 0 1 0 0 0 0 0 0 0 0 0 0 0 0 0 0 0 0 0 0 0 0 0 0 0 0 0 0 0 0 0 0 0 0 0 0 0 0 0 0 0 0 0 0 0 0 0 0 0 0 0 0 0 0 0 0 0 0 0 0]
[1761993941034307015439754797581765445520576679543084917178206077238037634035093885412160561993261243855554351962927444471956812354037237251816213224631675288584510976987036849694020381257585270515163646 0 0 0 0 0 0 0 0 1 0 0 0 0 0 0 0 0 0 0 0 0 0 0 0 0 0 0 0 0 0 0 0 0 0 0 0 0 0 0 0 0 0 0 0 0 0 0 0 0 0 0 0 0 0 0 0 0 0 0 0 0 0 0 0 0 0]
[2633080278060097784910338628664045334658791821920645177170621487467477525440464437206853073568761382213542242564521470296910236197867021398889560352325651454264929893832663977462081126396963576565381757 0 0 0 0 0 0 0 0 0 1 0 0 0 0 0 0 0 0 0 0 0 0 0 0 0 0 0 0 0 0 0 0 0 0 0 0 0 0 0 0 0 0 0 0 0 0 0 0 0 0 0 0 0 0 0 0 0 0 0 0 0 0 0 0 0 0]
[1739250729680416585596071477492713433349663284520548113414005888611322070115320580284494594029869446045684125597279236965749487190971760303498598016129722855718945340294044970561172294398176249941132112 0 0 0 0 0 0 0 0 0 0 1 0 0 0 0 0 0 0 0 0 0 0 0 0 0 0 0 0 0 0 0 0 0 0 0 0 0 0 0 0 0 0 0 0 0 0 0 0 0 0 0 0 0 0 0 0 0 0 0 0 0 0 0 0 0 0]
[1358447404593003468188546780010350074051537914105369595589301061031368418182270483883094273404176711544473304780864875349709738514803521442302544621400360320874625477164252304670881487166927584781687642 0 0 0 0 0 0 0 0 0 0 0 1 0 0 0 0 0 0 0 0 0 0 0 0 0 0 0 0 0 0 0 0 0 0 0 0 0 0 0 0 0 0 0 0 0 0 0 0 0 0 0 0 0 0 0 0 0 0 0 0 0 0 0 0 0 0]
[1185147507635824420855145795840433186042060811245956555847964659788884401001898224722355283594211295228969039068291844383831621059643173476765736096829397263025456492900217968058061990305965647613808536 0 0 0 0 0 0 0 0 0 0 0 0 1 0 0 0 0 0 0 0 0 0 0 0 0 0 0 0 0 0 0 0 0 0 0 0 0 0 0 0 0 0 0 0 0 0 0 0 0 0 0 0 0 0 0 0 0 0 0 0 0 0 0 0 0 0]
[638831463078723464023229191192289383563262947543019279048932006250585797090571786327054434913877372049396561928009179752040254161996606756308895429005239876440028116421644392054828597374150761583925679 0 0 0 0 0 0 0 0 0 0 0 0 0 1 0 0 0 0 0 0 0 0 0 0 0 0 0 0 0 0 0 0 0 0 0 0 0 0 0 0 0 0 0 0 0 0 0 0 0 0 0 0 0 0 0 0 0 0 0 0 0 0 0 0 0 0]
[1914747210245581456305242876259746045700595408588135506884041131657084801225385565162111154764286273274345635348885698807375003591142558942789300826992423589869243776545035234102376958511345137467262812 0 0 0 0 0 0 0 0 0 0 0 0 0 0 1 0 0 0 0 0 0 0 0 0 0 0 0 0 0 0 0 0 0 0 0 0 0 0 0 0 0 0 0 0 0 0 0 0 0 0 0 0 0 0 0 0 0 0 0 0 0 0 0 0 0 0]
[2072179378093697620433091056210443117320772967174308287214043125215452611713398323640099913141957876318231389019443913432708389356151229436130187877345372292756967781170490049852342222109498153161394016 0 0 0 0 0 0 0 0 0 0 0 0 0 0 0 1 0 0 0 0 0 0 0 0 0 0 0 0 0 0 0 0 0 0 0 0 0 0 0 0 0 0 0 0 0 0 0 0 0 0 0 0 0 0 0 0 0 0 0 0 0 0 0 0 0 0]
[1756864826733140138789167331913762183632327505895436094032598253681962517382605988118792349160347936168933083856305831219312139550361944097690683669670291700014969853054608246018390201232169166824342741 0 0 0 0 0 0 0 0 0 0 0 0 0 0 0 0 1 0 0 0 0 0 0 0 0 0 0 0 0 0 0 0 0 0 0 0 0 0 0 0 0 0 0 0 0 0 0 0 0 0 0 0 0 0 0 0 0 0 0 0 0 0 0 0 0 0]
[223398188437200511832560898275555318310175747822624911739903331589762214319957918307861537715933817312411362879809172442692376048801822778848125443229337309047162055433944824560967889618969171261390212 0 0 0 0 0 0 0 0 0 0 0 0 0 0 0 0 0 1 0 0 0 0 0 0 0 0 0 0 0 0 0 0 0 0 0 0 0 0 0 0 0 0 0 0 0 0 0 0 0 0 0 0 0 0 0 0 0 0 0 0 0 0 0 0 0 0]
[753890989468323689052496811957957802307477826821667982570764051229443107924801099905875305437315582654368339135571493573033355438898565783339998908319008530430470448430227596183547983714747424144520756 0 0 0 0 0 0 0 0 0 0 0 0 0 0 0 0 0 0 1 0 0 0 0 0 0 0 0 0 0 0 0 0 0 0 0 0 0 0 0 0 0 0 0 0 0 0 0 0 0 0 0 0 0 0 0 0 0 0 0 0 0 0 0 0 0 0]
[2514731222927012998478370661779336445875184394714032027965128213599359826742357790892930621241571222902234175690615052310760173696938967592388295201983234492496005476945533696980944681216315585512271142 0 0 0 0 0 0 0 0 0 0 0 0 0 0 0 0 0 0 0 1 0 0 0 0 0 0 0 0 0 0 0 0 0 0 0 0 0 0 0 0 0 0 0 0 0 0 0 0 0 0 0 0 0 0 0 0 0 0 0 0 0 0 0 0 0 0]
[1256139323160474239873750942371011152647601723317822851086146002490814218235648893090426681859322218007950696669747928716361677424750207412086253971148207117506979421942377723060599526119165415661490893 0 0 0 0 0 0 0 0 0 0 0 0 0 0 0 0 0 0 0 0 1 0 0 0 0 0 0 0 0 0 0 0 0 0 0 0 0 0 0 0 0 0 0 0 0 0 0 0 0 0 0 0 0 0 0 0 0 0 0 0 0 0 0 0 0 0]
[407558710506333219938377047932671177191486090450195906667008776887439970019891559197164221029295024842828558034423039088791415156155148360011652034970275599688360333845182190278205633457835394723283018 0 0 0 0 0 0 0 0 0 0 0 0 0 0 0 0 0 0 0 0 0 1 0 0 0 0 0 0 0 0 0 0 0 0 0 0 0 0 0 0 0 0 0 0 0 0 0 0 0 0 0 0 0 0 0 0 0 0 0 0 0 0 0 0 0 0]
[1107317325452869339882276044148666954007411681968829443845771807962906875526283838648826433905964422780331315442289758012534953261414751869685928723133558375947465692985003569041992390670497477691894241 0 0 0 0 0 0 0 0 0 0 0 0 0 0 0 0 0 0 0 0 0 0 1 0 0 0 0 0 0 0 0 0 0 0 0 0 0 0 0 0 0 0 0 0 0 0 0 0 0 0 0 0 0 0 0 0 0 0 0 0 0 0 0 0 0 0]
[1462022073504247001948402372136215988144849559129654954553337266032435309941231454123732040943692682221052432974986292278819259113851963571979135974123942592111845332653512333083615643337859120407790869 0 0 0 0 0 0 0 0 0 0 0 0 0 0 0 0 0 0 0 0 0 0 0 1 0 0 0 0 0 0 0 0 0 0 0 0 0 0 0 0 0 0 0 0 0 0 0 0 0 0 0 0 0 0 0 0 0 0 0 0 0 0 0 0 0 0]
[316723566876920929754585661466054455414347231085968179952151882149036817319599428745162053462423277837114590046520143173681066491055379463405724261392946338105469728697167530090246679132304042185941740 0 0 0 0 0 0 0 0 0 0 0 0 0 0 0 0 0 0 0 0 0 0 0 0 1 0 0 0 0 0 0 0 0 0 0 0 0 0 0 0 0 0 0 0 0 0 0 0 0 0 0 0 0 0 0 0 0 0 0 0 0 0 0 0 0 0]
[1945890463761847508875842326448341558288992474738887657927592067875430152621447510270894632103955226993496542518621098488035776493615334836878477800843304150254226802969818668970518341478097938002094916 0 0 0 0 0 0 0 0 0 0 0 0 0 0 0 0 0 0 0 0 0 0 0 0 0 1 0 0 0 0 0 0 0 0 0 0 0 0 0 0 0 0 0 0 0 0 0 0 0 0 0 0 0 0 0 0 0 0 0 0 0 0 0 0 0 0]
[2651350297689409691634882180194495990982381824763552171251557860465641545922535362474351677054193162851084914717465728306522519862221504976394723556678767304716958258334362081602479290678517590414519061 0 0 0 0 0 0 0 0 0 0 0 0 0 0 0 0 0 0 0 0 0 0 0 0 0 0 1 0 0 0 0 0 0 0 0 0 0 0 0 0 0 0 0 0 0 0 0 0 0 0 0 0 0 0 0 0 0 0 0 0 0 0 0 0 0 0]
[944301517710404047256776911782756691277657434332058361983655330652269374583316387689907205814417346418774350779602524662342148934550501306032198615864947632977205164423757260083142165933686369140225389 0 0 0 0 0 0 0 0 0 0 0 0 0 0 0 0 0 0 0 0 0 0 0 0 0 0 0 1 0 0 0 0 0 0 0 0 0 0 0 0 0 0 0 0 0 0 0 0 0 0 0 0 0 0 0 0 0 0 0 0 0 0 0 0 0 0]
[2380788811598302284117381720669331646967752687098390453841745470534503104344575439864453083053624267078685014871263002382115716502352808876105184930410542599352718890048720965901195670439322518653846034 0 0 0 0 0 0 0 0 0 0 0 0 0 0 0 0 0 0 0 0 0 0 0 0 0 0 0 0 1 0 0 0 0 0 0 0 0 0 0 0 0 0 0 0 0 0 0 0 0 0 0 0 0 0 0 0 0 0 0 0 0 0 0 0 0 0]
[2089240927137938918725577610055356531809333046381321969523337987147169393790648473903680739039327942289334731550543622240466693322483033412824712093397938251451713744100509866454986186296939111884780767 0 0 0 0 0 0 0 0 0 0 0 0 0 0 0 0 0 0 0 0 0 0 0 0 0 0 0 0 0 1 0 0 0 0 0 0 0 0 0 0 0 0 0 0 0 0 0 0 0 0 0 0 0 0 0 0 0 0 0 0 0 0 0 0 0 0]
[691565030277600961882098163068527977138229241787908767336546745603010121101558537604678054452576968398589102217477266971629870240068230053740117860605657397402696192182305810852826080034696687338411954 0 0 0 0 0 0 0 0 0 0 0 0 0 0 0 0 0 0 0 0 0 0 0 0 0 0 0 0 0 0 1 0 0 0 0 0 0 0 0 0 0 0 0 0 0 0 0 0 0 0 0 0 0 0 0 0 0 0 0 0 0 0 0 0 0 0]
[1125226239579793994388710007742662856544532472454550325312316435960258422045250407041972605083986975646948249146369482772229161348857927754526991102835301011687417308505439936238722234573803147616600031 0 0 0 0 0 0 0 0 0 0 0 0 0 0 0 0 0 0 0 0 0 0 0 0 0 0 0 0 0 0 0 1 0 0 0 0 0 0 0 0 0 0 0 0 0 0 0 0 0 0 0 0 0 0 0 0 0 0 0 0 0 0 0 0 0 0]
[384164772485006871311754773528384924857410613692127367855014938845909014517338145441144731279030154740542486776585753183560319910492251581980887124490553275064480547026937496630468979451346109145762851 0 0 0 0 0 0 0 0 0 0 0 0 0 0 0 0 0 0 0 0 0 0 0 0 0 0 0 0 0 0 0 0 1 0 0 0 0 0 0 0 0 0 0 0 0 0 0 0 0 0 0 0 0 0 0 0 0 0 0 0 0 0 0 0 0 0]
[1869948152451301165982314002578457912325272102180251278262502738973621064595950052635270415951990581407204898758282840782969633956608622429939496665981428199635575950460483782806575100058745874552226574 0 0 0 0 0 0 0 0 0 0 0 0 0 0 0 0 0 0 0 0 0 0 0 0 0 0 0 0 0 0 0 0 0 1 0 0 0 0 0 0 0 0 0 0 0 0 0 0 0 0 0 0 0 0 0 0 0 0 0 0 0 0 0 0 0 0]
[2009595028485759524151944700967140799853497422795054949877041392274610038724829619486507416090229889571940322202455926930802224414876058594256942528108450838063789666262545717618454313686650078628728708 0 0 0 0 0 0 0 0 0 0 0 0 0 0 0 0 0 0 0 0 0 0 0 0 0 0 0 0 0 0 0 0 0 0 1 0 0 0 0 0 0 0 0 0 0 0 0 0 0 0 0 0 0 0 0 0 0 0 0 0 0 0 0 0 0 0]
[927890989734574567097102552958070746654988175297455093413775933971772220098043231567111455043438756400885235958970845323329764008145219608251116826919431770093869693296049110332128908230667344416841017 0 0 0 0 0 0 0 0 0 0 0 0 0 0 0 0 0 0 0 0 0 0 0 0 0 0 0 0 0 0 0 0 0 0 0 1 0 0 0 0 0 0 0 0 0 0 0 0 0 0 0 0 0 0 0 0 0 0 0 0 0 0 0 0 0 0]
[2102708876601504192607056742556196096652708263148608613576309503695930758112747195485929664971261180203999844283866573150029365567774957810593968311659389358463415525464811743791996530250292507633824088 0 0 0 0 0 0 0 0 0 0 0 0 0 0 0 0 0 0 0 0 0 0 0 0 0 0 0 0 0 0 0 0 0 0 0 0 1 0 0 0 0 0 0 0 0 0 0 0 0 0 0 0 0 0 0 0 0 0 0 0 0 0 0 0 0 0]
[2662455823704785228994304894575849118368132054036535767765411592712559837737324662326850316512071451748539201499538941238547616375125998692540371516071252794243598570060585548629771159194973237390362352 0 0 0 0 0 0 0 0 0 0 0 0 0 0 0 0 0 0 0 0 0 0 0 0 0 0 0 0 0 0 0 0 0 0 0 0 0 1 0 0 0 0 0 0 0 0 0 0 0 0 0 0 0 0 0 0 0 0 0 0 0 0 0 0 0 0]
[1450807348789928184377314444710701572995152964135108941525590221383499292763265198618587343153314120469849243023337481335144120831179145765914455049347091665637969899728412129460071936654334099425202449 0 0 0 0 0 0 0 0 0 0 0 0 0 0 0 0 0 0 0 0 0 0 0 0 0 0 0 0 0 0 0 0 0 0 0 0 0 0 1 0 0 0 0 0 0 0 0 0 0 0 0 0 0 0 0 0 0 0 0 0 0 0 0 0 0 0]
[1702279439310378431054396322542766379989134124553819466910978317713825817161409970428592585380591108653554506113268702964501937932695248145127127467833037373622516950007916914264136258083345711159895295 0 0 0 0 0 0 0 0 0 0 0 0 0 0 0 0 0 0 0 0 0 0 0 0 0 0 0 0 0 0 0 0 0 0 0 0 0 0 0 1 0 0 0 0 0 0 0 0 0 0 0 0 0 0 0 0 0 0 0 0 0 0 0 0 0 0]
[1620892503239773956242008671400636581316237587925436137973258379032034734495324382885583113346421167162396304696053309547504452707439492413951164486824269548942945737719630423027285834411778056727240106 0 0 0 0 0 0 0 0 0 0 0 0 0 0 0 0 0 0 0 0 0 0 0 0 0 0 0 0 0 0 0 0 0 0 0 0 0 0 0 0 1 0 0 0 0 0 0 0 0 0 0 0 0 0 0 0 0 0 0 0 0 0 0 0 0 0]
[1701683031798768622927389328723546539578897211543607320872063490089091086166981890951310318267753404858851919691273093304810493532794527805599991451910168425559365534226392813068884678087273991140090811 0 0 0 0 0 0 0 0 0 0 0 0 0 0 0 0 0 0 0 0 0 0 0 0 0 0 0 0 0 0 0 0 0 0 0 0 0 0 0 0 0 1 0 0 0 0 0 0 0 0 0 0 0 0 0 0 0 0 0 0 0 0 0 0 0 0]
[963372752701786351428515840951567078956854424156153120829743816701381709830951925350150713610449345408454115040076073739461180082563018503395431664169282421671818198135239823480402861086509948733131837 0 0 0 0 0 0 0 0 0 0 0 0 0 0 0 0 0 0 0 0 0 0 0 0 0 0 0 0 0 0 0 0 0 0 0 0 0 0 0 0 0 0 1 0 0 0 0 0 0 0 0 0 0 0 0 0 0 0 0 0 0 0 0 0 0 0]
[900795629068857672809673809387356464284497088721745424247933448267111659241512094124934856331204416664775163902082939477322026513965628851986637038825866524435678593234242566006972975638982544938392212 0 0 0 0 0 0 0 0 0 0 0 0 0 0 0 0 0 0 0 0 0 0 0 0 0 0 0 0 0 0 0 0 0 0 0 0 0 0 0 0 0 0 0 1 0 0 0 0 0 0 0 0 0 0 0 0 0 0 0 0 0 0 0 0 0 0]
[1095761558381752052899927399559689543934170213024166864159893032056097924550029631831799831921935623481671414125366775287665707817670622334756793379187553313848677888510384556374352847786412391119098905 0 0 0 0 0 0 0 0 0 0 0 0 0 0 0 0 0 0 0 0 0 0 0 0 0 0 0 0 0 0 0 0 0 0 0 0 0 0 0 0 0 0 0 0 1 0 0 0 0 0 0 0 0 0 0 0 0 0 0 0 0 0 0 0 0 0]
[508445661816203635300548554652500035718816517668518454670980044804928742620034998051552440077547784334844632798036948617797655840531075757336723796255213764640652778176379258116645602047442601817778837 0 0 0 0 0 0 0 0 0 0 0 0 0 0 0 0 0 0 0 0 0 0 0 0 0 0 0 0 0 0 0 0 0 0 0 0 0 0 0 0 0 0 0 0 0 1 0 0 0 0 0 0 0 0 0 0 0 0 0 0 0 0 0 0 0 0]
[345588078321209448049094943837747093411666325476677386745666173863567224136478567670153239406460096081954226134571163513032234291925770121903032133805637144153185052769822820142168285583057832951792699 0 0 0 0 0 0 0 0 0 0 0 0 0 0 0 0 0 0 0 0 0 0 0 0 0 0 0 0 0 0 0 0 0 0 0 0 0 0 0 0 0 0 0 0 0 0 1 0 0 0 0 0 0 0 0 0 0 0 0 0 0 0 0 0 0 0]
[2198311973722697569394768253305461804433424521590716354499107138501639856813156233393319234220284482919208232552701657046460176168176950536832125209957200150008779296106974837712958382479329809836249192 0 0 0 0 0 0 0 0 0 0 0 0 0 0 0 0 0 0 0 0 0 0 0 0 0 0 0 0 0 0 0 0 0 0 0 0 0 0 0 0 0 0 0 0 0 0 0 1 0 0 0 0 0 0 0 0 0 0 0 0 0 0 0 0 0 0]
[299503391527333421903753322022306330927920524902260277790170104423482587690544177604566607876553847094644769481189368653889985834430249774110105999744460773394477428505663096763802729685509178153586476 0 0 0 0 0 0 0 0 0 0 0 0 0 0 0 0 0 0 0 0 0 0 0 0 0 0 0 0 0 0 0 0 0 0 0 0 0 0 0 0 0 0 0 0 0 0 0 0 1 0 0 0 0 0 0 0 0 0 0 0 0 0 0 0 0 0]
[1054774159307373405714780374054941486574031569357690996103400257560355508540136656054728786263674059295619007509238327987037624216045963280803176482847595998874756838383659535107497699124068087945871201 0 0 0 0 0 0 0 0 0 0 0 0 0 0 0 0 0 0 0 0 0 0 0 0 0 0 0 0 0 0 0 0 0 0 0 0 0 0 0 0 0 0 0 0 0 0 0 0 0 1 0 0 0 0 0 0 0 0 0 0 0 0 0 0 0 0]
[2145857846018625620263994577079508090211919137123977354659629683919813657486345566852847805617005312894383975150629258936944853652348043259574829172331967123881038919784556789977626724995358238055181483 0 0 0 0 0 0 0 0 0 0 0 0 0 0 0 0 0 0 0 0 0 0 0 0 0 0 0 0 0 0 0 0 0 0 0 0 0 0 0 0 0 0 0 0 0 0 0 0 0 0 1 0 0 0 0 0 0 0 0 0 0 0 0 0 0 0]
[776051172222195797628630532364985013720299387472519514373325823933384462403615443654631581819491968731846720738460330292485927421919505085355157460542933766300688618683897181271684722989948967365947048 0 0 0 0 0 0 0 0 0 0 0 0 0 0 0 0 0 0 0 0 0 0 0 0 0 0 0 0 0 0 0 0 0 0 0 0 0 0 0 0 0 0 0 0 0 0 0 0 0 0 0 1 0 0 0 0 0 0 0 0 0 0 0 0 0 0]
[1400894120631669128966343367766522459919362788456659712679399194517582148743381448680906197181395059685462139099664978224129442846593397625593838252255387106870870017903980146228440224050997055098884388 0 0 0 0 0 0 0 0 0 0 0 0 0 0 0 0 0 0 0 0 0 0 0 0 0 0 0 0 0 0 0 0 0 0 0 0 0 0 0 0 0 0 0 0 0 0 0 0 0 0 0 0 1 0 0 0 0 0 0 0 0 0 0 0 0 0]
[870364398390745611229897229454427315027056109145382619278811581094949502958145884134683678636002402754385655317048179878511885051541238587995745998592841627103177662859826807288893613091462902726476487 0 0 0 0 0 0 0 0 0 0 0 0 0 0 0 0 0 0 0 0 0 0 0 0 0 0 0 0 0 0 0 0 0 0 0 0 0 0 0 0 0 0 0 0 0 0 0 0 0 0 0 0 0 1 0 0 0 0 0 0 0 0 0 0 0 0]
[540188794411639750324218069213056650578097719560596970402485876887428985382865231358548667285421597317551065744922267983221286523071754578657613322508824923262376570255119784517064654713028993450115898 0 0 0 0 0 0 0 0 0 0 0 0 0 0 0 0 0 0 0 0 0 0 0 0 0 0 0 0 0 0 0 0 0 0 0 0 0 0 0 0 0 0 0 0 0 0 0 0 0 0 0 0 0 0 1 0 0 0 0 0 0 0 0 0 0 0]
[987869094868106474057900070306594144754782838260712656586767605760106164503677758405850876695400115716033479774029442497604729562469966193022200174310353478149153464374587052768246249235347561028377599 0 0 0 0 0 0 0 0 0 0 0 0 0 0 0 0 0 0 0 0 0 0 0 0 0 0 0 0 0 0 0 0 0 0 0 0 0 0 0 0 0 0 0 0 0 0 0 0 0 0 0 0 0 0 0 1 0 0 0 0 0 0 0 0 0 0]
[1904676006883120033178777866307367850061917161551975336330453086905380421533186372226888953580009241848783216959898911791822737199295797764674432161660338334629388565643350778022618314703744878716488322 0 0 0 0 0 0 0 0 0 0 0 0 0 0 0 0 0 0 0 0 0 0 0 0 0 0 0 0 0 0 0 0 0 0 0 0 0 0 0 0 0 0 0 0 0 0 0 0 0 0 0 0 0 0 0 0 1 0 0 0 0 0 0 0 0 0]
[2591373896851760098569702132960557337258736460020251578748827498236411853292305585011489936259434053916177408585094665814216075256122436221869751226931965452643457016535790348950013033588569277240131596 0 0 0 0 0 0 0 0 0 0 0 0 0 0 0 0 0 0 0 0 0 0 0 0 0 0 0 0 0 0 0 0 0 0 0 0 0 0 0 0 0 0 0 0 0 0 0 0 0 0 0 0 0 0 0 0 0 1 0 0 0 0 0 0 0 0]
[2383574187793716458410946465903097477600991474658145227156152164448125870373250231413021160016478622030936461242920205426236188469828041121758227738500432544836725735662059391103635417268460810303902904 0 0 0 0 0 0 0 0 0 0 0 0 0 0 0 0 0 0 0 0 0 0 0 0 0 0 0 0 0 0 0 0 0 0 0 0 0 0 0 0 0 0 0 0 0 0 0 0 0 0 0 0 0 0 0 0 0 0 1 0 0 0 0 0 0 0]
[1938593664961698153003725325945718089520625827589614953894952012191541393972431477187193988072897676672807108219723537843718121907345195922862388735288480418693723965385070213646266548006679032998069521 0 0 0 0 0 0 0 0 0 0 0 0 0 0 0 0 0 0 0 0 0 0 0 0 0 0 0 0 0 0 0 0 0 0 0 0 0 0 0 0 0 0 0 0 0 0 0 0 0 0 0 0 0 0 0 0 0 0 0 1 0 0 0 0 0 0]
[50467369890727481947648210171399296016152827746308589596617396896493516472436036457615976702074976125941024028562173927768315171864285912279196395920711709668565027588018120996352682096237017007463078 0 0 0 0 0 0 0 0 0 0 0 0 0 0 0 0 0 0 0 0 0 0 0 0 0 0 0 0 0 0 0 0 0 0 0 0 0 0 0 0 0 0 0 0 0 0 0 0 0 0 0 0 0 0 0 0 0 0 0 0 1 0 0 0 0 0]
[45327982140288290489757921663019626662093704572131116262205853695198515940810359052273903876596721471830463775942327965631320131892439292697405396370906087334141718773546719095884167109278482571799471 0 0 0 0 0 0 0 0 0 0 0 0 0 0 0 0 0 0 0 0 0 0 0 0 0 0 0 0 0 0 0 0 0 0 0 0 0 0 0 0 0 0 0 0 0 0 0 0 0 0 0 0 0 0 0 0 0 0 0 0 0 1 0 0 0 0]
[2525326945409408185947593176977759526938406193055706138825176129780789726266562967407494048934785153636971542965056490026929284514918912005116661379654253379759401002199512305993506430363148578611053551 0 0 0 0 0 0 0 0 0 0 0 0 0 0 0 0 0 0 0 0 0 0 0 0 0 0 0 0 0 0 0 0 0 0 0 0 0 0 0 0 0 0 0 0 0 0 0 0 0 0 0 0 0 0 0 0 0 0 0 0 0 0 1 0 0 0]
[2301624861140758843090516128170144967045042573852788415981212370370157120550254894704046964814889705141062544976893816350988344398719422225750364642652396971768727970414385102004479551136216035503263577 0 0 0 0 0 0 0 0 0 0 0 0 0 0 0 0 0 0 0 0 0 0 0 0 0 0 0 0 0 0 0 0 0 0 0 0 0 0 0 0 0 0 0 0 0 0 0 0 0 0 0 0 0 0 0 0 0 0 0 0 0 0 0 1 0 0]
[1117154466491716702587741297467073719632209845823884034197490033841723675778708582109441925505296697206966856044936094087893956500730657793758799685923801689451291196482843342616435541400685642744157478 0 0 0 0 0 0 0 0 0 0 0 0 0 0 0 0 0 0 0 0 0 0 0 0 0 0 0 0 0 0 0 0 0 0 0 0 0 0 0 0 0 0 0 0 0 0 0 0 0 0 0 0 0 0 0 0 0 0 0 0 0 0 0 0 1 0]
[1398558410499867961349844150843755098546886811713743063695954006745708719175273484111690671901301198973117917110247803497864077557379805761416164341616105970883131231444560967562496652575363059882191543 0 0 0 0 0 0 0 0 0 0 0 0 0 0 0 0 0 0 0 0 0 0 0 0 0 0 0 0 0 0 0 0 0 0 0 0 0 0 0 0 0 0 0 0 0 0 0 0 0 0 0 0 0 0 0 0 0 0 0 0 0 0 0 0 0 1]
]
