[[1185131021794813426875313592680611141735366278686378072567139180323336143105656579 0 0 0 0 0 0 0 0 0 0 0 0 0 0 0 0 0 0 0 0 0 0 0 0 0 0]
[827086664280259780989230521026867556820387838434845856374350390877274440923608542 1 0 0 0 0 0 0 0 0 0 0 0 0 0 0 0 0 0 0 0 0 0 0 0 0 0]
[362828196865670388527398826860435466020398022375610901923648049900172628031474539 0 1 0 0 0 0 0 0 0 0 0 0 0 0 0 0 0 0 0 0 0 0 0 0 0 0]
[797011577423292323784644593828434130056140191654152110562440121335680850270952794 0 0 1 0 0 0 0 0 0 0 0 0 0 0 0 0 0 0 0 0 0 0 0 0 0 0]
[560313646802117614754178452264322743908977008392433697513155605328987764896905186 0 0 0 1 0 0 0 0 0 0 0 0 0 0 0 0 0 0 0 0 0 0 0 0 0 0]
[1002484488650479585546555421299695775895293433485383870522600858676496764632438385 0 0 0 0 1 0 0 0 0 0 0 0 0 0 0 0 0 0 0 0 0 0 0 0 0 0]
[1095736881542959391678319979585564250503305427713607291130647416415198987686179996 0 0 0 0 0 1 0 0 0 0 0 0 0 0 0 0 0 0 0 0 0 0 0 0 0 0]
[433662728740533926922523369933931084679009594625018961209828109902070524458509839 0 0 0 0 0 0 1 0 0 0 0 0 0 0 0 0 0 0 0 0 0 0 0 0 0 0]
[919079206479408571754617957616102708021666056750104946994041335434379166642066065 0 0 0 0 0 0 0 1 0 0 0 0 0 0 0 0 0 0 0 0 0 0 0 0 0 0]
[258206358834821104183357173540787053602096991354769192322110470875715428314031507 0 0 0 0 0 0 0 0 1 0 0 0 0 0 0 0 0 0 0 0 0 0 0 0 0 0]
[899902071920572255430578562660808021324853678539045036740657648689825230833541862 0 0 0 0 0 0 0 0 0 1 0 0 0 0 0 0 0 0 0 0 0 0 0 0 0 0]
[62837023901840996892068873794743379521764569334073807181420374336248679196318783 0 0 0 0 0 0 0 0 0 0 1 0 0 0 0 0 0 0 0 0 0 0 0 0 0 0]
[1018396722224955531269045420273724330840028149821336724910772755128916535832198735 0 0 0 0 0 0 0 0 0 0 0 1 0 0 0 0 0 0 0 0 0 0 0 0 0 0]
[364018753612066895518964745818352581255042759723036232589214434683037920746304741 0 0 0 0 0 0 0 0 0 0 0 0 1 0 0 0 0 0 0 0 0 0 0 0 0 0]
[991151968824629104225840438500452665865200667842833845163462629343579945429965753 0 0 0 0 0 0 0 0 0 0 0 0 0 1 0 0 0 0 0 0 0 0 0 0 0 0]
[897624584358814012944713597702767930858335691549015212424704478398769747209833426 0 0 0 0 0 0 0 0 0 0 0 0 0 0 1 0 0 0 0 0 0 0 0 0 0 0]
[1139890785834886102382182840264102958893469065181856299691870635240915029647359553 0 0 0 0 0 0 0 0 0 0 0 0 0 0 0 1 0 0 0 0 0 0 0 0 0 0]
[1117931593494619895126899963312251930971387637021026493030204050165812025460415813 0 0 0 0 0 0 0 0 0 0 0 0 0 0 0 0 1 0 0 0 0 0 0 0 0 0]
[860310651538703722730874932436340982538445049051835880737028702273766343765653343 0 0 0 0 0 0 0 0 0 0 0 0 0 0 0 0 0 1 0 0 0 0 0 0 0 0]
[569072925733349946862809838459410576460064114850516296214084313354627414045158691 0 0 0 0 0 0 0 0 0 0 0 0 0 0 0 0 0 0 1 0 0 0 0 0 0 0]
[2941491628175856786932122268790482184363240298845710732673513323676567285219485 0 0 0 0 0 0 0 0 0 0 0 0 0 0 0 0 0 0 0 1 0 0 0 0 0 0]
[1095459891662321140479016132021978079772072354699479382783646247563281032826840364 0 0 0 0 0 0 0 0 0 0 0 0 0 0 0 0 0 0 0 0 1 0 0 0 0 0]
[147296651094490598371821301133399253838570859095335900184084392159657682593137899 0 0 0 0 0 0 0 0 0 0 0 0 0 0 0 0 0 0 0 0 0 1 0 0 0 0]
[81326444577880059841503735151260120891703646909986585112372729877809075817051798 0 0 0 0 0 0 0 0 0 0 0 0 0 0 0 0 0 0 0 0 0 0 1 0 0 0]
[477699085171287905278333099171000510273252969669938721731717182822710980707303657 0 0 0 0 0 0 0 0 0 0 0 0 0 0 0 0 0 0 0 0 0 0 0 1 0 0]
[7887459996538931487721185861312128701291961708573187775108622939439918624753146 0 0 0 0 0 0 0 0 0 0 0 0 0 0 0 0 0 0 0 0 0 0 0 0 1 0]
[1055030993536654328699683463105260103379176415751166608231942771758201233005233682 0 0 0 0 0 0 0 0 0 0 0 0 0 0 0 0 0 0 0 0 0 0 0 0 0 1]
]
