[[1894728813577995184965617457039505803892838565737607039967794266323085702020050787 0 0 0 0 0 0 0 0 0 0 0 0 0 0 0 0 0 0 0 0 0 0 0 0 0 0]
[152290583908756036529880969262425348724887068331708339550805442253294759186225359 1 0 0 0 0 0 0 0 0 0 0 0 0 0 0 0 0 0 0 0 0 0 0 0 0 0]
[1376317599840019054339564357696726805694297634635985511242215819454443380073527035 0 1 0 0 0 0 0 0 0 0 0 0 0 0 0 0 0 0 0 0 0 0 0 0 0 0]
[421531408792465963820467022123229674023008523032002580881783405633588334424083357 0 0 1 0 0 0 0 0 0 0 0 0 0 0 0 0 0 0 0 0 0 0 0 0 0 0]
[1311254017197652044428817181457137815669588489523168844844810521443794428334686851 0 0 0 1 0 0 0 0 0 0 0 0 0 0 0 0 0 0 0 0 0 0 0 0 0 0]
[1856710765923467843815091929608632713158583017184339905278412553286626237601436289 0 0 0 0 1 0 0 0 0 0 0 0 0 0 0 0 0 0 0 0 0 0 0 0 0 0]
[1174339116210627793054939757704191577710841333661072745261438982083348142217370374 0 0 0 0 0 1 0 0 0 0 0 0 0 0 0 0 0 0 0 0 0 0 0 0 0 0]
[1215425234538827421771779035880014132122018063243578850707362745863675111055449028 0 0 0 0 0 0 1 0 0 0 0 0 0 0 0 0 0 0 0 0 0 0 0 0 0 0]
[80872498826791697572019331281798513963411288751998076443906385955995763794339789 0 0 0 0 0 0 0 1 0 0 0 0 0 0 0 0 0 0 0 0 0 0 0 0 0 0]
[989364417435829430094262932834228883787856179822699254338864873549163046910668270 0 0 0 0 0 0 0 0 1 0 0 0 0 0 0 0 0 0 0 0 0 0 0 0 0 0]
[1354439251868274497153899364680671406233030939169765968183205592647287156461197163 0 0 0 0 0 0 0 0 0 1 0 0 0 0 0 0 0 0 0 0 0 0 0 0 0 0]
[514669773983658529941324275897705148115991873453090061063211416468679206559463493 0 0 0 0 0 0 0 0 0 0 1 0 0 0 0 0 0 0 0 0 0 0 0 0 0 0]
[1555925669127420267979841245634261076257294081331360029732768149735293236838716051 0 0 0 0 0 0 0 0 0 0 0 1 0 0 0 0 0 0 0 0 0 0 0 0 0 0]
[835465549695406893315267529074860316203301559030894582686682840642231538453244027 0 0 0 0 0 0 0 0 0 0 0 0 1 0 0 0 0 0 0 0 0 0 0 0 0 0]
[492123495108543456528412945958862583208145049192171147356417511435582146050226437 0 0 0 0 0 0 0 0 0 0 0 0 0 1 0 0 0 0 0 0 0 0 0 0 0 0]
[1653076914462247807152790430016984458993047576182195975478452537004424870484978818 0 0 0 0 0 0 0 0 0 0 0 0 0 0 1 0 0 0 0 0 0 0 0 0 0 0]
[34341291236150813643219622379113877815754045704191676558140865407616668789788820 0 0 0 0 0 0 0 0 0 0 0 0 0 0 0 1 0 0 0 0 0 0 0 0 0 0]
[1594920533121171562583933205436670994971319108656927263294849430402891304501782883 0 0 0 0 0 0 0 0 0 0 0 0 0 0 0 0 1 0 0 0 0 0 0 0 0 0]
[1425229492450193891185866045927321237684909047793587036197971678948021718773870516 0 0 0 0 0 0 0 0 0 0 0 0 0 0 0 0 0 1 0 0 0 0 0 0 0 0]
[559627592529607223346309198432197564738829553003335367952104302807195448320451952 0 0 0 0 0 0 0 0 0 0 0 0 0 0 0 0 0 0 1 0 0 0 0 0 0 0]
[487234507516654740094970803685129456647882761203477855854443289768555865281910267 0 0 0 0 0 0 0 0 0 0 0 0 0 0 0 0 0 0 0 1 0 0 0 0 0 0]
[1847949109506101425375746902676708639976125519648380136369137480109338466492607863 0 0 0 0 0 0 0 0 0 0 0 0 0 0 0 0 0 0 0 0 1 0 0 0 0 0]
[148955656825280669432583210677660799230880856684885827187965331485041645677986698 0 0 0 0 0 0 0 0 0 0 0 0 0 0 0 0 0 0 0 0 0 1 0 0 0 0]
[48675151449842138276379470211176680007613868103997867683557048120860113673798254 0 0 0 0 0 0 0 0 0 0 0 0 0 0 0 0 0 0 0 0 0 0 1 0 0 0]
[1652430988980691563712608191810971119329061471357210169193014316447706478772619737 0 0 0 0 0 0 0 0 0 0 0 0 0 0 0 0 0 0 0 0 0 0 0 1 0 0]
[112245446857260924693612122774518964497467117461773276918885132271062361807186454 0 0 0 0 0 0 0 0 0 0 0 0 0 0 0 0 0 0 0 0 0 0 0 0 1 0]
[1171810515537820907114400136235472181215529812627255737457069515512085158340978485 0 0 0 0 0 0 0 0 0 0 0 0 0 0 0 0 0 0 0 0 0 0 0 0 0 1]
]
