[[1486245540675155935444986859874708302510669239118957750747434884819927773436158453 0 0 0 0 0 0 0 0 0 0 0 0 0 0 0 0 0 0 0 0 0 0 0 0 0 0]
[934634041286643280204476848268605709545491084445261432536267989155021987089773356 1 0 0 0 0 0 0 0 0 0 0 0 0 0 0 0 0 0 0 0 0 0 0 0 0 0]
[527286401626097869296828478661156733473138302456715107473060351621100982780593847 0 1 0 0 0 0 0 0 0 0 0 0 0 0 0 0 0 0 0 0 0 0 0 0 0 0]
[1040999409920626682268586053092073535734578031650607431349390949598640661463443798 0 0 1 0 0 0 0 0 0 0 0 0 0 0 0 0 0 0 0 0 0 0 0 0 0 0]
[199362316751270818019785546147228475537641321848685147633869202961399779987459920 0 0 0 1 0 0 0 0 0 0 0 0 0 0 0 0 0 0 0 0 0 0 0 0 0 0]
[1241309751259667329298985453968944244754830077138816246688349125978817775106433250 0 0 0 0 1 0 0 0 0 0 0 0 0 0 0 0 0 0 0 0 0 0 0 0 0 0]
[107724961219874791382451851100927644430339877033723784716492559443713763011506732 0 0 0 0 0 1 0 0 0 0 0 0 0 0 0 0 0 0 0 0 0 0 0 0 0 0]
[393247275536025713221082999483851308371154893883322897123606366232014980100169012 0 0 0 0 0 0 1 0 0 0 0 0 0 0 0 0 0 0 0 0 0 0 0 0 0 0]
[390166940091841619192617593418328926993024007707241926170455212769687857902259054 0 0 0 0 0 0 0 1 0 0 0 0 0 0 0 0 0 0 0 0 0 0 0 0 0 0]
[1221701582741899495288644876300877650230719288307683838452462360415942075257730591 0 0 0 0 0 0 0 0 1 0 0 0 0 0 0 0 0 0 0 0 0 0 0 0 0 0]
[389137350892607625498314923290988494290051167274575136135219900504902875868713282 0 0 0 0 0 0 0 0 0 1 0 0 0 0 0 0 0 0 0 0 0 0 0 0 0 0]
[446813174959778199092348379339989250615492580188585142301469571364137478843029954 0 0 0 0 0 0 0 0 0 0 1 0 0 0 0 0 0 0 0 0 0 0 0 0 0 0]
[1194938651386177097242747856213058726331776376965176288683824442872946440538654044 0 0 0 0 0 0 0 0 0 0 0 1 0 0 0 0 0 0 0 0 0 0 0 0 0 0]
[390653726401817888896410388541057445244960478290570623489852111720592613488615021 0 0 0 0 0 0 0 0 0 0 0 0 1 0 0 0 0 0 0 0 0 0 0 0 0 0]
[412609910429113295894305400566499506268411437615530149629259124317120668052397278 0 0 0 0 0 0 0 0 0 0 0 0 0 1 0 0 0 0 0 0 0 0 0 0 0 0]
[1312216679625689141385078517913699145803514859456712396560648826494024840339110520 0 0 0 0 0 0 0 0 0 0 0 0 0 0 1 0 0 0 0 0 0 0 0 0 0 0]
[954534413007800532620934861415091242959375481896801489460392099934306124302470501 0 0 0 0 0 0 0 0 0 0 0 0 0 0 0 1 0 0 0 0 0 0 0 0 0 0]
[1013029813774561556540316658882733690096127408559292792130920009033081837431479485 0 0 0 0 0 0 0 0 0 0 0 0 0 0 0 0 1 0 0 0 0 0 0 0 0 0]
[1109999654748608088321549934544411939016903769354366387195037737720929073257876132 0 0 0 0 0 0 0 0 0 0 0 0 0 0 0 0 0 1 0 0 0 0 0 0 0 0]
[844615422923396158960366271871449023487967322419841060465136719806249905922343562 0 0 0 0 0 0 0 0 0 0 0 0 0 0 0 0 0 0 1 0 0 0 0 0 0 0]
[996160604623254113394435997586375865408889234091000490583553702778045774455444917 0 0 0 0 0 0 0 0 0 0 0 0 0 0 0 0 0 0 0 1 0 0 0 0 0 0]
[909188876573956378793736723283376015940141249061170844526048107126988440965308376 0 0 0 0 0 0 0 0 0 0 0 0 0 0 0 0 0 0 0 0 1 0 0 0 0 0]
[311642150932158425988271216896310659464975905065595402677272431202056896523228568 0 0 0 0 0 0 0 0 0 0 0 0 0 0 0 0 0 0 0 0 0 1 0 0 0 0]
[1014615774343305192690362745836945061552823830132330825127877169542699443517968139 0 0 0 0 0 0 0 0 0 0 0 0 0 0 0 0 0 0 0 0 0 0 1 0 0 0]
[1190220258070468952385149378779055021151573159956171191230378599127925044091726446 0 0 0 0 0 0 0 0 0 0 0 0 0 0 0 0 0 0 0 0 0 0 0 1 0 0]
[1468805921658908874677236481251020413211988024277311322180620880874840471802214187 0 0 0 0 0 0 0 0 0 0 0 0 0 0 0 0 0 0 0 0 0 0 0 0 1 0]
[1406453546089081090140440953101924076923890900516062608321290013576929587029656925 0 0 0 0 0 0 0 0 0 0 0 0 0 0 0 0 0 0 0 0 0 0 0 0 0 1]
]
