[[1540187527116510918242713491874931342245347775627011925280249643016697572877073883 0 0 0 0 0 0 0 0 0 0 0 0 0 0 0 0 0 0 0 0 0 0 0 0 0 0]
[527100495190040073480033405504488611773980335336613906489557835060816155916795567 1 0 0 0 0 0 0 0 0 0 0 0 0 0 0 0 0 0 0 0 0 0 0 0 0 0]
[419439680907238369905762585341995308615404749592708092198344405110998337545350328 0 1 0 0 0 0 0 0 0 0 0 0 0 0 0 0 0 0 0 0 0 0 0 0 0 0]
[1499490894574157231419704103950628711977640742843299752508242609554428523457107059 0 0 1 0 0 0 0 0 0 0 0 0 0 0 0 0 0 0 0 0 0 0 0 0 0 0]
[945311755415568144916811777945107424713954064936224245214587873081641654633841017 0 0 0 1 0 0 0 0 0 0 0 0 0 0 0 0 0 0 0 0 0 0 0 0 0 0]
[1135180146996066377096939342373398346158680881271208067938466619843539309432588985 0 0 0 0 1 0 0 0 0 0 0 0 0 0 0 0 0 0 0 0 0 0 0 0 0 0]
[1022738066845645020175708266875216458523305083909928579148974893845285596971110513 0 0 0 0 0 1 0 0 0 0 0 0 0 0 0 0 0 0 0 0 0 0 0 0 0 0]
[1133983402748528045138875821681532626126919085885597201292549279180813003129546120 0 0 0 0 0 0 1 0 0 0 0 0 0 0 0 0 0 0 0 0 0 0 0 0 0 0]
[1212198485337685013885642222088004321056475267250553270540742629877062690034369971 0 0 0 0 0 0 0 1 0 0 0 0 0 0 0 0 0 0 0 0 0 0 0 0 0 0]
[1056167500422500306550267382788035473400140006534237467029266369074980256019197250 0 0 0 0 0 0 0 0 1 0 0 0 0 0 0 0 0 0 0 0 0 0 0 0 0 0]
[1443870644056604899078895875924081277182619549426877425008804296685621061801896992 0 0 0 0 0 0 0 0 0 1 0 0 0 0 0 0 0 0 0 0 0 0 0 0 0 0]
[186809430942248076603401997700532512656454832105228647929991079723041699807083971 0 0 0 0 0 0 0 0 0 0 1 0 0 0 0 0 0 0 0 0 0 0 0 0 0 0]
[1042628465225202119284745522056750537630635308571467254278367533176899747398480372 0 0 0 0 0 0 0 0 0 0 0 1 0 0 0 0 0 0 0 0 0 0 0 0 0 0]
[483167921445089895625785693241327333449917447196658439928701319585069707472080471 0 0 0 0 0 0 0 0 0 0 0 0 1 0 0 0 0 0 0 0 0 0 0 0 0 0]
[21404681142501126692771412969043891583389902706206190427310247174288961449832694 0 0 0 0 0 0 0 0 0 0 0 0 0 1 0 0 0 0 0 0 0 0 0 0 0 0]
[1420525463855846930605789485376252427034423081498097992128967571575627678697939328 0 0 0 0 0 0 0 0 0 0 0 0 0 0 1 0 0 0 0 0 0 0 0 0 0 0]
[1115381438227201647152441535666834798053705276806910217508801949384605765948224297 0 0 0 0 0 0 0 0 0 0 0 0 0 0 0 1 0 0 0 0 0 0 0 0 0 0]
[1411594980489378137704509498479085158103141872017580981724088105264025996240286311 0 0 0 0 0 0 0 0 0 0 0 0 0 0 0 0 1 0 0 0 0 0 0 0 0 0]
[1056759669006152043312747479979663770299141359610718466277566821317355275804086634 0 0 0 0 0 0 0 0 0 0 0 0 0 0 0 0 0 1 0 0 0 0 0 0 0 0]
[414824412332171690910833247554691153724760220210359950244204152799529372845853461 0 0 0 0 0 0 0 0 0 0 0 0 0 0 0 0 0 0 1 0 0 0 0 0 0 0]
[1233297138585961427115728425340538899365304634727012818399937985301760281128000069 0 0 0 0 0 0 0 0 0 0 0 0 0 0 0 0 0 0 0 1 0 0 0 0 0 0]
[1107422049553772714246049752144604618937300674164063670929810207003139134046590278 0 0 0 0 0 0 0 0 0 0 0 0 0 0 0 0 0 0 0 0 1 0 0 0 0 0]
[10728072054206574003502051967227873412694078367323271327618659801225375893519335 0 0 0 0 0 0 0 0 0 0 0 0 0 0 0 0 0 0 0 0 0 1 0 0 0 0]
[121301577764251717677885962068670389044614283137342973487787426125417784582248760 0 0 0 0 0 0 0 0 0 0 0 0 0 0 0 0 0 0 0 0 0 0 1 0 0 0]
[515958908143434026725310986528625222607397009253703493215324187632006352893528426 0 0 0 0 0 0 0 0 0 0 0 0 0 0 0 0 0 0 0 0 0 0 0 1 0 0]
[446141582435441055887514407046929687299172379394788449402493143574278134435154503 0 0 0 0 0 0 0 0 0 0 0 0 0 0 0 0 0 0 0 0 0 0 0 0 1 0]
[676555965305474972697641958394161265410293825595240580249912410983860314109281846 0 0 0 0 0 0 0 0 0 0 0 0 0 0 0 0 0 0 0 0 0 0 0 0 0 1]
]
