[[1922390859614115039048470531915595162718677501573598735438152364082236203004963802258922083184059501 0 0 0 0 0 0 0 0 0 0 0 0 0 0 0 0 0 0 0 0 0 0 0 0 0 0 0 0 0 0 0 0]
[1406984412964172973629597555793949702939679285019521698031907875630044098552404419973268302388289294 1 0 0 0 0 0 0 0 0 0 0 0 0 0 0 0 0 0 0 0 0 0 0 0 0 0 0 0 0 0 0 0]
[946578845980158260842272362586510284536506501380611673695204864299050122646072202703219494019854543 0 1 0 0 0 0 0 0 0 0 0 0 0 0 0 0 0 0 0 0 0 0 0 0 0 0 0 0 0 0 0 0]
[1843480163594185638863063744864022621619295900146368699182917021738681957393473526173300129888863219 0 0 1 0 0 0 0 0 0 0 0 0 0 0 0 0 0 0 0 0 0 0 0 0 0 0 0 0 0 0 0 0]
[325101009591500314830547320654882530193846071665451054114247887629130462339687764586058925275548724 0 0 0 1 0 0 0 0 0 0 0 0 0 0 0 0 0 0 0 0 0 0 0 0 0 0 0 0 0 0 0 0]
[514613788318594439128239612840200800844412627889140714612170247740322645240258693993354972707596004 0 0 0 0 1 0 0 0 0 0 0 0 0 0 0 0 0 0 0 0 0 0 0 0 0 0 0 0 0 0 0 0]
[465916792936412778740398955332251757157316438895293945503992953391389582063593466856651802525555718 0 0 0 0 0 1 0 0 0 0 0 0 0 0 0 0 0 0 0 0 0 0 0 0 0 0 0 0 0 0 0 0]
[1795648211253048591325111129206963529480241759206250205220006282360929592883299848214221263894313527 0 0 0 0 0 0 1 0 0 0 0 0 0 0 0 0 0 0 0 0 0 0 0 0 0 0 0 0 0 0 0 0]
[218982301156811854806264652616982218392050686365732723469083680405521347718857109949219052830665383 0 0 0 0 0 0 0 1 0 0 0 0 0 0 0 0 0 0 0 0 0 0 0 0 0 0 0 0 0 0 0 0]
[87367357829514265152204297829647370808248291096900810081005603982723202946500488819845604499168878 0 0 0 0 0 0 0 0 1 0 0 0 0 0 0 0 0 0 0 0 0 0 0 0 0 0 0 0 0 0 0 0]
[1014599930718410499557812508700291123460383877210031296082534312355786791429340184036388438666237090 0 0 0 0 0 0 0 0 0 1 0 0 0 0 0 0 0 0 0 0 0 0 0 0 0 0 0 0 0 0 0 0]
[1777090348413048751711313308631387498297022806457058229237447526139795120068963841667517587363376589 0 0 0 0 0 0 0 0 0 0 1 0 0 0 0 0 0 0 0 0 0 0 0 0 0 0 0 0 0 0 0 0]
[720381021106204550275855603184700833592589718856773056127618935619817150819434614713969099283389486 0 0 0 0 0 0 0 0 0 0 0 1 0 0 0 0 0 0 0 0 0 0 0 0 0 0 0 0 0 0 0 0]
[1177561740879369099977422681233243575636963353393135056587947615588369820518342917522503773436827133 0 0 0 0 0 0 0 0 0 0 0 0 1 0 0 0 0 0 0 0 0 0 0 0 0 0 0 0 0 0 0 0]
[781159517907441778783904259333411905531139073846862523005618743148763311756460582743359153488424894 0 0 0 0 0 0 0 0 0 0 0 0 0 1 0 0 0 0 0 0 0 0 0 0 0 0 0 0 0 0 0 0]
[225996946890747634500868243425458646548879277599681147742507684505317306773043034113047292464915801 0 0 0 0 0 0 0 0 0 0 0 0 0 0 1 0 0 0 0 0 0 0 0 0 0 0 0 0 0 0 0 0]
[949937641302070885780865440070538712980129978827095097879265676407166764651564314613457749594233838 0 0 0 0 0 0 0 0 0 0 0 0 0 0 0 1 0 0 0 0 0 0 0 0 0 0 0 0 0 0 0 0]
[597727345951734057638675184440431685508986800613182758250725273441736769332753364291587369849259010 0 0 0 0 0 0 0 0 0 0 0 0 0 0 0 0 1 0 0 0 0 0 0 0 0 0 0 0 0 0 0 0]
[1566025197415686892190775510066165693876059209142354390898548016660543139981638812629328373122491987 0 0 0 0 0 0 0 0 0 0 0 0 0 0 0 0 0 1 0 0 0 0 0 0 0 0 0 0 0 0 0 0]
[1590234819351088809041401217685617513261612998195094985179284966276202388696850169498828015733201549 0 0 0 0 0 0 0 0 0 0 0 0 0 0 0 0 0 0 1 0 0 0 0 0 0 0 0 0 0 0 0 0]
[680865198288740960662582646043927488709891503489866256905347838204075378818389634224560625540123165 0 0 0 0 0 0 0 0 0 0 0 0 0 0 0 0 0 0 0 1 0 0 0 0 0 0 0 0 0 0 0 0]
[1147231668179643298268658580203745938536650198407526043699980292032377251052416044778569640397495563 0 0 0 0 0 0 0 0 0 0 0 0 0 0 0 0 0 0 0 0 1 0 0 0 0 0 0 0 0 0 0 0]
[120226710410810544987822560468509279570946867701232252916961422914197158097103538061688728251396007 0 0 0 0 0 0 0 0 0 0 0 0 0 0 0 0 0 0 0 0 0 1 0 0 0 0 0 0 0 0 0 0]
[198258057161100280478921663055350410658846851982871401065869728284063978112866143259885007544561310 0 0 0 0 0 0 0 0 0 0 0 0 0 0 0 0 0 0 0 0 0 0 1 0 0 0 0 0 0 0 0 0]
[122983673522102189477192204490714246034253442124366956070842086199424721585822129448811658721171387 0 0 0 0 0 0 0 0 0 0 0 0 0 0 0 0 0 0 0 0 0 0 0 1 0 0 0 0 0 0 0 0]
[1365909629672587858621512908597239798521885469282619280600165466201939092664435979197595645341830781 0 0 0 0 0 0 0 0 0 0 0 0 0 0 0 0 0 0 0 0 0 0 0 0 1 0 0 0 0 0 0 0]
[565502950673672108246416702973114536183483214834277583694610760693491157727813597140059885833615112 0 0 0 0 0 0 0 0 0 0 0 0 0 0 0 0 0 0 0 0 0 0 0 0 0 1 0 0 0 0 0 0]
[1629550346196653091890041504814383486091842455526747749389612664431761224864675275203764979638838161 0 0 0 0 0 0 0 0 0 0 0 0 0 0 0 0 0 0 0 0 0 0 0 0 0 0 1 0 0 0 0 0]
[1566318785876968664131286211751510054752074658729104027267253407269115892547177075853558447867103735 0 0 0 0 0 0 0 0 0 0 0 0 0 0 0 0 0 0 0 0 0 0 0 0 0 0 0 1 0 0 0 0]
[1844133789323336377336707954296551504361064121563782025658182778943836493612192142816655422527681017 0 0 0 0 0 0 0 0 0 0 0 0 0 0 0 0 0 0 0 0 0 0 0 0 0 0 0 0 1 0 0 0]
[978398916553351005154120783583171628845409441854641652081706227132446219038251819902654932000942358 0 0 0 0 0 0 0 0 0 0 0 0 0 0 0 0 0 0 0 0 0 0 0 0 0 0 0 0 0 1 0 0]
[1648716024294908076674869512362236711726462952647123741501362913128571587798314471144185112125101922 0 0 0 0 0 0 0 0 0 0 0 0 0 0 0 0 0 0 0 0 0 0 0 0 0 0 0 0 0 0 1 0]
[1470700055213082508594301732801994385373308714797300574406219484410856359402069639512148613179702879 0 0 0 0 0 0 0 0 0 0 0 0 0 0 0 0 0 0 0 0 0 0 0 0 0 0 0 0 0 0 0 1]
]
