[[1111506830710878609223863385268797181929654816192589923888606759713057493515312312533634920438964797 0 0 0 0 0 0 0 0 0 0 0 0 0 0 0 0 0 0 0 0 0 0 0 0 0 0 0 0 0 0 0 0]
[311469712302908894223642311887537547744644832688109347955893056553419954109246287140361381345537011 1 0 0 0 0 0 0 0 0 0 0 0 0 0 0 0 0 0 0 0 0 0 0 0 0 0 0 0 0 0 0 0]
[765639825226740560344020604054040742612014765873493478460824456314475184110270873486437555936524447 0 1 0 0 0 0 0 0 0 0 0 0 0 0 0 0 0 0 0 0 0 0 0 0 0 0 0 0 0 0 0 0]
[112572426246980325554116344630487046943025932847034112814287200807339578830002296760015606999992033 0 0 1 0 0 0 0 0 0 0 0 0 0 0 0 0 0 0 0 0 0 0 0 0 0 0 0 0 0 0 0 0]
[1096002782079515492093554549500719666531477316051909679199142790052592073316256212607391200527889529 0 0 0 1 0 0 0 0 0 0 0 0 0 0 0 0 0 0 0 0 0 0 0 0 0 0 0 0 0 0 0 0]
[139897363491890933377936327265538532613437635639894917265823134925385778280402711235250822298614916 0 0 0 0 1 0 0 0 0 0 0 0 0 0 0 0 0 0 0 0 0 0 0 0 0 0 0 0 0 0 0 0]
[1099283954802158758941490873061866508137242672476826664786305688000906387272972493250738272131661191 0 0 0 0 0 1 0 0 0 0 0 0 0 0 0 0 0 0 0 0 0 0 0 0 0 0 0 0 0 0 0 0]
[990290634928258351934556481143477296385208497106508446336987220071341456196847072754742471161906315 0 0 0 0 0 0 1 0 0 0 0 0 0 0 0 0 0 0 0 0 0 0 0 0 0 0 0 0 0 0 0 0]
[758168910717214037906979507285209635694084067589545186832580517238096733055088122197892103666722878 0 0 0 0 0 0 0 1 0 0 0 0 0 0 0 0 0 0 0 0 0 0 0 0 0 0 0 0 0 0 0 0]
[590447097441999361702780044968910809477412575834088487413947895887719366756765093065882175726987140 0 0 0 0 0 0 0 0 1 0 0 0 0 0 0 0 0 0 0 0 0 0 0 0 0 0 0 0 0 0 0 0]
[562076904474126720275090063120111292803555705593720708363488958820138453361957327451874910728729280 0 0 0 0 0 0 0 0 0 1 0 0 0 0 0 0 0 0 0 0 0 0 0 0 0 0 0 0 0 0 0 0]
[1021176619267667649592308044297052712267484985194129192368181437816341524599723057137794262415523702 0 0 0 0 0 0 0 0 0 0 1 0 0 0 0 0 0 0 0 0 0 0 0 0 0 0 0 0 0 0 0 0]
[760612775793144893681632451046473015047253282448840600777960638436354026417435923390000442549062524 0 0 0 0 0 0 0 0 0 0 0 1 0 0 0 0 0 0 0 0 0 0 0 0 0 0 0 0 0 0 0 0]
[379961640653923559309177220117985293343674124783062269999670934547064206421559175554332434809077786 0 0 0 0 0 0 0 0 0 0 0 0 1 0 0 0 0 0 0 0 0 0 0 0 0 0 0 0 0 0 0 0]
[258334021176695303797462602223452697149157007902100743060080331361175087467695928440062961329426075 0 0 0 0 0 0 0 0 0 0 0 0 0 1 0 0 0 0 0 0 0 0 0 0 0 0 0 0 0 0 0 0]
[411665762007100131719708087830392763538661051758025758274538705706844677789945643765633590372174235 0 0 0 0 0 0 0 0 0 0 0 0 0 0 1 0 0 0 0 0 0 0 0 0 0 0 0 0 0 0 0 0]
[364073665565499357226175891321679659665333305154395183741119635349494406882593702414425510448651757 0 0 0 0 0 0 0 0 0 0 0 0 0 0 0 1 0 0 0 0 0 0 0 0 0 0 0 0 0 0 0 0]
[926590112608163515261416720814891691976542207509947206897010093003243674818222908191428451858339409 0 0 0 0 0 0 0 0 0 0 0 0 0 0 0 0 1 0 0 0 0 0 0 0 0 0 0 0 0 0 0 0]
[232504552158386707133045852474626126170463833476262804235460825033640221028481057743934175966669411 0 0 0 0 0 0 0 0 0 0 0 0 0 0 0 0 0 1 0 0 0 0 0 0 0 0 0 0 0 0 0 0]
[893338281240069561123857362404964239598177461354258794492351672814385709370123303651662861368434128 0 0 0 0 0 0 0 0 0 0 0 0 0 0 0 0 0 0 1 0 0 0 0 0 0 0 0 0 0 0 0 0]
[1038929822921801667023767009915196141091264296791812708125504402075968972873027374694616934229719037 0 0 0 0 0 0 0 0 0 0 0 0 0 0 0 0 0 0 0 1 0 0 0 0 0 0 0 0 0 0 0 0]
[204688557096261984664659738346405145351125604223751009568388484401383309924801116005525023124667433 0 0 0 0 0 0 0 0 0 0 0 0 0 0 0 0 0 0 0 0 1 0 0 0 0 0 0 0 0 0 0 0]
[53117724552472812642803454651432441193175455231842190365885296513926545893742809771554448951394245 0 0 0 0 0 0 0 0 0 0 0 0 0 0 0 0 0 0 0 0 0 1 0 0 0 0 0 0 0 0 0 0]
[1059582172480863636079058254669144452099021381694668162678061415358887017184510986910603647483157582 0 0 0 0 0 0 0 0 0 0 0 0 0 0 0 0 0 0 0 0 0 0 1 0 0 0 0 0 0 0 0 0]
[352123493321923561419640533664878189548704282260823007999156429618896800925087765258876496082468996 0 0 0 0 0 0 0 0 0 0 0 0 0 0 0 0 0 0 0 0 0 0 0 1 0 0 0 0 0 0 0 0]
[956251094667745214352705818313378256105507861145895481071532551296715297255301324539020579149990027 0 0 0 0 0 0 0 0 0 0 0 0 0 0 0 0 0 0 0 0 0 0 0 0 1 0 0 0 0 0 0 0]
[304611292043708216573040023092484256805794888932645477105980270166245699727119918748913124043545031 0 0 0 0 0 0 0 0 0 0 0 0 0 0 0 0 0 0 0 0 0 0 0 0 0 1 0 0 0 0 0 0]
[665400887594221311568574685496030590203579861105423953228478960555402397047764927329422159870164792 0 0 0 0 0 0 0 0 0 0 0 0 0 0 0 0 0 0 0 0 0 0 0 0 0 0 1 0 0 0 0 0]
[1139003787369233969595301174313324034097527809697581480838729803826768676231990747177302028241693 0 0 0 0 0 0 0 0 0 0 0 0 0 0 0 0 0 0 0 0 0 0 0 0 0 0 0 1 0 0 0 0]
[899340634411972073141365162827468841034473068039397850383317146535894086126176330019885538666291734 0 0 0 0 0 0 0 0 0 0 0 0 0 0 0 0 0 0 0 0 0 0 0 0 0 0 0 0 1 0 0 0]
[1071167252009923590567449135719597096632805369615208011287270703630912064907589836211052433002881805 0 0 0 0 0 0 0 0 0 0 0 0 0 0 0 0 0 0 0 0 0 0 0 0 0 0 0 0 0 1 0 0]
[1080994892460797729597804132399844934268654035953793146997536188488508604102299336124934536824639478 0 0 0 0 0 0 0 0 0 0 0 0 0 0 0 0 0 0 0 0 0 0 0 0 0 0 0 0 0 0 1 0]
[542646076913362828823935830974710036922508925911809471533301770412076357434135607580988026346624827 0 0 0 0 0 0 0 0 0 0 0 0 0 0 0 0 0 0 0 0 0 0 0 0 0 0 0 0 0 0 0 1]
]
