[[2894290336494676849406349731753438278474844656262710834651728879399482305875856089600133241924647114004982076980007317513741614757165141955066082320542727628953143476819807926289606719 0 0 0 0 0 0 0 0 0 0 0 0 0 0 0 0 0 0 0 0 0 0 0 0 0 0 0 0 0 0 0 0 0 0 0 0 0 0 0 0 0 0 0 0 0 0 0 0 0 0 0 0 0 0 0 0 0 0 0 0]
[2297258244723237129763503579202151512747185836044780857958650819371899047032306215875849983354926233912932582499803752767672335640866132105456904190193565712072849237940427861276837826 1 0 0 0 0 0 0 0 0 0 0 0 0 0 0 0 0 0 0 0 0 0 0 0 0 0 0 0 0 0 0 0 0 0 0 0 0 0 0 0 0 0 0 0 0 0 0 0 0 0 0 0 0 0 0 0 0 0 0 0]
[1534582707181000258121551285661385552559170401462361121223857156756885676130536615021888238066440807123506541412189828391484298867188352599634066490763224955006746258825713858897309284 0 1 0 0 0 0 0 0 0 0 0 0 0 0 0 0 0 0 0 0 0 0 0 0 0 0 0 0 0 0 0 0 0 0 0 0 0 0 0 0 0 0 0 0 0 0 0 0 0 0 0 0 0 0 0 0 0 0 0 0]
[1960496480455514326122862517147940016899595415093016009903985928461192024199345965184361715054861592405826876611020647651391090786580462274420570457866041937092840857472742959402648609 0 0 1 0 0 0 0 0 0 0 0 0 0 0 0 0 0 0 0 0 0 0 0 0 0 0 0 0 0 0 0 0 0 0 0 0 0 0 0 0 0 0 0 0 0 0 0 0 0 0 0 0 0 0 0 0 0 0 0 0]
[2011369931714594154459309544019054553691960053384933753084783889370545144001628448927729188094350854627378672235192547553929757627350234868778155537573641869428283178953676352103608136 0 0 0 1 0 0 0 0 0 0 0 0 0 0 0 0 0 0 0 0 0 0 0 0 0 0 0 0 0 0 0 0 0 0 0 0 0 0 0 0 0 0 0 0 0 0 0 0 0 0 0 0 0 0 0 0 0 0 0 0]
[1589868604707789337081596757345057977029347626665778263623696029481025587433519989121793093876900256772861839603569893184319682533023262633351072038059215155485146162364710468722698841 0 0 0 0 1 0 0 0 0 0 0 0 0 0 0 0 0 0 0 0 0 0 0 0 0 0 0 0 0 0 0 0 0 0 0 0 0 0 0 0 0 0 0 0 0 0 0 0 0 0 0 0 0 0 0 0 0 0 0 0]
[317657662009872995823426169658288536008791260315017504595550924384128990856390932326741933835156306243250861625156204669283368867675766834064254499780220232971905413881945553033470617 0 0 0 0 0 1 0 0 0 0 0 0 0 0 0 0 0 0 0 0 0 0 0 0 0 0 0 0 0 0 0 0 0 0 0 0 0 0 0 0 0 0 0 0 0 0 0 0 0 0 0 0 0 0 0 0 0 0 0 0]
[1455710941945174503166829878700768912404868363282760663709407298255604757750298947017130543462618670926329011916037830529982675339602196377746938424001133137987738140489910033868361763 0 0 0 0 0 0 1 0 0 0 0 0 0 0 0 0 0 0 0 0 0 0 0 0 0 0 0 0 0 0 0 0 0 0 0 0 0 0 0 0 0 0 0 0 0 0 0 0 0 0 0 0 0 0 0 0 0 0 0 0]
[1112020714827709842308097338745490637395023536941959485142028835020570278867538739234298168082969384221356021459781438928605122134214009014132463857747181908052498435257756794466775688 0 0 0 0 0 0 0 1 0 0 0 0 0 0 0 0 0 0 0 0 0 0 0 0 0 0 0 0 0 0 0 0 0 0 0 0 0 0 0 0 0 0 0 0 0 0 0 0 0 0 0 0 0 0 0 0 0 0 0 0]
[725775356708160396642069488701352257949950222216205124069784576634266066227749074976752952230856079372421464938801325145357628633227973776548772907445139561427931333826553081013796162 0 0 0 0 0 0 0 0 1 0 0 0 0 0 0 0 0 0 0 0 0 0 0 0 0 0 0 0 0 0 0 0 0 0 0 0 0 0 0 0 0 0 0 0 0 0 0 0 0 0 0 0 0 0 0 0 0 0 0 0]
[2484691888197015157696266585337697511147372562608085896808246308725735890920886849897084098972170216971825510203142909264102196997885298052671042817776449728788992802871513196544187358 0 0 0 0 0 0 0 0 0 1 0 0 0 0 0 0 0 0 0 0 0 0 0 0 0 0 0 0 0 0 0 0 0 0 0 0 0 0 0 0 0 0 0 0 0 0 0 0 0 0 0 0 0 0 0 0 0 0 0 0]
[1051825936325957243033157689828030978345550592498072403207324781818966261859168736744913043639242523401003219206976381841442850190411851695455085907530659148470960698464731023644123660 0 0 0 0 0 0 0 0 0 0 1 0 0 0 0 0 0 0 0 0 0 0 0 0 0 0 0 0 0 0 0 0 0 0 0 0 0 0 0 0 0 0 0 0 0 0 0 0 0 0 0 0 0 0 0 0 0 0 0 0]
[1764376344926402717841590359641265143371920012772917990771922379396537490227314718525885740748688998230258682998261767889640838819774731212055523958554271068121975641999641620505448210 0 0 0 0 0 0 0 0 0 0 0 1 0 0 0 0 0 0 0 0 0 0 0 0 0 0 0 0 0 0 0 0 0 0 0 0 0 0 0 0 0 0 0 0 0 0 0 0 0 0 0 0 0 0 0 0 0 0 0 0]
[2335835784210359785895923741498963161620007902444855587457649439877524141669256052103017754836167507249132445138233388159327628510547468194703644800804446254203868929590837196426080490 0 0 0 0 0 0 0 0 0 0 0 0 1 0 0 0 0 0 0 0 0 0 0 0 0 0 0 0 0 0 0 0 0 0 0 0 0 0 0 0 0 0 0 0 0 0 0 0 0 0 0 0 0 0 0 0 0 0 0 0]
[2590631695597124817466640201936445911015278104937639521887845346342274521497329635868954472378715360122253232480686010568926594324650104631570261293940473098051436435188760118050275713 0 0 0 0 0 0 0 0 0 0 0 0 0 1 0 0 0 0 0 0 0 0 0 0 0 0 0 0 0 0 0 0 0 0 0 0 0 0 0 0 0 0 0 0 0 0 0 0 0 0 0 0 0 0 0 0 0 0 0 0]
[2135784009191136131538777473739518477245959057982993652845419380279732123064576873223398523554246481001033088531240988270771024941996973886285377272401819612575117389298892708524469879 0 0 0 0 0 0 0 0 0 0 0 0 0 0 1 0 0 0 0 0 0 0 0 0 0 0 0 0 0 0 0 0 0 0 0 0 0 0 0 0 0 0 0 0 0 0 0 0 0 0 0 0 0 0 0 0 0 0 0 0]
[953614397521711762043630578328899118455614133348495613311082943201695794586143010140526869874220605257164490993282728685616965891032590749278416501217470092287068796901695005415717677 0 0 0 0 0 0 0 0 0 0 0 0 0 0 0 1 0 0 0 0 0 0 0 0 0 0 0 0 0 0 0 0 0 0 0 0 0 0 0 0 0 0 0 0 0 0 0 0 0 0 0 0 0 0 0 0 0 0 0 0]
[810187962776962939230912462043553212978976168041131112224581853908725161650488725223548895011035280461752698102761268146430530538651639596536558695020545186555373893006987497167983418 0 0 0 0 0 0 0 0 0 0 0 0 0 0 0 0 1 0 0 0 0 0 0 0 0 0 0 0 0 0 0 0 0 0 0 0 0 0 0 0 0 0 0 0 0 0 0 0 0 0 0 0 0 0 0 0 0 0 0 0]
[1280327546899871378784066987855152230229006937144645675435305320879809661022443533731179565952782446913644995432668366231376599423568530250938186435411066712788953574669253033727384619 0 0 0 0 0 0 0 0 0 0 0 0 0 0 0 0 0 1 0 0 0 0 0 0 0 0 0 0 0 0 0 0 0 0 0 0 0 0 0 0 0 0 0 0 0 0 0 0 0 0 0 0 0 0 0 0 0 0 0 0]
[1198229402621145633683942326117070918733135619965564443036175197699678690700399866878372156753790685191945406699479162547854511312828690176231446644977595164972588365134187209337911916 0 0 0 0 0 0 0 0 0 0 0 0 0 0 0 0 0 0 1 0 0 0 0 0 0 0 0 0 0 0 0 0 0 0 0 0 0 0 0 0 0 0 0 0 0 0 0 0 0 0 0 0 0 0 0 0 0 0 0 0]
[258928693896875492396736713351389820669341817837648042949113798330742321036119459765276094443936156928587109279398671418086590414525431405748533283940121993369854926495143425583751057 0 0 0 0 0 0 0 0 0 0 0 0 0 0 0 0 0 0 0 1 0 0 0 0 0 0 0 0 0 0 0 0 0 0 0 0 0 0 0 0 0 0 0 0 0 0 0 0 0 0 0 0 0 0 0 0 0 0 0 0]
[2481027176029618890170427042226697327318841864990374959195612199014106794152488678948748389079761957050818140018179845146929385558277506954680497609690639477950116250928346363653783022 0 0 0 0 0 0 0 0 0 0 0 0 0 0 0 0 0 0 0 0 1 0 0 0 0 0 0 0 0 0 0 0 0 0 0 0 0 0 0 0 0 0 0 0 0 0 0 0 0 0 0 0 0 0 0 0 0 0 0 0]
[1333931283908335234852337763406978992016515908892202943318881656720201142644397903206141861906734417306741176675754587335421851582313683260346267522046699984744830317864273952189344294 0 0 0 0 0 0 0 0 0 0 0 0 0 0 0 0 0 0 0 0 0 1 0 0 0 0 0 0 0 0 0 0 0 0 0 0 0 0 0 0 0 0 0 0 0 0 0 0 0 0 0 0 0 0 0 0 0 0 0 0]
[1746897001591858864628513254833640857972640729832671731483968025561099987595555003418006392871649963858501888146561816036014680644431149938985660999017828512539913871262747913243818888 0 0 0 0 0 0 0 0 0 0 0 0 0 0 0 0 0 0 0 0 0 0 1 0 0 0 0 0 0 0 0 0 0 0 0 0 0 0 0 0 0 0 0 0 0 0 0 0 0 0 0 0 0 0 0 0 0 0 0 0]
[683324329872750277901536140045004439462083992835007428032023932413473748521744236332712246244985157256739504800224866457130670191278128931460526610075923579261248115339514900237016466 0 0 0 0 0 0 0 0 0 0 0 0 0 0 0 0 0 0 0 0 0 0 0 1 0 0 0 0 0 0 0 0 0 0 0 0 0 0 0 0 0 0 0 0 0 0 0 0 0 0 0 0 0 0 0 0 0 0 0 0]
[2714381210509896967098008617186286773306760734204736334906648590152704072611090354862527898810993442104248821337299233433628438450100564138412428931873391820818753291424285543522702288 0 0 0 0 0 0 0 0 0 0 0 0 0 0 0 0 0 0 0 0 0 0 0 0 1 0 0 0 0 0 0 0 0 0 0 0 0 0 0 0 0 0 0 0 0 0 0 0 0 0 0 0 0 0 0 0 0 0 0 0]
[1294919494878929655366075015175088659484004113293470584698301950158414071246922186192000028767413729555066661362406828001919682536354096173132991892286334970398349016136945866145828720 0 0 0 0 0 0 0 0 0 0 0 0 0 0 0 0 0 0 0 0 0 0 0 0 0 1 0 0 0 0 0 0 0 0 0 0 0 0 0 0 0 0 0 0 0 0 0 0 0 0 0 0 0 0 0 0 0 0 0 0]
[1686895624078287057583558003449367448294585264714094052786280865882678820237855427193199998521210521913200746940072930483808045762576081789501922061627287714585792893374410985787077924 0 0 0 0 0 0 0 0 0 0 0 0 0 0 0 0 0 0 0 0 0 0 0 0 0 0 1 0 0 0 0 0 0 0 0 0 0 0 0 0 0 0 0 0 0 0 0 0 0 0 0 0 0 0 0 0 0 0 0 0]
[1644105602649645258311077131314041943013695684329235631443390456178847678281383631836605132064176745041294674907448713447273651133644909640403103658920708762936712177918107462696530883 0 0 0 0 0 0 0 0 0 0 0 0 0 0 0 0 0 0 0 0 0 0 0 0 0 0 0 1 0 0 0 0 0 0 0 0 0 0 0 0 0 0 0 0 0 0 0 0 0 0 0 0 0 0 0 0 0 0 0 0]
[882331273144240267635318025907815855374597830656892998958403201622697870739348029764064184860047933580126844797637291680575977676737945055001756493837097617476591379940881848294775681 0 0 0 0 0 0 0 0 0 0 0 0 0 0 0 0 0 0 0 0 0 0 0 0 0 0 0 0 1 0 0 0 0 0 0 0 0 0 0 0 0 0 0 0 0 0 0 0 0 0 0 0 0 0 0 0 0 0 0 0]
[1417669974031558045992631100315542554834998019631041059804150928758321542287286514564169550474584978813086007374320568877766376181617254174941706249152115279053476230182687480555574116 0 0 0 0 0 0 0 0 0 0 0 0 0 0 0 0 0 0 0 0 0 0 0 0 0 0 0 0 0 1 0 0 0 0 0 0 0 0 0 0 0 0 0 0 0 0 0 0 0 0 0 0 0 0 0 0 0 0 0 0]
[1452618956393944326987038779863067092884874495342397325774701836693975974254925097570969872953482984619664458994115662714235461895135820042017925009560231667057919066127905627795789127 0 0 0 0 0 0 0 0 0 0 0 0 0 0 0 0 0 0 0 0 0 0 0 0 0 0 0 0 0 0 1 0 0 0 0 0 0 0 0 0 0 0 0 0 0 0 0 0 0 0 0 0 0 0 0 0 0 0 0 0]
[2439596664556754344709084439259244956067061878419391113429572065330101045616599209978648586994430997546876535502950170690949295065528393977758142033927908074518479644002311147457543924 0 0 0 0 0 0 0 0 0 0 0 0 0 0 0 0 0 0 0 0 0 0 0 0 0 0 0 0 0 0 0 1 0 0 0 0 0 0 0 0 0 0 0 0 0 0 0 0 0 0 0 0 0 0 0 0 0 0 0 0]
[348660539905377341242963266974998001088529776238660945716058974848077453403419630098766716029422662560469503985669925098508058142432521252436242425157863477102192874655005349135036427 0 0 0 0 0 0 0 0 0 0 0 0 0 0 0 0 0 0 0 0 0 0 0 0 0 0 0 0 0 0 0 0 1 0 0 0 0 0 0 0 0 0 0 0 0 0 0 0 0 0 0 0 0 0 0 0 0 0 0 0]
[1961334535597967141805918772415872574059743344629145352531564842269850951108381727386522746447558824702947304847697237023529391056017952318137804264244338870537392801695639960071196064 0 0 0 0 0 0 0 0 0 0 0 0 0 0 0 0 0 0 0 0 0 0 0 0 0 0 0 0 0 0 0 0 0 1 0 0 0 0 0 0 0 0 0 0 0 0 0 0 0 0 0 0 0 0 0 0 0 0 0 0]
[1343005599281484024126407429909360629368319278879394270136414582763317893742768921167336919269216908141281799549199560368122233060464970060088377691222589802688520244526079347420790714 0 0 0 0 0 0 0 0 0 0 0 0 0 0 0 0 0 0 0 0 0 0 0 0 0 0 0 0 0 0 0 0 0 0 1 0 0 0 0 0 0 0 0 0 0 0 0 0 0 0 0 0 0 0 0 0 0 0 0 0]
[142254316502341398167303937037582617696388262348157222758266255247794816840857367339908524564769781666867407001780302616148396645331240371158872886422159979438275160718466967298476205 0 0 0 0 0 0 0 0 0 0 0 0 0 0 0 0 0 0 0 0 0 0 0 0 0 0 0 0 0 0 0 0 0 0 0 1 0 0 0 0 0 0 0 0 0 0 0 0 0 0 0 0 0 0 0 0 0 0 0 0]
[2637670564700650783558619544909122633461988837378423070667909705545009052873726630579954201269480154274496467212252889997484768236229585313904191115720004064261359242459901264046198029 0 0 0 0 0 0 0 0 0 0 0 0 0 0 0 0 0 0 0 0 0 0 0 0 0 0 0 0 0 0 0 0 0 0 0 0 1 0 0 0 0 0 0 0 0 0 0 0 0 0 0 0 0 0 0 0 0 0 0 0]
[1388674921831546990079490842724903976657825985238884770717761468694681568903905884695267925290108092761251049575960921883258824881861185355217241118499015061090490606958721158548223561 0 0 0 0 0 0 0 0 0 0 0 0 0 0 0 0 0 0 0 0 0 0 0 0 0 0 0 0 0 0 0 0 0 0 0 0 0 1 0 0 0 0 0 0 0 0 0 0 0 0 0 0 0 0 0 0 0 0 0 0]
[1592155814929987727130309175683719423966120148626879887746442783182068107259422527120108652451022645554497021042385206425100139081773937578474187227091481009377708424164707658352914263 0 0 0 0 0 0 0 0 0 0 0 0 0 0 0 0 0 0 0 0 0 0 0 0 0 0 0 0 0 0 0 0 0 0 0 0 0 0 1 0 0 0 0 0 0 0 0 0 0 0 0 0 0 0 0 0 0 0 0 0]
[2414886807514561989372365601435367370278364925161690809869589138124489034876582484475568797132192286916108255588488798304132497972743028665745923475472518985692849479322588080260244468 0 0 0 0 0 0 0 0 0 0 0 0 0 0 0 0 0 0 0 0 0 0 0 0 0 0 0 0 0 0 0 0 0 0 0 0 0 0 0 1 0 0 0 0 0 0 0 0 0 0 0 0 0 0 0 0 0 0 0 0]
[2090531598796455701611094472192590207389101625563278679059030994477746173589490637306232242446496745569041211625933192970786554933511948766516667925228584381093150493134592304287977193 0 0 0 0 0 0 0 0 0 0 0 0 0 0 0 0 0 0 0 0 0 0 0 0 0 0 0 0 0 0 0 0 0 0 0 0 0 0 0 0 1 0 0 0 0 0 0 0 0 0 0 0 0 0 0 0 0 0 0 0]
[1228881594219762665423968921203483027078614817817860222255262726000943067550956831389209914831103791392265219406471338806400020332549789428104512927593917999909243309759386853021210013 0 0 0 0 0 0 0 0 0 0 0 0 0 0 0 0 0 0 0 0 0 0 0 0 0 0 0 0 0 0 0 0 0 0 0 0 0 0 0 0 0 1 0 0 0 0 0 0 0 0 0 0 0 0 0 0 0 0 0 0]
[662264733627311957117128665587264859667064615442364458716115043792514934105484929785134679967057023153336573739757978954363379330778069033037290713174563522566758380116472326657709385 0 0 0 0 0 0 0 0 0 0 0 0 0 0 0 0 0 0 0 0 0 0 0 0 0 0 0 0 0 0 0 0 0 0 0 0 0 0 0 0 0 0 1 0 0 0 0 0 0 0 0 0 0 0 0 0 0 0 0 0]
[30595508724657291474409807373940809761292590852760841017550359644345695304675496503945243189694258087724572810663140004549221446181842968078135709847357942217266844196314244102901511 0 0 0 0 0 0 0 0 0 0 0 0 0 0 0 0 0 0 0 0 0 0 0 0 0 0 0 0 0 0 0 0 0 0 0 0 0 0 0 0 0 0 0 1 0 0 0 0 0 0 0 0 0 0 0 0 0 0 0 0]
[398164003528199975597473086738543108180003291657497600655947706788567639166231494094784349727781761895742853140327845784736718831315825194962816909749702098710564985078374351531544708 0 0 0 0 0 0 0 0 0 0 0 0 0 0 0 0 0 0 0 0 0 0 0 0 0 0 0 0 0 0 0 0 0 0 0 0 0 0 0 0 0 0 0 0 1 0 0 0 0 0 0 0 0 0 0 0 0 0 0 0]
[1698241789580086733917849049713946003204259247900808727096420888336612391813796330338232026061060176599601981738023190911392337565400215570505384617059383469107016114805188456266999949 0 0 0 0 0 0 0 0 0 0 0 0 0 0 0 0 0 0 0 0 0 0 0 0 0 0 0 0 0 0 0 0 0 0 0 0 0 0 0 0 0 0 0 0 0 1 0 0 0 0 0 0 0 0 0 0 0 0 0 0]
[1375621965451034597948035339468499586011306960406535769468429710792807938977825094981869393884555303048250839233739001573869119696467873796811617270327352967447453531841713186217277458 0 0 0 0 0 0 0 0 0 0 0 0 0 0 0 0 0 0 0 0 0 0 0 0 0 0 0 0 0 0 0 0 0 0 0 0 0 0 0 0 0 0 0 0 0 0 1 0 0 0 0 0 0 0 0 0 0 0 0 0]
[154673512760797279517964497731200455069421826051249842802994151913701331395557744282149544150431221267097912416641562411239428872145267993049576242001599421988321257737876849818388688 0 0 0 0 0 0 0 0 0 0 0 0 0 0 0 0 0 0 0 0 0 0 0 0 0 0 0 0 0 0 0 0 0 0 0 0 0 0 0 0 0 0 0 0 0 0 0 1 0 0 0 0 0 0 0 0 0 0 0 0]
[1945381240571429693039729463622626518754285481764138413754015420292282528198991842630129858917932986564586537953517463304863914369022530926350580227525242531519006739446537728533172670 0 0 0 0 0 0 0 0 0 0 0 0 0 0 0 0 0 0 0 0 0 0 0 0 0 0 0 0 0 0 0 0 0 0 0 0 0 0 0 0 0 0 0 0 0 0 0 0 1 0 0 0 0 0 0 0 0 0 0 0]
[2305944543028187549735016634773856857899995613918492053186964975646476411162723799025709809733883834132976803706647548004072708210658862841867212402444499319594826981775343017299204868 0 0 0 0 0 0 0 0 0 0 0 0 0 0 0 0 0 0 0 0 0 0 0 0 0 0 0 0 0 0 0 0 0 0 0 0 0 0 0 0 0 0 0 0 0 0 0 0 0 1 0 0 0 0 0 0 0 0 0 0]
[126957186987094881576412088993669254122065589612174778114233688650215344418390369122480582959316111105221163793165271804329146263336958154826044487916140581197929232770653895755620665 0 0 0 0 0 0 0 0 0 0 0 0 0 0 0 0 0 0 0 0 0 0 0 0 0 0 0 0 0 0 0 0 0 0 0 0 0 0 0 0 0 0 0 0 0 0 0 0 0 0 1 0 0 0 0 0 0 0 0 0]
[1892896052381112854788235094051866393319627283196799758564758630381343389045582126364335711704815769782628126932225665739559331627599536846698367348448489452061207571402946074040536318 0 0 0 0 0 0 0 0 0 0 0 0 0 0 0 0 0 0 0 0 0 0 0 0 0 0 0 0 0 0 0 0 0 0 0 0 0 0 0 0 0 0 0 0 0 0 0 0 0 0 0 1 0 0 0 0 0 0 0 0]
[2605987632131810887980517477966886130766661496864583942959010760088932829185522226332288330271508901425939514931242388328379220664077103891207265310466558689502593647229219209190570022 0 0 0 0 0 0 0 0 0 0 0 0 0 0 0 0 0 0 0 0 0 0 0 0 0 0 0 0 0 0 0 0 0 0 0 0 0 0 0 0 0 0 0 0 0 0 0 0 0 0 0 0 1 0 0 0 0 0 0 0]
[648767926970098122928727397685857235597434778648532970944998967199754212824897149601321305879474711133969709996523255829870511022405276139391807208414075776123710429812052453875061973 0 0 0 0 0 0 0 0 0 0 0 0 0 0 0 0 0 0 0 0 0 0 0 0 0 0 0 0 0 0 0 0 0 0 0 0 0 0 0 0 0 0 0 0 0 0 0 0 0 0 0 0 0 1 0 0 0 0 0 0]
[947980759985829459814455473602128143575561321566424105527269638149331029174640544518668587610409478757806158375397292958038739017813871299380939449062347209399506088385969222065965266 0 0 0 0 0 0 0 0 0 0 0 0 0 0 0 0 0 0 0 0 0 0 0 0 0 0 0 0 0 0 0 0 0 0 0 0 0 0 0 0 0 0 0 0 0 0 0 0 0 0 0 0 0 0 1 0 0 0 0 0]
[1958014768986002897616030002318627090063988909347127741850517564068214205519365766180148932529278421986063575574008302782058422318209597607741823164201707213652542317061476871168938428 0 0 0 0 0 0 0 0 0 0 0 0 0 0 0 0 0 0 0 0 0 0 0 0 0 0 0 0 0 0 0 0 0 0 0 0 0 0 0 0 0 0 0 0 0 0 0 0 0 0 0 0 0 0 0 1 0 0 0 0]
[2171763078513963928846498852523008391710558120616213743051392178250923303963078657060326278719369884331066550134986721721922932217314476525786916603156280026956363280490705372283968951 0 0 0 0 0 0 0 0 0 0 0 0 0 0 0 0 0 0 0 0 0 0 0 0 0 0 0 0 0 0 0 0 0 0 0 0 0 0 0 0 0 0 0 0 0 0 0 0 0 0 0 0 0 0 0 0 1 0 0 0]
[900375421390947593490961304182870961921999258757323924540353455890667717951232755021468624908815419072769776691057237592037408641279580623031442205851270172696497112886731081845941699 0 0 0 0 0 0 0 0 0 0 0 0 0 0 0 0 0 0 0 0 0 0 0 0 0 0 0 0 0 0 0 0 0 0 0 0 0 0 0 0 0 0 0 0 0 0 0 0 0 0 0 0 0 0 0 0 0 1 0 0]
[191708488150349015450119010235782955571974660672354234261409982702588114130106383248927087287312415893370339818798206761640029163432274004421834503058048794757619239966042829671217237 0 0 0 0 0 0 0 0 0 0 0 0 0 0 0 0 0 0 0 0 0 0 0 0 0 0 0 0 0 0 0 0 0 0 0 0 0 0 0 0 0 0 0 0 0 0 0 0 0 0 0 0 0 0 0 0 0 0 1 0]
[1875194133942462815270122974899470138821853952985528996343535298227816251560677682194818988279741493956795130492149883505254162418919913804995034510613101705011626539051237995732706009 0 0 0 0 0 0 0 0 0 0 0 0 0 0 0 0 0 0 0 0 0 0 0 0 0 0 0 0 0 0 0 0 0 0 0 0 0 0 0 0 0 0 0 0 0 0 0 0 0 0 0 0 0 0 0 0 0 0 0 1]
]
