[[1119152389946133496464878242081364869 0 0 0 0 0 0 0 0 0 0 0]
[258278449463327600854492735774446431 1 0 0 0 0 0 0 0 0 0 0]
[1026117943545253779904673491407603609 0 1 0 0 0 0 0 0 0 0 0]
[693615902033045217320951182536865853 0 0 1 0 0 0 0 0 0 0 0]
[129929154973841181753271940643856845 0 0 0 1 0 0 0 0 0 0 0]
[418686809131813084269582946958481111 0 0 0 0 1 0 0 0 0 0 0]
[615024546876527805505730457181691403 0 0 0 0 0 1 0 0 0 0 0]
[381330190522904146982634679576781232 0 0 0 0 0 0 1 0 0 0 0]
[180496935461300411754279252048960719 0 0 0 0 0 0 0 1 0 0 0]
[416922461190699901974450794770663190 0 0 0 0 0 0 0 0 1 0 0]
[902456148372507671314699405600461261 0 0 0 0 0 0 0 0 0 1 0]
[28979191652067061960758110870733547 0 0 0 0 0 0 0 0 0 0 1]
]
