[[1162184672672690493514438608873208397 0 0 0 0 0 0 0 0 0 0 0]
[503974278513702177611614015460056163 1 0 0 0 0 0 0 0 0 0 0]
[871831560765969090495833881732414098 0 1 0 0 0 0 0 0 0 0 0]
[477741933218786697589027184079761087 0 0 1 0 0 0 0 0 0 0 0]
[605366584297323505538438124687310726 0 0 0 1 0 0 0 0 0 0 0]
[404605983196488673815911931411994021 0 0 0 0 1 0 0 0 0 0 0]
[1025849972268982012404860367925436082 0 0 0 0 0 1 0 0 0 0 0]
[979938988512249472280200047031006735 0 0 0 0 0 0 1 0 0 0 0]
[487980674382435000377507300399990906 0 0 0 0 0 0 0 1 0 0 0]
[1091658314544191034263585789692800320 0 0 0 0 0 0 0 0 1 0 0]
[238792571920695340550698632211457658 0 0 0 0 0 0 0 0 0 1 0]
[1010943726964782394427234693773635059 0 0 0 0 0 0 0 0 0 0 1]
]
