[[1256585769332085698797862174249711831 0 0 0 0 0 0 0 0 0 0 0]
[1066083202421798663692475419858346503 1 0 0 0 0 0 0 0 0 0 0]
[407641867772394986258481942069041502 0 1 0 0 0 0 0 0 0 0 0]
[530323217247978791990358470411741701 0 0 1 0 0 0 0 0 0 0 0]
[137093538782266789907792899085749824 0 0 0 1 0 0 0 0 0 0 0]
[591825539727092306786582585041914866 0 0 0 0 1 0 0 0 0 0 0]
[1054126275951012413941244151982184747 0 0 0 0 0 1 0 0 0 0 0]
[347883768153479404071510808714749739 0 0 0 0 0 0 1 0 0 0 0]
[227850128895799068225832972781438554 0 0 0 0 0 0 0 1 0 0 0]
[1196624051249450574198615435819445093 0 0 0 0 0 0 0 0 1 0 0]
[1217792781498556942492419465643498848 0 0 0 0 0 0 0 0 0 1 0]
[718441844820161127038605099521109911 0 0 0 0 0 0 0 0 0 0 1]
]
