[[1141878565434730790246355139261 0 0 0 0 0 0 0 0 0]
[36628136498207033177520723229 1 0 0 0 0 0 0 0 0]
[456292594962327966805455231718 0 1 0 0 0 0 0 0 0]
[615071256332489210588892914999 0 0 1 0 0 0 0 0 0]
[378012319706488706187853726130 0 0 0 1 0 0 0 0 0]
[1063684088984152017176652333770 0 0 0 0 1 0 0 0 0]
[8669996831122310394369837300 0 0 0 0 0 1 0 0 0]
[899367184885580545532344374917 0 0 0 0 0 0 1 0 0]
[408083233281527806039959450928 0 0 0 0 0 0 0 1 0]
[483405300271542323702477788451 0 0 0 0 0 0 0 0 1]
]
