[[1239946230026845658363560906077529137818155704671028799297 0 0 0 0 0 0 0 0 0 0 0 0 0 0 0 0 0 0]
[475476648759202143646334820856554961477591854216349204845 1 0 0 0 0 0 0 0 0 0 0 0 0 0 0 0 0 0]
[1123152823519866169803955497231657752595748907942672651987 0 1 0 0 0 0 0 0 0 0 0 0 0 0 0 0 0 0]
[178530951548026334637251978086513599657468136130247592212 0 0 1 0 0 0 0 0 0 0 0 0 0 0 0 0 0 0]
[836307964563687734164164821384521572737558240275717214389 0 0 0 1 0 0 0 0 0 0 0 0 0 0 0 0 0 0]
[963616123194299623207932627906093479116711084775749414610 0 0 0 0 1 0 0 0 0 0 0 0 0 0 0 0 0 0]
[818457635418669297021581392929302484734417539505095557984 0 0 0 0 0 1 0 0 0 0 0 0 0 0 0 0 0 0]
[21257997954077916839995575871234111965631181700553962578 0 0 0 0 0 0 1 0 0 0 0 0 0 0 0 0 0 0]
[666943935892316381455000995374725802341878487283099022023 0 0 0 0 0 0 0 1 0 0 0 0 0 0 0 0 0 0]
[1119462758222640796331046559834614726266678928485937191902 0 0 0 0 0 0 0 0 1 0 0 0 0 0 0 0 0 0]
[321118208666869247310692837290349103274996159112321466386 0 0 0 0 0 0 0 0 0 1 0 0 0 0 0 0 0 0]
[376051028141919871317528212084656206220526306172883674068 0 0 0 0 0 0 0 0 0 0 1 0 0 0 0 0 0 0]
[843988364990857170445787606507453219561841442935398011597 0 0 0 0 0 0 0 0 0 0 0 1 0 0 0 0 0 0]
[666595244928634921436275371704035229410075569881703549800 0 0 0 0 0 0 0 0 0 0 0 0 1 0 0 0 0 0]
[800279460471682190655988367870219838129904756996686061232 0 0 0 0 0 0 0 0 0 0 0 0 0 1 0 0 0 0]
[243697686793408775563315545712323617188559844725643018805 0 0 0 0 0 0 0 0 0 0 0 0 0 0 1 0 0 0]
[835392398941430874521919464762413511075302840604088948992 0 0 0 0 0 0 0 0 0 0 0 0 0 0 0 1 0 0]
[1018380826847075474699780140409219443906526231824924775918 0 0 0 0 0 0 0 0 0 0 0 0 0 0 0 0 1 0]
[850319035409253364113412196668557947761798936825592603606 0 0 0 0 0 0 0 0 0 0 0 0 0 0 0 0 0 1]
]
