[[889801703969618356161101920705890963504326627787017761841 0 0 0 0 0 0 0 0 0 0 0 0 0 0 0 0 0 0]
[778934206106761183573886721983671942888323969970024745587 1 0 0 0 0 0 0 0 0 0 0 0 0 0 0 0 0 0]
[765500992291190803176205589436817558791260122834079534760 0 1 0 0 0 0 0 0 0 0 0 0 0 0 0 0 0 0]
[731451702682020343337690022129234302887588278910777895068 0 0 1 0 0 0 0 0 0 0 0 0 0 0 0 0 0 0]
[165622329206685706265142024239644497830580014701260527656 0 0 0 1 0 0 0 0 0 0 0 0 0 0 0 0 0 0]
[604479247073628971627994611974266089689242521478203571343 0 0 0 0 1 0 0 0 0 0 0 0 0 0 0 0 0 0]
[869779110645647876274401146688682702437796917672194974438 0 0 0 0 0 1 0 0 0 0 0 0 0 0 0 0 0 0]
[513469658397075000838559581667342072426110856027748860022 0 0 0 0 0 0 1 0 0 0 0 0 0 0 0 0 0 0]
[9459443183358516484472977909226582874990994063791732219 0 0 0 0 0 0 0 1 0 0 0 0 0 0 0 0 0 0]
[520853352970375262119430560543724520740036728876846808880 0 0 0 0 0 0 0 0 1 0 0 0 0 0 0 0 0 0]
[672440901579989673946431248434363554907180477348616906261 0 0 0 0 0 0 0 0 0 1 0 0 0 0 0 0 0 0]
[553120283070873958317455105006183428090674488133403005059 0 0 0 0 0 0 0 0 0 0 1 0 0 0 0 0 0 0]
[124733140785006168835578468892929301884080534476425710401 0 0 0 0 0 0 0 0 0 0 0 1 0 0 0 0 0 0]
[42767520182387854965210249425931479365198991071946623469 0 0 0 0 0 0 0 0 0 0 0 0 1 0 0 0 0 0]
[599456430508079014961489429832313718248069064266245387218 0 0 0 0 0 0 0 0 0 0 0 0 0 1 0 0 0 0]
[94357085305519364970010073360534683629097902794337508303 0 0 0 0 0 0 0 0 0 0 0 0 0 0 1 0 0 0]
[585562707862680160318512837519061831769744385825826260554 0 0 0 0 0 0 0 0 0 0 0 0 0 0 0 1 0 0]
[162759659550172787011261096502660806454379758911224897310 0 0 0 0 0 0 0 0 0 0 0 0 0 0 0 0 1 0]
[861847849950937019276487071422856960875100176441691803742 0 0 0 0 0 0 0 0 0 0 0 0 0 0 0 0 0 1]
]
