[[898346532577463246101088550838330795974900983825222093053 0 0 0 0 0 0 0 0 0 0 0 0 0 0 0 0 0 0]
[864649772184836629872284057589918838999696647251380239664 1 0 0 0 0 0 0 0 0 0 0 0 0 0 0 0 0 0]
[41149168770090833761548140990074623663620582397893294487 0 1 0 0 0 0 0 0 0 0 0 0 0 0 0 0 0 0]
[700170268162641459252542949666935964040672439481361573121 0 0 1 0 0 0 0 0 0 0 0 0 0 0 0 0 0 0]
[379068666428729125021710503064402521368152515916370338460 0 0 0 1 0 0 0 0 0 0 0 0 0 0 0 0 0 0]
[128470138260907027721557894222129272286039436341017474423 0 0 0 0 1 0 0 0 0 0 0 0 0 0 0 0 0 0]
[134863700668987363665178656185501584231568114513751106020 0 0 0 0 0 1 0 0 0 0 0 0 0 0 0 0 0 0]
[509613330033940402515080235047713032568082438952568209980 0 0 0 0 0 0 1 0 0 0 0 0 0 0 0 0 0 0]
[829541598744034977956858102808953497535513941120437898543 0 0 0 0 0 0 0 1 0 0 0 0 0 0 0 0 0 0]
[307369076989232563399463083996284514901207074253142606227 0 0 0 0 0 0 0 0 1 0 0 0 0 0 0 0 0 0]
[577631109570792463244753186068866337468928434675702283383 0 0 0 0 0 0 0 0 0 1 0 0 0 0 0 0 0 0]
[285289905168884427067232365637168061435541343135111469349 0 0 0 0 0 0 0 0 0 0 1 0 0 0 0 0 0 0]
[887281192609513109435523188059024450356844119930785430624 0 0 0 0 0 0 0 0 0 0 0 1 0 0 0 0 0 0]
[269230619650638059087821410479140530362355264995115707193 0 0 0 0 0 0 0 0 0 0 0 0 1 0 0 0 0 0]
[320491580157553403349495301512339544136010501540537856057 0 0 0 0 0 0 0 0 0 0 0 0 0 1 0 0 0 0]
[403395139918542607437592618101159227356116981957235821636 0 0 0 0 0 0 0 0 0 0 0 0 0 0 1 0 0 0]
[400220405411104180182461325952094044738516676560501987709 0 0 0 0 0 0 0 0 0 0 0 0 0 0 0 1 0 0]
[420349889150846607794296903707011601401075837775589906543 0 0 0 0 0 0 0 0 0 0 0 0 0 0 0 0 1 0]
[128751070476295710268099189278252174709044571264164447946 0 0 0 0 0 0 0 0 0 0 0 0 0 0 0 0 0 1]
]
