[[2038338722364539597297234602175730045104813422100092972513017616135640377933701029311005154766454427957 0 0 0 0 0 0 0 0 0 0 0 0 0 0 0 0 0 0 0 0 0 0 0 0 0 0 0 0 0 0 0 0 0]
[401679924431871991257187306393934357329391463977263003629618323999298094813864490751465051015505637622 1 0 0 0 0 0 0 0 0 0 0 0 0 0 0 0 0 0 0 0 0 0 0 0 0 0 0 0 0 0 0 0 0]
[401546957909530089782865760554532703199685268641616785908081595221842166609934629724183986029793771304 0 1 0 0 0 0 0 0 0 0 0 0 0 0 0 0 0 0 0 0 0 0 0 0 0 0 0 0 0 0 0 0 0]
[1947909309807943426716037875678769149144082155034127923458339393782021024862293763176643202335639496084 0 0 1 0 0 0 0 0 0 0 0 0 0 0 0 0 0 0 0 0 0 0 0 0 0 0 0 0 0 0 0 0 0]
[942759346113902450993739968073022603779103663839276251174995812690483994629160627162705906505588478992 0 0 0 1 0 0 0 0 0 0 0 0 0 0 0 0 0 0 0 0 0 0 0 0 0 0 0 0 0 0 0 0 0]
[954986538330654484305707867493627516836747812935858245210943494027561133250644034683151024840887444810 0 0 0 0 1 0 0 0 0 0 0 0 0 0 0 0 0 0 0 0 0 0 0 0 0 0 0 0 0 0 0 0 0]
[2001026226122710910959679445814460361371790248700692267975250880699814798592844884583355657079029024337 0 0 0 0 0 1 0 0 0 0 0 0 0 0 0 0 0 0 0 0 0 0 0 0 0 0 0 0 0 0 0 0 0]
[377125277508718123614253610910571739715224168659686020445020690829102500110176202433706043612959342802 0 0 0 0 0 0 1 0 0 0 0 0 0 0 0 0 0 0 0 0 0 0 0 0 0 0 0 0 0 0 0 0 0]
[1824295382966765129523764451345521106469015681431548159895729617553639106063726207979955132150662034439 0 0 0 0 0 0 0 1 0 0 0 0 0 0 0 0 0 0 0 0 0 0 0 0 0 0 0 0 0 0 0 0 0]
[1131062819787412048102819444521568085219574987552557791847747718659874384432905026175646938290175190638 0 0 0 0 0 0 0 0 1 0 0 0 0 0 0 0 0 0 0 0 0 0 0 0 0 0 0 0 0 0 0 0 0]
[1330770575202647432675803465618156061268962563008329288537708687777165882927400202252631838496314444663 0 0 0 0 0 0 0 0 0 1 0 0 0 0 0 0 0 0 0 0 0 0 0 0 0 0 0 0 0 0 0 0 0]
[356733789920843120308558295652742413534948853962430476293731322182323091634958541049285310806358203129 0 0 0 0 0 0 0 0 0 0 1 0 0 0 0 0 0 0 0 0 0 0 0 0 0 0 0 0 0 0 0 0 0]
[1402872856257584003101181512823526770332154561079519523188711068383919058609764546312495621646203348666 0 0 0 0 0 0 0 0 0 0 0 1 0 0 0 0 0 0 0 0 0 0 0 0 0 0 0 0 0 0 0 0 0]
[882427588532922562695472058901209835587253931925792544120727548324257031634053797058049745882293526736 0 0 0 0 0 0 0 0 0 0 0 0 1 0 0 0 0 0 0 0 0 0 0 0 0 0 0 0 0 0 0 0 0]
[1379968938961697070684497951584931477806287036638886391994367001322213817675182782573478444746048343874 0 0 0 0 0 0 0 0 0 0 0 0 0 1 0 0 0 0 0 0 0 0 0 0 0 0 0 0 0 0 0 0 0]
[1200135878927919294904795506122107299826884585098222878637984120167450389220763978648649411726571747731 0 0 0 0 0 0 0 0 0 0 0 0 0 0 1 0 0 0 0 0 0 0 0 0 0 0 0 0 0 0 0 0 0]
[1209934392214613141811004892868161176749201550654979356972019828731740813275334332028465930971890659113 0 0 0 0 0 0 0 0 0 0 0 0 0 0 0 1 0 0 0 0 0 0 0 0 0 0 0 0 0 0 0 0 0]
[482239488774727749465996393986783189014132046043713671655025238767188063499899356495070263666849963927 0 0 0 0 0 0 0 0 0 0 0 0 0 0 0 0 1 0 0 0 0 0 0 0 0 0 0 0 0 0 0 0 0]
[921817329953255086853355925981109160710352953255505539985249001277288841998555717581688423804759194813 0 0 0 0 0 0 0 0 0 0 0 0 0 0 0 0 0 1 0 0 0 0 0 0 0 0 0 0 0 0 0 0 0]
[215061032482991997634101955173088217603902514837081678181243111366864740436441739199904900970877329119 0 0 0 0 0 0 0 0 0 0 0 0 0 0 0 0 0 0 1 0 0 0 0 0 0 0 0 0 0 0 0 0 0]
[547122739440475451019831750336606030807511392206029238726107957580696742836512781196947966391019640999 0 0 0 0 0 0 0 0 0 0 0 0 0 0 0 0 0 0 0 1 0 0 0 0 0 0 0 0 0 0 0 0 0]
[1850263658443265106201605704011600894022059554424926818788088924388089357283187953213028018024491827661 0 0 0 0 0 0 0 0 0 0 0 0 0 0 0 0 0 0 0 0 1 0 0 0 0 0 0 0 0 0 0 0 0]
[1251656072293456163778518011273263427418955473501725105354080687623705458313107955594371733756354084101 0 0 0 0 0 0 0 0 0 0 0 0 0 0 0 0 0 0 0 0 0 1 0 0 0 0 0 0 0 0 0 0 0]
[857411341720094740249001845839017001866900158762793592778794822079410607740511846026126375470308185575 0 0 0 0 0 0 0 0 0 0 0 0 0 0 0 0 0 0 0 0 0 0 1 0 0 0 0 0 0 0 0 0 0]
[1097898450438157959053151036678058801081600243477353431033649415273590391926676034113865412360293123694 0 0 0 0 0 0 0 0 0 0 0 0 0 0 0 0 0 0 0 0 0 0 0 1 0 0 0 0 0 0 0 0 0]
[388508227678050930867058305796693681139180771096498218186192005326959340106573182441439550390822170565 0 0 0 0 0 0 0 0 0 0 0 0 0 0 0 0 0 0 0 0 0 0 0 0 1 0 0 0 0 0 0 0 0]
[326096906904158069581835468119664584699924617482387797356199986057021870075395641989460395084590110524 0 0 0 0 0 0 0 0 0 0 0 0 0 0 0 0 0 0 0 0 0 0 0 0 0 1 0 0 0 0 0 0 0]
[1774504433654583458911751811554827307305901187786488633438322880717995365047594679735568181664055345665 0 0 0 0 0 0 0 0 0 0 0 0 0 0 0 0 0 0 0 0 0 0 0 0 0 0 1 0 0 0 0 0 0]
[1650315066972519297168177401574495668686947792141095900587468552354191300590784810299623251810258647246 0 0 0 0 0 0 0 0 0 0 0 0 0 0 0 0 0 0 0 0 0 0 0 0 0 0 0 1 0 0 0 0 0]
[1925095628864970338767475430607203584911826602924622300344506041642102822410864880330707995550980086132 0 0 0 0 0 0 0 0 0 0 0 0 0 0 0 0 0 0 0 0 0 0 0 0 0 0 0 0 1 0 0 0 0]
[1629833471886293106757009348131375558315344236458327487714917431289560856243973031800091875078351117786 0 0 0 0 0 0 0 0 0 0 0 0 0 0 0 0 0 0 0 0 0 0 0 0 0 0 0 0 0 1 0 0 0]
[235237857640447194389524103259229006842798823320544927216959642702472583016216593979618776274012109635 0 0 0 0 0 0 0 0 0 0 0 0 0 0 0 0 0 0 0 0 0 0 0 0 0 0 0 0 0 0 1 0 0]
[1994099073823266805252679950031208657448394693754330582146681516645019021680451562910491867368473266299 0 0 0 0 0 0 0 0 0 0 0 0 0 0 0 0 0 0 0 0 0 0 0 0 0 0 0 0 0 0 0 1 0]
[741120223021693932901422075026802486412545425002835840145884130755233268235197710130474522581551753233 0 0 0 0 0 0 0 0 0 0 0 0 0 0 0 0 0 0 0 0 0 0 0 0 0 0 0 0 0 0 0 0 1]
]
