[[2049525893502139664416993961044250853398298453142779750823308470695877237209920964620344588641463381423 0 0 0 0 0 0 0 0 0 0 0 0 0 0 0 0 0 0 0 0 0 0 0 0 0 0 0 0 0 0 0 0 0]
[2045279640388724532299039419055417301978151933710571801872316737306000806759628923163808162065016917417 1 0 0 0 0 0 0 0 0 0 0 0 0 0 0 0 0 0 0 0 0 0 0 0 0 0 0 0 0 0 0 0 0]
[1657384889757932159264347998436833544207533036536961996714668729145293864797014869929116281928984907072 0 1 0 0 0 0 0 0 0 0 0 0 0 0 0 0 0 0 0 0 0 0 0 0 0 0 0 0 0 0 0 0 0]
[1496462005052160768411695316678485754314006750024732143098726302617890754990009823308974260263064684151 0 0 1 0 0 0 0 0 0 0 0 0 0 0 0 0 0 0 0 0 0 0 0 0 0 0 0 0 0 0 0 0 0]
[1353160118182269870949462112286121636928434286550017474372617277965016369205437603887377337424056024469 0 0 0 1 0 0 0 0 0 0 0 0 0 0 0 0 0 0 0 0 0 0 0 0 0 0 0 0 0 0 0 0 0]
[1031045624179629553726000909823927651713826836902000016367628895565719166629962699033032317444515864244 0 0 0 0 1 0 0 0 0 0 0 0 0 0 0 0 0 0 0 0 0 0 0 0 0 0 0 0 0 0 0 0 0]
[967238868941518866155126248926863174483416309052404753549802311103591614468451484692853424039793346789 0 0 0 0 0 1 0 0 0 0 0 0 0 0 0 0 0 0 0 0 0 0 0 0 0 0 0 0 0 0 0 0 0]
[1643536389346672914253267462557481870515543106190722289742644832526553534207937637598857860080953145950 0 0 0 0 0 0 1 0 0 0 0 0 0 0 0 0 0 0 0 0 0 0 0 0 0 0 0 0 0 0 0 0 0]
[1915108314424396379076613764208788553901139311358768787786506882787305497684051509133196592032261735112 0 0 0 0 0 0 0 1 0 0 0 0 0 0 0 0 0 0 0 0 0 0 0 0 0 0 0 0 0 0 0 0 0]
[895844170203953120851419218454671894412085423780507138070669273734009146323198142894725341013837174907 0 0 0 0 0 0 0 0 1 0 0 0 0 0 0 0 0 0 0 0 0 0 0 0 0 0 0 0 0 0 0 0 0]
[1459127017973224067112889904250168589017351337214140164741527646863821483439297833412928683940558962503 0 0 0 0 0 0 0 0 0 1 0 0 0 0 0 0 0 0 0 0 0 0 0 0 0 0 0 0 0 0 0 0 0]
[313781667512118341192305853669309329108096088852662089597748080075193912294892997557562664187709457132 0 0 0 0 0 0 0 0 0 0 1 0 0 0 0 0 0 0 0 0 0 0 0 0 0 0 0 0 0 0 0 0 0]
[959539453669232207617182797551881440294105257684013016450217674400341445017546475291763266637972592373 0 0 0 0 0 0 0 0 0 0 0 1 0 0 0 0 0 0 0 0 0 0 0 0 0 0 0 0 0 0 0 0 0]
[1025986408713850368923369904979480021103617716588759894890587655964031731815157019574530470035738655615 0 0 0 0 0 0 0 0 0 0 0 0 1 0 0 0 0 0 0 0 0 0 0 0 0 0 0 0 0 0 0 0 0]
[1740817136954393301569481808197508248786277042444064238890304401916795445573360955240350968530496308431 0 0 0 0 0 0 0 0 0 0 0 0 0 1 0 0 0 0 0 0 0 0 0 0 0 0 0 0 0 0 0 0 0]
[322169707731088786613948873197141240754010545830631918088985332497668105291212038108074404176918679929 0 0 0 0 0 0 0 0 0 0 0 0 0 0 1 0 0 0 0 0 0 0 0 0 0 0 0 0 0 0 0 0 0]
[1985212304472660407785777161461940056199082325319574384556866304315184053359773727709834688585157766358 0 0 0 0 0 0 0 0 0 0 0 0 0 0 0 1 0 0 0 0 0 0 0 0 0 0 0 0 0 0 0 0 0]
[623819640483834575952514754646537159772598496387851656629694924701981344638196709736086526330647947318 0 0 0 0 0 0 0 0 0 0 0 0 0 0 0 0 1 0 0 0 0 0 0 0 0 0 0 0 0 0 0 0 0]
[487489107870763798144219485893913889605854898396790625449453965689436951393323422450478722316807782475 0 0 0 0 0 0 0 0 0 0 0 0 0 0 0 0 0 1 0 0 0 0 0 0 0 0 0 0 0 0 0 0 0]
[130862083527065524297417082569168849438674106375451530119569834067104741566489487288420437855551252225 0 0 0 0 0 0 0 0 0 0 0 0 0 0 0 0 0 0 1 0 0 0 0 0 0 0 0 0 0 0 0 0 0]
[131912666787967326437774514595533551393559203352518908728156567356668227700321708597047745216744753542 0 0 0 0 0 0 0 0 0 0 0 0 0 0 0 0 0 0 0 1 0 0 0 0 0 0 0 0 0 0 0 0 0]
[1703505118213660544817246750131442588377906316931615531024212404727242186065106179042694628157823851051 0 0 0 0 0 0 0 0 0 0 0 0 0 0 0 0 0 0 0 0 1 0 0 0 0 0 0 0 0 0 0 0 0]
[312693048441418940423801378212657638161915880463410347567306785591357574694874228367533148298034497775 0 0 0 0 0 0 0 0 0 0 0 0 0 0 0 0 0 0 0 0 0 1 0 0 0 0 0 0 0 0 0 0 0]
[1928512194464271686535471999824607505493003468207406794991571919487322271261613252442146941679098308673 0 0 0 0 0 0 0 0 0 0 0 0 0 0 0 0 0 0 0 0 0 0 1 0 0 0 0 0 0 0 0 0 0]
[380323266464658421982164242408839816041249412339626806272773469445340191702707683742438132341985887155 0 0 0 0 0 0 0 0 0 0 0 0 0 0 0 0 0 0 0 0 0 0 0 1 0 0 0 0 0 0 0 0 0]
[1565918818313702493348912104767663576309264398350284939672600539932367134111038856353762133698392141352 0 0 0 0 0 0 0 0 0 0 0 0 0 0 0 0 0 0 0 0 0 0 0 0 1 0 0 0 0 0 0 0 0]
[1798352463012512595788544194540888447117891709903938754000067167400267865356741977811904881873653061351 0 0 0 0 0 0 0 0 0 0 0 0 0 0 0 0 0 0 0 0 0 0 0 0 0 1 0 0 0 0 0 0 0]
[1700065785930374858507588376553633965596763315882444398934203716670563530094083762546874038274787559723 0 0 0 0 0 0 0 0 0 0 0 0 0 0 0 0 0 0 0 0 0 0 0 0 0 0 1 0 0 0 0 0 0]
[828801947429425683184032284859962084621977744966830433816875947236451418792636052339633236782215574089 0 0 0 0 0 0 0 0 0 0 0 0 0 0 0 0 0 0 0 0 0 0 0 0 0 0 0 1 0 0 0 0 0]
[1684400696293395467067023309121512606967195783872972987399737493216067556279637913451673606732764436041 0 0 0 0 0 0 0 0 0 0 0 0 0 0 0 0 0 0 0 0 0 0 0 0 0 0 0 0 1 0 0 0 0]
[1136697761083347219207583247088664313191683399313405127392765990692116621038487528842483346838635905052 0 0 0 0 0 0 0 0 0 0 0 0 0 0 0 0 0 0 0 0 0 0 0 0 0 0 0 0 0 1 0 0 0]
[1877215445137059178311190774488807453785078870441901693297283782270503388039168981181914992693062100774 0 0 0 0 0 0 0 0 0 0 0 0 0 0 0 0 0 0 0 0 0 0 0 0 0 0 0 0 0 0 1 0 0]
[826120953072967716647649326952754948774961554234874250961512265285997179202695308500815456902890306987 0 0 0 0 0 0 0 0 0 0 0 0 0 0 0 0 0 0 0 0 0 0 0 0 0 0 0 0 0 0 0 1 0]
[1049747083611212093416062767913499457173204653099734958110715021385329340615808025165971437930366257541 0 0 0 0 0 0 0 0 0 0 0 0 0 0 0 0 0 0 0 0 0 0 0 0 0 0 0 0 0 0 0 0 1]
]
