[[2145956720356741074918296776306862297377917619051081221695488821294078650729433724986535252200663777859 0 0 0 0 0 0 0 0 0 0 0 0 0 0 0 0 0 0 0 0 0 0 0 0 0 0 0 0 0 0 0 0 0]
[455768989996174853989995378810869378172511404237924154015302544804558597571490642808723682811646783711 1 0 0 0 0 0 0 0 0 0 0 0 0 0 0 0 0 0 0 0 0 0 0 0 0 0 0 0 0 0 0 0 0]
[169265822336571697190625562764967747988876637326640399582038842635335164940389352650019413358819629299 0 1 0 0 0 0 0 0 0 0 0 0 0 0 0 0 0 0 0 0 0 0 0 0 0 0 0 0 0 0 0 0 0]
[177918181631377378487086715016657175738534325686233709301877793751722308071974607520006433539714099876 0 0 1 0 0 0 0 0 0 0 0 0 0 0 0 0 0 0 0 0 0 0 0 0 0 0 0 0 0 0 0 0 0]
[2095198917594073962738981847357004692427542242327136918438484637886115596111921370697825565827053789299 0 0 0 1 0 0 0 0 0 0 0 0 0 0 0 0 0 0 0 0 0 0 0 0 0 0 0 0 0 0 0 0 0]
[372494761161847353222338512219597860923686043691144341169049893166514254360532448775613614913823048329 0 0 0 0 1 0 0 0 0 0 0 0 0 0 0 0 0 0 0 0 0 0 0 0 0 0 0 0 0 0 0 0 0]
[1436981719105573794890244329970824208875073288561469836973510861699621079223532928651954468561466967141 0 0 0 0 0 1 0 0 0 0 0 0 0 0 0 0 0 0 0 0 0 0 0 0 0 0 0 0 0 0 0 0 0]
[2001404355527516158896812662760835280900541840016425031382252426769864592434751840301697350488221331170 0 0 0 0 0 0 1 0 0 0 0 0 0 0 0 0 0 0 0 0 0 0 0 0 0 0 0 0 0 0 0 0 0]
[420161535665508875483031463710791437873473582214502725706632007151243781354082667095185560345147259032 0 0 0 0 0 0 0 1 0 0 0 0 0 0 0 0 0 0 0 0 0 0 0 0 0 0 0 0 0 0 0 0 0]
[2100619772769811205627467853720900071769881433030627436072589666333138462106752276273842126055278202639 0 0 0 0 0 0 0 0 1 0 0 0 0 0 0 0 0 0 0 0 0 0 0 0 0 0 0 0 0 0 0 0 0]
[234092636374559294004438021790356878620428481172323053280619543060857846222054314491603820408144081984 0 0 0 0 0 0 0 0 0 1 0 0 0 0 0 0 0 0 0 0 0 0 0 0 0 0 0 0 0 0 0 0 0]
[949294858642715818097779474871954874199634095701401385165650719238251239439542833885070999381323157321 0 0 0 0 0 0 0 0 0 0 1 0 0 0 0 0 0 0 0 0 0 0 0 0 0 0 0 0 0 0 0 0 0]
[554305222975090913626023705675844782267704089756801505488549538872546125653281003286925811733930076217 0 0 0 0 0 0 0 0 0 0 0 1 0 0 0 0 0 0 0 0 0 0 0 0 0 0 0 0 0 0 0 0 0]
[754053555591414121054843071280263528719157989736220362227127607496516622196148718189108475955597288576 0 0 0 0 0 0 0 0 0 0 0 0 1 0 0 0 0 0 0 0 0 0 0 0 0 0 0 0 0 0 0 0 0]
[31592943806591194676179381303162730422587756018998134797726118700811461775294837123993258719993680488 0 0 0 0 0 0 0 0 0 0 0 0 0 1 0 0 0 0 0 0 0 0 0 0 0 0 0 0 0 0 0 0 0]
[1717215100844068502041576885316911460152951581206789829286710823921267516123052175303572032483164546047 0 0 0 0 0 0 0 0 0 0 0 0 0 0 1 0 0 0 0 0 0 0 0 0 0 0 0 0 0 0 0 0 0]
[2140318102333431643548802175388821701625336398646720995989836438955762190794534729149506353664905864013 0 0 0 0 0 0 0 0 0 0 0 0 0 0 0 1 0 0 0 0 0 0 0 0 0 0 0 0 0 0 0 0 0]
[601871505901865855905124911473634757729394496027910031959994199700998470748441892775265132754563022398 0 0 0 0 0 0 0 0 0 0 0 0 0 0 0 0 1 0 0 0 0 0 0 0 0 0 0 0 0 0 0 0 0]
[2069959697369898498876058580991125588723481638587690565643407825024790738634380908695601763329419871496 0 0 0 0 0 0 0 0 0 0 0 0 0 0 0 0 0 1 0 0 0 0 0 0 0 0 0 0 0 0 0 0 0]
[1436399429842236489771669121675193632994531380296255229585437993269421197906669820926546751513389965829 0 0 0 0 0 0 0 0 0 0 0 0 0 0 0 0 0 0 1 0 0 0 0 0 0 0 0 0 0 0 0 0 0]
[1020687952650440022978679708541483333244138341729084648054973681478609989648243059452702241947771397576 0 0 0 0 0 0 0 0 0 0 0 0 0 0 0 0 0 0 0 1 0 0 0 0 0 0 0 0 0 0 0 0 0]
[116996845477471921072508153177861801550291618166924145505537441539534248993345622980825817967240309436 0 0 0 0 0 0 0 0 0 0 0 0 0 0 0 0 0 0 0 0 1 0 0 0 0 0 0 0 0 0 0 0 0]
[188153946011205436370027796147298967592596030983256046886292618498588414866130395788473311399506625639 0 0 0 0 0 0 0 0 0 0 0 0 0 0 0 0 0 0 0 0 0 1 0 0 0 0 0 0 0 0 0 0 0]
[1614734035294260963305567299532770221321823228369199123955490946157148257261948625445116492396183706382 0 0 0 0 0 0 0 0 0 0 0 0 0 0 0 0 0 0 0 0 0 0 1 0 0 0 0 0 0 0 0 0 0]
[2143219718683304349891618914515477882491781044166949242334980301575385421645582153515142675942698697595 0 0 0 0 0 0 0 0 0 0 0 0 0 0 0 0 0 0 0 0 0 0 0 1 0 0 0 0 0 0 0 0 0]
[55640441543094908566242436581002517318429031808678080034095501063317059781618514111611454817944783904 0 0 0 0 0 0 0 0 0 0 0 0 0 0 0 0 0 0 0 0 0 0 0 0 1 0 0 0 0 0 0 0 0]
[1523125947278277979487013875669973843958728427804216954087375442754218052783657912972507627138655806692 0 0 0 0 0 0 0 0 0 0 0 0 0 0 0 0 0 0 0 0 0 0 0 0 0 1 0 0 0 0 0 0 0]
[532458674879540080572690241241490009062473941704073695785722773097746712695943412260522947394290204922 0 0 0 0 0 0 0 0 0 0 0 0 0 0 0 0 0 0 0 0 0 0 0 0 0 0 1 0 0 0 0 0 0]
[791826156965174424412982979160029222165421566102363496940514801220879295100079517195637255793605744001 0 0 0 0 0 0 0 0 0 0 0 0 0 0 0 0 0 0 0 0 0 0 0 0 0 0 0 1 0 0 0 0 0]
[2023499264875376563921494249738736310623217267090366294828102745328539992142710706643154584042092181794 0 0 0 0 0 0 0 0 0 0 0 0 0 0 0 0 0 0 0 0 0 0 0 0 0 0 0 0 1 0 0 0 0]
[1328329915139253000815171647666576262314278854559656651759786891219602138355955331863774284980174081325 0 0 0 0 0 0 0 0 0 0 0 0 0 0 0 0 0 0 0 0 0 0 0 0 0 0 0 0 0 1 0 0 0]
[3809885544541570976369437430664461673930827617278833471212799877009239095198034696180285113909683096 0 0 0 0 0 0 0 0 0 0 0 0 0 0 0 0 0 0 0 0 0 0 0 0 0 0 0 0 0 0 1 0 0]
[1217418647985798015978481873523379473030896113692122689083876791130048758986616045806353209435124423632 0 0 0 0 0 0 0 0 0 0 0 0 0 0 0 0 0 0 0 0 0 0 0 0 0 0 0 0 0 0 0 1 0]
[1748332915782088848722108585079320516125733313179008846390169946795492638124955078982047154683531378507 0 0 0 0 0 0 0 0 0 0 0 0 0 0 0 0 0 0 0 0 0 0 0 0 0 0 0 0 0 0 0 0 1]
]
