[[1827014796925138322305981737257222504226308936297154664935513263494765446695391282703707770450016770287 0 0 0 0 0 0 0 0 0 0 0 0 0 0 0 0 0 0 0 0 0 0 0 0 0 0 0 0 0 0 0 0 0]
[1580290942523463036251108874957357652084566129009403022063218926005176908681840327632882081095593472503 1 0 0 0 0 0 0 0 0 0 0 0 0 0 0 0 0 0 0 0 0 0 0 0 0 0 0 0 0 0 0 0 0]
[532396086725777782730401249838568120670152683811757785349442966956999022205115912844706353699783730747 0 1 0 0 0 0 0 0 0 0 0 0 0 0 0 0 0 0 0 0 0 0 0 0 0 0 0 0 0 0 0 0 0]
[361157669625992336540438047224282556793530706647609102410542845405610793337361505325383912522737391006 0 0 1 0 0 0 0 0 0 0 0 0 0 0 0 0 0 0 0 0 0 0 0 0 0 0 0 0 0 0 0 0 0]
[369625536856127771949776387292695869523814944699598771521106444356497632688473693747253662728939080363 0 0 0 1 0 0 0 0 0 0 0 0 0 0 0 0 0 0 0 0 0 0 0 0 0 0 0 0 0 0 0 0 0]
[361043787244750347759781657834637918678692907412884198435811325768262960081194007035707098583668516717 0 0 0 0 1 0 0 0 0 0 0 0 0 0 0 0 0 0 0 0 0 0 0 0 0 0 0 0 0 0 0 0 0]
[1303046955186503868488634063657855986878881143919581111115262412129187851635951693159060771954692671613 0 0 0 0 0 1 0 0 0 0 0 0 0 0 0 0 0 0 0 0 0 0 0 0 0 0 0 0 0 0 0 0 0]
[375452677912166511451762994435411452876270154432247482008822127487867865911025908241086582918852820160 0 0 0 0 0 0 1 0 0 0 0 0 0 0 0 0 0 0 0 0 0 0 0 0 0 0 0 0 0 0 0 0 0]
[46321086749643281851543929827258461954471313923428690045960346846991422474219206778385700162570233785 0 0 0 0 0 0 0 1 0 0 0 0 0 0 0 0 0 0 0 0 0 0 0 0 0 0 0 0 0 0 0 0 0]
[1264439601295327479604856827271417243156526539135339494382151670307587576915713230260298580579183838353 0 0 0 0 0 0 0 0 1 0 0 0 0 0 0 0 0 0 0 0 0 0 0 0 0 0 0 0 0 0 0 0 0]
[1057954413660657319934626878580433058518521677634254698079500498308049346542421513913219378789035026215 0 0 0 0 0 0 0 0 0 1 0 0 0 0 0 0 0 0 0 0 0 0 0 0 0 0 0 0 0 0 0 0 0]
[177927704099314266053046916716505029969685042359104348744092975535858107906630408176755783485056537381 0 0 0 0 0 0 0 0 0 0 1 0 0 0 0 0 0 0 0 0 0 0 0 0 0 0 0 0 0 0 0 0 0]
[488007751199061452417563116092312956282615690280901291536643616784704043792513657570815901858091184794 0 0 0 0 0 0 0 0 0 0 0 1 0 0 0 0 0 0 0 0 0 0 0 0 0 0 0 0 0 0 0 0 0]
[1424305334482283826924091616929703359660245155398027094454832127826832539217698988789040961164582738366 0 0 0 0 0 0 0 0 0 0 0 0 1 0 0 0 0 0 0 0 0 0 0 0 0 0 0 0 0 0 0 0 0]
[337778075258269922137748434022664498376975011300019286651945020168406489653085730523162834287323785736 0 0 0 0 0 0 0 0 0 0 0 0 0 1 0 0 0 0 0 0 0 0 0 0 0 0 0 0 0 0 0 0 0]
[1488109773771549658293333042093490992620810493248605731049587068993198372152615632124882849841765396791 0 0 0 0 0 0 0 0 0 0 0 0 0 0 1 0 0 0 0 0 0 0 0 0 0 0 0 0 0 0 0 0 0]
[1220569736485065715649528725297866224172907755179202105901538814754583816172079422047565333384646677001 0 0 0 0 0 0 0 0 0 0 0 0 0 0 0 1 0 0 0 0 0 0 0 0 0 0 0 0 0 0 0 0 0]
[1600427440683639953470860350453260620737939860221900689517774678762639906219000315102930239307876852377 0 0 0 0 0 0 0 0 0 0 0 0 0 0 0 0 1 0 0 0 0 0 0 0 0 0 0 0 0 0 0 0 0]
[977183727239038863698803736264622855093508927172938355696171007485291541510461232312513304870328390798 0 0 0 0 0 0 0 0 0 0 0 0 0 0 0 0 0 1 0 0 0 0 0 0 0 0 0 0 0 0 0 0 0]
[1614064686123643873266609772899418461995760538430745690344658440788089335905925420100850895492913412558 0 0 0 0 0 0 0 0 0 0 0 0 0 0 0 0 0 0 1 0 0 0 0 0 0 0 0 0 0 0 0 0 0]
[849717080720935231787671224366807460137821070391907516275666469834051944056989344247413530276709750118 0 0 0 0 0 0 0 0 0 0 0 0 0 0 0 0 0 0 0 1 0 0 0 0 0 0 0 0 0 0 0 0 0]
[878889364298240239979150092111611822331010875302751786891397233229400535390435323385651300207524752395 0 0 0 0 0 0 0 0 0 0 0 0 0 0 0 0 0 0 0 0 1 0 0 0 0 0 0 0 0 0 0 0 0]
[120259280131646422822858469411338768139589576073579385011518746703125580018556313256787891290823240299 0 0 0 0 0 0 0 0 0 0 0 0 0 0 0 0 0 0 0 0 0 1 0 0 0 0 0 0 0 0 0 0 0]
[727533251333821000511663326944687457171693836982013950385941561298686519034986029130938237433294207585 0 0 0 0 0 0 0 0 0 0 0 0 0 0 0 0 0 0 0 0 0 0 1 0 0 0 0 0 0 0 0 0 0]
[919193458391107235376421042807934764869283812413780587083171986263004853596291547062795816082117909116 0 0 0 0 0 0 0 0 0 0 0 0 0 0 0 0 0 0 0 0 0 0 0 1 0 0 0 0 0 0 0 0 0]
[1212649577692871627802493717114185767240460932831692375224143738747203696289510697539265920599540474677 0 0 0 0 0 0 0 0 0 0 0 0 0 0 0 0 0 0 0 0 0 0 0 0 1 0 0 0 0 0 0 0 0]
[1153089681313931547716460818544845814947850714596671196887217578982883446031930495438944025956083240227 0 0 0 0 0 0 0 0 0 0 0 0 0 0 0 0 0 0 0 0 0 0 0 0 0 1 0 0 0 0 0 0 0]
[552416191767405369093234466333416620866963781567526617366956961325870383684804147600694359949927171828 0 0 0 0 0 0 0 0 0 0 0 0 0 0 0 0 0 0 0 0 0 0 0 0 0 0 1 0 0 0 0 0 0]
[1550370680298973668845071373343696444843914347978076491414517734888204730552853938737303550845352787117 0 0 0 0 0 0 0 0 0 0 0 0 0 0 0 0 0 0 0 0 0 0 0 0 0 0 0 1 0 0 0 0 0]
[315591603517553413903041737994761812698525600683057386033844888058225789777283529304726767351321639799 0 0 0 0 0 0 0 0 0 0 0 0 0 0 0 0 0 0 0 0 0 0 0 0 0 0 0 0 1 0 0 0 0]
[253747185071202200259782848309680523446914493490387524464972253629243385655875302424913210202154497929 0 0 0 0 0 0 0 0 0 0 0 0 0 0 0 0 0 0 0 0 0 0 0 0 0 0 0 0 0 1 0 0 0]
[179680029311894829291414964523870518554514251966073810454289700929901693944558814505768190914650602172 0 0 0 0 0 0 0 0 0 0 0 0 0 0 0 0 0 0 0 0 0 0 0 0 0 0 0 0 0 0 1 0 0]
[1718050743831726151206591071523554909030694459728512432176859935496362829017529935722537447122313803982 0 0 0 0 0 0 0 0 0 0 0 0 0 0 0 0 0 0 0 0 0 0 0 0 0 0 0 0 0 0 0 1 0]
[1648411745816350984991266699148409612857170243212030702604674992016686763662535141094114134121014374550 0 0 0 0 0 0 0 0 0 0 0 0 0 0 0 0 0 0 0 0 0 0 0 0 0 0 0 0 0 0 0 0 1]
]
