[[1717290891812810200779379803685157093536548929381574828639381523281459148003147403870167629865254278231 0 0 0 0 0 0 0 0 0 0 0 0 0 0 0 0 0 0 0 0 0 0 0 0 0 0 0 0 0 0 0 0 0]
[271496238269834888406529560752946690429885466238722314323669264831731545461187878319084147482580128523 1 0 0 0 0 0 0 0 0 0 0 0 0 0 0 0 0 0 0 0 0 0 0 0 0 0 0 0 0 0 0 0 0]
[792640993319490617790259742839133929882018961675563566781033413557056018828693803242434888785033171221 0 1 0 0 0 0 0 0 0 0 0 0 0 0 0 0 0 0 0 0 0 0 0 0 0 0 0 0 0 0 0 0 0]
[622897131618898122632553125329076150829677335150153583338829797043721416078957979557000095854199845802 0 0 1 0 0 0 0 0 0 0 0 0 0 0 0 0 0 0 0 0 0 0 0 0 0 0 0 0 0 0 0 0 0]
[1098850589839002143181011711253994616418979621093803054420194078272861538290091433047089045651905951900 0 0 0 1 0 0 0 0 0 0 0 0 0 0 0 0 0 0 0 0 0 0 0 0 0 0 0 0 0 0 0 0 0]
[112819047632909981604831105175647923225623513569503455296736717276995594728048286762347580043856873413 0 0 0 0 1 0 0 0 0 0 0 0 0 0 0 0 0 0 0 0 0 0 0 0 0 0 0 0 0 0 0 0 0]
[1095782280462371602468957396516416851829000910438800899233174979915793600586417773490542839666461557989 0 0 0 0 0 1 0 0 0 0 0 0 0 0 0 0 0 0 0 0 0 0 0 0 0 0 0 0 0 0 0 0 0]
[1514499491751693605224086480877460039339251942080101928744373058606364140981305656670591309904736191177 0 0 0 0 0 0 1 0 0 0 0 0 0 0 0 0 0 0 0 0 0 0 0 0 0 0 0 0 0 0 0 0 0]
[144331977806604144286991158196708268663065950788568452928118516187032247666933045671105553213544733554 0 0 0 0 0 0 0 1 0 0 0 0 0 0 0 0 0 0 0 0 0 0 0 0 0 0 0 0 0 0 0 0 0]
[347937839044729496116124022534896178049871863766664107327695324070919438185941238148512182323940987320 0 0 0 0 0 0 0 0 1 0 0 0 0 0 0 0 0 0 0 0 0 0 0 0 0 0 0 0 0 0 0 0 0]
[417396129888537540233709367159762689612046052406287729078608668380968847993588027296988030087758988489 0 0 0 0 0 0 0 0 0 1 0 0 0 0 0 0 0 0 0 0 0 0 0 0 0 0 0 0 0 0 0 0 0]
[421859779519581173606909315484603783299045984593581017420328015296629282065917950129578449338589489856 0 0 0 0 0 0 0 0 0 0 1 0 0 0 0 0 0 0 0 0 0 0 0 0 0 0 0 0 0 0 0 0 0]
[247749207315443332058873860109165503678373176078218451573562893313263461246741803286411895676091548732 0 0 0 0 0 0 0 0 0 0 0 1 0 0 0 0 0 0 0 0 0 0 0 0 0 0 0 0 0 0 0 0 0]
[1535144107880671982285776983361152695964995605962913674503034912566464212756787938058379868727431694667 0 0 0 0 0 0 0 0 0 0 0 0 1 0 0 0 0 0 0 0 0 0 0 0 0 0 0 0 0 0 0 0 0]
[162761652065076371194942176171358012056790299314012080052272087825752678617316736138193614151575470089 0 0 0 0 0 0 0 0 0 0 0 0 0 1 0 0 0 0 0 0 0 0 0 0 0 0 0 0 0 0 0 0 0]
[758381598699383266912712811706842209825202772667987475668985657313454714191996176669336867309378392068 0 0 0 0 0 0 0 0 0 0 0 0 0 0 1 0 0 0 0 0 0 0 0 0 0 0 0 0 0 0 0 0 0]
[1183138715469049375410066548561018105734877899720076770887405107402455314696935000556902226163540838951 0 0 0 0 0 0 0 0 0 0 0 0 0 0 0 1 0 0 0 0 0 0 0 0 0 0 0 0 0 0 0 0 0]
[1141120229570941023195697709904886275966475524867706509442881405673591757912491371977549655930829102567 0 0 0 0 0 0 0 0 0 0 0 0 0 0 0 0 1 0 0 0 0 0 0 0 0 0 0 0 0 0 0 0 0]
[1098571460011750446256039092448736463152894233239174788215088994877423350871382932210963351909778709688 0 0 0 0 0 0 0 0 0 0 0 0 0 0 0 0 0 1 0 0 0 0 0 0 0 0 0 0 0 0 0 0 0]
[265407740532997801546098418720047562394094160369793187383893170233067630956274324711621908017196189111 0 0 0 0 0 0 0 0 0 0 0 0 0 0 0 0 0 0 1 0 0 0 0 0 0 0 0 0 0 0 0 0 0]
[416303896169042449395708516297444747981864415260950909904523150932333627291039695011514868556267336928 0 0 0 0 0 0 0 0 0 0 0 0 0 0 0 0 0 0 0 1 0 0 0 0 0 0 0 0 0 0 0 0 0]
[601638236690131884279250778247393547094082772062362159119375035303597777705256993107618768753047445783 0 0 0 0 0 0 0 0 0 0 0 0 0 0 0 0 0 0 0 0 1 0 0 0 0 0 0 0 0 0 0 0 0]
[603337531804379486510663462509240961173809436454121675075289287760498307781883556948611186720615214343 0 0 0 0 0 0 0 0 0 0 0 0 0 0 0 0 0 0 0 0 0 1 0 0 0 0 0 0 0 0 0 0 0]
[1534465922119679817383847425459511255822770234271356802902550761891200964010791896358820755632360720857 0 0 0 0 0 0 0 0 0 0 0 0 0 0 0 0 0 0 0 0 0 0 1 0 0 0 0 0 0 0 0 0 0]
[13859463683271783091112630624023989954032640467884408384515024190751270697214327367557683651831214044 0 0 0 0 0 0 0 0 0 0 0 0 0 0 0 0 0 0 0 0 0 0 0 1 0 0 0 0 0 0 0 0 0]
[485004026929400586488822986433183600634976899888692455039109245395197990093144134099925975094891212144 0 0 0 0 0 0 0 0 0 0 0 0 0 0 0 0 0 0 0 0 0 0 0 0 1 0 0 0 0 0 0 0 0]
[1655004509570136093242540836828989897111355084895030521487065687250399879594841714265458749197888040291 0 0 0 0 0 0 0 0 0 0 0 0 0 0 0 0 0 0 0 0 0 0 0 0 0 1 0 0 0 0 0 0 0]
[79645090649959943555608065899323891533072261707410652223768608956293896031511891251164729384597020558 0 0 0 0 0 0 0 0 0 0 0 0 0 0 0 0 0 0 0 0 0 0 0 0 0 0 1 0 0 0 0 0 0]
[196361827318419241215302568454076989040227111744556554240058748299439126481347767628293372994346473549 0 0 0 0 0 0 0 0 0 0 0 0 0 0 0 0 0 0 0 0 0 0 0 0 0 0 0 1 0 0 0 0 0]
[726462292374866470855130728056827732839182602815402130220902320706695432971474259107104661874909665512 0 0 0 0 0 0 0 0 0 0 0 0 0 0 0 0 0 0 0 0 0 0 0 0 0 0 0 0 1 0 0 0 0]
[1298478651180636466869412253335807214479007171319629932062143905963321295515580360717037438132745841142 0 0 0 0 0 0 0 0 0 0 0 0 0 0 0 0 0 0 0 0 0 0 0 0 0 0 0 0 0 1 0 0 0]
[914572519510339503543389739539444619466428905023453005254897248955017533991557150917945515563852236108 0 0 0 0 0 0 0 0 0 0 0 0 0 0 0 0 0 0 0 0 0 0 0 0 0 0 0 0 0 0 1 0 0]
[885549786985428678958666913520443038806028178330822191909185889895271547339110345226038756390970493104 0 0 0 0 0 0 0 0 0 0 0 0 0 0 0 0 0 0 0 0 0 0 0 0 0 0 0 0 0 0 0 1 0]
[33449169059327118203913576718836551778967045052584017977536826599960740272101774425055245346447738442 0 0 0 0 0 0 0 0 0 0 0 0 0 0 0 0 0 0 0 0 0 0 0 0 0 0 0 0 0 0 0 0 1]
]
