[[8558793640438209018342130287280621052504127385416711258654844915804206602525236489347510994250454316752257141662233426148079943457345747134943192703781509397712110296419173408310733709679174504820322061521965160796230092734562621354895562980726166592604573868890662987910286681990325093166306362061191093113656020261407 0 0 0 0 0 0 0 0 0 0 0 0 0 0 0 0 0 0 0 0 0 0 0 0 0 0 0 0 0 0 0 0 0 0 0 0 0 0 0 0 0 0 0 0 0 0 0 0 0 0 0 0 0 0 0 0 0 0 0 0 0 0 0 0 0 0 0 0 0 0 0 0 0 0 0 0 0 0 0 0 0 0 0 0 0 0 0 0 0 0 0 0 0 0 0 0 0 0 0 0 0 0 0 0 0]
[2005562539036267546547252882918606369142252867448518029090039265958259610644139232819687940456023589147579351196931221772870847956478205219487918631387987972481240167136649140977254768377852630286075100873465659801321801453500668276155824338392854406535391174363920956649900155491382491311119351164240625506998562434718 1 0 0 0 0 0 0 0 0 0 0 0 0 0 0 0 0 0 0 0 0 0 0 0 0 0 0 0 0 0 0 0 0 0 0 0 0 0 0 0 0 0 0 0 0 0 0 0 0 0 0 0 0 0 0 0 0 0 0 0 0 0 0 0 0 0 0 0 0 0 0 0 0 0 0 0 0 0 0 0 0 0 0 0 0 0 0 0 0 0 0 0 0 0 0 0 0 0 0 0 0 0 0 0 0]
[5688973537665673033442517185813026673860895758932224524870736999414881052772921215472307135761760299372317623631048154716394782940764176728960859563091836635849582770806622893862871651650739681266556820516593016966907667756181680400981463407906173249322274560161380916011200658815206963291373673957701867436723766763230 0 1 0 0 0 0 0 0 0 0 0 0 0 0 0 0 0 0 0 0 0 0 0 0 0 0 0 0 0 0 0 0 0 0 0 0 0 0 0 0 0 0 0 0 0 0 0 0 0 0 0 0 0 0 0 0 0 0 0 0 0 0 0 0 0 0 0 0 0 0 0 0 0 0 0 0 0 0 0 0 0 0 0 0 0 0 0 0 0 0 0 0 0 0 0 0 0 0 0 0 0 0 0 0 0]
[3548491978159261290327072033857724774060850790626393618131821797267156889803280141975740745441399301477824014931429384980422910451320462890905465235279687331191154128817333158723586148979181138938177249366349326080002630318817527820885081014717520598316766302154153899203929009383567561029488595932459570476160671510951 0 0 1 0 0 0 0 0 0 0 0 0 0 0 0 0 0 0 0 0 0 0 0 0 0 0 0 0 0 0 0 0 0 0 0 0 0 0 0 0 0 0 0 0 0 0 0 0 0 0 0 0 0 0 0 0 0 0 0 0 0 0 0 0 0 0 0 0 0 0 0 0 0 0 0 0 0 0 0 0 0 0 0 0 0 0 0 0 0 0 0 0 0 0 0 0 0 0 0 0 0 0 0 0 0]
[5607602198668587124151945927200663697564639637264929337896324628816067598425462013437013147992062632978369884920405430403023626233307198269586474018169808639860129480728691114788354853347000116235644487743218916356397734718443040868206036475701833803356658210694139394930852123396939122755436434750424657903909070157613 0 0 0 1 0 0 0 0 0 0 0 0 0 0 0 0 0 0 0 0 0 0 0 0 0 0 0 0 0 0 0 0 0 0 0 0 0 0 0 0 0 0 0 0 0 0 0 0 0 0 0 0 0 0 0 0 0 0 0 0 0 0 0 0 0 0 0 0 0 0 0 0 0 0 0 0 0 0 0 0 0 0 0 0 0 0 0 0 0 0 0 0 0 0 0 0 0 0 0 0 0 0 0 0 0]
[3980033422110039615468821071405744038824662699025980775121409002147361280729188366179115323264850727088711542032364324922744398656315335893116304227448733098659334365435686498401850696493989289212510515615509767575791169219571768093604526343205038556910636818800262349110145658619936714333654866010926524962412782035634 0 0 0 0 1 0 0 0 0 0 0 0 0 0 0 0 0 0 0 0 0 0 0 0 0 0 0 0 0 0 0 0 0 0 0 0 0 0 0 0 0 0 0 0 0 0 0 0 0 0 0 0 0 0 0 0 0 0 0 0 0 0 0 0 0 0 0 0 0 0 0 0 0 0 0 0 0 0 0 0 0 0 0 0 0 0 0 0 0 0 0 0 0 0 0 0 0 0 0 0 0 0 0 0 0]
[6847047579379248815907200732933198462075295856010938457079970537154035155668972479079626376217252732836133982134609633455271362936964950671415153769177303925575033197318682659229444181006364936523905777168754841231880301156947697794078364014454811329773201314881930811112934989139745044354482724945327708075983558655408 0 0 0 0 0 1 0 0 0 0 0 0 0 0 0 0 0 0 0 0 0 0 0 0 0 0 0 0 0 0 0 0 0 0 0 0 0 0 0 0 0 0 0 0 0 0 0 0 0 0 0 0 0 0 0 0 0 0 0 0 0 0 0 0 0 0 0 0 0 0 0 0 0 0 0 0 0 0 0 0 0 0 0 0 0 0 0 0 0 0 0 0 0 0 0 0 0 0 0 0 0 0 0 0 0]
[131021131833162191286497213269160519226348557308583506848534751205142336823408843149746468404576682265016419179182675276813318517822290880564288744522476530593291406322130491547545730736104195268931918490694685419210867911337306450741903608638796406030830387724642946362092350539187158680846926768937449681216316756192 0 0 0 0 0 0 1 0 0 0 0 0 0 0 0 0 0 0 0 0 0 0 0 0 0 0 0 0 0 0 0 0 0 0 0 0 0 0 0 0 0 0 0 0 0 0 0 0 0 0 0 0 0 0 0 0 0 0 0 0 0 0 0 0 0 0 0 0 0 0 0 0 0 0 0 0 0 0 0 0 0 0 0 0 0 0 0 0 0 0 0 0 0 0 0 0 0 0 0 0 0 0 0 0 0]
[7584129416850355627881339999102952210139386283767456098141115015828638520590173917034116583197240555845267299393471409301133958442610806678854610558481017191579196085418414509526169679383630823148694806926625556105649023897704284523080425189992470989722172441319077181584589093517865179080173536799603289871019517801808 0 0 0 0 0 0 0 1 0 0 0 0 0 0 0 0 0 0 0 0 0 0 0 0 0 0 0 0 0 0 0 0 0 0 0 0 0 0 0 0 0 0 0 0 0 0 0 0 0 0 0 0 0 0 0 0 0 0 0 0 0 0 0 0 0 0 0 0 0 0 0 0 0 0 0 0 0 0 0 0 0 0 0 0 0 0 0 0 0 0 0 0 0 0 0 0 0 0 0 0 0 0 0 0 0]
[2599003153767188253645460757255405984645741569945179093779047113136901516210125776887401874502130188720039703272461923814105878730550402677791362237234354446446371934829068154939406551221430295986485145934024999028202748650998677511576930537438717206756006904136615439505325450858178101079628817296314596056952093606396 0 0 0 0 0 0 0 0 1 0 0 0 0 0 0 0 0 0 0 0 0 0 0 0 0 0 0 0 0 0 0 0 0 0 0 0 0 0 0 0 0 0 0 0 0 0 0 0 0 0 0 0 0 0 0 0 0 0 0 0 0 0 0 0 0 0 0 0 0 0 0 0 0 0 0 0 0 0 0 0 0 0 0 0 0 0 0 0 0 0 0 0 0 0 0 0 0 0 0 0 0 0 0 0 0]
[4463263851970302891508183055372610350640982315992918429994157016743877207920148016005334810443128885371380324518313850540068332424965317455635584566210919247225614864679530399735859335891868611990588488189405639203604109142669048300564055638635418821611414119957728431481373677432312330624320084810147952907415351480751 0 0 0 0 0 0 0 0 0 1 0 0 0 0 0 0 0 0 0 0 0 0 0 0 0 0 0 0 0 0 0 0 0 0 0 0 0 0 0 0 0 0 0 0 0 0 0 0 0 0 0 0 0 0 0 0 0 0 0 0 0 0 0 0 0 0 0 0 0 0 0 0 0 0 0 0 0 0 0 0 0 0 0 0 0 0 0 0 0 0 0 0 0 0 0 0 0 0 0 0 0 0 0 0 0]
[7554564338710104702119246752616160997296009812986158203342466114120071137922202049943598785945670893844927264820506050836475292326981744165365169726838047513712367499684922586551149848690150270746578036593984159999837410405967142741465149823574130287963120243740894874501141750356813776163774452287263826422636436444302 0 0 0 0 0 0 0 0 0 0 1 0 0 0 0 0 0 0 0 0 0 0 0 0 0 0 0 0 0 0 0 0 0 0 0 0 0 0 0 0 0 0 0 0 0 0 0 0 0 0 0 0 0 0 0 0 0 0 0 0 0 0 0 0 0 0 0 0 0 0 0 0 0 0 0 0 0 0 0 0 0 0 0 0 0 0 0 0 0 0 0 0 0 0 0 0 0 0 0 0 0 0 0 0 0]
[1721072647506062391354846982926204311376931108684618295449946388469215368836882254929059536451383836743238116084565612767130894765031334713952818605171497057340183690713650466970023754812664723500026391382599909584823382091968614904926569642352026907548147424213783015975511651978770924506012774905820821528822093959929 0 0 0 0 0 0 0 0 0 0 0 1 0 0 0 0 0 0 0 0 0 0 0 0 0 0 0 0 0 0 0 0 0 0 0 0 0 0 0 0 0 0 0 0 0 0 0 0 0 0 0 0 0 0 0 0 0 0 0 0 0 0 0 0 0 0 0 0 0 0 0 0 0 0 0 0 0 0 0 0 0 0 0 0 0 0 0 0 0 0 0 0 0 0 0 0 0 0 0 0 0 0 0 0 0]
[4022438202225549405596604443919565785639112889652974233544937604733903483640887167506999653029457495074014027972009214344016879328874710742830487929987635126584998419859430322951082563903052310325364162736015167276434663435421504815734876819957418132424639613527657783582256067826651155759108239586798597819549413917985 0 0 0 0 0 0 0 0 0 0 0 0 1 0 0 0 0 0 0 0 0 0 0 0 0 0 0 0 0 0 0 0 0 0 0 0 0 0 0 0 0 0 0 0 0 0 0 0 0 0 0 0 0 0 0 0 0 0 0 0 0 0 0 0 0 0 0 0 0 0 0 0 0 0 0 0 0 0 0 0 0 0 0 0 0 0 0 0 0 0 0 0 0 0 0 0 0 0 0 0 0 0 0 0 0]
[6178969983130212136928495771894087458165744185836754927453814122281341320279410516293373006504702857163195692389048645019099629823972734232435777292025023259350955134479374920994957466325927065661671795026674766316086535904963419294375651459521222315119076581467397182231423174969099145468980801195905590528864147705301 0 0 0 0 0 0 0 0 0 0 0 0 0 1 0 0 0 0 0 0 0 0 0 0 0 0 0 0 0 0 0 0 0 0 0 0 0 0 0 0 0 0 0 0 0 0 0 0 0 0 0 0 0 0 0 0 0 0 0 0 0 0 0 0 0 0 0 0 0 0 0 0 0 0 0 0 0 0 0 0 0 0 0 0 0 0 0 0 0 0 0 0 0 0 0 0 0 0 0 0 0 0 0 0 0]
[8305231823241728064625697478816572212317792755841769745415321966280987236729197563238962731913399782656432837612295182783319257587926726253523822018945644474903834511599109705181219629827027579958714265752036376934284243701828946106934071808803314994580213431019230976469775061038554317434536883082425677579824457818771 0 0 0 0 0 0 0 0 0 0 0 0 0 0 1 0 0 0 0 0 0 0 0 0 0 0 0 0 0 0 0 0 0 0 0 0 0 0 0 0 0 0 0 0 0 0 0 0 0 0 0 0 0 0 0 0 0 0 0 0 0 0 0 0 0 0 0 0 0 0 0 0 0 0 0 0 0 0 0 0 0 0 0 0 0 0 0 0 0 0 0 0 0 0 0 0 0 0 0 0 0 0 0 0 0]
[4279434467539735689337375348945770546949504255044306905936704692547553588711455847101194042127358301019007264898820811323351134538924825249437613908973726757858215289556742862024197929418030197176281718381567948355264765489523311239592749589113630410270543010667831737639710311993479462918862379233072293041965073256988 0 0 0 0 0 0 0 0 0 0 0 0 0 0 0 1 0 0 0 0 0 0 0 0 0 0 0 0 0 0 0 0 0 0 0 0 0 0 0 0 0 0 0 0 0 0 0 0 0 0 0 0 0 0 0 0 0 0 0 0 0 0 0 0 0 0 0 0 0 0 0 0 0 0 0 0 0 0 0 0 0 0 0 0 0 0 0 0 0 0 0 0 0 0 0 0 0 0 0 0 0 0 0 0 0]
[314035200490670194684048081020171537294521201312594228834049630476610045416597397962980166272593634844745719684722156461069851575942302923362403898099120173435460277049032097161281494186456814823574074475087929007060700345789626543274144396817742825683237844467947456540426574245813143088492760376603760255310551240323 0 0 0 0 0 0 0 0 0 0 0 0 0 0 0 0 1 0 0 0 0 0 0 0 0 0 0 0 0 0 0 0 0 0 0 0 0 0 0 0 0 0 0 0 0 0 0 0 0 0 0 0 0 0 0 0 0 0 0 0 0 0 0 0 0 0 0 0 0 0 0 0 0 0 0 0 0 0 0 0 0 0 0 0 0 0 0 0 0 0 0 0 0 0 0 0 0 0 0 0 0 0 0 0 0]
[2237699004121416347724239966397825807929933029430166598375306364404038439830821974082425679781692292287387647979210737391780033072442293385255623234707697454161006109816194741631180943437068507596821228729906865039472641598678977108446654244606187323698449074956631709191343544521914271938787368519175370920417738806290 0 0 0 0 0 0 0 0 0 0 0 0 0 0 0 0 0 1 0 0 0 0 0 0 0 0 0 0 0 0 0 0 0 0 0 0 0 0 0 0 0 0 0 0 0 0 0 0 0 0 0 0 0 0 0 0 0 0 0 0 0 0 0 0 0 0 0 0 0 0 0 0 0 0 0 0 0 0 0 0 0 0 0 0 0 0 0 0 0 0 0 0 0 0 0 0 0 0 0 0 0 0 0 0 0]
[648014474455639985225328261741851913243316686463635153873662802629730462550733761869024228272575061500428020386557627885626172665495536716553181929581632330401464385118096946293119043269592120914951040676426241449202454350851163665710719478577150086309164165466150884981347633447527273189573738057690357190115738337091 0 0 0 0 0 0 0 0 0 0 0 0 0 0 0 0 0 0 1 0 0 0 0 0 0 0 0 0 0 0 0 0 0 0 0 0 0 0 0 0 0 0 0 0 0 0 0 0 0 0 0 0 0 0 0 0 0 0 0 0 0 0 0 0 0 0 0 0 0 0 0 0 0 0 0 0 0 0 0 0 0 0 0 0 0 0 0 0 0 0 0 0 0 0 0 0 0 0 0 0 0 0 0 0 0]
[4779269641747369293044318009515316273512022773486674209946593112272687716324827876154985979568381315138362363663877995041441035224807193313992575777192983465014239084911633089578517634608891004080167033566295271035905121114505736791401434644456513358374993088177879193060827528342010351663610101708950860070910116413711 0 0 0 0 0 0 0 0 0 0 0 0 0 0 0 0 0 0 0 1 0 0 0 0 0 0 0 0 0 0 0 0 0 0 0 0 0 0 0 0 0 0 0 0 0 0 0 0 0 0 0 0 0 0 0 0 0 0 0 0 0 0 0 0 0 0 0 0 0 0 0 0 0 0 0 0 0 0 0 0 0 0 0 0 0 0 0 0 0 0 0 0 0 0 0 0 0 0 0 0 0 0 0 0 0]
[4636612101749924210855404071510537138172800457827618568311922157628652774847458563215162214082657359876710956710657349370257118036961327000154268891118966452351473222369792619223374565973129582451499749397606594223471540706146447286076959874236465693720281485989676127587599744054114188480045952740971631003177009849650 0 0 0 0 0 0 0 0 0 0 0 0 0 0 0 0 0 0 0 0 1 0 0 0 0 0 0 0 0 0 0 0 0 0 0 0 0 0 0 0 0 0 0 0 0 0 0 0 0 0 0 0 0 0 0 0 0 0 0 0 0 0 0 0 0 0 0 0 0 0 0 0 0 0 0 0 0 0 0 0 0 0 0 0 0 0 0 0 0 0 0 0 0 0 0 0 0 0 0 0 0 0 0 0 0]
[4757859831939117213722069536961897792990904391963190415626486463126350642060785822433693689040942036063928360079314369890217319527274516500659459803030615944437646539460997825429554977468437472089322970017887710224190931311639241382846634358928956597038553649327126504773487089767890361022226821492739491318526765814397 0 0 0 0 0 0 0 0 0 0 0 0 0 0 0 0 0 0 0 0 0 1 0 0 0 0 0 0 0 0 0 0 0 0 0 0 0 0 0 0 0 0 0 0 0 0 0 0 0 0 0 0 0 0 0 0 0 0 0 0 0 0 0 0 0 0 0 0 0 0 0 0 0 0 0 0 0 0 0 0 0 0 0 0 0 0 0 0 0 0 0 0 0 0 0 0 0 0 0 0 0 0 0 0 0]
[7683441593870453959551080288367813436007991805634075501664771846633501855832784345793309437901801496678824582411463518154518804716101502106362299575818967572929907780174355991284762008602697630361245131264655905873286539579011802441724816635596911341281732356934836899382947937793943154002784755286177309628661641741107 0 0 0 0 0 0 0 0 0 0 0 0 0 0 0 0 0 0 0 0 0 0 1 0 0 0 0 0 0 0 0 0 0 0 0 0 0 0 0 0 0 0 0 0 0 0 0 0 0 0 0 0 0 0 0 0 0 0 0 0 0 0 0 0 0 0 0 0 0 0 0 0 0 0 0 0 0 0 0 0 0 0 0 0 0 0 0 0 0 0 0 0 0 0 0 0 0 0 0 0 0 0 0 0 0]
[7184849417198796469214954819086171582858119381952830216754300558177497974644939832610694454243899635989590313123125374835421803347137361772765967432723242951749960641970287889495552283825964244266313911071484560341481920027391586704938642781178861179722811684891378226735564002037402076268973920066229564528177991045731 0 0 0 0 0 0 0 0 0 0 0 0 0 0 0 0 0 0 0 0 0 0 0 1 0 0 0 0 0 0 0 0 0 0 0 0 0 0 0 0 0 0 0 0 0 0 0 0 0 0 0 0 0 0 0 0 0 0 0 0 0 0 0 0 0 0 0 0 0 0 0 0 0 0 0 0 0 0 0 0 0 0 0 0 0 0 0 0 0 0 0 0 0 0 0 0 0 0 0 0 0 0 0 0 0]
[6299508127331377317241524764327764118830455201671158542276323592427641597047789706357312494207816433687076559158700260871130127228318698020282531802284320864549350185534355179615605826992964121670234584744962105655000893107517583553067470548243645084981585658214238072794716643259313692310190363673187980983045113998023 0 0 0 0 0 0 0 0 0 0 0 0 0 0 0 0 0 0 0 0 0 0 0 0 1 0 0 0 0 0 0 0 0 0 0 0 0 0 0 0 0 0 0 0 0 0 0 0 0 0 0 0 0 0 0 0 0 0 0 0 0 0 0 0 0 0 0 0 0 0 0 0 0 0 0 0 0 0 0 0 0 0 0 0 0 0 0 0 0 0 0 0 0 0 0 0 0 0 0 0 0 0 0 0 0]
[5543934092994174348090354537689492799259555362915079192298024301186836543944514700208711186775449059847394179918404001559093304228900968465117970895953688967921766726353698706322204882913529727832681164230072790709568687858344350935097886452624583143788030482551305419498904346278309289970477919798719932472139756127226 0 0 0 0 0 0 0 0 0 0 0 0 0 0 0 0 0 0 0 0 0 0 0 0 0 1 0 0 0 0 0 0 0 0 0 0 0 0 0 0 0 0 0 0 0 0 0 0 0 0 0 0 0 0 0 0 0 0 0 0 0 0 0 0 0 0 0 0 0 0 0 0 0 0 0 0 0 0 0 0 0 0 0 0 0 0 0 0 0 0 0 0 0 0 0 0 0 0 0 0 0 0 0 0 0]
[39484457339048698374500017989820879881142511142361452896033779932270028970739179375751843525171764630209036407698952272333235267116996311598632396442738201876461820919203882274120881601719555712051698573973579493362119994058446316952548214876721559825673394582706325607709195403667021448853559636328505933318165593168 0 0 0 0 0 0 0 0 0 0 0 0 0 0 0 0 0 0 0 0 0 0 0 0 0 0 1 0 0 0 0 0 0 0 0 0 0 0 0 0 0 0 0 0 0 0 0 0 0 0 0 0 0 0 0 0 0 0 0 0 0 0 0 0 0 0 0 0 0 0 0 0 0 0 0 0 0 0 0 0 0 0 0 0 0 0 0 0 0 0 0 0 0 0 0 0 0 0 0 0 0 0 0 0 0]
[71364277296067832447480335987436767250397699933530519196760576252062704279676181172937067859387547946365099691312736460565370786627633325078185776300194706231038879559073451248822179794748491372101761188235770908040793899551528191739140298963260551184940339806211182938817074321661427460697892366660265033943933598488 0 0 0 0 0 0 0 0 0 0 0 0 0 0 0 0 0 0 0 0 0 0 0 0 0 0 0 1 0 0 0 0 0 0 0 0 0 0 0 0 0 0 0 0 0 0 0 0 0 0 0 0 0 0 0 0 0 0 0 0 0 0 0 0 0 0 0 0 0 0 0 0 0 0 0 0 0 0 0 0 0 0 0 0 0 0 0 0 0 0 0 0 0 0 0 0 0 0 0 0 0 0 0 0 0]
[1604230975695183596753357933121996620084265346175465133738731026516930212256487127868423889058677305559962988251202644223122285150841754960385967927147369614062024057601609113911688175676324831075162002302824085871285615025827846622521192908373362372715435937941262417843355946216245705850365064293137445217767079758451 0 0 0 0 0 0 0 0 0 0 0 0 0 0 0 0 0 0 0 0 0 0 0 0 0 0 0 0 1 0 0 0 0 0 0 0 0 0 0 0 0 0 0 0 0 0 0 0 0 0 0 0 0 0 0 0 0 0 0 0 0 0 0 0 0 0 0 0 0 0 0 0 0 0 0 0 0 0 0 0 0 0 0 0 0 0 0 0 0 0 0 0 0 0 0 0 0 0 0 0 0 0 0 0 0]
[6217630265357895348275303329908138096091629166662581203708994327103905518724081317436233854168101856600243128688079936880771170238446516971514150532335015162062164529257250607248503570147946927199364640023209333966710484683450409464515745948610058894061191817720834839297175299896890026565509645162342368576277541557973 0 0 0 0 0 0 0 0 0 0 0 0 0 0 0 0 0 0 0 0 0 0 0 0 0 0 0 0 0 1 0 0 0 0 0 0 0 0 0 0 0 0 0 0 0 0 0 0 0 0 0 0 0 0 0 0 0 0 0 0 0 0 0 0 0 0 0 0 0 0 0 0 0 0 0 0 0 0 0 0 0 0 0 0 0 0 0 0 0 0 0 0 0 0 0 0 0 0 0 0 0 0 0 0 0]
[6232267027375516816277032552897200314397710034236338955081915901947593547528455918576156368652260313619350901837030994467217351665900641171113092690408633451109972638571553469329799118650792634451448253311992731627552158349429075432676988634453901207787769480037109838324073532700534952492232775676925928495646527890135 0 0 0 0 0 0 0 0 0 0 0 0 0 0 0 0 0 0 0 0 0 0 0 0 0 0 0 0 0 0 1 0 0 0 0 0 0 0 0 0 0 0 0 0 0 0 0 0 0 0 0 0 0 0 0 0 0 0 0 0 0 0 0 0 0 0 0 0 0 0 0 0 0 0 0 0 0 0 0 0 0 0 0 0 0 0 0 0 0 0 0 0 0 0 0 0 0 0 0 0 0 0 0 0 0]
[8237905222093036855047176395815518135243329265474742602892442947596602223957196058092969069857679091243050347465341696856797212373132488725680641644425109333853300472664808689079304132346531959834969782456099478762352038746673220132768664856962489314243743203078727657966720859106447674930500774647542491750622190570098 0 0 0 0 0 0 0 0 0 0 0 0 0 0 0 0 0 0 0 0 0 0 0 0 0 0 0 0 0 0 0 1 0 0 0 0 0 0 0 0 0 0 0 0 0 0 0 0 0 0 0 0 0 0 0 0 0 0 0 0 0 0 0 0 0 0 0 0 0 0 0 0 0 0 0 0 0 0 0 0 0 0 0 0 0 0 0 0 0 0 0 0 0 0 0 0 0 0 0 0 0 0 0 0 0]
[5676588200190546816413892151085032619328987456794844459474821651612746423691680590740473669956949065336040950162653051307757933316136590169245999284475869078610814639883434243791937291707149072560433671688012548281540252566455297018333010407288694375313506674065913373521009656837931759482266452035847938373741687672075 0 0 0 0 0 0 0 0 0 0 0 0 0 0 0 0 0 0 0 0 0 0 0 0 0 0 0 0 0 0 0 0 1 0 0 0 0 0 0 0 0 0 0 0 0 0 0 0 0 0 0 0 0 0 0 0 0 0 0 0 0 0 0 0 0 0 0 0 0 0 0 0 0 0 0 0 0 0 0 0 0 0 0 0 0 0 0 0 0 0 0 0 0 0 0 0 0 0 0 0 0 0 0 0 0]
[7402207484647053968876532519834471652366867022775874365824603650574979984456039909406467602652770871407099803252233364079443917852928594582015793598730745000610909634090146629695300383153740260966504979621154668354218091472413019621415349551009110595475310381732245461277985443613490065734674743493064429886262539986551 0 0 0 0 0 0 0 0 0 0 0 0 0 0 0 0 0 0 0 0 0 0 0 0 0 0 0 0 0 0 0 0 0 1 0 0 0 0 0 0 0 0 0 0 0 0 0 0 0 0 0 0 0 0 0 0 0 0 0 0 0 0 0 0 0 0 0 0 0 0 0 0 0 0 0 0 0 0 0 0 0 0 0 0 0 0 0 0 0 0 0 0 0 0 0 0 0 0 0 0 0 0 0 0 0]
[3625691517152889408705561826685170628785314629235393121403257383856864075531207145395406717820935132560267302993259898169301488123795924974807273865069649933209344827733228191275446452797022886966470482009928033124049086203874841215831654233826128639761885204764669540162906220428995451553913345547573278922501421345581 0 0 0 0 0 0 0 0 0 0 0 0 0 0 0 0 0 0 0 0 0 0 0 0 0 0 0 0 0 0 0 0 0 0 1 0 0 0 0 0 0 0 0 0 0 0 0 0 0 0 0 0 0 0 0 0 0 0 0 0 0 0 0 0 0 0 0 0 0 0 0 0 0 0 0 0 0 0 0 0 0 0 0 0 0 0 0 0 0 0 0 0 0 0 0 0 0 0 0 0 0 0 0 0 0]
[1313150052396383076439618784657419877938709992911983603702022635411328041466380200956463186317764914584459771166010674105878484136011627142489697793030649726920563910004457911958926856714051662109473282467943814639311009783756231333965369374290341797128832766053916511271231753689182228412982313170929366011631184836158 0 0 0 0 0 0 0 0 0 0 0 0 0 0 0 0 0 0 0 0 0 0 0 0 0 0 0 0 0 0 0 0 0 0 0 1 0 0 0 0 0 0 0 0 0 0 0 0 0 0 0 0 0 0 0 0 0 0 0 0 0 0 0 0 0 0 0 0 0 0 0 0 0 0 0 0 0 0 0 0 0 0 0 0 0 0 0 0 0 0 0 0 0 0 0 0 0 0 0 0 0 0 0 0 0]
[5951456594128575307801070514875791048600184995130495435978109189350205350876891039895851098198617616708495769999682884121024145758806612843857260681731225997264599447324833364618207557480803733525439461432909385760679538545603915242986778303180623463336939389255459549662046724896096496012244476872306200743883028920190 0 0 0 0 0 0 0 0 0 0 0 0 0 0 0 0 0 0 0 0 0 0 0 0 0 0 0 0 0 0 0 0 0 0 0 0 1 0 0 0 0 0 0 0 0 0 0 0 0 0 0 0 0 0 0 0 0 0 0 0 0 0 0 0 0 0 0 0 0 0 0 0 0 0 0 0 0 0 0 0 0 0 0 0 0 0 0 0 0 0 0 0 0 0 0 0 0 0 0 0 0 0 0 0 0]
[5504744269826319279951823222086652241503741904375436139521644738830366043178685525842052258856871583958715641750188628445728117979272137323602625031658634400300307497885577240145294961551531321309931224281037068511417626704115987986800669998668110426490933114779280419627075478950619823327250439527999888953416804248720 0 0 0 0 0 0 0 0 0 0 0 0 0 0 0 0 0 0 0 0 0 0 0 0 0 0 0 0 0 0 0 0 0 0 0 0 0 1 0 0 0 0 0 0 0 0 0 0 0 0 0 0 0 0 0 0 0 0 0 0 0 0 0 0 0 0 0 0 0 0 0 0 0 0 0 0 0 0 0 0 0 0 0 0 0 0 0 0 0 0 0 0 0 0 0 0 0 0 0 0 0 0 0 0 0]
[6294200586061261432804072982659365191059984083252856759504705984539202287560020488025233923842932561314826289278487250376644374318152344863219359974898395991238741850579268540136673471808484881954590737421211601399609739456582040074847722309429142056581505623594011956354043504855101987012681323807325508398003659568831 0 0 0 0 0 0 0 0 0 0 0 0 0 0 0 0 0 0 0 0 0 0 0 0 0 0 0 0 0 0 0 0 0 0 0 0 0 0 1 0 0 0 0 0 0 0 0 0 0 0 0 0 0 0 0 0 0 0 0 0 0 0 0 0 0 0 0 0 0 0 0 0 0 0 0 0 0 0 0 0 0 0 0 0 0 0 0 0 0 0 0 0 0 0 0 0 0 0 0 0 0 0 0 0 0]
[5117450020347677603259308047625871048652791442095046785467054023542260282876970917860171638101262448992830517887005728348420288360258961386690670201507486577266180296199749179070349419828272154474184830503959854918443603701004898487510794664540300669943391739245638214060197723975055767557347234562337631845221032021050 0 0 0 0 0 0 0 0 0 0 0 0 0 0 0 0 0 0 0 0 0 0 0 0 0 0 0 0 0 0 0 0 0 0 0 0 0 0 0 1 0 0 0 0 0 0 0 0 0 0 0 0 0 0 0 0 0 0 0 0 0 0 0 0 0 0 0 0 0 0 0 0 0 0 0 0 0 0 0 0 0 0 0 0 0 0 0 0 0 0 0 0 0 0 0 0 0 0 0 0 0 0 0 0 0]
[5038979193124063335421945385056341038657099986331841855787192501365451653108258150847542457063517040902864380236293020161889967719395650128497203472349859708683528916309122232268613891011681275863088833022482814261675536907828369076855327450687592488205418885871147188800576679440210792371499718538103263178384281384583 0 0 0 0 0 0 0 0 0 0 0 0 0 0 0 0 0 0 0 0 0 0 0 0 0 0 0 0 0 0 0 0 0 0 0 0 0 0 0 0 1 0 0 0 0 0 0 0 0 0 0 0 0 0 0 0 0 0 0 0 0 0 0 0 0 0 0 0 0 0 0 0 0 0 0 0 0 0 0 0 0 0 0 0 0 0 0 0 0 0 0 0 0 0 0 0 0 0 0 0 0 0 0 0 0]
[4256870547086820348511646975718086643848263630856558481038029774473839353069076962244222323077361997167132811705160042690925364957304774802903938512824272322232038137460219993398064542319475613660026372570850675219044787388639209631816640869901938610425761695230877068571481584364129762418414456264892259603851099825499 0 0 0 0 0 0 0 0 0 0 0 0 0 0 0 0 0 0 0 0 0 0 0 0 0 0 0 0 0 0 0 0 0 0 0 0 0 0 0 0 0 1 0 0 0 0 0 0 0 0 0 0 0 0 0 0 0 0 0 0 0 0 0 0 0 0 0 0 0 0 0 0 0 0 0 0 0 0 0 0 0 0 0 0 0 0 0 0 0 0 0 0 0 0 0 0 0 0 0 0 0 0 0 0 0]
[283370028248148445130441352790626377902994314182771779054402588151557034949765443797946391313694084123247960110364326972569018341935561423779946600308842419888090342805750938250855614513033499988167026635383189609285828891326039568859938349092037720458145427424519793497143258432645991891670497011721112161983395160708 0 0 0 0 0 0 0 0 0 0 0 0 0 0 0 0 0 0 0 0 0 0 0 0 0 0 0 0 0 0 0 0 0 0 0 0 0 0 0 0 0 0 1 0 0 0 0 0 0 0 0 0 0 0 0 0 0 0 0 0 0 0 0 0 0 0 0 0 0 0 0 0 0 0 0 0 0 0 0 0 0 0 0 0 0 0 0 0 0 0 0 0 0 0 0 0 0 0 0 0 0 0 0 0 0]
[8187098064595197923184550433164846232396711885456166107336394938906407928438484433167657983590255363872044451204598379670832580747485800808222834438409589420489700894433802973400861021471522339154365981802283865843204203433128863781267242609076465702977527737187872551560529326370929063703157078346687334395108443877248 0 0 0 0 0 0 0 0 0 0 0 0 0 0 0 0 0 0 0 0 0 0 0 0 0 0 0 0 0 0 0 0 0 0 0 0 0 0 0 0 0 0 0 1 0 0 0 0 0 0 0 0 0 0 0 0 0 0 0 0 0 0 0 0 0 0 0 0 0 0 0 0 0 0 0 0 0 0 0 0 0 0 0 0 0 0 0 0 0 0 0 0 0 0 0 0 0 0 0 0 0 0 0 0 0]
[3598518337479603314670506395714847102368269624928375400911116558984980861761041457357810373181694437514098367154471585384111330220355647704580981675743796437848052170805129558595228675991400983064584342460508997366074428211196984182987559212696173947592177154812198660554588232378717816077570865827540444202449202664417 0 0 0 0 0 0 0 0 0 0 0 0 0 0 0 0 0 0 0 0 0 0 0 0 0 0 0 0 0 0 0 0 0 0 0 0 0 0 0 0 0 0 0 0 1 0 0 0 0 0 0 0 0 0 0 0 0 0 0 0 0 0 0 0 0 0 0 0 0 0 0 0 0 0 0 0 0 0 0 0 0 0 0 0 0 0 0 0 0 0 0 0 0 0 0 0 0 0 0 0 0 0 0 0 0]
[3417957327472904125127400091146015065161836452766636724382010101690365472158455862605342065944062171350516878090506124134073160076271477867563952718890389673382633219336169981653083373151019560832459386491726772375783551232439995768835935692805071657579904205501308987950380779616197892554999511056788503523528347819011 0 0 0 0 0 0 0 0 0 0 0 0 0 0 0 0 0 0 0 0 0 0 0 0 0 0 0 0 0 0 0 0 0 0 0 0 0 0 0 0 0 0 0 0 0 1 0 0 0 0 0 0 0 0 0 0 0 0 0 0 0 0 0 0 0 0 0 0 0 0 0 0 0 0 0 0 0 0 0 0 0 0 0 0 0 0 0 0 0 0 0 0 0 0 0 0 0 0 0 0 0 0 0 0 0]
[6042013780939348765467772681960417207225046749559433063490126477428346852087964682609561955738638239922556814425868252086875497805415433285191529659036430465169729613632410301039947910517026193881630690264490306334200136580539120909967931080736575103131136780236144820410750675092120193363171518064463998305732997210384 0 0 0 0 0 0 0 0 0 0 0 0 0 0 0 0 0 0 0 0 0 0 0 0 0 0 0 0 0 0 0 0 0 0 0 0 0 0 0 0 0 0 0 0 0 0 1 0 0 0 0 0 0 0 0 0 0 0 0 0 0 0 0 0 0 0 0 0 0 0 0 0 0 0 0 0 0 0 0 0 0 0 0 0 0 0 0 0 0 0 0 0 0 0 0 0 0 0 0 0 0 0 0 0 0]
[2402787121262289536906108111550231434305832734565083190039145479306729633455589498046924452214885409517261746272947227098202251024491965251139430235016627516970216470248926036992259760032402620441797234858161978768541503697053247113136239945768307472521806791452680456515281606419603129216478544878403210412199199515218 0 0 0 0 0 0 0 0 0 0 0 0 0 0 0 0 0 0 0 0 0 0 0 0 0 0 0 0 0 0 0 0 0 0 0 0 0 0 0 0 0 0 0 0 0 0 0 1 0 0 0 0 0 0 0 0 0 0 0 0 0 0 0 0 0 0 0 0 0 0 0 0 0 0 0 0 0 0 0 0 0 0 0 0 0 0 0 0 0 0 0 0 0 0 0 0 0 0 0 0 0 0 0 0 0]
[5092036642689991903806133358620221371053036032758691796133682717749201900463065345993423870283699574442669316476905987595536042345989022227811552021951875984973169099930831002739778412673855453509993111944309023096723436589122835520493039346532027734856659055723184364513795869955666795472473029473720719262754336768662 0 0 0 0 0 0 0 0 0 0 0 0 0 0 0 0 0 0 0 0 0 0 0 0 0 0 0 0 0 0 0 0 0 0 0 0 0 0 0 0 0 0 0 0 0 0 0 0 1 0 0 0 0 0 0 0 0 0 0 0 0 0 0 0 0 0 0 0 0 0 0 0 0 0 0 0 0 0 0 0 0 0 0 0 0 0 0 0 0 0 0 0 0 0 0 0 0 0 0 0 0 0 0 0 0]
[4363658216608894435833429025809066370724125442475684570358288674177799330436499337786989752539771222145610877852339485416502600391184003688556784967536520201331025645296769302488196015480734637154628677808047878201790277650173520959955128659276338033504174950001243045098674677187612192862857092993477739766559071184319 0 0 0 0 0 0 0 0 0 0 0 0 0 0 0 0 0 0 0 0 0 0 0 0 0 0 0 0 0 0 0 0 0 0 0 0 0 0 0 0 0 0 0 0 0 0 0 0 0 1 0 0 0 0 0 0 0 0 0 0 0 0 0 0 0 0 0 0 0 0 0 0 0 0 0 0 0 0 0 0 0 0 0 0 0 0 0 0 0 0 0 0 0 0 0 0 0 0 0 0 0 0 0 0 0]
[4397989729227731022895615304611736891752172610045174614105898075328053746741101469906430048312107392609867924937850171509087499450142545830806069076367683990690051025618688071074149341163795259311814337744960236549788123990647699527282864206213435906885535697789839797334859654684647618774791968335264426299002611631260 0 0 0 0 0 0 0 0 0 0 0 0 0 0 0 0 0 0 0 0 0 0 0 0 0 0 0 0 0 0 0 0 0 0 0 0 0 0 0 0 0 0 0 0 0 0 0 0 0 0 1 0 0 0 0 0 0 0 0 0 0 0 0 0 0 0 0 0 0 0 0 0 0 0 0 0 0 0 0 0 0 0 0 0 0 0 0 0 0 0 0 0 0 0 0 0 0 0 0 0 0 0 0 0 0]
[3421009327102403757590271990631632762998604352539042797348589843066456317751221334162876531307810164849028285829202412255199885467840403813406725696502631394910108322619931832582362205866319488410730495855955134703637783760578397105244895521530756357446409643536826838495355478692685023813488548726775916757757437852958 0 0 0 0 0 0 0 0 0 0 0 0 0 0 0 0 0 0 0 0 0 0 0 0 0 0 0 0 0 0 0 0 0 0 0 0 0 0 0 0 0 0 0 0 0 0 0 0 0 0 0 1 0 0 0 0 0 0 0 0 0 0 0 0 0 0 0 0 0 0 0 0 0 0 0 0 0 0 0 0 0 0 0 0 0 0 0 0 0 0 0 0 0 0 0 0 0 0 0 0 0 0 0 0 0]
[482961487902095756864189957559412522293361401868048388258507195951015028032901996221402942521306598861268913761285619255532156284670883333895185491728207585487796151351143527040371355556537812141129095457325674140246988897286793269774925419064333554925747826240804258024081529979773750567765361823298425144840290330093 0 0 0 0 0 0 0 0 0 0 0 0 0 0 0 0 0 0 0 0 0 0 0 0 0 0 0 0 0 0 0 0 0 0 0 0 0 0 0 0 0 0 0 0 0 0 0 0 0 0 0 0 1 0 0 0 0 0 0 0 0 0 0 0 0 0 0 0 0 0 0 0 0 0 0 0 0 0 0 0 0 0 0 0 0 0 0 0 0 0 0 0 0 0 0 0 0 0 0 0 0 0 0 0 0]
[1521894281076981210542190897029422714144822197257665166297578136574502140200590268529978516701518968924228317228005746248841153802236149964394051741562875083091025184592486454106932857829398283288164103124355464271213328148073094507812633404924102860369225877087616320896354787877177227508638204554919513279170189535450 0 0 0 0 0 0 0 0 0 0 0 0 0 0 0 0 0 0 0 0 0 0 0 0 0 0 0 0 0 0 0 0 0 0 0 0 0 0 0 0 0 0 0 0 0 0 0 0 0 0 0 0 0 1 0 0 0 0 0 0 0 0 0 0 0 0 0 0 0 0 0 0 0 0 0 0 0 0 0 0 0 0 0 0 0 0 0 0 0 0 0 0 0 0 0 0 0 0 0 0 0 0 0 0 0]
[3952583456214829071298770396087747614533374512634043782973040550544647009033352893780269393037633535607922358743319177711582070106218258914579206019340467995042893360346822262898777378892994931549939343089385683290940946280649888148771985245108093314645406578600937768772794750726473646808749810517331460694299440896800 0 0 0 0 0 0 0 0 0 0 0 0 0 0 0 0 0 0 0 0 0 0 0 0 0 0 0 0 0 0 0 0 0 0 0 0 0 0 0 0 0 0 0 0 0 0 0 0 0 0 0 0 0 0 1 0 0 0 0 0 0 0 0 0 0 0 0 0 0 0 0 0 0 0 0 0 0 0 0 0 0 0 0 0 0 0 0 0 0 0 0 0 0 0 0 0 0 0 0 0 0 0 0 0 0]
[7507640954143270196615143727737076389566965819434793983925944298871011705856074737697659205765967865018133661031070137730552072608382097870472902618297952515060132237858426960913877891793016930735154749487013598838330039557457791655201015442739879413391186748457484776856862187997527315873014771635308554870311006351527 0 0 0 0 0 0 0 0 0 0 0 0 0 0 0 0 0 0 0 0 0 0 0 0 0 0 0 0 0 0 0 0 0 0 0 0 0 0 0 0 0 0 0 0 0 0 0 0 0 0 0 0 0 0 0 1 0 0 0 0 0 0 0 0 0 0 0 0 0 0 0 0 0 0 0 0 0 0 0 0 0 0 0 0 0 0 0 0 0 0 0 0 0 0 0 0 0 0 0 0 0 0 0 0 0]
[5677136806801077670920767338864240344806741236756193178804565329027509257589682496582126972497814017599336797769697092040863051200274572049424870140893631354926454732485112883665088866032785417023728211056249956717216215428507127317953852760822936070326874345139536946706810720268285374344451151190354823932279349230923 0 0 0 0 0 0 0 0 0 0 0 0 0 0 0 0 0 0 0 0 0 0 0 0 0 0 0 0 0 0 0 0 0 0 0 0 0 0 0 0 0 0 0 0 0 0 0 0 0 0 0 0 0 0 0 0 1 0 0 0 0 0 0 0 0 0 0 0 0 0 0 0 0 0 0 0 0 0 0 0 0 0 0 0 0 0 0 0 0 0 0 0 0 0 0 0 0 0 0 0 0 0 0 0 0]
[7111241611068332841879688760276690377058680932454892139437425145508385617636930866236571346680543158190857243325389417452521019839722638960611945955016388621638467102538417930481625622091969359247185130775626287929912473407775157512689261642169168440870150247244634164559866347145763273429026994204375170387905658432252 0 0 0 0 0 0 0 0 0 0 0 0 0 0 0 0 0 0 0 0 0 0 0 0 0 0 0 0 0 0 0 0 0 0 0 0 0 0 0 0 0 0 0 0 0 0 0 0 0 0 0 0 0 0 0 0 0 1 0 0 0 0 0 0 0 0 0 0 0 0 0 0 0 0 0 0 0 0 0 0 0 0 0 0 0 0 0 0 0 0 0 0 0 0 0 0 0 0 0 0 0 0 0 0 0]
[6782997343510728181715153334106069166571128561512844660200123378820647406346437903031321482330762637069328042521314250127920419650379194990729427099617152169778506620006078165564683354824341827269556861317855985195248233077559759462747305897424568210979421436688034073850735680351726829496043482150169121966509770667686 0 0 0 0 0 0 0 0 0 0 0 0 0 0 0 0 0 0 0 0 0 0 0 0 0 0 0 0 0 0 0 0 0 0 0 0 0 0 0 0 0 0 0 0 0 0 0 0 0 0 0 0 0 0 0 0 0 0 1 0 0 0 0 0 0 0 0 0 0 0 0 0 0 0 0 0 0 0 0 0 0 0 0 0 0 0 0 0 0 0 0 0 0 0 0 0 0 0 0 0 0 0 0 0 0]
[5434587170741898535202461022074056945461269318443293161288359138673378068348751552736349521029587750392515218484125041840490055848726043595826211457163219698446593301757239714785926372098204712412229017881736771579609203684938009659777777447442437777191052547285841101831597706667387404038401429074758985290742805769954 0 0 0 0 0 0 0 0 0 0 0 0 0 0 0 0 0 0 0 0 0 0 0 0 0 0 0 0 0 0 0 0 0 0 0 0 0 0 0 0 0 0 0 0 0 0 0 0 0 0 0 0 0 0 0 0 0 0 0 1 0 0 0 0 0 0 0 0 0 0 0 0 0 0 0 0 0 0 0 0 0 0 0 0 0 0 0 0 0 0 0 0 0 0 0 0 0 0 0 0 0 0 0 0 0]
[1626257388662898263623142585647338997364494954749903160426973050795375855125773645541330485670750736283760240591343773935507256517344683960021019124998489939899534491622013189002028651971313633080326036747009947343839134812232371124000764915724726597803547190234142058737026730297063507347195815714837105889436315984629 0 0 0 0 0 0 0 0 0 0 0 0 0 0 0 0 0 0 0 0 0 0 0 0 0 0 0 0 0 0 0 0 0 0 0 0 0 0 0 0 0 0 0 0 0 0 0 0 0 0 0 0 0 0 0 0 0 0 0 0 1 0 0 0 0 0 0 0 0 0 0 0 0 0 0 0 0 0 0 0 0 0 0 0 0 0 0 0 0 0 0 0 0 0 0 0 0 0 0 0 0 0 0 0 0]
[4435512055800162879358226393979056609921788317005876676790716665451701518583235424895920155131345064920539571379442086131193748621702457591071070806591563891536851999921684367160337893689272083227558461021236169694073452320039807728400962969203772195245474147802077473781831747834264185329960659791690102555982779894250 0 0 0 0 0 0 0 0 0 0 0 0 0 0 0 0 0 0 0 0 0 0 0 0 0 0 0 0 0 0 0 0 0 0 0 0 0 0 0 0 0 0 0 0 0 0 0 0 0 0 0 0 0 0 0 0 0 0 0 0 0 1 0 0 0 0 0 0 0 0 0 0 0 0 0 0 0 0 0 0 0 0 0 0 0 0 0 0 0 0 0 0 0 0 0 0 0 0 0 0 0 0 0 0 0]
[8092038190439645970093723933208585455916734400628376683519922744028652851324029413088914906604304754496744728979088381736411661849385224156445105658206528126758319370899395591322911870165336912112653908910842141527585644939101997527995651402378212962832189774900921575740569490227447272245939137068791111897664451627263 0 0 0 0 0 0 0 0 0 0 0 0 0 0 0 0 0 0 0 0 0 0 0 0 0 0 0 0 0 0 0 0 0 0 0 0 0 0 0 0 0 0 0 0 0 0 0 0 0 0 0 0 0 0 0 0 0 0 0 0 0 0 1 0 0 0 0 0 0 0 0 0 0 0 0 0 0 0 0 0 0 0 0 0 0 0 0 0 0 0 0 0 0 0 0 0 0 0 0 0 0 0 0 0 0]
[3448463282507840745397010447072606006487388381840016552520014616711609945311212241579754998567111103787766223278638355564190779432054485829104083505552091688755657093520712536038566849777841430822903743811151902908912666451561726161469135202955326870520285452813836308648868715620667680122867209112552880682954745224941 0 0 0 0 0 0 0 0 0 0 0 0 0 0 0 0 0 0 0 0 0 0 0 0 0 0 0 0 0 0 0 0 0 0 0 0 0 0 0 0 0 0 0 0 0 0 0 0 0 0 0 0 0 0 0 0 0 0 0 0 0 0 0 1 0 0 0 0 0 0 0 0 0 0 0 0 0 0 0 0 0 0 0 0 0 0 0 0 0 0 0 0 0 0 0 0 0 0 0 0 0 0 0 0 0]
[5714782973059475611862903631568638711914214629299524945635880547298236503943658226313049565565549441666182680263542271410536084341527368905969641065665679241393683304150823243132807691445211096385597686586367639432813413301306610981182839752488371757936003430730315096246128564516538050848983766186693988847912306433652 0 0 0 0 0 0 0 0 0 0 0 0 0 0 0 0 0 0 0 0 0 0 0 0 0 0 0 0 0 0 0 0 0 0 0 0 0 0 0 0 0 0 0 0 0 0 0 0 0 0 0 0 0 0 0 0 0 0 0 0 0 0 0 0 1 0 0 0 0 0 0 0 0 0 0 0 0 0 0 0 0 0 0 0 0 0 0 0 0 0 0 0 0 0 0 0 0 0 0 0 0 0 0 0 0]
[5265983508265485633092007762536668838178667980200235118703894384202032588781866924939031808792850211422862823562223073215804598304313784402152314962346838246489809827520654503319822158681625813017067605971921182797531188547952199758345304548828100433463706934322678569246113357641377501106638723010842263254320155154692 0 0 0 0 0 0 0 0 0 0 0 0 0 0 0 0 0 0 0 0 0 0 0 0 0 0 0 0 0 0 0 0 0 0 0 0 0 0 0 0 0 0 0 0 0 0 0 0 0 0 0 0 0 0 0 0 0 0 0 0 0 0 0 0 0 1 0 0 0 0 0 0 0 0 0 0 0 0 0 0 0 0 0 0 0 0 0 0 0 0 0 0 0 0 0 0 0 0 0 0 0 0 0 0 0]
[1509663705581665335663947923293404895334954984890711517199836119779852927624585252648986911646590490859154765139984302782648169108519825260732990883039830446244193325203473203110743905946820736914582436388148507970747377998792348939737620530800999700201529317619228281465692770005897637150545277831442790440566009059980 0 0 0 0 0 0 0 0 0 0 0 0 0 0 0 0 0 0 0 0 0 0 0 0 0 0 0 0 0 0 0 0 0 0 0 0 0 0 0 0 0 0 0 0 0 0 0 0 0 0 0 0 0 0 0 0 0 0 0 0 0 0 0 0 0 0 1 0 0 0 0 0 0 0 0 0 0 0 0 0 0 0 0 0 0 0 0 0 0 0 0 0 0 0 0 0 0 0 0 0 0 0 0 0 0]
[2495730875898129820203100060211639168329520874346381925496977795627658322174451854384200617223687282239162115806577888874680449721641364726718610141868740039375740158408826635993270445385687878288197677116959326709503344562504978682753234922576153148770477475977568855274004424773569301266719759217268866141017980780553 0 0 0 0 0 0 0 0 0 0 0 0 0 0 0 0 0 0 0 0 0 0 0 0 0 0 0 0 0 0 0 0 0 0 0 0 0 0 0 0 0 0 0 0 0 0 0 0 0 0 0 0 0 0 0 0 0 0 0 0 0 0 0 0 0 0 0 1 0 0 0 0 0 0 0 0 0 0 0 0 0 0 0 0 0 0 0 0 0 0 0 0 0 0 0 0 0 0 0 0 0 0 0 0 0]
[2317990269984285937316621693943879807448552910627810363967001178998939875320377052235663682876507227010324109932802251128421025115516105933558647804384473858820669523024601004282210200340726864344743528031357717210014555586800445458473116688263212854935345716220164075278545451555123267640574548015185923451267050095780 0 0 0 0 0 0 0 0 0 0 0 0 0 0 0 0 0 0 0 0 0 0 0 0 0 0 0 0 0 0 0 0 0 0 0 0 0 0 0 0 0 0 0 0 0 0 0 0 0 0 0 0 0 0 0 0 0 0 0 0 0 0 0 0 0 0 0 0 1 0 0 0 0 0 0 0 0 0 0 0 0 0 0 0 0 0 0 0 0 0 0 0 0 0 0 0 0 0 0 0 0 0 0 0 0]
[3253350679045798265125607695468308449537771411300830292108453746111288378336278719893753771604978693271154859268111792370439864086166788590049211440839223075497862816593620526168065898208072726670735674574391598275602514980433954726778771153413100510888069491152383112568372950340365981292380766602809981616041067100917 0 0 0 0 0 0 0 0 0 0 0 0 0 0 0 0 0 0 0 0 0 0 0 0 0 0 0 0 0 0 0 0 0 0 0 0 0 0 0 0 0 0 0 0 0 0 0 0 0 0 0 0 0 0 0 0 0 0 0 0 0 0 0 0 0 0 0 0 0 1 0 0 0 0 0 0 0 0 0 0 0 0 0 0 0 0 0 0 0 0 0 0 0 0 0 0 0 0 0 0 0 0 0 0 0]
[2980367651895666352977578863535261330059867436912212877240758203570441530702357304556054569780968751237963117053376290281764581935917818549466443754608957698192403886097424383732225252228967820354663012071175608103247453236218105221891554660859589624375219137159459064462199957670821878861831561874432897587014604983232 0 0 0 0 0 0 0 0 0 0 0 0 0 0 0 0 0 0 0 0 0 0 0 0 0 0 0 0 0 0 0 0 0 0 0 0 0 0 0 0 0 0 0 0 0 0 0 0 0 0 0 0 0 0 0 0 0 0 0 0 0 0 0 0 0 0 0 0 0 0 1 0 0 0 0 0 0 0 0 0 0 0 0 0 0 0 0 0 0 0 0 0 0 0 0 0 0 0 0 0 0 0 0 0 0]
[1131343012395042266778616503225134609745886415277358089717391069135856640955020020699637801940236531349322502860835976910068195404464383719741381584409589126650706328557117333221398824638105397640252838312856361232825045216205763155149211011564109811595234380419658613383585701236576277928445572068759747926559888115462 0 0 0 0 0 0 0 0 0 0 0 0 0 0 0 0 0 0 0 0 0 0 0 0 0 0 0 0 0 0 0 0 0 0 0 0 0 0 0 0 0 0 0 0 0 0 0 0 0 0 0 0 0 0 0 0 0 0 0 0 0 0 0 0 0 0 0 0 0 0 0 1 0 0 0 0 0 0 0 0 0 0 0 0 0 0 0 0 0 0 0 0 0 0 0 0 0 0 0 0 0 0 0 0 0]
[7629815600178481700241294574020417938198200226894097432430124364973597703890535576703916237548458899877033009910076901807809580700651685490282062653553909540345910412993736748646467665733747091774373947839715862907502767191509581420370390622489053339926338040543475801395444468259297377375718688556711812934031505912825 0 0 0 0 0 0 0 0 0 0 0 0 0 0 0 0 0 0 0 0 0 0 0 0 0 0 0 0 0 0 0 0 0 0 0 0 0 0 0 0 0 0 0 0 0 0 0 0 0 0 0 0 0 0 0 0 0 0 0 0 0 0 0 0 0 0 0 0 0 0 0 0 1 0 0 0 0 0 0 0 0 0 0 0 0 0 0 0 0 0 0 0 0 0 0 0 0 0 0 0 0 0 0 0 0]
[4540404446908689754965470577487064382626659964911977859791877221683522042325930791041760695522623623244029839516618171427144246569346538283747724866735833293597571587460148854152139817988400964120445000634658921180509586471432124175388234196740202351711720514959791454007836249320798278747724534622569615817845873658539 0 0 0 0 0 0 0 0 0 0 0 0 0 0 0 0 0 0 0 0 0 0 0 0 0 0 0 0 0 0 0 0 0 0 0 0 0 0 0 0 0 0 0 0 0 0 0 0 0 0 0 0 0 0 0 0 0 0 0 0 0 0 0 0 0 0 0 0 0 0 0 0 0 1 0 0 0 0 0 0 0 0 0 0 0 0 0 0 0 0 0 0 0 0 0 0 0 0 0 0 0 0 0 0 0]
[6506858879490067999474813907428181070191273832199405422605749660207232472478661403234434435999134402036012010468907847193940565340557289883768083907900597054981921277746842302228722554307404561125513443493739422881586944209830622441309294919391368125174221252886973266367709065404489361605639634261337049700512594622752 0 0 0 0 0 0 0 0 0 0 0 0 0 0 0 0 0 0 0 0 0 0 0 0 0 0 0 0 0 0 0 0 0 0 0 0 0 0 0 0 0 0 0 0 0 0 0 0 0 0 0 0 0 0 0 0 0 0 0 0 0 0 0 0 0 0 0 0 0 0 0 0 0 0 1 0 0 0 0 0 0 0 0 0 0 0 0 0 0 0 0 0 0 0 0 0 0 0 0 0 0 0 0 0 0]
[1634029231653035340638261922017908054237989645098354346437849220877258443242028372500763477665564678920858639871797839071012752689162003339505100389190949896251215844070490487093018163473639035005171589243896149291276160631359306729545654508269497129712140740905957625930991720242774702568863825058852400441656323621675 0 0 0 0 0 0 0 0 0 0 0 0 0 0 0 0 0 0 0 0 0 0 0 0 0 0 0 0 0 0 0 0 0 0 0 0 0 0 0 0 0 0 0 0 0 0 0 0 0 0 0 0 0 0 0 0 0 0 0 0 0 0 0 0 0 0 0 0 0 0 0 0 0 0 0 1 0 0 0 0 0 0 0 0 0 0 0 0 0 0 0 0 0 0 0 0 0 0 0 0 0 0 0 0 0]
[4091530038525046354476786448795724114617673015707597196146676644408241516362678897476844310568051413828747631173749969581072355942917187575560711571073402430200526120320102956302847234790300803624054760827997657627178204559967516369911224185358948559310011751692610813737693640409709301860518709086175978836906718663637 0 0 0 0 0 0 0 0 0 0 0 0 0 0 0 0 0 0 0 0 0 0 0 0 0 0 0 0 0 0 0 0 0 0 0 0 0 0 0 0 0 0 0 0 0 0 0 0 0 0 0 0 0 0 0 0 0 0 0 0 0 0 0 0 0 0 0 0 0 0 0 0 0 0 0 0 1 0 0 0 0 0 0 0 0 0 0 0 0 0 0 0 0 0 0 0 0 0 0 0 0 0 0 0 0]
[1678652458064665212447478920946383166223207658006668248598604302436511096402735272678574132396542862384779145761784426923875650722263245528831981648691351745670022307873816530967502412236800693760737922062298006228036985343264340262489189989720136483671118590479840891581815610676846846059442913372161482361909770539104 0 0 0 0 0 0 0 0 0 0 0 0 0 0 0 0 0 0 0 0 0 0 0 0 0 0 0 0 0 0 0 0 0 0 0 0 0 0 0 0 0 0 0 0 0 0 0 0 0 0 0 0 0 0 0 0 0 0 0 0 0 0 0 0 0 0 0 0 0 0 0 0 0 0 0 0 0 1 0 0 0 0 0 0 0 0 0 0 0 0 0 0 0 0 0 0 0 0 0 0 0 0 0 0 0]
[3050929717016585497282613555586651205577608086640467522688323453388745208446705585116405296921222242952538223950705624178665625245633219689805282500706077761887813650683505590568157257979656526643423948158897741627742708685263403046519462608853115547104799939729198469706365677233553382955969018207552076590262017139313 0 0 0 0 0 0 0 0 0 0 0 0 0 0 0 0 0 0 0 0 0 0 0 0 0 0 0 0 0 0 0 0 0 0 0 0 0 0 0 0 0 0 0 0 0 0 0 0 0 0 0 0 0 0 0 0 0 0 0 0 0 0 0 0 0 0 0 0 0 0 0 0 0 0 0 0 0 0 1 0 0 0 0 0 0 0 0 0 0 0 0 0 0 0 0 0 0 0 0 0 0 0 0 0 0]
[6199172452406238368446786518792860822980545335704471584606539243631323410665016499979437123034719862193089729470293949939790175429430739536367841594926164525809140742754241793450843340898805206545960952203776926512961888168557573731565168495561436507890977109610416789844228970628202448457790799293634491009002226143270 0 0 0 0 0 0 0 0 0 0 0 0 0 0 0 0 0 0 0 0 0 0 0 0 0 0 0 0 0 0 0 0 0 0 0 0 0 0 0 0 0 0 0 0 0 0 0 0 0 0 0 0 0 0 0 0 0 0 0 0 0 0 0 0 0 0 0 0 0 0 0 0 0 0 0 0 0 0 0 1 0 0 0 0 0 0 0 0 0 0 0 0 0 0 0 0 0 0 0 0 0 0 0 0 0]
[1419411666099585717062339145342010288011695091292066819908388132063571965601318896083388197458292192211969325671971825500052594511603669136999522416545132461726155625070863617870313010484011870302817350781596153429778533572869524933261197357642825067198913906890080371978120166063868616811868269539614316330023610040975 0 0 0 0 0 0 0 0 0 0 0 0 0 0 0 0 0 0 0 0 0 0 0 0 0 0 0 0 0 0 0 0 0 0 0 0 0 0 0 0 0 0 0 0 0 0 0 0 0 0 0 0 0 0 0 0 0 0 0 0 0 0 0 0 0 0 0 0 0 0 0 0 0 0 0 0 0 0 0 0 1 0 0 0 0 0 0 0 0 0 0 0 0 0 0 0 0 0 0 0 0 0 0 0 0]
[1538035580727881512298446312320877445020990522861713634324703973094850951837373756048627307915117118519643086261631618872521949239932483927683305902532027472077827138615144007589068577297218233348260095702518884630223455991418582273067740438049200093445850547423825657767616762793034663697499877872848204470236436490501 0 0 0 0 0 0 0 0 0 0 0 0 0 0 0 0 0 0 0 0 0 0 0 0 0 0 0 0 0 0 0 0 0 0 0 0 0 0 0 0 0 0 0 0 0 0 0 0 0 0 0 0 0 0 0 0 0 0 0 0 0 0 0 0 0 0 0 0 0 0 0 0 0 0 0 0 0 0 0 0 0 1 0 0 0 0 0 0 0 0 0 0 0 0 0 0 0 0 0 0 0 0 0 0 0]
[6315170924908340957173857882056626283085371571159944797001432467079295885097544275390152507566685011943714220842222353619211592704720463373314607528119866515565759466811672535978806621937946652306212557405989832084262823182232133220696697114593732539348386413281759817279789280941379524453589946616414497304094382645039 0 0 0 0 0 0 0 0 0 0 0 0 0 0 0 0 0 0 0 0 0 0 0 0 0 0 0 0 0 0 0 0 0 0 0 0 0 0 0 0 0 0 0 0 0 0 0 0 0 0 0 0 0 0 0 0 0 0 0 0 0 0 0 0 0 0 0 0 0 0 0 0 0 0 0 0 0 0 0 0 0 0 1 0 0 0 0 0 0 0 0 0 0 0 0 0 0 0 0 0 0 0 0 0 0]
[4851644809720868173321148515043396895517659795820913075973636202899518953423917438735356792308282003305912753300066783524661859499555198693558658222544516376577298299912793756251583842508040068445396987362285419671721941759038273264910792781481687726585590886277919095586153948544012592703282125827227746875559302996815 0 0 0 0 0 0 0 0 0 0 0 0 0 0 0 0 0 0 0 0 0 0 0 0 0 0 0 0 0 0 0 0 0 0 0 0 0 0 0 0 0 0 0 0 0 0 0 0 0 0 0 0 0 0 0 0 0 0 0 0 0 0 0 0 0 0 0 0 0 0 0 0 0 0 0 0 0 0 0 0 0 0 0 1 0 0 0 0 0 0 0 0 0 0 0 0 0 0 0 0 0 0 0 0 0]
[4688342722297430200790886893069089590870398190678588147430711881329750263831110024511309351232635749343551717523178523872290599800380543028407852343255984845280072022319349026025565159063462154425999144445521556743419324295029320293047050759201062073195555785736560165329032558433122499630971174390635952091548196404467 0 0 0 0 0 0 0 0 0 0 0 0 0 0 0 0 0 0 0 0 0 0 0 0 0 0 0 0 0 0 0 0 0 0 0 0 0 0 0 0 0 0 0 0 0 0 0 0 0 0 0 0 0 0 0 0 0 0 0 0 0 0 0 0 0 0 0 0 0 0 0 0 0 0 0 0 0 0 0 0 0 0 0 0 1 0 0 0 0 0 0 0 0 0 0 0 0 0 0 0 0 0 0 0 0]
[6100283570196309179872270361643056101987905966297177984074440568043284433415686498102477104398735956316044054232335223363094639617936134508068554159597221291812288085386081110902260534280708264503639973090608236903064658746632324565987544961123028567779642582644559748605693993855253861464308957217525370733430244847132 0 0 0 0 0 0 0 0 0 0 0 0 0 0 0 0 0 0 0 0 0 0 0 0 0 0 0 0 0 0 0 0 0 0 0 0 0 0 0 0 0 0 0 0 0 0 0 0 0 0 0 0 0 0 0 0 0 0 0 0 0 0 0 0 0 0 0 0 0 0 0 0 0 0 0 0 0 0 0 0 0 0 0 0 0 1 0 0 0 0 0 0 0 0 0 0 0 0 0 0 0 0 0 0 0]
[2052710468074833304649227676922300950316469758518522781852674149362042438953891969363252408279797775982520140902039329480425232028850626910986578556484518211173394594600330361301743288240900528795892257362945378613691773359163436269700263954622476189196599534105711774835334687808398210864726919509249855970812260719745 0 0 0 0 0 0 0 0 0 0 0 0 0 0 0 0 0 0 0 0 0 0 0 0 0 0 0 0 0 0 0 0 0 0 0 0 0 0 0 0 0 0 0 0 0 0 0 0 0 0 0 0 0 0 0 0 0 0 0 0 0 0 0 0 0 0 0 0 0 0 0 0 0 0 0 0 0 0 0 0 0 0 0 0 0 0 1 0 0 0 0 0 0 0 0 0 0 0 0 0 0 0 0 0 0]
[1790453979056100187573623845523048857407594363902687852869337490147394593853282605102607221113052031080391980691296967776964382187456282802760924052558408986455985931021993085907547275976531686331964503813954141609418814893936352229330790595674767398829328874027394354566610694013678573334614670730635487055550308120747 0 0 0 0 0 0 0 0 0 0 0 0 0 0 0 0 0 0 0 0 0 0 0 0 0 0 0 0 0 0 0 0 0 0 0 0 0 0 0 0 0 0 0 0 0 0 0 0 0 0 0 0 0 0 0 0 0 0 0 0 0 0 0 0 0 0 0 0 0 0 0 0 0 0 0 0 0 0 0 0 0 0 0 0 0 0 0 1 0 0 0 0 0 0 0 0 0 0 0 0 0 0 0 0 0]
[3534982247098517482546690919954166289198074027090582909392687728140771063409965881100247996660614335401640434139659130941714353836530097897901208267742270978295812206233953387467358555624878702376092399642392502505217052570537614190275165604051159072476100620089678312634440309708818603672656410484694196826145887141400 0 0 0 0 0 0 0 0 0 0 0 0 0 0 0 0 0 0 0 0 0 0 0 0 0 0 0 0 0 0 0 0 0 0 0 0 0 0 0 0 0 0 0 0 0 0 0 0 0 0 0 0 0 0 0 0 0 0 0 0 0 0 0 0 0 0 0 0 0 0 0 0 0 0 0 0 0 0 0 0 0 0 0 0 0 0 0 0 1 0 0 0 0 0 0 0 0 0 0 0 0 0 0 0 0]
[8351723595888242624934064047467506034455305542810321182304789405034176360561288796331975431311270395499044972537484736259280109375360332981634554911079932672069048711312205022138570871761430561529549169653166962446096180538245835909968299210434283367889809642625139759347265230543517485714173199018920875971504689606137 0 0 0 0 0 0 0 0 0 0 0 0 0 0 0 0 0 0 0 0 0 0 0 0 0 0 0 0 0 0 0 0 0 0 0 0 0 0 0 0 0 0 0 0 0 0 0 0 0 0 0 0 0 0 0 0 0 0 0 0 0 0 0 0 0 0 0 0 0 0 0 0 0 0 0 0 0 0 0 0 0 0 0 0 0 0 0 0 0 1 0 0 0 0 0 0 0 0 0 0 0 0 0 0 0]
[4355747564294978197748970424397411392004903648241962033677120750231550738295398382576142871721292130403955289918001265053932044034455753446262976116808824417131542839596206748267083426249559874989108114766443362752646265286903280150004946625002596337653636652122752675022462205145608058414019082718304409163664766693955 0 0 0 0 0 0 0 0 0 0 0 0 0 0 0 0 0 0 0 0 0 0 0 0 0 0 0 0 0 0 0 0 0 0 0 0 0 0 0 0 0 0 0 0 0 0 0 0 0 0 0 0 0 0 0 0 0 0 0 0 0 0 0 0 0 0 0 0 0 0 0 0 0 0 0 0 0 0 0 0 0 0 0 0 0 0 0 0 0 0 1 0 0 0 0 0 0 0 0 0 0 0 0 0 0]
[4712425171534730975547194164165192107293187599719568766352859727690177842282923681947190376093889620720213359376288953021327340506822818221130719150989933862912750751137211390472129589837321611140608668847608974301243903867902751704276714050690352101274949630131158743368273729330061429697638792584136520858339584073364 0 0 0 0 0 0 0 0 0 0 0 0 0 0 0 0 0 0 0 0 0 0 0 0 0 0 0 0 0 0 0 0 0 0 0 0 0 0 0 0 0 0 0 0 0 0 0 0 0 0 0 0 0 0 0 0 0 0 0 0 0 0 0 0 0 0 0 0 0 0 0 0 0 0 0 0 0 0 0 0 0 0 0 0 0 0 0 0 0 0 0 1 0 0 0 0 0 0 0 0 0 0 0 0 0]
[386476673930376318636205208309741897775306352526017366156722379856229922249657628276536741984636394146636944398201068116677117891813314107958313564491608513074836997732519162524652459753243083937955170212107966585462484568607140069240127830330899794381970595020057274927214751240626036933244869715283683138571498624223 0 0 0 0 0 0 0 0 0 0 0 0 0 0 0 0 0 0 0 0 0 0 0 0 0 0 0 0 0 0 0 0 0 0 0 0 0 0 0 0 0 0 0 0 0 0 0 0 0 0 0 0 0 0 0 0 0 0 0 0 0 0 0 0 0 0 0 0 0 0 0 0 0 0 0 0 0 0 0 0 0 0 0 0 0 0 0 0 0 0 0 0 1 0 0 0 0 0 0 0 0 0 0 0 0]
[7468600500402144401707192822718415010158311710282653908273991753984207613456247840077989311943113941035922734579068267274287343867911926519725622755740924607838152862541051380997311057451980267636921160132523379914267861257383843434628428786385424474370315417646903980026607958703396557883976939702485756070009766852978 0 0 0 0 0 0 0 0 0 0 0 0 0 0 0 0 0 0 0 0 0 0 0 0 0 0 0 0 0 0 0 0 0 0 0 0 0 0 0 0 0 0 0 0 0 0 0 0 0 0 0 0 0 0 0 0 0 0 0 0 0 0 0 0 0 0 0 0 0 0 0 0 0 0 0 0 0 0 0 0 0 0 0 0 0 0 0 0 0 0 0 0 0 1 0 0 0 0 0 0 0 0 0 0 0]
[3413409355952016054194365867847064060229728378362187610874796673176128408555532906040911092033653871420679537154605919353004089063895689030201374920071346397390585827380876635680092213021610756449626705061798629894596528886057183101639419797319738800585870616240192359476335844767383551095677371393469169860093453662546 0 0 0 0 0 0 0 0 0 0 0 0 0 0 0 0 0 0 0 0 0 0 0 0 0 0 0 0 0 0 0 0 0 0 0 0 0 0 0 0 0 0 0 0 0 0 0 0 0 0 0 0 0 0 0 0 0 0 0 0 0 0 0 0 0 0 0 0 0 0 0 0 0 0 0 0 0 0 0 0 0 0 0 0 0 0 0 0 0 0 0 0 0 0 1 0 0 0 0 0 0 0 0 0 0]
[1331068430288921949759544696095090095627099378085089577948818223101152817743764668011056158384863479723609514279602334573773597595770315143995678061729685116965588014873335628406216055320334865016214809981552271621638001946678374744750382732158146932060155433187874118109160483352368863038318498460475872222242462254155 0 0 0 0 0 0 0 0 0 0 0 0 0 0 0 0 0 0 0 0 0 0 0 0 0 0 0 0 0 0 0 0 0 0 0 0 0 0 0 0 0 0 0 0 0 0 0 0 0 0 0 0 0 0 0 0 0 0 0 0 0 0 0 0 0 0 0 0 0 0 0 0 0 0 0 0 0 0 0 0 0 0 0 0 0 0 0 0 0 0 0 0 0 0 0 1 0 0 0 0 0 0 0 0 0]
[4487924406333836009019492408567039342396042728665842069972153031542942048824944296162992662692506325551316769364658191203127389985239531533393040929699423673555405706600452092368579134004337885227189883524213908151009521822930929188909153292305153805836052182075258126836142663470463573244417712759383801515988548947629 0 0 0 0 0 0 0 0 0 0 0 0 0 0 0 0 0 0 0 0 0 0 0 0 0 0 0 0 0 0 0 0 0 0 0 0 0 0 0 0 0 0 0 0 0 0 0 0 0 0 0 0 0 0 0 0 0 0 0 0 0 0 0 0 0 0 0 0 0 0 0 0 0 0 0 0 0 0 0 0 0 0 0 0 0 0 0 0 0 0 0 0 0 0 0 0 1 0 0 0 0 0 0 0 0]
[2751270221279061281666114163414674002587088544305080735364769550640608793933018861022115041827480457600103999044871402247521960052827180575215123907306849118071514635158139631976816815023530094339125051042078061533405741322742893506111131053482340963196037351653250051123054969799486297154679921629401918697050524584958 0 0 0 0 0 0 0 0 0 0 0 0 0 0 0 0 0 0 0 0 0 0 0 0 0 0 0 0 0 0 0 0 0 0 0 0 0 0 0 0 0 0 0 0 0 0 0 0 0 0 0 0 0 0 0 0 0 0 0 0 0 0 0 0 0 0 0 0 0 0 0 0 0 0 0 0 0 0 0 0 0 0 0 0 0 0 0 0 0 0 0 0 0 0 0 0 0 1 0 0 0 0 0 0 0]
[6386904304504293950384478290431185961958795358722591571967515259258991060833306991767898356493867080521071658768387915985263528218882405041996855049348215242341301600056947033086243563624632949412878943458885115421311499473333461065816812268851304422860369820144995036386413175206226841945191268775849533425705717659560 0 0 0 0 0 0 0 0 0 0 0 0 0 0 0 0 0 0 0 0 0 0 0 0 0 0 0 0 0 0 0 0 0 0 0 0 0 0 0 0 0 0 0 0 0 0 0 0 0 0 0 0 0 0 0 0 0 0 0 0 0 0 0 0 0 0 0 0 0 0 0 0 0 0 0 0 0 0 0 0 0 0 0 0 0 0 0 0 0 0 0 0 0 0 0 0 0 0 1 0 0 0 0 0 0]
[6222867128017827657365809481229137382142155695640222221486267387252097649907781619321856903330067502765955095176748589235342676055554719843463058703097876858356928460114609004598598773832441345686437709431871523117071820740943177809192057897783647659256259141046795348748080859740654956745054436748081456691228461657554 0 0 0 0 0 0 0 0 0 0 0 0 0 0 0 0 0 0 0 0 0 0 0 0 0 0 0 0 0 0 0 0 0 0 0 0 0 0 0 0 0 0 0 0 0 0 0 0 0 0 0 0 0 0 0 0 0 0 0 0 0 0 0 0 0 0 0 0 0 0 0 0 0 0 0 0 0 0 0 0 0 0 0 0 0 0 0 0 0 0 0 0 0 0 0 0 0 0 0 1 0 0 0 0 0]
[3122492706050158869958656933873141503780969151353836585619464691001416073348203924304259173166669543385559464990186847008823612629997523700385019386456861341514926795165630007890765429850423721083389504448771314369061769071726761213665321410660839580477409643771526946434643552404794370810057631144915268891676289149228 0 0 0 0 0 0 0 0 0 0 0 0 0 0 0 0 0 0 0 0 0 0 0 0 0 0 0 0 0 0 0 0 0 0 0 0 0 0 0 0 0 0 0 0 0 0 0 0 0 0 0 0 0 0 0 0 0 0 0 0 0 0 0 0 0 0 0 0 0 0 0 0 0 0 0 0 0 0 0 0 0 0 0 0 0 0 0 0 0 0 0 0 0 0 0 0 0 0 0 0 1 0 0 0 0]
[6832702477664614076641784166590779132617210730978059779137106454277692430447549782192685730082165747498557113041379472258469385297173142926106031636348212368973929709458308498158371282329765423448057200280449489153996658705916873602908659889495970350203629287142898030239228463181087477693000720661229175222603449000022 0 0 0 0 0 0 0 0 0 0 0 0 0 0 0 0 0 0 0 0 0 0 0 0 0 0 0 0 0 0 0 0 0 0 0 0 0 0 0 0 0 0 0 0 0 0 0 0 0 0 0 0 0 0 0 0 0 0 0 0 0 0 0 0 0 0 0 0 0 0 0 0 0 0 0 0 0 0 0 0 0 0 0 0 0 0 0 0 0 0 0 0 0 0 0 0 0 0 0 0 0 1 0 0 0]
[3000240286282540995674238990696252384318611844740806324615373942447868843439072313979020990174758805400756102725537522219196569544766713047865387847757527513207643537867249737811707649306673210981309829490829078210499041152971454207359802421828052399173816046776124854896333871695209856379589044825763968683243645836557 0 0 0 0 0 0 0 0 0 0 0 0 0 0 0 0 0 0 0 0 0 0 0 0 0 0 0 0 0 0 0 0 0 0 0 0 0 0 0 0 0 0 0 0 0 0 0 0 0 0 0 0 0 0 0 0 0 0 0 0 0 0 0 0 0 0 0 0 0 0 0 0 0 0 0 0 0 0 0 0 0 0 0 0 0 0 0 0 0 0 0 0 0 0 0 0 0 0 0 0 0 0 1 0 0]
[4060901124957678717245740757647514589485698768321347820491995913455077015637800410000226816412235699703635516905465656256401600893092749503169116998456812654625980453122148932855470585066997153862842563832441932151129845839350927590788363486188890248438347054937780260932827801759199774315846149936141722367084026596678 0 0 0 0 0 0 0 0 0 0 0 0 0 0 0 0 0 0 0 0 0 0 0 0 0 0 0 0 0 0 0 0 0 0 0 0 0 0 0 0 0 0 0 0 0 0 0 0 0 0 0 0 0 0 0 0 0 0 0 0 0 0 0 0 0 0 0 0 0 0 0 0 0 0 0 0 0 0 0 0 0 0 0 0 0 0 0 0 0 0 0 0 0 0 0 0 0 0 0 0 0 0 0 1 0]
[1009358098603840966496111233352744879700696061545158317931718382819793331246216214633231525963393856450670236597408242305640672686323639529774341097655227851058505161998120045481833058134675013554501574604779383266016811190883437981793017377148608620212232826619775557463216662610156333141072525015027259899796103188281 0 0 0 0 0 0 0 0 0 0 0 0 0 0 0 0 0 0 0 0 0 0 0 0 0 0 0 0 0 0 0 0 0 0 0 0 0 0 0 0 0 0 0 0 0 0 0 0 0 0 0 0 0 0 0 0 0 0 0 0 0 0 0 0 0 0 0 0 0 0 0 0 0 0 0 0 0 0 0 0 0 0 0 0 0 0 0 0 0 0 0 0 0 0 0 0 0 0 0 0 0 0 0 0 1]
]
