[[7876058377031784129384184492997727142253313707144066291076313373446757154731814412988732757628741889933366000314467246788608143594943363329896714272034784597109385588195998861508828359584848721721936136878515083561595516395228465492038906490452184892784496804359149337839980758838831 0 0 0 0 0 0 0 0 0 0 0 0 0 0 0 0 0 0 0 0 0 0 0 0 0 0 0 0 0 0 0 0 0 0 0 0 0 0 0 0 0 0 0 0 0 0 0 0 0 0 0 0 0 0 0 0 0 0 0 0 0 0 0 0 0 0 0 0 0 0 0 0 0 0 0 0 0 0 0 0 0 0 0 0 0 0 0 0 0 0 0 0 0]
[2402915319707797569993155733555850904914536466529995394066976648252562407570775017526668435993137832842542430348831492820589433996520222170103125602245822312381180617719172332731798850268606340835525376379633345984408899337112843561151504387126144693503271947800544912285010755084570 1 0 0 0 0 0 0 0 0 0 0 0 0 0 0 0 0 0 0 0 0 0 0 0 0 0 0 0 0 0 0 0 0 0 0 0 0 0 0 0 0 0 0 0 0 0 0 0 0 0 0 0 0 0 0 0 0 0 0 0 0 0 0 0 0 0 0 0 0 0 0 0 0 0 0 0 0 0 0 0 0 0 0 0 0 0 0 0 0 0 0 0 0]
[1627302574380765312847107861630268323523152112617209052847619968299180019878363302545737695681114046320021298821782753461669709039561708433124686863380813077030916480305686136799456437605601137921989836226037749021378965822087092694183409065209049895613447616125914466688419911392239 0 1 0 0 0 0 0 0 0 0 0 0 0 0 0 0 0 0 0 0 0 0 0 0 0 0 0 0 0 0 0 0 0 0 0 0 0 0 0 0 0 0 0 0 0 0 0 0 0 0 0 0 0 0 0 0 0 0 0 0 0 0 0 0 0 0 0 0 0 0 0 0 0 0 0 0 0 0 0 0 0 0 0 0 0 0 0 0 0 0 0 0 0]
[5813007049509457164658422497657420287277501065494701674656078746904635846915178184651273471942691850116059982228368613094424168080448286541821342731036220213595133313104133038443473393469022790967353809024971288237424609744162857588859180933385028486143166902839739256900146491358041 0 0 1 0 0 0 0 0 0 0 0 0 0 0 0 0 0 0 0 0 0 0 0 0 0 0 0 0 0 0 0 0 0 0 0 0 0 0 0 0 0 0 0 0 0 0 0 0 0 0 0 0 0 0 0 0 0 0 0 0 0 0 0 0 0 0 0 0 0 0 0 0 0 0 0 0 0 0 0 0 0 0 0 0 0 0 0 0 0 0 0 0 0]
[3539299235847008699046865454389560398691614245223098210352441217459411639562215626827350425518401904248896885782821200193777069536710101066068902183246241290870569806620061501229565057921865405421376634658761461030208916340740935014428357517109266457625920698614859119116740708376108 0 0 0 1 0 0 0 0 0 0 0 0 0 0 0 0 0 0 0 0 0 0 0 0 0 0 0 0 0 0 0 0 0 0 0 0 0 0 0 0 0 0 0 0 0 0 0 0 0 0 0 0 0 0 0 0 0 0 0 0 0 0 0 0 0 0 0 0 0 0 0 0 0 0 0 0 0 0 0 0 0 0 0 0 0 0 0 0 0 0 0 0 0]
[7543279526393309489071583850391568365095730332484670049393351723851367975704877907694818790444222984149821808915865693499455609735888152201561203407254342582927673183416268870135555954924161889782577122762819854644096182144938580225395178807968001235463036906620826237237565553899731 0 0 0 0 1 0 0 0 0 0 0 0 0 0 0 0 0 0 0 0 0 0 0 0 0 0 0 0 0 0 0 0 0 0 0 0 0 0 0 0 0 0 0 0 0 0 0 0 0 0 0 0 0 0 0 0 0 0 0 0 0 0 0 0 0 0 0 0 0 0 0 0 0 0 0 0 0 0 0 0 0 0 0 0 0 0 0 0 0 0 0 0 0]
[1582536719555988582043128946784589341406874657189046105265009964916501732204858111947594288788863997649179701117890745667184912865501124606262162921339926581336097081812606582817950209991331800371907639601471117453874423803151264904316686694239855041240722236490254845432195282157929 0 0 0 0 0 1 0 0 0 0 0 0 0 0 0 0 0 0 0 0 0 0 0 0 0 0 0 0 0 0 0 0 0 0 0 0 0 0 0 0 0 0 0 0 0 0 0 0 0 0 0 0 0 0 0 0 0 0 0 0 0 0 0 0 0 0 0 0 0 0 0 0 0 0 0 0 0 0 0 0 0 0 0 0 0 0 0 0 0 0 0 0 0]
[3073844000252690504704680419060392294401076287073395169250959518303908405021150090484011222929883304161911199488479077378890935133238146433928056578653402016849309518538607183773592901967335039697438166727958409463759571707897760116922280454621948632470954564074008947417990238704914 0 0 0 0 0 0 1 0 0 0 0 0 0 0 0 0 0 0 0 0 0 0 0 0 0 0 0 0 0 0 0 0 0 0 0 0 0 0 0 0 0 0 0 0 0 0 0 0 0 0 0 0 0 0 0 0 0 0 0 0 0 0 0 0 0 0 0 0 0 0 0 0 0 0 0 0 0 0 0 0 0 0 0 0 0 0 0 0 0 0 0 0 0]
[4250259400513863021018287507993290515881649588348751091923596515087444436782515432895146637109927291842574409940708633237504156795005558854812992517470287788042344975128422918164493228875628440722853333441152390697844302262892008365226972814617397832670868159477228536864127379665505 0 0 0 0 0 0 0 1 0 0 0 0 0 0 0 0 0 0 0 0 0 0 0 0 0 0 0 0 0 0 0 0 0 0 0 0 0 0 0 0 0 0 0 0 0 0 0 0 0 0 0 0 0 0 0 0 0 0 0 0 0 0 0 0 0 0 0 0 0 0 0 0 0 0 0 0 0 0 0 0 0 0 0 0 0 0 0 0 0 0 0 0 0]
[7558127026245786417454743346945821476098132190273458397476396401211510392253246785862612569521476252530543233765641391636393172539795122997161639507137481394623816782433309652551594827421674694703385219863732500254736351577807805883640779824857749889413634263300478829583875930060921 0 0 0 0 0 0 0 0 1 0 0 0 0 0 0 0 0 0 0 0 0 0 0 0 0 0 0 0 0 0 0 0 0 0 0 0 0 0 0 0 0 0 0 0 0 0 0 0 0 0 0 0 0 0 0 0 0 0 0 0 0 0 0 0 0 0 0 0 0 0 0 0 0 0 0 0 0 0 0 0 0 0 0 0 0 0 0 0 0 0 0 0 0]
[6902096425035230036012799411485919773320228771098898978447072181304990889739840490169938267202759932616569998384567566240790431451375389839961526609396581850166324633926025916410647648216704680126123161754549729856388781850808809855971142197230187527573021644722973274974292318503515 0 0 0 0 0 0 0 0 0 1 0 0 0 0 0 0 0 0 0 0 0 0 0 0 0 0 0 0 0 0 0 0 0 0 0 0 0 0 0 0 0 0 0 0 0 0 0 0 0 0 0 0 0 0 0 0 0 0 0 0 0 0 0 0 0 0 0 0 0 0 0 0 0 0 0 0 0 0 0 0 0 0 0 0 0 0 0 0 0 0 0 0 0]
[7805482150451614551714628282928507170304015763487453360215926611983971794654023154735913989180818431143093597946945268204118995510393386204496658972192605859512335830636651491586039190176949550537967042781586013581015130017826897218776558807141185132821623872142916562585713116946894 0 0 0 0 0 0 0 0 0 0 1 0 0 0 0 0 0 0 0 0 0 0 0 0 0 0 0 0 0 0 0 0 0 0 0 0 0 0 0 0 0 0 0 0 0 0 0 0 0 0 0 0 0 0 0 0 0 0 0 0 0 0 0 0 0 0 0 0 0 0 0 0 0 0 0 0 0 0 0 0 0 0 0 0 0 0 0 0 0 0 0 0 0]
[7333999949635880645881877348607810576355524185269972599224220547564793504903121648580031868384862737038720666984948283087075610446251392858287665582345653394464278212002362884646711967651798494054506098767459180792380579078020004036414593885727134076561411903346485607077153574090119 0 0 0 0 0 0 0 0 0 0 0 1 0 0 0 0 0 0 0 0 0 0 0 0 0 0 0 0 0 0 0 0 0 0 0 0 0 0 0 0 0 0 0 0 0 0 0 0 0 0 0 0 0 0 0 0 0 0 0 0 0 0 0 0 0 0 0 0 0 0 0 0 0 0 0 0 0 0 0 0 0 0 0 0 0 0 0 0 0 0 0 0 0]
[3438607895686671431222319245802438061000733791990765725030631425099881794783832263082511710554792020482194371186528234709456209891757039206615141220050358749586893580751783890032598865088282982620679076871472938622711552947952208559287600793900737120107978680946600354235613865015695 0 0 0 0 0 0 0 0 0 0 0 0 1 0 0 0 0 0 0 0 0 0 0 0 0 0 0 0 0 0 0 0 0 0 0 0 0 0 0 0 0 0 0 0 0 0 0 0 0 0 0 0 0 0 0 0 0 0 0 0 0 0 0 0 0 0 0 0 0 0 0 0 0 0 0 0 0 0 0 0 0 0 0 0 0 0 0 0 0 0 0 0 0]
[2928981180725427992854145329025989499581768289208816001655779066144563177763149842356748556774660244159389142326777819612911333112846439581669936251827799244744718211743084060482751085767704171890299037287378441563691475072966879071984484442597885318743583515446021424619778997923086 0 0 0 0 0 0 0 0 0 0 0 0 0 1 0 0 0 0 0 0 0 0 0 0 0 0 0 0 0 0 0 0 0 0 0 0 0 0 0 0 0 0 0 0 0 0 0 0 0 0 0 0 0 0 0 0 0 0 0 0 0 0 0 0 0 0 0 0 0 0 0 0 0 0 0 0 0 0 0 0 0 0 0 0 0 0 0 0 0 0 0 0 0]
[7192587314538123328633165388034957965125462450186594548736390382839163834103270247651656874365606243138580513514881003786814650584290015412698564678030406498763866735754986278920291104597056776403338483408928761418468626740512006019703252950238833921645852494038069950485332098004457 0 0 0 0 0 0 0 0 0 0 0 0 0 0 1 0 0 0 0 0 0 0 0 0 0 0 0 0 0 0 0 0 0 0 0 0 0 0 0 0 0 0 0 0 0 0 0 0 0 0 0 0 0 0 0 0 0 0 0 0 0 0 0 0 0 0 0 0 0 0 0 0 0 0 0 0 0 0 0 0 0 0 0 0 0 0 0 0 0 0 0 0 0]
[2558778460872594947142774226303246683635984277608798379538514094921213061990875001847183598790701106562539769527232115926630932502006260055676685499917696826556939136024607238188319791017413652220796039248094808723474575749591110836592568343565245983376113984766035302607087043559896 0 0 0 0 0 0 0 0 0 0 0 0 0 0 0 1 0 0 0 0 0 0 0 0 0 0 0 0 0 0 0 0 0 0 0 0 0 0 0 0 0 0 0 0 0 0 0 0 0 0 0 0 0 0 0 0 0 0 0 0 0 0 0 0 0 0 0 0 0 0 0 0 0 0 0 0 0 0 0 0 0 0 0 0 0 0 0 0 0 0 0 0 0]
[2949278277935213294014995265289220718078274770196392329927110108149723183815420072198081197162654405771636481218799416167151208772837802718942868302950018038303976715901308058286926851152507862405488609741047150887410636259373709848095284157123169996540028189518268029488331627921348 0 0 0 0 0 0 0 0 0 0 0 0 0 0 0 0 1 0 0 0 0 0 0 0 0 0 0 0 0 0 0 0 0 0 0 0 0 0 0 0 0 0 0 0 0 0 0 0 0 0 0 0 0 0 0 0 0 0 0 0 0 0 0 0 0 0 0 0 0 0 0 0 0 0 0 0 0 0 0 0 0 0 0 0 0 0 0 0 0 0 0 0 0]
[6118763421923263275223464684779287792063142585380187076447643972108457896634060705021953984973378601480444227503878180220882392645647912213936914983447936680482302083072539324412977017427573084013684007518083348746727844002158820093339730929830849030419643779413779005094847624361587 0 0 0 0 0 0 0 0 0 0 0 0 0 0 0 0 0 1 0 0 0 0 0 0 0 0 0 0 0 0 0 0 0 0 0 0 0 0 0 0 0 0 0 0 0 0 0 0 0 0 0 0 0 0 0 0 0 0 0 0 0 0 0 0 0 0 0 0 0 0 0 0 0 0 0 0 0 0 0 0 0 0 0 0 0 0 0 0 0 0 0 0 0]
[158911730846079863301178107465782289036019554311500928440659000881676383372067845558390964218769548747512081317980329329273757265264506301820192817340466352309390053057220545917095432344379600939105841338296964693005899596996919965176495736013646361705074102437809539032295302993883 0 0 0 0 0 0 0 0 0 0 0 0 0 0 0 0 0 0 1 0 0 0 0 0 0 0 0 0 0 0 0 0 0 0 0 0 0 0 0 0 0 0 0 0 0 0 0 0 0 0 0 0 0 0 0 0 0 0 0 0 0 0 0 0 0 0 0 0 0 0 0 0 0 0 0 0 0 0 0 0 0 0 0 0 0 0 0 0 0 0 0 0 0]
[7598479886529695965609869153145330956207436548848367281821426189785523146977500544496827689155196612345467396362505098964213723984966901917375155589540947058502729176199973164220602058689347635859930315775141370508290431605528575795273344907351661394583199099126671669283471690667532 0 0 0 0 0 0 0 0 0 0 0 0 0 0 0 0 0 0 0 1 0 0 0 0 0 0 0 0 0 0 0 0 0 0 0 0 0 0 0 0 0 0 0 0 0 0 0 0 0 0 0 0 0 0 0 0 0 0 0 0 0 0 0 0 0 0 0 0 0 0 0 0 0 0 0 0 0 0 0 0 0 0 0 0 0 0 0 0 0 0 0 0 0]
[5715606722059075557192042829849001340869076121859248160676310957157961287643377809735466832456412384468788178335368896957863366801757064794280210416892803886355559663866378904781686064981317195828651469868473078561278056732147343848525382701217696333282721932435850917852314411517795 0 0 0 0 0 0 0 0 0 0 0 0 0 0 0 0 0 0 0 0 1 0 0 0 0 0 0 0 0 0 0 0 0 0 0 0 0 0 0 0 0 0 0 0 0 0 0 0 0 0 0 0 0 0 0 0 0 0 0 0 0 0 0 0 0 0 0 0 0 0 0 0 0 0 0 0 0 0 0 0 0 0 0 0 0 0 0 0 0 0 0 0 0]
[166526978946460994712630867873322034965198625189536371606889734827567073780248634840259568336450016362235831570974525793277089896835198833678327997639463137566782930234805982191784137044377290105643735365762338701809646196865885206775931637117004405920673988618694294268285310337635 0 0 0 0 0 0 0 0 0 0 0 0 0 0 0 0 0 0 0 0 0 1 0 0 0 0 0 0 0 0 0 0 0 0 0 0 0 0 0 0 0 0 0 0 0 0 0 0 0 0 0 0 0 0 0 0 0 0 0 0 0 0 0 0 0 0 0 0 0 0 0 0 0 0 0 0 0 0 0 0 0 0 0 0 0 0 0 0 0 0 0 0 0]
[2505794254491050492635317779715701798703967902521910977164981498058624118472848788106141414242216493312297207198488736375535187155282004580806823784366627863358494073984611736522101992562136883413442553657550440327787445207756868464585155329197678435765943094873357229706482214398235 0 0 0 0 0 0 0 0 0 0 0 0 0 0 0 0 0 0 0 0 0 0 1 0 0 0 0 0 0 0 0 0 0 0 0 0 0 0 0 0 0 0 0 0 0 0 0 0 0 0 0 0 0 0 0 0 0 0 0 0 0 0 0 0 0 0 0 0 0 0 0 0 0 0 0 0 0 0 0 0 0 0 0 0 0 0 0 0 0 0 0 0 0]
[3167215376369310935596003133533801817366897685921132772375653863311310156208619541027140504328471214177643043989224670157929768259034925673227987907670953098749789708968307517743116991915104059490859849606544703745318529655838782026161759598721913676140855169813974180869390677368428 0 0 0 0 0 0 0 0 0 0 0 0 0 0 0 0 0 0 0 0 0 0 0 1 0 0 0 0 0 0 0 0 0 0 0 0 0 0 0 0 0 0 0 0 0 0 0 0 0 0 0 0 0 0 0 0 0 0 0 0 0 0 0 0 0 0 0 0 0 0 0 0 0 0 0 0 0 0 0 0 0 0 0 0 0 0 0 0 0 0 0 0 0]
[4495633483428050042912746377557492669364760207248216970099518875995725917512287030141140272076855251494535972627958083923207818072750839634762719922506200368816037052773247585719220495599147864706491279633636032803405352019750815266133854095027870751466261736330287746145830464670395 0 0 0 0 0 0 0 0 0 0 0 0 0 0 0 0 0 0 0 0 0 0 0 0 1 0 0 0 0 0 0 0 0 0 0 0 0 0 0 0 0 0 0 0 0 0 0 0 0 0 0 0 0 0 0 0 0 0 0 0 0 0 0 0 0 0 0 0 0 0 0 0 0 0 0 0 0 0 0 0 0 0 0 0 0 0 0 0 0 0 0 0 0]
[5024661271232971163163235143989463856864605013445816125201348269974332835365572293417060422550693648673903181716739976206398273130158857906008044617686581140492103076008321878643183127098317041379585920904380162501308056824652586324688759574482809428792589242085319212518746587984747 0 0 0 0 0 0 0 0 0 0 0 0 0 0 0 0 0 0 0 0 0 0 0 0 0 1 0 0 0 0 0 0 0 0 0 0 0 0 0 0 0 0 0 0 0 0 0 0 0 0 0 0 0 0 0 0 0 0 0 0 0 0 0 0 0 0 0 0 0 0 0 0 0 0 0 0 0 0 0 0 0 0 0 0 0 0 0 0 0 0 0 0 0]
[2485372367105003562634335189444746196214003351159095701262834008186664938624346880574037024990981391502424461938819402005034407893115345302656516961633185920736876435010704916539505276343558461393841944152550691110469354439935735596509504711557860333728977228564153148738026354800067 0 0 0 0 0 0 0 0 0 0 0 0 0 0 0 0 0 0 0 0 0 0 0 0 0 0 1 0 0 0 0 0 0 0 0 0 0 0 0 0 0 0 0 0 0 0 0 0 0 0 0 0 0 0 0 0 0 0 0 0 0 0 0 0 0 0 0 0 0 0 0 0 0 0 0 0 0 0 0 0 0 0 0 0 0 0 0 0 0 0 0 0 0]
[7327906348302381370255251608629186365178115375755254912108069275373778075083170772618108419221078342919947969569457143641570397513771265579164812603013485020502813739302060552085163637171929963625615924248266641064287329729225977110791416035679633306098415065276458449563382778208512 0 0 0 0 0 0 0 0 0 0 0 0 0 0 0 0 0 0 0 0 0 0 0 0 0 0 0 1 0 0 0 0 0 0 0 0 0 0 0 0 0 0 0 0 0 0 0 0 0 0 0 0 0 0 0 0 0 0 0 0 0 0 0 0 0 0 0 0 0 0 0 0 0 0 0 0 0 0 0 0 0 0 0 0 0 0 0 0 0 0 0 0 0]
[2691387242745853215888355104828160292364269424328346096339442021054455790522744697059795131211775478366233210972244139421460961881674820217822676869399747615286067677495238096282533496362475485043933417890652550193346311508981088952950949280251369005272287842595705838868194233618784 0 0 0 0 0 0 0 0 0 0 0 0 0 0 0 0 0 0 0 0 0 0 0 0 0 0 0 0 1 0 0 0 0 0 0 0 0 0 0 0 0 0 0 0 0 0 0 0 0 0 0 0 0 0 0 0 0 0 0 0 0 0 0 0 0 0 0 0 0 0 0 0 0 0 0 0 0 0 0 0 0 0 0 0 0 0 0 0 0 0 0 0 0]
[793883476273419364629875627687970511120814367071207974297085415677849295397740845468437451479214436217556372799152456464648701998845907812261998141660850581838609694057553316923727053392788273606158051331830636977165968067102275460684907737436372879621932698231083769922955476236885 0 0 0 0 0 0 0 0 0 0 0 0 0 0 0 0 0 0 0 0 0 0 0 0 0 0 0 0 0 1 0 0 0 0 0 0 0 0 0 0 0 0 0 0 0 0 0 0 0 0 0 0 0 0 0 0 0 0 0 0 0 0 0 0 0 0 0 0 0 0 0 0 0 0 0 0 0 0 0 0 0 0 0 0 0 0 0 0 0 0 0 0 0]
[2777889629202002166159402705911706456174570745669700459849072857529762938257485028164506990238359853411324946464461746091793218289613378478528464943740005296356447042832397179513777072572769893145582688025164910044037462144006022751670387254083365599609216023046326436342681041359721 0 0 0 0 0 0 0 0 0 0 0 0 0 0 0 0 0 0 0 0 0 0 0 0 0 0 0 0 0 0 1 0 0 0 0 0 0 0 0 0 0 0 0 0 0 0 0 0 0 0 0 0 0 0 0 0 0 0 0 0 0 0 0 0 0 0 0 0 0 0 0 0 0 0 0 0 0 0 0 0 0 0 0 0 0 0 0 0 0 0 0 0 0]
[7033792763331284247569661717578140671092616351328968564021001696513533866268497612268339517942833032401464527283754814763549589723622724430812685152882239558237583188935375327670743359159655915670347151589951824952631027333642107414311013589473588518272909282623774653967778531843008 0 0 0 0 0 0 0 0 0 0 0 0 0 0 0 0 0 0 0 0 0 0 0 0 0 0 0 0 0 0 0 1 0 0 0 0 0 0 0 0 0 0 0 0 0 0 0 0 0 0 0 0 0 0 0 0 0 0 0 0 0 0 0 0 0 0 0 0 0 0 0 0 0 0 0 0 0 0 0 0 0 0 0 0 0 0 0 0 0 0 0 0 0]
[5150546518639475395601574434824101851369580978581192408540135914689499127060708840128051813697314527003902537348520872703854029953335988264009519291592480289793718918726706417680446290690991401595704025621313585893422279789021795667130431584693069565039761888204220128365082682858168 0 0 0 0 0 0 0 0 0 0 0 0 0 0 0 0 0 0 0 0 0 0 0 0 0 0 0 0 0 0 0 0 1 0 0 0 0 0 0 0 0 0 0 0 0 0 0 0 0 0 0 0 0 0 0 0 0 0 0 0 0 0 0 0 0 0 0 0 0 0 0 0 0 0 0 0 0 0 0 0 0 0 0 0 0 0 0 0 0 0 0 0 0]
[984870997867917803412132701037305990162611254384457523571585018828364311984838884204216547207325056135730857514198846258892062089236139947889186996943125059127943885729767336676415072071778982693461137693561406508138958876629141950699221370041228560977804636213494086232662798523668 0 0 0 0 0 0 0 0 0 0 0 0 0 0 0 0 0 0 0 0 0 0 0 0 0 0 0 0 0 0 0 0 0 1 0 0 0 0 0 0 0 0 0 0 0 0 0 0 0 0 0 0 0 0 0 0 0 0 0 0 0 0 0 0 0 0 0 0 0 0 0 0 0 0 0 0 0 0 0 0 0 0 0 0 0 0 0 0 0 0 0 0 0]
[901358855292297220454797155063179754736653759166333379769405884157729825989434144469617236352584356673720287675949021311014080395132696493996341708370919890085456370977997208960788589529787006932392403024985519646344238802639825466686724962709189919819391972931926290962208560598514 0 0 0 0 0 0 0 0 0 0 0 0 0 0 0 0 0 0 0 0 0 0 0 0 0 0 0 0 0 0 0 0 0 0 1 0 0 0 0 0 0 0 0 0 0 0 0 0 0 0 0 0 0 0 0 0 0 0 0 0 0 0 0 0 0 0 0 0 0 0 0 0 0 0 0 0 0 0 0 0 0 0 0 0 0 0 0 0 0 0 0 0 0]
[1674610538189281646314199425642630642591026396804197891123963882960448505225866576647748720311804634992324803193059157580731253617325315274112484464886486953186312972018104786270036766971899233061808732381753085419754260507647571648746168734785309021253578622863304979048082084540042 0 0 0 0 0 0 0 0 0 0 0 0 0 0 0 0 0 0 0 0 0 0 0 0 0 0 0 0 0 0 0 0 0 0 0 1 0 0 0 0 0 0 0 0 0 0 0 0 0 0 0 0 0 0 0 0 0 0 0 0 0 0 0 0 0 0 0 0 0 0 0 0 0 0 0 0 0 0 0 0 0 0 0 0 0 0 0 0 0 0 0 0 0]
[757141650593054164638487140466500795630899516921059600348573208765199704161425134909317577631672700611052257146710949474279659903657743033860310731853431335833228493185816423510917395798821852595630641759895624942405682973509058956369253797061692681567862671267224119772521424694078 0 0 0 0 0 0 0 0 0 0 0 0 0 0 0 0 0 0 0 0 0 0 0 0 0 0 0 0 0 0 0 0 0 0 0 0 1 0 0 0 0 0 0 0 0 0 0 0 0 0 0 0 0 0 0 0 0 0 0 0 0 0 0 0 0 0 0 0 0 0 0 0 0 0 0 0 0 0 0 0 0 0 0 0 0 0 0 0 0 0 0 0 0]
[3240223177325414737748618395342652697074011532530758211807201516227978446441504401551388307798963380968757912878725914259030093280723603509506250397666163183589878126079420453876883554822274654635636821173484769843307088802558517601141452095083606092939542313537913188789014632593846 0 0 0 0 0 0 0 0 0 0 0 0 0 0 0 0 0 0 0 0 0 0 0 0 0 0 0 0 0 0 0 0 0 0 0 0 0 1 0 0 0 0 0 0 0 0 0 0 0 0 0 0 0 0 0 0 0 0 0 0 0 0 0 0 0 0 0 0 0 0 0 0 0 0 0 0 0 0 0 0 0 0 0 0 0 0 0 0 0 0 0 0 0]
[2441770921964989670615624966643100399008458685132600618967940971443260431696412734559102678355929392518068178004054104093027037726417040352378924315024604178850134691745107922442799255103251583304872916617380852544828344422192780161927800721686555233247699281854690841126377395734256 0 0 0 0 0 0 0 0 0 0 0 0 0 0 0 0 0 0 0 0 0 0 0 0 0 0 0 0 0 0 0 0 0 0 0 0 0 0 1 0 0 0 0 0 0 0 0 0 0 0 0 0 0 0 0 0 0 0 0 0 0 0 0 0 0 0 0 0 0 0 0 0 0 0 0 0 0 0 0 0 0 0 0 0 0 0 0 0 0 0 0 0 0]
[3484024613417388437868049566542625361189683945570189316820620540187411934381339204551977794099789309378765689400446915952785102201473201580768473165814986807962068790445463805904399032134111866948254767066283046972907926282042852377887674306802773304721936563687528624481698028900725 0 0 0 0 0 0 0 0 0 0 0 0 0 0 0 0 0 0 0 0 0 0 0 0 0 0 0 0 0 0 0 0 0 0 0 0 0 0 0 1 0 0 0 0 0 0 0 0 0 0 0 0 0 0 0 0 0 0 0 0 0 0 0 0 0 0 0 0 0 0 0 0 0 0 0 0 0 0 0 0 0 0 0 0 0 0 0 0 0 0 0 0 0]
[2166773663188770299586819004448747423640182366172723748292267895167568491276030848902747205140187555646644008495499038713319741698760971374498206582369401770646317078681819861935944034055603873312365315062215841522548266665580231502924448128809143602309252483004673222075982825610873 0 0 0 0 0 0 0 0 0 0 0 0 0 0 0 0 0 0 0 0 0 0 0 0 0 0 0 0 0 0 0 0 0 0 0 0 0 0 0 0 1 0 0 0 0 0 0 0 0 0 0 0 0 0 0 0 0 0 0 0 0 0 0 0 0 0 0 0 0 0 0 0 0 0 0 0 0 0 0 0 0 0 0 0 0 0 0 0 0 0 0 0 0]
[2938468101544009041207414966169402007573212250290131470892099365946840973864011777899468854674140140317835572329484444026284846897524792340786453853770648708569810194503646877279844104122453886686977961657458636997865163187761042421196275775958671211758512313164502917849068312420561 0 0 0 0 0 0 0 0 0 0 0 0 0 0 0 0 0 0 0 0 0 0 0 0 0 0 0 0 0 0 0 0 0 0 0 0 0 0 0 0 0 1 0 0 0 0 0 0 0 0 0 0 0 0 0 0 0 0 0 0 0 0 0 0 0 0 0 0 0 0 0 0 0 0 0 0 0 0 0 0 0 0 0 0 0 0 0 0 0 0 0 0 0]
[206392961819054008582763895223997501241667433800081240732604238397963074553478841133220263493808649606731331864457381238693336199381916212394476999325941769079246082858502829236662393413276837209692007404054079369585833784556883072750990241210494656814410995525834811245485535299590 0 0 0 0 0 0 0 0 0 0 0 0 0 0 0 0 0 0 0 0 0 0 0 0 0 0 0 0 0 0 0 0 0 0 0 0 0 0 0 0 0 0 1 0 0 0 0 0 0 0 0 0 0 0 0 0 0 0 0 0 0 0 0 0 0 0 0 0 0 0 0 0 0 0 0 0 0 0 0 0 0 0 0 0 0 0 0 0 0 0 0 0 0]
[5997519816654721743161254181988169103863920660819879382066903940265741018718169595034974383013526775352683043415418549216123942448140377435290264520910325975890432880614192937860481907861272440828365817325733809754307975987036773856389724738422458571529963323032496888480717043825356 0 0 0 0 0 0 0 0 0 0 0 0 0 0 0 0 0 0 0 0 0 0 0 0 0 0 0 0 0 0 0 0 0 0 0 0 0 0 0 0 0 0 0 1 0 0 0 0 0 0 0 0 0 0 0 0 0 0 0 0 0 0 0 0 0 0 0 0 0 0 0 0 0 0 0 0 0 0 0 0 0 0 0 0 0 0 0 0 0 0 0 0 0]
[7520645925133318523650801451085378539030934256100735789215005770424081212973972400045585470763625218697211444089725873219250736422016208771622355831104545946636833031632887885298100982090612322307518934787988802600453954671047090321630355124697144771409380929613968123185667143906962 0 0 0 0 0 0 0 0 0 0 0 0 0 0 0 0 0 0 0 0 0 0 0 0 0 0 0 0 0 0 0 0 0 0 0 0 0 0 0 0 0 0 0 0 1 0 0 0 0 0 0 0 0 0 0 0 0 0 0 0 0 0 0 0 0 0 0 0 0 0 0 0 0 0 0 0 0 0 0 0 0 0 0 0 0 0 0 0 0 0 0 0 0]
[1297945727057399039616172740066986533249859357297397202785436327217041091128848756719465898751004229605245895816748928654304546230804997356338953655017131763970140403551089581536141150514647807913476935966367258066368678548492957033252212859045630006744118737971615026883382376756814 0 0 0 0 0 0 0 0 0 0 0 0 0 0 0 0 0 0 0 0 0 0 0 0 0 0 0 0 0 0 0 0 0 0 0 0 0 0 0 0 0 0 0 0 0 1 0 0 0 0 0 0 0 0 0 0 0 0 0 0 0 0 0 0 0 0 0 0 0 0 0 0 0 0 0 0 0 0 0 0 0 0 0 0 0 0 0 0 0 0 0 0 0]
[2858635909848565196864274904424105405754851711500666390915652961179640136781204835379189525991636988402004173298736242419503668102630558818289319720749869117141123483470166042400552518952668642272579968700930937016141822995576883905695646593233763619421754621770449801186400949202420 0 0 0 0 0 0 0 0 0 0 0 0 0 0 0 0 0 0 0 0 0 0 0 0 0 0 0 0 0 0 0 0 0 0 0 0 0 0 0 0 0 0 0 0 0 0 1 0 0 0 0 0 0 0 0 0 0 0 0 0 0 0 0 0 0 0 0 0 0 0 0 0 0 0 0 0 0 0 0 0 0 0 0 0 0 0 0 0 0 0 0 0 0]
[1150147384664498608557236149227913625604956650802759301568496594477617294995691207248540064407896886875217955468305792794994838893867846232007137973831350834802992288847471612420032650939498726453943791796938093350205898825799497080837221537065848384231000308778818370451827873879133 0 0 0 0 0 0 0 0 0 0 0 0 0 0 0 0 0 0 0 0 0 0 0 0 0 0 0 0 0 0 0 0 0 0 0 0 0 0 0 0 0 0 0 0 0 0 0 1 0 0 0 0 0 0 0 0 0 0 0 0 0 0 0 0 0 0 0 0 0 0 0 0 0 0 0 0 0 0 0 0 0 0 0 0 0 0 0 0 0 0 0 0 0]
[4308189189938775059615681474946325622273518334627017198680350526877721875378665192840886586413541424934981231342075638297237013943819362360998742647673257559443193758708862771065501103071744869676300179626817511643549361933029089938621763418041202165072799569206327313006502998457288 0 0 0 0 0 0 0 0 0 0 0 0 0 0 0 0 0 0 0 0 0 0 0 0 0 0 0 0 0 0 0 0 0 0 0 0 0 0 0 0 0 0 0 0 0 0 0 0 1 0 0 0 0 0 0 0 0 0 0 0 0 0 0 0 0 0 0 0 0 0 0 0 0 0 0 0 0 0 0 0 0 0 0 0 0 0 0 0 0 0 0 0 0]
[6851810424273616752042538977822275650076069366870572452303640954561060636752732642308781679173357168793139030992030903430394137275686071252062838281600220896391567724446018090190884710783020530208783040742516830009053455616623281584970730337677557953161779489979040493469754083399349 0 0 0 0 0 0 0 0 0 0 0 0 0 0 0 0 0 0 0 0 0 0 0 0 0 0 0 0 0 0 0 0 0 0 0 0 0 0 0 0 0 0 0 0 0 0 0 0 0 1 0 0 0 0 0 0 0 0 0 0 0 0 0 0 0 0 0 0 0 0 0 0 0 0 0 0 0 0 0 0 0 0 0 0 0 0 0 0 0 0 0 0 0]
[6847763514836611158436389987901214284866946750999171452867138650906543199822109509591685272998542396951019527661932868878289013882457744961513543231270586715505617508363444138815070272009982685370797574446000760063765567940490460353359644243551203062758255569959673374233939123170760 0 0 0 0 0 0 0 0 0 0 0 0 0 0 0 0 0 0 0 0 0 0 0 0 0 0 0 0 0 0 0 0 0 0 0 0 0 0 0 0 0 0 0 0 0 0 0 0 0 0 1 0 0 0 0 0 0 0 0 0 0 0 0 0 0 0 0 0 0 0 0 0 0 0 0 0 0 0 0 0 0 0 0 0 0 0 0 0 0 0 0 0 0]
[1242889440334305802280049479216600615183700584859384573472651100757775594224617422100947303609582714883487888173908043384021255801836966023545557800026095389274159114280004453064366415351577270078045337430661773646332629173211705243560404444221266948743103307857322403345751136180935 0 0 0 0 0 0 0 0 0 0 0 0 0 0 0 0 0 0 0 0 0 0 0 0 0 0 0 0 0 0 0 0 0 0 0 0 0 0 0 0 0 0 0 0 0 0 0 0 0 0 0 1 0 0 0 0 0 0 0 0 0 0 0 0 0 0 0 0 0 0 0 0 0 0 0 0 0 0 0 0 0 0 0 0 0 0 0 0 0 0 0 0 0]
[2215861944545438154648714413157903395426553042383236659116276610481028498702511222401905175839025455976176202345586389016872947133548754565623168099860174195540748793812054414790394427264792786309432512328150704909903450446188565395192959320458558522502638619350639399597857562202336 0 0 0 0 0 0 0 0 0 0 0 0 0 0 0 0 0 0 0 0 0 0 0 0 0 0 0 0 0 0 0 0 0 0 0 0 0 0 0 0 0 0 0 0 0 0 0 0 0 0 0 0 1 0 0 0 0 0 0 0 0 0 0 0 0 0 0 0 0 0 0 0 0 0 0 0 0 0 0 0 0 0 0 0 0 0 0 0 0 0 0 0 0]
[2654119465778215808234297045604636111029759095159863307873835457557859411804400200807573843756343548141479733017687715800643330539435538449214192552551132675971823145885850811569581933966161119159132703750521465475397590258262321512903757552937595360122552721689972886866950053706838 0 0 0 0 0 0 0 0 0 0 0 0 0 0 0 0 0 0 0 0 0 0 0 0 0 0 0 0 0 0 0 0 0 0 0 0 0 0 0 0 0 0 0 0 0 0 0 0 0 0 0 0 0 1 0 0 0 0 0 0 0 0 0 0 0 0 0 0 0 0 0 0 0 0 0 0 0 0 0 0 0 0 0 0 0 0 0 0 0 0 0 0 0]
[1637293814259123205761845506604596637513167679867203633812346404035428835792351028240662483157078196741370309211302881106124906856050951725461257959405048893793707403638495371210973947046846899539821228351656646998034974769222592670205735537439147251769289664043855040305970039275242 0 0 0 0 0 0 0 0 0 0 0 0 0 0 0 0 0 0 0 0 0 0 0 0 0 0 0 0 0 0 0 0 0 0 0 0 0 0 0 0 0 0 0 0 0 0 0 0 0 0 0 0 0 0 1 0 0 0 0 0 0 0 0 0 0 0 0 0 0 0 0 0 0 0 0 0 0 0 0 0 0 0 0 0 0 0 0 0 0 0 0 0 0]
[6123908321264704193720033238251343523549576777609527612114812430903989626751529191347572494705203741315594420791355612737283476422247761365239994712892745795325199852726236862986413740026741025686331244451304878232941441002029889420738508756358520351955640344611107842489815779890178 0 0 0 0 0 0 0 0 0 0 0 0 0 0 0 0 0 0 0 0 0 0 0 0 0 0 0 0 0 0 0 0 0 0 0 0 0 0 0 0 0 0 0 0 0 0 0 0 0 0 0 0 0 0 0 1 0 0 0 0 0 0 0 0 0 0 0 0 0 0 0 0 0 0 0 0 0 0 0 0 0 0 0 0 0 0 0 0 0 0 0 0 0]
[5636310855624823249847615843480537402826352841384166856961715848540267178762146434118630573237421368307041205174064147769386789637873044319426206257237776621885711812978658353563031415383962205988830341442555127333214928730740954514715555700757871322739052581365486016209726210441652 0 0 0 0 0 0 0 0 0 0 0 0 0 0 0 0 0 0 0 0 0 0 0 0 0 0 0 0 0 0 0 0 0 0 0 0 0 0 0 0 0 0 0 0 0 0 0 0 0 0 0 0 0 0 0 0 1 0 0 0 0 0 0 0 0 0 0 0 0 0 0 0 0 0 0 0 0 0 0 0 0 0 0 0 0 0 0 0 0 0 0 0 0]
[5485380504606052482340505055685762539380816642306299958165067792106893759127297764559784637272073002088311552413362721502186557299472604471489455848609582376642267922879976293219875137987865719338618525192087527043583898784244008032005774705091111075357409413286967304989716120899910 0 0 0 0 0 0 0 0 0 0 0 0 0 0 0 0 0 0 0 0 0 0 0 0 0 0 0 0 0 0 0 0 0 0 0 0 0 0 0 0 0 0 0 0 0 0 0 0 0 0 0 0 0 0 0 0 0 1 0 0 0 0 0 0 0 0 0 0 0 0 0 0 0 0 0 0 0 0 0 0 0 0 0 0 0 0 0 0 0 0 0 0 0]
[4081856757722174982519098578886048417568607395909682402259210912834450054000247966897036426811850777706524786896142880440313141867239656958921989597289121314230568329549050527008501215646500686227104154461532945404935671840927592716842782623063040919288093107380634028740405661012212 0 0 0 0 0 0 0 0 0 0 0 0 0 0 0 0 0 0 0 0 0 0 0 0 0 0 0 0 0 0 0 0 0 0 0 0 0 0 0 0 0 0 0 0 0 0 0 0 0 0 0 0 0 0 0 0 0 0 1 0 0 0 0 0 0 0 0 0 0 0 0 0 0 0 0 0 0 0 0 0 0 0 0 0 0 0 0 0 0 0 0 0 0]
[2396407777920071646313687020955979199824494659101296055385011378791926826233470418571573161777005330645212269258691892941903140199823202958787637639600306921462401161935195937192405902979860666557916817722052148471989544989167683031931268762929466124621751205920945725477011475219128 0 0 0 0 0 0 0 0 0 0 0 0 0 0 0 0 0 0 0 0 0 0 0 0 0 0 0 0 0 0 0 0 0 0 0 0 0 0 0 0 0 0 0 0 0 0 0 0 0 0 0 0 0 0 0 0 0 0 0 1 0 0 0 0 0 0 0 0 0 0 0 0 0 0 0 0 0 0 0 0 0 0 0 0 0 0 0 0 0 0 0 0 0]
[4419649875407856726419998981695066649700556952446617228128931309732852173494456334425078576859662373808015397827425176274877933220680185689835298071181498021299942688828322073438630823536887814110190619887246661830829864765904017125716136276591012436407189661960218573565609726526693 0 0 0 0 0 0 0 0 0 0 0 0 0 0 0 0 0 0 0 0 0 0 0 0 0 0 0 0 0 0 0 0 0 0 0 0 0 0 0 0 0 0 0 0 0 0 0 0 0 0 0 0 0 0 0 0 0 0 0 0 1 0 0 0 0 0 0 0 0 0 0 0 0 0 0 0 0 0 0 0 0 0 0 0 0 0 0 0 0 0 0 0 0]
[5002089739930027680155860074729933191618995322923031930182491394905447634258186498744887345948753501066807852894899275559692951061356107401530781729395021675838116456515740505183801820500312127671970029074376439472107609643555122490680192154875010171786709669883851170841074885673725 0 0 0 0 0 0 0 0 0 0 0 0 0 0 0 0 0 0 0 0 0 0 0 0 0 0 0 0 0 0 0 0 0 0 0 0 0 0 0 0 0 0 0 0 0 0 0 0 0 0 0 0 0 0 0 0 0 0 0 0 0 1 0 0 0 0 0 0 0 0 0 0 0 0 0 0 0 0 0 0 0 0 0 0 0 0 0 0 0 0 0 0 0]
[5439263630214160045664936256984520317564504326747111134372817539058321162821526546466658945550481227934044852600993500414082865187562297386570290355277589671457293180464943909750847564520517252574812463096208636958082583279895722683712599916617694981272507878791330177085756777735125 0 0 0 0 0 0 0 0 0 0 0 0 0 0 0 0 0 0 0 0 0 0 0 0 0 0 0 0 0 0 0 0 0 0 0 0 0 0 0 0 0 0 0 0 0 0 0 0 0 0 0 0 0 0 0 0 0 0 0 0 0 0 1 0 0 0 0 0 0 0 0 0 0 0 0 0 0 0 0 0 0 0 0 0 0 0 0 0 0 0 0 0 0]
[5992570207169045723002922273275736447710323659796422783157397433546654551203375742118043346044988107122215341655604039962913268094493387552473461467920009390346972704077256642176153420870011003317782185455491644613967351871256759487627689422625231157037175532028680793718674504077916 0 0 0 0 0 0 0 0 0 0 0 0 0 0 0 0 0 0 0 0 0 0 0 0 0 0 0 0 0 0 0 0 0 0 0 0 0 0 0 0 0 0 0 0 0 0 0 0 0 0 0 0 0 0 0 0 0 0 0 0 0 0 0 1 0 0 0 0 0 0 0 0 0 0 0 0 0 0 0 0 0 0 0 0 0 0 0 0 0 0 0 0 0]
[4623400566259688096751412582046717437589511938892282461707862011994021893217081494071983779376021565098179476236479980700875536721831352798145771713143511634624485808680921581238806075055860104677531812095341503917113276646006173945342386365169459656696792183717323016586628131063541 0 0 0 0 0 0 0 0 0 0 0 0 0 0 0 0 0 0 0 0 0 0 0 0 0 0 0 0 0 0 0 0 0 0 0 0 0 0 0 0 0 0 0 0 0 0 0 0 0 0 0 0 0 0 0 0 0 0 0 0 0 0 0 0 1 0 0 0 0 0 0 0 0 0 0 0 0 0 0 0 0 0 0 0 0 0 0 0 0 0 0 0 0]
[5623836953933232827679616614690554463776860583983769023515777118278859935824632120297398868494917810025811300346047245528667559138362293418940452092986759394555148385960241960179571028605761322190521633821915743506635803326028810796782833740764216647550004805440696838922447847130375 0 0 0 0 0 0 0 0 0 0 0 0 0 0 0 0 0 0 0 0 0 0 0 0 0 0 0 0 0 0 0 0 0 0 0 0 0 0 0 0 0 0 0 0 0 0 0 0 0 0 0 0 0 0 0 0 0 0 0 0 0 0 0 0 0 1 0 0 0 0 0 0 0 0 0 0 0 0 0 0 0 0 0 0 0 0 0 0 0 0 0 0 0]
[2455349640842746440508387815676091444324719557525325461452095351796011948697118828637567344003768088178561257424644655356280090694181438649933276260323284676054977777228236679142149535858987725186259853082118844407640775216128689263139510943439613280895134123556851578479930013740843 0 0 0 0 0 0 0 0 0 0 0 0 0 0 0 0 0 0 0 0 0 0 0 0 0 0 0 0 0 0 0 0 0 0 0 0 0 0 0 0 0 0 0 0 0 0 0 0 0 0 0 0 0 0 0 0 0 0 0 0 0 0 0 0 0 0 1 0 0 0 0 0 0 0 0 0 0 0 0 0 0 0 0 0 0 0 0 0 0 0 0 0 0]
[7199790035554355991545644696434333023484164935775414378847703508170580907525036005201553650242714164220372281364273922699477261098060935163360573069945729122292426636715065676566702983179069555534522562382430482894674246377539603991231831827786279480695543713376650331281006882839608 0 0 0 0 0 0 0 0 0 0 0 0 0 0 0 0 0 0 0 0 0 0 0 0 0 0 0 0 0 0 0 0 0 0 0 0 0 0 0 0 0 0 0 0 0 0 0 0 0 0 0 0 0 0 0 0 0 0 0 0 0 0 0 0 0 0 0 1 0 0 0 0 0 0 0 0 0 0 0 0 0 0 0 0 0 0 0 0 0 0 0 0 0]
[6119082544343383088993960916734866647633532017734614414127627806981337026337903784454391761112459104287869580112033839126440503802085291559236641217652478554545341686962479145419293600637103376824267284903104643044018915152934717364010867646679471474941482175364213825642728222506435 0 0 0 0 0 0 0 0 0 0 0 0 0 0 0 0 0 0 0 0 0 0 0 0 0 0 0 0 0 0 0 0 0 0 0 0 0 0 0 0 0 0 0 0 0 0 0 0 0 0 0 0 0 0 0 0 0 0 0 0 0 0 0 0 0 0 0 0 1 0 0 0 0 0 0 0 0 0 0 0 0 0 0 0 0 0 0 0 0 0 0 0 0]
[146284251110181073576262779421400574268024803526737293272869393243454043579317792945398732209256933007235758864654170734744843673110922069464340063425196801528266360037852280377360869551979747838712265122283915589003436242184218941212673150103122887017635571977044484569992148101960 0 0 0 0 0 0 0 0 0 0 0 0 0 0 0 0 0 0 0 0 0 0 0 0 0 0 0 0 0 0 0 0 0 0 0 0 0 0 0 0 0 0 0 0 0 0 0 0 0 0 0 0 0 0 0 0 0 0 0 0 0 0 0 0 0 0 0 0 0 1 0 0 0 0 0 0 0 0 0 0 0 0 0 0 0 0 0 0 0 0 0 0 0]
[3499689567645103346632788649099440024333801408712005220852083322969318405601229559372198535238674879947815957968370746065056810048463205744782096887966301544005161410238386121997208948458724153779705555821322850527955091985462799471257285024642754654225359582637749526051376695245620 0 0 0 0 0 0 0 0 0 0 0 0 0 0 0 0 0 0 0 0 0 0 0 0 0 0 0 0 0 0 0 0 0 0 0 0 0 0 0 0 0 0 0 0 0 0 0 0 0 0 0 0 0 0 0 0 0 0 0 0 0 0 0 0 0 0 0 0 0 0 1 0 0 0 0 0 0 0 0 0 0 0 0 0 0 0 0 0 0 0 0 0 0]
[7669978212388724791576840980958198118266491347186835210592829867458111646053990227593779574565303124333611738404409229361498948467603535563318248711652118643986022220107207507241230061149886577876372621586032552372428071973396226380493527093159110993269859469424839964981923903687383 0 0 0 0 0 0 0 0 0 0 0 0 0 0 0 0 0 0 0 0 0 0 0 0 0 0 0 0 0 0 0 0 0 0 0 0 0 0 0 0 0 0 0 0 0 0 0 0 0 0 0 0 0 0 0 0 0 0 0 0 0 0 0 0 0 0 0 0 0 0 0 1 0 0 0 0 0 0 0 0 0 0 0 0 0 0 0 0 0 0 0 0 0]
[3082273496792571532137971592287792369873237557538880223668346962599699040636509275957594131571376064477861553000094553437924582782042200117423553246587577349202314203762010637998301265935665377070870628294937665725365822851825501849028791002576926627340931088094418933810106529393061 0 0 0 0 0 0 0 0 0 0 0 0 0 0 0 0 0 0 0 0 0 0 0 0 0 0 0 0 0 0 0 0 0 0 0 0 0 0 0 0 0 0 0 0 0 0 0 0 0 0 0 0 0 0 0 0 0 0 0 0 0 0 0 0 0 0 0 0 0 0 0 0 1 0 0 0 0 0 0 0 0 0 0 0 0 0 0 0 0 0 0 0 0]
[5332346665351207002216952032289478179237069466964396699137088971757951015147439120451853362260931196993247297547990306623292326089633781389415785845053617283139138565716791981876020161679343481203314266932204021594661033066769588981914111086982267929940943030628336625358120465690237 0 0 0 0 0 0 0 0 0 0 0 0 0 0 0 0 0 0 0 0 0 0 0 0 0 0 0 0 0 0 0 0 0 0 0 0 0 0 0 0 0 0 0 0 0 0 0 0 0 0 0 0 0 0 0 0 0 0 0 0 0 0 0 0 0 0 0 0 0 0 0 0 0 1 0 0 0 0 0 0 0 0 0 0 0 0 0 0 0 0 0 0 0]
[7871577498988841072197909661788425346961023452001654713536966887728110412712493861585516310331342431237259743554742076353031177191964569199132091040283967320482209948512419926208088991475270864360624020397176751454451510298612422169716444194187689865222563215903942978326625117833897 0 0 0 0 0 0 0 0 0 0 0 0 0 0 0 0 0 0 0 0 0 0 0 0 0 0 0 0 0 0 0 0 0 0 0 0 0 0 0 0 0 0 0 0 0 0 0 0 0 0 0 0 0 0 0 0 0 0 0 0 0 0 0 0 0 0 0 0 0 0 0 0 0 0 1 0 0 0 0 0 0 0 0 0 0 0 0 0 0 0 0 0 0]
[7028391411864390374443305911548285960099240935689258195667418149171661860163125294003313924695174501600664612426791035838072960328325119824535188804642035077324498746474157800540713932587622526466152664958472847169982303358167806212381649493967520125348876995994032214795388643821789 0 0 0 0 0 0 0 0 0 0 0 0 0 0 0 0 0 0 0 0 0 0 0 0 0 0 0 0 0 0 0 0 0 0 0 0 0 0 0 0 0 0 0 0 0 0 0 0 0 0 0 0 0 0 0 0 0 0 0 0 0 0 0 0 0 0 0 0 0 0 0 0 0 0 0 1 0 0 0 0 0 0 0 0 0 0 0 0 0 0 0 0 0]
[7208593841632826303704967288945270577272662873171532121729924003751253649954417866571884348686287595136395962350187497143003561577001056158698156758967545357427992759924978346180157327387586708999942581095309416468681564586346153017914558889785855982031663275218120601363103335119740 0 0 0 0 0 0 0 0 0 0 0 0 0 0 0 0 0 0 0 0 0 0 0 0 0 0 0 0 0 0 0 0 0 0 0 0 0 0 0 0 0 0 0 0 0 0 0 0 0 0 0 0 0 0 0 0 0 0 0 0 0 0 0 0 0 0 0 0 0 0 0 0 0 0 0 0 1 0 0 0 0 0 0 0 0 0 0 0 0 0 0 0 0]
[524839159300501923596330375923075492385844685352652686220462287096780537692992274558769542343060529920567737045786883792841977488184780085086633832415549505255184700470443735001953519491869671671915041118817047833887608755833930947691594548582886134937911250984198047500138700633285 0 0 0 0 0 0 0 0 0 0 0 0 0 0 0 0 0 0 0 0 0 0 0 0 0 0 0 0 0 0 0 0 0 0 0 0 0 0 0 0 0 0 0 0 0 0 0 0 0 0 0 0 0 0 0 0 0 0 0 0 0 0 0 0 0 0 0 0 0 0 0 0 0 0 0 0 0 1 0 0 0 0 0 0 0 0 0 0 0 0 0 0 0]
[5815289776308640125800725526435710547638212110449630897854912342115138865676972043614434752842566059033354916801528098415664730159302186041761421727117442912815337347818983085656746382926545151868947270104303753492355691291637804337863389040731598612235725238911192731866365426917406 0 0 0 0 0 0 0 0 0 0 0 0 0 0 0 0 0 0 0 0 0 0 0 0 0 0 0 0 0 0 0 0 0 0 0 0 0 0 0 0 0 0 0 0 0 0 0 0 0 0 0 0 0 0 0 0 0 0 0 0 0 0 0 0 0 0 0 0 0 0 0 0 0 0 0 0 0 0 1 0 0 0 0 0 0 0 0 0 0 0 0 0 0]
[5969933928491096581673947380109727153067296371032501353600476205455272570786637421416801570525873139502709631736329502383774293939742817899017946284427645556705608111950541688089424271056727701409087931325946946762358429119891353579027943344127601714112105266368734937248388679538384 0 0 0 0 0 0 0 0 0 0 0 0 0 0 0 0 0 0 0 0 0 0 0 0 0 0 0 0 0 0 0 0 0 0 0 0 0 0 0 0 0 0 0 0 0 0 0 0 0 0 0 0 0 0 0 0 0 0 0 0 0 0 0 0 0 0 0 0 0 0 0 0 0 0 0 0 0 0 0 1 0 0 0 0 0 0 0 0 0 0 0 0 0]
[423687157374781170642947131411373930546233676510058249575004098316012003862758966040717295897380477139463296102695111994175627355418519914282771531561567179718658523519384536815159016888223918696567202380709650686994566560028274680208907146466265966831118377469488835345704893847257 0 0 0 0 0 0 0 0 0 0 0 0 0 0 0 0 0 0 0 0 0 0 0 0 0 0 0 0 0 0 0 0 0 0 0 0 0 0 0 0 0 0 0 0 0 0 0 0 0 0 0 0 0 0 0 0 0 0 0 0 0 0 0 0 0 0 0 0 0 0 0 0 0 0 0 0 0 0 0 0 1 0 0 0 0 0 0 0 0 0 0 0 0]
[7805069588363816508517423052143417571800332696867622138119246064119044620401780887222369432600208933381827523857722688074404466412107518753626199129812426765642193987796685826618695206865603102844135268658224752129291007043693605646170462230612205216155094822420552135244359385372503 0 0 0 0 0 0 0 0 0 0 0 0 0 0 0 0 0 0 0 0 0 0 0 0 0 0 0 0 0 0 0 0 0 0 0 0 0 0 0 0 0 0 0 0 0 0 0 0 0 0 0 0 0 0 0 0 0 0 0 0 0 0 0 0 0 0 0 0 0 0 0 0 0 0 0 0 0 0 0 0 0 1 0 0 0 0 0 0 0 0 0 0 0]
[4577022684328711438223845058235209516573105359202566313340501762201733933996030130887078012076147382353280779508255782063814914160885174018004452601588192154938371416491971252259142587204409242641005695003121452312279863829979069158606877751721779136598171433213414772621374181922309 0 0 0 0 0 0 0 0 0 0 0 0 0 0 0 0 0 0 0 0 0 0 0 0 0 0 0 0 0 0 0 0 0 0 0 0 0 0 0 0 0 0 0 0 0 0 0 0 0 0 0 0 0 0 0 0 0 0 0 0 0 0 0 0 0 0 0 0 0 0 0 0 0 0 0 0 0 0 0 0 0 0 1 0 0 0 0 0 0 0 0 0 0]
[1503785724441905443994095004997244338141686080303479974404453260060322260692922078323201054517302156740015666515087043645971157547469045737443628738984853997441314023418532766295287318790953621448797918153447922917633191574691866330042783374435626990020073049010597092275902726652111 0 0 0 0 0 0 0 0 0 0 0 0 0 0 0 0 0 0 0 0 0 0 0 0 0 0 0 0 0 0 0 0 0 0 0 0 0 0 0 0 0 0 0 0 0 0 0 0 0 0 0 0 0 0 0 0 0 0 0 0 0 0 0 0 0 0 0 0 0 0 0 0 0 0 0 0 0 0 0 0 0 0 0 1 0 0 0 0 0 0 0 0 0]
[2212627346768364857515972678890051710445386885866230555723559167578763280477537800677265444156337769454180725062859461649050742825096506795872124382474846036439973372248837930421171116813566716170977499711938894492154522527191974095193846855228365402825010644603643119250424048546604 0 0 0 0 0 0 0 0 0 0 0 0 0 0 0 0 0 0 0 0 0 0 0 0 0 0 0 0 0 0 0 0 0 0 0 0 0 0 0 0 0 0 0 0 0 0 0 0 0 0 0 0 0 0 0 0 0 0 0 0 0 0 0 0 0 0 0 0 0 0 0 0 0 0 0 0 0 0 0 0 0 0 0 0 1 0 0 0 0 0 0 0 0]
[1847383290048879064665017232250955814317925069703089462651023141086777188728628602777886201400919434202358168248268474721686025584393447857471583112018530461735110065687226435879085770767164597547806438491990592729482605986818757143804486658287316384594523299778439972618252921187212 0 0 0 0 0 0 0 0 0 0 0 0 0 0 0 0 0 0 0 0 0 0 0 0 0 0 0 0 0 0 0 0 0 0 0 0 0 0 0 0 0 0 0 0 0 0 0 0 0 0 0 0 0 0 0 0 0 0 0 0 0 0 0 0 0 0 0 0 0 0 0 0 0 0 0 0 0 0 0 0 0 0 0 0 0 1 0 0 0 0 0 0 0]
[5463227819488686183710003005388159059804742503415613917459121952374873922548992011940014551927013976256146009014787015120590832964336409817686569222499308384651317243744419086216914864688907416432261046882039775885669515838707865414327235394996068245754227410394551319597770270694072 0 0 0 0 0 0 0 0 0 0 0 0 0 0 0 0 0 0 0 0 0 0 0 0 0 0 0 0 0 0 0 0 0 0 0 0 0 0 0 0 0 0 0 0 0 0 0 0 0 0 0 0 0 0 0 0 0 0 0 0 0 0 0 0 0 0 0 0 0 0 0 0 0 0 0 0 0 0 0 0 0 0 0 0 0 0 1 0 0 0 0 0 0]
[117995482493737411632153065549414995743741841614225530495111262252815392947060293370751293822875027120728534410165725005574350472196445733533159981747110971006841854799968029969591150234458983173592237875920245320112169808060488185025176143849690342627105485733915818052732069115835 0 0 0 0 0 0 0 0 0 0 0 0 0 0 0 0 0 0 0 0 0 0 0 0 0 0 0 0 0 0 0 0 0 0 0 0 0 0 0 0 0 0 0 0 0 0 0 0 0 0 0 0 0 0 0 0 0 0 0 0 0 0 0 0 0 0 0 0 0 0 0 0 0 0 0 0 0 0 0 0 0 0 0 0 0 0 0 1 0 0 0 0 0]
[3709401966500111075445708875378960150107253592997699503284042362311246679519105150393444994577024814761647711056528589193425718255890921487317506854045530731144372278514870527789489021319697002027363777503096707232792483536085361668654487172162040351375397090740820479855529499031638 0 0 0 0 0 0 0 0 0 0 0 0 0 0 0 0 0 0 0 0 0 0 0 0 0 0 0 0 0 0 0 0 0 0 0 0 0 0 0 0 0 0 0 0 0 0 0 0 0 0 0 0 0 0 0 0 0 0 0 0 0 0 0 0 0 0 0 0 0 0 0 0 0 0 0 0 0 0 0 0 0 0 0 0 0 0 0 0 1 0 0 0 0]
[3940765995135385260905610229912624609475339911687577938526798097434669441481812262890037746050863210637160432288225300984722148497331488615722876979297863597080291899666727606928751948409287195798302124392262529397098190024378074778117202801663566625736215875188141222990392794428882 0 0 0 0 0 0 0 0 0 0 0 0 0 0 0 0 0 0 0 0 0 0 0 0 0 0 0 0 0 0 0 0 0 0 0 0 0 0 0 0 0 0 0 0 0 0 0 0 0 0 0 0 0 0 0 0 0 0 0 0 0 0 0 0 0 0 0 0 0 0 0 0 0 0 0 0 0 0 0 0 0 0 0 0 0 0 0 0 0 1 0 0 0]
[5960280008440167432546506507715937453921817953077075046993789704086060238802068402627995021619924701561051521028993714295315404324867392134033869131646909457442763299362244118431421810954000352047021213100261406207304671458339396264493653561796316246040014687399867942217915287044053 0 0 0 0 0 0 0 0 0 0 0 0 0 0 0 0 0 0 0 0 0 0 0 0 0 0 0 0 0 0 0 0 0 0 0 0 0 0 0 0 0 0 0 0 0 0 0 0 0 0 0 0 0 0 0 0 0 0 0 0 0 0 0 0 0 0 0 0 0 0 0 0 0 0 0 0 0 0 0 0 0 0 0 0 0 0 0 0 0 0 1 0 0]
[649023969221066998918867063112997830207573488290871870094997575056227031300572544744697871629004389309643726608556248198953901086273817043487333041337688847338076594183019313120334631213427466078007963395067690332353478492368271774773481174327225715268924631120876188266012504800996 0 0 0 0 0 0 0 0 0 0 0 0 0 0 0 0 0 0 0 0 0 0 0 0 0 0 0 0 0 0 0 0 0 0 0 0 0 0 0 0 0 0 0 0 0 0 0 0 0 0 0 0 0 0 0 0 0 0 0 0 0 0 0 0 0 0 0 0 0 0 0 0 0 0 0 0 0 0 0 0 0 0 0 0 0 0 0 0 0 0 0 1 0]
[1469595071298982394456627180410067649920087605570049899911891233814148625405671901155623974468531270133416407386042075926042660189540325559071722423300704515292194369726462741367976300182976158300165611109165525798727953296164458466527497200139535855291120144375279148188593670795534 0 0 0 0 0 0 0 0 0 0 0 0 0 0 0 0 0 0 0 0 0 0 0 0 0 0 0 0 0 0 0 0 0 0 0 0 0 0 0 0 0 0 0 0 0 0 0 0 0 0 0 0 0 0 0 0 0 0 0 0 0 0 0 0 0 0 0 0 0 0 0 0 0 0 0 0 0 0 0 0 0 0 0 0 0 0 0 0 0 0 0 0 1]
]
