[[8426023785129189726264987324047774227127658145077002051783491286839355261468010360927850940690836884842682776152491178187988686468486141315028229671724133969490724916646534219488034422254652435262429532723862773787879581992223635977532865945105692310113820478245598527262817088794546277644149051615742242661696407872802641244016540587 0 0 0 0 0 0 0 0 0 0 0 0 0 0 0 0 0 0 0 0 0 0 0 0 0 0 0 0 0 0 0 0 0 0 0 0 0 0 0 0 0 0 0 0 0 0 0 0 0 0 0 0 0 0 0 0 0 0 0 0 0 0 0 0 0 0 0 0 0 0 0 0 0 0 0 0 0 0 0 0 0 0 0 0 0 0 0 0 0 0 0 0 0 0 0 0 0 0 0 0 0 0 0 0 0 0 0 0 0 0]
[4870005049107762578312474544902586171077148721787047328568167248918386970253090140474895003395630737029705179331672320813398779001114756688795708227182160957438271574461109786247787852697882956160790245160336629605178947354040946727591811263235352492168491579875870598638756097536778444393167720802613836978682739747105968736600442617 1 0 0 0 0 0 0 0 0 0 0 0 0 0 0 0 0 0 0 0 0 0 0 0 0 0 0 0 0 0 0 0 0 0 0 0 0 0 0 0 0 0 0 0 0 0 0 0 0 0 0 0 0 0 0 0 0 0 0 0 0 0 0 0 0 0 0 0 0 0 0 0 0 0 0 0 0 0 0 0 0 0 0 0 0 0 0 0 0 0 0 0 0 0 0 0 0 0 0 0 0 0 0 0 0 0 0 0 0 0]
[178620345586585730071584791988212829239449192276394548340840671650846818574360773382939623855738664147806398816758119208495322637690512689510837930616130558629749887247406900165653087341643903016827304464182318624937062240692803125546661414833175088321388951088548052831768220427953376855343698310272038200999653138029702099053040083 0 1 0 0 0 0 0 0 0 0 0 0 0 0 0 0 0 0 0 0 0 0 0 0 0 0 0 0 0 0 0 0 0 0 0 0 0 0 0 0 0 0 0 0 0 0 0 0 0 0 0 0 0 0 0 0 0 0 0 0 0 0 0 0 0 0 0 0 0 0 0 0 0 0 0 0 0 0 0 0 0 0 0 0 0 0 0 0 0 0 0 0 0 0 0 0 0 0 0 0 0 0 0 0 0 0 0 0 0 0]
[4240510854621877642320714306746101942744663562158589270972691928061504025560931836850929877747019555028063954507837750337204855570505332856768743903200346929155025564793554363254787919083654596774770306069299312511828117844634998625611368292924083809213982641913675348660127587872268658663412427846530527533731318738237939646477261189 0 0 1 0 0 0 0 0 0 0 0 0 0 0 0 0 0 0 0 0 0 0 0 0 0 0 0 0 0 0 0 0 0 0 0 0 0 0 0 0 0 0 0 0 0 0 0 0 0 0 0 0 0 0 0 0 0 0 0 0 0 0 0 0 0 0 0 0 0 0 0 0 0 0 0 0 0 0 0 0 0 0 0 0 0 0 0 0 0 0 0 0 0 0 0 0 0 0 0 0 0 0 0 0 0 0 0 0 0 0]
[6413226974472548915348852507386223168013762618926824540118577209386261311219864007446381076622180337784009333980291792367774836227474385936125684393765729263294623602881711515463714567298733473798894672437298562105212720294443211180315191026729576688450773509347363776600640767598065464937053595382265660825885845102350123458765354097 0 0 0 1 0 0 0 0 0 0 0 0 0 0 0 0 0 0 0 0 0 0 0 0 0 0 0 0 0 0 0 0 0 0 0 0 0 0 0 0 0 0 0 0 0 0 0 0 0 0 0 0 0 0 0 0 0 0 0 0 0 0 0 0 0 0 0 0 0 0 0 0 0 0 0 0 0 0 0 0 0 0 0 0 0 0 0 0 0 0 0 0 0 0 0 0 0 0 0 0 0 0 0 0 0 0 0 0 0 0]
[7186287844048972092363082205192160394940285424275012852766346977323787815034488315153364966763337387370734577250902961771212467029783269797352703072460050257581415890117868856123783597964961729839877209333012976062362001161828862449917151487726028095048519114912708929306026935885173160472793357225981245051546548287160733957260619474 0 0 0 0 1 0 0 0 0 0 0 0 0 0 0 0 0 0 0 0 0 0 0 0 0 0 0 0 0 0 0 0 0 0 0 0 0 0 0 0 0 0 0 0 0 0 0 0 0 0 0 0 0 0 0 0 0 0 0 0 0 0 0 0 0 0 0 0 0 0 0 0 0 0 0 0 0 0 0 0 0 0 0 0 0 0 0 0 0 0 0 0 0 0 0 0 0 0 0 0 0 0 0 0 0 0 0 0 0 0]
[5439841960287596746182498984726676163146909592211564095037180606811814993826628844798679404367249423906747792023469548197041439013281058924582482811758548027290993542564252437249089657181617286721784136479250614643183663432699012099039859191034418870631906695702844794691597575850170020029888423871769188384474950455953941470972256211 0 0 0 0 0 1 0 0 0 0 0 0 0 0 0 0 0 0 0 0 0 0 0 0 0 0 0 0 0 0 0 0 0 0 0 0 0 0 0 0 0 0 0 0 0 0 0 0 0 0 0 0 0 0 0 0 0 0 0 0 0 0 0 0 0 0 0 0 0 0 0 0 0 0 0 0 0 0 0 0 0 0 0 0 0 0 0 0 0 0 0 0 0 0 0 0 0 0 0 0 0 0 0 0 0 0 0 0 0 0]
[4695103939452363565363485596229919326531904825706230368983062780921746814339566701272640783538899402151389409321208391060205113865984382397548652437335211790018824609844103564164751317437621570553973339354397381257949860003084468592624409006130846982335551118108055462132704260580991331719236928394950502022586609959557453457401868117 0 0 0 0 0 0 1 0 0 0 0 0 0 0 0 0 0 0 0 0 0 0 0 0 0 0 0 0 0 0 0 0 0 0 0 0 0 0 0 0 0 0 0 0 0 0 0 0 0 0 0 0 0 0 0 0 0 0 0 0 0 0 0 0 0 0 0 0 0 0 0 0 0 0 0 0 0 0 0 0 0 0 0 0 0 0 0 0 0 0 0 0 0 0 0 0 0 0 0 0 0 0 0 0 0 0 0 0 0 0]
[5583117571418632042481906792285442463636000116039396526201206041340871922483318296823424487956067429123505576479808036800324665786241505241248496355893811866300400284641668476104500326461049220993291378342657856051393454684174234802664988618529317835910522442944976984899370667579679635031472616948663028389051546246558158454295220411 0 0 0 0 0 0 0 1 0 0 0 0 0 0 0 0 0 0 0 0 0 0 0 0 0 0 0 0 0 0 0 0 0 0 0 0 0 0 0 0 0 0 0 0 0 0 0 0 0 0 0 0 0 0 0 0 0 0 0 0 0 0 0 0 0 0 0 0 0 0 0 0 0 0 0 0 0 0 0 0 0 0 0 0 0 0 0 0 0 0 0 0 0 0 0 0 0 0 0 0 0 0 0 0 0 0 0 0 0 0]
[6250554158915119696699105950249672672390088030494579254979757904796351611403065058845209583988671705370684989311730388582898997123072460956418489448713505855667889271909137352275164098234172107133514770627258822122661858272900261184208873777202935372692182742475440659073552316346497217750550319307875881289672501921577891789559612105 0 0 0 0 0 0 0 0 1 0 0 0 0 0 0 0 0 0 0 0 0 0 0 0 0 0 0 0 0 0 0 0 0 0 0 0 0 0 0 0 0 0 0 0 0 0 0 0 0 0 0 0 0 0 0 0 0 0 0 0 0 0 0 0 0 0 0 0 0 0 0 0 0 0 0 0 0 0 0 0 0 0 0 0 0 0 0 0 0 0 0 0 0 0 0 0 0 0 0 0 0 0 0 0 0 0 0 0 0 0]
[2308973606159465456180195285676951910082413339106447180703091865884809071081489932111939869981867415258975779837817165176245586735801711412454016797768958210027262941041873209174147205802426167869907872728416105157131927052879229813962527216564086336813747884541679970282467046469574922933774829065686818292164273398917638367287783758 0 0 0 0 0 0 0 0 0 1 0 0 0 0 0 0 0 0 0 0 0 0 0 0 0 0 0 0 0 0 0 0 0 0 0 0 0 0 0 0 0 0 0 0 0 0 0 0 0 0 0 0 0 0 0 0 0 0 0 0 0 0 0 0 0 0 0 0 0 0 0 0 0 0 0 0 0 0 0 0 0 0 0 0 0 0 0 0 0 0 0 0 0 0 0 0 0 0 0 0 0 0 0 0 0 0 0 0 0 0]
[2986372796535738827166270473591485830289751095684567820852791460350907039719502014874413894576593263405981071300267021531427754219857400345634510236578451119669016115726571367303779357286604270827434602331155883201686191660277689049873316332050443187821234149910548414419088373241675514811949604798554046403545033773408547775793312379 0 0 0 0 0 0 0 0 0 0 1 0 0 0 0 0 0 0 0 0 0 0 0 0 0 0 0 0 0 0 0 0 0 0 0 0 0 0 0 0 0 0 0 0 0 0 0 0 0 0 0 0 0 0 0 0 0 0 0 0 0 0 0 0 0 0 0 0 0 0 0 0 0 0 0 0 0 0 0 0 0 0 0 0 0 0 0 0 0 0 0 0 0 0 0 0 0 0 0 0 0 0 0 0 0 0 0 0 0 0]
[2596579510560964025603148021890994675319440694736062633603012142126849820915615492307615779979210139673142751246154904610430281272215240501655665023614794821779562615336691694177932483522146096961311859820946314961716303026504486384545677793411281167775240167801390882150027518825003279899692570878175691688193053990863512502384552864 0 0 0 0 0 0 0 0 0 0 0 1 0 0 0 0 0 0 0 0 0 0 0 0 0 0 0 0 0 0 0 0 0 0 0 0 0 0 0 0 0 0 0 0 0 0 0 0 0 0 0 0 0 0 0 0 0 0 0 0 0 0 0 0 0 0 0 0 0 0 0 0 0 0 0 0 0 0 0 0 0 0 0 0 0 0 0 0 0 0 0 0 0 0 0 0 0 0 0 0 0 0 0 0 0 0 0 0 0 0]
[3843049495558290623172539366434900222029152737342091589993396863556733604862723209462315627414210341262130038484895304526505995972683748129579237605889004839333260535426780200758253220278526992766451184000096596465308119827060856912503184003243606908413947561320354767038877524251958745837238095555611113797350521502558049539876850197 0 0 0 0 0 0 0 0 0 0 0 0 1 0 0 0 0 0 0 0 0 0 0 0 0 0 0 0 0 0 0 0 0 0 0 0 0 0 0 0 0 0 0 0 0 0 0 0 0 0 0 0 0 0 0 0 0 0 0 0 0 0 0 0 0 0 0 0 0 0 0 0 0 0 0 0 0 0 0 0 0 0 0 0 0 0 0 0 0 0 0 0 0 0 0 0 0 0 0 0 0 0 0 0 0 0 0 0 0 0]
[3589941965114924562809560019337803401688790741229888019269107848563302914264960646110543456786409881393377962798369169361135410375371560608343696625508575040507713328753543809727506650198895451198970234860374388869294773117985153845829054740916778451560955679921656057541225811041145223757647580646133509182013786372072634021778993844 0 0 0 0 0 0 0 0 0 0 0 0 0 1 0 0 0 0 0 0 0 0 0 0 0 0 0 0 0 0 0 0 0 0 0 0 0 0 0 0 0 0 0 0 0 0 0 0 0 0 0 0 0 0 0 0 0 0 0 0 0 0 0 0 0 0 0 0 0 0 0 0 0 0 0 0 0 0 0 0 0 0 0 0 0 0 0 0 0 0 0 0 0 0 0 0 0 0 0 0 0 0 0 0 0 0 0 0 0 0]
[2506570829714292627009304324936356677596715052262938212109451469591516143271843930545212287893416241438870213302780920896296186691421727609442437744923170013287833993252405191540696377090914727931852075618383571428238747049224845953957517716066942832786006277709387205022760117752959571537851286003172424812825416916703324975336615151 0 0 0 0 0 0 0 0 0 0 0 0 0 0 1 0 0 0 0 0 0 0 0 0 0 0 0 0 0 0 0 0 0 0 0 0 0 0 0 0 0 0 0 0 0 0 0 0 0 0 0 0 0 0 0 0 0 0 0 0 0 0 0 0 0 0 0 0 0 0 0 0 0 0 0 0 0 0 0 0 0 0 0 0 0 0 0 0 0 0 0 0 0 0 0 0 0 0 0 0 0 0 0 0 0 0 0 0 0 0]
[3290877924915657908633326976880464263804413213766705100069863998938415078575336126015610369182731005627502736158733702675254530347120314689125129177262398825564627978310377743707354611318642443178937179246997773604514382255712707193017084855848427849390487938433952626224484963272430685129153946095344408974299083343488630526581415381 0 0 0 0 0 0 0 0 0 0 0 0 0 0 0 1 0 0 0 0 0 0 0 0 0 0 0 0 0 0 0 0 0 0 0 0 0 0 0 0 0 0 0 0 0 0 0 0 0 0 0 0 0 0 0 0 0 0 0 0 0 0 0 0 0 0 0 0 0 0 0 0 0 0 0 0 0 0 0 0 0 0 0 0 0 0 0 0 0 0 0 0 0 0 0 0 0 0 0 0 0 0 0 0 0 0 0 0 0 0]
[5055880586629341233887007298295759079823940246914115694123299454131490611334747593197434862653558050788063962903434432301297614130302106238849029551716728593933974243964400259220990598355442239217073065575217331007544072183141293815486783079400565924770137219854208724217871554139986061077508515660031723168851447102787663554083159743 0 0 0 0 0 0 0 0 0 0 0 0 0 0 0 0 1 0 0 0 0 0 0 0 0 0 0 0 0 0 0 0 0 0 0 0 0 0 0 0 0 0 0 0 0 0 0 0 0 0 0 0 0 0 0 0 0 0 0 0 0 0 0 0 0 0 0 0 0 0 0 0 0 0 0 0 0 0 0 0 0 0 0 0 0 0 0 0 0 0 0 0 0 0 0 0 0 0 0 0 0 0 0 0 0 0 0 0 0 0]
[3351386780361467488659412673505149517935871656218348744475540525269318943438854033642102738523352746408648400506249409683853178128244209509941499021640954481935014101356157160733531395150499278146557976376070980406134077085053521625822134496175622343903429745215122961338425975647289313864694668510446891846738594581047691091477951311 0 0 0 0 0 0 0 0 0 0 0 0 0 0 0 0 0 1 0 0 0 0 0 0 0 0 0 0 0 0 0 0 0 0 0 0 0 0 0 0 0 0 0 0 0 0 0 0 0 0 0 0 0 0 0 0 0 0 0 0 0 0 0 0 0 0 0 0 0 0 0 0 0 0 0 0 0 0 0 0 0 0 0 0 0 0 0 0 0 0 0 0 0 0 0 0 0 0 0 0 0 0 0 0 0 0 0 0 0 0]
[3002479603245354817289056683373033122214598425191556274751267105949486840083823957022642947928529472089430008282104853198455376631739882816894079450236075280468570312467058620585881805066877365930305228631633306014759881068264728479348997134286156504990421183246295391007762128295813820699387505931702097834197767480943942499062119913 0 0 0 0 0 0 0 0 0 0 0 0 0 0 0 0 0 0 1 0 0 0 0 0 0 0 0 0 0 0 0 0 0 0 0 0 0 0 0 0 0 0 0 0 0 0 0 0 0 0 0 0 0 0 0 0 0 0 0 0 0 0 0 0 0 0 0 0 0 0 0 0 0 0 0 0 0 0 0 0 0 0 0 0 0 0 0 0 0 0 0 0 0 0 0 0 0 0 0 0 0 0 0 0 0 0 0 0 0 0]
[3550902116015723128026739025907651034786473024027631932842155849622884167340899704991696462224434778901060133959803899500796519208235609074567314281343335226588607451347623795306938201533308783464609290171722670301574504833002738426258779996866495616656069558262552952109350589704184976213004756836953649905890688248950847257582483911 0 0 0 0 0 0 0 0 0 0 0 0 0 0 0 0 0 0 0 1 0 0 0 0 0 0 0 0 0 0 0 0 0 0 0 0 0 0 0 0 0 0 0 0 0 0 0 0 0 0 0 0 0 0 0 0 0 0 0 0 0 0 0 0 0 0 0 0 0 0 0 0 0 0 0 0 0 0 0 0 0 0 0 0 0 0 0 0 0 0 0 0 0 0 0 0 0 0 0 0 0 0 0 0 0 0 0 0 0 0]
[2264627912800953198980773206850711987120247493458894580071583210661292713163043560278213617539808932349898487576257213893435431274612261287810538546324428567388519193068346999408289193770248646628547336512215657486324384870036321725701888557422879540079659440841260306083504792390941736290173776652603901837519541687679893086908053242 0 0 0 0 0 0 0 0 0 0 0 0 0 0 0 0 0 0 0 0 1 0 0 0 0 0 0 0 0 0 0 0 0 0 0 0 0 0 0 0 0 0 0 0 0 0 0 0 0 0 0 0 0 0 0 0 0 0 0 0 0 0 0 0 0 0 0 0 0 0 0 0 0 0 0 0 0 0 0 0 0 0 0 0 0 0 0 0 0 0 0 0 0 0 0 0 0 0 0 0 0 0 0 0 0 0 0 0 0 0]
[1157065796070311621366452889978192655622936963598545141175777519065610405657666660709179171610093599529475007603321291060511776811324618790299113766656582935679340690508417123304399149951301347307931015618657373888766454599267519453433968371414738584392726411434540018232844108767353242378435443846448781116886128359567702762357573718 0 0 0 0 0 0 0 0 0 0 0 0 0 0 0 0 0 0 0 0 0 1 0 0 0 0 0 0 0 0 0 0 0 0 0 0 0 0 0 0 0 0 0 0 0 0 0 0 0 0 0 0 0 0 0 0 0 0 0 0 0 0 0 0 0 0 0 0 0 0 0 0 0 0 0 0 0 0 0 0 0 0 0 0 0 0 0 0 0 0 0 0 0 0 0 0 0 0 0 0 0 0 0 0 0 0 0 0 0 0]
[5027223110097529924632873488712062987597176356168154572964713611282551051556704984592745067002777654342993739420603909669933683980365627117238179347520638870807594953720482410709376829646953429005788748642643190887544716916540487383695883686364536442219240183316234952799146537156249534434029116053779395383957236218904413812915515500 0 0 0 0 0 0 0 0 0 0 0 0 0 0 0 0 0 0 0 0 0 0 1 0 0 0 0 0 0 0 0 0 0 0 0 0 0 0 0 0 0 0 0 0 0 0 0 0 0 0 0 0 0 0 0 0 0 0 0 0 0 0 0 0 0 0 0 0 0 0 0 0 0 0 0 0 0 0 0 0 0 0 0 0 0 0 0 0 0 0 0 0 0 0 0 0 0 0 0 0 0 0 0 0 0 0 0 0 0 0]
[5217231297697324595494342561742492649196332903054582717510136069946543664290034597085647623572870400768072953990174455019452414781261264608230794992036291065772804215753100664248810418529222268683726149714592683566000051806259239762016630401700258178617763613399519854392953192026807174528329204544561303317868889529197604417488441822 0 0 0 0 0 0 0 0 0 0 0 0 0 0 0 0 0 0 0 0 0 0 0 1 0 0 0 0 0 0 0 0 0 0 0 0 0 0 0 0 0 0 0 0 0 0 0 0 0 0 0 0 0 0 0 0 0 0 0 0 0 0 0 0 0 0 0 0 0 0 0 0 0 0 0 0 0 0 0 0 0 0 0 0 0 0 0 0 0 0 0 0 0 0 0 0 0 0 0 0 0 0 0 0 0 0 0 0 0 0]
[5955453302357949389210171459969932071202406921162466524042554602884054056874697383992554072675545097390251346280203729890016562221947708342535787377659129600162336814774833931692207703223992876454403374501683881007564246562843301050018833851050017197165935689255330027447255537845646164511267351633744078992504818402883476153147991136 0 0 0 0 0 0 0 0 0 0 0 0 0 0 0 0 0 0 0 0 0 0 0 0 1 0 0 0 0 0 0 0 0 0 0 0 0 0 0 0 0 0 0 0 0 0 0 0 0 0 0 0 0 0 0 0 0 0 0 0 0 0 0 0 0 0 0 0 0 0 0 0 0 0 0 0 0 0 0 0 0 0 0 0 0 0 0 0 0 0 0 0 0 0 0 0 0 0 0 0 0 0 0 0 0 0 0 0 0 0]
[5979742153131605612132660406726710281842586069362889420466580434135773421266230539335634288964608497242656247466372630666219092677417793497797676518216503192428948495047019854888784358448331242987396776697103565536893380722483346655133000974625722947223458414089957741441550422399062679205912848937382425558753248034286617275095282364 0 0 0 0 0 0 0 0 0 0 0 0 0 0 0 0 0 0 0 0 0 0 0 0 0 1 0 0 0 0 0 0 0 0 0 0 0 0 0 0 0 0 0 0 0 0 0 0 0 0 0 0 0 0 0 0 0 0 0 0 0 0 0 0 0 0 0 0 0 0 0 0 0 0 0 0 0 0 0 0 0 0 0 0 0 0 0 0 0 0 0 0 0 0 0 0 0 0 0 0 0 0 0 0 0 0 0 0 0 0]
[3853120821507378323082551423102741622129062651975180598598672186563161060872855755867249419098446275437167765438556276059822163950356617798000575226123825285865639505186642822273273641622302420457024011901434146724635632760499312837727891468499705859107762648226747727964846116696811881969805915157916715261745316777564716752862790087 0 0 0 0 0 0 0 0 0 0 0 0 0 0 0 0 0 0 0 0 0 0 0 0 0 0 1 0 0 0 0 0 0 0 0 0 0 0 0 0 0 0 0 0 0 0 0 0 0 0 0 0 0 0 0 0 0 0 0 0 0 0 0 0 0 0 0 0 0 0 0 0 0 0 0 0 0 0 0 0 0 0 0 0 0 0 0 0 0 0 0 0 0 0 0 0 0 0 0 0 0 0 0 0 0 0 0 0 0 0]
[3283747931060221625973872247674000585176163795527731745147207190787446304877696204541033206233086569564669217904590815497297897060097058811840559921604240702735941339460406557093932354191025124641730356682214604929472814632359594051230418716161973437614468129983053071997666828912761455122980549972349279217001339408650744924619374031 0 0 0 0 0 0 0 0 0 0 0 0 0 0 0 0 0 0 0 0 0 0 0 0 0 0 0 1 0 0 0 0 0 0 0 0 0 0 0 0 0 0 0 0 0 0 0 0 0 0 0 0 0 0 0 0 0 0 0 0 0 0 0 0 0 0 0 0 0 0 0 0 0 0 0 0 0 0 0 0 0 0 0 0 0 0 0 0 0 0 0 0 0 0 0 0 0 0 0 0 0 0 0 0 0 0 0 0 0 0]
[5032169917301388407496116633088278050033471910107812828091555904301594325841811317496090210532399599555215685887227500453865770126549284781203800315341295455659035942501328758168768646068442327900187617794005148161230657673043137804064936868430521018042756491685940850479761550173319706792146971194383233904694163734575759509999925342 0 0 0 0 0 0 0 0 0 0 0 0 0 0 0 0 0 0 0 0 0 0 0 0 0 0 0 0 1 0 0 0 0 0 0 0 0 0 0 0 0 0 0 0 0 0 0 0 0 0 0 0 0 0 0 0 0 0 0 0 0 0 0 0 0 0 0 0 0 0 0 0 0 0 0 0 0 0 0 0 0 0 0 0 0 0 0 0 0 0 0 0 0 0 0 0 0 0 0 0 0 0 0 0 0 0 0 0 0 0]
[558919842158220213880575379888444631683575169131791825407163102582226197329623681924105084674808726042031118772159507329489023640483295288400823606162843876342219332004422914971168446120883786361841110755947828603832701908266686915692516506999713172287487331981426351288654697929807076578701915432485279338561971359877924795989032348 0 0 0 0 0 0 0 0 0 0 0 0 0 0 0 0 0 0 0 0 0 0 0 0 0 0 0 0 0 1 0 0 0 0 0 0 0 0 0 0 0 0 0 0 0 0 0 0 0 0 0 0 0 0 0 0 0 0 0 0 0 0 0 0 0 0 0 0 0 0 0 0 0 0 0 0 0 0 0 0 0 0 0 0 0 0 0 0 0 0 0 0 0 0 0 0 0 0 0 0 0 0 0 0 0 0 0 0 0 0]
[5831195037940505844343058557379337993511802197872718179248263163006795676200882399279824223755611062962166367375178384010525336783906956861354127198688504278096348841014717751502610523970016390047591335040484068114346061240637132216094533905299974857695124283310463375168066052700712549790779566943826047262173838846130864662315989031 0 0 0 0 0 0 0 0 0 0 0 0 0 0 0 0 0 0 0 0 0 0 0 0 0 0 0 0 0 0 1 0 0 0 0 0 0 0 0 0 0 0 0 0 0 0 0 0 0 0 0 0 0 0 0 0 0 0 0 0 0 0 0 0 0 0 0 0 0 0 0 0 0 0 0 0 0 0 0 0 0 0 0 0 0 0 0 0 0 0 0 0 0 0 0 0 0 0 0 0 0 0 0 0 0 0 0 0 0 0]
[7211543259915213721389354757004859051324395533538176798871800829005328967047211860147077038888150114442811383018487278652661467128884527859253283675557632284770670920537870962622932078634328275637130747282383422331888971655489184081904299303733212999510402979231613898734349856791040555291184265072299652384202132574110397878463503451 0 0 0 0 0 0 0 0 0 0 0 0 0 0 0 0 0 0 0 0 0 0 0 0 0 0 0 0 0 0 0 1 0 0 0 0 0 0 0 0 0 0 0 0 0 0 0 0 0 0 0 0 0 0 0 0 0 0 0 0 0 0 0 0 0 0 0 0 0 0 0 0 0 0 0 0 0 0 0 0 0 0 0 0 0 0 0 0 0 0 0 0 0 0 0 0 0 0 0 0 0 0 0 0 0 0 0 0 0 0]
[1957094640084517203398688573798887366667253391809695771210571068191720786182534082785698542039380277096501010135268805018430333652235731713697985919215067554510344701889595528609116881458098231671780810314116633068232822866438367061750270154981516174056310934472663266131871894376760884872249537766146894561941248729120400599006695440 0 0 0 0 0 0 0 0 0 0 0 0 0 0 0 0 0 0 0 0 0 0 0 0 0 0 0 0 0 0 0 0 1 0 0 0 0 0 0 0 0 0 0 0 0 0 0 0 0 0 0 0 0 0 0 0 0 0 0 0 0 0 0 0 0 0 0 0 0 0 0 0 0 0 0 0 0 0 0 0 0 0 0 0 0 0 0 0 0 0 0 0 0 0 0 0 0 0 0 0 0 0 0 0 0 0 0 0 0 0]
[7352531045223973336118353950611039979677946744604910852355750365489416680508280445050528804846581584283050767082940275961239172945466158527731533154182703849953608210860836273650638159024736646848535767065464862103242467411264703894547518596274069727748354105751518217441341734869488784397387007915728022730698589412268722386078202387 0 0 0 0 0 0 0 0 0 0 0 0 0 0 0 0 0 0 0 0 0 0 0 0 0 0 0 0 0 0 0 0 0 1 0 0 0 0 0 0 0 0 0 0 0 0 0 0 0 0 0 0 0 0 0 0 0 0 0 0 0 0 0 0 0 0 0 0 0 0 0 0 0 0 0 0 0 0 0 0 0 0 0 0 0 0 0 0 0 0 0 0 0 0 0 0 0 0 0 0 0 0 0 0 0 0 0 0 0 0]
[3061150198286303785024811212762560461224102702415080513958854634870702948210705540390029813004911670334285618037667536383427866336135195461327767300713917013829076040264544871214214391760675005489407083496036344520282332458319403824045596622258662722360473361298967127888462078493572403442731110308138328416920094428561083095342208505 0 0 0 0 0 0 0 0 0 0 0 0 0 0 0 0 0 0 0 0 0 0 0 0 0 0 0 0 0 0 0 0 0 0 1 0 0 0 0 0 0 0 0 0 0 0 0 0 0 0 0 0 0 0 0 0 0 0 0 0 0 0 0 0 0 0 0 0 0 0 0 0 0 0 0 0 0 0 0 0 0 0 0 0 0 0 0 0 0 0 0 0 0 0 0 0 0 0 0 0 0 0 0 0 0 0 0 0 0 0]
[7926421113030960737360920525624293236926867508220876118742002107491168791785912433394930684414536553226037840853500029760905469818885262454529105398509655143470867144933752992516083760896526547874162717905147970401330125142275321798307161571568888061121486510644470296838325801183271792878086660930175684724847259277868862125893221150 0 0 0 0 0 0 0 0 0 0 0 0 0 0 0 0 0 0 0 0 0 0 0 0 0 0 0 0 0 0 0 0 0 0 0 1 0 0 0 0 0 0 0 0 0 0 0 0 0 0 0 0 0 0 0 0 0 0 0 0 0 0 0 0 0 0 0 0 0 0 0 0 0 0 0 0 0 0 0 0 0 0 0 0 0 0 0 0 0 0 0 0 0 0 0 0 0 0 0 0 0 0 0 0 0 0 0 0 0 0]
[3000479270391768796804539938401449312091970464034300745811682464096092534990950221215589997905257064083060663535410806847272953248099631716540769333454676253043356694441586494763574528506438029415536332771679724797295928168741274446444532054057061310147240293831908328222321382218662203214570713725070831119321648777793480897703678892 0 0 0 0 0 0 0 0 0 0 0 0 0 0 0 0 0 0 0 0 0 0 0 0 0 0 0 0 0 0 0 0 0 0 0 0 1 0 0 0 0 0 0 0 0 0 0 0 0 0 0 0 0 0 0 0 0 0 0 0 0 0 0 0 0 0 0 0 0 0 0 0 0 0 0 0 0 0 0 0 0 0 0 0 0 0 0 0 0 0 0 0 0 0 0 0 0 0 0 0 0 0 0 0 0 0 0 0 0 0]
[2343502195178621900587081722635265832723607233375736079013366684383251245017227402889742793866472043117481207363708312973130413133902738779717405858474423779479508323404083567647478941331306314362172000716287662587056317743008058868861641289908871552731050194326674324183716840074911354413504454654257724670131896295101666077959365971 0 0 0 0 0 0 0 0 0 0 0 0 0 0 0 0 0 0 0 0 0 0 0 0 0 0 0 0 0 0 0 0 0 0 0 0 0 1 0 0 0 0 0 0 0 0 0 0 0 0 0 0 0 0 0 0 0 0 0 0 0 0 0 0 0 0 0 0 0 0 0 0 0 0 0 0 0 0 0 0 0 0 0 0 0 0 0 0 0 0 0 0 0 0 0 0 0 0 0 0 0 0 0 0 0 0 0 0 0 0]
[3069112404889741996866163804378625247163524501879314341770365950042647907009838074557383038877888609112153234473884056572656822779353113847378020891060340472694333664131028764050585839162898974762629767202941657579420472058476878502574768777432704805703393836461835352574151101597879034196339225374845426702686558523362443000849851193 0 0 0 0 0 0 0 0 0 0 0 0 0 0 0 0 0 0 0 0 0 0 0 0 0 0 0 0 0 0 0 0 0 0 0 0 0 0 1 0 0 0 0 0 0 0 0 0 0 0 0 0 0 0 0 0 0 0 0 0 0 0 0 0 0 0 0 0 0 0 0 0 0 0 0 0 0 0 0 0 0 0 0 0 0 0 0 0 0 0 0 0 0 0 0 0 0 0 0 0 0 0 0 0 0 0 0 0 0 0]
[6078339558951411249265754016428697767416501554502381306300767060220367112185902728961551847061027795937288435894270271409199662246494192789186254446605240396435479017897161404229942303168848928160403580855726801799670648574735138789109241109254127111680829530293223179432962506724073064933434703773328747331681995981043955891578824336 0 0 0 0 0 0 0 0 0 0 0 0 0 0 0 0 0 0 0 0 0 0 0 0 0 0 0 0 0 0 0 0 0 0 0 0 0 0 0 1 0 0 0 0 0 0 0 0 0 0 0 0 0 0 0 0 0 0 0 0 0 0 0 0 0 0 0 0 0 0 0 0 0 0 0 0 0 0 0 0 0 0 0 0 0 0 0 0 0 0 0 0 0 0 0 0 0 0 0 0 0 0 0 0 0 0 0 0 0 0]
[2835979404324708957535424947822974263649535375538363156728155071943298881523939862219860883073842379948432284264735906139755082609234341268386164555095988065180257345965654244302683489896194920960899793683830989714235543055873132553031068317834453496873306774919077244145998214471074189328216172067621714946740444369717618449239312078 0 0 0 0 0 0 0 0 0 0 0 0 0 0 0 0 0 0 0 0 0 0 0 0 0 0 0 0 0 0 0 0 0 0 0 0 0 0 0 0 1 0 0 0 0 0 0 0 0 0 0 0 0 0 0 0 0 0 0 0 0 0 0 0 0 0 0 0 0 0 0 0 0 0 0 0 0 0 0 0 0 0 0 0 0 0 0 0 0 0 0 0 0 0 0 0 0 0 0 0 0 0 0 0 0 0 0 0 0 0]
[1522941646801365856211979235756604045750184987594191617052820736434895188579585477128817913916749689350196276236754162074397189509885360728101782944557468985766624284150656497902318003465671799788414284997681721068262160605330556123890770270640820590164192874075751540441806362729189685906465196313619668453241357568766085445482463934 0 0 0 0 0 0 0 0 0 0 0 0 0 0 0 0 0 0 0 0 0 0 0 0 0 0 0 0 0 0 0 0 0 0 0 0 0 0 0 0 0 1 0 0 0 0 0 0 0 0 0 0 0 0 0 0 0 0 0 0 0 0 0 0 0 0 0 0 0 0 0 0 0 0 0 0 0 0 0 0 0 0 0 0 0 0 0 0 0 0 0 0 0 0 0 0 0 0 0 0 0 0 0 0 0 0 0 0 0 0]
[6207188451724037459031751937916402701060696150588715486363937934614607243397446305658812185697406513669972548077645796118034318787411435617134216412641133676948863397190064826062506436247879607987390363498228634786121750124124035902610678054286843101976843539822540223021947150819072360828302483286620158357273626698011576649277195489 0 0 0 0 0 0 0 0 0 0 0 0 0 0 0 0 0 0 0 0 0 0 0 0 0 0 0 0 0 0 0 0 0 0 0 0 0 0 0 0 0 0 1 0 0 0 0 0 0 0 0 0 0 0 0 0 0 0 0 0 0 0 0 0 0 0 0 0 0 0 0 0 0 0 0 0 0 0 0 0 0 0 0 0 0 0 0 0 0 0 0 0 0 0 0 0 0 0 0 0 0 0 0 0 0 0 0 0 0 0]
[3201104277355490613668913851936278088053728092694796145736533741939119579530056202228532217739559775593631255836981556023044187042300233768771246750733537713098176281605941895942458419376034930708829741939786337539983804488043795803463662735152725521208738975390551059204872471941025191262757795119653710441335134113078296457718252579 0 0 0 0 0 0 0 0 0 0 0 0 0 0 0 0 0 0 0 0 0 0 0 0 0 0 0 0 0 0 0 0 0 0 0 0 0 0 0 0 0 0 0 1 0 0 0 0 0 0 0 0 0 0 0 0 0 0 0 0 0 0 0 0 0 0 0 0 0 0 0 0 0 0 0 0 0 0 0 0 0 0 0 0 0 0 0 0 0 0 0 0 0 0 0 0 0 0 0 0 0 0 0 0 0 0 0 0 0 0]
[543016178944815246384105560324045203018336642461061226395548992442726646126284195321132268212182066144177705529396336486464948679806050985731168105016572789298466985955087178535448285500709122562486244493632092036794675303080602230129266650923148592093070602640791361868171426837003519518980034066215213101765096088681648117334977671 0 0 0 0 0 0 0 0 0 0 0 0 0 0 0 0 0 0 0 0 0 0 0 0 0 0 0 0 0 0 0 0 0 0 0 0 0 0 0 0 0 0 0 0 1 0 0 0 0 0 0 0 0 0 0 0 0 0 0 0 0 0 0 0 0 0 0 0 0 0 0 0 0 0 0 0 0 0 0 0 0 0 0 0 0 0 0 0 0 0 0 0 0 0 0 0 0 0 0 0 0 0 0 0 0 0 0 0 0 0]
[1415984657650939727841453794471869210354806377158261400643274491711874727676695414626579528766153673510017686341859744352913822739933811690859201313481690468826982860405101749392536445815227572181184719337272945740829272868753642169943408591177233618672897097802855639542226587475769191168885810235716744183061534741189777854519731166 0 0 0 0 0 0 0 0 0 0 0 0 0 0 0 0 0 0 0 0 0 0 0 0 0 0 0 0 0 0 0 0 0 0 0 0 0 0 0 0 0 0 0 0 0 1 0 0 0 0 0 0 0 0 0 0 0 0 0 0 0 0 0 0 0 0 0 0 0 0 0 0 0 0 0 0 0 0 0 0 0 0 0 0 0 0 0 0 0 0 0 0 0 0 0 0 0 0 0 0 0 0 0 0 0 0 0 0 0 0]
[7232868863021675732674679027976248712505030039624156240700650207701497577921765935436376187652128585619930734358615306950645173730421682355124212569854218995952766550618422778180310929132502499001449983576688924393531504464148516318838872852689933773129263644252652844282520294851217039107808979707709736285746050803393045557352312847 0 0 0 0 0 0 0 0 0 0 0 0 0 0 0 0 0 0 0 0 0 0 0 0 0 0 0 0 0 0 0 0 0 0 0 0 0 0 0 0 0 0 0 0 0 0 1 0 0 0 0 0 0 0 0 0 0 0 0 0 0 0 0 0 0 0 0 0 0 0 0 0 0 0 0 0 0 0 0 0 0 0 0 0 0 0 0 0 0 0 0 0 0 0 0 0 0 0 0 0 0 0 0 0 0 0 0 0 0 0]
[6143686128560725385778736082736412314155960529542769504735901965810913226409572099620917863231568117192035655174274462339587877282112584583894421949047285967829832118627956613946877621511503981539691147516939135747185625404531738544785816215986488971963434218798620191331387623036965256213870068510026727140333760922630161351111075390 0 0 0 0 0 0 0 0 0 0 0 0 0 0 0 0 0 0 0 0 0 0 0 0 0 0 0 0 0 0 0 0 0 0 0 0 0 0 0 0 0 0 0 0 0 0 0 1 0 0 0 0 0 0 0 0 0 0 0 0 0 0 0 0 0 0 0 0 0 0 0 0 0 0 0 0 0 0 0 0 0 0 0 0 0 0 0 0 0 0 0 0 0 0 0 0 0 0 0 0 0 0 0 0 0 0 0 0 0 0]
[1826501495614544598444346763013495961049116044355412158845397171482183970899349176787511013738521832957674177768383916082205483687911381306579570466202719453917008452711442334839182188972248665367261324213502199057537323247756676224376651653524849535494210611037922023237477719820947468855356734532449373665652745923405149560492442511 0 0 0 0 0 0 0 0 0 0 0 0 0 0 0 0 0 0 0 0 0 0 0 0 0 0 0 0 0 0 0 0 0 0 0 0 0 0 0 0 0 0 0 0 0 0 0 0 1 0 0 0 0 0 0 0 0 0 0 0 0 0 0 0 0 0 0 0 0 0 0 0 0 0 0 0 0 0 0 0 0 0 0 0 0 0 0 0 0 0 0 0 0 0 0 0 0 0 0 0 0 0 0 0 0 0 0 0 0 0]
[8072254849909916025847707709472944052950216516174058944186862164960613297331732279471736060849234430029239879476340856525815909858447742564338732379810007066247100852406458988640849159717279220433812001378407923949095862796385673711317158411431679758091384012656393863438776768176899031584666020736282193614512464624551851311048772757 0 0 0 0 0 0 0 0 0 0 0 0 0 0 0 0 0 0 0 0 0 0 0 0 0 0 0 0 0 0 0 0 0 0 0 0 0 0 0 0 0 0 0 0 0 0 0 0 0 1 0 0 0 0 0 0 0 0 0 0 0 0 0 0 0 0 0 0 0 0 0 0 0 0 0 0 0 0 0 0 0 0 0 0 0 0 0 0 0 0 0 0 0 0 0 0 0 0 0 0 0 0 0 0 0 0 0 0 0 0]
[3120675570898774751807861038145094292888574288792907099650420695456876987328776950071911862426471286222983463022231372058059389697328971534307334611626814095369889684608790165741557796290151892199041039856343613749213022794941971950936203325191281681667188428274506920888875197544693446119344595444134095353029852396129833253777582259 0 0 0 0 0 0 0 0 0 0 0 0 0 0 0 0 0 0 0 0 0 0 0 0 0 0 0 0 0 0 0 0 0 0 0 0 0 0 0 0 0 0 0 0 0 0 0 0 0 0 1 0 0 0 0 0 0 0 0 0 0 0 0 0 0 0 0 0 0 0 0 0 0 0 0 0 0 0 0 0 0 0 0 0 0 0 0 0 0 0 0 0 0 0 0 0 0 0 0 0 0 0 0 0 0 0 0 0 0 0]
[5590365624531899214528820785911788876489001894013766151465210270025255447836494512908421196407564001975585488736187637330057718576703782542231483266858652912576197816816829117801913682082578259927009951448491026881194679715580812267893277716939133078107212046949133614490028629350776650647191506867055278729081721277938661803462988226 0 0 0 0 0 0 0 0 0 0 0 0 0 0 0 0 0 0 0 0 0 0 0 0 0 0 0 0 0 0 0 0 0 0 0 0 0 0 0 0 0 0 0 0 0 0 0 0 0 0 0 1 0 0 0 0 0 0 0 0 0 0 0 0 0 0 0 0 0 0 0 0 0 0 0 0 0 0 0 0 0 0 0 0 0 0 0 0 0 0 0 0 0 0 0 0 0 0 0 0 0 0 0 0 0 0 0 0 0 0]
[211667940155903119194685390198088231109187114073202481165765559224340916764355836725436976814451421624481188836670840495011371916610132417424473667426894812232628418873478155339794237309424626702642098387026111295000100459761169892183092007599188964776023759799320655779857753647313032404964886692452633376196343261401731945241609011 0 0 0 0 0 0 0 0 0 0 0 0 0 0 0 0 0 0 0 0 0 0 0 0 0 0 0 0 0 0 0 0 0 0 0 0 0 0 0 0 0 0 0 0 0 0 0 0 0 0 0 0 1 0 0 0 0 0 0 0 0 0 0 0 0 0 0 0 0 0 0 0 0 0 0 0 0 0 0 0 0 0 0 0 0 0 0 0 0 0 0 0 0 0 0 0 0 0 0 0 0 0 0 0 0 0 0 0 0 0]
[2864223695591564428182354036476101373119477596140861712740394924639825124238500019350158612895823921142487902409775396439089033943324541942835586152067924245264918353791141264835933160039896855342645416678907858951544555256595380248322259911266179562685107741538959850010491478780712845285825099519346966118272114457225897923102109179 0 0 0 0 0 0 0 0 0 0 0 0 0 0 0 0 0 0 0 0 0 0 0 0 0 0 0 0 0 0 0 0 0 0 0 0 0 0 0 0 0 0 0 0 0 0 0 0 0 0 0 0 0 1 0 0 0 0 0 0 0 0 0 0 0 0 0 0 0 0 0 0 0 0 0 0 0 0 0 0 0 0 0 0 0 0 0 0 0 0 0 0 0 0 0 0 0 0 0 0 0 0 0 0 0 0 0 0 0 0]
[6863399273172701636597762572903169877006647674924643212325161958158141138064313749045728155799999063965700208597452207300030931698506411381733034907554291098593035287618874259732344233899699732617035911624370209147914652987612329944275001483662378460947172504785779861349230992740340196446585376388160635647195650108850660579511953986 0 0 0 0 0 0 0 0 0 0 0 0 0 0 0 0 0 0 0 0 0 0 0 0 0 0 0 0 0 0 0 0 0 0 0 0 0 0 0 0 0 0 0 0 0 0 0 0 0 0 0 0 0 0 1 0 0 0 0 0 0 0 0 0 0 0 0 0 0 0 0 0 0 0 0 0 0 0 0 0 0 0 0 0 0 0 0 0 0 0 0 0 0 0 0 0 0 0 0 0 0 0 0 0 0 0 0 0 0 0]
[1769138953949419778137156834609398243954145020860884628099228357376708383954418127232697574210583036596782977160181631832073805585724505320397810992015464432955542725858730235453644441157951538231350188232611494326655421700141835125688044224544754185981287624666178867988165852538853144557228708644807628220407054891769387686564465597 0 0 0 0 0 0 0 0 0 0 0 0 0 0 0 0 0 0 0 0 0 0 0 0 0 0 0 0 0 0 0 0 0 0 0 0 0 0 0 0 0 0 0 0 0 0 0 0 0 0 0 0 0 0 0 1 0 0 0 0 0 0 0 0 0 0 0 0 0 0 0 0 0 0 0 0 0 0 0 0 0 0 0 0 0 0 0 0 0 0 0 0 0 0 0 0 0 0 0 0 0 0 0 0 0 0 0 0 0 0]
[1492847295027021219951298288096108642211188052318760503237478443670512094444460880422233000204393148735460663218265527756146314348867886869672945135108247523090564785261242271693783517961283209306044360361906515730499506037793539989022369565487584979007481646011436464244266874909114787731426803092260476831451178843494241575463497928 0 0 0 0 0 0 0 0 0 0 0 0 0 0 0 0 0 0 0 0 0 0 0 0 0 0 0 0 0 0 0 0 0 0 0 0 0 0 0 0 0 0 0 0 0 0 0 0 0 0 0 0 0 0 0 0 1 0 0 0 0 0 0 0 0 0 0 0 0 0 0 0 0 0 0 0 0 0 0 0 0 0 0 0 0 0 0 0 0 0 0 0 0 0 0 0 0 0 0 0 0 0 0 0 0 0 0 0 0 0]
[4644833936437014935270522931950032149336774748808353492708087839808782443554286665384696253095101139971998764095263204193931502353100274698364191592809521737562265922359244508513158123413809718788929115176946526972993918397264661465766773360749119112945280666907628392915689337066101678157355101134860591145518687895502615285351288063 0 0 0 0 0 0 0 0 0 0 0 0 0 0 0 0 0 0 0 0 0 0 0 0 0 0 0 0 0 0 0 0 0 0 0 0 0 0 0 0 0 0 0 0 0 0 0 0 0 0 0 0 0 0 0 0 0 1 0 0 0 0 0 0 0 0 0 0 0 0 0 0 0 0 0 0 0 0 0 0 0 0 0 0 0 0 0 0 0 0 0 0 0 0 0 0 0 0 0 0 0 0 0 0 0 0 0 0 0 0]
[3253936194310244488497815114041915499775993455038680670563518981372115469484443087507409903714654717390055395692053356625267423970980579404347372961612154115560805059701141642608354958960861991411770613659198289170201680866906182291408192093486940577201194623331609145452469150214571216416482071522983133470165471397877695671787427101 0 0 0 0 0 0 0 0 0 0 0 0 0 0 0 0 0 0 0 0 0 0 0 0 0 0 0 0 0 0 0 0 0 0 0 0 0 0 0 0 0 0 0 0 0 0 0 0 0 0 0 0 0 0 0 0 0 0 1 0 0 0 0 0 0 0 0 0 0 0 0 0 0 0 0 0 0 0 0 0 0 0 0 0 0 0 0 0 0 0 0 0 0 0 0 0 0 0 0 0 0 0 0 0 0 0 0 0 0 0]
[4451952448132358910366269852473133614898360385880714840619612537802127174867320400942530834203432858433637425811824942293444136006685493191667672448044499896617714081321150042228969837288275180803667351047837638162706013805448455322235869539602331108202135866233245584284457742067515675112479294644535259019539143002114543400080723481 0 0 0 0 0 0 0 0 0 0 0 0 0 0 0 0 0 0 0 0 0 0 0 0 0 0 0 0 0 0 0 0 0 0 0 0 0 0 0 0 0 0 0 0 0 0 0 0 0 0 0 0 0 0 0 0 0 0 0 1 0 0 0 0 0 0 0 0 0 0 0 0 0 0 0 0 0 0 0 0 0 0 0 0 0 0 0 0 0 0 0 0 0 0 0 0 0 0 0 0 0 0 0 0 0 0 0 0 0 0]
[8237646002365370004137558583397564244181498385397089237258045628122499292273478961299411158062759907623321172099961466374031909702840982667547030593976158365162125091101748021135187216949011187483693584972513877197641040293673122021225275737964859982584048335756684833430857168688800023173304330810210164307818764801743397269629520036 0 0 0 0 0 0 0 0 0 0 0 0 0 0 0 0 0 0 0 0 0 0 0 0 0 0 0 0 0 0 0 0 0 0 0 0 0 0 0 0 0 0 0 0 0 0 0 0 0 0 0 0 0 0 0 0 0 0 0 0 1 0 0 0 0 0 0 0 0 0 0 0 0 0 0 0 0 0 0 0 0 0 0 0 0 0 0 0 0 0 0 0 0 0 0 0 0 0 0 0 0 0 0 0 0 0 0 0 0 0]
[1212805763808448432754729219689176683950965475497151878381122075942405933948376125430733044396156721549893580831475350498037183667551979532498505000682181410396150176920585757816994208909619628563249840195775098862148222568863038230781462754854025824330808630577656201187035484472522731445210769548499103092354544168924797350630444476 0 0 0 0 0 0 0 0 0 0 0 0 0 0 0 0 0 0 0 0 0 0 0 0 0 0 0 0 0 0 0 0 0 0 0 0 0 0 0 0 0 0 0 0 0 0 0 0 0 0 0 0 0 0 0 0 0 0 0 0 0 1 0 0 0 0 0 0 0 0 0 0 0 0 0 0 0 0 0 0 0 0 0 0 0 0 0 0 0 0 0 0 0 0 0 0 0 0 0 0 0 0 0 0 0 0 0 0 0 0]
[2825314547986437741853913165062657239201222259327164879758015175444541251246563287181198401890911574619863956115704147878837813495768798428580509583068520140086698120922600951322103280947212113084233508092588777747639902075766995144716756695302921589827070433778483375879733296804917418202289422184055190290625410967222658624328658829 0 0 0 0 0 0 0 0 0 0 0 0 0 0 0 0 0 0 0 0 0 0 0 0 0 0 0 0 0 0 0 0 0 0 0 0 0 0 0 0 0 0 0 0 0 0 0 0 0 0 0 0 0 0 0 0 0 0 0 0 0 0 1 0 0 0 0 0 0 0 0 0 0 0 0 0 0 0 0 0 0 0 0 0 0 0 0 0 0 0 0 0 0 0 0 0 0 0 0 0 0 0 0 0 0 0 0 0 0 0]
[3529174579747856119549866933163824256418642186018725758698495574627617481991991518375125215495551317981402568473955829854371005458646934037847008726245214319185739071454340648729272250143492471876370639440238212636661828501499352821652550829730949255417959958209935816954918858451457332486179430280009510437285392747096446738901263137 0 0 0 0 0 0 0 0 0 0 0 0 0 0 0 0 0 0 0 0 0 0 0 0 0 0 0 0 0 0 0 0 0 0 0 0 0 0 0 0 0 0 0 0 0 0 0 0 0 0 0 0 0 0 0 0 0 0 0 0 0 0 0 1 0 0 0 0 0 0 0 0 0 0 0 0 0 0 0 0 0 0 0 0 0 0 0 0 0 0 0 0 0 0 0 0 0 0 0 0 0 0 0 0 0 0 0 0 0 0]
[8042862990842288574346527249649263121129825589125126905190770994109149339121460491522260888639763480360670895604793278153820834842929677894462280786458308706775640680274608053365535016122309496941004938880690368920502126285176488539032523852081507176721787892071957105039106437444442666410641462223594245782760616805533016797422163626 0 0 0 0 0 0 0 0 0 0 0 0 0 0 0 0 0 0 0 0 0 0 0 0 0 0 0 0 0 0 0 0 0 0 0 0 0 0 0 0 0 0 0 0 0 0 0 0 0 0 0 0 0 0 0 0 0 0 0 0 0 0 0 0 1 0 0 0 0 0 0 0 0 0 0 0 0 0 0 0 0 0 0 0 0 0 0 0 0 0 0 0 0 0 0 0 0 0 0 0 0 0 0 0 0 0 0 0 0 0]
[6692448361575061159802178084464152747702652180389658378401470083490149816710021956925324156159454308531582411604758411386793896927113201482307791114187073737541919756746765885065638441085204875581271775372066952177144862287640797869283099408198483462529006314580315522663377829729166350681841218939054614330171521866350894019912026920 0 0 0 0 0 0 0 0 0 0 0 0 0 0 0 0 0 0 0 0 0 0 0 0 0 0 0 0 0 0 0 0 0 0 0 0 0 0 0 0 0 0 0 0 0 0 0 0 0 0 0 0 0 0 0 0 0 0 0 0 0 0 0 0 0 1 0 0 0 0 0 0 0 0 0 0 0 0 0 0 0 0 0 0 0 0 0 0 0 0 0 0 0 0 0 0 0 0 0 0 0 0 0 0 0 0 0 0 0 0]
[6513718553303197472137823844570477619778972064761173170304164100254151624715428427545123081201077545720796913307668107871367268935291994460915447261567790916643067847807353639449329813146518117312099759241624400059205608075515863440995152563015313863941842502977524117690650904747112014612664560774770603928372460652188134225662639839 0 0 0 0 0 0 0 0 0 0 0 0 0 0 0 0 0 0 0 0 0 0 0 0 0 0 0 0 0 0 0 0 0 0 0 0 0 0 0 0 0 0 0 0 0 0 0 0 0 0 0 0 0 0 0 0 0 0 0 0 0 0 0 0 0 0 1 0 0 0 0 0 0 0 0 0 0 0 0 0 0 0 0 0 0 0 0 0 0 0 0 0 0 0 0 0 0 0 0 0 0 0 0 0 0 0 0 0 0 0]
[6190218137669000548492397201147350975180481814879588610228683143978109645566952439139954215716440427403184258761623339636212526827173379329486774221110261894312103069465646315432380370119840792200012390241870813913693496920960862061878163747623927675814658850471896066287893117922235325852039385007365410105314591544184100498218145365 0 0 0 0 0 0 0 0 0 0 0 0 0 0 0 0 0 0 0 0 0 0 0 0 0 0 0 0 0 0 0 0 0 0 0 0 0 0 0 0 0 0 0 0 0 0 0 0 0 0 0 0 0 0 0 0 0 0 0 0 0 0 0 0 0 0 0 1 0 0 0 0 0 0 0 0 0 0 0 0 0 0 0 0 0 0 0 0 0 0 0 0 0 0 0 0 0 0 0 0 0 0 0 0 0 0 0 0 0 0]
[5505915722759085066295648023754336424930273781915978444388927991616529231390857061435190761657130275851350813100452553904116903630614301542523497345819731991849544506185949207369094143004919319648970168945993662183629016058739406098121566275022196197971960064069187483902759254103503940353652157110447189715913261728593277481201669144 0 0 0 0 0 0 0 0 0 0 0 0 0 0 0 0 0 0 0 0 0 0 0 0 0 0 0 0 0 0 0 0 0 0 0 0 0 0 0 0 0 0 0 0 0 0 0 0 0 0 0 0 0 0 0 0 0 0 0 0 0 0 0 0 0 0 0 0 1 0 0 0 0 0 0 0 0 0 0 0 0 0 0 0 0 0 0 0 0 0 0 0 0 0 0 0 0 0 0 0 0 0 0 0 0 0 0 0 0 0]
[6349468531972032751795760419135621336967547945113110217903746010706631671977668374274593073379508726466215799056251742761581223441107754351610340418812611058201420176470350392210653765154286540475490747324204281188072756339500553580115681485924904917132750324444156410810111220258539279734095108331977985701186500026033027886935960746 0 0 0 0 0 0 0 0 0 0 0 0 0 0 0 0 0 0 0 0 0 0 0 0 0 0 0 0 0 0 0 0 0 0 0 0 0 0 0 0 0 0 0 0 0 0 0 0 0 0 0 0 0 0 0 0 0 0 0 0 0 0 0 0 0 0 0 0 0 1 0 0 0 0 0 0 0 0 0 0 0 0 0 0 0 0 0 0 0 0 0 0 0 0 0 0 0 0 0 0 0 0 0 0 0 0 0 0 0 0]
[1956276764888699931364550558176261782584390384626840138129719954493763435139785989238466899887847047709867622932315324207881407912360504958055149549450267908686450032168819078653336168781788172152458301773983055591751883019704089671927150300480915037728581143657206192858608060349272012716815925101942581798906436339301631819761881248 0 0 0 0 0 0 0 0 0 0 0 0 0 0 0 0 0 0 0 0 0 0 0 0 0 0 0 0 0 0 0 0 0 0 0 0 0 0 0 0 0 0 0 0 0 0 0 0 0 0 0 0 0 0 0 0 0 0 0 0 0 0 0 0 0 0 0 0 0 0 1 0 0 0 0 0 0 0 0 0 0 0 0 0 0 0 0 0 0 0 0 0 0 0 0 0 0 0 0 0 0 0 0 0 0 0 0 0 0 0]
[4321761988375431558286993446865247095811996204624855792712436104445557043068562866308064774569260635850519028356580397320928295525338352497913376783084546576556400701473476353251752370919307779458050783889945657707814834719361723475460073649619352408621277051539299223944161202215575314865912464193578313446892569789433063155598572117 0 0 0 0 0 0 0 0 0 0 0 0 0 0 0 0 0 0 0 0 0 0 0 0 0 0 0 0 0 0 0 0 0 0 0 0 0 0 0 0 0 0 0 0 0 0 0 0 0 0 0 0 0 0 0 0 0 0 0 0 0 0 0 0 0 0 0 0 0 0 0 1 0 0 0 0 0 0 0 0 0 0 0 0 0 0 0 0 0 0 0 0 0 0 0 0 0 0 0 0 0 0 0 0 0 0 0 0 0 0]
[4100438423397521804100429270191713824519101777344300898650084740946389608976877949008408753679559738762850123510142721626074477111405707786240993769615501724221444791049521887288637335812389943800825009524596995308409632578784734173304848458083690913501671825198008404148871135539452842938406369876976321782443182513915477276202883443 0 0 0 0 0 0 0 0 0 0 0 0 0 0 0 0 0 0 0 0 0 0 0 0 0 0 0 0 0 0 0 0 0 0 0 0 0 0 0 0 0 0 0 0 0 0 0 0 0 0 0 0 0 0 0 0 0 0 0 0 0 0 0 0 0 0 0 0 0 0 0 0 1 0 0 0 0 0 0 0 0 0 0 0 0 0 0 0 0 0 0 0 0 0 0 0 0 0 0 0 0 0 0 0 0 0 0 0 0 0]
[7825704541192379131507075458909180478212484215485602887093743874761971094025505484089331566101211989941897298585889572398429051225052286554836601174862299164449074028977384600656237528038160965902884560596079428106295149975593568457949441553440167970732826761627975427618402472416131415336040863390913950472493133752873721637141476060 0 0 0 0 0 0 0 0 0 0 0 0 0 0 0 0 0 0 0 0 0 0 0 0 0 0 0 0 0 0 0 0 0 0 0 0 0 0 0 0 0 0 0 0 0 0 0 0 0 0 0 0 0 0 0 0 0 0 0 0 0 0 0 0 0 0 0 0 0 0 0 0 0 1 0 0 0 0 0 0 0 0 0 0 0 0 0 0 0 0 0 0 0 0 0 0 0 0 0 0 0 0 0 0 0 0 0 0 0 0]
[2181327073862085478964816674968823016319211403114268323473826366728721334938586714620371116688719063389324591582646664462306601933417079893693854211309532794317726126244155228968126411246445770289398814455130378299842243727858211702673180037922035549128052241061680510211687115771553877819208134282861381249950873873107911309251236073 0 0 0 0 0 0 0 0 0 0 0 0 0 0 0 0 0 0 0 0 0 0 0 0 0 0 0 0 0 0 0 0 0 0 0 0 0 0 0 0 0 0 0 0 0 0 0 0 0 0 0 0 0 0 0 0 0 0 0 0 0 0 0 0 0 0 0 0 0 0 0 0 0 0 1 0 0 0 0 0 0 0 0 0 0 0 0 0 0 0 0 0 0 0 0 0 0 0 0 0 0 0 0 0 0 0 0 0 0 0]
[4660946017622815679659448972231907035672195533669502589906549525350903744287786098960531054005604385701514098820529491189295543390565660684196846574389109722270891944766145760178809827491873870081888695614104170082974698770392567227148383348091271167837361105327470846346177611985871103591693121775396687694054394835122997068487149135 0 0 0 0 0 0 0 0 0 0 0 0 0 0 0 0 0 0 0 0 0 0 0 0 0 0 0 0 0 0 0 0 0 0 0 0 0 0 0 0 0 0 0 0 0 0 0 0 0 0 0 0 0 0 0 0 0 0 0 0 0 0 0 0 0 0 0 0 0 0 0 0 0 0 0 1 0 0 0 0 0 0 0 0 0 0 0 0 0 0 0 0 0 0 0 0 0 0 0 0 0 0 0 0 0 0 0 0 0 0]
[4376125035579151223266746841021774599861492451208471826491702225072596739455615281177891660284734925655827957217088948985792052907113444121912713415967213839278855318676091012604858713810482223041904794935205298322220246126198328388764327662753301145193365718415747576971273222273910484268207342143134731099703256967162929221194607801 0 0 0 0 0 0 0 0 0 0 0 0 0 0 0 0 0 0 0 0 0 0 0 0 0 0 0 0 0 0 0 0 0 0 0 0 0 0 0 0 0 0 0 0 0 0 0 0 0 0 0 0 0 0 0 0 0 0 0 0 0 0 0 0 0 0 0 0 0 0 0 0 0 0 0 0 1 0 0 0 0 0 0 0 0 0 0 0 0 0 0 0 0 0 0 0 0 0 0 0 0 0 0 0 0 0 0 0 0 0]
[2788669205928211268515836914984580822305401713291746782745613902953273851576737913604486454253222021499153865148726780045423495683624928859364710583339746379662310208599002625089232487163926787054986581270099248060589196145248368456449852881962145211280640630377897741089346378592590318243643874606336427260989713030450665137117886606 0 0 0 0 0 0 0 0 0 0 0 0 0 0 0 0 0 0 0 0 0 0 0 0 0 0 0 0 0 0 0 0 0 0 0 0 0 0 0 0 0 0 0 0 0 0 0 0 0 0 0 0 0 0 0 0 0 0 0 0 0 0 0 0 0 0 0 0 0 0 0 0 0 0 0 0 0 1 0 0 0 0 0 0 0 0 0 0 0 0 0 0 0 0 0 0 0 0 0 0 0 0 0 0 0 0 0 0 0 0]
[2261657203339388055978873828079334675124070591869539370877006786165100353236309358225155262636757382964105476041590934042090075760047365211575179843244803386737409576561816612079607947917735571988137638755644348348289069163667537343300178598342671059264375848572508696695740696333897546652360570721589344248681386410729539682945636312 0 0 0 0 0 0 0 0 0 0 0 0 0 0 0 0 0 0 0 0 0 0 0 0 0 0 0 0 0 0 0 0 0 0 0 0 0 0 0 0 0 0 0 0 0 0 0 0 0 0 0 0 0 0 0 0 0 0 0 0 0 0 0 0 0 0 0 0 0 0 0 0 0 0 0 0 0 0 1 0 0 0 0 0 0 0 0 0 0 0 0 0 0 0 0 0 0 0 0 0 0 0 0 0 0 0 0 0 0 0]
[4860648368911357606967263993813121728158412888631261829477589001521989060084715652484933511750417814195998204813628816415087439174652741718757597976305085011268022026624374797432760884244241597026193316892451302286599544886428605505563980818015369633992912646306321019267581821266596383309585313819340342974157085495624731991453011595 0 0 0 0 0 0 0 0 0 0 0 0 0 0 0 0 0 0 0 0 0 0 0 0 0 0 0 0 0 0 0 0 0 0 0 0 0 0 0 0 0 0 0 0 0 0 0 0 0 0 0 0 0 0 0 0 0 0 0 0 0 0 0 0 0 0 0 0 0 0 0 0 0 0 0 0 0 0 0 1 0 0 0 0 0 0 0 0 0 0 0 0 0 0 0 0 0 0 0 0 0 0 0 0 0 0 0 0 0 0]
[325460314055692849219814452662479815157516926350586344236315098668422304118137496477918600238777438399547270973338204469257617103758904707587392961462655346716309215830909005597220533718566676540802930196580693029838904423984010037229362144109841415365668474741973762571646427017432014307226037762103452217125908091083516418561064554 0 0 0 0 0 0 0 0 0 0 0 0 0 0 0 0 0 0 0 0 0 0 0 0 0 0 0 0 0 0 0 0 0 0 0 0 0 0 0 0 0 0 0 0 0 0 0 0 0 0 0 0 0 0 0 0 0 0 0 0 0 0 0 0 0 0 0 0 0 0 0 0 0 0 0 0 0 0 0 0 1 0 0 0 0 0 0 0 0 0 0 0 0 0 0 0 0 0 0 0 0 0 0 0 0 0 0 0 0 0]
[2238587247187827558720126463159617957474117571279310459034849775312035278825948483941452548320241241617560740651043245164797872373430759179231915366852458164416859198099525202160588109105394184936259751318331044545150140362755014915401795387493517281586429572134382206375737776245105130088081979848475985696417130380039345679348216718 0 0 0 0 0 0 0 0 0 0 0 0 0 0 0 0 0 0 0 0 0 0 0 0 0 0 0 0 0 0 0 0 0 0 0 0 0 0 0 0 0 0 0 0 0 0 0 0 0 0 0 0 0 0 0 0 0 0 0 0 0 0 0 0 0 0 0 0 0 0 0 0 0 0 0 0 0 0 0 0 0 1 0 0 0 0 0 0 0 0 0 0 0 0 0 0 0 0 0 0 0 0 0 0 0 0 0 0 0 0]
[2642686093034101528615475388683500771717800637205191352182297904502123073263816291012813713833092073513629337549962100150490493583196531806119858775485341751352004665697687784527140339842189462847839476583955804830592979368070409751520942234409249898911242743291496070786205530334296814324869573825137814823741808298838884361204073547 0 0 0 0 0 0 0 0 0 0 0 0 0 0 0 0 0 0 0 0 0 0 0 0 0 0 0 0 0 0 0 0 0 0 0 0 0 0 0 0 0 0 0 0 0 0 0 0 0 0 0 0 0 0 0 0 0 0 0 0 0 0 0 0 0 0 0 0 0 0 0 0 0 0 0 0 0 0 0 0 0 0 1 0 0 0 0 0 0 0 0 0 0 0 0 0 0 0 0 0 0 0 0 0 0 0 0 0 0 0]
[8041195281651009629697548670950377821300063983280055481776379147766321963352837450808856850662986366445404418111327871099777472361031644673522817656946934590552216524046006847193539381942752659465202163408109630304944951996557941852445816930519244308867634274462580162450988228308283431660324733319018856420138686330690195258892660374 0 0 0 0 0 0 0 0 0 0 0 0 0 0 0 0 0 0 0 0 0 0 0 0 0 0 0 0 0 0 0 0 0 0 0 0 0 0 0 0 0 0 0 0 0 0 0 0 0 0 0 0 0 0 0 0 0 0 0 0 0 0 0 0 0 0 0 0 0 0 0 0 0 0 0 0 0 0 0 0 0 0 0 1 0 0 0 0 0 0 0 0 0 0 0 0 0 0 0 0 0 0 0 0 0 0 0 0 0 0]
[4561471333052973391447247585388543779919212125888453963777688980133140613074709065045245464881306592734965818996350249662962089019298731093108364570817631897439797769585438187209265292380180898008110899436471667506480378416192812394909462665050873840133883187339059528446225231146497880855747261886372461927585699288291467210755992657 0 0 0 0 0 0 0 0 0 0 0 0 0 0 0 0 0 0 0 0 0 0 0 0 0 0 0 0 0 0 0 0 0 0 0 0 0 0 0 0 0 0 0 0 0 0 0 0 0 0 0 0 0 0 0 0 0 0 0 0 0 0 0 0 0 0 0 0 0 0 0 0 0 0 0 0 0 0 0 0 0 0 0 0 1 0 0 0 0 0 0 0 0 0 0 0 0 0 0 0 0 0 0 0 0 0 0 0 0 0]
[54654014933201949149501810980914805974973261716898155556542653777540880627072964072818622082996420347172625251035114265637733893368326957655954394548501854174545749158661290123149381313131472258093610398796836423305019874047123077448662464644733620010259903317147421962363582814164257982567276654484536316989014909755495947621584163 0 0 0 0 0 0 0 0 0 0 0 0 0 0 0 0 0 0 0 0 0 0 0 0 0 0 0 0 0 0 0 0 0 0 0 0 0 0 0 0 0 0 0 0 0 0 0 0 0 0 0 0 0 0 0 0 0 0 0 0 0 0 0 0 0 0 0 0 0 0 0 0 0 0 0 0 0 0 0 0 0 0 0 0 0 1 0 0 0 0 0 0 0 0 0 0 0 0 0 0 0 0 0 0 0 0 0 0 0 0]
[3400319722670913197264084848676213868282801012032705686967678813034326658153653025938624935262585355108903044744013545259577281740725040401326964423239509351697227275558601956085490478885807039805063265965823433633670250876416915256924610287845612788239703169880459124571996306474810725209768684823019619209781172012349447267264420357 0 0 0 0 0 0 0 0 0 0 0 0 0 0 0 0 0 0 0 0 0 0 0 0 0 0 0 0 0 0 0 0 0 0 0 0 0 0 0 0 0 0 0 0 0 0 0 0 0 0 0 0 0 0 0 0 0 0 0 0 0 0 0 0 0 0 0 0 0 0 0 0 0 0 0 0 0 0 0 0 0 0 0 0 0 0 1 0 0 0 0 0 0 0 0 0 0 0 0 0 0 0 0 0 0 0 0 0 0 0]
[824955476526882475885883786003721971357990725388951092686916570181721920603745365186815002569785544522326844664788632739396035655300879016430090707311942067317061469439233929506300069203457700160147984042037229609545703201594798177218916983041863838953898357037400523592737099096091373994623265239281768163900209157247915548714211589 0 0 0 0 0 0 0 0 0 0 0 0 0 0 0 0 0 0 0 0 0 0 0 0 0 0 0 0 0 0 0 0 0 0 0 0 0 0 0 0 0 0 0 0 0 0 0 0 0 0 0 0 0 0 0 0 0 0 0 0 0 0 0 0 0 0 0 0 0 0 0 0 0 0 0 0 0 0 0 0 0 0 0 0 0 0 0 1 0 0 0 0 0 0 0 0 0 0 0 0 0 0 0 0 0 0 0 0 0 0]
[2635258949326435588814193980066223468771997849164049081247029726549594225846045427564884569842853081978134036649898911717024139239311014751273348403930195338242412922662866040428558681735285155481674886736384734792197625768296167319962369937291460823254544134388003353201247680543321558848225816413484808488306801084720660203269632572 0 0 0 0 0 0 0 0 0 0 0 0 0 0 0 0 0 0 0 0 0 0 0 0 0 0 0 0 0 0 0 0 0 0 0 0 0 0 0 0 0 0 0 0 0 0 0 0 0 0 0 0 0 0 0 0 0 0 0 0 0 0 0 0 0 0 0 0 0 0 0 0 0 0 0 0 0 0 0 0 0 0 0 0 0 0 0 0 1 0 0 0 0 0 0 0 0 0 0 0 0 0 0 0 0 0 0 0 0 0]
[7900777705193976276103346323839533994809884298141854770838955305196142367348277190112212538285815887845598809399174443931611137255755252889988335916859450045428133188996438645001511507733683131874302435908237384791654663228897702983389229892025706254334212259601026043022940201608378386131642444044960688487971489823025989889668173514 0 0 0 0 0 0 0 0 0 0 0 0 0 0 0 0 0 0 0 0 0 0 0 0 0 0 0 0 0 0 0 0 0 0 0 0 0 0 0 0 0 0 0 0 0 0 0 0 0 0 0 0 0 0 0 0 0 0 0 0 0 0 0 0 0 0 0 0 0 0 0 0 0 0 0 0 0 0 0 0 0 0 0 0 0 0 0 0 0 1 0 0 0 0 0 0 0 0 0 0 0 0 0 0 0 0 0 0 0 0]
[8276230668704317535041204002543755851672171849211051332134847813014316217364729975578987110052525453463446609099953195883521435073949905402856933973716426784477309812234305678510421889511842341483652114502372555720098653802790177536481891602789026263745219075011608245680589086908675838698158376378365137358988826192354509731692531010 0 0 0 0 0 0 0 0 0 0 0 0 0 0 0 0 0 0 0 0 0 0 0 0 0 0 0 0 0 0 0 0 0 0 0 0 0 0 0 0 0 0 0 0 0 0 0 0 0 0 0 0 0 0 0 0 0 0 0 0 0 0 0 0 0 0 0 0 0 0 0 0 0 0 0 0 0 0 0 0 0 0 0 0 0 0 0 0 0 0 1 0 0 0 0 0 0 0 0 0 0 0 0 0 0 0 0 0 0 0]
[3069128767062088655259401252547077324732995152972088685696714266992427076597498596961272555340575012709787771924299629806322684940622884773841966627071043189287250987729592519168575087114272295186129594133393003219839836780839913297049645773138380222750936949350091006754733519634933162632747344259056221262474015840805642564811879370 0 0 0 0 0 0 0 0 0 0 0 0 0 0 0 0 0 0 0 0 0 0 0 0 0 0 0 0 0 0 0 0 0 0 0 0 0 0 0 0 0 0 0 0 0 0 0 0 0 0 0 0 0 0 0 0 0 0 0 0 0 0 0 0 0 0 0 0 0 0 0 0 0 0 0 0 0 0 0 0 0 0 0 0 0 0 0 0 0 0 0 1 0 0 0 0 0 0 0 0 0 0 0 0 0 0 0 0 0 0]
[7853156093446354308297216821773552498629174513406095752690413461783979704505099316373520543198274100933417545782851403303268837297272023900865346469743880976312463361198274563052318756882536187149288700735609765439964818889074645524973699156358568888715257909802868138829663287846670409187924148643278912218985020973266640398447838007 0 0 0 0 0 0 0 0 0 0 0 0 0 0 0 0 0 0 0 0 0 0 0 0 0 0 0 0 0 0 0 0 0 0 0 0 0 0 0 0 0 0 0 0 0 0 0 0 0 0 0 0 0 0 0 0 0 0 0 0 0 0 0 0 0 0 0 0 0 0 0 0 0 0 0 0 0 0 0 0 0 0 0 0 0 0 0 0 0 0 0 0 1 0 0 0 0 0 0 0 0 0 0 0 0 0 0 0 0 0]
[559529139513449448353387533337182213690066592793772447505346709288948203990935706909500562025374625303964491223539235236798009130491023186016224581105088764675770186078600832297920375171392039161352806321276604404970570765130804544983711856230001107351300275830152851021167602358425727794107172532708098649221837040689521015894115338 0 0 0 0 0 0 0 0 0 0 0 0 0 0 0 0 0 0 0 0 0 0 0 0 0 0 0 0 0 0 0 0 0 0 0 0 0 0 0 0 0 0 0 0 0 0 0 0 0 0 0 0 0 0 0 0 0 0 0 0 0 0 0 0 0 0 0 0 0 0 0 0 0 0 0 0 0 0 0 0 0 0 0 0 0 0 0 0 0 0 0 0 0 1 0 0 0 0 0 0 0 0 0 0 0 0 0 0 0 0]
[802537712307890558687054631688332320764979508426754542079431603116694359458283977714012887438452100957059821123945706760937794234081888560649941336742867776300422437091075640800050928335158014790341699657584266802820048845287818351288219171922417885736298379927830905349615596194459388850129504480902865806010137684424967951926918903 0 0 0 0 0 0 0 0 0 0 0 0 0 0 0 0 0 0 0 0 0 0 0 0 0 0 0 0 0 0 0 0 0 0 0 0 0 0 0 0 0 0 0 0 0 0 0 0 0 0 0 0 0 0 0 0 0 0 0 0 0 0 0 0 0 0 0 0 0 0 0 0 0 0 0 0 0 0 0 0 0 0 0 0 0 0 0 0 0 0 0 0 0 0 1 0 0 0 0 0 0 0 0 0 0 0 0 0 0 0]
[8252894725102905554142475672152467552744226012179686474399663893967076636396751366423896726296630696503018866786121296692268521938759753395573300279688268749707783854746861735475188211857444148523142049104757397803356806229666323192255718537803867410268897455790359939537170865796331798141080799346147845812318817165086060718910637823 0 0 0 0 0 0 0 0 0 0 0 0 0 0 0 0 0 0 0 0 0 0 0 0 0 0 0 0 0 0 0 0 0 0 0 0 0 0 0 0 0 0 0 0 0 0 0 0 0 0 0 0 0 0 0 0 0 0 0 0 0 0 0 0 0 0 0 0 0 0 0 0 0 0 0 0 0 0 0 0 0 0 0 0 0 0 0 0 0 0 0 0 0 0 0 1 0 0 0 0 0 0 0 0 0 0 0 0 0 0]
[4676875160710604629550807363209742965427895370822729845104124829015420813496362887940446031012179520558162680676417098726424296875821875884855635057949296704075711575415782012308142848268074912436960039474234452162724922104788495260466480305823208985804535730854291566508716065634145612996166470323392662394138814184916755824987195701 0 0 0 0 0 0 0 0 0 0 0 0 0 0 0 0 0 0 0 0 0 0 0 0 0 0 0 0 0 0 0 0 0 0 0 0 0 0 0 0 0 0 0 0 0 0 0 0 0 0 0 0 0 0 0 0 0 0 0 0 0 0 0 0 0 0 0 0 0 0 0 0 0 0 0 0 0 0 0 0 0 0 0 0 0 0 0 0 0 0 0 0 0 0 0 0 1 0 0 0 0 0 0 0 0 0 0 0 0 0]
[7986359110216798526013684897029910228518640991179398398338013931077318404018209273539156139604092550223418850170693318285950776581389224159533926265462663587217750182702017933759024520650416763933603462691158589831314313040310594992796935929798837275040022640328373290973433569525115117346317525651573341283023021115671898530097444728 0 0 0 0 0 0 0 0 0 0 0 0 0 0 0 0 0 0 0 0 0 0 0 0 0 0 0 0 0 0 0 0 0 0 0 0 0 0 0 0 0 0 0 0 0 0 0 0 0 0 0 0 0 0 0 0 0 0 0 0 0 0 0 0 0 0 0 0 0 0 0 0 0 0 0 0 0 0 0 0 0 0 0 0 0 0 0 0 0 0 0 0 0 0 0 0 0 1 0 0 0 0 0 0 0 0 0 0 0 0]
[7169096025623691154519106060055328693803750220230022901773440958524742192026770245063328265518569306459771578249649259933904039164812572429080464272416258617221051215143025322422465181939392404143001249677682672688063383475521680640559925789644153203833124810730411856226241040964476093662058356534161241668264162043709156062529841345 0 0 0 0 0 0 0 0 0 0 0 0 0 0 0 0 0 0 0 0 0 0 0 0 0 0 0 0 0 0 0 0 0 0 0 0 0 0 0 0 0 0 0 0 0 0 0 0 0 0 0 0 0 0 0 0 0 0 0 0 0 0 0 0 0 0 0 0 0 0 0 0 0 0 0 0 0 0 0 0 0 0 0 0 0 0 0 0 0 0 0 0 0 0 0 0 0 0 1 0 0 0 0 0 0 0 0 0 0 0]
[1783343471466608942156786494483270687659521413736393163378207330619854297780149425095322552213888064207697866113719503284367413621718494818653940256657577428260218789072284033567240434533722060382295018494415337543036534965075694334996691670437969043307228279672887239999788487818531820727961877525302755731309746810082142577014504357 0 0 0 0 0 0 0 0 0 0 0 0 0 0 0 0 0 0 0 0 0 0 0 0 0 0 0 0 0 0 0 0 0 0 0 0 0 0 0 0 0 0 0 0 0 0 0 0 0 0 0 0 0 0 0 0 0 0 0 0 0 0 0 0 0 0 0 0 0 0 0 0 0 0 0 0 0 0 0 0 0 0 0 0 0 0 0 0 0 0 0 0 0 0 0 0 0 0 0 1 0 0 0 0 0 0 0 0 0 0]
[4011676224587799146003930179384294594753814938170609767357320831550232825822767470212389030947194383437772359219413819929684400798238379342445178915946668969252270931229994666760832603014411310593987523445149991406353761805240302623862939400034193944834488651105747211545688629118169326545285124610320348436851139923900064451348561505 0 0 0 0 0 0 0 0 0 0 0 0 0 0 0 0 0 0 0 0 0 0 0 0 0 0 0 0 0 0 0 0 0 0 0 0 0 0 0 0 0 0 0 0 0 0 0 0 0 0 0 0 0 0 0 0 0 0 0 0 0 0 0 0 0 0 0 0 0 0 0 0 0 0 0 0 0 0 0 0 0 0 0 0 0 0 0 0 0 0 0 0 0 0 0 0 0 0 0 0 1 0 0 0 0 0 0 0 0 0]
[6541948153037302318652037552836013584532611906584289154805733912787401293071806599260302628017453263239363472337714668661549306265810600127920626893118928800580477885488049056161148407433986821820053100572588257253201830432141419384669540972770473195309161765159179937757727694214378114996505357665540158058453804539988572423271469159 0 0 0 0 0 0 0 0 0 0 0 0 0 0 0 0 0 0 0 0 0 0 0 0 0 0 0 0 0 0 0 0 0 0 0 0 0 0 0 0 0 0 0 0 0 0 0 0 0 0 0 0 0 0 0 0 0 0 0 0 0 0 0 0 0 0 0 0 0 0 0 0 0 0 0 0 0 0 0 0 0 0 0 0 0 0 0 0 0 0 0 0 0 0 0 0 0 0 0 0 0 1 0 0 0 0 0 0 0 0]
[5448026696917837070765877273688291758869155145179647122084580090469624390172965051831232194339209394766116943002689887791006368199776783209464491806261064414871740479882936149496073486594933499811023730715810207247033920575031989944230606551095728998775528909616772573794217454581344237498473905772136201604804069397714456625476711705 0 0 0 0 0 0 0 0 0 0 0 0 0 0 0 0 0 0 0 0 0 0 0 0 0 0 0 0 0 0 0 0 0 0 0 0 0 0 0 0 0 0 0 0 0 0 0 0 0 0 0 0 0 0 0 0 0 0 0 0 0 0 0 0 0 0 0 0 0 0 0 0 0 0 0 0 0 0 0 0 0 0 0 0 0 0 0 0 0 0 0 0 0 0 0 0 0 0 0 0 0 0 1 0 0 0 0 0 0 0]
[3272392267956362497614997258484154803675180593511427502415091976427411248992594724844310984258581219177485899307560885270202674853325630363278614432990648339166450602271190489557122274319771082443138661465935539224896574961833174993019932161634702074237336615255457712918546026663735072950668194871579368208380002292754236679024349846 0 0 0 0 0 0 0 0 0 0 0 0 0 0 0 0 0 0 0 0 0 0 0 0 0 0 0 0 0 0 0 0 0 0 0 0 0 0 0 0 0 0 0 0 0 0 0 0 0 0 0 0 0 0 0 0 0 0 0 0 0 0 0 0 0 0 0 0 0 0 0 0 0 0 0 0 0 0 0 0 0 0 0 0 0 0 0 0 0 0 0 0 0 0 0 0 0 0 0 0 0 0 0 1 0 0 0 0 0 0]
[6320714560805133057430103479739138323631823089970410418295036296396616972041839144499808910897555635637389403580447442903434457606045131411896042278482367969494085943377940988771085322133388332643004628363564553045707751855776301998275397383405538718157888210710850436203680557633352559639280028283938867658743035760815251345332056758 0 0 0 0 0 0 0 0 0 0 0 0 0 0 0 0 0 0 0 0 0 0 0 0 0 0 0 0 0 0 0 0 0 0 0 0 0 0 0 0 0 0 0 0 0 0 0 0 0 0 0 0 0 0 0 0 0 0 0 0 0 0 0 0 0 0 0 0 0 0 0 0 0 0 0 0 0 0 0 0 0 0 0 0 0 0 0 0 0 0 0 0 0 0 0 0 0 0 0 0 0 0 0 0 1 0 0 0 0 0]
[3488066926491439218352289274686813544039127863596406137027454443672611426088779223906201539381899382450770036276794686991295517972281920253040250890764061105455785368078546215463833740007436400996340033358266570688256335007710503580913772406383209103862655517497244564852880698138725253066909273911610411570531420131851732670774464326 0 0 0 0 0 0 0 0 0 0 0 0 0 0 0 0 0 0 0 0 0 0 0 0 0 0 0 0 0 0 0 0 0 0 0 0 0 0 0 0 0 0 0 0 0 0 0 0 0 0 0 0 0 0 0 0 0 0 0 0 0 0 0 0 0 0 0 0 0 0 0 0 0 0 0 0 0 0 0 0 0 0 0 0 0 0 0 0 0 0 0 0 0 0 0 0 0 0 0 0 0 0 0 0 0 1 0 0 0 0]
[6715235394403662145599207068247398071218965745423204564194766573534669272172920036414161626273032627690401948754603751519942990848360060524015621184733356337088466823798522293692243990059824588770088886201554041374477967591437304015969732217484341359152579553680304802553987295374583340632500772645912109473347475671761094336770924828 0 0 0 0 0 0 0 0 0 0 0 0 0 0 0 0 0 0 0 0 0 0 0 0 0 0 0 0 0 0 0 0 0 0 0 0 0 0 0 0 0 0 0 0 0 0 0 0 0 0 0 0 0 0 0 0 0 0 0 0 0 0 0 0 0 0 0 0 0 0 0 0 0 0 0 0 0 0 0 0 0 0 0 0 0 0 0 0 0 0 0 0 0 0 0 0 0 0 0 0 0 0 0 0 0 0 1 0 0 0]
[106269775335770135863286830934268350144071447587589435144993203256678063270162243767456424504330951122403614742221517083632112968845932474558784575066181635867804799108663624475676085917647690923805668020311309751916202208819866418637088416809783368676967554701351391962876089742023407496422019693390226714332511002332641774223351688 0 0 0 0 0 0 0 0 0 0 0 0 0 0 0 0 0 0 0 0 0 0 0 0 0 0 0 0 0 0 0 0 0 0 0 0 0 0 0 0 0 0 0 0 0 0 0 0 0 0 0 0 0 0 0 0 0 0 0 0 0 0 0 0 0 0 0 0 0 0 0 0 0 0 0 0 0 0 0 0 0 0 0 0 0 0 0 0 0 0 0 0 0 0 0 0 0 0 0 0 0 0 0 0 0 0 0 1 0 0]
[2578502836776096257367570498067434583593172760099411526496930936834576064689394474743630857161271905518794177605611269901037433118780864934083066513004729463743022338070050496716767693975822187576249714608121502499582700855531514958322204119932646822252508776306347433243794414857824274495947518372582889983453436504651487071341867919 0 0 0 0 0 0 0 0 0 0 0 0 0 0 0 0 0 0 0 0 0 0 0 0 0 0 0 0 0 0 0 0 0 0 0 0 0 0 0 0 0 0 0 0 0 0 0 0 0 0 0 0 0 0 0 0 0 0 0 0 0 0 0 0 0 0 0 0 0 0 0 0 0 0 0 0 0 0 0 0 0 0 0 0 0 0 0 0 0 0 0 0 0 0 0 0 0 0 0 0 0 0 0 0 0 0 0 0 1 0]
[5574304392916570820643692967334085486758395678074893306401709819989644617062242117778094304107685249367293535645608955065295475739295110137809182306098217888850758831660869355807363025463808618931326243868230511066412608567365603501313858165054576648601469674728648934020745324319878768922536022249090246490631988016736029070421599992 0 0 0 0 0 0 0 0 0 0 0 0 0 0 0 0 0 0 0 0 0 0 0 0 0 0 0 0 0 0 0 0 0 0 0 0 0 0 0 0 0 0 0 0 0 0 0 0 0 0 0 0 0 0 0 0 0 0 0 0 0 0 0 0 0 0 0 0 0 0 0 0 0 0 0 0 0 0 0 0 0 0 0 0 0 0 0 0 0 0 0 0 0 0 0 0 0 0 0 0 0 0 0 0 0 0 0 0 0 1]
]
