[[7944158213874179139194841572293912518647776677631485321057179939445767544042238285558993449288202930175916373366309342098308308422743356310841586176417647160876141839864037962230918522661643487798999580345055495229040567842622992290443816389298760523487491021982447837963969729128796973970001089981002509819423648770487971452634326551 0 0 0 0 0 0 0 0 0 0 0 0 0 0 0 0 0 0 0 0 0 0 0 0 0 0 0 0 0 0 0 0 0 0 0 0 0 0 0 0 0 0 0 0 0 0 0 0 0 0 0 0 0 0 0 0 0 0 0 0 0 0 0 0 0 0 0 0 0 0 0 0 0 0 0 0 0 0 0 0 0 0 0 0 0 0 0 0 0 0 0 0 0 0 0 0 0 0 0 0 0 0 0 0 0 0 0 0 0 0]
[7708809203993687770735927775336688785439782125459329124960786156032658005490974759274215262188022103063602779494459925026213802575278976186184120641640623919712335667365339604283928477047962225101026283609871034148910955470321102325433062477194720126618162887438932664276417820836132882843328736684306400765335282480443512936005875949 1 0 0 0 0 0 0 0 0 0 0 0 0 0 0 0 0 0 0 0 0 0 0 0 0 0 0 0 0 0 0 0 0 0 0 0 0 0 0 0 0 0 0 0 0 0 0 0 0 0 0 0 0 0 0 0 0 0 0 0 0 0 0 0 0 0 0 0 0 0 0 0 0 0 0 0 0 0 0 0 0 0 0 0 0 0 0 0 0 0 0 0 0 0 0 0 0 0 0 0 0 0 0 0 0 0 0 0 0 0]
[5674273856116478891358334902173397538433198022890748536328259689829893840405053726647372188523095690927633107391907623052070022732161437279979203138419749307379087593474236278749256385183008584204745810834709150780420619991487478808706579343228293244990098719888525038339019878234783326269016651208955577078995685653740968218537078341 0 1 0 0 0 0 0 0 0 0 0 0 0 0 0 0 0 0 0 0 0 0 0 0 0 0 0 0 0 0 0 0 0 0 0 0 0 0 0 0 0 0 0 0 0 0 0 0 0 0 0 0 0 0 0 0 0 0 0 0 0 0 0 0 0 0 0 0 0 0 0 0 0 0 0 0 0 0 0 0 0 0 0 0 0 0 0 0 0 0 0 0 0 0 0 0 0 0 0 0 0 0 0 0 0 0 0 0 0 0]
[1735644622786690868881073236576908069340106649790659816304269516962230895741915117224556465079409383086938797714391238073267340569278185831592479764315123707255726616139373172879135539566312398436111045405592187328564332781130139551799090006589927069893299599766796379854257583467760672286419990309023566165062584478862573135822201525 0 0 1 0 0 0 0 0 0 0 0 0 0 0 0 0 0 0 0 0 0 0 0 0 0 0 0 0 0 0 0 0 0 0 0 0 0 0 0 0 0 0 0 0 0 0 0 0 0 0 0 0 0 0 0 0 0 0 0 0 0 0 0 0 0 0 0 0 0 0 0 0 0 0 0 0 0 0 0 0 0 0 0 0 0 0 0 0 0 0 0 0 0 0 0 0 0 0 0 0 0 0 0 0 0 0 0 0 0 0]
[6616896894543539555050055099301663357199257338504738748688373373544155278438248471352072092473404817928224676385849378293509193102977121844253118129219475343141495082178497495600556792279241582962036976255097980471415688249976886710149758335026385314390573696072343778413070999776166786122387395863251626282885873373246284520001457485 0 0 0 1 0 0 0 0 0 0 0 0 0 0 0 0 0 0 0 0 0 0 0 0 0 0 0 0 0 0 0 0 0 0 0 0 0 0 0 0 0 0 0 0 0 0 0 0 0 0 0 0 0 0 0 0 0 0 0 0 0 0 0 0 0 0 0 0 0 0 0 0 0 0 0 0 0 0 0 0 0 0 0 0 0 0 0 0 0 0 0 0 0 0 0 0 0 0 0 0 0 0 0 0 0 0 0 0 0 0]
[1782465690172965159176689832940778841389871822134360272854460194374079926064668430963722363467794534935679291159516540299708309379716701483768103694407606800516193241079147829251656112781357291501407575165777554289343805241656920950814089365688821453794763740612089185735790103467005480259321465833832962117039036754018855294398482253 0 0 0 0 1 0 0 0 0 0 0 0 0 0 0 0 0 0 0 0 0 0 0 0 0 0 0 0 0 0 0 0 0 0 0 0 0 0 0 0 0 0 0 0 0 0 0 0 0 0 0 0 0 0 0 0 0 0 0 0 0 0 0 0 0 0 0 0 0 0 0 0 0 0 0 0 0 0 0 0 0 0 0 0 0 0 0 0 0 0 0 0 0 0 0 0 0 0 0 0 0 0 0 0 0 0 0 0 0 0]
[7528622914436542593210619238402506303580028491322872934395654563865490148665638987547263870266258611401147679953569772924435461375964036503688138427340739610199634907153554540895671304008771611097486896050139129825264601874500051724577972014757050924861717792829995391925159444016593332894406314370419049851125141095118949793893187185 0 0 0 0 0 1 0 0 0 0 0 0 0 0 0 0 0 0 0 0 0 0 0 0 0 0 0 0 0 0 0 0 0 0 0 0 0 0 0 0 0 0 0 0 0 0 0 0 0 0 0 0 0 0 0 0 0 0 0 0 0 0 0 0 0 0 0 0 0 0 0 0 0 0 0 0 0 0 0 0 0 0 0 0 0 0 0 0 0 0 0 0 0 0 0 0 0 0 0 0 0 0 0 0 0 0 0 0 0 0]
[1018296067004257224282283415795832848019351336293527712456087648751289310359331811818585765085531006134880981004510746468203468990903995552300949107246249233038038884349652152643958899290754563790911327657403209459336854959209244498193304510545543464411742756726004828298845681448202265093308157397187962178491962290934767741692624695 0 0 0 0 0 0 1 0 0 0 0 0 0 0 0 0 0 0 0 0 0 0 0 0 0 0 0 0 0 0 0 0 0 0 0 0 0 0 0 0 0 0 0 0 0 0 0 0 0 0 0 0 0 0 0 0 0 0 0 0 0 0 0 0 0 0 0 0 0 0 0 0 0 0 0 0 0 0 0 0 0 0 0 0 0 0 0 0 0 0 0 0 0 0 0 0 0 0 0 0 0 0 0 0 0 0 0 0 0 0]
[3096327814622181121956123185530982112345871510339180591862209857605720981624508006536459356833550049581583042243887732799842980091909636063753152202319782758425088903669165553670866957810256111399054662671848638100529790843221085187374321295437836605182272907606131541330128805489386130997104682058930730800213847155951399052803197737 0 0 0 0 0 0 0 1 0 0 0 0 0 0 0 0 0 0 0 0 0 0 0 0 0 0 0 0 0 0 0 0 0 0 0 0 0 0 0 0 0 0 0 0 0 0 0 0 0 0 0 0 0 0 0 0 0 0 0 0 0 0 0 0 0 0 0 0 0 0 0 0 0 0 0 0 0 0 0 0 0 0 0 0 0 0 0 0 0 0 0 0 0 0 0 0 0 0 0 0 0 0 0 0 0 0 0 0 0 0]
[3873519742864252930336004510871849376564559853539507646422092523994694911782848426830551622741071918469176958477345970632147567647865798814379476637136975738745240604969132613962143229002735535750511398726965245605907870550113633701903070280614027248668862430438468664219921487456839504628673884635843986391454768006966762902870055216 0 0 0 0 0 0 0 0 1 0 0 0 0 0 0 0 0 0 0 0 0 0 0 0 0 0 0 0 0 0 0 0 0 0 0 0 0 0 0 0 0 0 0 0 0 0 0 0 0 0 0 0 0 0 0 0 0 0 0 0 0 0 0 0 0 0 0 0 0 0 0 0 0 0 0 0 0 0 0 0 0 0 0 0 0 0 0 0 0 0 0 0 0 0 0 0 0 0 0 0 0 0 0 0 0 0 0 0 0 0]
[5752421589530996174172106765665583642144072248124455590372582132324181261428772448683065656834090382818994574245349805183317847923519176893287387613134375767622453634689450782679332246288030845000531381172734166702940021391496619083632806246173871557637953209266152730854852782233643155033088641698822463519537157739510263425466786397 0 0 0 0 0 0 0 0 0 1 0 0 0 0 0 0 0 0 0 0 0 0 0 0 0 0 0 0 0 0 0 0 0 0 0 0 0 0 0 0 0 0 0 0 0 0 0 0 0 0 0 0 0 0 0 0 0 0 0 0 0 0 0 0 0 0 0 0 0 0 0 0 0 0 0 0 0 0 0 0 0 0 0 0 0 0 0 0 0 0 0 0 0 0 0 0 0 0 0 0 0 0 0 0 0 0 0 0 0 0]
[6068582141995862332751298585552511587618713670875800715892000117786847932747915975916887909149548954234327262610774278697557389484816740709797111860603142513007838041079370217873115806170102502354012058936535030192434652772089421604110947718114418010408702168153421923490356162720498310662869632998800443263162091365504652699935134360 0 0 0 0 0 0 0 0 0 0 1 0 0 0 0 0 0 0 0 0 0 0 0 0 0 0 0 0 0 0 0 0 0 0 0 0 0 0 0 0 0 0 0 0 0 0 0 0 0 0 0 0 0 0 0 0 0 0 0 0 0 0 0 0 0 0 0 0 0 0 0 0 0 0 0 0 0 0 0 0 0 0 0 0 0 0 0 0 0 0 0 0 0 0 0 0 0 0 0 0 0 0 0 0 0 0 0 0 0 0]
[5375336648202995170374802555037078177456082931881890876238632484092453870366939300163848824021149744465799689641636600009240596362277624033022635859882896144226666228768052837305483185697295158935648952915874865571963641049984445109320424316562189814749491203039882397138833097628184586947803973518982767007823165693517014050353255535 0 0 0 0 0 0 0 0 0 0 0 1 0 0 0 0 0 0 0 0 0 0 0 0 0 0 0 0 0 0 0 0 0 0 0 0 0 0 0 0 0 0 0 0 0 0 0 0 0 0 0 0 0 0 0 0 0 0 0 0 0 0 0 0 0 0 0 0 0 0 0 0 0 0 0 0 0 0 0 0 0 0 0 0 0 0 0 0 0 0 0 0 0 0 0 0 0 0 0 0 0 0 0 0 0 0 0 0 0 0]
[3725359786178768710526006078216153697502312944253363880272231219878912597931811484734666667315432096193327914110039678217578966654492875256712539217781757652496352985699029467194060913547770967046076495259928012517875072137522836417466956239329895670561444866373114539892462805705517406391370783744620740319376722902665418778601605528 0 0 0 0 0 0 0 0 0 0 0 0 1 0 0 0 0 0 0 0 0 0 0 0 0 0 0 0 0 0 0 0 0 0 0 0 0 0 0 0 0 0 0 0 0 0 0 0 0 0 0 0 0 0 0 0 0 0 0 0 0 0 0 0 0 0 0 0 0 0 0 0 0 0 0 0 0 0 0 0 0 0 0 0 0 0 0 0 0 0 0 0 0 0 0 0 0 0 0 0 0 0 0 0 0 0 0 0 0 0]
[207715135367631055707783496890344469011900043381075295194455441675919534998908225524510630779444931693877606608805882591933214075122031824810586228002615375114272805525869763397873084485591330463973408759882908661502842044795038594931031331792672213470449967188982942970631567030486323763723566866671748619328841169214901934671871793 0 0 0 0 0 0 0 0 0 0 0 0 0 1 0 0 0 0 0 0 0 0 0 0 0 0 0 0 0 0 0 0 0 0 0 0 0 0 0 0 0 0 0 0 0 0 0 0 0 0 0 0 0 0 0 0 0 0 0 0 0 0 0 0 0 0 0 0 0 0 0 0 0 0 0 0 0 0 0 0 0 0 0 0 0 0 0 0 0 0 0 0 0 0 0 0 0 0 0 0 0 0 0 0 0 0 0 0 0 0]
[6926973395147954283519625577089109507917490273679900492076232818550514349338720652444555672643916494024926881798652517589381007712238373191746059155894366329699098009691832529446816772872097323143653681943477649143176539510713634687938088665974418316861370432415672544979030016673525935750216987517878835520248852652324737268245066370 0 0 0 0 0 0 0 0 0 0 0 0 0 0 1 0 0 0 0 0 0 0 0 0 0 0 0 0 0 0 0 0 0 0 0 0 0 0 0 0 0 0 0 0 0 0 0 0 0 0 0 0 0 0 0 0 0 0 0 0 0 0 0 0 0 0 0 0 0 0 0 0 0 0 0 0 0 0 0 0 0 0 0 0 0 0 0 0 0 0 0 0 0 0 0 0 0 0 0 0 0 0 0 0 0 0 0 0 0 0]
[553451070639208554999368778540917095995018891126101007114048558250778637100173234529816396372923380058826217641670210397232488356508912174070569067252886027725953091894873466025214160819944136830510925160602870037954927732717710867671507139201465456756096484895661106525418263266746706872460706477044831818214910239977090670637309192 0 0 0 0 0 0 0 0 0 0 0 0 0 0 0 1 0 0 0 0 0 0 0 0 0 0 0 0 0 0 0 0 0 0 0 0 0 0 0 0 0 0 0 0 0 0 0 0 0 0 0 0 0 0 0 0 0 0 0 0 0 0 0 0 0 0 0 0 0 0 0 0 0 0 0 0 0 0 0 0 0 0 0 0 0 0 0 0 0 0 0 0 0 0 0 0 0 0 0 0 0 0 0 0 0 0 0 0 0 0]
[1402231556020490977670897294646923257658565471152798138011553156109241532714998276530867702394139646680972512728860855034025134570365727626067479552135545904216005050986899791681861742917159534102536828432746723406058922112769110601729086134668779558891741610276022003224604410275858132852964342948221805831707139601553479640750101889 0 0 0 0 0 0 0 0 0 0 0 0 0 0 0 0 1 0 0 0 0 0 0 0 0 0 0 0 0 0 0 0 0 0 0 0 0 0 0 0 0 0 0 0 0 0 0 0 0 0 0 0 0 0 0 0 0 0 0 0 0 0 0 0 0 0 0 0 0 0 0 0 0 0 0 0 0 0 0 0 0 0 0 0 0 0 0 0 0 0 0 0 0 0 0 0 0 0 0 0 0 0 0 0 0 0 0 0 0 0]
[3944278336398488492405337795001229382120780886526013340039598923292975458946584493776481324778868155623716203960418522764524794415712946595058366265512027891391398392053006603045265390231972806950899898043065960128936875173447280971815161895665899910015113017067904246866362069952741478171987625893902685492191165304649063703039578762 0 0 0 0 0 0 0 0 0 0 0 0 0 0 0 0 0 1 0 0 0 0 0 0 0 0 0 0 0 0 0 0 0 0 0 0 0 0 0 0 0 0 0 0 0 0 0 0 0 0 0 0 0 0 0 0 0 0 0 0 0 0 0 0 0 0 0 0 0 0 0 0 0 0 0 0 0 0 0 0 0 0 0 0 0 0 0 0 0 0 0 0 0 0 0 0 0 0 0 0 0 0 0 0 0 0 0 0 0 0]
[2986679797576382154452037867483865812695550064417724802853745862094441409069257488802253955712483964815544130363128527854680211641018517556697499690607212283524771340001392068397898242927575359228733859431571136449584103814855025638226764747620271948793409131077993877834056849201567870520803743285983913057669575574831487499187456164 0 0 0 0 0 0 0 0 0 0 0 0 0 0 0 0 0 0 1 0 0 0 0 0 0 0 0 0 0 0 0 0 0 0 0 0 0 0 0 0 0 0 0 0 0 0 0 0 0 0 0 0 0 0 0 0 0 0 0 0 0 0 0 0 0 0 0 0 0 0 0 0 0 0 0 0 0 0 0 0 0 0 0 0 0 0 0 0 0 0 0 0 0 0 0 0 0 0 0 0 0 0 0 0 0 0 0 0 0 0]
[6200269739957520057063628112195651488631697981206826777675185251775621913436395326962509806120572626865680488526517550508983444088705095991039873099031270008767670907861078438309960852716318327682143471595247527507920113473769433393065178311333047494621433265319654181219604872519829013669593135262500292538342732049981042625564572313 0 0 0 0 0 0 0 0 0 0 0 0 0 0 0 0 0 0 0 1 0 0 0 0 0 0 0 0 0 0 0 0 0 0 0 0 0 0 0 0 0 0 0 0 0 0 0 0 0 0 0 0 0 0 0 0 0 0 0 0 0 0 0 0 0 0 0 0 0 0 0 0 0 0 0 0 0 0 0 0 0 0 0 0 0 0 0 0 0 0 0 0 0 0 0 0 0 0 0 0 0 0 0 0 0 0 0 0 0 0]
[2855434921802266451534509594243514605293711666152130739923343398777849542644071754390465428678219525411506617271585034389196211828778057078432466629700997599310168053056502552093138751621397385867451814161786580575249745840734716680441227078246529622544276872953570949256047329064733400371202103759625236461046806628016845898512708966 0 0 0 0 0 0 0 0 0 0 0 0 0 0 0 0 0 0 0 0 1 0 0 0 0 0 0 0 0 0 0 0 0 0 0 0 0 0 0 0 0 0 0 0 0 0 0 0 0 0 0 0 0 0 0 0 0 0 0 0 0 0 0 0 0 0 0 0 0 0 0 0 0 0 0 0 0 0 0 0 0 0 0 0 0 0 0 0 0 0 0 0 0 0 0 0 0 0 0 0 0 0 0 0 0 0 0 0 0 0]
[5632862496837799333398046097635529450004751612021128239520922504626366789301486542742401654092940293607717324322531259600608464494953619945764091469153807178036393117273965535221795871274087665067267939092501865999936858654042790395097014050582145429973126364995425242756368098039968052492668140848687610366041829694222458427600228052 0 0 0 0 0 0 0 0 0 0 0 0 0 0 0 0 0 0 0 0 0 1 0 0 0 0 0 0 0 0 0 0 0 0 0 0 0 0 0 0 0 0 0 0 0 0 0 0 0 0 0 0 0 0 0 0 0 0 0 0 0 0 0 0 0 0 0 0 0 0 0 0 0 0 0 0 0 0 0 0 0 0 0 0 0 0 0 0 0 0 0 0 0 0 0 0 0 0 0 0 0 0 0 0 0 0 0 0 0 0]
[7110614199928639298253577616390562429326031583572227505035588294147948050047502259772564202471748266840458145604518678162995233211831584160498707810995106182275942082255687833899096493608556224889686391722059949555442004028017043821101271529631759225111015705674628124314201584034396069580444929460112915811680462309137075731113455886 0 0 0 0 0 0 0 0 0 0 0 0 0 0 0 0 0 0 0 0 0 0 1 0 0 0 0 0 0 0 0 0 0 0 0 0 0 0 0 0 0 0 0 0 0 0 0 0 0 0 0 0 0 0 0 0 0 0 0 0 0 0 0 0 0 0 0 0 0 0 0 0 0 0 0 0 0 0 0 0 0 0 0 0 0 0 0 0 0 0 0 0 0 0 0 0 0 0 0 0 0 0 0 0 0 0 0 0 0 0]
[6726872583685230154407340099097325135905759895335797850903353000294862054953175833544946624316925503487841484839542350851232107243452199509924636979711692625533071239542532247242625505593634220850532139332244644489625679351507517073439149896927491753432224623969619321024732970111498192840417414322473573557507967140474591524792610743 0 0 0 0 0 0 0 0 0 0 0 0 0 0 0 0 0 0 0 0 0 0 0 1 0 0 0 0 0 0 0 0 0 0 0 0 0 0 0 0 0 0 0 0 0 0 0 0 0 0 0 0 0 0 0 0 0 0 0 0 0 0 0 0 0 0 0 0 0 0 0 0 0 0 0 0 0 0 0 0 0 0 0 0 0 0 0 0 0 0 0 0 0 0 0 0 0 0 0 0 0 0 0 0 0 0 0 0 0 0]
[4228864628569532023656334100368014315795615923349441635456029345848774761867909421391792496470777284789993287119307559534351227604608882255677363418579990529475895083633992152799657051667332186951538537930764853018916116410131438156899089417680271807848569372351668788897313173678378855362812680575208136400251153267996471944992149033 0 0 0 0 0 0 0 0 0 0 0 0 0 0 0 0 0 0 0 0 0 0 0 0 1 0 0 0 0 0 0 0 0 0 0 0 0 0 0 0 0 0 0 0 0 0 0 0 0 0 0 0 0 0 0 0 0 0 0 0 0 0 0 0 0 0 0 0 0 0 0 0 0 0 0 0 0 0 0 0 0 0 0 0 0 0 0 0 0 0 0 0 0 0 0 0 0 0 0 0 0 0 0 0 0 0 0 0 0 0]
[755159150927667443327337289217237684997061543431806884506202856024552826187550899695017043941028623817809783800365548867396637613321227179312796931720041945635015520085955268452692957474745947341169839653239896351225668366446722347031009524726360236860719489892892312232999267478815624802877604985043689716074919182817446782698073108 0 0 0 0 0 0 0 0 0 0 0 0 0 0 0 0 0 0 0 0 0 0 0 0 0 1 0 0 0 0 0 0 0 0 0 0 0 0 0 0 0 0 0 0 0 0 0 0 0 0 0 0 0 0 0 0 0 0 0 0 0 0 0 0 0 0 0 0 0 0 0 0 0 0 0 0 0 0 0 0 0 0 0 0 0 0 0 0 0 0 0 0 0 0 0 0 0 0 0 0 0 0 0 0 0 0 0 0 0 0]
[6696270543955734680240693382008327854001866970057824484301341961200717369897296600406403713859556615812230826046626597153117170183574133689732288660011126867373029996016469095057613570896193831178101524128400059339369189711748239260427507967820600616470804441731916701332444013962233387526195557084931099447226858587487698634901649971 0 0 0 0 0 0 0 0 0 0 0 0 0 0 0 0 0 0 0 0 0 0 0 0 0 0 1 0 0 0 0 0 0 0 0 0 0 0 0 0 0 0 0 0 0 0 0 0 0 0 0 0 0 0 0 0 0 0 0 0 0 0 0 0 0 0 0 0 0 0 0 0 0 0 0 0 0 0 0 0 0 0 0 0 0 0 0 0 0 0 0 0 0 0 0 0 0 0 0 0 0 0 0 0 0 0 0 0 0 0]
[4309218085708997261718556336332549865608329227962890783333538935048159813797821163108076393429584111257364626573763893924793084110897346819413560662170538863501479652567970904864175999335375054914552946610504619889808423332992705893786633837339522073373270101504901685196696861259982991571435766970839645740688926850976857172309826365 0 0 0 0 0 0 0 0 0 0 0 0 0 0 0 0 0 0 0 0 0 0 0 0 0 0 0 1 0 0 0 0 0 0 0 0 0 0 0 0 0 0 0 0 0 0 0 0 0 0 0 0 0 0 0 0 0 0 0 0 0 0 0 0 0 0 0 0 0 0 0 0 0 0 0 0 0 0 0 0 0 0 0 0 0 0 0 0 0 0 0 0 0 0 0 0 0 0 0 0 0 0 0 0 0 0 0 0 0 0]
[4089593851095844802250463492211896195147001742440257796939551150959881576825769649797238199325784579682504019604355611929723861142904881770015571933980494239379569823899475026413465291661367206317312060288983036940166471645118715567864474281860473963965366808571780773275941783707570363161842454253568413836417756742204442099672949865 0 0 0 0 0 0 0 0 0 0 0 0 0 0 0 0 0 0 0 0 0 0 0 0 0 0 0 0 1 0 0 0 0 0 0 0 0 0 0 0 0 0 0 0 0 0 0 0 0 0 0 0 0 0 0 0 0 0 0 0 0 0 0 0 0 0 0 0 0 0 0 0 0 0 0 0 0 0 0 0 0 0 0 0 0 0 0 0 0 0 0 0 0 0 0 0 0 0 0 0 0 0 0 0 0 0 0 0 0 0]
[978092640339244539040017665973678715966736806826055727757558712383353879757117381646697168300271003011817105675438322088513683728521675476205912570250394075637124850382056620294397915547143067822228837569014477318462956844283712421661228426450498218228142813160140083461165597959063937329208733955625079548505291545228972225986434120 0 0 0 0 0 0 0 0 0 0 0 0 0 0 0 0 0 0 0 0 0 0 0 0 0 0 0 0 0 1 0 0 0 0 0 0 0 0 0 0 0 0 0 0 0 0 0 0 0 0 0 0 0 0 0 0 0 0 0 0 0 0 0 0 0 0 0 0 0 0 0 0 0 0 0 0 0 0 0 0 0 0 0 0 0 0 0 0 0 0 0 0 0 0 0 0 0 0 0 0 0 0 0 0 0 0 0 0 0 0]
[3602475415006107829156569234302800612449253011975975943017365683645618101408620398916883975432816053882769554376233112212393833606664026979400573610836417061118052276291430013457619505819063987007314044878445892391666268296296872493949720798023404462804355228178752429605479413111665485751921734478353775153991061058405074034739310294 0 0 0 0 0 0 0 0 0 0 0 0 0 0 0 0 0 0 0 0 0 0 0 0 0 0 0 0 0 0 1 0 0 0 0 0 0 0 0 0 0 0 0 0 0 0 0 0 0 0 0 0 0 0 0 0 0 0 0 0 0 0 0 0 0 0 0 0 0 0 0 0 0 0 0 0 0 0 0 0 0 0 0 0 0 0 0 0 0 0 0 0 0 0 0 0 0 0 0 0 0 0 0 0 0 0 0 0 0 0]
[1651914298400961921156416752724263068166690302445244571271866505046769762889478548585076730753206306213202803197513761454828455164562281258735138881937079433181973261785644771935308696429394343907695110874870090287329527203721452057754759591160070349799863048894727886101374240464000542507448465230697773228052307073706982557919101594 0 0 0 0 0 0 0 0 0 0 0 0 0 0 0 0 0 0 0 0 0 0 0 0 0 0 0 0 0 0 0 1 0 0 0 0 0 0 0 0 0 0 0 0 0 0 0 0 0 0 0 0 0 0 0 0 0 0 0 0 0 0 0 0 0 0 0 0 0 0 0 0 0 0 0 0 0 0 0 0 0 0 0 0 0 0 0 0 0 0 0 0 0 0 0 0 0 0 0 0 0 0 0 0 0 0 0 0 0 0]
[5767937211409356246705367613958178601988332852654467421612525164528820987161299130647558032182225360804770567806346043975074093575296020620333696343763382618082882917339213449764447122543950738346659047370567301125401642341620767607691481905186305660586318116161879132783357422884984457124758548834410962359108812469537075502317417083 0 0 0 0 0 0 0 0 0 0 0 0 0 0 0 0 0 0 0 0 0 0 0 0 0 0 0 0 0 0 0 0 1 0 0 0 0 0 0 0 0 0 0 0 0 0 0 0 0 0 0 0 0 0 0 0 0 0 0 0 0 0 0 0 0 0 0 0 0 0 0 0 0 0 0 0 0 0 0 0 0 0 0 0 0 0 0 0 0 0 0 0 0 0 0 0 0 0 0 0 0 0 0 0 0 0 0 0 0 0]
[3816898170958746150851384636471709344751188894656502576379912493626605288845187399796239603617353305668655551204212682413792868333773374961479390513107535303572770729584924020437557451768571392270280496088635997133691306317890674311948465150125546707713812277925185018181261556736557168344432494547250948525557993202253141730186508907 0 0 0 0 0 0 0 0 0 0 0 0 0 0 0 0 0 0 0 0 0 0 0 0 0 0 0 0 0 0 0 0 0 1 0 0 0 0 0 0 0 0 0 0 0 0 0 0 0 0 0 0 0 0 0 0 0 0 0 0 0 0 0 0 0 0 0 0 0 0 0 0 0 0 0 0 0 0 0 0 0 0 0 0 0 0 0 0 0 0 0 0 0 0 0 0 0 0 0 0 0 0 0 0 0 0 0 0 0 0]
[4480943660334847483963027951256312892359071408822893655637489082684700065911550533857896777339423085641767506965347277871023404215858172897014948202787994076049183811991785930018374721683690170206595077023251787829579595642115823222376404742320319738997496310301006137593494764893214681586891504011163996659493639174868741330796839447 0 0 0 0 0 0 0 0 0 0 0 0 0 0 0 0 0 0 0 0 0 0 0 0 0 0 0 0 0 0 0 0 0 0 1 0 0 0 0 0 0 0 0 0 0 0 0 0 0 0 0 0 0 0 0 0 0 0 0 0 0 0 0 0 0 0 0 0 0 0 0 0 0 0 0 0 0 0 0 0 0 0 0 0 0 0 0 0 0 0 0 0 0 0 0 0 0 0 0 0 0 0 0 0 0 0 0 0 0 0]
[285369363992963410050266675375082973102904244233503660111602825314503883345300026413128829324674479797613091688336091942864451072653974051103687546069071190666967210891275315529607805304596875579882080849863114887394760590453916205442645360936049757926139931984850878142957395570499182520240857222703133215095232472629192570797862789 0 0 0 0 0 0 0 0 0 0 0 0 0 0 0 0 0 0 0 0 0 0 0 0 0 0 0 0 0 0 0 0 0 0 0 1 0 0 0 0 0 0 0 0 0 0 0 0 0 0 0 0 0 0 0 0 0 0 0 0 0 0 0 0 0 0 0 0 0 0 0 0 0 0 0 0 0 0 0 0 0 0 0 0 0 0 0 0 0 0 0 0 0 0 0 0 0 0 0 0 0 0 0 0 0 0 0 0 0 0]
[6877977445526827524920618420975109987269641175980279930657046603069061235719475287389382543233231559423860598725690694535888992718106315172439522300799512055530006575459303621444132555038381030971990196350718123356687792466025063123186996952266676482751480862167990979322325522361001593042798270390573339759747996276268642426035693767 0 0 0 0 0 0 0 0 0 0 0 0 0 0 0 0 0 0 0 0 0 0 0 0 0 0 0 0 0 0 0 0 0 0 0 0 1 0 0 0 0 0 0 0 0 0 0 0 0 0 0 0 0 0 0 0 0 0 0 0 0 0 0 0 0 0 0 0 0 0 0 0 0 0 0 0 0 0 0 0 0 0 0 0 0 0 0 0 0 0 0 0 0 0 0 0 0 0 0 0 0 0 0 0 0 0 0 0 0 0]
[139173907341465446867006817007187080526768222472464055583678128277311933094299930010803742456184475526006361000525366479501615398002814502244888762996300798821413849460501693406252561109482454726261565003807858518436833566177923439410932533800609124761124115804975898450609069500832443744713547118283181452297278807279223354838231721 0 0 0 0 0 0 0 0 0 0 0 0 0 0 0 0 0 0 0 0 0 0 0 0 0 0 0 0 0 0 0 0 0 0 0 0 0 1 0 0 0 0 0 0 0 0 0 0 0 0 0 0 0 0 0 0 0 0 0 0 0 0 0 0 0 0 0 0 0 0 0 0 0 0 0 0 0 0 0 0 0 0 0 0 0 0 0 0 0 0 0 0 0 0 0 0 0 0 0 0 0 0 0 0 0 0 0 0 0 0]
[6748418486260957589057023907270911995115236301902133990417128514879408638726467667086587509776152534733385346515296268175002500518964642493977731006567791553526257743878422635487736043427507709609516444740033063701083333804050880700460051442520466850306019194478044949919578610766407614110952501874286975905000723841878329929420266702 0 0 0 0 0 0 0 0 0 0 0 0 0 0 0 0 0 0 0 0 0 0 0 0 0 0 0 0 0 0 0 0 0 0 0 0 0 0 1 0 0 0 0 0 0 0 0 0 0 0 0 0 0 0 0 0 0 0 0 0 0 0 0 0 0 0 0 0 0 0 0 0 0 0 0 0 0 0 0 0 0 0 0 0 0 0 0 0 0 0 0 0 0 0 0 0 0 0 0 0 0 0 0 0 0 0 0 0 0 0]
[4437869628091677508764669291586082043657588057334006323776974027122385679605767507484989809677688953865674777719648097138432017918480232459062821922779358790013985834648140149673057406084192391203051216329655931599657824156974741891308343236906690452047830940582179941896797968062066937290581162781955465664085899336373190972640469463 0 0 0 0 0 0 0 0 0 0 0 0 0 0 0 0 0 0 0 0 0 0 0 0 0 0 0 0 0 0 0 0 0 0 0 0 0 0 0 1 0 0 0 0 0 0 0 0 0 0 0 0 0 0 0 0 0 0 0 0 0 0 0 0 0 0 0 0 0 0 0 0 0 0 0 0 0 0 0 0 0 0 0 0 0 0 0 0 0 0 0 0 0 0 0 0 0 0 0 0 0 0 0 0 0 0 0 0 0 0]
[2127384216973612352979805794246238261668865935725919531862967208857370686494445030929243703206686483669817159080925572984325491379656511337529864406320396196326270834810918736328355874820638160159130538672605910106970725426680659916929928477332343425162142056199070079367174132699887627813148873575098754092772054502696354788345187365 0 0 0 0 0 0 0 0 0 0 0 0 0 0 0 0 0 0 0 0 0 0 0 0 0 0 0 0 0 0 0 0 0 0 0 0 0 0 0 0 1 0 0 0 0 0 0 0 0 0 0 0 0 0 0 0 0 0 0 0 0 0 0 0 0 0 0 0 0 0 0 0 0 0 0 0 0 0 0 0 0 0 0 0 0 0 0 0 0 0 0 0 0 0 0 0 0 0 0 0 0 0 0 0 0 0 0 0 0 0]
[2153602379538039292753800965293791693875179405508656490753288246727434451738245053615597208286708652720310732675127217292113216741497270592084448678874470533103658534724557675091927491216880871409691187630062032277617201377431294915604080033639916228242932099360903040589326700945317850809473391984998176695887091579102085404921157538 0 0 0 0 0 0 0 0 0 0 0 0 0 0 0 0 0 0 0 0 0 0 0 0 0 0 0 0 0 0 0 0 0 0 0 0 0 0 0 0 0 1 0 0 0 0 0 0 0 0 0 0 0 0 0 0 0 0 0 0 0 0 0 0 0 0 0 0 0 0 0 0 0 0 0 0 0 0 0 0 0 0 0 0 0 0 0 0 0 0 0 0 0 0 0 0 0 0 0 0 0 0 0 0 0 0 0 0 0 0]
[2558219891939156227140899053198696663029362419546270630732698674572781936673545192883140079656223433116363664310388500666058449997005045389118302440204661881509665804279493072625236504712101265643561199426683685120431261743265798769224183045895243660238421806027138464649137555309669480798914003254315099217537047357406786430801413975 0 0 0 0 0 0 0 0 0 0 0 0 0 0 0 0 0 0 0 0 0 0 0 0 0 0 0 0 0 0 0 0 0 0 0 0 0 0 0 0 0 0 1 0 0 0 0 0 0 0 0 0 0 0 0 0 0 0 0 0 0 0 0 0 0 0 0 0 0 0 0 0 0 0 0 0 0 0 0 0 0 0 0 0 0 0 0 0 0 0 0 0 0 0 0 0 0 0 0 0 0 0 0 0 0 0 0 0 0 0]
[3437168228447227235769768098993606344775334278929933270127402925668401583452059918521345680553347288621902059644996039681162644267474165296907867793499705670982466770680874685688917842026219226060013839388688529598964980429147479281710469886589701151270225781480958454809927352396327192010922936250838191030415948473810135023463574587 0 0 0 0 0 0 0 0 0 0 0 0 0 0 0 0 0 0 0 0 0 0 0 0 0 0 0 0 0 0 0 0 0 0 0 0 0 0 0 0 0 0 0 1 0 0 0 0 0 0 0 0 0 0 0 0 0 0 0 0 0 0 0 0 0 0 0 0 0 0 0 0 0 0 0 0 0 0 0 0 0 0 0 0 0 0 0 0 0 0 0 0 0 0 0 0 0 0 0 0 0 0 0 0 0 0 0 0 0 0]
[312974299972322279495232070629109071819878889720644423347349336547637239189190709087981279670423342082550747023760783047800734374163204021499053329015929993273889190195585908796551313536409013009271659376808175423501474005214101049826280159633108765757119900871126068368792398353563528407261133183583247086002332278546295559627785340 0 0 0 0 0 0 0 0 0 0 0 0 0 0 0 0 0 0 0 0 0 0 0 0 0 0 0 0 0 0 0 0 0 0 0 0 0 0 0 0 0 0 0 0 1 0 0 0 0 0 0 0 0 0 0 0 0 0 0 0 0 0 0 0 0 0 0 0 0 0 0 0 0 0 0 0 0 0 0 0 0 0 0 0 0 0 0 0 0 0 0 0 0 0 0 0 0 0 0 0 0 0 0 0 0 0 0 0 0 0]
[6277768090296404317407097715446898704788414535090068640651531421368498310298601640591588002084567016191300282207088182489470043791655352034720994489714054216177934405555341874920725096496180035700632893801232467446541598010644369398497951720507527854447104607914807988825302458150837306710974192413734579524050455888672235400054721816 0 0 0 0 0 0 0 0 0 0 0 0 0 0 0 0 0 0 0 0 0 0 0 0 0 0 0 0 0 0 0 0 0 0 0 0 0 0 0 0 0 0 0 0 0 1 0 0 0 0 0 0 0 0 0 0 0 0 0 0 0 0 0 0 0 0 0 0 0 0 0 0 0 0 0 0 0 0 0 0 0 0 0 0 0 0 0 0 0 0 0 0 0 0 0 0 0 0 0 0 0 0 0 0 0 0 0 0 0 0]
[7847245742114396614992141250586093678879374791796813281496795823552574638443990357114929282204418680166956831845920606691620719527503027435386867540650089011245444406307601523046716185380258982038711083897476495424221554607096389531043217277080012658593775826009957069551253322245609559118304474233197098827973912302575795060086382471 0 0 0 0 0 0 0 0 0 0 0 0 0 0 0 0 0 0 0 0 0 0 0 0 0 0 0 0 0 0 0 0 0 0 0 0 0 0 0 0 0 0 0 0 0 0 1 0 0 0 0 0 0 0 0 0 0 0 0 0 0 0 0 0 0 0 0 0 0 0 0 0 0 0 0 0 0 0 0 0 0 0 0 0 0 0 0 0 0 0 0 0 0 0 0 0 0 0 0 0 0 0 0 0 0 0 0 0 0 0]
[3216166727131865157022563214095433947383748414826622885553452902574266217604202837153845195004533160358588683101556759737970202743951080980555756108357575751486913140593073624645355736855543327544239657117124299057558054365191983338384010977629447993790470858073730184746890979096643861303357970426820013048471750357159696780582685707 0 0 0 0 0 0 0 0 0 0 0 0 0 0 0 0 0 0 0 0 0 0 0 0 0 0 0 0 0 0 0 0 0 0 0 0 0 0 0 0 0 0 0 0 0 0 0 1 0 0 0 0 0 0 0 0 0 0 0 0 0 0 0 0 0 0 0 0 0 0 0 0 0 0 0 0 0 0 0 0 0 0 0 0 0 0 0 0 0 0 0 0 0 0 0 0 0 0 0 0 0 0 0 0 0 0 0 0 0 0]
[3407791429625699489314304560065175266784598310010843748174413871366161686391996273028399022959716078642942786473585767945919266326527664191067721392668400114029100173428481980145152747352450765448306911669727679930062048082435111379332179679272826784307408435715799042758690997098805467719576277847614034646024756245091112337086850291 0 0 0 0 0 0 0 0 0 0 0 0 0 0 0 0 0 0 0 0 0 0 0 0 0 0 0 0 0 0 0 0 0 0 0 0 0 0 0 0 0 0 0 0 0 0 0 0 1 0 0 0 0 0 0 0 0 0 0 0 0 0 0 0 0 0 0 0 0 0 0 0 0 0 0 0 0 0 0 0 0 0 0 0 0 0 0 0 0 0 0 0 0 0 0 0 0 0 0 0 0 0 0 0 0 0 0 0 0 0]
[5561429021658293441771863201546943937785253574802950997851465504889292345344426956836446365666800983928044683015059955168123812194768960454215539624340979636381953621566351498934041296720569833996550274135878714905671190022969055039527076368941297620899948833405323817544314907395079336076957289927135235554474635838696543107032093524 0 0 0 0 0 0 0 0 0 0 0 0 0 0 0 0 0 0 0 0 0 0 0 0 0 0 0 0 0 0 0 0 0 0 0 0 0 0 0 0 0 0 0 0 0 0 0 0 0 1 0 0 0 0 0 0 0 0 0 0 0 0 0 0 0 0 0 0 0 0 0 0 0 0 0 0 0 0 0 0 0 0 0 0 0 0 0 0 0 0 0 0 0 0 0 0 0 0 0 0 0 0 0 0 0 0 0 0 0 0]
[6862538628407425158579813460709644978337027764549968003437694801821573085387594737422292274194986188367509582551333134093702025667441438469939823136166766682468570971391087213560799673382669984900580725214707866451567589622296862367614769889226234917931068701694977434964722301359198430757296671023156573894242488653004708317420845133 0 0 0 0 0 0 0 0 0 0 0 0 0 0 0 0 0 0 0 0 0 0 0 0 0 0 0 0 0 0 0 0 0 0 0 0 0 0 0 0 0 0 0 0 0 0 0 0 0 0 1 0 0 0 0 0 0 0 0 0 0 0 0 0 0 0 0 0 0 0 0 0 0 0 0 0 0 0 0 0 0 0 0 0 0 0 0 0 0 0 0 0 0 0 0 0 0 0 0 0 0 0 0 0 0 0 0 0 0 0]
[5586734418755171171081831274940134096230397172774915350837968457253657955752092895619050576942673100619303415828895962497263493074318945985273398386379535496038018052288821305901459403856832043139659097898222434039041057950031574037933379128768125977081602862371990872856578532319497012204553630284450749451799979460681890656741935191 0 0 0 0 0 0 0 0 0 0 0 0 0 0 0 0 0 0 0 0 0 0 0 0 0 0 0 0 0 0 0 0 0 0 0 0 0 0 0 0 0 0 0 0 0 0 0 0 0 0 0 1 0 0 0 0 0 0 0 0 0 0 0 0 0 0 0 0 0 0 0 0 0 0 0 0 0 0 0 0 0 0 0 0 0 0 0 0 0 0 0 0 0 0 0 0 0 0 0 0 0 0 0 0 0 0 0 0 0 0]
[1205794741169412347548332809010339657525307957528687287098537014745049520149670166109180638257687272300205176775166200678450112871973469607420266591516039348602560246095695980882885281911666087384158669374243874535708699621979468476621021342592044422743343957573419364271368207309147759946820465531044686111740090505153412800514623129 0 0 0 0 0 0 0 0 0 0 0 0 0 0 0 0 0 0 0 0 0 0 0 0 0 0 0 0 0 0 0 0 0 0 0 0 0 0 0 0 0 0 0 0 0 0 0 0 0 0 0 0 1 0 0 0 0 0 0 0 0 0 0 0 0 0 0 0 0 0 0 0 0 0 0 0 0 0 0 0 0 0 0 0 0 0 0 0 0 0 0 0 0 0 0 0 0 0 0 0 0 0 0 0 0 0 0 0 0 0]
[406115804054964683788005031413113772080297106807497632373038855287367806544888303216906950576467309117603271709539166691413998183118900108995999309221197950434602484972452959526470074180181947034870318791477349996471827669453101308904680469647887574558628489850070129915227537274117044833795934181651812542045787713391391728053029387 0 0 0 0 0 0 0 0 0 0 0 0 0 0 0 0 0 0 0 0 0 0 0 0 0 0 0 0 0 0 0 0 0 0 0 0 0 0 0 0 0 0 0 0 0 0 0 0 0 0 0 0 0 1 0 0 0 0 0 0 0 0 0 0 0 0 0 0 0 0 0 0 0 0 0 0 0 0 0 0 0 0 0 0 0 0 0 0 0 0 0 0 0 0 0 0 0 0 0 0 0 0 0 0 0 0 0 0 0 0]
[3645382537353233170611698007868885647405670803914729894801109142338554944527342581775706891975640147818580670411557340563174236031658560574019241198510358189129780414759367993049311897105121224535231881664600604449082981243002473497656184047743567145592507852014443405311610158786245678232657733244828428778746206319522649575249749502 0 0 0 0 0 0 0 0 0 0 0 0 0 0 0 0 0 0 0 0 0 0 0 0 0 0 0 0 0 0 0 0 0 0 0 0 0 0 0 0 0 0 0 0 0 0 0 0 0 0 0 0 0 0 1 0 0 0 0 0 0 0 0 0 0 0 0 0 0 0 0 0 0 0 0 0 0 0 0 0 0 0 0 0 0 0 0 0 0 0 0 0 0 0 0 0 0 0 0 0 0 0 0 0 0 0 0 0 0 0]
[535912555709966757477572754578749748902397521084915343766562783408222112850099282069691837983865233237888180126725585842497131689369258220848951171596625737449322350521478566708261148037249542869785318574639292029612248136150133522607661132836872169092177887573340271892876794365678186718355430326731001327072110803328030048219973086 0 0 0 0 0 0 0 0 0 0 0 0 0 0 0 0 0 0 0 0 0 0 0 0 0 0 0 0 0 0 0 0 0 0 0 0 0 0 0 0 0 0 0 0 0 0 0 0 0 0 0 0 0 0 0 1 0 0 0 0 0 0 0 0 0 0 0 0 0 0 0 0 0 0 0 0 0 0 0 0 0 0 0 0 0 0 0 0 0 0 0 0 0 0 0 0 0 0 0 0 0 0 0 0 0 0 0 0 0 0]
[2986510467662964991970658119868180248114835376440472059638162201938042122459608885207003197811865635689476357489812720050342244605890765461482868791440546937347041640055981892302039024315117984370134300883932326146879059505382786004574093877845091209592220458364642953779873248984441882954112945776541114679834391403966486856926727436 0 0 0 0 0 0 0 0 0 0 0 0 0 0 0 0 0 0 0 0 0 0 0 0 0 0 0 0 0 0 0 0 0 0 0 0 0 0 0 0 0 0 0 0 0 0 0 0 0 0 0 0 0 0 0 0 1 0 0 0 0 0 0 0 0 0 0 0 0 0 0 0 0 0 0 0 0 0 0 0 0 0 0 0 0 0 0 0 0 0 0 0 0 0 0 0 0 0 0 0 0 0 0 0 0 0 0 0 0 0]
[5928582551347299645770953046024860438262532203073983484245543881965294898859073193173143629574422527369040052093427168381921296397806932919970218998621602825694250899243619106767210890843027578299848646615816891213677207401732056727308364753838315350789874940299607319821143019204743499397121339283348851200199870679003808668821440195 0 0 0 0 0 0 0 0 0 0 0 0 0 0 0 0 0 0 0 0 0 0 0 0 0 0 0 0 0 0 0 0 0 0 0 0 0 0 0 0 0 0 0 0 0 0 0 0 0 0 0 0 0 0 0 0 0 1 0 0 0 0 0 0 0 0 0 0 0 0 0 0 0 0 0 0 0 0 0 0 0 0 0 0 0 0 0 0 0 0 0 0 0 0 0 0 0 0 0 0 0 0 0 0 0 0 0 0 0 0]
[6715300795364898718278256437331308356629966067804237628526135270993629120942580635175984511624472156039001161791146947962156630982913892782530250722474426903468931307858442896342728432277763326280672725597765970412146452474282763894425066905764810434757701444557680964410648008614979787920325709776684927404143405080395847306520480696 0 0 0 0 0 0 0 0 0 0 0 0 0 0 0 0 0 0 0 0 0 0 0 0 0 0 0 0 0 0 0 0 0 0 0 0 0 0 0 0 0 0 0 0 0 0 0 0 0 0 0 0 0 0 0 0 0 0 1 0 0 0 0 0 0 0 0 0 0 0 0 0 0 0 0 0 0 0 0 0 0 0 0 0 0 0 0 0 0 0 0 0 0 0 0 0 0 0 0 0 0 0 0 0 0 0 0 0 0 0]
[7878362325216108802542718680350096229405218389572217438720084606430085116885894475423908819758306753824906692120571027882617572115186593961909709185203990417411044490181938357293514064317550756305120251507874964246027895374612227956244433460893673325064576112705067186004624829428895397122744920387669436959897410539739723542388725057 0 0 0 0 0 0 0 0 0 0 0 0 0 0 0 0 0 0 0 0 0 0 0 0 0 0 0 0 0 0 0 0 0 0 0 0 0 0 0 0 0 0 0 0 0 0 0 0 0 0 0 0 0 0 0 0 0 0 0 1 0 0 0 0 0 0 0 0 0 0 0 0 0 0 0 0 0 0 0 0 0 0 0 0 0 0 0 0 0 0 0 0 0 0 0 0 0 0 0 0 0 0 0 0 0 0 0 0 0 0]
[5926772068324817126537784619600247798594937785478852380981569023974049840666064897734883293942758178927967467241817004815764101765624311349960847354108716960328130894346302754207468413578320163726552374091367588273489692254530771421931291812457015674817074335892609656422629975777528340560398197775272859517427851402363594654044919645 0 0 0 0 0 0 0 0 0 0 0 0 0 0 0 0 0 0 0 0 0 0 0 0 0 0 0 0 0 0 0 0 0 0 0 0 0 0 0 0 0 0 0 0 0 0 0 0 0 0 0 0 0 0 0 0 0 0 0 0 1 0 0 0 0 0 0 0 0 0 0 0 0 0 0 0 0 0 0 0 0 0 0 0 0 0 0 0 0 0 0 0 0 0 0 0 0 0 0 0 0 0 0 0 0 0 0 0 0 0]
[1002583135183825373226725800162434397466487045076859131212093564072247103086579327758795676271625120218243480973554391008251255448183513126190738528900492618896282763846485885990650761356573398404153212071270906870715482369705801934542335439544733798104063120790838089181162486695262172068025706302199800374952793764720317370619561090 0 0 0 0 0 0 0 0 0 0 0 0 0 0 0 0 0 0 0 0 0 0 0 0 0 0 0 0 0 0 0 0 0 0 0 0 0 0 0 0 0 0 0 0 0 0 0 0 0 0 0 0 0 0 0 0 0 0 0 0 0 1 0 0 0 0 0 0 0 0 0 0 0 0 0 0 0 0 0 0 0 0 0 0 0 0 0 0 0 0 0 0 0 0 0 0 0 0 0 0 0 0 0 0 0 0 0 0 0 0]
[3265548084169659650096970309170343138355411733436610203737159511821137811949337813263095559539815438289456575124690795573138586631165140655105795126772128284845373274013275090632112689590634381515070242389519315594580419622351747620809431834991062086748666124076135605000052565724411261653773226769071683102347052533634017121016699044 0 0 0 0 0 0 0 0 0 0 0 0 0 0 0 0 0 0 0 0 0 0 0 0 0 0 0 0 0 0 0 0 0 0 0 0 0 0 0 0 0 0 0 0 0 0 0 0 0 0 0 0 0 0 0 0 0 0 0 0 0 0 1 0 0 0 0 0 0 0 0 0 0 0 0 0 0 0 0 0 0 0 0 0 0 0 0 0 0 0 0 0 0 0 0 0 0 0 0 0 0 0 0 0 0 0 0 0 0 0]
[2751526356308321861567863529794788508020840059358971246295834596761207785570950479626158126768271066061398273554048081487981917602461452258500741435186312472356208357894408194148442592524972151459035430587734741241553941197906930363289421953465070069046138259575522554601087977399258247416033994309021406344632811808764393038970207443 0 0 0 0 0 0 0 0 0 0 0 0 0 0 0 0 0 0 0 0 0 0 0 0 0 0 0 0 0 0 0 0 0 0 0 0 0 0 0 0 0 0 0 0 0 0 0 0 0 0 0 0 0 0 0 0 0 0 0 0 0 0 0 1 0 0 0 0 0 0 0 0 0 0 0 0 0 0 0 0 0 0 0 0 0 0 0 0 0 0 0 0 0 0 0 0 0 0 0 0 0 0 0 0 0 0 0 0 0 0]
[3929052818665255921421859466654345405521253686202276734662813385103287613681712856518827267265136311352514166518568293007291941888423331055833422958480104557122051752975805503690302819471523234117462331311211152076979545494206790094791816776923389335230354455730102550439729914062198125874991715669489407238338232749857298022797403335 0 0 0 0 0 0 0 0 0 0 0 0 0 0 0 0 0 0 0 0 0 0 0 0 0 0 0 0 0 0 0 0 0 0 0 0 0 0 0 0 0 0 0 0 0 0 0 0 0 0 0 0 0 0 0 0 0 0 0 0 0 0 0 0 1 0 0 0 0 0 0 0 0 0 0 0 0 0 0 0 0 0 0 0 0 0 0 0 0 0 0 0 0 0 0 0 0 0 0 0 0 0 0 0 0 0 0 0 0 0]
[924101112124759683995500759055541656432017573277419206035971084344165922858599159904360473054052882296053267051040749234753004612032719664741595525572442150182283244759431579219817300898575756127405843179878968793377688858158276195998669260619754417056810746137100353560078602930948939518910008714425019249995435155747802005702856547 0 0 0 0 0 0 0 0 0 0 0 0 0 0 0 0 0 0 0 0 0 0 0 0 0 0 0 0 0 0 0 0 0 0 0 0 0 0 0 0 0 0 0 0 0 0 0 0 0 0 0 0 0 0 0 0 0 0 0 0 0 0 0 0 0 1 0 0 0 0 0 0 0 0 0 0 0 0 0 0 0 0 0 0 0 0 0 0 0 0 0 0 0 0 0 0 0 0 0 0 0 0 0 0 0 0 0 0 0 0]
[154462259803889995563194891783343398587447324233626729891885878182481664357607633596226232346783897720257592101365739200575009316113232559817527421349705692859891901501623738051635519233519767475412613031279985411406042741906419831308604509361004914308114250671011718750572012081110305150278001376432541824443430891448099189265008867 0 0 0 0 0 0 0 0 0 0 0 0 0 0 0 0 0 0 0 0 0 0 0 0 0 0 0 0 0 0 0 0 0 0 0 0 0 0 0 0 0 0 0 0 0 0 0 0 0 0 0 0 0 0 0 0 0 0 0 0 0 0 0 0 0 0 1 0 0 0 0 0 0 0 0 0 0 0 0 0 0 0 0 0 0 0 0 0 0 0 0 0 0 0 0 0 0 0 0 0 0 0 0 0 0 0 0 0 0 0]
[1293963934974339765366683312648954653459258953260325125148414163423388510663455068698758531219666670459582595374975675662185674188754759992075033010017385409718307925873007501307169699486292800933829951378431681719488243037600095773769001899458724065565887103150714175872660876426638571968343615202304049144909292703194056040615693379 0 0 0 0 0 0 0 0 0 0 0 0 0 0 0 0 0 0 0 0 0 0 0 0 0 0 0 0 0 0 0 0 0 0 0 0 0 0 0 0 0 0 0 0 0 0 0 0 0 0 0 0 0 0 0 0 0 0 0 0 0 0 0 0 0 0 0 1 0 0 0 0 0 0 0 0 0 0 0 0 0 0 0 0 0 0 0 0 0 0 0 0 0 0 0 0 0 0 0 0 0 0 0 0 0 0 0 0 0 0]
[2315959869164255507247607276739525802367526712781521438506303982622092063979705647464997567418091881387011686303300014764403754237187775786973647710034363071107196872091083106221677992495397967772990693524726258899289344511399295630167580568400390649278420764656544748846786393561822424772713858592604010994437923159068376197133123209 0 0 0 0 0 0 0 0 0 0 0 0 0 0 0 0 0 0 0 0 0 0 0 0 0 0 0 0 0 0 0 0 0 0 0 0 0 0 0 0 0 0 0 0 0 0 0 0 0 0 0 0 0 0 0 0 0 0 0 0 0 0 0 0 0 0 0 0 1 0 0 0 0 0 0 0 0 0 0 0 0 0 0 0 0 0 0 0 0 0 0 0 0 0 0 0 0 0 0 0 0 0 0 0 0 0 0 0 0 0]
[7509512391255529931288453056568370485205431930679311303522927666957168993265006843498946321407552497752440206353013613661353422922940184053969531658887878897346324856675226409141539098524936267316806075676931264530601548110558365087313142266878136148422310668182258184867891974536738669490893894073909518240287827658391251926582983280 0 0 0 0 0 0 0 0 0 0 0 0 0 0 0 0 0 0 0 0 0 0 0 0 0 0 0 0 0 0 0 0 0 0 0 0 0 0 0 0 0 0 0 0 0 0 0 0 0 0 0 0 0 0 0 0 0 0 0 0 0 0 0 0 0 0 0 0 0 1 0 0 0 0 0 0 0 0 0 0 0 0 0 0 0 0 0 0 0 0 0 0 0 0 0 0 0 0 0 0 0 0 0 0 0 0 0 0 0 0]
[583591032331309675446345937674169807824694349542493479473313873983312603714465734186555783324714294451206019583288944912343012847397261030259601140181401432237288033394974004842635488557113025363321427551596630860088813834033340043790014718114256049277270905645218187892423722818914984084684675365911101416721946999898707230146340187 0 0 0 0 0 0 0 0 0 0 0 0 0 0 0 0 0 0 0 0 0 0 0 0 0 0 0 0 0 0 0 0 0 0 0 0 0 0 0 0 0 0 0 0 0 0 0 0 0 0 0 0 0 0 0 0 0 0 0 0 0 0 0 0 0 0 0 0 0 0 1 0 0 0 0 0 0 0 0 0 0 0 0 0 0 0 0 0 0 0 0 0 0 0 0 0 0 0 0 0 0 0 0 0 0 0 0 0 0 0]
[3503750025706316355382416728869309277217544847247898771446665650395358465933165491258038891867225234934267621277561506620227308450941569850540717845983147252913946946990125069860238369513134356284865900168375805257333876527608989110182197994686752054319270864797868023593343196839316507117133198407173893856882161319646807106714279068 0 0 0 0 0 0 0 0 0 0 0 0 0 0 0 0 0 0 0 0 0 0 0 0 0 0 0 0 0 0 0 0 0 0 0 0 0 0 0 0 0 0 0 0 0 0 0 0 0 0 0 0 0 0 0 0 0 0 0 0 0 0 0 0 0 0 0 0 0 0 0 1 0 0 0 0 0 0 0 0 0 0 0 0 0 0 0 0 0 0 0 0 0 0 0 0 0 0 0 0 0 0 0 0 0 0 0 0 0 0]
[5924556431241574167775988016905206279789383464951501667975995219325902192777034758027047845105836318679306879561522189218962526507575174139616122306839900720815725241664342923610545450329254251052821821708200551884566147893559778145722696086024368720754874134051149016879543561771888799843290526234614719628728722008708653750647057381 0 0 0 0 0 0 0 0 0 0 0 0 0 0 0 0 0 0 0 0 0 0 0 0 0 0 0 0 0 0 0 0 0 0 0 0 0 0 0 0 0 0 0 0 0 0 0 0 0 0 0 0 0 0 0 0 0 0 0 0 0 0 0 0 0 0 0 0 0 0 0 0 1 0 0 0 0 0 0 0 0 0 0 0 0 0 0 0 0 0 0 0 0 0 0 0 0 0 0 0 0 0 0 0 0 0 0 0 0 0]
[6111352796191888896869409400587135164057629392008078791219773973678803408533695993030430097818545800198590046460745306286326134269815353012100494417021359947361079198710761399141448808348991271775855508815551019188528242122869857482129395302614716086298758992645906511248702568598232568236615764143639067499976394325661058275259418598 0 0 0 0 0 0 0 0 0 0 0 0 0 0 0 0 0 0 0 0 0 0 0 0 0 0 0 0 0 0 0 0 0 0 0 0 0 0 0 0 0 0 0 0 0 0 0 0 0 0 0 0 0 0 0 0 0 0 0 0 0 0 0 0 0 0 0 0 0 0 0 0 0 1 0 0 0 0 0 0 0 0 0 0 0 0 0 0 0 0 0 0 0 0 0 0 0 0 0 0 0 0 0 0 0 0 0 0 0 0]
[7234726995987061551145894637777948870340549378388921771727181971528333145322571301641501170397748377742255316257771717086462284661525835236964396157970147566503600606264202176827177032020279124910758813875553614286122965913929730335386905577680821423569387715731318871468991596634324805495745550954844184797859053372523186233004388721 0 0 0 0 0 0 0 0 0 0 0 0 0 0 0 0 0 0 0 0 0 0 0 0 0 0 0 0 0 0 0 0 0 0 0 0 0 0 0 0 0 0 0 0 0 0 0 0 0 0 0 0 0 0 0 0 0 0 0 0 0 0 0 0 0 0 0 0 0 0 0 0 0 0 1 0 0 0 0 0 0 0 0 0 0 0 0 0 0 0 0 0 0 0 0 0 0 0 0 0 0 0 0 0 0 0 0 0 0 0]
[7118488257273861746562991209666689626617410951678156567589393874156220933774546815176263494451000437154976555114308690064175381893447136142782980830067220649982767981854967872546962555967824196053351187705986628535265948714793601866774497859781396720032095603141964371075860351763015181842076327476781612883174417552269192484923527031 0 0 0 0 0 0 0 0 0 0 0 0 0 0 0 0 0 0 0 0 0 0 0 0 0 0 0 0 0 0 0 0 0 0 0 0 0 0 0 0 0 0 0 0 0 0 0 0 0 0 0 0 0 0 0 0 0 0 0 0 0 0 0 0 0 0 0 0 0 0 0 0 0 0 0 1 0 0 0 0 0 0 0 0 0 0 0 0 0 0 0 0 0 0 0 0 0 0 0 0 0 0 0 0 0 0 0 0 0 0]
[3293911890829706261516610921497160698100311077063126795311432997776209814230823182786856377574569517730850132780186611236175236067586322397924017892205820087132332639431368525313042251555834670619130281593702680684702652703855573733510599899669654035507216773460412890247262545141108133385118898061465569485077365728401150286964312271 0 0 0 0 0 0 0 0 0 0 0 0 0 0 0 0 0 0 0 0 0 0 0 0 0 0 0 0 0 0 0 0 0 0 0 0 0 0 0 0 0 0 0 0 0 0 0 0 0 0 0 0 0 0 0 0 0 0 0 0 0 0 0 0 0 0 0 0 0 0 0 0 0 0 0 0 1 0 0 0 0 0 0 0 0 0 0 0 0 0 0 0 0 0 0 0 0 0 0 0 0 0 0 0 0 0 0 0 0 0]
[968480932170226497124335605613606597336461942196757105585932867511856877139355203731924832884455616032909925139061195083873956713435177362589619647237637829115031057053845798248283975755242524671540778665475210340696557316357302425740948950612608368288138114615894955013240281250981614092561143988680071580106423942566749040855443374 0 0 0 0 0 0 0 0 0 0 0 0 0 0 0 0 0 0 0 0 0 0 0 0 0 0 0 0 0 0 0 0 0 0 0 0 0 0 0 0 0 0 0 0 0 0 0 0 0 0 0 0 0 0 0 0 0 0 0 0 0 0 0 0 0 0 0 0 0 0 0 0 0 0 0 0 0 1 0 0 0 0 0 0 0 0 0 0 0 0 0 0 0 0 0 0 0 0 0 0 0 0 0 0 0 0 0 0 0 0]
[3951220615785786164111900250090193339445060120550116641504806378116969276378690172736522042188189450130594603246603982862449995142531348550711824854641478181208185994315946847748852707777981161089711091541940706108475930197102665283283246554567051902092480825951044462177392971868503538398586391592151379728908021036835006085619046514 0 0 0 0 0 0 0 0 0 0 0 0 0 0 0 0 0 0 0 0 0 0 0 0 0 0 0 0 0 0 0 0 0 0 0 0 0 0 0 0 0 0 0 0 0 0 0 0 0 0 0 0 0 0 0 0 0 0 0 0 0 0 0 0 0 0 0 0 0 0 0 0 0 0 0 0 0 0 1 0 0 0 0 0 0 0 0 0 0 0 0 0 0 0 0 0 0 0 0 0 0 0 0 0 0 0 0 0 0 0]
[3506945466535563472428029001337659102441425918688866271546625810046565599368096389085485600567186544310118086060526374926729540837134105201259156121648672448639435712920702242716338838404765981255361991909614390394196006602704146118950877505013656819597564912683299896105520868430005284267881550312267397622070724745527704361059085632 0 0 0 0 0 0 0 0 0 0 0 0 0 0 0 0 0 0 0 0 0 0 0 0 0 0 0 0 0 0 0 0 0 0 0 0 0 0 0 0 0 0 0 0 0 0 0 0 0 0 0 0 0 0 0 0 0 0 0 0 0 0 0 0 0 0 0 0 0 0 0 0 0 0 0 0 0 0 0 1 0 0 0 0 0 0 0 0 0 0 0 0 0 0 0 0 0 0 0 0 0 0 0 0 0 0 0 0 0 0]
[1868277782786131427572414666397712136203982761873170042661657594996985604710555756802965356346630140139917597976324287951126275385656189866164493081477021089689704358783750034159929832602327690284318614208431177706640342763508975580714203325647992779845260910691805891896080255060027288727196885102962822067571209524105275807655771944 0 0 0 0 0 0 0 0 0 0 0 0 0 0 0 0 0 0 0 0 0 0 0 0 0 0 0 0 0 0 0 0 0 0 0 0 0 0 0 0 0 0 0 0 0 0 0 0 0 0 0 0 0 0 0 0 0 0 0 0 0 0 0 0 0 0 0 0 0 0 0 0 0 0 0 0 0 0 0 0 1 0 0 0 0 0 0 0 0 0 0 0 0 0 0 0 0 0 0 0 0 0 0 0 0 0 0 0 0 0]
[5309568195172959608234462903627672935261895145898663754180628468788838957078070303209462971056018812269844071632039657626445627417579799729269091846402921304552596981642581647880178729708113727803854395239154828726778349787245037482520630104427710089129095134358710749500122174359496097833692909259949907548558157113011977141023170288 0 0 0 0 0 0 0 0 0 0 0 0 0 0 0 0 0 0 0 0 0 0 0 0 0 0 0 0 0 0 0 0 0 0 0 0 0 0 0 0 0 0 0 0 0 0 0 0 0 0 0 0 0 0 0 0 0 0 0 0 0 0 0 0 0 0 0 0 0 0 0 0 0 0 0 0 0 0 0 0 0 1 0 0 0 0 0 0 0 0 0 0 0 0 0 0 0 0 0 0 0 0 0 0 0 0 0 0 0 0]
[4565358583796141295539464759963108640244399459443537921402479479159531131478329295948947738118444603204024975354636099542665928497495954506774598144883381672898713708091614207070161169853614824980004323482977780434178250704545098440467958734247971532714063558682273514483812651661936073520871057607972204265229151719880835037912340736 0 0 0 0 0 0 0 0 0 0 0 0 0 0 0 0 0 0 0 0 0 0 0 0 0 0 0 0 0 0 0 0 0 0 0 0 0 0 0 0 0 0 0 0 0 0 0 0 0 0 0 0 0 0 0 0 0 0 0 0 0 0 0 0 0 0 0 0 0 0 0 0 0 0 0 0 0 0 0 0 0 0 1 0 0 0 0 0 0 0 0 0 0 0 0 0 0 0 0 0 0 0 0 0 0 0 0 0 0 0]
[6093177148981887325342373272345331132363284079737094010804423340165666664283411245936124682691128287452100697049925239096999605280759235205308413345113193987033226139457921043665585849056874302542108960896709014923596182545598810339483611697791331162542042285131060970266490636124427236700602618329221793484566490954732090823592786153 0 0 0 0 0 0 0 0 0 0 0 0 0 0 0 0 0 0 0 0 0 0 0 0 0 0 0 0 0 0 0 0 0 0 0 0 0 0 0 0 0 0 0 0 0 0 0 0 0 0 0 0 0 0 0 0 0 0 0 0 0 0 0 0 0 0 0 0 0 0 0 0 0 0 0 0 0 0 0 0 0 0 0 1 0 0 0 0 0 0 0 0 0 0 0 0 0 0 0 0 0 0 0 0 0 0 0 0 0 0]
[6212087851795087656148482022918177127859393944895745124251846832880411679144602502253007980930618970289707095278869747683705776958528094472668975672791485347777755936254978584613727707808814636069458801361615763263660041329418024342693391153862083351057095590631219418395237562854657754217531606263957689577719697897835640040476574360 0 0 0 0 0 0 0 0 0 0 0 0 0 0 0 0 0 0 0 0 0 0 0 0 0 0 0 0 0 0 0 0 0 0 0 0 0 0 0 0 0 0 0 0 0 0 0 0 0 0 0 0 0 0 0 0 0 0 0 0 0 0 0 0 0 0 0 0 0 0 0 0 0 0 0 0 0 0 0 0 0 0 0 0 1 0 0 0 0 0 0 0 0 0 0 0 0 0 0 0 0 0 0 0 0 0 0 0 0 0]
[4245033277433166713503739472581165891504892569154830725062140594387420353256570839034331082546742255355661069086689598713427336327181571395263071110661595839202109543325674414707454679035805028874436011363879017263339565198288117671355289893173415633144993203554007732034277871651018617088527667196096173860496633241940176371854768065 0 0 0 0 0 0 0 0 0 0 0 0 0 0 0 0 0 0 0 0 0 0 0 0 0 0 0 0 0 0 0 0 0 0 0 0 0 0 0 0 0 0 0 0 0 0 0 0 0 0 0 0 0 0 0 0 0 0 0 0 0 0 0 0 0 0 0 0 0 0 0 0 0 0 0 0 0 0 0 0 0 0 0 0 0 1 0 0 0 0 0 0 0 0 0 0 0 0 0 0 0 0 0 0 0 0 0 0 0 0]
[1115166579230297126073939134934129329758280901376425706816938674359674961508199789298100077922201509090735233081636078699051560645345760166657258476688635287603169820021134289619181052259205956735840341017160868476943075029449096464279444506748985494137901982683679621657636345203595017077588020885035024837565060072818079126274866655 0 0 0 0 0 0 0 0 0 0 0 0 0 0 0 0 0 0 0 0 0 0 0 0 0 0 0 0 0 0 0 0 0 0 0 0 0 0 0 0 0 0 0 0 0 0 0 0 0 0 0 0 0 0 0 0 0 0 0 0 0 0 0 0 0 0 0 0 0 0 0 0 0 0 0 0 0 0 0 0 0 0 0 0 0 0 1 0 0 0 0 0 0 0 0 0 0 0 0 0 0 0 0 0 0 0 0 0 0 0]
[840059208496982227364982021176699509499684085393727199095124504498277527141470844839772384914268036165099471582361021437759532855396209281216954483037770286556310960656198818716611189428136814001358848881338241378167452056186788497599606622103882800351130753125021294549443556738082361894531727936654502318100684978349504116851467372 0 0 0 0 0 0 0 0 0 0 0 0 0 0 0 0 0 0 0 0 0 0 0 0 0 0 0 0 0 0 0 0 0 0 0 0 0 0 0 0 0 0 0 0 0 0 0 0 0 0 0 0 0 0 0 0 0 0 0 0 0 0 0 0 0 0 0 0 0 0 0 0 0 0 0 0 0 0 0 0 0 0 0 0 0 0 0 1 0 0 0 0 0 0 0 0 0 0 0 0 0 0 0 0 0 0 0 0 0 0]
[3063298879678006042357737026548678064723138515408644459266589837365530063274437743437220147242341533469566504582520602583274065299411801170614908839310027919126597032547333695471356245554637554435528518454262042440455119634440075617936157007242656345016941347220720417169668471028987582852711389825262342559417310253382093049686219530 0 0 0 0 0 0 0 0 0 0 0 0 0 0 0 0 0 0 0 0 0 0 0 0 0 0 0 0 0 0 0 0 0 0 0 0 0 0 0 0 0 0 0 0 0 0 0 0 0 0 0 0 0 0 0 0 0 0 0 0 0 0 0 0 0 0 0 0 0 0 0 0 0 0 0 0 0 0 0 0 0 0 0 0 0 0 0 0 1 0 0 0 0 0 0 0 0 0 0 0 0 0 0 0 0 0 0 0 0 0]
[5990398180975187075667295861525340333223822816869067846448397754520052462623308661545863747661528446729918137580001103603891335942602335200315402233873918068676770914370535242553014931694326934689993894044849472778636402576305936272368712254821387054339149830668663921284790897293413877808524060966941699965379246784574138956574212755 0 0 0 0 0 0 0 0 0 0 0 0 0 0 0 0 0 0 0 0 0 0 0 0 0 0 0 0 0 0 0 0 0 0 0 0 0 0 0 0 0 0 0 0 0 0 0 0 0 0 0 0 0 0 0 0 0 0 0 0 0 0 0 0 0 0 0 0 0 0 0 0 0 0 0 0 0 0 0 0 0 0 0 0 0 0 0 0 0 1 0 0 0 0 0 0 0 0 0 0 0 0 0 0 0 0 0 0 0 0]
[7041489853348328412413709364522881947555774876793483731577972291275916129053710914955232086092441205975930213148809923698356594947928774812333370171714621467787365117840351651957736526542575729996558001530269705619724998402265784871855822590800426568959064193029263041710265605747014850539812806377581280263090580146181149539014581597 0 0 0 0 0 0 0 0 0 0 0 0 0 0 0 0 0 0 0 0 0 0 0 0 0 0 0 0 0 0 0 0 0 0 0 0 0 0 0 0 0 0 0 0 0 0 0 0 0 0 0 0 0 0 0 0 0 0 0 0 0 0 0 0 0 0 0 0 0 0 0 0 0 0 0 0 0 0 0 0 0 0 0 0 0 0 0 0 0 0 1 0 0 0 0 0 0 0 0 0 0 0 0 0 0 0 0 0 0 0]
[147445388754052107197113591676077827451405658416123027808657981437113413336309103804745682454397952902605589544443755042394995876282058581590343410712632143895336652040777301966975297327084468285536208217691781940734714136226504952415862003672673145010023044560037577873205861535483989401093250269845683846579458577975895712508180567 0 0 0 0 0 0 0 0 0 0 0 0 0 0 0 0 0 0 0 0 0 0 0 0 0 0 0 0 0 0 0 0 0 0 0 0 0 0 0 0 0 0 0 0 0 0 0 0 0 0 0 0 0 0 0 0 0 0 0 0 0 0 0 0 0 0 0 0 0 0 0 0 0 0 0 0 0 0 0 0 0 0 0 0 0 0 0 0 0 0 0 1 0 0 0 0 0 0 0 0 0 0 0 0 0 0 0 0 0 0]
[3854517251500379420677719398611472581277169943967828306227084644984508280493362045670921377366473795919911856507710128930560216406964122185834957788367126611597408993351491873962232694533793745365534333282506378905559141573811332330807852612070503479454290276906659320612173006419440222440876735235103148014665484520120342096276054392 0 0 0 0 0 0 0 0 0 0 0 0 0 0 0 0 0 0 0 0 0 0 0 0 0 0 0 0 0 0 0 0 0 0 0 0 0 0 0 0 0 0 0 0 0 0 0 0 0 0 0 0 0 0 0 0 0 0 0 0 0 0 0 0 0 0 0 0 0 0 0 0 0 0 0 0 0 0 0 0 0 0 0 0 0 0 0 0 0 0 0 0 1 0 0 0 0 0 0 0 0 0 0 0 0 0 0 0 0 0]
[6091168096161684380437579701424169824179472656186651417638982002838560570740988875873917747991557379641724040328999577874012683733720881957786680929636719864644945814347634699645320364364539976913472501305136102391570904506531705699611953078747297402974605926852306349674610956811390012605312490018144950170593287143340861847478319002 0 0 0 0 0 0 0 0 0 0 0 0 0 0 0 0 0 0 0 0 0 0 0 0 0 0 0 0 0 0 0 0 0 0 0 0 0 0 0 0 0 0 0 0 0 0 0 0 0 0 0 0 0 0 0 0 0 0 0 0 0 0 0 0 0 0 0 0 0 0 0 0 0 0 0 0 0 0 0 0 0 0 0 0 0 0 0 0 0 0 0 0 0 1 0 0 0 0 0 0 0 0 0 0 0 0 0 0 0 0]
[4977616840180268103213846601353138816685413861569963892947921161753695470385314722144228289318428533532794387965538569922136179123811943152815915087016884150264163984571701801493824202477570294626714000115260521383380324132991576562924163110374370899857178269986087049208315156339890485279593541957915499929271028254576898791059248478 0 0 0 0 0 0 0 0 0 0 0 0 0 0 0 0 0 0 0 0 0 0 0 0 0 0 0 0 0 0 0 0 0 0 0 0 0 0 0 0 0 0 0 0 0 0 0 0 0 0 0 0 0 0 0 0 0 0 0 0 0 0 0 0 0 0 0 0 0 0 0 0 0 0 0 0 0 0 0 0 0 0 0 0 0 0 0 0 0 0 0 0 0 0 1 0 0 0 0 0 0 0 0 0 0 0 0 0 0 0]
[1999590182481978953963370790336378732015212396288290357693663961030932522495880889067636634421741324702772991809352151260471993173651132150637686557971853304088329865983270285043589558483618099161121373438486554498840753925771680721189513718950702016785818296532020932331901568487863723811380679782182892902719052072836487399871615007 0 0 0 0 0 0 0 0 0 0 0 0 0 0 0 0 0 0 0 0 0 0 0 0 0 0 0 0 0 0 0 0 0 0 0 0 0 0 0 0 0 0 0 0 0 0 0 0 0 0 0 0 0 0 0 0 0 0 0 0 0 0 0 0 0 0 0 0 0 0 0 0 0 0 0 0 0 0 0 0 0 0 0 0 0 0 0 0 0 0 0 0 0 0 0 1 0 0 0 0 0 0 0 0 0 0 0 0 0 0]
[5599850161140163244683165918241345643285662788896610742058228707021410058367119791933035236222699831130195799445722108033199106731005368992407917921041934571465862495121510870152296338255225099544354426334196965429042952512411580367883035559345930551669074644147932970308301142574400980632727824860613433300015363448896551432579140419 0 0 0 0 0 0 0 0 0 0 0 0 0 0 0 0 0 0 0 0 0 0 0 0 0 0 0 0 0 0 0 0 0 0 0 0 0 0 0 0 0 0 0 0 0 0 0 0 0 0 0 0 0 0 0 0 0 0 0 0 0 0 0 0 0 0 0 0 0 0 0 0 0 0 0 0 0 0 0 0 0 0 0 0 0 0 0 0 0 0 0 0 0 0 0 0 1 0 0 0 0 0 0 0 0 0 0 0 0 0]
[5852549974096980757965260077727152394787048801231071480930733423044770797878209526663830785737007135466432976787733841153204993647128410926049040590665591895960223968021307370623818486121148556390426356552462945802423789668139054503022317844880152989040422490977944316337552228218935028682425222136867248863802716755712149934490659922 0 0 0 0 0 0 0 0 0 0 0 0 0 0 0 0 0 0 0 0 0 0 0 0 0 0 0 0 0 0 0 0 0 0 0 0 0 0 0 0 0 0 0 0 0 0 0 0 0 0 0 0 0 0 0 0 0 0 0 0 0 0 0 0 0 0 0 0 0 0 0 0 0 0 0 0 0 0 0 0 0 0 0 0 0 0 0 0 0 0 0 0 0 0 0 0 0 1 0 0 0 0 0 0 0 0 0 0 0 0]
[6032980471376756969745307158887540590641300083330385802389846184210754946048966163029808058093417056775848712508920295170000845735454390849081379301603875648071769762097407455091107595562605025191847660938990868161792437028916781239469403191504639499518192231987755781342304281439270668550473902554116235920402551819677079268498514944 0 0 0 0 0 0 0 0 0 0 0 0 0 0 0 0 0 0 0 0 0 0 0 0 0 0 0 0 0 0 0 0 0 0 0 0 0 0 0 0 0 0 0 0 0 0 0 0 0 0 0 0 0 0 0 0 0 0 0 0 0 0 0 0 0 0 0 0 0 0 0 0 0 0 0 0 0 0 0 0 0 0 0 0 0 0 0 0 0 0 0 0 0 0 0 0 0 0 1 0 0 0 0 0 0 0 0 0 0 0]
[4447697894567563408752691959343067498566206668402625927892928768531698708936540208654989331062920229251340485931161008300046440350167058817756312930807533387668139353227303952517308526307121960519949986129658125876532705045997091795843403537491441711215968715195991138399930877928572927808969225659065712254476453512608231655930668486 0 0 0 0 0 0 0 0 0 0 0 0 0 0 0 0 0 0 0 0 0 0 0 0 0 0 0 0 0 0 0 0 0 0 0 0 0 0 0 0 0 0 0 0 0 0 0 0 0 0 0 0 0 0 0 0 0 0 0 0 0 0 0 0 0 0 0 0 0 0 0 0 0 0 0 0 0 0 0 0 0 0 0 0 0 0 0 0 0 0 0 0 0 0 0 0 0 0 0 1 0 0 0 0 0 0 0 0 0 0]
[7192802961667129900472410564364003800846281389605620788899994006545397974775925159969627177389274894819821828875483395334367576794971852655742503857417343116040921741770279338420773299971562708417400986040823203678231006258177605650457338525373485022481835447743637475487524153634590445904836986530801731610803022001972965368738939791 0 0 0 0 0 0 0 0 0 0 0 0 0 0 0 0 0 0 0 0 0 0 0 0 0 0 0 0 0 0 0 0 0 0 0 0 0 0 0 0 0 0 0 0 0 0 0 0 0 0 0 0 0 0 0 0 0 0 0 0 0 0 0 0 0 0 0 0 0 0 0 0 0 0 0 0 0 0 0 0 0 0 0 0 0 0 0 0 0 0 0 0 0 0 0 0 0 0 0 0 1 0 0 0 0 0 0 0 0 0]
[4110857165921320052004189813350938293882560019934643995703448692161595544155726543795806534714978385782512949314750014406599601886598270075150480625832625240398630575242370919150739027887596912653669338990730649078912881445308538024335523981843935357538704782274253937425869210683634992931760196915392016940514711515685886614711403050 0 0 0 0 0 0 0 0 0 0 0 0 0 0 0 0 0 0 0 0 0 0 0 0 0 0 0 0 0 0 0 0 0 0 0 0 0 0 0 0 0 0 0 0 0 0 0 0 0 0 0 0 0 0 0 0 0 0 0 0 0 0 0 0 0 0 0 0 0 0 0 0 0 0 0 0 0 0 0 0 0 0 0 0 0 0 0 0 0 0 0 0 0 0 0 0 0 0 0 0 0 1 0 0 0 0 0 0 0 0]
[2208568903102689224300360301950845197466146387742788874303470527647796484656781622713393361220158454285770904398756178409979143105121716883606439929622501921082749802867225813668004632999170324365167752475783143022132549184382027056263394911179624004035415045115938962039978717092086467164395832660113196863362204754757636419760550611 0 0 0 0 0 0 0 0 0 0 0 0 0 0 0 0 0 0 0 0 0 0 0 0 0 0 0 0 0 0 0 0 0 0 0 0 0 0 0 0 0 0 0 0 0 0 0 0 0 0 0 0 0 0 0 0 0 0 0 0 0 0 0 0 0 0 0 0 0 0 0 0 0 0 0 0 0 0 0 0 0 0 0 0 0 0 0 0 0 0 0 0 0 0 0 0 0 0 0 0 0 0 1 0 0 0 0 0 0 0]
[2952940045414247448876420058269256993327033028819605376410529361452710608032331275969526531184672242654274695657147647446751081254381489677611148019646239427204184671386856073207963752724529850623828466639210640475079943977138947559527950654899446384730269465506510827506956932939272535296726327618423074378265316685325456634611655511 0 0 0 0 0 0 0 0 0 0 0 0 0 0 0 0 0 0 0 0 0 0 0 0 0 0 0 0 0 0 0 0 0 0 0 0 0 0 0 0 0 0 0 0 0 0 0 0 0 0 0 0 0 0 0 0 0 0 0 0 0 0 0 0 0 0 0 0 0 0 0 0 0 0 0 0 0 0 0 0 0 0 0 0 0 0 0 0 0 0 0 0 0 0 0 0 0 0 0 0 0 0 0 1 0 0 0 0 0 0]
[1914274306556076997483340145582531094962509746387036223135563681365640303781587176918614945840253621054266330466495510479545656870609411578960878869991328362889444067724417713207372718233704283593778343711734093369894142204408464371856380871388918701040172725970476705608314942652382266180535206456022305700921054326683952165794918569 0 0 0 0 0 0 0 0 0 0 0 0 0 0 0 0 0 0 0 0 0 0 0 0 0 0 0 0 0 0 0 0 0 0 0 0 0 0 0 0 0 0 0 0 0 0 0 0 0 0 0 0 0 0 0 0 0 0 0 0 0 0 0 0 0 0 0 0 0 0 0 0 0 0 0 0 0 0 0 0 0 0 0 0 0 0 0 0 0 0 0 0 0 0 0 0 0 0 0 0 0 0 0 0 1 0 0 0 0 0]
[5389014844893244535132257662866317463612009842174105723460509396561469487395535901035264375949843857444469887007315261956383065289420857464267003031910929058654272661548748196563869317043166593528813966503981957363391838403535917934407904062324789198243204483699017392290669911968325926524610325163137894972224091270966419274998237143 0 0 0 0 0 0 0 0 0 0 0 0 0 0 0 0 0 0 0 0 0 0 0 0 0 0 0 0 0 0 0 0 0 0 0 0 0 0 0 0 0 0 0 0 0 0 0 0 0 0 0 0 0 0 0 0 0 0 0 0 0 0 0 0 0 0 0 0 0 0 0 0 0 0 0 0 0 0 0 0 0 0 0 0 0 0 0 0 0 0 0 0 0 0 0 0 0 0 0 0 0 0 0 0 0 1 0 0 0 0]
[3072961003179540512302676637402580674887046292895928938757752142601641873396123868639712483515279366093059937655607768142087395375331969251963559766976512957810497471138235788032229179024484090934421365802783524667975299148194188986625466703653687064360887552056388913521365516831016698414785390270696059170336317129876792382856734305 0 0 0 0 0 0 0 0 0 0 0 0 0 0 0 0 0 0 0 0 0 0 0 0 0 0 0 0 0 0 0 0 0 0 0 0 0 0 0 0 0 0 0 0 0 0 0 0 0 0 0 0 0 0 0 0 0 0 0 0 0 0 0 0 0 0 0 0 0 0 0 0 0 0 0 0 0 0 0 0 0 0 0 0 0 0 0 0 0 0 0 0 0 0 0 0 0 0 0 0 0 0 0 0 0 0 1 0 0 0]
[5928670132961762377186481514198576859785066051555861048782394531456096953477462836140846154809379461588118339209989181690057997482421894469532483356283604122102821496519905060178721894899880488709470039341225406767042646878744658552715390196707849380210482263417734693824522897296018456225378878475043924529714772203131369296488087665 0 0 0 0 0 0 0 0 0 0 0 0 0 0 0 0 0 0 0 0 0 0 0 0 0 0 0 0 0 0 0 0 0 0 0 0 0 0 0 0 0 0 0 0 0 0 0 0 0 0 0 0 0 0 0 0 0 0 0 0 0 0 0 0 0 0 0 0 0 0 0 0 0 0 0 0 0 0 0 0 0 0 0 0 0 0 0 0 0 0 0 0 0 0 0 0 0 0 0 0 0 0 0 0 0 0 0 1 0 0]
[4311419785835259525893240856992300253073228113879437285240468110973015498633973272607900156370385479954675281284167443119445343732639953431054197418601076491186901907089759732921426295037457853762104341374945045577658182448674861183200592024379999959930921119582831789751514566092266177754224065856140306082122756755574180798037404938 0 0 0 0 0 0 0 0 0 0 0 0 0 0 0 0 0 0 0 0 0 0 0 0 0 0 0 0 0 0 0 0 0 0 0 0 0 0 0 0 0 0 0 0 0 0 0 0 0 0 0 0 0 0 0 0 0 0 0 0 0 0 0 0 0 0 0 0 0 0 0 0 0 0 0 0 0 0 0 0 0 0 0 0 0 0 0 0 0 0 0 0 0 0 0 0 0 0 0 0 0 0 0 0 0 0 0 0 1 0]
[1274884953730847641554950834647338825823334436755375746503275037618563380945309823562970949511528095395038841890663267247363991160563154353899485455917104998343416983723154094389801232654578016273568643936868222792740972521668562583671353140666777549428758355370862444830340649671840914627640052780812757879178918262093462508978007261 0 0 0 0 0 0 0 0 0 0 0 0 0 0 0 0 0 0 0 0 0 0 0 0 0 0 0 0 0 0 0 0 0 0 0 0 0 0 0 0 0 0 0 0 0 0 0 0 0 0 0 0 0 0 0 0 0 0 0 0 0 0 0 0 0 0 0 0 0 0 0 0 0 0 0 0 0 0 0 0 0 0 0 0 0 0 0 0 0 0 0 0 0 0 0 0 0 0 0 0 0 0 0 0 0 0 0 0 0 1]
]
