[[7207627199033487664497956921205197509605616491200082335462230004811823653129399592480160968333253503669596266316499226216115320910605762472977757608777861395809273937954795042138772305140605464576018285653916198022448723524650565143875579589233888667201824495847698142955837137764001712734113059213 0 0 0 0 0 0 0 0 0 0 0 0 0 0 0 0 0 0 0 0 0 0 0 0 0 0 0 0 0 0 0 0 0 0 0 0 0 0 0 0 0 0 0 0 0 0 0 0 0 0 0 0 0 0 0 0 0 0 0 0 0 0 0 0 0 0 0 0 0 0 0 0 0 0 0 0 0 0 0 0 0 0 0 0 0 0 0 0 0 0 0 0 0 0 0 0 0 0]
[4644378239212792249547892312040357391950507382207867128736045928696339765486704926512084121393727108707942607726779638212357137732050281089261073836318785746528989081596458176482667018654679700924421141938670641784265690912266889948514645220223399559751251670271817979063084343554277799899977805864 1 0 0 0 0 0 0 0 0 0 0 0 0 0 0 0 0 0 0 0 0 0 0 0 0 0 0 0 0 0 0 0 0 0 0 0 0 0 0 0 0 0 0 0 0 0 0 0 0 0 0 0 0 0 0 0 0 0 0 0 0 0 0 0 0 0 0 0 0 0 0 0 0 0 0 0 0 0 0 0 0 0 0 0 0 0 0 0 0 0 0 0 0 0 0 0 0 0]
[919611076541440973803012313609736786219327369049169941366754210477352046155799745669860317924464321266597557728997815609223196937976722003613380765608746594912375543054174756836147438475877835150817160787498570997553411869944038585621493088932516719239304332882296223320524621365018485201688569966 0 1 0 0 0 0 0 0 0 0 0 0 0 0 0 0 0 0 0 0 0 0 0 0 0 0 0 0 0 0 0 0 0 0 0 0 0 0 0 0 0 0 0 0 0 0 0 0 0 0 0 0 0 0 0 0 0 0 0 0 0 0 0 0 0 0 0 0 0 0 0 0 0 0 0 0 0 0 0 0 0 0 0 0 0 0 0 0 0 0 0 0 0 0 0 0 0 0]
[3155163957878355052184727372114901442338063714686137651833958328659207567031981379838965735984462068910622729768595044020255912589017890975105485141052516494668751405939849241176697322166133344089958775701016663190473297512293884610500718918404861651112353198400040216626998821795566241261622823204 0 0 1 0 0 0 0 0 0 0 0 0 0 0 0 0 0 0 0 0 0 0 0 0 0 0 0 0 0 0 0 0 0 0 0 0 0 0 0 0 0 0 0 0 0 0 0 0 0 0 0 0 0 0 0 0 0 0 0 0 0 0 0 0 0 0 0 0 0 0 0 0 0 0 0 0 0 0 0 0 0 0 0 0 0 0 0 0 0 0 0 0 0 0 0 0 0 0]
[5727491046075418707425462107126409568624608445869306830481752117106221138398212355891036699852033819879876732706742411421154447451038810393967465667653153774737340749825460395316325525833168293148054381782680991849328115354858313458913536864495998060501549977445219672799869718426485084517370787289 0 0 0 1 0 0 0 0 0 0 0 0 0 0 0 0 0 0 0 0 0 0 0 0 0 0 0 0 0 0 0 0 0 0 0 0 0 0 0 0 0 0 0 0 0 0 0 0 0 0 0 0 0 0 0 0 0 0 0 0 0 0 0 0 0 0 0 0 0 0 0 0 0 0 0 0 0 0 0 0 0 0 0 0 0 0 0 0 0 0 0 0 0 0 0 0 0 0]
[3346802651846555305928301801936527086774901570314023708135994861245007254178325828146858370472854948855534231030802501582460271363480958403097734565815279364012639818159870099647119059423581602426536418073217273796952637168907305220004957055797916917658034867782078656302364971694597569440590724394 0 0 0 0 1 0 0 0 0 0 0 0 0 0 0 0 0 0 0 0 0 0 0 0 0 0 0 0 0 0 0 0 0 0 0 0 0 0 0 0 0 0 0 0 0 0 0 0 0 0 0 0 0 0 0 0 0 0 0 0 0 0 0 0 0 0 0 0 0 0 0 0 0 0 0 0 0 0 0 0 0 0 0 0 0 0 0 0 0 0 0 0 0 0 0 0 0 0]
[4369089491136328877114778633561042676051637096722430915048138384623143471294032567230821773451055589340181557655353363506720703566980567774279040419709907944974859721615319489389547060641809608651227479704970291438895701050425193054951640424973133513824992268999734975242660100777061226186822055812 0 0 0 0 0 1 0 0 0 0 0 0 0 0 0 0 0 0 0 0 0 0 0 0 0 0 0 0 0 0 0 0 0 0 0 0 0 0 0 0 0 0 0 0 0 0 0 0 0 0 0 0 0 0 0 0 0 0 0 0 0 0 0 0 0 0 0 0 0 0 0 0 0 0 0 0 0 0 0 0 0 0 0 0 0 0 0 0 0 0 0 0 0 0 0 0 0 0]
[6515618128059759316404304901033252955958303676201120396984263792145863866669627241099646845966238204446550182169455240591692902729590681279625343019605344891930005691366638920383104053751550381837506724445268134766479255538273875226515671932270911182368660845735685706305900844319312324792089357422 0 0 0 0 0 0 1 0 0 0 0 0 0 0 0 0 0 0 0 0 0 0 0 0 0 0 0 0 0 0 0 0 0 0 0 0 0 0 0 0 0 0 0 0 0 0 0 0 0 0 0 0 0 0 0 0 0 0 0 0 0 0 0 0 0 0 0 0 0 0 0 0 0 0 0 0 0 0 0 0 0 0 0 0 0 0 0 0 0 0 0 0 0 0 0 0 0 0]
[504694634524871158972493299732642692362391195199196141277951435628576608093497057742649382297948135210687945706679026368259754505828195419362525831779570536285319871843657565325398624490720529044538849697989876893667640278836736225757337279074539627447757548278711636479630925651880568769611548189 0 0 0 0 0 0 0 1 0 0 0 0 0 0 0 0 0 0 0 0 0 0 0 0 0 0 0 0 0 0 0 0 0 0 0 0 0 0 0 0 0 0 0 0 0 0 0 0 0 0 0 0 0 0 0 0 0 0 0 0 0 0 0 0 0 0 0 0 0 0 0 0 0 0 0 0 0 0 0 0 0 0 0 0 0 0 0 0 0 0 0 0 0 0 0 0 0 0]
[1420196915383422443197607906118890420981230900625106098736278584954662659337339057150127534824813701195285282757361600789140417959790270144683537249085169398656337590526137221110804176868303510580016460681858239470367699832334829743980607733206222959779672916044709234080375290375834694503092614202 0 0 0 0 0 0 0 0 1 0 0 0 0 0 0 0 0 0 0 0 0 0 0 0 0 0 0 0 0 0 0 0 0 0 0 0 0 0 0 0 0 0 0 0 0 0 0 0 0 0 0 0 0 0 0 0 0 0 0 0 0 0 0 0 0 0 0 0 0 0 0 0 0 0 0 0 0 0 0 0 0 0 0 0 0 0 0 0 0 0 0 0 0 0 0 0 0 0]
[2022082318183953106516409958969410134100598435994752754435523139938811673239893663535016901351668146068887039532165652716090229613040634681850616659390754268424948248911075739330995107215144958041574655621921496068210837214200075132152066637893789524904859712405523318533225864084138337002239771007 0 0 0 0 0 0 0 0 0 1 0 0 0 0 0 0 0 0 0 0 0 0 0 0 0 0 0 0 0 0 0 0 0 0 0 0 0 0 0 0 0 0 0 0 0 0 0 0 0 0 0 0 0 0 0 0 0 0 0 0 0 0 0 0 0 0 0 0 0 0 0 0 0 0 0 0 0 0 0 0 0 0 0 0 0 0 0 0 0 0 0 0 0 0 0 0 0 0]
[6088598218676473535872437033884135126383652985068025527162030240717424073012045343848177614024879514178665438178965010668678680536621854001157564742294527593176111225805003460991530346582940028231456756594613076247707236394341557172757581464959986544741561188556581035338086247823942775333292176006 0 0 0 0 0 0 0 0 0 0 1 0 0 0 0 0 0 0 0 0 0 0 0 0 0 0 0 0 0 0 0 0 0 0 0 0 0 0 0 0 0 0 0 0 0 0 0 0 0 0 0 0 0 0 0 0 0 0 0 0 0 0 0 0 0 0 0 0 0 0 0 0 0 0 0 0 0 0 0 0 0 0 0 0 0 0 0 0 0 0 0 0 0 0 0 0 0 0]
[260295905469696501769075525654615427867355631644661975817052526938442547067377887300266962185948773499387053541213546988923945088706305208425671637238282364802747355210112989862188028134632735061228769662932248567634491807300473539706256051222160717115907565878077209306134101983285254133835193524 0 0 0 0 0 0 0 0 0 0 0 1 0 0 0 0 0 0 0 0 0 0 0 0 0 0 0 0 0 0 0 0 0 0 0 0 0 0 0 0 0 0 0 0 0 0 0 0 0 0 0 0 0 0 0 0 0 0 0 0 0 0 0 0 0 0 0 0 0 0 0 0 0 0 0 0 0 0 0 0 0 0 0 0 0 0 0 0 0 0 0 0 0 0 0 0 0 0]
[5532394899607963386910377016568288677023327068249927335573300838384723767030707437894459957245776090295526514622894901090297099869226436127863018662388034170396336357591948510197873436974218112571952410162303648394327024489665288116318082329401019890669262476720974268183455592394258450454553385396 0 0 0 0 0 0 0 0 0 0 0 0 1 0 0 0 0 0 0 0 0 0 0 0 0 0 0 0 0 0 0 0 0 0 0 0 0 0 0 0 0 0 0 0 0 0 0 0 0 0 0 0 0 0 0 0 0 0 0 0 0 0 0 0 0 0 0 0 0 0 0 0 0 0 0 0 0 0 0 0 0 0 0 0 0 0 0 0 0 0 0 0 0 0 0 0 0 0]
[2280184759613201722081596032643701264360719127423737295638049991614071256147777895962575342140855015890364628202079136253960026373425414883712459804337365036470879541056220834846885326747521270928137626519970871701021603145770682139703002109141376101273267431669684411488864485734225397176640608832 0 0 0 0 0 0 0 0 0 0 0 0 0 1 0 0 0 0 0 0 0 0 0 0 0 0 0 0 0 0 0 0 0 0 0 0 0 0 0 0 0 0 0 0 0 0 0 0 0 0 0 0 0 0 0 0 0 0 0 0 0 0 0 0 0 0 0 0 0 0 0 0 0 0 0 0 0 0 0 0 0 0 0 0 0 0 0 0 0 0 0 0 0 0 0 0 0 0]
[2932477521838607311547024334029941044188851187618216900853582058064911527180622540455913089981741191754581719453777804035923816732123536483504678461835518388977692510108340319171008941901956269931248362329020984740632772938861430846441210530475276436890328626939991619814305859492056543204341903219 0 0 0 0 0 0 0 0 0 0 0 0 0 0 1 0 0 0 0 0 0 0 0 0 0 0 0 0 0 0 0 0 0 0 0 0 0 0 0 0 0 0 0 0 0 0 0 0 0 0 0 0 0 0 0 0 0 0 0 0 0 0 0 0 0 0 0 0 0 0 0 0 0 0 0 0 0 0 0 0 0 0 0 0 0 0 0 0 0 0 0 0 0 0 0 0 0 0]
[2630515427886332051125370630408255557938110421373753176032250329132128898718970990188131071761250584021221038155159350601324669431926702321466592704032194439838032005859892706768672991814300783631870825359715312223588500529859771436943938672605002014966489537052946159358989271601408445411939125958 0 0 0 0 0 0 0 0 0 0 0 0 0 0 0 1 0 0 0 0 0 0 0 0 0 0 0 0 0 0 0 0 0 0 0 0 0 0 0 0 0 0 0 0 0 0 0 0 0 0 0 0 0 0 0 0 0 0 0 0 0 0 0 0 0 0 0 0 0 0 0 0 0 0 0 0 0 0 0 0 0 0 0 0 0 0 0 0 0 0 0 0 0 0 0 0 0 0]
[85111548331911518315910994613172784083207295668649849419955613604903488048244573384634335729549792576565520845727572430072437298603569674767385439696266870775669986493429867448170721348040681706615395293267564025784245383241756611734640363246574736463389512547916430638607814102605273143409544041 0 0 0 0 0 0 0 0 0 0 0 0 0 0 0 0 1 0 0 0 0 0 0 0 0 0 0 0 0 0 0 0 0 0 0 0 0 0 0 0 0 0 0 0 0 0 0 0 0 0 0 0 0 0 0 0 0 0 0 0 0 0 0 0 0 0 0 0 0 0 0 0 0 0 0 0 0 0 0 0 0 0 0 0 0 0 0 0 0 0 0 0 0 0 0 0 0 0]
[4828639329661714908532318892283486355930400512604955202187894096978076139295647573664931818111196374563052948345025961562256271729697794354934859169985197745387440885704994329936737938114739384840584757210227969124486452338184662649129567264313380505269916193682504881857177383908008677266538392237 0 0 0 0 0 0 0 0 0 0 0 0 0 0 0 0 0 1 0 0 0 0 0 0 0 0 0 0 0 0 0 0 0 0 0 0 0 0 0 0 0 0 0 0 0 0 0 0 0 0 0 0 0 0 0 0 0 0 0 0 0 0 0 0 0 0 0 0 0 0 0 0 0 0 0 0 0 0 0 0 0 0 0 0 0 0 0 0 0 0 0 0 0 0 0 0 0 0]
[4653585159592926167086518934019065826392986384563841198937368684770617541937547739531624721612910126124014558902584962692896970730512252711908784255919669903308979501011493876156820467854182812931076869781134385281643706503931419283614696888194653353217867346653434410425906377972582284461100517576 0 0 0 0 0 0 0 0 0 0 0 0 0 0 0 0 0 0 1 0 0 0 0 0 0 0 0 0 0 0 0 0 0 0 0 0 0 0 0 0 0 0 0 0 0 0 0 0 0 0 0 0 0 0 0 0 0 0 0 0 0 0 0 0 0 0 0 0 0 0 0 0 0 0 0 0 0 0 0 0 0 0 0 0 0 0 0 0 0 0 0 0 0 0 0 0 0 0]
[4083832662909143125161292040131630310802007955944697849630486744340779403410687365842948682649329326170017854179847568061185725173880388068557398065792838567258736695636385073831083074322763802706499132206932853471724489610528607502384366640838615999645399711129249196116984476534553764095363879332 0 0 0 0 0 0 0 0 0 0 0 0 0 0 0 0 0 0 0 1 0 0 0 0 0 0 0 0 0 0 0 0 0 0 0 0 0 0 0 0 0 0 0 0 0 0 0 0 0 0 0 0 0 0 0 0 0 0 0 0 0 0 0 0 0 0 0 0 0 0 0 0 0 0 0 0 0 0 0 0 0 0 0 0 0 0 0 0 0 0 0 0 0 0 0 0 0 0]
[740505130445782654503713463888796001406571870641900840076087405380515820555092823306366976441887564865857527518732891976978357209173689201365076485775757095081426518382223383830702950236275191381039426462116617132159480411636502247420641064308614382919768071660027266241738368220607209873563936658 0 0 0 0 0 0 0 0 0 0 0 0 0 0 0 0 0 0 0 0 1 0 0 0 0 0 0 0 0 0 0 0 0 0 0 0 0 0 0 0 0 0 0 0 0 0 0 0 0 0 0 0 0 0 0 0 0 0 0 0 0 0 0 0 0 0 0 0 0 0 0 0 0 0 0 0 0 0 0 0 0 0 0 0 0 0 0 0 0 0 0 0 0 0 0 0 0 0]
[3635895359675365601763564092928193301141086044968109106121192007183812172993820997523585327139243499807565118655622125893638806090357456742276938956866639381621037310422561892102592269660467038160688072642450201779641150427566717147462716285785222294294329655327089624197010409073251650445044200307 0 0 0 0 0 0 0 0 0 0 0 0 0 0 0 0 0 0 0 0 0 1 0 0 0 0 0 0 0 0 0 0 0 0 0 0 0 0 0 0 0 0 0 0 0 0 0 0 0 0 0 0 0 0 0 0 0 0 0 0 0 0 0 0 0 0 0 0 0 0 0 0 0 0 0 0 0 0 0 0 0 0 0 0 0 0 0 0 0 0 0 0 0 0 0 0 0 0]
[36327475479028825774058858839483408804957966712051906353481641387863347846537989490160341819403475681973117212038151435712302751328826155465702979916698068164407275982989764078492997386337808169977008319162718459992217742780513357863204447886768372539803582901623691356170940053178724878216538843 0 0 0 0 0 0 0 0 0 0 0 0 0 0 0 0 0 0 0 0 0 0 1 0 0 0 0 0 0 0 0 0 0 0 0 0 0 0 0 0 0 0 0 0 0 0 0 0 0 0 0 0 0 0 0 0 0 0 0 0 0 0 0 0 0 0 0 0 0 0 0 0 0 0 0 0 0 0 0 0 0 0 0 0 0 0 0 0 0 0 0 0 0 0 0 0 0 0]
[2090206427899307957211160848062958835700350354749013816094401586652998057706959447127954727265130013625086352746931800707360093129401025492448476702530098818281125678391576944566946508355102264386782128443512918211959490815607620955264866777672642133411990781022165460185578801521275703950649993305 0 0 0 0 0 0 0 0 0 0 0 0 0 0 0 0 0 0 0 0 0 0 0 1 0 0 0 0 0 0 0 0 0 0 0 0 0 0 0 0 0 0 0 0 0 0 0 0 0 0 0 0 0 0 0 0 0 0 0 0 0 0 0 0 0 0 0 0 0 0 0 0 0 0 0 0 0 0 0 0 0 0 0 0 0 0 0 0 0 0 0 0 0 0 0 0 0 0]
[412834789882257538860298236423699641994258507188817201757394998188151574579031042222955965036752849186991052234833472947638237506428656881733451935145273111472480387633202380269922961117121130397224264265294466211329149079455601348114746260548057937973498103742903340915254690347766666082856965396 0 0 0 0 0 0 0 0 0 0 0 0 0 0 0 0 0 0 0 0 0 0 0 0 1 0 0 0 0 0 0 0 0 0 0 0 0 0 0 0 0 0 0 0 0 0 0 0 0 0 0 0 0 0 0 0 0 0 0 0 0 0 0 0 0 0 0 0 0 0 0 0 0 0 0 0 0 0 0 0 0 0 0 0 0 0 0 0 0 0 0 0 0 0 0 0 0 0]
[67873698492485707553032097361452311823034087232098520330907700361695403739548507454914808851920712998830676297384819579780854477218315492245297637394128075596897166220548966394826179018389209582631645446807253409079013853813800457286890685576304353052072004527968662506895735708070463002392526426 0 0 0 0 0 0 0 0 0 0 0 0 0 0 0 0 0 0 0 0 0 0 0 0 0 1 0 0 0 0 0 0 0 0 0 0 0 0 0 0 0 0 0 0 0 0 0 0 0 0 0 0 0 0 0 0 0 0 0 0 0 0 0 0 0 0 0 0 0 0 0 0 0 0 0 0 0 0 0 0 0 0 0 0 0 0 0 0 0 0 0 0 0 0 0 0 0 0]
[6089709065800226711239336171912973710413143949397890941342644269445298558655187971900771864822508272519574881285635025917941197183476528369239268345327403521772564330275376281281951321703166009843487209366231437029191254534401519828790486801625107138149754478095924855769725755155912596715550203139 0 0 0 0 0 0 0 0 0 0 0 0 0 0 0 0 0 0 0 0 0 0 0 0 0 0 1 0 0 0 0 0 0 0 0 0 0 0 0 0 0 0 0 0 0 0 0 0 0 0 0 0 0 0 0 0 0 0 0 0 0 0 0 0 0 0 0 0 0 0 0 0 0 0 0 0 0 0 0 0 0 0 0 0 0 0 0 0 0 0 0 0 0 0 0 0 0 0]
[6680560956631027608955657383965420481862566996307669618976161137553889281460180817201420966340821162350997268012774996159343700445277549097992556783997291171091747412916328349331613743045067354617329994882027758572549916013326335947270782787744842799029271880336378231321157250284605648468221494976 0 0 0 0 0 0 0 0 0 0 0 0 0 0 0 0 0 0 0 0 0 0 0 0 0 0 0 1 0 0 0 0 0 0 0 0 0 0 0 0 0 0 0 0 0 0 0 0 0 0 0 0 0 0 0 0 0 0 0 0 0 0 0 0 0 0 0 0 0 0 0 0 0 0 0 0 0 0 0 0 0 0 0 0 0 0 0 0 0 0 0 0 0 0 0 0 0 0]
[1407321163294381354091196188876769064665389566883890860227005504271698946394644068985345871068459401977448310437200395135922004094119378357935926238920995486825865267078109384095771496112828380521864074875137374601270415841197846064394299246036996889815042669750553378249941030197926285427345284868 0 0 0 0 0 0 0 0 0 0 0 0 0 0 0 0 0 0 0 0 0 0 0 0 0 0 0 0 1 0 0 0 0 0 0 0 0 0 0 0 0 0 0 0 0 0 0 0 0 0 0 0 0 0 0 0 0 0 0 0 0 0 0 0 0 0 0 0 0 0 0 0 0 0 0 0 0 0 0 0 0 0 0 0 0 0 0 0 0 0 0 0 0 0 0 0 0 0]
[5404972026680705072566998788804974768009530462397172068869648460556079240144591177932572297361227663434652008249750782273726563042658658108834527868872481064535656262693717245662265555931564046392956474794875110084834982540904561308350374621600227371537241424196056929310224935855578621057857042450 0 0 0 0 0 0 0 0 0 0 0 0 0 0 0 0 0 0 0 0 0 0 0 0 0 0 0 0 0 1 0 0 0 0 0 0 0 0 0 0 0 0 0 0 0 0 0 0 0 0 0 0 0 0 0 0 0 0 0 0 0 0 0 0 0 0 0 0 0 0 0 0 0 0 0 0 0 0 0 0 0 0 0 0 0 0 0 0 0 0 0 0 0 0 0 0 0 0]
[5984391247094350671797026756625892247202386039648329617310990220038966853278123887909570957182893324041880289621296931968278256796999654838465839071131413418491335909711443197854098952332570250740031240468875640963486061717813464057639610022272564593329487924421156188233427807686114840125260470849 0 0 0 0 0 0 0 0 0 0 0 0 0 0 0 0 0 0 0 0 0 0 0 0 0 0 0 0 0 0 1 0 0 0 0 0 0 0 0 0 0 0 0 0 0 0 0 0 0 0 0 0 0 0 0 0 0 0 0 0 0 0 0 0 0 0 0 0 0 0 0 0 0 0 0 0 0 0 0 0 0 0 0 0 0 0 0 0 0 0 0 0 0 0 0 0 0 0]
[1218088714372134270605354493020834335388966250238234304195579690582479588442107957333655892615539316645062451426920261675014308423409102400903005405451767843915223872527148115608605996353670214844824134646652979029359317580235561706650615337529228159789258220513507828019712933684166177896382536163 0 0 0 0 0 0 0 0 0 0 0 0 0 0 0 0 0 0 0 0 0 0 0 0 0 0 0 0 0 0 0 1 0 0 0 0 0 0 0 0 0 0 0 0 0 0 0 0 0 0 0 0 0 0 0 0 0 0 0 0 0 0 0 0 0 0 0 0 0 0 0 0 0 0 0 0 0 0 0 0 0 0 0 0 0 0 0 0 0 0 0 0 0 0 0 0 0 0]
[4798687283970735138745792504769288473601855097312588780912574858353130073033709357544178533098561847303488131025668461595081906296299220827409917620695253596112477709709320963584871509484367247076806335818183848788846367020952700523208605442261612056826070740663811325978443045695722681865200434329 0 0 0 0 0 0 0 0 0 0 0 0 0 0 0 0 0 0 0 0 0 0 0 0 0 0 0 0 0 0 0 0 1 0 0 0 0 0 0 0 0 0 0 0 0 0 0 0 0 0 0 0 0 0 0 0 0 0 0 0 0 0 0 0 0 0 0 0 0 0 0 0 0 0 0 0 0 0 0 0 0 0 0 0 0 0 0 0 0 0 0 0 0 0 0 0 0 0]
[1454769995588156140710294552511966854565961794200871155396126588883257740756837956409030093992806886534605010806004058845396598460532824592653625866234209080682056167710018647181322880567720393140650406546309464654117190723104107833499736341182500862234998044413243801522927546177374952710572919383 0 0 0 0 0 0 0 0 0 0 0 0 0 0 0 0 0 0 0 0 0 0 0 0 0 0 0 0 0 0 0 0 0 1 0 0 0 0 0 0 0 0 0 0 0 0 0 0 0 0 0 0 0 0 0 0 0 0 0 0 0 0 0 0 0 0 0 0 0 0 0 0 0 0 0 0 0 0 0 0 0 0 0 0 0 0 0 0 0 0 0 0 0 0 0 0 0 0]
[4563951006048674020527250849291273701685018049195086938413104740301809402309823199695978236280969172970157992549303524203514701511308190785115805850272940793376778090911543534784214234738833518208970647260731041141488392573204168180523683305668200052056095384783592899324045553059461572489964979995 0 0 0 0 0 0 0 0 0 0 0 0 0 0 0 0 0 0 0 0 0 0 0 0 0 0 0 0 0 0 0 0 0 0 1 0 0 0 0 0 0 0 0 0 0 0 0 0 0 0 0 0 0 0 0 0 0 0 0 0 0 0 0 0 0 0 0 0 0 0 0 0 0 0 0 0 0 0 0 0 0 0 0 0 0 0 0 0 0 0 0 0 0 0 0 0 0 0]
[3550068809156451836798822493586356776123486919373622893851406877541399865597440520738987568990453669547031665983887708009769534175213508910203695729949751466217192140113207562515991639568212677644034907189658355479957724777150914590627457528160720480034660445082871215173334395762602222070232561800 0 0 0 0 0 0 0 0 0 0 0 0 0 0 0 0 0 0 0 0 0 0 0 0 0 0 0 0 0 0 0 0 0 0 0 1 0 0 0 0 0 0 0 0 0 0 0 0 0 0 0 0 0 0 0 0 0 0 0 0 0 0 0 0 0 0 0 0 0 0 0 0 0 0 0 0 0 0 0 0 0 0 0 0 0 0 0 0 0 0 0 0 0 0 0 0 0 0]
[1664867050014996217320333460793100522123702367450341965154630096746162826853385095419979624204577974730624538302813986179273357709158433676090990820824773840138562756020774249298368390892897880452504317896171725370084738904705735587909314027490289503926024549221034292433115265415693548305468390579 0 0 0 0 0 0 0 0 0 0 0 0 0 0 0 0 0 0 0 0 0 0 0 0 0 0 0 0 0 0 0 0 0 0 0 0 1 0 0 0 0 0 0 0 0 0 0 0 0 0 0 0 0 0 0 0 0 0 0 0 0 0 0 0 0 0 0 0 0 0 0 0 0 0 0 0 0 0 0 0 0 0 0 0 0 0 0 0 0 0 0 0 0 0 0 0 0 0]
[2305536349772965821072846012142424826531864650640046797200402805426784235653430567654420932311829629731975181440701079729671087058225562275587914833117948155243190876653043723795637340794779919605786421092324732258615163393674649427495065256387943507714318894853475630411933911714397264290232513566 0 0 0 0 0 0 0 0 0 0 0 0 0 0 0 0 0 0 0 0 0 0 0 0 0 0 0 0 0 0 0 0 0 0 0 0 0 1 0 0 0 0 0 0 0 0 0 0 0 0 0 0 0 0 0 0 0 0 0 0 0 0 0 0 0 0 0 0 0 0 0 0 0 0 0 0 0 0 0 0 0 0 0 0 0 0 0 0 0 0 0 0 0 0 0 0 0 0]
[5754890709143183585865527810139103856394448561608201041265030751549392465123291965980741730361019629171107034716672436844784430531309071457932647824050834752259215526238907685705946109375386819362513032198300427785019126052481187565725006316725842176361855666723059643920113108267677777890855201365 0 0 0 0 0 0 0 0 0 0 0 0 0 0 0 0 0 0 0 0 0 0 0 0 0 0 0 0 0 0 0 0 0 0 0 0 0 0 1 0 0 0 0 0 0 0 0 0 0 0 0 0 0 0 0 0 0 0 0 0 0 0 0 0 0 0 0 0 0 0 0 0 0 0 0 0 0 0 0 0 0 0 0 0 0 0 0 0 0 0 0 0 0 0 0 0 0 0]
[2263445930684167187782366388130551375629701461385886000403809307071119593020444919445156908149943127321524518343857993671707445662510601904847869484931700400910569591031656809755576080023022057603811230118902051298205244902910903212652692368289736144289345788357233822021353497792083368775791973791 0 0 0 0 0 0 0 0 0 0 0 0 0 0 0 0 0 0 0 0 0 0 0 0 0 0 0 0 0 0 0 0 0 0 0 0 0 0 0 1 0 0 0 0 0 0 0 0 0 0 0 0 0 0 0 0 0 0 0 0 0 0 0 0 0 0 0 0 0 0 0 0 0 0 0 0 0 0 0 0 0 0 0 0 0 0 0 0 0 0 0 0 0 0 0 0 0 0]
[6755954634462057975882468846302854024447752556583446719691569018514477106440359398372948919185445153137560019102082717195252286978715993225605836543658240934129062251546814795607688931609061393308823151101072038381327038847224165561874519059718977560573188667429458967453503454019342478777438717033 0 0 0 0 0 0 0 0 0 0 0 0 0 0 0 0 0 0 0 0 0 0 0 0 0 0 0 0 0 0 0 0 0 0 0 0 0 0 0 0 1 0 0 0 0 0 0 0 0 0 0 0 0 0 0 0 0 0 0 0 0 0 0 0 0 0 0 0 0 0 0 0 0 0 0 0 0 0 0 0 0 0 0 0 0 0 0 0 0 0 0 0 0 0 0 0 0 0]
[1872818954102634654746989651081026752891609797911484821507634865904151775380731963560409879902592790705153539077459204231103326193232138640901339276045068715897358487844421915481336889542460107806441419287061855092535004542655818446319592092273446854677568370148323406983792568607582570248711367846 0 0 0 0 0 0 0 0 0 0 0 0 0 0 0 0 0 0 0 0 0 0 0 0 0 0 0 0 0 0 0 0 0 0 0 0 0 0 0 0 0 1 0 0 0 0 0 0 0 0 0 0 0 0 0 0 0 0 0 0 0 0 0 0 0 0 0 0 0 0 0 0 0 0 0 0 0 0 0 0 0 0 0 0 0 0 0 0 0 0 0 0 0 0 0 0 0 0]
[4624858711530519673607235261824969853113561367148091499305623570093215780698740541052199421955501941585264540353026351356080383976161945332984844589444587490956253696689645910536954582456247718651484413295741092494117323422337993188534854458388585950877908210477155791052412230084023381232477719640 0 0 0 0 0 0 0 0 0 0 0 0 0 0 0 0 0 0 0 0 0 0 0 0 0 0 0 0 0 0 0 0 0 0 0 0 0 0 0 0 0 0 1 0 0 0 0 0 0 0 0 0 0 0 0 0 0 0 0 0 0 0 0 0 0 0 0 0 0 0 0 0 0 0 0 0 0 0 0 0 0 0 0 0 0 0 0 0 0 0 0 0 0 0 0 0 0 0]
[6769576228598514462848137032483298231397656974210878775081411326700621361065248808801507551585629261750173958478462248500270842832596109648313439122529077791638459832195529313308700295559873673844049063665812686004950896058577658050578309068491488386388289684846137084841324888608295791493123424975 0 0 0 0 0 0 0 0 0 0 0 0 0 0 0 0 0 0 0 0 0 0 0 0 0 0 0 0 0 0 0 0 0 0 0 0 0 0 0 0 0 0 0 1 0 0 0 0 0 0 0 0 0 0 0 0 0 0 0 0 0 0 0 0 0 0 0 0 0 0 0 0 0 0 0 0 0 0 0 0 0 0 0 0 0 0 0 0 0 0 0 0 0 0 0 0 0 0]
[1772284219472820431826999557378753896910173147034969415018510860514830169241920599838957323914354417432894442539215671811974686167170612508081525709505874104136115060599783036230222484699501644571359047276468034501186869842690188584358155534213814485131966968108392550038388538607611113579342157196 0 0 0 0 0 0 0 0 0 0 0 0 0 0 0 0 0 0 0 0 0 0 0 0 0 0 0 0 0 0 0 0 0 0 0 0 0 0 0 0 0 0 0 0 1 0 0 0 0 0 0 0 0 0 0 0 0 0 0 0 0 0 0 0 0 0 0 0 0 0 0 0 0 0 0 0 0 0 0 0 0 0 0 0 0 0 0 0 0 0 0 0 0 0 0 0 0 0]
[4103738522153359813856187990151243735783828215212827804138199743921023869051396827233231349972577758614140325545858077024116115190609408520620762068886170771446829218109118759938871634955386484445393617318765939626216991005006876811903850613730434005676165885971808529973036776250735529288794169864 0 0 0 0 0 0 0 0 0 0 0 0 0 0 0 0 0 0 0 0 0 0 0 0 0 0 0 0 0 0 0 0 0 0 0 0 0 0 0 0 0 0 0 0 0 1 0 0 0 0 0 0 0 0 0 0 0 0 0 0 0 0 0 0 0 0 0 0 0 0 0 0 0 0 0 0 0 0 0 0 0 0 0 0 0 0 0 0 0 0 0 0 0 0 0 0 0 0]
[2751267316641160261511891886170579330989527071479311352919140223449271248231740592151210725368125111956642133066966217289286308124189705263434290131976850672179887543169261055404046414841288229966116586275484111319300931643488383390562525056755540308349612330114758974730267243647083220330937509569 0 0 0 0 0 0 0 0 0 0 0 0 0 0 0 0 0 0 0 0 0 0 0 0 0 0 0 0 0 0 0 0 0 0 0 0 0 0 0 0 0 0 0 0 0 0 1 0 0 0 0 0 0 0 0 0 0 0 0 0 0 0 0 0 0 0 0 0 0 0 0 0 0 0 0 0 0 0 0 0 0 0 0 0 0 0 0 0 0 0 0 0 0 0 0 0 0 0]
[2520853960900217914488850672053332752790674244519723261983644679695970641721112505091943439477395191505543895167869109592193740485066316398104357932024407893140832017097145962705504980189951474491089709013132433166264789812739711360769944383854224716507356629532398573936737301620903542364197314177 0 0 0 0 0 0 0 0 0 0 0 0 0 0 0 0 0 0 0 0 0 0 0 0 0 0 0 0 0 0 0 0 0 0 0 0 0 0 0 0 0 0 0 0 0 0 0 1 0 0 0 0 0 0 0 0 0 0 0 0 0 0 0 0 0 0 0 0 0 0 0 0 0 0 0 0 0 0 0 0 0 0 0 0 0 0 0 0 0 0 0 0 0 0 0 0 0 0]
[3567498946560175880947916166888444932282470725710008975235830780121564573005822622713120495046040976352627819472012518855077948485719818365843085352562793538010547590450947650911673431939548423192588417314398575113310574881552128188789227218840630574560573925747289016248512755044798350136550604359 0 0 0 0 0 0 0 0 0 0 0 0 0 0 0 0 0 0 0 0 0 0 0 0 0 0 0 0 0 0 0 0 0 0 0 0 0 0 0 0 0 0 0 0 0 0 0 0 1 0 0 0 0 0 0 0 0 0 0 0 0 0 0 0 0 0 0 0 0 0 0 0 0 0 0 0 0 0 0 0 0 0 0 0 0 0 0 0 0 0 0 0 0 0 0 0 0 0]
[5889587020500903258541840684456734390226408359192596060862003186665007418630811412198465112938437031826154661943149781804900579019240658679743811660861968476464242561931601324313260955687201315846046901559498238188497147289011414519601354593851247175814405355651140130453545399538558393937047353139 0 0 0 0 0 0 0 0 0 0 0 0 0 0 0 0 0 0 0 0 0 0 0 0 0 0 0 0 0 0 0 0 0 0 0 0 0 0 0 0 0 0 0 0 0 0 0 0 0 1 0 0 0 0 0 0 0 0 0 0 0 0 0 0 0 0 0 0 0 0 0 0 0 0 0 0 0 0 0 0 0 0 0 0 0 0 0 0 0 0 0 0 0 0 0 0 0 0]
[4845695538033091520999574403484713526225692160952979085712001339613527211619564009234618195264119823218597488097132099753686671240608989059297655446001690866565955900682936384621130895324329096803738694765356427688211899754271917016862224718115467369809385005325981922183997807071899128303229535285 0 0 0 0 0 0 0 0 0 0 0 0 0 0 0 0 0 0 0 0 0 0 0 0 0 0 0 0 0 0 0 0 0 0 0 0 0 0 0 0 0 0 0 0 0 0 0 0 0 0 1 0 0 0 0 0 0 0 0 0 0 0 0 0 0 0 0 0 0 0 0 0 0 0 0 0 0 0 0 0 0 0 0 0 0 0 0 0 0 0 0 0 0 0 0 0 0 0]
[1580343250224336788202017163222679018930861612584714491168086181862614740463439034721476182725476146567360450944057988474753890789110497754542481412362296162002853390813228553957539965680420787540751962809473333387863337905919576965567145798217405091386428439067853689169066320009780340289008410907 0 0 0 0 0 0 0 0 0 0 0 0 0 0 0 0 0 0 0 0 0 0 0 0 0 0 0 0 0 0 0 0 0 0 0 0 0 0 0 0 0 0 0 0 0 0 0 0 0 0 0 1 0 0 0 0 0 0 0 0 0 0 0 0 0 0 0 0 0 0 0 0 0 0 0 0 0 0 0 0 0 0 0 0 0 0 0 0 0 0 0 0 0 0 0 0 0 0]
[1144514037537743896776800376531303646808360904803460723078114261802197773099658381228204971477764824956443139160038567879241290559980066888084147547769556896240705854133495886189303927616998282538080277256314272723579623671965895146508844381949718045405885993779283982791144119356856976106293663546 0 0 0 0 0 0 0 0 0 0 0 0 0 0 0 0 0 0 0 0 0 0 0 0 0 0 0 0 0 0 0 0 0 0 0 0 0 0 0 0 0 0 0 0 0 0 0 0 0 0 0 0 1 0 0 0 0 0 0 0 0 0 0 0 0 0 0 0 0 0 0 0 0 0 0 0 0 0 0 0 0 0 0 0 0 0 0 0 0 0 0 0 0 0 0 0 0 0]
[3799266838700625250515363980960493690585938333078122570096569891072037671419167759218302313868402014258780898824859927540398644116445008236052335551239432005760024940178952567300410451770659551875044028211300275639665850120407060366113208409429755583321342577252440645557326464314358462639384219972 0 0 0 0 0 0 0 0 0 0 0 0 0 0 0 0 0 0 0 0 0 0 0 0 0 0 0 0 0 0 0 0 0 0 0 0 0 0 0 0 0 0 0 0 0 0 0 0 0 0 0 0 0 1 0 0 0 0 0 0 0 0 0 0 0 0 0 0 0 0 0 0 0 0 0 0 0 0 0 0 0 0 0 0 0 0 0 0 0 0 0 0 0 0 0 0 0 0]
[5370280967070880188119697173845535221114293265856627779164861250477690277613803320136084508794874120608333880088998693671092451542694268980685863391985163209080548799193813871384493109120818352738989613493810500587788250918722325102608113817385192867839837929749854488345694611704392531663943020251 0 0 0 0 0 0 0 0 0 0 0 0 0 0 0 0 0 0 0 0 0 0 0 0 0 0 0 0 0 0 0 0 0 0 0 0 0 0 0 0 0 0 0 0 0 0 0 0 0 0 0 0 0 0 1 0 0 0 0 0 0 0 0 0 0 0 0 0 0 0 0 0 0 0 0 0 0 0 0 0 0 0 0 0 0 0 0 0 0 0 0 0 0 0 0 0 0 0]
[6530053403188411724458731869028623483056611547697506318992843734432730414410812678239962776379801888178743240726943744156937220612351206369706890416774208444493823134963768759594098596711882191124323348654912514690952251590233042578213138808894739759126727421149879068403212660798124436178148609918 0 0 0 0 0 0 0 0 0 0 0 0 0 0 0 0 0 0 0 0 0 0 0 0 0 0 0 0 0 0 0 0 0 0 0 0 0 0 0 0 0 0 0 0 0 0 0 0 0 0 0 0 0 0 0 1 0 0 0 0 0 0 0 0 0 0 0 0 0 0 0 0 0 0 0 0 0 0 0 0 0 0 0 0 0 0 0 0 0 0 0 0 0 0 0 0 0 0]
[3674426165829762952265091312733696182403613840767976713770868965465234556389417399925350711630112392031884279458634684844195116883265903505223709319305376589962626090278147129467604088481654119694924947534456114079950606176826246679872452146499428481081426975301881509156507376324145678093224763578 0 0 0 0 0 0 0 0 0 0 0 0 0 0 0 0 0 0 0 0 0 0 0 0 0 0 0 0 0 0 0 0 0 0 0 0 0 0 0 0 0 0 0 0 0 0 0 0 0 0 0 0 0 0 0 0 1 0 0 0 0 0 0 0 0 0 0 0 0 0 0 0 0 0 0 0 0 0 0 0 0 0 0 0 0 0 0 0 0 0 0 0 0 0 0 0 0 0]
[3527194301446438189833957957187920133865942166066783741796688111222766522116092759424433105597930099168419767489381179982297076810766987665810717559964114221148651349718750987720935609654026691869210924119811079095144961386918439793674996906461812719325261982520458924747411398263334467694850111571 0 0 0 0 0 0 0 0 0 0 0 0 0 0 0 0 0 0 0 0 0 0 0 0 0 0 0 0 0 0 0 0 0 0 0 0 0 0 0 0 0 0 0 0 0 0 0 0 0 0 0 0 0 0 0 0 0 1 0 0 0 0 0 0 0 0 0 0 0 0 0 0 0 0 0 0 0 0 0 0 0 0 0 0 0 0 0 0 0 0 0 0 0 0 0 0 0 0]
[1544793949976052296648284373249442897075851313792901383404172167225766368740917425248252017228076651183423968327007844664204934550289640769479271864595523299872817708780046578265042465464538165320300321437553463327475477607025995769309192489724881120374556528373590907977368984871201019088490517548 0 0 0 0 0 0 0 0 0 0 0 0 0 0 0 0 0 0 0 0 0 0 0 0 0 0 0 0 0 0 0 0 0 0 0 0 0 0 0 0 0 0 0 0 0 0 0 0 0 0 0 0 0 0 0 0 0 0 1 0 0 0 0 0 0 0 0 0 0 0 0 0 0 0 0 0 0 0 0 0 0 0 0 0 0 0 0 0 0 0 0 0 0 0 0 0 0 0]
[1284369107115531273025167813091719143764993340364362124865564892228960032943660930890125271959981905537884784203738609252413185128927888197589558085155977520591108328449169509625931823075483714596107087700063914337947039183877544760100567589211108505425398331834172256295355800088765354090162599745 0 0 0 0 0 0 0 0 0 0 0 0 0 0 0 0 0 0 0 0 0 0 0 0 0 0 0 0 0 0 0 0 0 0 0 0 0 0 0 0 0 0 0 0 0 0 0 0 0 0 0 0 0 0 0 0 0 0 0 1 0 0 0 0 0 0 0 0 0 0 0 0 0 0 0 0 0 0 0 0 0 0 0 0 0 0 0 0 0 0 0 0 0 0 0 0 0 0]
[2901616639686129647885604345976326820047582989552401869521743768984044469347719093807616290236407073807597688222253019841808181980729189282605809542813833177641964586763542992404445251119013338892320103574034167576284123686416884854406548883241058595257581395725083516097449582391161915525787692971 0 0 0 0 0 0 0 0 0 0 0 0 0 0 0 0 0 0 0 0 0 0 0 0 0 0 0 0 0 0 0 0 0 0 0 0 0 0 0 0 0 0 0 0 0 0 0 0 0 0 0 0 0 0 0 0 0 0 0 0 1 0 0 0 0 0 0 0 0 0 0 0 0 0 0 0 0 0 0 0 0 0 0 0 0 0 0 0 0 0 0 0 0 0 0 0 0 0]
[4456982311529262711767813677284602894466521222987255135188455885732029116591691049701064616024633835656393531623067082589002999773824938826522875365364607094689702200430046232693972408138726749145185135620400919160545794009869710863380042052797719228433006764073445145925744474889772461261691479232 0 0 0 0 0 0 0 0 0 0 0 0 0 0 0 0 0 0 0 0 0 0 0 0 0 0 0 0 0 0 0 0 0 0 0 0 0 0 0 0 0 0 0 0 0 0 0 0 0 0 0 0 0 0 0 0 0 0 0 0 0 1 0 0 0 0 0 0 0 0 0 0 0 0 0 0 0 0 0 0 0 0 0 0 0 0 0 0 0 0 0 0 0 0 0 0 0 0]
[6776582508341568044848701512228319401739737450387729553250885957180626546129607100317947459142764274037501208084935421642101888473557147342412984457690177671696615921974806143404010056844668940908368053182911696479284242282950392979347931629340405104902963915184532529831581069051409786007822615067 0 0 0 0 0 0 0 0 0 0 0 0 0 0 0 0 0 0 0 0 0 0 0 0 0 0 0 0 0 0 0 0 0 0 0 0 0 0 0 0 0 0 0 0 0 0 0 0 0 0 0 0 0 0 0 0 0 0 0 0 0 0 1 0 0 0 0 0 0 0 0 0 0 0 0 0 0 0 0 0 0 0 0 0 0 0 0 0 0 0 0 0 0 0 0 0 0 0]
[3024369068314444484867432010286048273399031712903630678442907832346122261903876654263565396204474195391573991862171267688657215816619636126940061382051219120646622847874823976153026311209973137051712341683228766453930932910924758445604914368983733741089892392120876863554719073348338683527687037810 0 0 0 0 0 0 0 0 0 0 0 0 0 0 0 0 0 0 0 0 0 0 0 0 0 0 0 0 0 0 0 0 0 0 0 0 0 0 0 0 0 0 0 0 0 0 0 0 0 0 0 0 0 0 0 0 0 0 0 0 0 0 0 1 0 0 0 0 0 0 0 0 0 0 0 0 0 0 0 0 0 0 0 0 0 0 0 0 0 0 0 0 0 0 0 0 0 0]
[6842316808241638184678102048295367698328577257912096575173434019011654157846204881119330155443150013208997774535638031719682926708950785021945620326772834497153273637918304381450644757257854944909764725564893008191529350371347742550212319344766754405714152600946945472435341675492156064911047977244 0 0 0 0 0 0 0 0 0 0 0 0 0 0 0 0 0 0 0 0 0 0 0 0 0 0 0 0 0 0 0 0 0 0 0 0 0 0 0 0 0 0 0 0 0 0 0 0 0 0 0 0 0 0 0 0 0 0 0 0 0 0 0 0 1 0 0 0 0 0 0 0 0 0 0 0 0 0 0 0 0 0 0 0 0 0 0 0 0 0 0 0 0 0 0 0 0 0]
[7148485953757359780570147399582088354848492837508556304017412023595463260658560467267032949184882368687676779922625202924111192054413200202265416611963112152029671289882411632385151986260006830268382178372434210088686556502885490199451807558524541131170376284443653195785142089138199730549587548742 0 0 0 0 0 0 0 0 0 0 0 0 0 0 0 0 0 0 0 0 0 0 0 0 0 0 0 0 0 0 0 0 0 0 0 0 0 0 0 0 0 0 0 0 0 0 0 0 0 0 0 0 0 0 0 0 0 0 0 0 0 0 0 0 0 1 0 0 0 0 0 0 0 0 0 0 0 0 0 0 0 0 0 0 0 0 0 0 0 0 0 0 0 0 0 0 0 0]
[5243036362928900434180618435725391081103903184692498973330706577302751985271539143472484823573653241292111858444533750460710578552738961528023825204681203712709905952641852729324517515791996423834306903059280076109767784819549566634501654447498797548419631021165220299741615729507513938721868007091 0 0 0 0 0 0 0 0 0 0 0 0 0 0 0 0 0 0 0 0 0 0 0 0 0 0 0 0 0 0 0 0 0 0 0 0 0 0 0 0 0 0 0 0 0 0 0 0 0 0 0 0 0 0 0 0 0 0 0 0 0 0 0 0 0 0 1 0 0 0 0 0 0 0 0 0 0 0 0 0 0 0 0 0 0 0 0 0 0 0 0 0 0 0 0 0 0 0]
[6501230016995215009876901585374145670179454974402376896327978270489801841742605831058419091523792312118111029826425786839047610532343751154318768988695504823999959113148196042359016389933375495596588897345509190051597110459405057577108307997941988176091566026804507404449176708267334622848530706583 0 0 0 0 0 0 0 0 0 0 0 0 0 0 0 0 0 0 0 0 0 0 0 0 0 0 0 0 0 0 0 0 0 0 0 0 0 0 0 0 0 0 0 0 0 0 0 0 0 0 0 0 0 0 0 0 0 0 0 0 0 0 0 0 0 0 0 1 0 0 0 0 0 0 0 0 0 0 0 0 0 0 0 0 0 0 0 0 0 0 0 0 0 0 0 0 0 0]
[6165125806440622336233395244512543575090122150683752873821097350581530650652578795032053340118393710861027168247138598806137593874303302380316220006884922836925204002797148482016500923363166856808218377927863965822979402922082781993722310593728593023259012631440113712768105596955558945010666660379 0 0 0 0 0 0 0 0 0 0 0 0 0 0 0 0 0 0 0 0 0 0 0 0 0 0 0 0 0 0 0 0 0 0 0 0 0 0 0 0 0 0 0 0 0 0 0 0 0 0 0 0 0 0 0 0 0 0 0 0 0 0 0 0 0 0 0 0 1 0 0 0 0 0 0 0 0 0 0 0 0 0 0 0 0 0 0 0 0 0 0 0 0 0 0 0 0 0]
[4617228993031096011009881330073336966905535311624194577667720653781157616045221067835834345684207577892603097920557088716394804949849093112982105916653649106635372508920601469965934159074416908734876558973537052638718995190351547313519424898091321865208095977157691395442391973956375756588965956609 0 0 0 0 0 0 0 0 0 0 0 0 0 0 0 0 0 0 0 0 0 0 0 0 0 0 0 0 0 0 0 0 0 0 0 0 0 0 0 0 0 0 0 0 0 0 0 0 0 0 0 0 0 0 0 0 0 0 0 0 0 0 0 0 0 0 0 0 0 1 0 0 0 0 0 0 0 0 0 0 0 0 0 0 0 0 0 0 0 0 0 0 0 0 0 0 0 0]
[6383141210805388802622991330247604925107942039934599945664050479084860980517240874547155218553033949321025034576621428426067031811000387770711553321701700554818700886202519022153137087602523034264850277513930058345233513879499154018026462089757903139220610402841381910814378632372753086679948056457 0 0 0 0 0 0 0 0 0 0 0 0 0 0 0 0 0 0 0 0 0 0 0 0 0 0 0 0 0 0 0 0 0 0 0 0 0 0 0 0 0 0 0 0 0 0 0 0 0 0 0 0 0 0 0 0 0 0 0 0 0 0 0 0 0 0 0 0 0 0 1 0 0 0 0 0 0 0 0 0 0 0 0 0 0 0 0 0 0 0 0 0 0 0 0 0 0 0]
[1903640284714179158554858796808189477455165204877002866417100514558847380509705614430644786268554606700777659237962440342455887355565672795046322354984605277802025278149395211122624225818373335994584646520150944675918444831075199959284610579282138060087907459111338204649435541503679863717089447466 0 0 0 0 0 0 0 0 0 0 0 0 0 0 0 0 0 0 0 0 0 0 0 0 0 0 0 0 0 0 0 0 0 0 0 0 0 0 0 0 0 0 0 0 0 0 0 0 0 0 0 0 0 0 0 0 0 0 0 0 0 0 0 0 0 0 0 0 0 0 0 1 0 0 0 0 0 0 0 0 0 0 0 0 0 0 0 0 0 0 0 0 0 0 0 0 0 0]
[1895843429626216298540254969331289437603628401619277252740050606059397761665593060310314143863769228502988521355388902754899354567013090303740537917675272863622929732328696015527997069785611785314938132674217728206950096819805383963512335849858050486301651711527563580297978547052694658885588668378 0 0 0 0 0 0 0 0 0 0 0 0 0 0 0 0 0 0 0 0 0 0 0 0 0 0 0 0 0 0 0 0 0 0 0 0 0 0 0 0 0 0 0 0 0 0 0 0 0 0 0 0 0 0 0 0 0 0 0 0 0 0 0 0 0 0 0 0 0 0 0 0 1 0 0 0 0 0 0 0 0 0 0 0 0 0 0 0 0 0 0 0 0 0 0 0 0 0]
[2088661198183862438968365438671383694863245719004298206518508176396876547866027464251921479241738270727424973814252910949772522630748762020864916002238313785588489695028847039967641135631339560796233778674677411195469366263315035680780472684505652633097317545811192640708868433308304948998965029368 0 0 0 0 0 0 0 0 0 0 0 0 0 0 0 0 0 0 0 0 0 0 0 0 0 0 0 0 0 0 0 0 0 0 0 0 0 0 0 0 0 0 0 0 0 0 0 0 0 0 0 0 0 0 0 0 0 0 0 0 0 0 0 0 0 0 0 0 0 0 0 0 0 1 0 0 0 0 0 0 0 0 0 0 0 0 0 0 0 0 0 0 0 0 0 0 0 0]
[2840695086060298297629551301890515905242412839862187858192788628678777495517061876003516870846803688210390328064902764421671598364445376372227617398832773050124492949347681985263366478502778428329667952390318136577602866997580917939680741977691418074017938278915855735554496228966670725398240999893 0 0 0 0 0 0 0 0 0 0 0 0 0 0 0 0 0 0 0 0 0 0 0 0 0 0 0 0 0 0 0 0 0 0 0 0 0 0 0 0 0 0 0 0 0 0 0 0 0 0 0 0 0 0 0 0 0 0 0 0 0 0 0 0 0 0 0 0 0 0 0 0 0 0 1 0 0 0 0 0 0 0 0 0 0 0 0 0 0 0 0 0 0 0 0 0 0 0]
[6874453090299018947865491638566931219469591742065479555250252892427434479540410463807492815236542927613063099643231315409357645114816055000037956189951232172194289156365196242807070836010619531383189419769761279963741130972721093708757064152741132060630113473123862938455494254756158141315441055737 0 0 0 0 0 0 0 0 0 0 0 0 0 0 0 0 0 0 0 0 0 0 0 0 0 0 0 0 0 0 0 0 0 0 0 0 0 0 0 0 0 0 0 0 0 0 0 0 0 0 0 0 0 0 0 0 0 0 0 0 0 0 0 0 0 0 0 0 0 0 0 0 0 0 0 1 0 0 0 0 0 0 0 0 0 0 0 0 0 0 0 0 0 0 0 0 0 0]
[1714158512953283965242079218760290430460753079188786868628969776070072219712290484405812731245034197631666798076089253921393569016194441229926342357579253407258547389176708882539928076572789356163430283984920382277204029708396893085340154850054354629486443892075891512591374006810236300801062900665 0 0 0 0 0 0 0 0 0 0 0 0 0 0 0 0 0 0 0 0 0 0 0 0 0 0 0 0 0 0 0 0 0 0 0 0 0 0 0 0 0 0 0 0 0 0 0 0 0 0 0 0 0 0 0 0 0 0 0 0 0 0 0 0 0 0 0 0 0 0 0 0 0 0 0 0 1 0 0 0 0 0 0 0 0 0 0 0 0 0 0 0 0 0 0 0 0 0]
[405483179940361278894200669298459390278109374090162746175070172061785688559742227534058735768697786050584241637862225237839698189154111574003255578051928318775995427603083948407620228054944460328941632258400464914772063072543107601826555035444414181119265272539594916500335871315371098154381418693 0 0 0 0 0 0 0 0 0 0 0 0 0 0 0 0 0 0 0 0 0 0 0 0 0 0 0 0 0 0 0 0 0 0 0 0 0 0 0 0 0 0 0 0 0 0 0 0 0 0 0 0 0 0 0 0 0 0 0 0 0 0 0 0 0 0 0 0 0 0 0 0 0 0 0 0 0 1 0 0 0 0 0 0 0 0 0 0 0 0 0 0 0 0 0 0 0 0]
[5124908413282550009047250211876485580844840612210348128681678734819064754542440655137349466581121686952243454349665297727573800432538777210131739868935492096582330314780797999149135155983985745218321165622503698390096195328216407340045396622527316856709785632723122863999683027377412921053626209053 0 0 0 0 0 0 0 0 0 0 0 0 0 0 0 0 0 0 0 0 0 0 0 0 0 0 0 0 0 0 0 0 0 0 0 0 0 0 0 0 0 0 0 0 0 0 0 0 0 0 0 0 0 0 0 0 0 0 0 0 0 0 0 0 0 0 0 0 0 0 0 0 0 0 0 0 0 0 1 0 0 0 0 0 0 0 0 0 0 0 0 0 0 0 0 0 0 0]
[3301909153114194565459806989647565180666918860372986252749866718506043961237510760948902039850352691641924429860523713836717107753402395445804860940596185634593599176381725850274036401447150329796798542226236149489122181221168933361136334503779636203455079762002103365758293505205181185708516799807 0 0 0 0 0 0 0 0 0 0 0 0 0 0 0 0 0 0 0 0 0 0 0 0 0 0 0 0 0 0 0 0 0 0 0 0 0 0 0 0 0 0 0 0 0 0 0 0 0 0 0 0 0 0 0 0 0 0 0 0 0 0 0 0 0 0 0 0 0 0 0 0 0 0 0 0 0 0 0 1 0 0 0 0 0 0 0 0 0 0 0 0 0 0 0 0 0 0]
[6171061868992683224327631257107294145982389325939841567891254792077977115757380720435510353875870125877822102682686678776859607730027321233198844313572582067635447354040455271821173937064734055365754452077162887995058767331192320518462289355426353553781900043305499741548073250140878788816820442359 0 0 0 0 0 0 0 0 0 0 0 0 0 0 0 0 0 0 0 0 0 0 0 0 0 0 0 0 0 0 0 0 0 0 0 0 0 0 0 0 0 0 0 0 0 0 0 0 0 0 0 0 0 0 0 0 0 0 0 0 0 0 0 0 0 0 0 0 0 0 0 0 0 0 0 0 0 0 0 0 1 0 0 0 0 0 0 0 0 0 0 0 0 0 0 0 0 0]
[4746394336235595720814017880357152577943275437021039801471884945409877827335170063987782377593784695599242835911446386090288373814004316835266345085351750161939838440230614991511476357680392853133241633482680725701189794768737856283646144382218488905130951826050347029551996121877671412150703591845 0 0 0 0 0 0 0 0 0 0 0 0 0 0 0 0 0 0 0 0 0 0 0 0 0 0 0 0 0 0 0 0 0 0 0 0 0 0 0 0 0 0 0 0 0 0 0 0 0 0 0 0 0 0 0 0 0 0 0 0 0 0 0 0 0 0 0 0 0 0 0 0 0 0 0 0 0 0 0 0 0 1 0 0 0 0 0 0 0 0 0 0 0 0 0 0 0 0]
[521104715664726119737711818713595032152495476014684688878720897080360583911150423450574173275425107947517441051160311497957940768470716301963283056377674754717941902539335327118107934173855604090258591077329518962217138396047221878128248499909823338115352976439844008930471093293030457070206320356 0 0 0 0 0 0 0 0 0 0 0 0 0 0 0 0 0 0 0 0 0 0 0 0 0 0 0 0 0 0 0 0 0 0 0 0 0 0 0 0 0 0 0 0 0 0 0 0 0 0 0 0 0 0 0 0 0 0 0 0 0 0 0 0 0 0 0 0 0 0 0 0 0 0 0 0 0 0 0 0 0 0 1 0 0 0 0 0 0 0 0 0 0 0 0 0 0 0]
[1931950188155596237238905219369223002032166508526115173316922620053457527309984831102356797694910917501006636138622451412156606229875287007859061018767874133412502768537194822013717106681361816917495214633175839683726644215145294173673566005446227155911965291077044869934427155596614913995465720928 0 0 0 0 0 0 0 0 0 0 0 0 0 0 0 0 0 0 0 0 0 0 0 0 0 0 0 0 0 0 0 0 0 0 0 0 0 0 0 0 0 0 0 0 0 0 0 0 0 0 0 0 0 0 0 0 0 0 0 0 0 0 0 0 0 0 0 0 0 0 0 0 0 0 0 0 0 0 0 0 0 0 0 1 0 0 0 0 0 0 0 0 0 0 0 0 0 0]
[3733533536477655149547807276737985779334791311801069510005324504496586864481182283020862407575956822718767123624736098597981259467807311230163269457847363100268136947473482799426986659526153578002773112159066592458858673983182201737815943303581335935798674750949180947283458028203346291560897750070 0 0 0 0 0 0 0 0 0 0 0 0 0 0 0 0 0 0 0 0 0 0 0 0 0 0 0 0 0 0 0 0 0 0 0 0 0 0 0 0 0 0 0 0 0 0 0 0 0 0 0 0 0 0 0 0 0 0 0 0 0 0 0 0 0 0 0 0 0 0 0 0 0 0 0 0 0 0 0 0 0 0 0 0 1 0 0 0 0 0 0 0 0 0 0 0 0 0]
[4937653045474218506597574564024098967849207237261064391819359480895394873098194732027874735258550412326770369318600030580068453907702215897112532829343014164374926849531730304691640429854083277047591356354771876180143484168612732920667072693161050818515570023234296502170054575942651290147771112756 0 0 0 0 0 0 0 0 0 0 0 0 0 0 0 0 0 0 0 0 0 0 0 0 0 0 0 0 0 0 0 0 0 0 0 0 0 0 0 0 0 0 0 0 0 0 0 0 0 0 0 0 0 0 0 0 0 0 0 0 0 0 0 0 0 0 0 0 0 0 0 0 0 0 0 0 0 0 0 0 0 0 0 0 0 1 0 0 0 0 0 0 0 0 0 0 0 0]
[5808953737581925682528418827973568633468785011992580231106663375039155420068587141372231145328120050587788628334457202424258582435561966697429309170042519002077430347774237923322744768511249708459937894150153764123682890929958066537267922074939932975666989538662615786883808298118978678907981238687 0 0 0 0 0 0 0 0 0 0 0 0 0 0 0 0 0 0 0 0 0 0 0 0 0 0 0 0 0 0 0 0 0 0 0 0 0 0 0 0 0 0 0 0 0 0 0 0 0 0 0 0 0 0 0 0 0 0 0 0 0 0 0 0 0 0 0 0 0 0 0 0 0 0 0 0 0 0 0 0 0 0 0 0 0 0 1 0 0 0 0 0 0 0 0 0 0 0]
[7021010045581449724730770742048759314517015326652766499396652618493441299025045797338421027523305651199514144480397714882281275566995872531829853246201140555718131216154512359048781710452589191719853019915422530917670102654799246626309487987111468915665004137017032117179261960935300856700183825244 0 0 0 0 0 0 0 0 0 0 0 0 0 0 0 0 0 0 0 0 0 0 0 0 0 0 0 0 0 0 0 0 0 0 0 0 0 0 0 0 0 0 0 0 0 0 0 0 0 0 0 0 0 0 0 0 0 0 0 0 0 0 0 0 0 0 0 0 0 0 0 0 0 0 0 0 0 0 0 0 0 0 0 0 0 0 0 1 0 0 0 0 0 0 0 0 0 0]
[3492486806361063879172660203665582347065064298858489097562549102841902832337096112241351439716009981437338413256992008502109430439726298599930903246776290523544955288182043218185616426967050215447427980500125473924221601007270834883453814199175250627532505235643382600196122677998784594680939145265 0 0 0 0 0 0 0 0 0 0 0 0 0 0 0 0 0 0 0 0 0 0 0 0 0 0 0 0 0 0 0 0 0 0 0 0 0 0 0 0 0 0 0 0 0 0 0 0 0 0 0 0 0 0 0 0 0 0 0 0 0 0 0 0 0 0 0 0 0 0 0 0 0 0 0 0 0 0 0 0 0 0 0 0 0 0 0 0 1 0 0 0 0 0 0 0 0 0]
[5943406724230134005385008269520292223493583687073552924012177879388856520939651529202059622513501963992248394254572785422484792475787731641609201329650300347312186435690264207298324146010221831650986630671693279940107632499806198827793823158292462095607177169938668959990113438775785421903523310757 0 0 0 0 0 0 0 0 0 0 0 0 0 0 0 0 0 0 0 0 0 0 0 0 0 0 0 0 0 0 0 0 0 0 0 0 0 0 0 0 0 0 0 0 0 0 0 0 0 0 0 0 0 0 0 0 0 0 0 0 0 0 0 0 0 0 0 0 0 0 0 0 0 0 0 0 0 0 0 0 0 0 0 0 0 0 0 0 0 1 0 0 0 0 0 0 0 0]
[2931362384590510302871081943752340447922628055264192104671012346805522564077105344830674807972158245072896706601005144935815040537462181000809040653296894714521337072855380461420541501238722404627931767630762536866060682499782006434944328022413045817284816070506661558851804282845785662879942460517 0 0 0 0 0 0 0 0 0 0 0 0 0 0 0 0 0 0 0 0 0 0 0 0 0 0 0 0 0 0 0 0 0 0 0 0 0 0 0 0 0 0 0 0 0 0 0 0 0 0 0 0 0 0 0 0 0 0 0 0 0 0 0 0 0 0 0 0 0 0 0 0 0 0 0 0 0 0 0 0 0 0 0 0 0 0 0 0 0 0 1 0 0 0 0 0 0 0]
[2546513906979499512042545095411905455736255469624558638705623846567973482839769824449919958252843858651332148386366546755510169380992089790256752647877893118124792263519744189577638424603343955434049351319565021562004137141825071637528940177634346980509125453348371837026724505585724343953082198595 0 0 0 0 0 0 0 0 0 0 0 0 0 0 0 0 0 0 0 0 0 0 0 0 0 0 0 0 0 0 0 0 0 0 0 0 0 0 0 0 0 0 0 0 0 0 0 0 0 0 0 0 0 0 0 0 0 0 0 0 0 0 0 0 0 0 0 0 0 0 0 0 0 0 0 0 0 0 0 0 0 0 0 0 0 0 0 0 0 0 0 1 0 0 0 0 0 0]
[3577660828142993288584077214378034528871282446560363193512981983993637006900546919440311767206403680727730406167543069041032969551385191509844762888937069789420407501518464212546909066828272337136965210941400242228112180784838391722264262028293594259595625890307807183555956083239153366615464430706 0 0 0 0 0 0 0 0 0 0 0 0 0 0 0 0 0 0 0 0 0 0 0 0 0 0 0 0 0 0 0 0 0 0 0 0 0 0 0 0 0 0 0 0 0 0 0 0 0 0 0 0 0 0 0 0 0 0 0 0 0 0 0 0 0 0 0 0 0 0 0 0 0 0 0 0 0 0 0 0 0 0 0 0 0 0 0 0 0 0 0 0 1 0 0 0 0 0]
[3675344935848849143913138606640351232102509860195934158548680868343148420765698809827762952186490999949520056158240376111804894607439798288435400113521108870338348146373702038834989036304689646782743446920447681868779505033803501739095010865343742069016930167782224375432782813297695091104725854066 0 0 0 0 0 0 0 0 0 0 0 0 0 0 0 0 0 0 0 0 0 0 0 0 0 0 0 0 0 0 0 0 0 0 0 0 0 0 0 0 0 0 0 0 0 0 0 0 0 0 0 0 0 0 0 0 0 0 0 0 0 0 0 0 0 0 0 0 0 0 0 0 0 0 0 0 0 0 0 0 0 0 0 0 0 0 0 0 0 0 0 0 0 1 0 0 0 0]
[5566730856406908210119587695088021624634329645116344062659487862386767742160930351849724201895790474899696610438134825158953914898431700824480474716414804198919211157412211112620177582017414994866585281147320164884693560182612359765266553239737066590278202761748071021617392246480786028983157626676 0 0 0 0 0 0 0 0 0 0 0 0 0 0 0 0 0 0 0 0 0 0 0 0 0 0 0 0 0 0 0 0 0 0 0 0 0 0 0 0 0 0 0 0 0 0 0 0 0 0 0 0 0 0 0 0 0 0 0 0 0 0 0 0 0 0 0 0 0 0 0 0 0 0 0 0 0 0 0 0 0 0 0 0 0 0 0 0 0 0 0 0 0 0 1 0 0 0]
[2301680623196307031977214699516009478049555857465556736081768595789826441150994853286585942037622597057200165278936358978948069943530237184036235406321616137552145271484014140981966643079779748598952072831682055904338196566365025678762581676703893148173499134869014279134561536819984328490970892790 0 0 0 0 0 0 0 0 0 0 0 0 0 0 0 0 0 0 0 0 0 0 0 0 0 0 0 0 0 0 0 0 0 0 0 0 0 0 0 0 0 0 0 0 0 0 0 0 0 0 0 0 0 0 0 0 0 0 0 0 0 0 0 0 0 0 0 0 0 0 0 0 0 0 0 0 0 0 0 0 0 0 0 0 0 0 0 0 0 0 0 0 0 0 0 1 0 0]
[5483449426842006824764270238651033686620304593410390290390637780269220500792118674775919102898271556789931004719838918584020403240047030210155160119888759107675156728504935635543586909905623721040513137494556804227751947894254969593047354092620605903373681373328427252927435972619943697722104078465 0 0 0 0 0 0 0 0 0 0 0 0 0 0 0 0 0 0 0 0 0 0 0 0 0 0 0 0 0 0 0 0 0 0 0 0 0 0 0 0 0 0 0 0 0 0 0 0 0 0 0 0 0 0 0 0 0 0 0 0 0 0 0 0 0 0 0 0 0 0 0 0 0 0 0 0 0 0 0 0 0 0 0 0 0 0 0 0 0 0 0 0 0 0 0 0 1 0]
[2413123757822411684992495979951531305447375386958421149504166554831655743438291699275859189895401745385177380943619119146490259990145105097416432876350240402105324014360956376161653671481569887102798762923009517279156851270528514760136180065533429043605358258825006003385913549612755392514416377493 0 0 0 0 0 0 0 0 0 0 0 0 0 0 0 0 0 0 0 0 0 0 0 0 0 0 0 0 0 0 0 0 0 0 0 0 0 0 0 0 0 0 0 0 0 0 0 0 0 0 0 0 0 0 0 0 0 0 0 0 0 0 0 0 0 0 0 0 0 0 0 0 0 0 0 0 0 0 0 0 0 0 0 0 0 0 0 0 0 0 0 0 0 0 0 0 0 1]
]
