[[10289188731261375751906171176512861009505182164291550708412250537336100966650245528501886120126843085372275433693594548763047424875145695110642235443007474118424826840719200892468415790545468304393058882098002919102642210870407842681217924613398683446242569733591919928002893987345900021947069847177 0 0 0 0 0 0 0 0 0 0 0 0 0 0 0 0 0 0 0 0 0 0 0 0 0 0 0 0 0 0 0 0 0 0 0 0 0 0 0 0 0 0 0 0 0 0 0 0 0 0 0 0 0 0 0 0 0 0 0 0 0 0 0 0 0 0 0 0 0 0 0 0 0 0 0 0 0 0 0 0 0 0 0 0 0 0 0 0 0 0 0 0 0 0 0 0 0 0]
[5146528700732650713562078610253675705133081391043701478218510047295200313837871581357286452989483101957080588310055369183034771743801831166792214249111203430568131704174602372778560171144751606928234066002873577480812288992569091378792698077027484777887674272555314209431690173479935110021896987628 1 0 0 0 0 0 0 0 0 0 0 0 0 0 0 0 0 0 0 0 0 0 0 0 0 0 0 0 0 0 0 0 0 0 0 0 0 0 0 0 0 0 0 0 0 0 0 0 0 0 0 0 0 0 0 0 0 0 0 0 0 0 0 0 0 0 0 0 0 0 0 0 0 0 0 0 0 0 0 0 0 0 0 0 0 0 0 0 0 0 0 0 0 0 0 0 0 0]
[1847347189246636303833126038950214699182365513083044045263043649823204924035425863343289882122498309177078636551798887734121133667008884260350590478192581067805816207343991622095714032747140430382667671965875092663859665698213125612624505238341250935686146412341858174437633309618019028093851153426 0 1 0 0 0 0 0 0 0 0 0 0 0 0 0 0 0 0 0 0 0 0 0 0 0 0 0 0 0 0 0 0 0 0 0 0 0 0 0 0 0 0 0 0 0 0 0 0 0 0 0 0 0 0 0 0 0 0 0 0 0 0 0 0 0 0 0 0 0 0 0 0 0 0 0 0 0 0 0 0 0 0 0 0 0 0 0 0 0 0 0 0 0 0 0 0 0 0]
[2398810772947969734112225793094194333044684013419146272130032908981453771123252634486651537955695188191309351313313000927001896329058055749358322478689905591870485022884625579103508700728561068971730164389952948879081941062671649748050712166867089613652168964354439725569177842899818067943852510834 0 0 1 0 0 0 0 0 0 0 0 0 0 0 0 0 0 0 0 0 0 0 0 0 0 0 0 0 0 0 0 0 0 0 0 0 0 0 0 0 0 0 0 0 0 0 0 0 0 0 0 0 0 0 0 0 0 0 0 0 0 0 0 0 0 0 0 0 0 0 0 0 0 0 0 0 0 0 0 0 0 0 0 0 0 0 0 0 0 0 0 0 0 0 0 0 0 0]
[889113501017926801479176363322375941656400837114211897445262219977771310801986236508553365965108250016497051481599655507391718326089032286407514351091776677396001619012649255897634040276782247237200333937735210722493003846011770788667448435175093984345045270173624739858477040450867638196525663511 0 0 0 1 0 0 0 0 0 0 0 0 0 0 0 0 0 0 0 0 0 0 0 0 0 0 0 0 0 0 0 0 0 0 0 0 0 0 0 0 0 0 0 0 0 0 0 0 0 0 0 0 0 0 0 0 0 0 0 0 0 0 0 0 0 0 0 0 0 0 0 0 0 0 0 0 0 0 0 0 0 0 0 0 0 0 0 0 0 0 0 0 0 0 0 0 0 0]
[6830841750686815314574189518920744420333231000445719922820359991218587409554314073758394689362148423210619251851937361040378300509916063110417598579385855136451208342285456833169304948464073949207828080617371251321136153804572380634429882609016680736271367033395763603131049985867340698126256264459 0 0 0 0 1 0 0 0 0 0 0 0 0 0 0 0 0 0 0 0 0 0 0 0 0 0 0 0 0 0 0 0 0 0 0 0 0 0 0 0 0 0 0 0 0 0 0 0 0 0 0 0 0 0 0 0 0 0 0 0 0 0 0 0 0 0 0 0 0 0 0 0 0 0 0 0 0 0 0 0 0 0 0 0 0 0 0 0 0 0 0 0 0 0 0 0 0 0]
[8302445395357086596849992106063699314024390717144616519523228611957334697705301561940505443768394576364299043967582544607435388654276009071813724331351342711013464953837352779042928335678263791429955468804192069619275916340983431783887869169685784646214269098703048407648485938730086705371712307168 0 0 0 0 0 1 0 0 0 0 0 0 0 0 0 0 0 0 0 0 0 0 0 0 0 0 0 0 0 0 0 0 0 0 0 0 0 0 0 0 0 0 0 0 0 0 0 0 0 0 0 0 0 0 0 0 0 0 0 0 0 0 0 0 0 0 0 0 0 0 0 0 0 0 0 0 0 0 0 0 0 0 0 0 0 0 0 0 0 0 0 0 0 0 0 0 0 0]
[4413106290452859895453773175813079377111271069711768423525455067501235697690897670702776825104919562954968515174849174454947705837303860387641211521496813936410333092103593531788862954276267297847811944995629075701967886799549989905308328041566010884549708270963133878541200287010091289090113259469 0 0 0 0 0 0 1 0 0 0 0 0 0 0 0 0 0 0 0 0 0 0 0 0 0 0 0 0 0 0 0 0 0 0 0 0 0 0 0 0 0 0 0 0 0 0 0 0 0 0 0 0 0 0 0 0 0 0 0 0 0 0 0 0 0 0 0 0 0 0 0 0 0 0 0 0 0 0 0 0 0 0 0 0 0 0 0 0 0 0 0 0 0 0 0 0 0 0]
[677261195334608278933906744864800306488176762704719905796877243696031924533609719560134425157491737742257766880798274526330801312772829845044577830527328215437523210158738031780217185918190502796264899902464825481779696106786863148026507891004154788682426460150237403701018949883226696726873775932 0 0 0 0 0 0 0 1 0 0 0 0 0 0 0 0 0 0 0 0 0 0 0 0 0 0 0 0 0 0 0 0 0 0 0 0 0 0 0 0 0 0 0 0 0 0 0 0 0 0 0 0 0 0 0 0 0 0 0 0 0 0 0 0 0 0 0 0 0 0 0 0 0 0 0 0 0 0 0 0 0 0 0 0 0 0 0 0 0 0 0 0 0 0 0 0 0 0]
[2732608931861775562392943225776075534929626559351812734383494813671860531886334139094949744359719334473469280601235761706982907709708426035438823251878252104796317269109842387538447805477573207868048976770932275658366639658709739380302600720073198016851563308736251756682663302456404234452167215191 0 0 0 0 0 0 0 0 1 0 0 0 0 0 0 0 0 0 0 0 0 0 0 0 0 0 0 0 0 0 0 0 0 0 0 0 0 0 0 0 0 0 0 0 0 0 0 0 0 0 0 0 0 0 0 0 0 0 0 0 0 0 0 0 0 0 0 0 0 0 0 0 0 0 0 0 0 0 0 0 0 0 0 0 0 0 0 0 0 0 0 0 0 0 0 0 0 0]
[4437878668812947240904656530415234107505927427435225450017500066673113767112851199619784582054753234419952909236623746337675385479216555035792384487417961629089819886427217697424924202108285866786438989150204084438275124456247581913200523598915546283066519943160806158703376782764281387731314386774 0 0 0 0 0 0 0 0 0 1 0 0 0 0 0 0 0 0 0 0 0 0 0 0 0 0 0 0 0 0 0 0 0 0 0 0 0 0 0 0 0 0 0 0 0 0 0 0 0 0 0 0 0 0 0 0 0 0 0 0 0 0 0 0 0 0 0 0 0 0 0 0 0 0 0 0 0 0 0 0 0 0 0 0 0 0 0 0 0 0 0 0 0 0 0 0 0 0]
[10278126344500162229860943746999176276070053564574439382563669013000671721335899934047673280120648760670624795466642268981515900265889511052109833654429634937200883763114536117169952179252866476324625619155764595447063154381351390522899232015683619639143385509425300591790066529007442948009492293278 0 0 0 0 0 0 0 0 0 0 1 0 0 0 0 0 0 0 0 0 0 0 0 0 0 0 0 0 0 0 0 0 0 0 0 0 0 0 0 0 0 0 0 0 0 0 0 0 0 0 0 0 0 0 0 0 0 0 0 0 0 0 0 0 0 0 0 0 0 0 0 0 0 0 0 0 0 0 0 0 0 0 0 0 0 0 0 0 0 0 0 0 0 0 0 0 0 0]
[9739786040360043236325429396447769899640980319458517327348959808612521228450555933234294578459417728151151023564646814271677628026706311968176989508077293504569848105561480475025449819884930634809470089472555726970925097268632096667969091765829076332057573887023000373546723347761945234968610194258 0 0 0 0 0 0 0 0 0 0 0 1 0 0 0 0 0 0 0 0 0 0 0 0 0 0 0 0 0 0 0 0 0 0 0 0 0 0 0 0 0 0 0 0 0 0 0 0 0 0 0 0 0 0 0 0 0 0 0 0 0 0 0 0 0 0 0 0 0 0 0 0 0 0 0 0 0 0 0 0 0 0 0 0 0 0 0 0 0 0 0 0 0 0 0 0 0 0]
[4413771904403036257611447278486687896179036084574073337902010330910580807896592244517647482976131923765793580398933905194330414119306833293472106045800507881312198063158807675174243256323733254453692929590161357988940152770376285694430879473567648537765497791324250105048279446541865450698158079864 0 0 0 0 0 0 0 0 0 0 0 0 1 0 0 0 0 0 0 0 0 0 0 0 0 0 0 0 0 0 0 0 0 0 0 0 0 0 0 0 0 0 0 0 0 0 0 0 0 0 0 0 0 0 0 0 0 0 0 0 0 0 0 0 0 0 0 0 0 0 0 0 0 0 0 0 0 0 0 0 0 0 0 0 0 0 0 0 0 0 0 0 0 0 0 0 0 0]
[9714458363423105858052381459414628807953385569677379198154616571985539327633523388405386236090546230426124514943338985534267078155476410043505952695167046548337690528554875706408467222506760949982625092362126107574174110256446505892150671528247575099772594031720003698512672541977362392121987240802 0 0 0 0 0 0 0 0 0 0 0 0 0 1 0 0 0 0 0 0 0 0 0 0 0 0 0 0 0 0 0 0 0 0 0 0 0 0 0 0 0 0 0 0 0 0 0 0 0 0 0 0 0 0 0 0 0 0 0 0 0 0 0 0 0 0 0 0 0 0 0 0 0 0 0 0 0 0 0 0 0 0 0 0 0 0 0 0 0 0 0 0 0 0 0 0 0 0]
[3176604171379978171962939322488175305152534127782964129236401117310211709393378432341236433934675373181783608521758361061568467275594052849958436738696843114003465163731932785429862023490015127055836564534689351974275394834639462153607154313190701970766317791963255613406984435063716949395801446912 0 0 0 0 0 0 0 0 0 0 0 0 0 0 1 0 0 0 0 0 0 0 0 0 0 0 0 0 0 0 0 0 0 0 0 0 0 0 0 0 0 0 0 0 0 0 0 0 0 0 0 0 0 0 0 0 0 0 0 0 0 0 0 0 0 0 0 0 0 0 0 0 0 0 0 0 0 0 0 0 0 0 0 0 0 0 0 0 0 0 0 0 0 0 0 0 0 0]
[5744955327464071239495197695334163993984218574764711410057647254530358261074941113054584230071529723384405092357653701802574621482090755253160516006898097703413136353307932645794457595538898331002991674370652333021774978491177184893808375577706623293126073722919655709588865379653904765052171540988 0 0 0 0 0 0 0 0 0 0 0 0 0 0 0 1 0 0 0 0 0 0 0 0 0 0 0 0 0 0 0 0 0 0 0 0 0 0 0 0 0 0 0 0 0 0 0 0 0 0 0 0 0 0 0 0 0 0 0 0 0 0 0 0 0 0 0 0 0 0 0 0 0 0 0 0 0 0 0 0 0 0 0 0 0 0 0 0 0 0 0 0 0 0 0 0 0 0]
[7328787480523732439983272750434518979728044310663663260266394537901409421638204265780248527611544389274653074977072036268936277888456077527469008115518246556730707061382112145640577525035533373627077674484021281187853461406810817568369878355442912314062921202999225694278446310005378006148554796613 0 0 0 0 0 0 0 0 0 0 0 0 0 0 0 0 1 0 0 0 0 0 0 0 0 0 0 0 0 0 0 0 0 0 0 0 0 0 0 0 0 0 0 0 0 0 0 0 0 0 0 0 0 0 0 0 0 0 0 0 0 0 0 0 0 0 0 0 0 0 0 0 0 0 0 0 0 0 0 0 0 0 0 0 0 0 0 0 0 0 0 0 0 0 0 0 0 0]
[5095320106028959731198670485708010511099452390825618256235321011700281728730795431423689859731779186740346474450303676225110365483836729056758969457210899074734521156002995563734482598328907960328357865368103139076203900291962771804749335858836936891511417022897216797306266075702077396675543050714 0 0 0 0 0 0 0 0 0 0 0 0 0 0 0 0 0 1 0 0 0 0 0 0 0 0 0 0 0 0 0 0 0 0 0 0 0 0 0 0 0 0 0 0 0 0 0 0 0 0 0 0 0 0 0 0 0 0 0 0 0 0 0 0 0 0 0 0 0 0 0 0 0 0 0 0 0 0 0 0 0 0 0 0 0 0 0 0 0 0 0 0 0 0 0 0 0 0]
[3174867328316344664932019293093005378959618168903417322205423623757725298777941164068193029597486100242273162789946770827739459577055592169897662793045882597666486760836552463180461682405843555092879926461960595519053471101153141784229087808864322616720066766570185610013080576884016392236193597308 0 0 0 0 0 0 0 0 0 0 0 0 0 0 0 0 0 0 1 0 0 0 0 0 0 0 0 0 0 0 0 0 0 0 0 0 0 0 0 0 0 0 0 0 0 0 0 0 0 0 0 0 0 0 0 0 0 0 0 0 0 0 0 0 0 0 0 0 0 0 0 0 0 0 0 0 0 0 0 0 0 0 0 0 0 0 0 0 0 0 0 0 0 0 0 0 0 0]
[7196521425760336214523587362024302042802016843573852467136253712154599315144078159107294027887842192952854493194545098202344441711079708779550857463080790112251732730702671712143772555531477120599527864082137031571273192723621291899252023854916437369619630051858054098480312977671777273077556882695 0 0 0 0 0 0 0 0 0 0 0 0 0 0 0 0 0 0 0 1 0 0 0 0 0 0 0 0 0 0 0 0 0 0 0 0 0 0 0 0 0 0 0 0 0 0 0 0 0 0 0 0 0 0 0 0 0 0 0 0 0 0 0 0 0 0 0 0 0 0 0 0 0 0 0 0 0 0 0 0 0 0 0 0 0 0 0 0 0 0 0 0 0 0 0 0 0 0]
[5479029318250112340861393715284602906549379918053978613530002534128170213315443845607653510768740470464698994319761776967249276083946170629817136664876147706555012419971405676317175572803924239886048157988746799203097989524689415333134990863397838920028173462701167389710358159944323662338100172927 0 0 0 0 0 0 0 0 0 0 0 0 0 0 0 0 0 0 0 0 1 0 0 0 0 0 0 0 0 0 0 0 0 0 0 0 0 0 0 0 0 0 0 0 0 0 0 0 0 0 0 0 0 0 0 0 0 0 0 0 0 0 0 0 0 0 0 0 0 0 0 0 0 0 0 0 0 0 0 0 0 0 0 0 0 0 0 0 0 0 0 0 0 0 0 0 0 0]
[9850932772807052703126765255514490780322309604224351816465022593129136104985376600759417896110026282301353577855071441506258206438123562797181315012274961548676640831793222732963970980990177200675443456860809933406960720453862682897598695063047417879142528073544331436992466047653723399672056857923 0 0 0 0 0 0 0 0 0 0 0 0 0 0 0 0 0 0 0 0 0 1 0 0 0 0 0 0 0 0 0 0 0 0 0 0 0 0 0 0 0 0 0 0 0 0 0 0 0 0 0 0 0 0 0 0 0 0 0 0 0 0 0 0 0 0 0 0 0 0 0 0 0 0 0 0 0 0 0 0 0 0 0 0 0 0 0 0 0 0 0 0 0 0 0 0 0 0]
[8764937409838913316711752008334009760807845933716721496978800134001734606354832653447985000295718995596411141984099787517547179041216230883549326726018406751420064701103057664385607166717100186444070114216782844980471254870166512518306111795631213141035413623802978540267496659666910667518217467911 0 0 0 0 0 0 0 0 0 0 0 0 0 0 0 0 0 0 0 0 0 0 1 0 0 0 0 0 0 0 0 0 0 0 0 0 0 0 0 0 0 0 0 0 0 0 0 0 0 0 0 0 0 0 0 0 0 0 0 0 0 0 0 0 0 0 0 0 0 0 0 0 0 0 0 0 0 0 0 0 0 0 0 0 0 0 0 0 0 0 0 0 0 0 0 0 0 0]
[172875710689836336173592314135209858751555999017186470977782423523609119574390691309512461818927710616608185085107973797167952645103378754192237262953197283483326128396723585636851729079247269181076884079010912424041007460674499118553361746541799012874011498525626813322870717882954778680435173050 0 0 0 0 0 0 0 0 0 0 0 0 0 0 0 0 0 0 0 0 0 0 0 1 0 0 0 0 0 0 0 0 0 0 0 0 0 0 0 0 0 0 0 0 0 0 0 0 0 0 0 0 0 0 0 0 0 0 0 0 0 0 0 0 0 0 0 0 0 0 0 0 0 0 0 0 0 0 0 0 0 0 0 0 0 0 0 0 0 0 0 0 0 0 0 0 0 0]
[6769154636572573680105544217633704032455640431823609821047149228638474618949081638787227569428600968360062418990760980908945929250115774857288456628243966701174927197503986298698729432232109681186436844523380432197332586126378488366463787683058032020400104480127146184371978264396521983283416398134 0 0 0 0 0 0 0 0 0 0 0 0 0 0 0 0 0 0 0 0 0 0 0 0 1 0 0 0 0 0 0 0 0 0 0 0 0 0 0 0 0 0 0 0 0 0 0 0 0 0 0 0 0 0 0 0 0 0 0 0 0 0 0 0 0 0 0 0 0 0 0 0 0 0 0 0 0 0 0 0 0 0 0 0 0 0 0 0 0 0 0 0 0 0 0 0 0 0]
[5405870954039015462432888925662902767044499025673230068800860986352259340693471222128132443829349916149755177890073829526091155465326247099336323122527689981893999328042452093273614769654221168578777209095411122912782321420826064187806035855209196795652992295199038646945933197902287419532882189398 0 0 0 0 0 0 0 0 0 0 0 0 0 0 0 0 0 0 0 0 0 0 0 0 0 1 0 0 0 0 0 0 0 0 0 0 0 0 0 0 0 0 0 0 0 0 0 0 0 0 0 0 0 0 0 0 0 0 0 0 0 0 0 0 0 0 0 0 0 0 0 0 0 0 0 0 0 0 0 0 0 0 0 0 0 0 0 0 0 0 0 0 0 0 0 0 0 0]
[123451343739184888826545007013447200907834406131678628334973570300109913408853878634776118753998150705787449810441634880899676550293756008022308940118901294704866988947393532493169727447764280150840362432206514617362938451124314649534884076791541458196600268121957564793689068948683446816394249217 0 0 0 0 0 0 0 0 0 0 0 0 0 0 0 0 0 0 0 0 0 0 0 0 0 0 1 0 0 0 0 0 0 0 0 0 0 0 0 0 0 0 0 0 0 0 0 0 0 0 0 0 0 0 0 0 0 0 0 0 0 0 0 0 0 0 0 0 0 0 0 0 0 0 0 0 0 0 0 0 0 0 0 0 0 0 0 0 0 0 0 0 0 0 0 0 0 0]
[7310256368288099971237252335506099435657690929603052380406804212832005909631597219497859838863975328770021467836959926678784423556858381926853540932693293901938720547325767929854831277527740158891434446508904995090181979699613783581714078972287665754273865100624833302504748555594127643995305656884 0 0 0 0 0 0 0 0 0 0 0 0 0 0 0 0 0 0 0 0 0 0 0 0 0 0 0 1 0 0 0 0 0 0 0 0 0 0 0 0 0 0 0 0 0 0 0 0 0 0 0 0 0 0 0 0 0 0 0 0 0 0 0 0 0 0 0 0 0 0 0 0 0 0 0 0 0 0 0 0 0 0 0 0 0 0 0 0 0 0 0 0 0 0 0 0 0 0]
[8386023241231314945023761521394364340094373676791395994517505677660491028097993659436868366946356312753638785717135577103966266954729251356703855931745000553495736353812035634575788890759971180131591023526725496913766785392620274648086923144348694800391963143091837555345156211964044099283302042367 0 0 0 0 0 0 0 0 0 0 0 0 0 0 0 0 0 0 0 0 0 0 0 0 0 0 0 0 1 0 0 0 0 0 0 0 0 0 0 0 0 0 0 0 0 0 0 0 0 0 0 0 0 0 0 0 0 0 0 0 0 0 0 0 0 0 0 0 0 0 0 0 0 0 0 0 0 0 0 0 0 0 0 0 0 0 0 0 0 0 0 0 0 0 0 0 0 0]
[8755974141527359312809344924456520613580194648435930853166990543592114052523881201586703570235103203327365792359530902037635565086637612461683516935641153157168106035156762936474649170250916160689743437707825035150464972109744182026445665373708148511200297065094409758956204295795225303419298077754 0 0 0 0 0 0 0 0 0 0 0 0 0 0 0 0 0 0 0 0 0 0 0 0 0 0 0 0 0 1 0 0 0 0 0 0 0 0 0 0 0 0 0 0 0 0 0 0 0 0 0 0 0 0 0 0 0 0 0 0 0 0 0 0 0 0 0 0 0 0 0 0 0 0 0 0 0 0 0 0 0 0 0 0 0 0 0 0 0 0 0 0 0 0 0 0 0 0]
[7003477619560148820493155987264184858242236445329800567570880815316132069004830258881015896604920225941016321907754789696698417559919591876773719802275964688928423915373070961536931813233631144414682359967443671930484562458267731244269686654939091488378033533800819846274759307358072519952147197742 0 0 0 0 0 0 0 0 0 0 0 0 0 0 0 0 0 0 0 0 0 0 0 0 0 0 0 0 0 0 1 0 0 0 0 0 0 0 0 0 0 0 0 0 0 0 0 0 0 0 0 0 0 0 0 0 0 0 0 0 0 0 0 0 0 0 0 0 0 0 0 0 0 0 0 0 0 0 0 0 0 0 0 0 0 0 0 0 0 0 0 0 0 0 0 0 0 0]
[5188133661109569785039095850447618239391717208395006581256945774995284580353424854070052828745939236750813542994950633816921276267910598239094716622144709719505677898166704946389291660409843135458573982108728626127596663302316154281934180526600212985511176182855974710697098464142712085860191919751 0 0 0 0 0 0 0 0 0 0 0 0 0 0 0 0 0 0 0 0 0 0 0 0 0 0 0 0 0 0 0 1 0 0 0 0 0 0 0 0 0 0 0 0 0 0 0 0 0 0 0 0 0 0 0 0 0 0 0 0 0 0 0 0 0 0 0 0 0 0 0 0 0 0 0 0 0 0 0 0 0 0 0 0 0 0 0 0 0 0 0 0 0 0 0 0 0 0]
[1311386125364885137824990748153861065929367744482009832381528796281222562770068039753454334813834604169321644437513274696629496457068582150052431550689207149066284275628799768659954500688669337777225970932220371933104042920251501136712131447163064818003432055098845609996978928331337977086271832062 0 0 0 0 0 0 0 0 0 0 0 0 0 0 0 0 0 0 0 0 0 0 0 0 0 0 0 0 0 0 0 0 1 0 0 0 0 0 0 0 0 0 0 0 0 0 0 0 0 0 0 0 0 0 0 0 0 0 0 0 0 0 0 0 0 0 0 0 0 0 0 0 0 0 0 0 0 0 0 0 0 0 0 0 0 0 0 0 0 0 0 0 0 0 0 0 0 0]
[366306636428951387531435727911829481401306604579099139638397958427607309737822397001253024924950433182295175288140949425831428061143292792627830048157973693391751629498696539939582705523346389045400893417830192307904239553851997885865451055847241826334316296317016250030785976503759285740094562913 0 0 0 0 0 0 0 0 0 0 0 0 0 0 0 0 0 0 0 0 0 0 0 0 0 0 0 0 0 0 0 0 0 1 0 0 0 0 0 0 0 0 0 0 0 0 0 0 0 0 0 0 0 0 0 0 0 0 0 0 0 0 0 0 0 0 0 0 0 0 0 0 0 0 0 0 0 0 0 0 0 0 0 0 0 0 0 0 0 0 0 0 0 0 0 0 0 0]
[2252581113436649115766392709707723606407384244530075892289699003580113651694147102377785452044255468047272272196652169522778399222713487074977349516598136387762070387509522997800424654693778905339369460101279949989230676901743930279272397553297317550798480743342045688553511158708672026366979682023 0 0 0 0 0 0 0 0 0 0 0 0 0 0 0 0 0 0 0 0 0 0 0 0 0 0 0 0 0 0 0 0 0 0 1 0 0 0 0 0 0 0 0 0 0 0 0 0 0 0 0 0 0 0 0 0 0 0 0 0 0 0 0 0 0 0 0 0 0 0 0 0 0 0 0 0 0 0 0 0 0 0 0 0 0 0 0 0 0 0 0 0 0 0 0 0 0 0]
[345109948969512553649006975803004890595403947480323900084307411807899807221051016801058776089742835098219504321134062378425453304380647226320587837831008082113787867892943576604086658646557587069053915525026469624500364013927714392653385605319658388993443620050075800581279829068346899671038161018 0 0 0 0 0 0 0 0 0 0 0 0 0 0 0 0 0 0 0 0 0 0 0 0 0 0 0 0 0 0 0 0 0 0 0 1 0 0 0 0 0 0 0 0 0 0 0 0 0 0 0 0 0 0 0 0 0 0 0 0 0 0 0 0 0 0 0 0 0 0 0 0 0 0 0 0 0 0 0 0 0 0 0 0 0 0 0 0 0 0 0 0 0 0 0 0 0 0]
[7604686660091626754387706395123707224008898566584098967829757481932439205012410048186594472602914846199855526097871494686903314883460605517358550471541945805379251288211644086511173351665078659431874698671808193474948812804237437195258121401739507316191586249490688942083777175256352457761810775561 0 0 0 0 0 0 0 0 0 0 0 0 0 0 0 0 0 0 0 0 0 0 0 0 0 0 0 0 0 0 0 0 0 0 0 0 1 0 0 0 0 0 0 0 0 0 0 0 0 0 0 0 0 0 0 0 0 0 0 0 0 0 0 0 0 0 0 0 0 0 0 0 0 0 0 0 0 0 0 0 0 0 0 0 0 0 0 0 0 0 0 0 0 0 0 0 0 0]
[1091971352703381570761886234146002426598638932740394280017605431709020889253522632624374316124333797939953390689896206726185492345027871047391617061806653660269139206014390887597616346995064314448021050185132156297777355898942813116643307889420418706448883966575783755259192712772688345306309820447 0 0 0 0 0 0 0 0 0 0 0 0 0 0 0 0 0 0 0 0 0 0 0 0 0 0 0 0 0 0 0 0 0 0 0 0 0 1 0 0 0 0 0 0 0 0 0 0 0 0 0 0 0 0 0 0 0 0 0 0 0 0 0 0 0 0 0 0 0 0 0 0 0 0 0 0 0 0 0 0 0 0 0 0 0 0 0 0 0 0 0 0 0 0 0 0 0 0]
[7960914021721875654336930169299730226666040444126645904408753368595684131059010113303872501712056249948708719039855854602379435246253785359002031600787358872876244018093719475788293516468853262814317650347340186351523920158873936161878044964047239143424347842778330804987388690139279744732694242644 0 0 0 0 0 0 0 0 0 0 0 0 0 0 0 0 0 0 0 0 0 0 0 0 0 0 0 0 0 0 0 0 0 0 0 0 0 0 1 0 0 0 0 0 0 0 0 0 0 0 0 0 0 0 0 0 0 0 0 0 0 0 0 0 0 0 0 0 0 0 0 0 0 0 0 0 0 0 0 0 0 0 0 0 0 0 0 0 0 0 0 0 0 0 0 0 0 0]
[9780019955818595049400519724572512941185174668326355418755772539640422305094465814789401148365867721821691803711155649284340683120583729891535593862584298344597073238999833953233653509698214227456524070874270254430678699205265579851032024031298336845705639676657861940061310131370464030362971885679 0 0 0 0 0 0 0 0 0 0 0 0 0 0 0 0 0 0 0 0 0 0 0 0 0 0 0 0 0 0 0 0 0 0 0 0 0 0 0 1 0 0 0 0 0 0 0 0 0 0 0 0 0 0 0 0 0 0 0 0 0 0 0 0 0 0 0 0 0 0 0 0 0 0 0 0 0 0 0 0 0 0 0 0 0 0 0 0 0 0 0 0 0 0 0 0 0 0]
[5461055755841665632423919770159660965641078447515663527795245632490994196063548460814697432407062580020943791532316499927515576780557752463391223329766904856414855362542634595625805708750277408862633755460300754898277315587934035837417396559084242008250619538181438749868989937704645164814557705479 0 0 0 0 0 0 0 0 0 0 0 0 0 0 0 0 0 0 0 0 0 0 0 0 0 0 0 0 0 0 0 0 0 0 0 0 0 0 0 0 1 0 0 0 0 0 0 0 0 0 0 0 0 0 0 0 0 0 0 0 0 0 0 0 0 0 0 0 0 0 0 0 0 0 0 0 0 0 0 0 0 0 0 0 0 0 0 0 0 0 0 0 0 0 0 0 0 0]
[9727435387134596592465866103281086652524003483477735027607007702598060702987399793495520643734377886498388130151626864998110904189582761613031877415674489097592230840095703494051959404863108417497474766448814974362955698679333014678990143252332878534900613365187359501174132782534309271949463929864 0 0 0 0 0 0 0 0 0 0 0 0 0 0 0 0 0 0 0 0 0 0 0 0 0 0 0 0 0 0 0 0 0 0 0 0 0 0 0 0 0 1 0 0 0 0 0 0 0 0 0 0 0 0 0 0 0 0 0 0 0 0 0 0 0 0 0 0 0 0 0 0 0 0 0 0 0 0 0 0 0 0 0 0 0 0 0 0 0 0 0 0 0 0 0 0 0 0]
[6318804895657038587778689128182885589663236590194459328799941937918300319313162602777439631095203202660920924388910011741337511436290393654118865048809404362079972566451310070349405237227210322613716933228426887949675972123186512539350768979693907005263798204449655852171198608997637785023649053703 0 0 0 0 0 0 0 0 0 0 0 0 0 0 0 0 0 0 0 0 0 0 0 0 0 0 0 0 0 0 0 0 0 0 0 0 0 0 0 0 0 0 1 0 0 0 0 0 0 0 0 0 0 0 0 0 0 0 0 0 0 0 0 0 0 0 0 0 0 0 0 0 0 0 0 0 0 0 0 0 0 0 0 0 0 0 0 0 0 0 0 0 0 0 0 0 0 0]
[7534777166254673220155225878416266713050988442416737946700080489306668232714195011159450802792744657562347545106696920354811269840495000664534061719120063390318697763378441778945659229767862202489847217041112475761742771096892870030878608235311773929053428639642919340457725469580645132584689742056 0 0 0 0 0 0 0 0 0 0 0 0 0 0 0 0 0 0 0 0 0 0 0 0 0 0 0 0 0 0 0 0 0 0 0 0 0 0 0 0 0 0 0 1 0 0 0 0 0 0 0 0 0 0 0 0 0 0 0 0 0 0 0 0 0 0 0 0 0 0 0 0 0 0 0 0 0 0 0 0 0 0 0 0 0 0 0 0 0 0 0 0 0 0 0 0 0 0]
[3247052602821909287721812783929035141506442316459460644996993534951126115825363084075068021085199619519421064623290797501578595926344990879597091827984655655357313531144710653584193282975993082959669957599914055631831648196564822099301408604810310156005390201559430260306190920425263450711671604579 0 0 0 0 0 0 0 0 0 0 0 0 0 0 0 0 0 0 0 0 0 0 0 0 0 0 0 0 0 0 0 0 0 0 0 0 0 0 0 0 0 0 0 0 1 0 0 0 0 0 0 0 0 0 0 0 0 0 0 0 0 0 0 0 0 0 0 0 0 0 0 0 0 0 0 0 0 0 0 0 0 0 0 0 0 0 0 0 0 0 0 0 0 0 0 0 0 0]
[10021818511498090412727512850882047119015765207948598625413000240629131750158061868316536745223445025832616467314870854402238579367404433871287102747537729988977052269517926935448068566232022823367556573726536853830986908855581497789812924216368398348290779706876169776164140012130622374690736635587 0 0 0 0 0 0 0 0 0 0 0 0 0 0 0 0 0 0 0 0 0 0 0 0 0 0 0 0 0 0 0 0 0 0 0 0 0 0 0 0 0 0 0 0 0 1 0 0 0 0 0 0 0 0 0 0 0 0 0 0 0 0 0 0 0 0 0 0 0 0 0 0 0 0 0 0 0 0 0 0 0 0 0 0 0 0 0 0 0 0 0 0 0 0 0 0 0 0]
[7300544959843841329301711940639369197194398814292053114347041739829650538316722876056814009751967022962061031786037543273888444182912296123826240782513483906248047935623109979118795523352507204744918769082727129422009485690324018062946540650962708326219818398417146447768523506264925092338520278543 0 0 0 0 0 0 0 0 0 0 0 0 0 0 0 0 0 0 0 0 0 0 0 0 0 0 0 0 0 0 0 0 0 0 0 0 0 0 0 0 0 0 0 0 0 0 1 0 0 0 0 0 0 0 0 0 0 0 0 0 0 0 0 0 0 0 0 0 0 0 0 0 0 0 0 0 0 0 0 0 0 0 0 0 0 0 0 0 0 0 0 0 0 0 0 0 0 0]
[6412460033441620046232545145506889170782080423526158040174589707948926681131461322784899831561117595988233878776353892936395503452605947291055023270160082104600420876765361088118544690911053133542231263129959536207324271704020215030096631240207116420853316154392952848835420861473710254748903451851 0 0 0 0 0 0 0 0 0 0 0 0 0 0 0 0 0 0 0 0 0 0 0 0 0 0 0 0 0 0 0 0 0 0 0 0 0 0 0 0 0 0 0 0 0 0 0 1 0 0 0 0 0 0 0 0 0 0 0 0 0 0 0 0 0 0 0 0 0 0 0 0 0 0 0 0 0 0 0 0 0 0 0 0 0 0 0 0 0 0 0 0 0 0 0 0 0 0]
[4524096094155706923158645737668819605310157462323888386285981527924350741945909160930956908982116603780273654470561655216742105871172563740731100021872468579334642355730091399413374766908301987929085174632222450064290627467978578543911020914319104933095324445066395389199266233761479532091536040966 0 0 0 0 0 0 0 0 0 0 0 0 0 0 0 0 0 0 0 0 0 0 0 0 0 0 0 0 0 0 0 0 0 0 0 0 0 0 0 0 0 0 0 0 0 0 0 0 1 0 0 0 0 0 0 0 0 0 0 0 0 0 0 0 0 0 0 0 0 0 0 0 0 0 0 0 0 0 0 0 0 0 0 0 0 0 0 0 0 0 0 0 0 0 0 0 0 0]
[7641954650356491458896408874667421779832140082162070554696914830910901197852707343021884435203931626062732509977159801618305074450268987610222584958835773398875217958003756068779934486957891696946902219140561804030182898460871389391467737359446602255669354542014684152159365993646748501430728751508 0 0 0 0 0 0 0 0 0 0 0 0 0 0 0 0 0 0 0 0 0 0 0 0 0 0 0 0 0 0 0 0 0 0 0 0 0 0 0 0 0 0 0 0 0 0 0 0 0 1 0 0 0 0 0 0 0 0 0 0 0 0 0 0 0 0 0 0 0 0 0 0 0 0 0 0 0 0 0 0 0 0 0 0 0 0 0 0 0 0 0 0 0 0 0 0 0 0]
[1318977171773958935437792178912097520956415436996124436011900297533315639496950329414030422893394682845304876954747961043964708922241497127601106373364278891229587633336629064188700688746443536404598136642852925994345500749573393843115786267791604297718252584496382910649384775668997497916656009830 0 0 0 0 0 0 0 0 0 0 0 0 0 0 0 0 0 0 0 0 0 0 0 0 0 0 0 0 0 0 0 0 0 0 0 0 0 0 0 0 0 0 0 0 0 0 0 0 0 0 1 0 0 0 0 0 0 0 0 0 0 0 0 0 0 0 0 0 0 0 0 0 0 0 0 0 0 0 0 0 0 0 0 0 0 0 0 0 0 0 0 0 0 0 0 0 0 0]
[5804883256367991834079806188712793365147422629080329981939703343031160642006864436348626360106876659528449117118894379189205114215919486997785265335069807138462534721528484858852455999136678191163230984839433414769785251008320917416880647309710333638111846763762372796168380126632849267311355279309 0 0 0 0 0 0 0 0 0 0 0 0 0 0 0 0 0 0 0 0 0 0 0 0 0 0 0 0 0 0 0 0 0 0 0 0 0 0 0 0 0 0 0 0 0 0 0 0 0 0 0 1 0 0 0 0 0 0 0 0 0 0 0 0 0 0 0 0 0 0 0 0 0 0 0 0 0 0 0 0 0 0 0 0 0 0 0 0 0 0 0 0 0 0 0 0 0 0]
[9713527880587704032034241746491453287818232491622837581085084816544499437713794958312992377846557352839287035838203449704042988864115004521386265552158306642308044488911385085868813922787689970415382784337392718758375313152798934139140546684352598973913780137304330984674981383608626805487798294500 0 0 0 0 0 0 0 0 0 0 0 0 0 0 0 0 0 0 0 0 0 0 0 0 0 0 0 0 0 0 0 0 0 0 0 0 0 0 0 0 0 0 0 0 0 0 0 0 0 0 0 0 1 0 0 0 0 0 0 0 0 0 0 0 0 0 0 0 0 0 0 0 0 0 0 0 0 0 0 0 0 0 0 0 0 0 0 0 0 0 0 0 0 0 0 0 0 0]
[2530083348581499485697937557882976720505662027648363008208341600618124532058095192150986844205900345173721463466353534331665834474017825261442733687789522075342328416893019369491923799444511204088731232289184411044770659093110111275477950072142038922159543037323403987228591231198747554253272883278 0 0 0 0 0 0 0 0 0 0 0 0 0 0 0 0 0 0 0 0 0 0 0 0 0 0 0 0 0 0 0 0 0 0 0 0 0 0 0 0 0 0 0 0 0 0 0 0 0 0 0 0 0 1 0 0 0 0 0 0 0 0 0 0 0 0 0 0 0 0 0 0 0 0 0 0 0 0 0 0 0 0 0 0 0 0 0 0 0 0 0 0 0 0 0 0 0 0]
[3906859301213043012554239479259512730220628027717455244234334432106832602533764006055187192685924417365293769759813314698455018156555566412008932153246272250967118332557238723469036375296728659286421662216164407741077855659478996906433168628575497926730135219470786614297778818170091263701659026335 0 0 0 0 0 0 0 0 0 0 0 0 0 0 0 0 0 0 0 0 0 0 0 0 0 0 0 0 0 0 0 0 0 0 0 0 0 0 0 0 0 0 0 0 0 0 0 0 0 0 0 0 0 0 1 0 0 0 0 0 0 0 0 0 0 0 0 0 0 0 0 0 0 0 0 0 0 0 0 0 0 0 0 0 0 0 0 0 0 0 0 0 0 0 0 0 0 0]
[10171890020422884679056378150726974914231787722942658807657297012703333689760124711319669372373359250396656971880242199519841928365459873762545613096175468321323941053742657392328826994617606417775059511969831573645768876280684453582588511984203202033993499099413848070429581142089979448950140157098 0 0 0 0 0 0 0 0 0 0 0 0 0 0 0 0 0 0 0 0 0 0 0 0 0 0 0 0 0 0 0 0 0 0 0 0 0 0 0 0 0 0 0 0 0 0 0 0 0 0 0 0 0 0 0 1 0 0 0 0 0 0 0 0 0 0 0 0 0 0 0 0 0 0 0 0 0 0 0 0 0 0 0 0 0 0 0 0 0 0 0 0 0 0 0 0 0 0]
[2869742811436913140720583222083688169822077109496989563008727335236095237608950620910370850883588398713784480602373086472999666424532220003462458225394726074165478307851240857381415342233277618042042571567300159776800930679600099383609284341178188193861633222650556264151697068910959642561725791789 0 0 0 0 0 0 0 0 0 0 0 0 0 0 0 0 0 0 0 0 0 0 0 0 0 0 0 0 0 0 0 0 0 0 0 0 0 0 0 0 0 0 0 0 0 0 0 0 0 0 0 0 0 0 0 0 1 0 0 0 0 0 0 0 0 0 0 0 0 0 0 0 0 0 0 0 0 0 0 0 0 0 0 0 0 0 0 0 0 0 0 0 0 0 0 0 0 0]
[2212361203196098683967700863433642652431727019224431784925332578888738309978948494700455875257468027910015633614291427625981457309670381017816821435247462066326985604202887242444672999835374694813811585514226307378064830127484436236363317876003946759522838267193861041323477536429748145364115033332 0 0 0 0 0 0 0 0 0 0 0 0 0 0 0 0 0 0 0 0 0 0 0 0 0 0 0 0 0 0 0 0 0 0 0 0 0 0 0 0 0 0 0 0 0 0 0 0 0 0 0 0 0 0 0 0 0 1 0 0 0 0 0 0 0 0 0 0 0 0 0 0 0 0 0 0 0 0 0 0 0 0 0 0 0 0 0 0 0 0 0 0 0 0 0 0 0 0]
[2435996519435698346378663530750558042781737641118892754206760691927876673974094795791467550699094217542051623292032841533239092850159973351550529530166137136016044453908263143507613581123291269053486997014109292862755084189680683024187289458563553396431197059008246584871604345512505903379161104063 0 0 0 0 0 0 0 0 0 0 0 0 0 0 0 0 0 0 0 0 0 0 0 0 0 0 0 0 0 0 0 0 0 0 0 0 0 0 0 0 0 0 0 0 0 0 0 0 0 0 0 0 0 0 0 0 0 0 1 0 0 0 0 0 0 0 0 0 0 0 0 0 0 0 0 0 0 0 0 0 0 0 0 0 0 0 0 0 0 0 0 0 0 0 0 0 0 0]
[2884942166203588425111331561914072807043992552511891130974490393197491357816071433585114226614528711906649665973760956927922764627171696120264626582506577306224821282090790649715852835266946630617730619756898762040282113277797105813725649413989191011338491483673281837281685399012377036330861189823 0 0 0 0 0 0 0 0 0 0 0 0 0 0 0 0 0 0 0 0 0 0 0 0 0 0 0 0 0 0 0 0 0 0 0 0 0 0 0 0 0 0 0 0 0 0 0 0 0 0 0 0 0 0 0 0 0 0 0 1 0 0 0 0 0 0 0 0 0 0 0 0 0 0 0 0 0 0 0 0 0 0 0 0 0 0 0 0 0 0 0 0 0 0 0 0 0 0]
[3603942322893168933333353623841377978330113683816313682679693395471761193580350747927986709662118098325955447167352896619693033361350331716041328492070196851429083993658521301698358483750408736392458748890385507051702807025188018310494082239604582494764691515550495328132588839119644518388309022389 0 0 0 0 0 0 0 0 0 0 0 0 0 0 0 0 0 0 0 0 0 0 0 0 0 0 0 0 0 0 0 0 0 0 0 0 0 0 0 0 0 0 0 0 0 0 0 0 0 0 0 0 0 0 0 0 0 0 0 0 1 0 0 0 0 0 0 0 0 0 0 0 0 0 0 0 0 0 0 0 0 0 0 0 0 0 0 0 0 0 0 0 0 0 0 0 0 0]
[1470993682271905801265043689023874228784588344036787824965921610051173544639267545222245755226261701256266157072069448528718032524839705823318700382880043315342668806487532273275622824120211311110178266397762003802229052644900335406986884265162249096865194688216613030007072264775767842271750771199 0 0 0 0 0 0 0 0 0 0 0 0 0 0 0 0 0 0 0 0 0 0 0 0 0 0 0 0 0 0 0 0 0 0 0 0 0 0 0 0 0 0 0 0 0 0 0 0 0 0 0 0 0 0 0 0 0 0 0 0 0 1 0 0 0 0 0 0 0 0 0 0 0 0 0 0 0 0 0 0 0 0 0 0 0 0 0 0 0 0 0 0 0 0 0 0 0 0]
[7881734314411849239563206593523292868770557135768899557118475609583238364606590035454646634611207350622395258400779037926919704810004144579387492438222207400052783913559739542314177798762039099745104136761552997732017630866618112523577075185372473965935511274972542800882336803148983089342753292751 0 0 0 0 0 0 0 0 0 0 0 0 0 0 0 0 0 0 0 0 0 0 0 0 0 0 0 0 0 0 0 0 0 0 0 0 0 0 0 0 0 0 0 0 0 0 0 0 0 0 0 0 0 0 0 0 0 0 0 0 0 0 1 0 0 0 0 0 0 0 0 0 0 0 0 0 0 0 0 0 0 0 0 0 0 0 0 0 0 0 0 0 0 0 0 0 0 0]
[10138839579766245785316461356909260856440055336727616617120162280696210402318589499188100847100766058217443181571956519216847904567366732670724858214258152711506867393038844627840189533226016931026194613446894042972963383809421832323001258776819147242938829620387258649316915829385795250493489529642 0 0 0 0 0 0 0 0 0 0 0 0 0 0 0 0 0 0 0 0 0 0 0 0 0 0 0 0 0 0 0 0 0 0 0 0 0 0 0 0 0 0 0 0 0 0 0 0 0 0 0 0 0 0 0 0 0 0 0 0 0 0 0 1 0 0 0 0 0 0 0 0 0 0 0 0 0 0 0 0 0 0 0 0 0 0 0 0 0 0 0 0 0 0 0 0 0 0]
[6398842982389075350559726136885291497364414012558096144000497369086716698411681449070035149294220749513191914393343528267113350936209190920712464155697131509725770841488812335014264448128088982136727974796533770443360034608298470681103194286972248549819066611596339107168634656597311965987209618324 0 0 0 0 0 0 0 0 0 0 0 0 0 0 0 0 0 0 0 0 0 0 0 0 0 0 0 0 0 0 0 0 0 0 0 0 0 0 0 0 0 0 0 0 0 0 0 0 0 0 0 0 0 0 0 0 0 0 0 0 0 0 0 0 1 0 0 0 0 0 0 0 0 0 0 0 0 0 0 0 0 0 0 0 0 0 0 0 0 0 0 0 0 0 0 0 0 0]
[6154340623421632651525765852463364117414828187965694442222045129640743247903455660432543992775287752875334840994318691564581934647975963769625533236430948499781066934461219712063959174675517522052180691730021647238778757030771395923261637649833586216788200391695136334798920284682095141007003304856 0 0 0 0 0 0 0 0 0 0 0 0 0 0 0 0 0 0 0 0 0 0 0 0 0 0 0 0 0 0 0 0 0 0 0 0 0 0 0 0 0 0 0 0 0 0 0 0 0 0 0 0 0 0 0 0 0 0 0 0 0 0 0 0 0 1 0 0 0 0 0 0 0 0 0 0 0 0 0 0 0 0 0 0 0 0 0 0 0 0 0 0 0 0 0 0 0 0]
[2442191854641977197539078153887568912911518482219301750252759036236507404309709175795475951809729729167867941490116182076310272577871612949588596720791342698955082044045872283777899527001230478864542803674494119560153034668438337729407062521342912712755386891155871790545066926688402379587350346932 0 0 0 0 0 0 0 0 0 0 0 0 0 0 0 0 0 0 0 0 0 0 0 0 0 0 0 0 0 0 0 0 0 0 0 0 0 0 0 0 0 0 0 0 0 0 0 0 0 0 0 0 0 0 0 0 0 0 0 0 0 0 0 0 0 0 1 0 0 0 0 0 0 0 0 0 0 0 0 0 0 0 0 0 0 0 0 0 0 0 0 0 0 0 0 0 0 0]
[5300600481914366277884169359688918079558807342023131325298310686220875003430152624786019196170666264385054031433856235651103787927676606980057886578851551665420183548921712099409816125280645994590356531627671902335492796851734259742973805729695042742074394832585636549975245987392255333275567961345 0 0 0 0 0 0 0 0 0 0 0 0 0 0 0 0 0 0 0 0 0 0 0 0 0 0 0 0 0 0 0 0 0 0 0 0 0 0 0 0 0 0 0 0 0 0 0 0 0 0 0 0 0 0 0 0 0 0 0 0 0 0 0 0 0 0 0 1 0 0 0 0 0 0 0 0 0 0 0 0 0 0 0 0 0 0 0 0 0 0 0 0 0 0 0 0 0 0]
[2402135747400679037864665564586222051700439634882061616770464447978401999790067155304513351487372071183436261862305548178356930144297149561219759447561323389453156587169485192451553463780886233795213712096152951799247969210386800790065449235707424961842603377244449666220928462285861864542066240428 0 0 0 0 0 0 0 0 0 0 0 0 0 0 0 0 0 0 0 0 0 0 0 0 0 0 0 0 0 0 0 0 0 0 0 0 0 0 0 0 0 0 0 0 0 0 0 0 0 0 0 0 0 0 0 0 0 0 0 0 0 0 0 0 0 0 0 0 1 0 0 0 0 0 0 0 0 0 0 0 0 0 0 0 0 0 0 0 0 0 0 0 0 0 0 0 0 0]
[4333677465140253059835452652618746874692482194782466198361682094413109274647676583433247612297258005481684227879114941183843143360593793103450083673783612554876249376825184746883717790181015392557287379620295208549934044394319626946441515778543096272456264592303506707662076018861204107396433808275 0 0 0 0 0 0 0 0 0 0 0 0 0 0 0 0 0 0 0 0 0 0 0 0 0 0 0 0 0 0 0 0 0 0 0 0 0 0 0 0 0 0 0 0 0 0 0 0 0 0 0 0 0 0 0 0 0 0 0 0 0 0 0 0 0 0 0 0 0 1 0 0 0 0 0 0 0 0 0 0 0 0 0 0 0 0 0 0 0 0 0 0 0 0 0 0 0 0]
[7642837107494432324647698824555374388582270023172929883737417567725169105502442128243980604779590641797892126805694340346889414273479506667050885816830199638243559190250704833707139588559855741758829165128221269600524165218680319234294298806373586140022749979411068700409790987986497368962269137472 0 0 0 0 0 0 0 0 0 0 0 0 0 0 0 0 0 0 0 0 0 0 0 0 0 0 0 0 0 0 0 0 0 0 0 0 0 0 0 0 0 0 0 0 0 0 0 0 0 0 0 0 0 0 0 0 0 0 0 0 0 0 0 0 0 0 0 0 0 0 1 0 0 0 0 0 0 0 0 0 0 0 0 0 0 0 0 0 0 0 0 0 0 0 0 0 0 0]
[5982188789728072169421220534935078842087681701247489416530450642636328976684618912303917276954395844749279959556085449359381159175348529806677287474640471975597505123442479111929799685109677700445636751636797216057730188934923573815510420006830958013100935456902671552777050687632845271743571117700 0 0 0 0 0 0 0 0 0 0 0 0 0 0 0 0 0 0 0 0 0 0 0 0 0 0 0 0 0 0 0 0 0 0 0 0 0 0 0 0 0 0 0 0 0 0 0 0 0 0 0 0 0 0 0 0 0 0 0 0 0 0 0 0 0 0 0 0 0 0 0 1 0 0 0 0 0 0 0 0 0 0 0 0 0 0 0 0 0 0 0 0 0 0 0 0 0 0]
[67659792164320897533287627819476469386635385054498786555638807574829921465906539576189986288556905975677227178799462373012135725463251237222256347857174964507083697467756913954706484866073109010299548378164276481883905206063499412482512840257782924418294740240167144298403734623851827410128757098 0 0 0 0 0 0 0 0 0 0 0 0 0 0 0 0 0 0 0 0 0 0 0 0 0 0 0 0 0 0 0 0 0 0 0 0 0 0 0 0 0 0 0 0 0 0 0 0 0 0 0 0 0 0 0 0 0 0 0 0 0 0 0 0 0 0 0 0 0 0 0 0 1 0 0 0 0 0 0 0 0 0 0 0 0 0 0 0 0 0 0 0 0 0 0 0 0 0]
[850293926273412247843998861795584931473022795543389813395901578604604934188424157666684283378485190093780769491147117423077269361595784420355889357570840472812191069509627276828389313074447628867124041035484118352073027370776836716759856852202920521452927339572674640140351963696692266832010289074 0 0 0 0 0 0 0 0 0 0 0 0 0 0 0 0 0 0 0 0 0 0 0 0 0 0 0 0 0 0 0 0 0 0 0 0 0 0 0 0 0 0 0 0 0 0 0 0 0 0 0 0 0 0 0 0 0 0 0 0 0 0 0 0 0 0 0 0 0 0 0 0 0 1 0 0 0 0 0 0 0 0 0 0 0 0 0 0 0 0 0 0 0 0 0 0 0 0]
[3823060891351918941512788345177336032030101856635648980195399342805003970331755890877874871760744072391222176506272710096439991450539434955717231237327361542840179220224934175895674622354498459234370857137039743119510273563781134282445518599769327942450816431784456535801205788434026574986933484240 0 0 0 0 0 0 0 0 0 0 0 0 0 0 0 0 0 0 0 0 0 0 0 0 0 0 0 0 0 0 0 0 0 0 0 0 0 0 0 0 0 0 0 0 0 0 0 0 0 0 0 0 0 0 0 0 0 0 0 0 0 0 0 0 0 0 0 0 0 0 0 0 0 0 1 0 0 0 0 0 0 0 0 0 0 0 0 0 0 0 0 0 0 0 0 0 0 0]
[7587747470621252880732410932437122288962212440052364676183812537606761621755427312274852592743277701791202721907687498602616716417177430165704888066201334437010094421625582359316923671064011305560792177033018951944844214253400007540284306879388143663735253913446056898405757897692700092161525139396 0 0 0 0 0 0 0 0 0 0 0 0 0 0 0 0 0 0 0 0 0 0 0 0 0 0 0 0 0 0 0 0 0 0 0 0 0 0 0 0 0 0 0 0 0 0 0 0 0 0 0 0 0 0 0 0 0 0 0 0 0 0 0 0 0 0 0 0 0 0 0 0 0 0 0 1 0 0 0 0 0 0 0 0 0 0 0 0 0 0 0 0 0 0 0 0 0 0]
[6376650847451862440221298137226464857443338806570973706390070312226621083497889467517500592260867860151102555535070224822961034678520228155081859217613379043562761084235743693252692589100681982947141008192985124855772891991396773014789710897514032853144782223807358337533844177990548535841098577747 0 0 0 0 0 0 0 0 0 0 0 0 0 0 0 0 0 0 0 0 0 0 0 0 0 0 0 0 0 0 0 0 0 0 0 0 0 0 0 0 0 0 0 0 0 0 0 0 0 0 0 0 0 0 0 0 0 0 0 0 0 0 0 0 0 0 0 0 0 0 0 0 0 0 0 0 1 0 0 0 0 0 0 0 0 0 0 0 0 0 0 0 0 0 0 0 0 0]
[8548445696989723315437851672988185246372781721719351306305293672525919204538995591464037812327682741493028054863773894581753870833711914638264266430455422769058863419971036816769017027655871795441704689065588460501765871600503977315074047060705186164323156634885008440811274016666219139540535608407 0 0 0 0 0 0 0 0 0 0 0 0 0 0 0 0 0 0 0 0 0 0 0 0 0 0 0 0 0 0 0 0 0 0 0 0 0 0 0 0 0 0 0 0 0 0 0 0 0 0 0 0 0 0 0 0 0 0 0 0 0 0 0 0 0 0 0 0 0 0 0 0 0 0 0 0 0 1 0 0 0 0 0 0 0 0 0 0 0 0 0 0 0 0 0 0 0 0]
[7299200519883397149272946032826018586371861131608949624886042283837492517943576954826221583009399239202167889656361622810099017942741165534602210882671274707004027276722932628450741829341084335954382702758301857456738253335797887837771802307081233947948119655133563551600460975196081639615265005717 0 0 0 0 0 0 0 0 0 0 0 0 0 0 0 0 0 0 0 0 0 0 0 0 0 0 0 0 0 0 0 0 0 0 0 0 0 0 0 0 0 0 0 0 0 0 0 0 0 0 0 0 0 0 0 0 0 0 0 0 0 0 0 0 0 0 0 0 0 0 0 0 0 0 0 0 0 0 1 0 0 0 0 0 0 0 0 0 0 0 0 0 0 0 0 0 0 0]
[711548353149406986463859757814295159848565383838379427626161081696864223447841519029580254804487837830282806815280146236264341233644529280603448015453052848301733424550584824672571159358416962029317534554222878228818593538516460495044012418952103550853250888532736178578933700213689900510169331639 0 0 0 0 0 0 0 0 0 0 0 0 0 0 0 0 0 0 0 0 0 0 0 0 0 0 0 0 0 0 0 0 0 0 0 0 0 0 0 0 0 0 0 0 0 0 0 0 0 0 0 0 0 0 0 0 0 0 0 0 0 0 0 0 0 0 0 0 0 0 0 0 0 0 0 0 0 0 0 1 0 0 0 0 0 0 0 0 0 0 0 0 0 0 0 0 0 0]
[8676439268558148656204462507784146306703551862115663654156531682138060473768147686132012807445336866120973335715045310589321759818012107468611218965412090337262809738653647518130939231709793731670860417870929672541660000879108175519806146550519842994637348402486522471580317103554980526330221333666 0 0 0 0 0 0 0 0 0 0 0 0 0 0 0 0 0 0 0 0 0 0 0 0 0 0 0 0 0 0 0 0 0 0 0 0 0 0 0 0 0 0 0 0 0 0 0 0 0 0 0 0 0 0 0 0 0 0 0 0 0 0 0 0 0 0 0 0 0 0 0 0 0 0 0 0 0 0 0 0 1 0 0 0 0 0 0 0 0 0 0 0 0 0 0 0 0 0]
[757564751316630068686314388437660153863055929700359102932160914303816491134441201101551459729117732527150049516717263968913108967168717460521573823002904436731960283896218265567355715825834863136975317942763600752770369927342155642643160280850663442998482341046806289027373338839190752010137041660 0 0 0 0 0 0 0 0 0 0 0 0 0 0 0 0 0 0 0 0 0 0 0 0 0 0 0 0 0 0 0 0 0 0 0 0 0 0 0 0 0 0 0 0 0 0 0 0 0 0 0 0 0 0 0 0 0 0 0 0 0 0 0 0 0 0 0 0 0 0 0 0 0 0 0 0 0 0 0 0 0 1 0 0 0 0 0 0 0 0 0 0 0 0 0 0 0 0]
[5464749906812817141732146098004925896134038927421322221100247891219071771344627136131152862111902262572811534383013194628685022056763799304023334563871473627301502078010812383895829245030186065776262613342226757964262249671421051937612606177869864810215844678341724991552027911234060954177721450631 0 0 0 0 0 0 0 0 0 0 0 0 0 0 0 0 0 0 0 0 0 0 0 0 0 0 0 0 0 0 0 0 0 0 0 0 0 0 0 0 0 0 0 0 0 0 0 0 0 0 0 0 0 0 0 0 0 0 0 0 0 0 0 0 0 0 0 0 0 0 0 0 0 0 0 0 0 0 0 0 0 0 1 0 0 0 0 0 0 0 0 0 0 0 0 0 0 0]
[10160816080598456956592347004442863986002022167824895500479370407859258668628002384948879283708650947602641827653381307109122151426727467879176925748059431516896347850020381183327831624373981796689248540676916993833614688455007931996305197112676780905841834621133432248118103742565583653438143388912 0 0 0 0 0 0 0 0 0 0 0 0 0 0 0 0 0 0 0 0 0 0 0 0 0 0 0 0 0 0 0 0 0 0 0 0 0 0 0 0 0 0 0 0 0 0 0 0 0 0 0 0 0 0 0 0 0 0 0 0 0 0 0 0 0 0 0 0 0 0 0 0 0 0 0 0 0 0 0 0 0 0 0 1 0 0 0 0 0 0 0 0 0 0 0 0 0 0]
[701707905901369659846502996057950519691648993718392253755006321664789390084281763244270630474193785919507698896558276084317105246581766870177668120068851303929969575477086697778259705959397335635411468467834305048308960144101460110870218940618703453254091910366306356550691426906527112377646354376 0 0 0 0 0 0 0 0 0 0 0 0 0 0 0 0 0 0 0 0 0 0 0 0 0 0 0 0 0 0 0 0 0 0 0 0 0 0 0 0 0 0 0 0 0 0 0 0 0 0 0 0 0 0 0 0 0 0 0 0 0 0 0 0 0 0 0 0 0 0 0 0 0 0 0 0 0 0 0 0 0 0 0 0 1 0 0 0 0 0 0 0 0 0 0 0 0 0]
[792771742374472414964516963286111021860807054365948620990797351215615948528463250457669668175996585460288912900844805008346867035760662955809197108531963500283899871650700730153799213435229812673056045085810218728656937070608767905044327958184015279581587671484219383089747007132684508592097294845 0 0 0 0 0 0 0 0 0 0 0 0 0 0 0 0 0 0 0 0 0 0 0 0 0 0 0 0 0 0 0 0 0 0 0 0 0 0 0 0 0 0 0 0 0 0 0 0 0 0 0 0 0 0 0 0 0 0 0 0 0 0 0 0 0 0 0 0 0 0 0 0 0 0 0 0 0 0 0 0 0 0 0 0 0 1 0 0 0 0 0 0 0 0 0 0 0 0]
[1717878575683311000092914050645394464506343804279615371367889187050240006272064150058532014642993717243100262219628338215823462669750536146256017242412630883196773143381075694633862256730222299957999666848757796133890436460723810093817040903336241935580701013530090285436389268292039067004398279795 0 0 0 0 0 0 0 0 0 0 0 0 0 0 0 0 0 0 0 0 0 0 0 0 0 0 0 0 0 0 0 0 0 0 0 0 0 0 0 0 0 0 0 0 0 0 0 0 0 0 0 0 0 0 0 0 0 0 0 0 0 0 0 0 0 0 0 0 0 0 0 0 0 0 0 0 0 0 0 0 0 0 0 0 0 0 1 0 0 0 0 0 0 0 0 0 0 0]
[1140850541930791654478611481569327166511804623351374043394931515251625987328214997601388868856289654491239796433434150102173698888722808698619006816717024595251806433983659083341712943462752384039603859038298968656575241062180708767527617876464346709319548951285215039383737695848493505728155611731 0 0 0 0 0 0 0 0 0 0 0 0 0 0 0 0 0 0 0 0 0 0 0 0 0 0 0 0 0 0 0 0 0 0 0 0 0 0 0 0 0 0 0 0 0 0 0 0 0 0 0 0 0 0 0 0 0 0 0 0 0 0 0 0 0 0 0 0 0 0 0 0 0 0 0 0 0 0 0 0 0 0 0 0 0 0 0 1 0 0 0 0 0 0 0 0 0 0]
[7943410135709115283801206420746977141776400859304574647649525174567156601062678195899086809511013842796128161246353000268984925588430033813925227331488903360467321961472407388379045622905526928533922206166600762685797386130937001249385033582420543367551890948989325614123026871704063544526529702569 0 0 0 0 0 0 0 0 0 0 0 0 0 0 0 0 0 0 0 0 0 0 0 0 0 0 0 0 0 0 0 0 0 0 0 0 0 0 0 0 0 0 0 0 0 0 0 0 0 0 0 0 0 0 0 0 0 0 0 0 0 0 0 0 0 0 0 0 0 0 0 0 0 0 0 0 0 0 0 0 0 0 0 0 0 0 0 0 1 0 0 0 0 0 0 0 0 0]
[5424496219818364129014771522283955232506923654948123728999473141749283314332945873904807739685948197114613270323230552336473151005475560880129580761494908697262700476123229717149667949466240995948118647249458054583789629324514677752285129579303562435391920182226992249126545992186470565449072249985 0 0 0 0 0 0 0 0 0 0 0 0 0 0 0 0 0 0 0 0 0 0 0 0 0 0 0 0 0 0 0 0 0 0 0 0 0 0 0 0 0 0 0 0 0 0 0 0 0 0 0 0 0 0 0 0 0 0 0 0 0 0 0 0 0 0 0 0 0 0 0 0 0 0 0 0 0 0 0 0 0 0 0 0 0 0 0 0 0 1 0 0 0 0 0 0 0 0]
[391803112457370510255822397142504824937783307128389639342110072315219499256182308089533813535571859837461177784470362680752911794653642417583104158738380329916457297683493344702357816877043431741529866146618169041874450476693948278132902507641321644354151622411987620690502935035571677694080577804 0 0 0 0 0 0 0 0 0 0 0 0 0 0 0 0 0 0 0 0 0 0 0 0 0 0 0 0 0 0 0 0 0 0 0 0 0 0 0 0 0 0 0 0 0 0 0 0 0 0 0 0 0 0 0 0 0 0 0 0 0 0 0 0 0 0 0 0 0 0 0 0 0 0 0 0 0 0 0 0 0 0 0 0 0 0 0 0 0 0 1 0 0 0 0 0 0 0]
[7936398706333578301088943073044966702564985987490597493582408984085029721279196420336875872573904927815509863721580394982140659709345435592938615199220609557425208435318503275934521112470099673365231256964168177600080823039338398307905221215261083702738533273010274392305139953663113475045554961501 0 0 0 0 0 0 0 0 0 0 0 0 0 0 0 0 0 0 0 0 0 0 0 0 0 0 0 0 0 0 0 0 0 0 0 0 0 0 0 0 0 0 0 0 0 0 0 0 0 0 0 0 0 0 0 0 0 0 0 0 0 0 0 0 0 0 0 0 0 0 0 0 0 0 0 0 0 0 0 0 0 0 0 0 0 0 0 0 0 0 0 1 0 0 0 0 0 0]
[1612069973087601401888533534837728660516977717042840887724369477825542556761148540239593224582952858131448419111369890323699420334304603526495545880872420283464594286060168097381755852690861434838826899773782908127470768349800213581675015322103060557269785273790602336051590090953822390977713106722 0 0 0 0 0 0 0 0 0 0 0 0 0 0 0 0 0 0 0 0 0 0 0 0 0 0 0 0 0 0 0 0 0 0 0 0 0 0 0 0 0 0 0 0 0 0 0 0 0 0 0 0 0 0 0 0 0 0 0 0 0 0 0 0 0 0 0 0 0 0 0 0 0 0 0 0 0 0 0 0 0 0 0 0 0 0 0 0 0 0 0 0 1 0 0 0 0 0]
[8989382462038520861453601079520646030163209641821584235221633311682683911698190294416520999014962181620187017127391284104081658762795703434950057726893968208114884220808058257304216106660676756460742333184535141986646508847258877677951488253666006158143283541440984433674128769100569761292958683825 0 0 0 0 0 0 0 0 0 0 0 0 0 0 0 0 0 0 0 0 0 0 0 0 0 0 0 0 0 0 0 0 0 0 0 0 0 0 0 0 0 0 0 0 0 0 0 0 0 0 0 0 0 0 0 0 0 0 0 0 0 0 0 0 0 0 0 0 0 0 0 0 0 0 0 0 0 0 0 0 0 0 0 0 0 0 0 0 0 0 0 0 0 1 0 0 0 0]
[1967716687588469262291497852843590247085210958619032403326642524613628209298712578153533701981006988430781792915397718712321866583085241783794538254536186908119358476339596463748201614973911491864881348665472477758648855351906332015842856700092665808178551877275569629267364423277547358918297488087 0 0 0 0 0 0 0 0 0 0 0 0 0 0 0 0 0 0 0 0 0 0 0 0 0 0 0 0 0 0 0 0 0 0 0 0 0 0 0 0 0 0 0 0 0 0 0 0 0 0 0 0 0 0 0 0 0 0 0 0 0 0 0 0 0 0 0 0 0 0 0 0 0 0 0 0 0 0 0 0 0 0 0 0 0 0 0 0 0 0 0 0 0 0 1 0 0 0]
[3032408506113034404902641214147456914994015046009424940768459989267846093412458680481074668463194568094704499952439977806657690974930764561801642043117940450024674153367224572121257243403689905143008934232710189632646909973282314446469045384007057350116258188285853053489757693747576544292123809315 0 0 0 0 0 0 0 0 0 0 0 0 0 0 0 0 0 0 0 0 0 0 0 0 0 0 0 0 0 0 0 0 0 0 0 0 0 0 0 0 0 0 0 0 0 0 0 0 0 0 0 0 0 0 0 0 0 0 0 0 0 0 0 0 0 0 0 0 0 0 0 0 0 0 0 0 0 0 0 0 0 0 0 0 0 0 0 0 0 0 0 0 0 0 0 1 0 0]
[1115913233855017673444047220898769291158749333979161751922187700517734188465811003743269761558965160182027930883747031651948520938974961219459131600046521479558422415780235127451100331349929920085064268650770019910113422640894850681903893512374761825752884085821582526015449046286438841289705513609 0 0 0 0 0 0 0 0 0 0 0 0 0 0 0 0 0 0 0 0 0 0 0 0 0 0 0 0 0 0 0 0 0 0 0 0 0 0 0 0 0 0 0 0 0 0 0 0 0 0 0 0 0 0 0 0 0 0 0 0 0 0 0 0 0 0 0 0 0 0 0 0 0 0 0 0 0 0 0 0 0 0 0 0 0 0 0 0 0 0 0 0 0 0 0 0 1 0]
[9196656828077688686717404149366092591730453116702493170695931277045267931560823314440761466821258706687833699776221772916118560359177339293674774424299744898305309229736432929745184920590053376653183833231473537939849429650222196949359080304011007700035818219396354996213376308237400717490146907264 0 0 0 0 0 0 0 0 0 0 0 0 0 0 0 0 0 0 0 0 0 0 0 0 0 0 0 0 0 0 0 0 0 0 0 0 0 0 0 0 0 0 0 0 0 0 0 0 0 0 0 0 0 0 0 0 0 0 0 0 0 0 0 0 0 0 0 0 0 0 0 0 0 0 0 0 0 0 0 0 0 0 0 0 0 0 0 0 0 0 0 0 0 0 0 0 0 1]
]
