[[8747619845066284834558292383185361920487028349350772586716765969410697959297954993654120238777465369543795835491594092692148779448422921271814968122292797887277502077654884300002402878167396657772638384074534378471534008192990457723431171745933201941272560625752923791408218425814817630680001682363 0 0 0 0 0 0 0 0 0 0 0 0 0 0 0 0 0 0 0 0 0 0 0 0 0 0 0 0 0 0 0 0 0 0 0 0 0 0 0 0 0 0 0 0 0 0 0 0 0 0 0 0 0 0 0 0 0 0 0 0 0 0 0 0 0 0 0 0 0 0 0 0 0 0 0 0 0 0 0 0 0 0 0 0 0 0 0 0 0 0 0 0 0 0 0 0 0 0]
[1982432092937309251948441909249332668687591366692174568232143657080531039650510672778499321205830995430865813506781815285420741485856279285751447105218386088237661881867836750111566583236668821251281331629966986845264937444870221873615507851317151177378990117944845116757683231180600718294801516082 1 0 0 0 0 0 0 0 0 0 0 0 0 0 0 0 0 0 0 0 0 0 0 0 0 0 0 0 0 0 0 0 0 0 0 0 0 0 0 0 0 0 0 0 0 0 0 0 0 0 0 0 0 0 0 0 0 0 0 0 0 0 0 0 0 0 0 0 0 0 0 0 0 0 0 0 0 0 0 0 0 0 0 0 0 0 0 0 0 0 0 0 0 0 0 0 0 0]
[517971528589812133583654786401464356768876316938322280106684491181653641388332706682029591617157562097702632696332113464944277596497744370212661283254436073330224092682630164931464530013088307042011759637317940930273519685446885037105211688026727304512714378301336948917107473287292837311037724160 0 1 0 0 0 0 0 0 0 0 0 0 0 0 0 0 0 0 0 0 0 0 0 0 0 0 0 0 0 0 0 0 0 0 0 0 0 0 0 0 0 0 0 0 0 0 0 0 0 0 0 0 0 0 0 0 0 0 0 0 0 0 0 0 0 0 0 0 0 0 0 0 0 0 0 0 0 0 0 0 0 0 0 0 0 0 0 0 0 0 0 0 0 0 0 0 0 0]
[6083051689794781625598946483610722993080767471500272112054098139459211674389657219819754901173058987733361245528419476679179646308302002239745035904158094169537571696199897511669538344025193398550673567132342193910875477449638626721783084082224917614017572572511729971999813043018556472476715400381 0 0 1 0 0 0 0 0 0 0 0 0 0 0 0 0 0 0 0 0 0 0 0 0 0 0 0 0 0 0 0 0 0 0 0 0 0 0 0 0 0 0 0 0 0 0 0 0 0 0 0 0 0 0 0 0 0 0 0 0 0 0 0 0 0 0 0 0 0 0 0 0 0 0 0 0 0 0 0 0 0 0 0 0 0 0 0 0 0 0 0 0 0 0 0 0 0 0]
[2319050797479251059215003096360392278493203746447058713980349863062256086062339167363653079819537842490962283183571192166721628157631052816394008880193421036263610633088310599675543179891536633859288274555345724026965462474226500458477038686487716028031038043809739428449927732280068210560061099635 0 0 0 1 0 0 0 0 0 0 0 0 0 0 0 0 0 0 0 0 0 0 0 0 0 0 0 0 0 0 0 0 0 0 0 0 0 0 0 0 0 0 0 0 0 0 0 0 0 0 0 0 0 0 0 0 0 0 0 0 0 0 0 0 0 0 0 0 0 0 0 0 0 0 0 0 0 0 0 0 0 0 0 0 0 0 0 0 0 0 0 0 0 0 0 0 0 0]
[8532744284953574155197825483543432042379634973743731035838334474660492124951162092219092525362023427322941831056705041381672418757779605470690380865774319838436338021977880424451829037305524241510135991027161606232612247822774450398635163202012847035252823429199279499634275291367510925850577576702 0 0 0 0 1 0 0 0 0 0 0 0 0 0 0 0 0 0 0 0 0 0 0 0 0 0 0 0 0 0 0 0 0 0 0 0 0 0 0 0 0 0 0 0 0 0 0 0 0 0 0 0 0 0 0 0 0 0 0 0 0 0 0 0 0 0 0 0 0 0 0 0 0 0 0 0 0 0 0 0 0 0 0 0 0 0 0 0 0 0 0 0 0 0 0 0 0 0]
[1525628301775108595915438835948076088872190370040255507664705110972681918012898736004644610132071187040748215040888149757984312036066842181870154300155890228320605366114121381130483792596674239244337623725226659675913413772833473118533263984677521558064290988652084156794315701379708148720075323718 0 0 0 0 0 1 0 0 0 0 0 0 0 0 0 0 0 0 0 0 0 0 0 0 0 0 0 0 0 0 0 0 0 0 0 0 0 0 0 0 0 0 0 0 0 0 0 0 0 0 0 0 0 0 0 0 0 0 0 0 0 0 0 0 0 0 0 0 0 0 0 0 0 0 0 0 0 0 0 0 0 0 0 0 0 0 0 0 0 0 0 0 0 0 0 0 0 0]
[3648599815300657991905853655047754948532005419885335895159722787894423070519281359676097613579262057596697204024414144541005586031233322966476565961493041187029720297139977434262280907406928474168481095033909715383887059628379505464312637164767904145968519529543584296533323815261285582120265761085 0 0 0 0 0 0 1 0 0 0 0 0 0 0 0 0 0 0 0 0 0 0 0 0 0 0 0 0 0 0 0 0 0 0 0 0 0 0 0 0 0 0 0 0 0 0 0 0 0 0 0 0 0 0 0 0 0 0 0 0 0 0 0 0 0 0 0 0 0 0 0 0 0 0 0 0 0 0 0 0 0 0 0 0 0 0 0 0 0 0 0 0 0 0 0 0 0 0]
[7955460507250204362041501967349907759695489605244372929653470902330590991028412223679296344996939274300568510280726981887106196811214059329516296081064546774593014584073408034768390598847334632883618875147974275154879232856500404670415249149655592807212745311700622567852394550993682836480366088832 0 0 0 0 0 0 0 1 0 0 0 0 0 0 0 0 0 0 0 0 0 0 0 0 0 0 0 0 0 0 0 0 0 0 0 0 0 0 0 0 0 0 0 0 0 0 0 0 0 0 0 0 0 0 0 0 0 0 0 0 0 0 0 0 0 0 0 0 0 0 0 0 0 0 0 0 0 0 0 0 0 0 0 0 0 0 0 0 0 0 0 0 0 0 0 0 0 0]
[2945165863062568987430605091978170744025612277356477550316454488573246508425049109148647083290249424488911672657102059557927867743631176014057087437800853732058123880514627181670285872519865351535848335847319172066855199083997432228762428255131731071334924688908718279097450801439129295531090666231 0 0 0 0 0 0 0 0 1 0 0 0 0 0 0 0 0 0 0 0 0 0 0 0 0 0 0 0 0 0 0 0 0 0 0 0 0 0 0 0 0 0 0 0 0 0 0 0 0 0 0 0 0 0 0 0 0 0 0 0 0 0 0 0 0 0 0 0 0 0 0 0 0 0 0 0 0 0 0 0 0 0 0 0 0 0 0 0 0 0 0 0 0 0 0 0 0 0]
[941379755118596112650101750547315414585107706837450102846544016705175307815181102790330835970008929969299856865967124887328709357047921731489800752616047026259086780902602792940635069156766468676384240397642627859983662324074476117630187997612211037234803254566463270034756911119792861665243485375 0 0 0 0 0 0 0 0 0 1 0 0 0 0 0 0 0 0 0 0 0 0 0 0 0 0 0 0 0 0 0 0 0 0 0 0 0 0 0 0 0 0 0 0 0 0 0 0 0 0 0 0 0 0 0 0 0 0 0 0 0 0 0 0 0 0 0 0 0 0 0 0 0 0 0 0 0 0 0 0 0 0 0 0 0 0 0 0 0 0 0 0 0 0 0 0 0 0]
[5196485794003271609068607579992941331594437330746502693879664513507783072347671533954799025662515589735504070942415766415151912727790778399197690402328009598938375492010388763456694839790864968394208178673410034197601120732274971993052425572788677604185670457588309346578328228128157233972546211781 0 0 0 0 0 0 0 0 0 0 1 0 0 0 0 0 0 0 0 0 0 0 0 0 0 0 0 0 0 0 0 0 0 0 0 0 0 0 0 0 0 0 0 0 0 0 0 0 0 0 0 0 0 0 0 0 0 0 0 0 0 0 0 0 0 0 0 0 0 0 0 0 0 0 0 0 0 0 0 0 0 0 0 0 0 0 0 0 0 0 0 0 0 0 0 0 0 0]
[1165861858923698512587565990307742290035049279028219663000855785474745017959214349128450210647147039863510068943747610317006724197748908727639036347932843139089460234818621755311590952048621464544755742617580429612939648791719515734895788714097495931073235078604845040884651663997579732631693728871 0 0 0 0 0 0 0 0 0 0 0 1 0 0 0 0 0 0 0 0 0 0 0 0 0 0 0 0 0 0 0 0 0 0 0 0 0 0 0 0 0 0 0 0 0 0 0 0 0 0 0 0 0 0 0 0 0 0 0 0 0 0 0 0 0 0 0 0 0 0 0 0 0 0 0 0 0 0 0 0 0 0 0 0 0 0 0 0 0 0 0 0 0 0 0 0 0 0]
[4195703688044577359920791248368488761919758532527618859659893844714422779329737509970230207750777882256524279595424784362740870399074853434362887063773090472899232373723171660506876153643239947937539981811226530139285883088897515028133520890809317219997115149821185818741497790891143163367278828763 0 0 0 0 0 0 0 0 0 0 0 0 1 0 0 0 0 0 0 0 0 0 0 0 0 0 0 0 0 0 0 0 0 0 0 0 0 0 0 0 0 0 0 0 0 0 0 0 0 0 0 0 0 0 0 0 0 0 0 0 0 0 0 0 0 0 0 0 0 0 0 0 0 0 0 0 0 0 0 0 0 0 0 0 0 0 0 0 0 0 0 0 0 0 0 0 0 0]
[4052471834675986749081301230409854064858800055246844353295485122774858111407263293635342404741104803145844426512012932848299257172351790770873645029858024937489965936918912725760577570025436957844289609170233942828811525752539643961797229026805974218981382282479099026446733533316435286287960986959 0 0 0 0 0 0 0 0 0 0 0 0 0 1 0 0 0 0 0 0 0 0 0 0 0 0 0 0 0 0 0 0 0 0 0 0 0 0 0 0 0 0 0 0 0 0 0 0 0 0 0 0 0 0 0 0 0 0 0 0 0 0 0 0 0 0 0 0 0 0 0 0 0 0 0 0 0 0 0 0 0 0 0 0 0 0 0 0 0 0 0 0 0 0 0 0 0 0]
[58206988690580736465620777428198624951369308258460156781432021502716696199993402904765945440377507620979250321653808728116084859650332138860178476602038303731299652426902571358049894713654340462460587709300332144541320073835722930495977073063223181881747112954944880438404842877738593421946767622 0 0 0 0 0 0 0 0 0 0 0 0 0 0 1 0 0 0 0 0 0 0 0 0 0 0 0 0 0 0 0 0 0 0 0 0 0 0 0 0 0 0 0 0 0 0 0 0 0 0 0 0 0 0 0 0 0 0 0 0 0 0 0 0 0 0 0 0 0 0 0 0 0 0 0 0 0 0 0 0 0 0 0 0 0 0 0 0 0 0 0 0 0 0 0 0 0 0]
[6177549540261426331499305639140233457487175031137233636177337390359518639204349341515539906216162501405823989081914101046957690673342727183064058706758090274123035747881123568617775055719709879071835501478000132943872407564287941701088844008398069107202119664155782163666461065942572421116584448126 0 0 0 0 0 0 0 0 0 0 0 0 0 0 0 1 0 0 0 0 0 0 0 0 0 0 0 0 0 0 0 0 0 0 0 0 0 0 0 0 0 0 0 0 0 0 0 0 0 0 0 0 0 0 0 0 0 0 0 0 0 0 0 0 0 0 0 0 0 0 0 0 0 0 0 0 0 0 0 0 0 0 0 0 0 0 0 0 0 0 0 0 0 0 0 0 0 0]
[6582875982564114618971411924906928640527828985852033894990790413617149566077480039272901265423300811042936379857037294120136174311895821456646891535814204810295052329180209692817899860605317704240169128726187444710538052584048060740823413029837659108566970711182178291818136122212354713592790986565 0 0 0 0 0 0 0 0 0 0 0 0 0 0 0 0 1 0 0 0 0 0 0 0 0 0 0 0 0 0 0 0 0 0 0 0 0 0 0 0 0 0 0 0 0 0 0 0 0 0 0 0 0 0 0 0 0 0 0 0 0 0 0 0 0 0 0 0 0 0 0 0 0 0 0 0 0 0 0 0 0 0 0 0 0 0 0 0 0 0 0 0 0 0 0 0 0 0]
[8320399375995868461130640765401740652505751053542622206537836220385836150819170287148702893414115869339570783722782881276813930645082406632121738925650507126258121305337989862233755757002581460260112169745591145544338708511021657087303186401803316814232448177125676495110533533223012219146511112182 0 0 0 0 0 0 0 0 0 0 0 0 0 0 0 0 0 1 0 0 0 0 0 0 0 0 0 0 0 0 0 0 0 0 0 0 0 0 0 0 0 0 0 0 0 0 0 0 0 0 0 0 0 0 0 0 0 0 0 0 0 0 0 0 0 0 0 0 0 0 0 0 0 0 0 0 0 0 0 0 0 0 0 0 0 0 0 0 0 0 0 0 0 0 0 0 0 0]
[3797735757444836365203585597831099134200853862147997273233451635053022844607389396672469058036842873665441974579699720063946990470556924132999498315460255660736889750997145235537257390299869351215477400995827837280470491597959922793043101812850998114889618758173044042276458889413765637568574976143 0 0 0 0 0 0 0 0 0 0 0 0 0 0 0 0 0 0 1 0 0 0 0 0 0 0 0 0 0 0 0 0 0 0 0 0 0 0 0 0 0 0 0 0 0 0 0 0 0 0 0 0 0 0 0 0 0 0 0 0 0 0 0 0 0 0 0 0 0 0 0 0 0 0 0 0 0 0 0 0 0 0 0 0 0 0 0 0 0 0 0 0 0 0 0 0 0 0]
[8136939483417184983784716898321760952429073251502831317035354016067884687887325201698204915301039106631098427475163759021491677714435416068877154450649327972678519252231165094428409715533597789313687941585369590193809971087276997425049182869543984640841016580649751717333792153131955227063539643570 0 0 0 0 0 0 0 0 0 0 0 0 0 0 0 0 0 0 0 1 0 0 0 0 0 0 0 0 0 0 0 0 0 0 0 0 0 0 0 0 0 0 0 0 0 0 0 0 0 0 0 0 0 0 0 0 0 0 0 0 0 0 0 0 0 0 0 0 0 0 0 0 0 0 0 0 0 0 0 0 0 0 0 0 0 0 0 0 0 0 0 0 0 0 0 0 0 0]
[2933996440070477197256111312813923970071502414741847756022685862133659253192483657037503142942622594960037542239123075916677091358346803388837666082834570527242519223113126297435311998326946177586582858793779328986468017447238451801527251548118598088105879088370606911445086490159239283887745097089 0 0 0 0 0 0 0 0 0 0 0 0 0 0 0 0 0 0 0 0 1 0 0 0 0 0 0 0 0 0 0 0 0 0 0 0 0 0 0 0 0 0 0 0 0 0 0 0 0 0 0 0 0 0 0 0 0 0 0 0 0 0 0 0 0 0 0 0 0 0 0 0 0 0 0 0 0 0 0 0 0 0 0 0 0 0 0 0 0 0 0 0 0 0 0 0 0 0]
[7900557870380931871870211311743828150828240713327083573201580141572572766994258318866345220615727016657945384351554030143910061642530137022083087760563356692173655839484656621845399778131639202632152010823206804055161920513400870444190761541771702305597686492345075224187825266171711758039654456162 0 0 0 0 0 0 0 0 0 0 0 0 0 0 0 0 0 0 0 0 0 1 0 0 0 0 0 0 0 0 0 0 0 0 0 0 0 0 0 0 0 0 0 0 0 0 0 0 0 0 0 0 0 0 0 0 0 0 0 0 0 0 0 0 0 0 0 0 0 0 0 0 0 0 0 0 0 0 0 0 0 0 0 0 0 0 0 0 0 0 0 0 0 0 0 0 0 0]
[7387845796011714864797742258508082765919395310333187696531491215571938472567104821381751427370444210161245693118410436727394935959392440778385711358755605182132166218252791289373535155194364502768868415239632568564665456161833744256195509651202668882867452636633282339886500656574056602251201296053 0 0 0 0 0 0 0 0 0 0 0 0 0 0 0 0 0 0 0 0 0 0 1 0 0 0 0 0 0 0 0 0 0 0 0 0 0 0 0 0 0 0 0 0 0 0 0 0 0 0 0 0 0 0 0 0 0 0 0 0 0 0 0 0 0 0 0 0 0 0 0 0 0 0 0 0 0 0 0 0 0 0 0 0 0 0 0 0 0 0 0 0 0 0 0 0 0 0]
[7230210594712416721384734673995276371787895860845825579373560689062556831971576693149112730987730398514428297293151946121995408233241687159724486528563619664634136679268439361767435001409718970632155129893799345581956567633399080161660036862702066013606847042740268599113462549794099755491678008705 0 0 0 0 0 0 0 0 0 0 0 0 0 0 0 0 0 0 0 0 0 0 0 1 0 0 0 0 0 0 0 0 0 0 0 0 0 0 0 0 0 0 0 0 0 0 0 0 0 0 0 0 0 0 0 0 0 0 0 0 0 0 0 0 0 0 0 0 0 0 0 0 0 0 0 0 0 0 0 0 0 0 0 0 0 0 0 0 0 0 0 0 0 0 0 0 0 0]
[8730524550278488971125359134108778404870899975510496860886321129208929322186774986048949494290735008050710011459679950541339882054147055272918954784712823682348044858528889618589981463255950952024240956361040618932760986959124395089801622919252870039388016403699257076930135258696019320709682370236 0 0 0 0 0 0 0 0 0 0 0 0 0 0 0 0 0 0 0 0 0 0 0 0 1 0 0 0 0 0 0 0 0 0 0 0 0 0 0 0 0 0 0 0 0 0 0 0 0 0 0 0 0 0 0 0 0 0 0 0 0 0 0 0 0 0 0 0 0 0 0 0 0 0 0 0 0 0 0 0 0 0 0 0 0 0 0 0 0 0 0 0 0 0 0 0 0 0]
[878462257734780950296880672989446611849956133386534256131473384272528961308445345565282758323539854378430501898911449719766051441673823695392796273756238466901746739355259658504951200206726102164129146710091588288562971353021391174355548784823296507882735180526877867307248419913057905237330899540 0 0 0 0 0 0 0 0 0 0 0 0 0 0 0 0 0 0 0 0 0 0 0 0 0 1 0 0 0 0 0 0 0 0 0 0 0 0 0 0 0 0 0 0 0 0 0 0 0 0 0 0 0 0 0 0 0 0 0 0 0 0 0 0 0 0 0 0 0 0 0 0 0 0 0 0 0 0 0 0 0 0 0 0 0 0 0 0 0 0 0 0 0 0 0 0 0 0]
[8134300714367137898842403073363369893505600980425413113268614616335830736760391438098411170300413664241367967355743088137836544199139667540618753999072987561178052837033322204609992839187288987390744167294179319214940689354470171095131031172330361427337970078324993227641819189492424164215723019608 0 0 0 0 0 0 0 0 0 0 0 0 0 0 0 0 0 0 0 0 0 0 0 0 0 0 1 0 0 0 0 0 0 0 0 0 0 0 0 0 0 0 0 0 0 0 0 0 0 0 0 0 0 0 0 0 0 0 0 0 0 0 0 0 0 0 0 0 0 0 0 0 0 0 0 0 0 0 0 0 0 0 0 0 0 0 0 0 0 0 0 0 0 0 0 0 0 0]
[4506397612310219114723420038768542730879861087520987424951122706848282807882641400382250781252142966611360051904270029031257609685840369362795158963400294763154973170842798075758524598524775465617621806136670258799666989869235465874897534414839218348251210252519492725927222495222677458449785458576 0 0 0 0 0 0 0 0 0 0 0 0 0 0 0 0 0 0 0 0 0 0 0 0 0 0 0 1 0 0 0 0 0 0 0 0 0 0 0 0 0 0 0 0 0 0 0 0 0 0 0 0 0 0 0 0 0 0 0 0 0 0 0 0 0 0 0 0 0 0 0 0 0 0 0 0 0 0 0 0 0 0 0 0 0 0 0 0 0 0 0 0 0 0 0 0 0 0]
[1097255846435307357572958241876816196926370371846653946066277987009070360337555978671051845536898650599029572620783330060465821677248563718300827473793671263339419754665130408293025476063591197909977727493380593970371445127985891473657311254194590942225259935290424175704966994733864126892909837549 0 0 0 0 0 0 0 0 0 0 0 0 0 0 0 0 0 0 0 0 0 0 0 0 0 0 0 0 1 0 0 0 0 0 0 0 0 0 0 0 0 0 0 0 0 0 0 0 0 0 0 0 0 0 0 0 0 0 0 0 0 0 0 0 0 0 0 0 0 0 0 0 0 0 0 0 0 0 0 0 0 0 0 0 0 0 0 0 0 0 0 0 0 0 0 0 0 0]
[6320166223659341478220827519542447542799386575401969210381312837566584383939061891813467809038252162763869461723061157961353249786026974777521690086054202014344517688866280339739658594160886500996119256173509806732130556363535305895598550386029484907644317470681997055457622906067904080890654758337 0 0 0 0 0 0 0 0 0 0 0 0 0 0 0 0 0 0 0 0 0 0 0 0 0 0 0 0 0 1 0 0 0 0 0 0 0 0 0 0 0 0 0 0 0 0 0 0 0 0 0 0 0 0 0 0 0 0 0 0 0 0 0 0 0 0 0 0 0 0 0 0 0 0 0 0 0 0 0 0 0 0 0 0 0 0 0 0 0 0 0 0 0 0 0 0 0 0]
[4845321314312850349620778563954516355007880966803277750392693393219977006246135081899449975809186973370290729585184820077457467169636191031079459462276334282849876642905332379931530960332672709793627999156023864003293212804420362326114502368727215213791472753365225157846706742715188168255172900646 0 0 0 0 0 0 0 0 0 0 0 0 0 0 0 0 0 0 0 0 0 0 0 0 0 0 0 0 0 0 1 0 0 0 0 0 0 0 0 0 0 0 0 0 0 0 0 0 0 0 0 0 0 0 0 0 0 0 0 0 0 0 0 0 0 0 0 0 0 0 0 0 0 0 0 0 0 0 0 0 0 0 0 0 0 0 0 0 0 0 0 0 0 0 0 0 0 0]
[1825517431576955690456369949022174573459677891685489267117205285422308481296401324049703121001533293225286884308486098081094195186813163850368674753119216612956139938353965984166548663870400718672966609686411915221465166254280308453045816135600099019546374175030784498858020660544548186313769186148 0 0 0 0 0 0 0 0 0 0 0 0 0 0 0 0 0 0 0 0 0 0 0 0 0 0 0 0 0 0 0 1 0 0 0 0 0 0 0 0 0 0 0 0 0 0 0 0 0 0 0 0 0 0 0 0 0 0 0 0 0 0 0 0 0 0 0 0 0 0 0 0 0 0 0 0 0 0 0 0 0 0 0 0 0 0 0 0 0 0 0 0 0 0 0 0 0 0]
[7150884460799787582395600625026372835699242756391629089913499419250118418055042889216255874335960378333719988162815708631111707100271317113655099170042986622930536629949661270255997800840069052933308382145649319281140659756239400763870602213433274710482605068494981656200501740547973104847699579785 0 0 0 0 0 0 0 0 0 0 0 0 0 0 0 0 0 0 0 0 0 0 0 0 0 0 0 0 0 0 0 0 1 0 0 0 0 0 0 0 0 0 0 0 0 0 0 0 0 0 0 0 0 0 0 0 0 0 0 0 0 0 0 0 0 0 0 0 0 0 0 0 0 0 0 0 0 0 0 0 0 0 0 0 0 0 0 0 0 0 0 0 0 0 0 0 0 0]
[789821920570192591956175443119171670867799314222283682691245003532865546122936415369230424023343070052891490204106496647741587290831961537350123231815401812244509924006237467572847362026314444299197134958904063354114397861383533768136362426655287538794791422348429813967903074844665595366093162001 0 0 0 0 0 0 0 0 0 0 0 0 0 0 0 0 0 0 0 0 0 0 0 0 0 0 0 0 0 0 0 0 0 1 0 0 0 0 0 0 0 0 0 0 0 0 0 0 0 0 0 0 0 0 0 0 0 0 0 0 0 0 0 0 0 0 0 0 0 0 0 0 0 0 0 0 0 0 0 0 0 0 0 0 0 0 0 0 0 0 0 0 0 0 0 0 0 0]
[8662005380951804728405636949971244856915484403784284464732628062692673468340116934241722627132867029492100921751325762169611812678172402835531122586820145496448465059678893152526660223912210833501949059382336194738235314203322605508345595891882506488190349573018900043369205533640813341643524370034 0 0 0 0 0 0 0 0 0 0 0 0 0 0 0 0 0 0 0 0 0 0 0 0 0 0 0 0 0 0 0 0 0 0 1 0 0 0 0 0 0 0 0 0 0 0 0 0 0 0 0 0 0 0 0 0 0 0 0 0 0 0 0 0 0 0 0 0 0 0 0 0 0 0 0 0 0 0 0 0 0 0 0 0 0 0 0 0 0 0 0 0 0 0 0 0 0 0]
[7621412772207432472981617096118720741995479789204295814758336100139863291078566901185575515454047138609687612965942827015414702798344180980470165852530195246254472583457113699498865500555689452187844652693425698497623861610866589498777006617750561473702331951456855390543597784106779800103280659910 0 0 0 0 0 0 0 0 0 0 0 0 0 0 0 0 0 0 0 0 0 0 0 0 0 0 0 0 0 0 0 0 0 0 0 1 0 0 0 0 0 0 0 0 0 0 0 0 0 0 0 0 0 0 0 0 0 0 0 0 0 0 0 0 0 0 0 0 0 0 0 0 0 0 0 0 0 0 0 0 0 0 0 0 0 0 0 0 0 0 0 0 0 0 0 0 0 0]
[6550707798928555255165403705813978607563871974216099364209986906605394181808779748423297207126117425694694794504916523951741776988487859479694264952220442935902776804031717429803144368953654832292246914133949145943725240425460250469856476366660029546994054869157148769811670457888812134048969155275 0 0 0 0 0 0 0 0 0 0 0 0 0 0 0 0 0 0 0 0 0 0 0 0 0 0 0 0 0 0 0 0 0 0 0 0 1 0 0 0 0 0 0 0 0 0 0 0 0 0 0 0 0 0 0 0 0 0 0 0 0 0 0 0 0 0 0 0 0 0 0 0 0 0 0 0 0 0 0 0 0 0 0 0 0 0 0 0 0 0 0 0 0 0 0 0 0 0]
[5937553895762020238104482792543639530101506011567135635589537463847890508889497513310024889992552420955621751210614919149856461975325576010063794937366186486764114107446221748378012500223839606624483137841315967405654501429524467203456892858020679052316266807064553659156742063652680255219925489552 0 0 0 0 0 0 0 0 0 0 0 0 0 0 0 0 0 0 0 0 0 0 0 0 0 0 0 0 0 0 0 0 0 0 0 0 0 1 0 0 0 0 0 0 0 0 0 0 0 0 0 0 0 0 0 0 0 0 0 0 0 0 0 0 0 0 0 0 0 0 0 0 0 0 0 0 0 0 0 0 0 0 0 0 0 0 0 0 0 0 0 0 0 0 0 0 0 0]
[4701179660424479996640043731696254967215920681929784281402847955288888743235944159999180038155506885380810920651333432904484074773105399128535632651926379823370000079175350065373210641781908133932716620217972059719482232660094634109295899682774582917560434977485573258176204168187292367713238099564 0 0 0 0 0 0 0 0 0 0 0 0 0 0 0 0 0 0 0 0 0 0 0 0 0 0 0 0 0 0 0 0 0 0 0 0 0 0 1 0 0 0 0 0 0 0 0 0 0 0 0 0 0 0 0 0 0 0 0 0 0 0 0 0 0 0 0 0 0 0 0 0 0 0 0 0 0 0 0 0 0 0 0 0 0 0 0 0 0 0 0 0 0 0 0 0 0 0]
[6629375582740565907488259537056109209178642099255618969168887391557994530695124712764009292175461326601753635659126636414045588796007968821323858968653376208750891725387236120648701429641839674553038898250638806521465666846915178328288927694717709514413383228415450469983436559290756809897294028144 0 0 0 0 0 0 0 0 0 0 0 0 0 0 0 0 0 0 0 0 0 0 0 0 0 0 0 0 0 0 0 0 0 0 0 0 0 0 0 1 0 0 0 0 0 0 0 0 0 0 0 0 0 0 0 0 0 0 0 0 0 0 0 0 0 0 0 0 0 0 0 0 0 0 0 0 0 0 0 0 0 0 0 0 0 0 0 0 0 0 0 0 0 0 0 0 0 0]
[2977231461796848837721081535564449065974513485242055919574007142939817087735272447327308239664188318901331049725362676575470896590095815566344390872604702170508033834240094609179674104798184555208500824777911506566904488850012650594329450104602866356022644457488719740334275503205587156052775328662 0 0 0 0 0 0 0 0 0 0 0 0 0 0 0 0 0 0 0 0 0 0 0 0 0 0 0 0 0 0 0 0 0 0 0 0 0 0 0 0 1 0 0 0 0 0 0 0 0 0 0 0 0 0 0 0 0 0 0 0 0 0 0 0 0 0 0 0 0 0 0 0 0 0 0 0 0 0 0 0 0 0 0 0 0 0 0 0 0 0 0 0 0 0 0 0 0 0]
[3388355512481441625765213116910577045810213554388300223207207337163166115923369959692158127376750152150807160071948291725910604537133101443826360199065738993248360974825529804148924084854461335135330035072505936918399949721840539813550426725364815008177689923171919900255862960217091500660645831544 0 0 0 0 0 0 0 0 0 0 0 0 0 0 0 0 0 0 0 0 0 0 0 0 0 0 0 0 0 0 0 0 0 0 0 0 0 0 0 0 0 1 0 0 0 0 0 0 0 0 0 0 0 0 0 0 0 0 0 0 0 0 0 0 0 0 0 0 0 0 0 0 0 0 0 0 0 0 0 0 0 0 0 0 0 0 0 0 0 0 0 0 0 0 0 0 0 0]
[5035694404074555189913496103562955254187074837555441695893928033718789237009942119727842524859857610964789006628745589225353824707204288187215940178859424826684354262749272851169060360163119149591969284174888001159555749693273513753268896590904472968789595925872862531192098678735449771480488097203 0 0 0 0 0 0 0 0 0 0 0 0 0 0 0 0 0 0 0 0 0 0 0 0 0 0 0 0 0 0 0 0 0 0 0 0 0 0 0 0 0 0 1 0 0 0 0 0 0 0 0 0 0 0 0 0 0 0 0 0 0 0 0 0 0 0 0 0 0 0 0 0 0 0 0 0 0 0 0 0 0 0 0 0 0 0 0 0 0 0 0 0 0 0 0 0 0 0]
[2554081805715007404731996848612041910710773328875380472408786249580213501587506846818645878878706574934482341486529057531035591817441001359568826790117040087579899628004718261283258263743583364463935947584487785193128732651173949695399667570958482571532718693797417619693398793146240923150947669155 0 0 0 0 0 0 0 0 0 0 0 0 0 0 0 0 0 0 0 0 0 0 0 0 0 0 0 0 0 0 0 0 0 0 0 0 0 0 0 0 0 0 0 1 0 0 0 0 0 0 0 0 0 0 0 0 0 0 0 0 0 0 0 0 0 0 0 0 0 0 0 0 0 0 0 0 0 0 0 0 0 0 0 0 0 0 0 0 0 0 0 0 0 0 0 0 0 0]
[4876909211848094942251143505746224703557782262845512525186468842529460188502603411681137045433540544531939898078629901532423667829319498224673030386960664883030651807879810391285263899801910075465796412929013988100201045155269545259228493783383616637545184275740751017777296505273260452089846884785 0 0 0 0 0 0 0 0 0 0 0 0 0 0 0 0 0 0 0 0 0 0 0 0 0 0 0 0 0 0 0 0 0 0 0 0 0 0 0 0 0 0 0 0 1 0 0 0 0 0 0 0 0 0 0 0 0 0 0 0 0 0 0 0 0 0 0 0 0 0 0 0 0 0 0 0 0 0 0 0 0 0 0 0 0 0 0 0 0 0 0 0 0 0 0 0 0 0]
[218752989001836578310114806315342597341943859138734179384209446626244335276696240893555991627638362867576964491593163983075215847637048830033480433990829422655292260379040996579626988064266831524858688498021826592197215848033307566496312064689160944336012032886763287314342491299840702143575300502 0 0 0 0 0 0 0 0 0 0 0 0 0 0 0 0 0 0 0 0 0 0 0 0 0 0 0 0 0 0 0 0 0 0 0 0 0 0 0 0 0 0 0 0 0 1 0 0 0 0 0 0 0 0 0 0 0 0 0 0 0 0 0 0 0 0 0 0 0 0 0 0 0 0 0 0 0 0 0 0 0 0 0 0 0 0 0 0 0 0 0 0 0 0 0 0 0 0]
[7875858214446586871337613148662597592416432076014855906458233108142508558987895705104234036377776057510166717158215741808005892387199860786875776260800608955850805423283437171886296049600404211581745709795924192530616180264946732512999895440999083437152019307575305243225384820142291646067201293299 0 0 0 0 0 0 0 0 0 0 0 0 0 0 0 0 0 0 0 0 0 0 0 0 0 0 0 0 0 0 0 0 0 0 0 0 0 0 0 0 0 0 0 0 0 0 1 0 0 0 0 0 0 0 0 0 0 0 0 0 0 0 0 0 0 0 0 0 0 0 0 0 0 0 0 0 0 0 0 0 0 0 0 0 0 0 0 0 0 0 0 0 0 0 0 0 0 0]
[78465385590604727209021481406926232148749064715818364113311806915323550170158342319078138286738061756748040692309370385027090915336185388171971145119495232071222564330218722686794029520952307461540066224746559600224348103872650077931199271030398509535537920281017359752718785639872653467383556306 0 0 0 0 0 0 0 0 0 0 0 0 0 0 0 0 0 0 0 0 0 0 0 0 0 0 0 0 0 0 0 0 0 0 0 0 0 0 0 0 0 0 0 0 0 0 0 1 0 0 0 0 0 0 0 0 0 0 0 0 0 0 0 0 0 0 0 0 0 0 0 0 0 0 0 0 0 0 0 0 0 0 0 0 0 0 0 0 0 0 0 0 0 0 0 0 0 0]
[3567691438974080485032952190389994532398356644248785281319475441899133876529404043099270125616783597158841164393175162201863556949648781775631652348314952378319297812638114961993754626645541916329722425037832374875092368103192859081805315234034445623802534477583678448569746560388056807370002341598 0 0 0 0 0 0 0 0 0 0 0 0 0 0 0 0 0 0 0 0 0 0 0 0 0 0 0 0 0 0 0 0 0 0 0 0 0 0 0 0 0 0 0 0 0 0 0 0 1 0 0 0 0 0 0 0 0 0 0 0 0 0 0 0 0 0 0 0 0 0 0 0 0 0 0 0 0 0 0 0 0 0 0 0 0 0 0 0 0 0 0 0 0 0 0 0 0 0]
[7998161351890323951361259792840924162431822840191990619550214410393153992082225417908009345165874999271340916882352056830160811092278813088249691462624919166769635694456745732535145973810781204033557176811693304543564218568859889110489669096900351874971773591305469010589856666161532514907081052617 0 0 0 0 0 0 0 0 0 0 0 0 0 0 0 0 0 0 0 0 0 0 0 0 0 0 0 0 0 0 0 0 0 0 0 0 0 0 0 0 0 0 0 0 0 0 0 0 0 1 0 0 0 0 0 0 0 0 0 0 0 0 0 0 0 0 0 0 0 0 0 0 0 0 0 0 0 0 0 0 0 0 0 0 0 0 0 0 0 0 0 0 0 0 0 0 0 0]
[4713757011831661552096910093610332091823667289924296796926385343364997605713033373304774297063076520344502469563643593450767984895444960846586770970331925248343653372103958310593627332796677761387939988730362436612705400435711079484821998445696344198016018743533258731487282379249585678107660591047 0 0 0 0 0 0 0 0 0 0 0 0 0 0 0 0 0 0 0 0 0 0 0 0 0 0 0 0 0 0 0 0 0 0 0 0 0 0 0 0 0 0 0 0 0 0 0 0 0 0 1 0 0 0 0 0 0 0 0 0 0 0 0 0 0 0 0 0 0 0 0 0 0 0 0 0 0 0 0 0 0 0 0 0 0 0 0 0 0 0 0 0 0 0 0 0 0 0]
[6072762923398402089032056166636538935942091014046154221748573498181759872495765216118015080814323977748949419548438444721528292537572487035723946562797528334743557880534010425219311130900031679317489806382181721327557574520839711695110771889909635940062115095500982523477007100499619396495650340221 0 0 0 0 0 0 0 0 0 0 0 0 0 0 0 0 0 0 0 0 0 0 0 0 0 0 0 0 0 0 0 0 0 0 0 0 0 0 0 0 0 0 0 0 0 0 0 0 0 0 0 1 0 0 0 0 0 0 0 0 0 0 0 0 0 0 0 0 0 0 0 0 0 0 0 0 0 0 0 0 0 0 0 0 0 0 0 0 0 0 0 0 0 0 0 0 0 0]
[8456176363472621575914568961917642464318073260426913267039470507630503945387715669362172896471909469544188955538002554736336743390499736090375390038014858809419966153006427433464117746730730967387295738582981824775481539757873940709347573229992158634828001213052136871240011802205740447595122003185 0 0 0 0 0 0 0 0 0 0 0 0 0 0 0 0 0 0 0 0 0 0 0 0 0 0 0 0 0 0 0 0 0 0 0 0 0 0 0 0 0 0 0 0 0 0 0 0 0 0 0 0 1 0 0 0 0 0 0 0 0 0 0 0 0 0 0 0 0 0 0 0 0 0 0 0 0 0 0 0 0 0 0 0 0 0 0 0 0 0 0 0 0 0 0 0 0 0]
[5903161390228891202855620655911927920765729275151885205641583864471025023618672214420725831535262020140316433565945334438393197839096996514711223345267667711433442624542956218297289635019904594034152494842441100710192882436800564399076972067882022068029066658503061923301535007697879442427858148732 0 0 0 0 0 0 0 0 0 0 0 0 0 0 0 0 0 0 0 0 0 0 0 0 0 0 0 0 0 0 0 0 0 0 0 0 0 0 0 0 0 0 0 0 0 0 0 0 0 0 0 0 0 1 0 0 0 0 0 0 0 0 0 0 0 0 0 0 0 0 0 0 0 0 0 0 0 0 0 0 0 0 0 0 0 0 0 0 0 0 0 0 0 0 0 0 0 0]
[2551386444147488296597448481321999294843107651564924184800070077040685328814354502066319543931913487023928692852913320629918143973448462298867598195147546201922406300307939576345106555378674949013926688238113272955702494438306288426738155840795704163044958852303020065894872260200259957025769710569 0 0 0 0 0 0 0 0 0 0 0 0 0 0 0 0 0 0 0 0 0 0 0 0 0 0 0 0 0 0 0 0 0 0 0 0 0 0 0 0 0 0 0 0 0 0 0 0 0 0 0 0 0 0 1 0 0 0 0 0 0 0 0 0 0 0 0 0 0 0 0 0 0 0 0 0 0 0 0 0 0 0 0 0 0 0 0 0 0 0 0 0 0 0 0 0 0 0]
[6797460448567498737723341595262760074712952104397634273841096593439079782656829098980710760078865203191840393944082800886657652430117614854859297655735849790022557906241614553020087366897369693796844223635460575125690173389402905213176343044152468975252894447371368109616241600853111761794844673147 0 0 0 0 0 0 0 0 0 0 0 0 0 0 0 0 0 0 0 0 0 0 0 0 0 0 0 0 0 0 0 0 0 0 0 0 0 0 0 0 0 0 0 0 0 0 0 0 0 0 0 0 0 0 0 1 0 0 0 0 0 0 0 0 0 0 0 0 0 0 0 0 0 0 0 0 0 0 0 0 0 0 0 0 0 0 0 0 0 0 0 0 0 0 0 0 0 0]
[3234390204424370544102221210597349397570463778445344808437499393952866775363463348402685940422099025885430240422670650833098327835195105886564843784832916076829904785891197055238299371844886054348716630167672978095604422884759955751451601672584215711275025040535957532988603809798396435352414536859 0 0 0 0 0 0 0 0 0 0 0 0 0 0 0 0 0 0 0 0 0 0 0 0 0 0 0 0 0 0 0 0 0 0 0 0 0 0 0 0 0 0 0 0 0 0 0 0 0 0 0 0 0 0 0 0 1 0 0 0 0 0 0 0 0 0 0 0 0 0 0 0 0 0 0 0 0 0 0 0 0 0 0 0 0 0 0 0 0 0 0 0 0 0 0 0 0 0]
[8712461289434473498711718932280812786354136655188294772606982899734460089349737916226151642002434220865977574862117266249329286577136021519840067968506247560696286041259355345794120133577640922869993459844159931066209328527027202433948237271944633256386912639532681356702873019937990661587485647158 0 0 0 0 0 0 0 0 0 0 0 0 0 0 0 0 0 0 0 0 0 0 0 0 0 0 0 0 0 0 0 0 0 0 0 0 0 0 0 0 0 0 0 0 0 0 0 0 0 0 0 0 0 0 0 0 0 1 0 0 0 0 0 0 0 0 0 0 0 0 0 0 0 0 0 0 0 0 0 0 0 0 0 0 0 0 0 0 0 0 0 0 0 0 0 0 0 0]
[5876542099947414404323320716225525312041086942802786174689233014291732053442292294317367770873059639034434037232955317595698997999465691681012345521409069772482766691864251142591094167780669549391516768497311951855118123703428180957964161146648228919816653762510773050981041014023797268647389832013 0 0 0 0 0 0 0 0 0 0 0 0 0 0 0 0 0 0 0 0 0 0 0 0 0 0 0 0 0 0 0 0 0 0 0 0 0 0 0 0 0 0 0 0 0 0 0 0 0 0 0 0 0 0 0 0 0 0 1 0 0 0 0 0 0 0 0 0 0 0 0 0 0 0 0 0 0 0 0 0 0 0 0 0 0 0 0 0 0 0 0 0 0 0 0 0 0 0]
[608915586928360690915566814581289408519634560609269268375371671963886315550572943171007248946065655925791940024062182199711732652451772387437436142110967785455012701226197542160115110007497464129881810593695525806069218898398438775055392679485687051292170798343940710960853435314136215736440796360 0 0 0 0 0 0 0 0 0 0 0 0 0 0 0 0 0 0 0 0 0 0 0 0 0 0 0 0 0 0 0 0 0 0 0 0 0 0 0 0 0 0 0 0 0 0 0 0 0 0 0 0 0 0 0 0 0 0 0 1 0 0 0 0 0 0 0 0 0 0 0 0 0 0 0 0 0 0 0 0 0 0 0 0 0 0 0 0 0 0 0 0 0 0 0 0 0 0]
[3344782021003976468735593842584993074631120407230698100075806302497005239164324765239539640311218480678473319973885517135528165005155498588023255383262509598654245494325553989336093965291630896653228278262089399323356760873988804168746374258051974937157419708067153650924693492737725649255843799080 0 0 0 0 0 0 0 0 0 0 0 0 0 0 0 0 0 0 0 0 0 0 0 0 0 0 0 0 0 0 0 0 0 0 0 0 0 0 0 0 0 0 0 0 0 0 0 0 0 0 0 0 0 0 0 0 0 0 0 0 1 0 0 0 0 0 0 0 0 0 0 0 0 0 0 0 0 0 0 0 0 0 0 0 0 0 0 0 0 0 0 0 0 0 0 0 0 0]
[996320372302575826113494753475065506800047852105051741865136906884404562226345965830333617033947751116534440515232370243497157202211073350693883417152421987521809255737219922978930189873388124414382117088490146081835627387672908353019398308632820520745886938752481740443721220966797084823300192777 0 0 0 0 0 0 0 0 0 0 0 0 0 0 0 0 0 0 0 0 0 0 0 0 0 0 0 0 0 0 0 0 0 0 0 0 0 0 0 0 0 0 0 0 0 0 0 0 0 0 0 0 0 0 0 0 0 0 0 0 0 1 0 0 0 0 0 0 0 0 0 0 0 0 0 0 0 0 0 0 0 0 0 0 0 0 0 0 0 0 0 0 0 0 0 0 0 0]
[8140467945578058495892883398123087628088854920147156460322758927058357641143389308728449820747493568900821909005340105572666775680753924165669384980295688774063042495683555851613471933733211981483911991504953545909739494127955620625954083965901599250379374478088742362493742430624067940774835714245 0 0 0 0 0 0 0 0 0 0 0 0 0 0 0 0 0 0 0 0 0 0 0 0 0 0 0 0 0 0 0 0 0 0 0 0 0 0 0 0 0 0 0 0 0 0 0 0 0 0 0 0 0 0 0 0 0 0 0 0 0 0 1 0 0 0 0 0 0 0 0 0 0 0 0 0 0 0 0 0 0 0 0 0 0 0 0 0 0 0 0 0 0 0 0 0 0 0]
[1264909616074680819413740150347907613302874990366689894714955749795436857900701480490000702209272742506511257520609726722482366689737133539730064303000186369803882324086268205124926937518628498180713066965533062751108120651739227237915907967843919661163214827044903677114095993914115337225474417768 0 0 0 0 0 0 0 0 0 0 0 0 0 0 0 0 0 0 0 0 0 0 0 0 0 0 0 0 0 0 0 0 0 0 0 0 0 0 0 0 0 0 0 0 0 0 0 0 0 0 0 0 0 0 0 0 0 0 0 0 0 0 0 1 0 0 0 0 0 0 0 0 0 0 0 0 0 0 0 0 0 0 0 0 0 0 0 0 0 0 0 0 0 0 0 0 0 0]
[8054611502227391708840393405821076007130593581916404932639865060528886805668182714252309344870202194763825823447019802060949773665339144872007619457459150880641147669758786177733938456897009135376363689096851420800376142082659583576412900527556418133944298201933042690650154048426120785443601216544 0 0 0 0 0 0 0 0 0 0 0 0 0 0 0 0 0 0 0 0 0 0 0 0 0 0 0 0 0 0 0 0 0 0 0 0 0 0 0 0 0 0 0 0 0 0 0 0 0 0 0 0 0 0 0 0 0 0 0 0 0 0 0 0 1 0 0 0 0 0 0 0 0 0 0 0 0 0 0 0 0 0 0 0 0 0 0 0 0 0 0 0 0 0 0 0 0 0]
[4513494672659376474518680474319980354708165773423755128463404398039126092972796631004308914550593359336452322617503028107583902091059890002472815355146449955662831396505961347463977827426207706881330836748530459280921162038228337268493583775777388067868281707533090137025996581316125334223796738014 0 0 0 0 0 0 0 0 0 0 0 0 0 0 0 0 0 0 0 0 0 0 0 0 0 0 0 0 0 0 0 0 0 0 0 0 0 0 0 0 0 0 0 0 0 0 0 0 0 0 0 0 0 0 0 0 0 0 0 0 0 0 0 0 0 1 0 0 0 0 0 0 0 0 0 0 0 0 0 0 0 0 0 0 0 0 0 0 0 0 0 0 0 0 0 0 0 0]
[6878898815966300123522345887849178844089277127343564025532235715609643026107492665678478508724100651677749625188152000352851968931384117246704638154799703199576864919968083729547851065802663038169976437715173592669784366585524226339770166538627123333275509205101827842386035378770738112049108794430 0 0 0 0 0 0 0 0 0 0 0 0 0 0 0 0 0 0 0 0 0 0 0 0 0 0 0 0 0 0 0 0 0 0 0 0 0 0 0 0 0 0 0 0 0 0 0 0 0 0 0 0 0 0 0 0 0 0 0 0 0 0 0 0 0 0 1 0 0 0 0 0 0 0 0 0 0 0 0 0 0 0 0 0 0 0 0 0 0 0 0 0 0 0 0 0 0 0]
[5925744786977974024531641394089753258918709728567435336460273743598145689629998028084378684072075553296331220505212295639458597999531453435440043326640989407748105882791488657566649919796845320880988150994590939632175260684481304070761064017012531270467891925746600569272622101265329935723967908392 0 0 0 0 0 0 0 0 0 0 0 0 0 0 0 0 0 0 0 0 0 0 0 0 0 0 0 0 0 0 0 0 0 0 0 0 0 0 0 0 0 0 0 0 0 0 0 0 0 0 0 0 0 0 0 0 0 0 0 0 0 0 0 0 0 0 0 1 0 0 0 0 0 0 0 0 0 0 0 0 0 0 0 0 0 0 0 0 0 0 0 0 0 0 0 0 0 0]
[2496558627969227505208016836183972882953003482516851020591478137660073902945390287315641148674039712957160733621884308296985257656336388800215916847334582169719334995485181903888898126635049106239295353598420240693432865910146426980374673828358660520204169424969959472079953490624081941646742506112 0 0 0 0 0 0 0 0 0 0 0 0 0 0 0 0 0 0 0 0 0 0 0 0 0 0 0 0 0 0 0 0 0 0 0 0 0 0 0 0 0 0 0 0 0 0 0 0 0 0 0 0 0 0 0 0 0 0 0 0 0 0 0 0 0 0 0 0 1 0 0 0 0 0 0 0 0 0 0 0 0 0 0 0 0 0 0 0 0 0 0 0 0 0 0 0 0 0]
[854008293627224800548016710062194804656571412946738271044180123802445410172717605979785814880516746028307507894392634928780770197241156170756133664458325394088311589599017813445355417713755231739895834159448008281301850106240347954127738311856300159487564759867093028881804612268010970310589448487 0 0 0 0 0 0 0 0 0 0 0 0 0 0 0 0 0 0 0 0 0 0 0 0 0 0 0 0 0 0 0 0 0 0 0 0 0 0 0 0 0 0 0 0 0 0 0 0 0 0 0 0 0 0 0 0 0 0 0 0 0 0 0 0 0 0 0 0 0 1 0 0 0 0 0 0 0 0 0 0 0 0 0 0 0 0 0 0 0 0 0 0 0 0 0 0 0 0]
[6321656972174695561458932359178161501149940096633524844608447843501182207095357532044641218165945241686841178696275132280797247670374968091227309117365562537761702504867407551326634368379292215457497092123964786608725422742305200411414821101584805474446452039956442006813536771287098300604030320740 0 0 0 0 0 0 0 0 0 0 0 0 0 0 0 0 0 0 0 0 0 0 0 0 0 0 0 0 0 0 0 0 0 0 0 0 0 0 0 0 0 0 0 0 0 0 0 0 0 0 0 0 0 0 0 0 0 0 0 0 0 0 0 0 0 0 0 0 0 0 1 0 0 0 0 0 0 0 0 0 0 0 0 0 0 0 0 0 0 0 0 0 0 0 0 0 0 0]
[3691598598616132276459562445982465207331986395981484354679876530378031580451203729817628954539179705503790602427246812443141567467553691311587337307574978071529517148194957777807262949872640743295916714680741303421990073687718567424045898317209930095524877879895493060427577787880136822750046017072 0 0 0 0 0 0 0 0 0 0 0 0 0 0 0 0 0 0 0 0 0 0 0 0 0 0 0 0 0 0 0 0 0 0 0 0 0 0 0 0 0 0 0 0 0 0 0 0 0 0 0 0 0 0 0 0 0 0 0 0 0 0 0 0 0 0 0 0 0 0 0 1 0 0 0 0 0 0 0 0 0 0 0 0 0 0 0 0 0 0 0 0 0 0 0 0 0 0]
[5744958932781673877033320267387021690657221029679082693063519309353136746822170851666066405999416676220489478419953980536404615603718596158171811210561173572479505390927449886694151845336256431610568147022175839172033059851519941814899374130438915364493977720147471067177575989425453966015607058029 0 0 0 0 0 0 0 0 0 0 0 0 0 0 0 0 0 0 0 0 0 0 0 0 0 0 0 0 0 0 0 0 0 0 0 0 0 0 0 0 0 0 0 0 0 0 0 0 0 0 0 0 0 0 0 0 0 0 0 0 0 0 0 0 0 0 0 0 0 0 0 0 1 0 0 0 0 0 0 0 0 0 0 0 0 0 0 0 0 0 0 0 0 0 0 0 0 0]
[7500389935850100632229702637089290771708404615482202040516023606248715998913063637577148700819821245305274675905824742190457528717401738506751017186041611249124863091867622153594315927378760799660056620714213588578072894874454051490988509484027557127740969789712801846967535913300480167025687649681 0 0 0 0 0 0 0 0 0 0 0 0 0 0 0 0 0 0 0 0 0 0 0 0 0 0 0 0 0 0 0 0 0 0 0 0 0 0 0 0 0 0 0 0 0 0 0 0 0 0 0 0 0 0 0 0 0 0 0 0 0 0 0 0 0 0 0 0 0 0 0 0 0 1 0 0 0 0 0 0 0 0 0 0 0 0 0 0 0 0 0 0 0 0 0 0 0 0]
[5527196289597019641860960092353065482661955211561783176972086159321787695080184079044455183473053227072834418439967055703965782048576409457288754912833091106231308255130319058706453700209968032621531461959596743893446262496596308832626100149924649384818389025948391640208067352480754817485936592836 0 0 0 0 0 0 0 0 0 0 0 0 0 0 0 0 0 0 0 0 0 0 0 0 0 0 0 0 0 0 0 0 0 0 0 0 0 0 0 0 0 0 0 0 0 0 0 0 0 0 0 0 0 0 0 0 0 0 0 0 0 0 0 0 0 0 0 0 0 0 0 0 0 0 1 0 0 0 0 0 0 0 0 0 0 0 0 0 0 0 0 0 0 0 0 0 0 0]
[1267482628768186599959548845204710671696579344041607901488830210295846441583940139429900244841953336804770544030862020361822793374071467752423151920833528828582759251786658226373431756364247884313100075802886211561896779152823350277414827303300780431626605338663704348834760504239506545344156678327 0 0 0 0 0 0 0 0 0 0 0 0 0 0 0 0 0 0 0 0 0 0 0 0 0 0 0 0 0 0 0 0 0 0 0 0 0 0 0 0 0 0 0 0 0 0 0 0 0 0 0 0 0 0 0 0 0 0 0 0 0 0 0 0 0 0 0 0 0 0 0 0 0 0 0 1 0 0 0 0 0 0 0 0 0 0 0 0 0 0 0 0 0 0 0 0 0 0]
[5399267064034609574169859068530141098785540994066375786692582215083728051645045582911462336643562565863714078204163131138711342385025720098876646686109053896284421810469224649296597687181803757969598692537461684337071203477342540939496818698949589774345548607990694249255530786038719531887228998254 0 0 0 0 0 0 0 0 0 0 0 0 0 0 0 0 0 0 0 0 0 0 0 0 0 0 0 0 0 0 0 0 0 0 0 0 0 0 0 0 0 0 0 0 0 0 0 0 0 0 0 0 0 0 0 0 0 0 0 0 0 0 0 0 0 0 0 0 0 0 0 0 0 0 0 0 1 0 0 0 0 0 0 0 0 0 0 0 0 0 0 0 0 0 0 0 0 0]
[2932311006193583535342709180556576520198129133419139530014389631526303897768206836230192379018882345834696356482583697640207882107723799048821555693358640018249247226571151604181802700844961996278407747077008924631328703437657759846127024260323627565730245972759865535216013808535193946630548315040 0 0 0 0 0 0 0 0 0 0 0 0 0 0 0 0 0 0 0 0 0 0 0 0 0 0 0 0 0 0 0 0 0 0 0 0 0 0 0 0 0 0 0 0 0 0 0 0 0 0 0 0 0 0 0 0 0 0 0 0 0 0 0 0 0 0 0 0 0 0 0 0 0 0 0 0 0 1 0 0 0 0 0 0 0 0 0 0 0 0 0 0 0 0 0 0 0 0]
[7644364170739805233132054927743681067673453086361390431245534395183582422966229596553242016648385780643643638607916112300989979730322450745590511712941776354622244225048510130619081442139029482559654336633669590296994176238064287271314858310019523210527054053549958009378771229225044775471671224769 0 0 0 0 0 0 0 0 0 0 0 0 0 0 0 0 0 0 0 0 0 0 0 0 0 0 0 0 0 0 0 0 0 0 0 0 0 0 0 0 0 0 0 0 0 0 0 0 0 0 0 0 0 0 0 0 0 0 0 0 0 0 0 0 0 0 0 0 0 0 0 0 0 0 0 0 0 0 1 0 0 0 0 0 0 0 0 0 0 0 0 0 0 0 0 0 0 0]
[6607639561561553354566890097069436443849441659113787416544973729635074416616970231316615499606579571278163865269012558262251769413433316315089343625702551601885048118074381944306242312871941898996041967120777183892590195913090912144282551416228250929377551568750230305489407137485164991805454928701 0 0 0 0 0 0 0 0 0 0 0 0 0 0 0 0 0 0 0 0 0 0 0 0 0 0 0 0 0 0 0 0 0 0 0 0 0 0 0 0 0 0 0 0 0 0 0 0 0 0 0 0 0 0 0 0 0 0 0 0 0 0 0 0 0 0 0 0 0 0 0 0 0 0 0 0 0 0 0 1 0 0 0 0 0 0 0 0 0 0 0 0 0 0 0 0 0 0]
[4802160538176935180796622694129415316427026370493639119223030741263832595888414124846031505496981663940049590543873797888355240899892049920770064783718437044260043760911069268537443643330428378159006429919553276881501723750475761480179282631393837677844443093452067533516394733624474216458001435672 0 0 0 0 0 0 0 0 0 0 0 0 0 0 0 0 0 0 0 0 0 0 0 0 0 0 0 0 0 0 0 0 0 0 0 0 0 0 0 0 0 0 0 0 0 0 0 0 0 0 0 0 0 0 0 0 0 0 0 0 0 0 0 0 0 0 0 0 0 0 0 0 0 0 0 0 0 0 0 0 1 0 0 0 0 0 0 0 0 0 0 0 0 0 0 0 0 0]
[4276723072681450371218530157268977657147158573576169727031210254826227577782326506017737229896680495650186284069172056835898044899826387524111848796251820924053324565754213449938803009326472265985578335976578211291989305266017309941965331852529782126676478076281184103702428481194848453392951735143 0 0 0 0 0 0 0 0 0 0 0 0 0 0 0 0 0 0 0 0 0 0 0 0 0 0 0 0 0 0 0 0 0 0 0 0 0 0 0 0 0 0 0 0 0 0 0 0 0 0 0 0 0 0 0 0 0 0 0 0 0 0 0 0 0 0 0 0 0 0 0 0 0 0 0 0 0 0 0 0 0 1 0 0 0 0 0 0 0 0 0 0 0 0 0 0 0 0]
[2845963665689520053940923994951587571307097977040130083632143518430721650493958057140782189806261648034014872739065784016715795657426919324392455394004239840574023553281135920274695914619856360091018962273973386339373553928273877125118784685072616883334307588638583222693086587901805271309219114618 0 0 0 0 0 0 0 0 0 0 0 0 0 0 0 0 0 0 0 0 0 0 0 0 0 0 0 0 0 0 0 0 0 0 0 0 0 0 0 0 0 0 0 0 0 0 0 0 0 0 0 0 0 0 0 0 0 0 0 0 0 0 0 0 0 0 0 0 0 0 0 0 0 0 0 0 0 0 0 0 0 0 1 0 0 0 0 0 0 0 0 0 0 0 0 0 0 0]
[1323914574503971871067905149586779425014101172599755013334556228009680254613665113189598617048275700193699459292730477828242494955182067783447508601294457653614604174863797471268826492169768749095897077984483813330330210009740286599623742394362331572950885953382778463720547146882803325881081151229 0 0 0 0 0 0 0 0 0 0 0 0 0 0 0 0 0 0 0 0 0 0 0 0 0 0 0 0 0 0 0 0 0 0 0 0 0 0 0 0 0 0 0 0 0 0 0 0 0 0 0 0 0 0 0 0 0 0 0 0 0 0 0 0 0 0 0 0 0 0 0 0 0 0 0 0 0 0 0 0 0 0 0 1 0 0 0 0 0 0 0 0 0 0 0 0 0 0]
[2790114068025616630996916394345412692959350527682588399316397735156115246792004002599321788205584845003774591388841106601625636747575405338160275400280468863229580235991495320928935803500467382300429872442539666974264807911328444256110910459098445199064494627901908982645738455530028322572659341697 0 0 0 0 0 0 0 0 0 0 0 0 0 0 0 0 0 0 0 0 0 0 0 0 0 0 0 0 0 0 0 0 0 0 0 0 0 0 0 0 0 0 0 0 0 0 0 0 0 0 0 0 0 0 0 0 0 0 0 0 0 0 0 0 0 0 0 0 0 0 0 0 0 0 0 0 0 0 0 0 0 0 0 0 1 0 0 0 0 0 0 0 0 0 0 0 0 0]
[1671959326760973458699844318454531111378109522070803593980712762721593159684820637422222134599217816224960248445128034842118747064138357966299882450332150123664774077335715972096396842518466854072763212930710971120162869407882439933524126606999234382959442682677705036681090260657395315135359365420 0 0 0 0 0 0 0 0 0 0 0 0 0 0 0 0 0 0 0 0 0 0 0 0 0 0 0 0 0 0 0 0 0 0 0 0 0 0 0 0 0 0 0 0 0 0 0 0 0 0 0 0 0 0 0 0 0 0 0 0 0 0 0 0 0 0 0 0 0 0 0 0 0 0 0 0 0 0 0 0 0 0 0 0 0 1 0 0 0 0 0 0 0 0 0 0 0 0]
[899659380561016030427336293079462198212436292179803478687505427402123994434436823960594286561625580290121862039590100266839975930103824509021230957010537240743755938282381453196225904847551159547246841973625217796521781808624537857759986760557183017606597457006942471159155163563204376737960820205 0 0 0 0 0 0 0 0 0 0 0 0 0 0 0 0 0 0 0 0 0 0 0 0 0 0 0 0 0 0 0 0 0 0 0 0 0 0 0 0 0 0 0 0 0 0 0 0 0 0 0 0 0 0 0 0 0 0 0 0 0 0 0 0 0 0 0 0 0 0 0 0 0 0 0 0 0 0 0 0 0 0 0 0 0 0 1 0 0 0 0 0 0 0 0 0 0 0]
[5311903011492254389144109782672643285132464826633391670060682790046870453341938061084366048137641437583095040266369828017964333087353985575658522608674426596646579323783079032253394670542642689274936308618264768146792713657795179020207568001419140341774730994720467862172714053598057417407814213186 0 0 0 0 0 0 0 0 0 0 0 0 0 0 0 0 0 0 0 0 0 0 0 0 0 0 0 0 0 0 0 0 0 0 0 0 0 0 0 0 0 0 0 0 0 0 0 0 0 0 0 0 0 0 0 0 0 0 0 0 0 0 0 0 0 0 0 0 0 0 0 0 0 0 0 0 0 0 0 0 0 0 0 0 0 0 0 1 0 0 0 0 0 0 0 0 0 0]
[7175211749163155863598179027580286984451044379503915868735233561188056453535219357907438200830653498873993175939164983458494566095772998669407745012937897498856203119562361688545006455463735857893451459336601638343284067737448683752902735847266565499562495576763982349861194171653774918860474793594 0 0 0 0 0 0 0 0 0 0 0 0 0 0 0 0 0 0 0 0 0 0 0 0 0 0 0 0 0 0 0 0 0 0 0 0 0 0 0 0 0 0 0 0 0 0 0 0 0 0 0 0 0 0 0 0 0 0 0 0 0 0 0 0 0 0 0 0 0 0 0 0 0 0 0 0 0 0 0 0 0 0 0 0 0 0 0 0 1 0 0 0 0 0 0 0 0 0]
[2224952360323042794631492690183218761755119719823797671255928095939469372077679762900796628370103913051218248045611026825614347546550518960922610113146862858654767460172939452467713449995847623056493188704019574485948756398143541206850737835990493416188792735446523773967479013293018834026064530133 0 0 0 0 0 0 0 0 0 0 0 0 0 0 0 0 0 0 0 0 0 0 0 0 0 0 0 0 0 0 0 0 0 0 0 0 0 0 0 0 0 0 0 0 0 0 0 0 0 0 0 0 0 0 0 0 0 0 0 0 0 0 0 0 0 0 0 0 0 0 0 0 0 0 0 0 0 0 0 0 0 0 0 0 0 0 0 0 0 1 0 0 0 0 0 0 0 0]
[3551981116498352183728382753785055853294927534983401016938544195050746117136358153105112266951665177018829264247364084495389330965759700103956789651501245503652292317885529019188769304236725048091587644757778338334531354575687830302169884918941522753598382070442710842618182990586071367450225531449 0 0 0 0 0 0 0 0 0 0 0 0 0 0 0 0 0 0 0 0 0 0 0 0 0 0 0 0 0 0 0 0 0 0 0 0 0 0 0 0 0 0 0 0 0 0 0 0 0 0 0 0 0 0 0 0 0 0 0 0 0 0 0 0 0 0 0 0 0 0 0 0 0 0 0 0 0 0 0 0 0 0 0 0 0 0 0 0 0 0 1 0 0 0 0 0 0 0]
[6447202792322456132989122723843615059638982007800869852192097653028662092040604222964876844955342852877298646456090454833182189575416774561907820912404023779305963410812206642307417919413997135005790574576578571839305300731440883497966508197588422675315547704024918541167690938351154371284060056579 0 0 0 0 0 0 0 0 0 0 0 0 0 0 0 0 0 0 0 0 0 0 0 0 0 0 0 0 0 0 0 0 0 0 0 0 0 0 0 0 0 0 0 0 0 0 0 0 0 0 0 0 0 0 0 0 0 0 0 0 0 0 0 0 0 0 0 0 0 0 0 0 0 0 0 0 0 0 0 0 0 0 0 0 0 0 0 0 0 0 0 1 0 0 0 0 0 0]
[3043427821107201275844000450078668781553786047939822731002101110169879121608274837402184815731961184890284194989137066036584532047787478129770218808744774109819536699805237761780785033102716476103003100751161089799847005693417112533064181297402246898144550427398580029639333078249091686682156560860 0 0 0 0 0 0 0 0 0 0 0 0 0 0 0 0 0 0 0 0 0 0 0 0 0 0 0 0 0 0 0 0 0 0 0 0 0 0 0 0 0 0 0 0 0 0 0 0 0 0 0 0 0 0 0 0 0 0 0 0 0 0 0 0 0 0 0 0 0 0 0 0 0 0 0 0 0 0 0 0 0 0 0 0 0 0 0 0 0 0 0 0 1 0 0 0 0 0]
[6825080344610564974723156032038730398289366376699668712894898069981867441985211551413684030831703055245676213789628508780476468540311534801195459048261783725766153511941042354741902531131229795058822978495911547056444219095887959359582011193674431273276849114441461165423622945180576956927400880921 0 0 0 0 0 0 0 0 0 0 0 0 0 0 0 0 0 0 0 0 0 0 0 0 0 0 0 0 0 0 0 0 0 0 0 0 0 0 0 0 0 0 0 0 0 0 0 0 0 0 0 0 0 0 0 0 0 0 0 0 0 0 0 0 0 0 0 0 0 0 0 0 0 0 0 0 0 0 0 0 0 0 0 0 0 0 0 0 0 0 0 0 0 1 0 0 0 0]
[2099938298398987263557342425029365683777503940827263698044446642438114092924067670445617558763653172500920672632727764462476012815141983589481513138192229949482199117781850451593376242918961570682850462526326123312419059537639524814615896225298290146185476714783377392294955577775173353303957549808 0 0 0 0 0 0 0 0 0 0 0 0 0 0 0 0 0 0 0 0 0 0 0 0 0 0 0 0 0 0 0 0 0 0 0 0 0 0 0 0 0 0 0 0 0 0 0 0 0 0 0 0 0 0 0 0 0 0 0 0 0 0 0 0 0 0 0 0 0 0 0 0 0 0 0 0 0 0 0 0 0 0 0 0 0 0 0 0 0 0 0 0 0 0 1 0 0 0]
[6717407398422687443491271835039938945707962714454141220484444839523095744304828011336497587349011929590659583831249878354956553842619777423775540612247967154546881996124964110413406569591024566264035484398631049796384179993690108665081394201281516944891363815168793036340608602353349596533599645004 0 0 0 0 0 0 0 0 0 0 0 0 0 0 0 0 0 0 0 0 0 0 0 0 0 0 0 0 0 0 0 0 0 0 0 0 0 0 0 0 0 0 0 0 0 0 0 0 0 0 0 0 0 0 0 0 0 0 0 0 0 0 0 0 0 0 0 0 0 0 0 0 0 0 0 0 0 0 0 0 0 0 0 0 0 0 0 0 0 0 0 0 0 0 0 1 0 0]
[2767169935879820389451772226800217430771474370283738789450380856307830979085776856911649818696807151371014979659789254872042028691293924451711663516104284682638503273151178427941273324947109947898945099097416097715808386039420013909067683156184726371453859834476828898715572383162439123037216909552 0 0 0 0 0 0 0 0 0 0 0 0 0 0 0 0 0 0 0 0 0 0 0 0 0 0 0 0 0 0 0 0 0 0 0 0 0 0 0 0 0 0 0 0 0 0 0 0 0 0 0 0 0 0 0 0 0 0 0 0 0 0 0 0 0 0 0 0 0 0 0 0 0 0 0 0 0 0 0 0 0 0 0 0 0 0 0 0 0 0 0 0 0 0 0 0 1 0]
[6914408503122378393171190597729190360680350579165725912883621860642422440759260581273224206401551977330249896262763260786472239337044501560848922792056340680389019486918117062317771023430836493912909810192279516141115800271573338318955722490380342491132874103677740964851816601387201620708862966158 0 0 0 0 0 0 0 0 0 0 0 0 0 0 0 0 0 0 0 0 0 0 0 0 0 0 0 0 0 0 0 0 0 0 0 0 0 0 0 0 0 0 0 0 0 0 0 0 0 0 0 0 0 0 0 0 0 0 0 0 0 0 0 0 0 0 0 0 0 0 0 0 0 0 0 0 0 0 0 0 0 0 0 0 0 0 0 0 0 0 0 0 0 0 0 0 0 1]
]
