[[5368856132898223349996640554872887160042980603342830399761813296953885431207804412007538621553667673034044034478564261810879940656812249508464020714442594764860485077090499844049482002346820143100919057422302879147865928133282609770742550323119846252735724273164129 0 0 0 0 0 0 0 0 0 0 0 0 0 0 0 0 0 0 0 0 0 0 0 0 0 0 0 0 0 0 0 0 0 0 0 0 0 0 0 0 0 0 0 0 0 0 0 0 0 0 0 0 0 0 0 0 0 0 0 0 0 0 0 0 0 0 0 0 0 0 0 0 0 0 0 0 0 0 0 0 0 0 0 0 0 0 0]
[1463871670296273152687352983697100772326612295309378351246622095634921352184320893988693032847201032524423812645995778856342007201033699907627314640070141237302653680674146536207044860504186703051355684889760495645619799605186682077272199688631864029227545048771737 1 0 0 0 0 0 0 0 0 0 0 0 0 0 0 0 0 0 0 0 0 0 0 0 0 0 0 0 0 0 0 0 0 0 0 0 0 0 0 0 0 0 0 0 0 0 0 0 0 0 0 0 0 0 0 0 0 0 0 0 0 0 0 0 0 0 0 0 0 0 0 0 0 0 0 0 0 0 0 0 0 0 0 0 0 0 0]
[1060911826279581920786306617254027633245869119347819975782287974613209472720079210670356224844275177746751401656784132622332209438644715802022940410152105738067025499389342689065306551460236114871049374680694690688365500626344992232226139146480597624824030727816353 0 1 0 0 0 0 0 0 0 0 0 0 0 0 0 0 0 0 0 0 0 0 0 0 0 0 0 0 0 0 0 0 0 0 0 0 0 0 0 0 0 0 0 0 0 0 0 0 0 0 0 0 0 0 0 0 0 0 0 0 0 0 0 0 0 0 0 0 0 0 0 0 0 0 0 0 0 0 0 0 0 0 0 0 0 0 0]
[3897529279001745623182646290191070405964908001512967954156256609955313847931199839440692525225995730655303028775919519637955400634632698116511336595708279346141434046398128545804302195851314565904815374716189473701464782856631495005093532984445157119484050105504210 0 0 1 0 0 0 0 0 0 0 0 0 0 0 0 0 0 0 0 0 0 0 0 0 0 0 0 0 0 0 0 0 0 0 0 0 0 0 0 0 0 0 0 0 0 0 0 0 0 0 0 0 0 0 0 0 0 0 0 0 0 0 0 0 0 0 0 0 0 0 0 0 0 0 0 0 0 0 0 0 0 0 0 0 0 0 0]
[1488597834193058481327484030790776512580171916820357672140284544114805033214494148931068028828682597706130236975473807680216147011187436206306960923723572908325920348593170202159627529412506095268300863850170523307110681417593634965760601103061411490621255441961058 0 0 0 1 0 0 0 0 0 0 0 0 0 0 0 0 0 0 0 0 0 0 0 0 0 0 0 0 0 0 0 0 0 0 0 0 0 0 0 0 0 0 0 0 0 0 0 0 0 0 0 0 0 0 0 0 0 0 0 0 0 0 0 0 0 0 0 0 0 0 0 0 0 0 0 0 0 0 0 0 0 0 0 0 0 0 0]
[349380616137095599789293313000936417287561845258236383711408497887561692494353383012823863641604981650978164298546928178232492332065062492348419302268985380229221195477020092804152982190446513736038788774107539729662077239784266256728690941248538918345929315762865 0 0 0 0 1 0 0 0 0 0 0 0 0 0 0 0 0 0 0 0 0 0 0 0 0 0 0 0 0 0 0 0 0 0 0 0 0 0 0 0 0 0 0 0 0 0 0 0 0 0 0 0 0 0 0 0 0 0 0 0 0 0 0 0 0 0 0 0 0 0 0 0 0 0 0 0 0 0 0 0 0 0 0 0 0 0 0]
[4561969870090805554189047970180078670348442797234721463873340146768151641224307777458186123374932183563937649214753383334636381774002617567568363013359737789889505597359114793324780945971986107344886268901030236243615654759366397725875546581326389167386091910052542 0 0 0 0 0 1 0 0 0 0 0 0 0 0 0 0 0 0 0 0 0 0 0 0 0 0 0 0 0 0 0 0 0 0 0 0 0 0 0 0 0 0 0 0 0 0 0 0 0 0 0 0 0 0 0 0 0 0 0 0 0 0 0 0 0 0 0 0 0 0 0 0 0 0 0 0 0 0 0 0 0 0 0 0 0 0 0]
[2129520664714324183378563042848004133093431361144515077820045949794706738653409174854701846197737109165971385957012158426786704558148509094922088048954143610140239880340649914203587993757043058251249871911235822519157074195928887506420298011835629905337256089877775 0 0 0 0 0 0 1 0 0 0 0 0 0 0 0 0 0 0 0 0 0 0 0 0 0 0 0 0 0 0 0 0 0 0 0 0 0 0 0 0 0 0 0 0 0 0 0 0 0 0 0 0 0 0 0 0 0 0 0 0 0 0 0 0 0 0 0 0 0 0 0 0 0 0 0 0 0 0 0 0 0 0 0 0 0 0 0]
[2080488734400825749264473840854012870296266237742304595388694761693639728909423560025644494343545192221070093133948595009211475945650146551978117820131872805487021443715056957108373199622333056237687308287742059595599461697803248404657448125339617992718744585272899 0 0 0 0 0 0 0 1 0 0 0 0 0 0 0 0 0 0 0 0 0 0 0 0 0 0 0 0 0 0 0 0 0 0 0 0 0 0 0 0 0 0 0 0 0 0 0 0 0 0 0 0 0 0 0 0 0 0 0 0 0 0 0 0 0 0 0 0 0 0 0 0 0 0 0 0 0 0 0 0 0 0 0 0 0 0 0]
[4735018024647917292945253294572054997364561387505838690852607099897405256152680006044263408924040248677529344246885655416700486979473595734388116222035227936879612479982553084490288359747024432900771546938912534622703907386642827296499454956399855436422320600133987 0 0 0 0 0 0 0 0 1 0 0 0 0 0 0 0 0 0 0 0 0 0 0 0 0 0 0 0 0 0 0 0 0 0 0 0 0 0 0 0 0 0 0 0 0 0 0 0 0 0 0 0 0 0 0 0 0 0 0 0 0 0 0 0 0 0 0 0 0 0 0 0 0 0 0 0 0 0 0 0 0 0 0 0 0 0 0]
[1389081713168096822166859172179620082356958464241102710938828104591610738097442452156330810369853995851391032223539398667116489432144747012544516331941625053526444955187092543484468260534018232332122947598387035976281695315348978776421334303565917064638320570982868 0 0 0 0 0 0 0 0 0 1 0 0 0 0 0 0 0 0 0 0 0 0 0 0 0 0 0 0 0 0 0 0 0 0 0 0 0 0 0 0 0 0 0 0 0 0 0 0 0 0 0 0 0 0 0 0 0 0 0 0 0 0 0 0 0 0 0 0 0 0 0 0 0 0 0 0 0 0 0 0 0 0 0 0 0 0 0]
[3608828910982736686426066611708316918967057541999687456742258455484095825643034208843805866974794456660558789411821701387675813575430441427020557893091769543618153903570560324534080406896818416984452315159889419930840612259947957605493970597828082474882864703503715 0 0 0 0 0 0 0 0 0 0 1 0 0 0 0 0 0 0 0 0 0 0 0 0 0 0 0 0 0 0 0 0 0 0 0 0 0 0 0 0 0 0 0 0 0 0 0 0 0 0 0 0 0 0 0 0 0 0 0 0 0 0 0 0 0 0 0 0 0 0 0 0 0 0 0 0 0 0 0 0 0 0 0 0 0 0 0]
[3107468245147718612431382363020469958864012955461990280640273841813552227903885138111136663096923325050511273725589052982882822860241682027014992898068048994307721469572553131343242108721515187113201016026975232293280068383459227459926829560222273482939400200818681 0 0 0 0 0 0 0 0 0 0 0 1 0 0 0 0 0 0 0 0 0 0 0 0 0 0 0 0 0 0 0 0 0 0 0 0 0 0 0 0 0 0 0 0 0 0 0 0 0 0 0 0 0 0 0 0 0 0 0 0 0 0 0 0 0 0 0 0 0 0 0 0 0 0 0 0 0 0 0 0 0 0 0 0 0 0 0]
[3555587069136929518958594441096729289069029012923261147921845611178052109474728973614568881973401965628603449066274887650848899843264153781548543387591237946211881687238435507690639379569973903508179967616834768529850013363699544350803957131993035674660824069015429 0 0 0 0 0 0 0 0 0 0 0 0 1 0 0 0 0 0 0 0 0 0 0 0 0 0 0 0 0 0 0 0 0 0 0 0 0 0 0 0 0 0 0 0 0 0 0 0 0 0 0 0 0 0 0 0 0 0 0 0 0 0 0 0 0 0 0 0 0 0 0 0 0 0 0 0 0 0 0 0 0 0 0 0 0 0 0]
[92659097608574338408510073318073964835100620072354274978017661909966917778684996211546349149047001064103385726388092586058819741692998742732131810039277814078375926652792602472330726561733539652758791584558490701725376494069634461711930049971316889502839760577865 0 0 0 0 0 0 0 0 0 0 0 0 0 1 0 0 0 0 0 0 0 0 0 0 0 0 0 0 0 0 0 0 0 0 0 0 0 0 0 0 0 0 0 0 0 0 0 0 0 0 0 0 0 0 0 0 0 0 0 0 0 0 0 0 0 0 0 0 0 0 0 0 0 0 0 0 0 0 0 0 0 0 0 0 0 0 0]
[2857959549679927213149630391393541360876878958634026538345861330738168687467714485496182227152612304894791981709348180503451456231614416827466225150178355542956515568652481316173802549251290514994780781714624487017441751353507924049450110349048875394506558008766717 0 0 0 0 0 0 0 0 0 0 0 0 0 0 1 0 0 0 0 0 0 0 0 0 0 0 0 0 0 0 0 0 0 0 0 0 0 0 0 0 0 0 0 0 0 0 0 0 0 0 0 0 0 0 0 0 0 0 0 0 0 0 0 0 0 0 0 0 0 0 0 0 0 0 0 0 0 0 0 0 0 0 0 0 0 0 0]
[1056524407535836334217081709944168856836529041435208927451494632745077971331914699740308947322910210150432562716243977244017088081887190160288695525320035803133925934724033723882539359172911413774636633643511038148733734693712259827787908646786599435534322079652238 0 0 0 0 0 0 0 0 0 0 0 0 0 0 0 1 0 0 0 0 0 0 0 0 0 0 0 0 0 0 0 0 0 0 0 0 0 0 0 0 0 0 0 0 0 0 0 0 0 0 0 0 0 0 0 0 0 0 0 0 0 0 0 0 0 0 0 0 0 0 0 0 0 0 0 0 0 0 0 0 0 0 0 0 0 0 0]
[4169593793441475147193391817567164834395244273576462875301595572371687230180115552432982995475627498305189733923463212392828696894953046058750084231268097814036604049315704029574184165466684906454715830769477166648193925133394874840566627966964838597564749336440581 0 0 0 0 0 0 0 0 0 0 0 0 0 0 0 0 1 0 0 0 0 0 0 0 0 0 0 0 0 0 0 0 0 0 0 0 0 0 0 0 0 0 0 0 0 0 0 0 0 0 0 0 0 0 0 0 0 0 0 0 0 0 0 0 0 0 0 0 0 0 0 0 0 0 0 0 0 0 0 0 0 0 0 0 0 0 0]
[3320095805601097855639564722491936709015736983190134334552587069542964588653722849028258405110040608038515580837422417545799204027645683553358243853502324485089469705695473154968011019428381458667974764815611526621194688677511799388710465893039917812978742885340807 0 0 0 0 0 0 0 0 0 0 0 0 0 0 0 0 0 1 0 0 0 0 0 0 0 0 0 0 0 0 0 0 0 0 0 0 0 0 0 0 0 0 0 0 0 0 0 0 0 0 0 0 0 0 0 0 0 0 0 0 0 0 0 0 0 0 0 0 0 0 0 0 0 0 0 0 0 0 0 0 0 0 0 0 0 0 0]
[1521971440774600717824439219280139842419262308090245910300510005540758086325834797891389091306913428876755632586898596064146522659358392729746141365405889391987047368550669518458194373361394092034967377384216200744607709621519646944928883625406693132627132086299211 0 0 0 0 0 0 0 0 0 0 0 0 0 0 0 0 0 0 1 0 0 0 0 0 0 0 0 0 0 0 0 0 0 0 0 0 0 0 0 0 0 0 0 0 0 0 0 0 0 0 0 0 0 0 0 0 0 0 0 0 0 0 0 0 0 0 0 0 0 0 0 0 0 0 0 0 0 0 0 0 0 0 0 0 0 0 0]
[4603724980597911269023419885574306336703771340558014137583967085078238507887055573336899462489188001022471501389736044226475804634116652768846147398698375961345727382328704605611246231446033810338371226689011210609898537790094015971381229653206376196671800409244415 0 0 0 0 0 0 0 0 0 0 0 0 0 0 0 0 0 0 0 1 0 0 0 0 0 0 0 0 0 0 0 0 0 0 0 0 0 0 0 0 0 0 0 0 0 0 0 0 0 0 0 0 0 0 0 0 0 0 0 0 0 0 0 0 0 0 0 0 0 0 0 0 0 0 0 0 0 0 0 0 0 0 0 0 0 0 0]
[868294576925534906319510790309802639070843766672906804921597690565266014266805355822006667613406418827684461335658723563766704600660680422514545510741656602729354817463048844051688113827386734611735380477192228564022573785579167570985754367833020019523651658148301 0 0 0 0 0 0 0 0 0 0 0 0 0 0 0 0 0 0 0 0 1 0 0 0 0 0 0 0 0 0 0 0 0 0 0 0 0 0 0 0 0 0 0 0 0 0 0 0 0 0 0 0 0 0 0 0 0 0 0 0 0 0 0 0 0 0 0 0 0 0 0 0 0 0 0 0 0 0 0 0 0 0 0 0 0 0 0]
[884339633485188164666855400377367923805891666946692657909297123868983594504900452470751036017168609539006774278224328088323166596407826114068555909185221141773649795845743020980577530653321354812502823459438824794707575372260052098691785459638867021597213648438223 0 0 0 0 0 0 0 0 0 0 0 0 0 0 0 0 0 0 0 0 0 1 0 0 0 0 0 0 0 0 0 0 0 0 0 0 0 0 0 0 0 0 0 0 0 0 0 0 0 0 0 0 0 0 0 0 0 0 0 0 0 0 0 0 0 0 0 0 0 0 0 0 0 0 0 0 0 0 0 0 0 0 0 0 0 0 0]
[3846080632920862746721936408979419804450859067846255759540375402699314326243008973950163892439085219506550946570440843005009875405863129318325025241435997905797013098254980452751296243549835256528419096501179098502571060029382671804618570987307502582366917089734990 0 0 0 0 0 0 0 0 0 0 0 0 0 0 0 0 0 0 0 0 0 0 1 0 0 0 0 0 0 0 0 0 0 0 0 0 0 0 0 0 0 0 0 0 0 0 0 0 0 0 0 0 0 0 0 0 0 0 0 0 0 0 0 0 0 0 0 0 0 0 0 0 0 0 0 0 0 0 0 0 0 0 0 0 0 0 0]
[1542001357728863694662086371191954640676867583353803890450358934302763100855955298263003269937890998294686916054102347428071905798099677259176685460103802240579114345729595432235268844939270842057999200469865400767201985577106913982979187837921584126006210995535131 0 0 0 0 0 0 0 0 0 0 0 0 0 0 0 0 0 0 0 0 0 0 0 1 0 0 0 0 0 0 0 0 0 0 0 0 0 0 0 0 0 0 0 0 0 0 0 0 0 0 0 0 0 0 0 0 0 0 0 0 0 0 0 0 0 0 0 0 0 0 0 0 0 0 0 0 0 0 0 0 0 0 0 0 0 0 0]
[3913647463220144136764946333293675401642384263552181326755947856142620874052358471994509904349722072692110099554681546024541274095155307267227915861731521610426739276785469752427522079610367715200200817189735753856536306481265200096966370720885670930692969318108584 0 0 0 0 0 0 0 0 0 0 0 0 0 0 0 0 0 0 0 0 0 0 0 0 1 0 0 0 0 0 0 0 0 0 0 0 0 0 0 0 0 0 0 0 0 0 0 0 0 0 0 0 0 0 0 0 0 0 0 0 0 0 0 0 0 0 0 0 0 0 0 0 0 0 0 0 0 0 0 0 0 0 0 0 0 0 0]
[4471585155629356557220333364580701162343306131114003949940802695260827907012759527508530475744256334057955699491855739283145439104202542025335331075228004760799484960226009914358652773274768196839415230148505968477332448253959185956095265570069726693570980123717349 0 0 0 0 0 0 0 0 0 0 0 0 0 0 0 0 0 0 0 0 0 0 0 0 0 1 0 0 0 0 0 0 0 0 0 0 0 0 0 0 0 0 0 0 0 0 0 0 0 0 0 0 0 0 0 0 0 0 0 0 0 0 0 0 0 0 0 0 0 0 0 0 0 0 0 0 0 0 0 0 0 0 0 0 0 0 0]
[3762681648486586163390466087959197027708793445586906583234711709331373090604913324963950657053905679686703706767349315051976297622462661444245308264834109978504904359407486138934909581877452291130582537669034842425188348837132238069048125976687520091089410505217333 0 0 0 0 0 0 0 0 0 0 0 0 0 0 0 0 0 0 0 0 0 0 0 0 0 0 1 0 0 0 0 0 0 0 0 0 0 0 0 0 0 0 0 0 0 0 0 0 0 0 0 0 0 0 0 0 0 0 0 0 0 0 0 0 0 0 0 0 0 0 0 0 0 0 0 0 0 0 0 0 0 0 0 0 0 0 0]
[2400175307426177755735692471819746719450209120955855359021860988759622326400694364335865814159757004118698249318367875704528340830806385399540536583603015641317777124251558623397960203556939942233109707352268696025536764704015556070970071205858569649070704161156205 0 0 0 0 0 0 0 0 0 0 0 0 0 0 0 0 0 0 0 0 0 0 0 0 0 0 0 1 0 0 0 0 0 0 0 0 0 0 0 0 0 0 0 0 0 0 0 0 0 0 0 0 0 0 0 0 0 0 0 0 0 0 0 0 0 0 0 0 0 0 0 0 0 0 0 0 0 0 0 0 0 0 0 0 0 0 0]
[3421746993063792493004186430311951601658981892138352767429212841162170717860269823234472436883546725272336254185217376998426290548951430598257068761702885738450571226165809445826342514695492084481845827278091356124404809266105176646731474172955481002903657486922163 0 0 0 0 0 0 0 0 0 0 0 0 0 0 0 0 0 0 0 0 0 0 0 0 0 0 0 0 1 0 0 0 0 0 0 0 0 0 0 0 0 0 0 0 0 0 0 0 0 0 0 0 0 0 0 0 0 0 0 0 0 0 0 0 0 0 0 0 0 0 0 0 0 0 0 0 0 0 0 0 0 0 0 0 0 0 0]
[389678868095808008989666668101442085326538018443747528405057737337965415106886571580897279291028035131969009337524742035609451695582822717591385388996801678143374213047017678456322708431767352959994797535633176666622612831960141755426464167011101166006552318886758 0 0 0 0 0 0 0 0 0 0 0 0 0 0 0 0 0 0 0 0 0 0 0 0 0 0 0 0 0 1 0 0 0 0 0 0 0 0 0 0 0 0 0 0 0 0 0 0 0 0 0 0 0 0 0 0 0 0 0 0 0 0 0 0 0 0 0 0 0 0 0 0 0 0 0 0 0 0 0 0 0 0 0 0 0 0 0]
[2907650763887230026054392277939322024345931111071670514098498173741874239875652218955456472355407041744921559035527019278257506317449899791868985986244646224456785695307946684894064009541944238992114049428302429662567503603043598684629922325324818724858975794766732 0 0 0 0 0 0 0 0 0 0 0 0 0 0 0 0 0 0 0 0 0 0 0 0 0 0 0 0 0 0 1 0 0 0 0 0 0 0 0 0 0 0 0 0 0 0 0 0 0 0 0 0 0 0 0 0 0 0 0 0 0 0 0 0 0 0 0 0 0 0 0 0 0 0 0 0 0 0 0 0 0 0 0 0 0 0 0]
[2602245783051390398533989728867410928165976721278110701931955470995990296856496712296727619573228643809106496706606073015519742738744547761352515527030940050380742702416259032478456537232599090523755788480731881224954902418716868639060512716249544525569024892919331 0 0 0 0 0 0 0 0 0 0 0 0 0 0 0 0 0 0 0 0 0 0 0 0 0 0 0 0 0 0 0 1 0 0 0 0 0 0 0 0 0 0 0 0 0 0 0 0 0 0 0 0 0 0 0 0 0 0 0 0 0 0 0 0 0 0 0 0 0 0 0 0 0 0 0 0 0 0 0 0 0 0 0 0 0 0 0]
[2040898253511653103933199441422651758176494451565544698884049403377685479523525075495913161923652391880220192940029653962300660607200037251597662328532049215272865351209437012278640582007144944560817508923387201869483501165985868994974756107950122206970399438764135 0 0 0 0 0 0 0 0 0 0 0 0 0 0 0 0 0 0 0 0 0 0 0 0 0 0 0 0 0 0 0 0 1 0 0 0 0 0 0 0 0 0 0 0 0 0 0 0 0 0 0 0 0 0 0 0 0 0 0 0 0 0 0 0 0 0 0 0 0 0 0 0 0 0 0 0 0 0 0 0 0 0 0 0 0 0 0]
[3621601123385460261132185961096454774890331025986211647072754463041096571712166190476946094120683665126970728645390402372144713671037587161970184932841294935573487799333699328525605536816450566104432225523412788988985179115945793177557474505354772249850655136753831 0 0 0 0 0 0 0 0 0 0 0 0 0 0 0 0 0 0 0 0 0 0 0 0 0 0 0 0 0 0 0 0 0 1 0 0 0 0 0 0 0 0 0 0 0 0 0 0 0 0 0 0 0 0 0 0 0 0 0 0 0 0 0 0 0 0 0 0 0 0 0 0 0 0 0 0 0 0 0 0 0 0 0 0 0 0 0]
[2464911329333137031832298677593854902005015441382307884151703989595822542598862662367044012394687143751919861311893017555932397860445233492689560418900016605669364982211647071162160791479653380612197305258534072656108185634541544883908527434364169342705716865974690 0 0 0 0 0 0 0 0 0 0 0 0 0 0 0 0 0 0 0 0 0 0 0 0 0 0 0 0 0 0 0 0 0 0 1 0 0 0 0 0 0 0 0 0 0 0 0 0 0 0 0 0 0 0 0 0 0 0 0 0 0 0 0 0 0 0 0 0 0 0 0 0 0 0 0 0 0 0 0 0 0 0 0 0 0 0 0]
[1797541362440866124430248033741009218805937212150559448242435001823349985462883105316566710996888068239447170223801909126753986877749713005700827181743612746642743782633472052739243893769954522611171289661265199879251288613304871090606935601337350754641307879177416 0 0 0 0 0 0 0 0 0 0 0 0 0 0 0 0 0 0 0 0 0 0 0 0 0 0 0 0 0 0 0 0 0 0 0 1 0 0 0 0 0 0 0 0 0 0 0 0 0 0 0 0 0 0 0 0 0 0 0 0 0 0 0 0 0 0 0 0 0 0 0 0 0 0 0 0 0 0 0 0 0 0 0 0 0 0 0]
[3625507519475319116148831312963277726869838281214131241090392729699836825099543855824651932947951646623291456716126440842840633477899886130952306374244840782321937626467693164259873735499885273278717476679686364665573424378058444501850517153972215697535226865811351 0 0 0 0 0 0 0 0 0 0 0 0 0 0 0 0 0 0 0 0 0 0 0 0 0 0 0 0 0 0 0 0 0 0 0 0 1 0 0 0 0 0 0 0 0 0 0 0 0 0 0 0 0 0 0 0 0 0 0 0 0 0 0 0 0 0 0 0 0 0 0 0 0 0 0 0 0 0 0 0 0 0 0 0 0 0 0]
[3874156002884359255184856233275237372316764097738149463402123796902833859217234126003968311822426248012139585701103378394864620246108634533460842766108889686062714515720008310250314212945791078108678172533480506811024266405055993653520924601928320303740888561504373 0 0 0 0 0 0 0 0 0 0 0 0 0 0 0 0 0 0 0 0 0 0 0 0 0 0 0 0 0 0 0 0 0 0 0 0 0 1 0 0 0 0 0 0 0 0 0 0 0 0 0 0 0 0 0 0 0 0 0 0 0 0 0 0 0 0 0 0 0 0 0 0 0 0 0 0 0 0 0 0 0 0 0 0 0 0 0]
[5157707816717772301302809602199806841174881446228594339355361676069916418481825311309616344516829883846917348400650020403969731346562719312945229009971419545639325107148823454486023153782212644949408044948001649962663252635247531301355675807863141957014648669707590 0 0 0 0 0 0 0 0 0 0 0 0 0 0 0 0 0 0 0 0 0 0 0 0 0 0 0 0 0 0 0 0 0 0 0 0 0 0 1 0 0 0 0 0 0 0 0 0 0 0 0 0 0 0 0 0 0 0 0 0 0 0 0 0 0 0 0 0 0 0 0 0 0 0 0 0 0 0 0 0 0 0 0 0 0 0 0]
[2591746030458586718767818692669637348977786208935855649002058427070857480048503972207896492808960320400680884730452421413461408642222930051338349747489979045585537027809498124447843154040382291206593799650028431773887107517459689961914316167948663933570994102278807 0 0 0 0 0 0 0 0 0 0 0 0 0 0 0 0 0 0 0 0 0 0 0 0 0 0 0 0 0 0 0 0 0 0 0 0 0 0 0 1 0 0 0 0 0 0 0 0 0 0 0 0 0 0 0 0 0 0 0 0 0 0 0 0 0 0 0 0 0 0 0 0 0 0 0 0 0 0 0 0 0 0 0 0 0 0 0]
[1286501100982066146380473817169359878465750985056333086409860182882138520871305000087047539682477520527191083174913941888590486456651001934147370091910991936056635650048128243536540217180530777441644757187647480887769313986162829055597346431293924123251049390049339 0 0 0 0 0 0 0 0 0 0 0 0 0 0 0 0 0 0 0 0 0 0 0 0 0 0 0 0 0 0 0 0 0 0 0 0 0 0 0 0 1 0 0 0 0 0 0 0 0 0 0 0 0 0 0 0 0 0 0 0 0 0 0 0 0 0 0 0 0 0 0 0 0 0 0 0 0 0 0 0 0 0 0 0 0 0 0]
[983482562363140707128487197701942138978835029167357747684781960586836548877717412342423522323940761450222461000136621380947121962968420921001116007216220622656032734561621599327260343880958823310870615079686441638968874273565380109346501915835334465675659253464963 0 0 0 0 0 0 0 0 0 0 0 0 0 0 0 0 0 0 0 0 0 0 0 0 0 0 0 0 0 0 0 0 0 0 0 0 0 0 0 0 0 1 0 0 0 0 0 0 0 0 0 0 0 0 0 0 0 0 0 0 0 0 0 0 0 0 0 0 0 0 0 0 0 0 0 0 0 0 0 0 0 0 0 0 0 0 0]
[3877501855254496870296462990479219893478315087935012986669459650369186606371026642208628469627021662220758368399752255570158557083650698379088945855677413609528694095431945694857960241297554079028637665576608687621054678736498788259750513923892443864162344568943686 0 0 0 0 0 0 0 0 0 0 0 0 0 0 0 0 0 0 0 0 0 0 0 0 0 0 0 0 0 0 0 0 0 0 0 0 0 0 0 0 0 0 1 0 0 0 0 0 0 0 0 0 0 0 0 0 0 0 0 0 0 0 0 0 0 0 0 0 0 0 0 0 0 0 0 0 0 0 0 0 0 0 0 0 0 0 0]
[5305080184872649029312666628875383301826743233678205498576472000671797792115771448614669015333572132417562292727111025023805216461619535011559091959144959173273025320333164233753523693464213094784894128504941446149982074356191247758849079769569976619834059379701836 0 0 0 0 0 0 0 0 0 0 0 0 0 0 0 0 0 0 0 0 0 0 0 0 0 0 0 0 0 0 0 0 0 0 0 0 0 0 0 0 0 0 0 1 0 0 0 0 0 0 0 0 0 0 0 0 0 0 0 0 0 0 0 0 0 0 0 0 0 0 0 0 0 0 0 0 0 0 0 0 0 0 0 0 0 0 0]
[974390709784136850901279961405759705130863906231107574997700206309047752613552778633993771371992861856341786319764751308970904511956773202188530827942138941361496760043746579060509109255367788739620104608327225959408816363551509061804063497286202806161549171302862 0 0 0 0 0 0 0 0 0 0 0 0 0 0 0 0 0 0 0 0 0 0 0 0 0 0 0 0 0 0 0 0 0 0 0 0 0 0 0 0 0 0 0 0 1 0 0 0 0 0 0 0 0 0 0 0 0 0 0 0 0 0 0 0 0 0 0 0 0 0 0 0 0 0 0 0 0 0 0 0 0 0 0 0 0 0 0]
[1343522121751967925644454710103925670658595440947932288496079893083556571042680138062887050417802075761572672724323288851949128108027448014897013027313967877438042369247401363326596842768465208195562504641800239060000167329762248885833573902579455734844325326202536 0 0 0 0 0 0 0 0 0 0 0 0 0 0 0 0 0 0 0 0 0 0 0 0 0 0 0 0 0 0 0 0 0 0 0 0 0 0 0 0 0 0 0 0 0 1 0 0 0 0 0 0 0 0 0 0 0 0 0 0 0 0 0 0 0 0 0 0 0 0 0 0 0 0 0 0 0 0 0 0 0 0 0 0 0 0 0]
[444008205386621187967354853134215610841595445297444208009075346847594841342120169122642266181172246786575358571085147974571501906295631021903422376791299243781369003035714272396490003190090395122062117165637320917769591796629904707602574297053899899633659729099862 0 0 0 0 0 0 0 0 0 0 0 0 0 0 0 0 0 0 0 0 0 0 0 0 0 0 0 0 0 0 0 0 0 0 0 0 0 0 0 0 0 0 0 0 0 0 1 0 0 0 0 0 0 0 0 0 0 0 0 0 0 0 0 0 0 0 0 0 0 0 0 0 0 0 0 0 0 0 0 0 0 0 0 0 0 0 0]
[1972596861115121855212996444739441196673786908243136329532916737880063217618038341877664289562192603907139691083379766788131219818906439162642792600568268207647547696073396782526681384710318866461645270115835065470119692972968275698210380450245055302649151378563521 0 0 0 0 0 0 0 0 0 0 0 0 0 0 0 0 0 0 0 0 0 0 0 0 0 0 0 0 0 0 0 0 0 0 0 0 0 0 0 0 0 0 0 0 0 0 0 1 0 0 0 0 0 0 0 0 0 0 0 0 0 0 0 0 0 0 0 0 0 0 0 0 0 0 0 0 0 0 0 0 0 0 0 0 0 0 0]
[4470010067969520032000475076237906538773322658241857306033790374870724200382581371062250289739948425761833927977864067162578236046359472754352031369103435269765280025906049966376501120152229460689969173645325118853024807167630077056566013401201188923187162248264570 0 0 0 0 0 0 0 0 0 0 0 0 0 0 0 0 0 0 0 0 0 0 0 0 0 0 0 0 0 0 0 0 0 0 0 0 0 0 0 0 0 0 0 0 0 0 0 0 1 0 0 0 0 0 0 0 0 0 0 0 0 0 0 0 0 0 0 0 0 0 0 0 0 0 0 0 0 0 0 0 0 0 0 0 0 0 0]
[1180924478642038305800987042092560713663090465267236804138736299003340697749321663738693773385803186367668405132664228193003776650196559032351765819320840997574942619250488615804421495553669494469106011504500316706773642051713940156388462441282718358386590479726782 0 0 0 0 0 0 0 0 0 0 0 0 0 0 0 0 0 0 0 0 0 0 0 0 0 0 0 0 0 0 0 0 0 0 0 0 0 0 0 0 0 0 0 0 0 0 0 0 0 1 0 0 0 0 0 0 0 0 0 0 0 0 0 0 0 0 0 0 0 0 0 0 0 0 0 0 0 0 0 0 0 0 0 0 0 0 0]
[2252928160048121947660490185633641012921792477200797939765347895721749722989065253865289098897602370280583658720854860390778749408013267358631285348266819111580318025893615136872865455347723921959007064751017581941435342876457691279506987104507857862627992877930325 0 0 0 0 0 0 0 0 0 0 0 0 0 0 0 0 0 0 0 0 0 0 0 0 0 0 0 0 0 0 0 0 0 0 0 0 0 0 0 0 0 0 0 0 0 0 0 0 0 0 1 0 0 0 0 0 0 0 0 0 0 0 0 0 0 0 0 0 0 0 0 0 0 0 0 0 0 0 0 0 0 0 0 0 0 0 0]
[4920126545590689140401357885676979740078190893124948907605641452519469850653987972317362824207756375743414300817844153816782598644096046407602525725429743597685674229506409878070644647663859116614481697739709064114564200310395001860926142379346482665160017070992410 0 0 0 0 0 0 0 0 0 0 0 0 0 0 0 0 0 0 0 0 0 0 0 0 0 0 0 0 0 0 0 0 0 0 0 0 0 0 0 0 0 0 0 0 0 0 0 0 0 0 0 1 0 0 0 0 0 0 0 0 0 0 0 0 0 0 0 0 0 0 0 0 0 0 0 0 0 0 0 0 0 0 0 0 0 0 0]
[1189035350371463720298683138286339755412650984756239263842629006248610681046765803821200608911439979738370082881428275042515790572357817990433683553876834787321057582233089878361166707031136455620165382395364722914524857876642824132924278766800920896064867973323920 0 0 0 0 0 0 0 0 0 0 0 0 0 0 0 0 0 0 0 0 0 0 0 0 0 0 0 0 0 0 0 0 0 0 0 0 0 0 0 0 0 0 0 0 0 0 0 0 0 0 0 0 1 0 0 0 0 0 0 0 0 0 0 0 0 0 0 0 0 0 0 0 0 0 0 0 0 0 0 0 0 0 0 0 0 0 0]
[567970852365190277054109711339399309006832672927301120492617480585668150060070744722889183105369104917066220945332697099724607214940926878390029876059910776285193799467361921798402355197055481520416413969734062802145227773816839401368464085214889326803510908250683 0 0 0 0 0 0 0 0 0 0 0 0 0 0 0 0 0 0 0 0 0 0 0 0 0 0 0 0 0 0 0 0 0 0 0 0 0 0 0 0 0 0 0 0 0 0 0 0 0 0 0 0 0 1 0 0 0 0 0 0 0 0 0 0 0 0 0 0 0 0 0 0 0 0 0 0 0 0 0 0 0 0 0 0 0 0 0]
[1271708349482214172149465143327797907864327096075404942246197717220952033719866910820688519821939736838662410304557924563605705816189527356297253300666192303409061822974401908398618676894716428738090373707016438193913672258511733729234742069901683375657002709536451 0 0 0 0 0 0 0 0 0 0 0 0 0 0 0 0 0 0 0 0 0 0 0 0 0 0 0 0 0 0 0 0 0 0 0 0 0 0 0 0 0 0 0 0 0 0 0 0 0 0 0 0 0 0 1 0 0 0 0 0 0 0 0 0 0 0 0 0 0 0 0 0 0 0 0 0 0 0 0 0 0 0 0 0 0 0 0]
[4475043165335950321191360459269169261110618072691134489616632919683108164875000556029898625788875423912150294165608378780004815928794302603558357014216795010745901420292680120731912582929958930107377917495204706487699400913189873177184750149857960237748172119399150 0 0 0 0 0 0 0 0 0 0 0 0 0 0 0 0 0 0 0 0 0 0 0 0 0 0 0 0 0 0 0 0 0 0 0 0 0 0 0 0 0 0 0 0 0 0 0 0 0 0 0 0 0 0 0 1 0 0 0 0 0 0 0 0 0 0 0 0 0 0 0 0 0 0 0 0 0 0 0 0 0 0 0 0 0 0 0]
[1749027836952280972255492189432837917582715654524006626335061365705955187151628160424681451489496470610473338274380289073608358689537224139233158604788710321577665088279318750587540682159542015913463247840944999179780845344108667115046118622022290666874863555853405 0 0 0 0 0 0 0 0 0 0 0 0 0 0 0 0 0 0 0 0 0 0 0 0 0 0 0 0 0 0 0 0 0 0 0 0 0 0 0 0 0 0 0 0 0 0 0 0 0 0 0 0 0 0 0 0 1 0 0 0 0 0 0 0 0 0 0 0 0 0 0 0 0 0 0 0 0 0 0 0 0 0 0 0 0 0 0]
[107915056244340823455824137021594000190222343946235300228212598473035759565598104786271839272735116703208445954745647095758828033689691104376482551343186034075592457215569034514533200241766668500870325784819264827761078730883694119156165311243926503006020371580202 0 0 0 0 0 0 0 0 0 0 0 0 0 0 0 0 0 0 0 0 0 0 0 0 0 0 0 0 0 0 0 0 0 0 0 0 0 0 0 0 0 0 0 0 0 0 0 0 0 0 0 0 0 0 0 0 0 1 0 0 0 0 0 0 0 0 0 0 0 0 0 0 0 0 0 0 0 0 0 0 0 0 0 0 0 0 0]
[2719167271759557941006310325821032876380647755555105433429659953671053530520944461517098290622576901033863955487467105048517698607162361808695538490121467232229806075604202099241221027090181521220053681492375728468810541398799486290540263262566303458206516339203675 0 0 0 0 0 0 0 0 0 0 0 0 0 0 0 0 0 0 0 0 0 0 0 0 0 0 0 0 0 0 0 0 0 0 0 0 0 0 0 0 0 0 0 0 0 0 0 0 0 0 0 0 0 0 0 0 0 0 1 0 0 0 0 0 0 0 0 0 0 0 0 0 0 0 0 0 0 0 0 0 0 0 0 0 0 0 0]
[352135085088189825329228075224276422160968975894511804704008495899472991145927332576405052567929082562980218331936348379099190324991967240537353380273978963819734500221583570716055267932802056737415311188660127920451913198564859798981650505509791022679010731723426 0 0 0 0 0 0 0 0 0 0 0 0 0 0 0 0 0 0 0 0 0 0 0 0 0 0 0 0 0 0 0 0 0 0 0 0 0 0 0 0 0 0 0 0 0 0 0 0 0 0 0 0 0 0 0 0 0 0 0 1 0 0 0 0 0 0 0 0 0 0 0 0 0 0 0 0 0 0 0 0 0 0 0 0 0 0 0]
[488822343548715748158103972114896729288602987733419170885793307470487021640916877597916497523552145689973242495328315544721328962942944789014449542172174423028277868569999084731590368498144363501180822529690615426444789051134930879020528040148327263932526806113198 0 0 0 0 0 0 0 0 0 0 0 0 0 0 0 0 0 0 0 0 0 0 0 0 0 0 0 0 0 0 0 0 0 0 0 0 0 0 0 0 0 0 0 0 0 0 0 0 0 0 0 0 0 0 0 0 0 0 0 0 1 0 0 0 0 0 0 0 0 0 0 0 0 0 0 0 0 0 0 0 0 0 0 0 0 0 0]
[4421511036259638390970099975153847723377451431456396139256342999694994151355527388867335227313383005798671994167644830412980862653955554655087651288783370059743434675511040967944659558096398672059611423147175841525048745514555929873592404260667313030010183178883700 0 0 0 0 0 0 0 0 0 0 0 0 0 0 0 0 0 0 0 0 0 0 0 0 0 0 0 0 0 0 0 0 0 0 0 0 0 0 0 0 0 0 0 0 0 0 0 0 0 0 0 0 0 0 0 0 0 0 0 0 0 1 0 0 0 0 0 0 0 0 0 0 0 0 0 0 0 0 0 0 0 0 0 0 0 0 0]
[1509379303399255346495017585816223266348802954198330693179975666837511829421862655112836940023177934440667240954079166713206445950143737476414217586773819329800058424350310869689813447348859064788329561878169895583808820870411644226707585959160227623891794348436433 0 0 0 0 0 0 0 0 0 0 0 0 0 0 0 0 0 0 0 0 0 0 0 0 0 0 0 0 0 0 0 0 0 0 0 0 0 0 0 0 0 0 0 0 0 0 0 0 0 0 0 0 0 0 0 0 0 0 0 0 0 0 1 0 0 0 0 0 0 0 0 0 0 0 0 0 0 0 0 0 0 0 0 0 0 0 0]
[5182416665662097708143615753608601599663362166806987765729757603447844992997573658660209043313026557835910328615026531403372907518597538039732873147701448450866125270417663497324820789951655891528782326255963936153167671728003772663939025707136139065134970267795394 0 0 0 0 0 0 0 0 0 0 0 0 0 0 0 0 0 0 0 0 0 0 0 0 0 0 0 0 0 0 0 0 0 0 0 0 0 0 0 0 0 0 0 0 0 0 0 0 0 0 0 0 0 0 0 0 0 0 0 0 0 0 0 1 0 0 0 0 0 0 0 0 0 0 0 0 0 0 0 0 0 0 0 0 0 0 0]
[3583223743144767681025587027103592913474653388184727632426241838596547579517134862628920157322035119820741409439575884231058594853861352323723029614961492047815877206822417199976804397447626211983752076324846167877440097890701876511542350837509695897661922924247404 0 0 0 0 0 0 0 0 0 0 0 0 0 0 0 0 0 0 0 0 0 0 0 0 0 0 0 0 0 0 0 0 0 0 0 0 0 0 0 0 0 0 0 0 0 0 0 0 0 0 0 0 0 0 0 0 0 0 0 0 0 0 0 0 1 0 0 0 0 0 0 0 0 0 0 0 0 0 0 0 0 0 0 0 0 0 0]
[3947577089915743601047586555044552768159866215781998463850442140200717703059522850130271665886445580970079638082217810334396379157105665736464373556465660987394189967190992121605708518415358451063585441053873289164977057641817846738800257282973204395423269366305098 0 0 0 0 0 0 0 0 0 0 0 0 0 0 0 0 0 0 0 0 0 0 0 0 0 0 0 0 0 0 0 0 0 0 0 0 0 0 0 0 0 0 0 0 0 0 0 0 0 0 0 0 0 0 0 0 0 0 0 0 0 0 0 0 0 1 0 0 0 0 0 0 0 0 0 0 0 0 0 0 0 0 0 0 0 0 0]
[3332071935001650696287721999488256589029883729696334023677133391097680058344534242857677643277718817483162091535114338823913365098849557536571638844853588945993807585909270382626781721700362739895493357414172177675039867391808312024825988841207217404744981823167071 0 0 0 0 0 0 0 0 0 0 0 0 0 0 0 0 0 0 0 0 0 0 0 0 0 0 0 0 0 0 0 0 0 0 0 0 0 0 0 0 0 0 0 0 0 0 0 0 0 0 0 0 0 0 0 0 0 0 0 0 0 0 0 0 0 0 1 0 0 0 0 0 0 0 0 0 0 0 0 0 0 0 0 0 0 0 0]
[2681625296210548530932337061627064784331109031289960137095801170477575185283169969488470153857449447253425268862898985124982280252951894876068197781764151610870251021757004676275089848123159123954954798647681328134764978679451736741806643263246804499301857495812033 0 0 0 0 0 0 0 0 0 0 0 0 0 0 0 0 0 0 0 0 0 0 0 0 0 0 0 0 0 0 0 0 0 0 0 0 0 0 0 0 0 0 0 0 0 0 0 0 0 0 0 0 0 0 0 0 0 0 0 0 0 0 0 0 0 0 0 1 0 0 0 0 0 0 0 0 0 0 0 0 0 0 0 0 0 0 0]
[4154898321068481841339353848319405696070307409146995055225296171434272881675431391337688987540684223762093556402464187342593513259152332390681874543178491172435836995511848120958175263547893062435325932701532846146354696230893910137145802872317015768075222315544293 0 0 0 0 0 0 0 0 0 0 0 0 0 0 0 0 0 0 0 0 0 0 0 0 0 0 0 0 0 0 0 0 0 0 0 0 0 0 0 0 0 0 0 0 0 0 0 0 0 0 0 0 0 0 0 0 0 0 0 0 0 0 0 0 0 0 0 0 1 0 0 0 0 0 0 0 0 0 0 0 0 0 0 0 0 0 0]
[4339834002463388398617948192022973280031981805020339591906067459053697361678401388100948614639583676419523928074999929096769476308652774834154095254013689429248679450639618537512387300592128608351668935637998706570468180017228017424934635740709091910998521565403587 0 0 0 0 0 0 0 0 0 0 0 0 0 0 0 0 0 0 0 0 0 0 0 0 0 0 0 0 0 0 0 0 0 0 0 0 0 0 0 0 0 0 0 0 0 0 0 0 0 0 0 0 0 0 0 0 0 0 0 0 0 0 0 0 0 0 0 0 0 1 0 0 0 0 0 0 0 0 0 0 0 0 0 0 0 0 0]
[4713402631245815525591206484808663060261125820825036550433149654930814132536887995548062522693403849545361564935469307636191972577616509975888984552573243625397194900245683206897520872558840310986365805662501107407407172524526022543310733744920412837389476709055520 0 0 0 0 0 0 0 0 0 0 0 0 0 0 0 0 0 0 0 0 0 0 0 0 0 0 0 0 0 0 0 0 0 0 0 0 0 0 0 0 0 0 0 0 0 0 0 0 0 0 0 0 0 0 0 0 0 0 0 0 0 0 0 0 0 0 0 0 0 0 1 0 0 0 0 0 0 0 0 0 0 0 0 0 0 0 0]
[3611038722193706782057867537350204873209996518044737253617182152959847037051385970527978298714119192525279209478523114204579753218042376394459322183278467905797214505772054315830123566996992471382876509877826214738057274427444249483457233985068093879573144753424222 0 0 0 0 0 0 0 0 0 0 0 0 0 0 0 0 0 0 0 0 0 0 0 0 0 0 0 0 0 0 0 0 0 0 0 0 0 0 0 0 0 0 0 0 0 0 0 0 0 0 0 0 0 0 0 0 0 0 0 0 0 0 0 0 0 0 0 0 0 0 0 1 0 0 0 0 0 0 0 0 0 0 0 0 0 0 0]
[4230304226513575023323503071450851641976680631546664375592294440315327976429199677247483256599954048393107900532768602090633786750775361693979352738678104717371554514403677101547930857146366877514621019503025567733782745574540351007742741102294586964234726132124021 0 0 0 0 0 0 0 0 0 0 0 0 0 0 0 0 0 0 0 0 0 0 0 0 0 0 0 0 0 0 0 0 0 0 0 0 0 0 0 0 0 0 0 0 0 0 0 0 0 0 0 0 0 0 0 0 0 0 0 0 0 0 0 0 0 0 0 0 0 0 0 0 1 0 0 0 0 0 0 0 0 0 0 0 0 0 0]
[198572497721843713346953642194045196963577730020269969845130871142362494075802217115865489556305162310933528310638378876141936635606605432407263050649988355247622109200871112119040640735810705606627754062304033850264391434072080788591065848084682115169789764563028 0 0 0 0 0 0 0 0 0 0 0 0 0 0 0 0 0 0 0 0 0 0 0 0 0 0 0 0 0 0 0 0 0 0 0 0 0 0 0 0 0 0 0 0 0 0 0 0 0 0 0 0 0 0 0 0 0 0 0 0 0 0 0 0 0 0 0 0 0 0 0 0 0 1 0 0 0 0 0 0 0 0 0 0 0 0 0]
[3318367393604919162833074308763136873900898530056691398554620544874188706425920759077025858232612202694620908141157234320704309359322772330464868458358677568717089483240783948129216477899701342616121497963754399530020861771062648656766252753624600837646671076827388 0 0 0 0 0 0 0 0 0 0 0 0 0 0 0 0 0 0 0 0 0 0 0 0 0 0 0 0 0 0 0 0 0 0 0 0 0 0 0 0 0 0 0 0 0 0 0 0 0 0 0 0 0 0 0 0 0 0 0 0 0 0 0 0 0 0 0 0 0 0 0 0 0 0 1 0 0 0 0 0 0 0 0 0 0 0 0]
[3998067580728343394589750366316510743684465575042843070220540481506324790710606540914863506931705354459905969563583180549357273590709478147872061770214333836256667920501378380818349309598099152732708964203335646671722168915392660930730358343223738468887310477590933 0 0 0 0 0 0 0 0 0 0 0 0 0 0 0 0 0 0 0 0 0 0 0 0 0 0 0 0 0 0 0 0 0 0 0 0 0 0 0 0 0 0 0 0 0 0 0 0 0 0 0 0 0 0 0 0 0 0 0 0 0 0 0 0 0 0 0 0 0 0 0 0 0 0 0 1 0 0 0 0 0 0 0 0 0 0 0]
[229288857817934874881791103143991137006336386884157030261230123171373714542806588241987897693380479237175296898123999876586938194643803820690958539378746421149313991632919933109269913843694686154722056877366985463300842290082108120907255347894845967663636760257858 0 0 0 0 0 0 0 0 0 0 0 0 0 0 0 0 0 0 0 0 0 0 0 0 0 0 0 0 0 0 0 0 0 0 0 0 0 0 0 0 0 0 0 0 0 0 0 0 0 0 0 0 0 0 0 0 0 0 0 0 0 0 0 0 0 0 0 0 0 0 0 0 0 0 0 0 1 0 0 0 0 0 0 0 0 0 0]
[2823389105317652523735339805147016409194956008105090101403741043238320334674158802180647189154680193692569450858186212115255673326394621517987401257753028583349013166859772306135454540187108286652330207351303169334135403937347907910359305624471436528923727910501618 0 0 0 0 0 0 0 0 0 0 0 0 0 0 0 0 0 0 0 0 0 0 0 0 0 0 0 0 0 0 0 0 0 0 0 0 0 0 0 0 0 0 0 0 0 0 0 0 0 0 0 0 0 0 0 0 0 0 0 0 0 0 0 0 0 0 0 0 0 0 0 0 0 0 0 0 0 1 0 0 0 0 0 0 0 0 0]
[4037094618942014919215635598332057438860930873827571800522018351173432566955910838618743556786323523357634857963167965854549290986143448217938498451641862792657930334859092494948571049391479606625771515875705188787160253950921373252399834836932703455248471530647391 0 0 0 0 0 0 0 0 0 0 0 0 0 0 0 0 0 0 0 0 0 0 0 0 0 0 0 0 0 0 0 0 0 0 0 0 0 0 0 0 0 0 0 0 0 0 0 0 0 0 0 0 0 0 0 0 0 0 0 0 0 0 0 0 0 0 0 0 0 0 0 0 0 0 0 0 0 0 1 0 0 0 0 0 0 0 0]
[2692203134914065599064573309300769882426025719327909372577578448676669642563648722569351437687669483859393145722213402407429530566939671374492933767083702715181619461409739660792930109979323851635990748401162086969434104455956747450580080898237555531307088382687341 0 0 0 0 0 0 0 0 0 0 0 0 0 0 0 0 0 0 0 0 0 0 0 0 0 0 0 0 0 0 0 0 0 0 0 0 0 0 0 0 0 0 0 0 0 0 0 0 0 0 0 0 0 0 0 0 0 0 0 0 0 0 0 0 0 0 0 0 0 0 0 0 0 0 0 0 0 0 0 1 0 0 0 0 0 0 0]
[4535943138363739486022726687866362346255324222902545941225828087986716951243662965398143661897871378446167537833140886505724639994308891318283434174102420831710022236004354382639352883329559576212382033142344477211413089281663416964974242032125161372972864656498259 0 0 0 0 0 0 0 0 0 0 0 0 0 0 0 0 0 0 0 0 0 0 0 0 0 0 0 0 0 0 0 0 0 0 0 0 0 0 0 0 0 0 0 0 0 0 0 0 0 0 0 0 0 0 0 0 0 0 0 0 0 0 0 0 0 0 0 0 0 0 0 0 0 0 0 0 0 0 0 0 1 0 0 0 0 0 0]
[4688842508917488754884271456695716117647643518247231309162653244851326497860410843653200532969441122920628384419244273941964171474657756764170129376826906109980422694358182019924648112499312180679679328649705770952400849784106650054555681648477067264015554090394529 0 0 0 0 0 0 0 0 0 0 0 0 0 0 0 0 0 0 0 0 0 0 0 0 0 0 0 0 0 0 0 0 0 0 0 0 0 0 0 0 0 0 0 0 0 0 0 0 0 0 0 0 0 0 0 0 0 0 0 0 0 0 0 0 0 0 0 0 0 0 0 0 0 0 0 0 0 0 0 0 0 1 0 0 0 0 0]
[1246243745592991152038237214889531933935845401326223590309129326660199857079793915131903267551148260790590940145253931605665237687557284745262059219845658403856422446264145885261168770503562907756030885305764682948566198044311406835013595950847067063981368260390194 0 0 0 0 0 0 0 0 0 0 0 0 0 0 0 0 0 0 0 0 0 0 0 0 0 0 0 0 0 0 0 0 0 0 0 0 0 0 0 0 0 0 0 0 0 0 0 0 0 0 0 0 0 0 0 0 0 0 0 0 0 0 0 0 0 0 0 0 0 0 0 0 0 0 0 0 0 0 0 0 0 0 1 0 0 0 0]
[4078980622461073996100186249453755298969708081589057121916984245901537867137205175876094833814151365865127124790500679856283981009448423910224667483214688078213883412707919401763951212889834424119103208200737208327319408658473401234908762083874099531389134990503200 0 0 0 0 0 0 0 0 0 0 0 0 0 0 0 0 0 0 0 0 0 0 0 0 0 0 0 0 0 0 0 0 0 0 0 0 0 0 0 0 0 0 0 0 0 0 0 0 0 0 0 0 0 0 0 0 0 0 0 0 0 0 0 0 0 0 0 0 0 0 0 0 0 0 0 0 0 0 0 0 0 0 0 1 0 0 0]
[241710403059578559758911345825415056002651189390449522812122106122183508543203535631100557694084052984004671516086465443774054028726251866788786565779897251725454706044202486773958429772511290658766943035842786297607667321315960188836427239127701231339027886070546 0 0 0 0 0 0 0 0 0 0 0 0 0 0 0 0 0 0 0 0 0 0 0 0 0 0 0 0 0 0 0 0 0 0 0 0 0 0 0 0 0 0 0 0 0 0 0 0 0 0 0 0 0 0 0 0 0 0 0 0 0 0 0 0 0 0 0 0 0 0 0 0 0 0 0 0 0 0 0 0 0 0 0 0 1 0 0]
[3449614374236675781608075702593279190923987945886439339724293172633171750580348031176660246611702530155673546220860000759383952339007280815945293001598965350805878881106858642599072165955603130162532728653830713070611990715782145626971858738622722431761507050602585 0 0 0 0 0 0 0 0 0 0 0 0 0 0 0 0 0 0 0 0 0 0 0 0 0 0 0 0 0 0 0 0 0 0 0 0 0 0 0 0 0 0 0 0 0 0 0 0 0 0 0 0 0 0 0 0 0 0 0 0 0 0 0 0 0 0 0 0 0 0 0 0 0 0 0 0 0 0 0 0 0 0 0 0 0 1 0]
[3237510897623891841761386073954645478139067852540666447631921933841562720924284958404039825744324880552823624508209937166599614570806703787433654847378079372756736944719530944135510926876217735143212235849733356527930865756224086735854006808998420222804283666680095 0 0 0 0 0 0 0 0 0 0 0 0 0 0 0 0 0 0 0 0 0 0 0 0 0 0 0 0 0 0 0 0 0 0 0 0 0 0 0 0 0 0 0 0 0 0 0 0 0 0 0 0 0 0 0 0 0 0 0 0 0 0 0 0 0 0 0 0 0 0 0 0 0 0 0 0 0 0 0 0 0 0 0 0 0 0 1]
]
