[[4229791491402221662961572989010580991899556896641755860514897780431892240342926070483413825239828441258764387333191669968374904366361082066852833167044845320958982262178017300534120122656426698401959970560612393439194365101290632762018035222091975823054242901167373 0 0 0 0 0 0 0 0 0 0 0 0 0 0 0 0 0 0 0 0 0 0 0 0 0 0 0 0 0 0 0 0 0 0 0 0 0 0 0 0 0 0 0 0 0 0 0 0 0 0 0 0 0 0 0 0 0 0 0 0 0 0 0 0 0 0 0 0 0 0 0 0 0 0 0 0 0 0 0 0 0 0 0 0 0 0 0]
[624200031217141496830492416111374991457430258291501872166658110661536441280130550388184968297376534799606845599343691167742578550400393490873817106666674252225951222918034753478984667784989652636677520135935447438906207112679228518979856641157834861929951616160062 1 0 0 0 0 0 0 0 0 0 0 0 0 0 0 0 0 0 0 0 0 0 0 0 0 0 0 0 0 0 0 0 0 0 0 0 0 0 0 0 0 0 0 0 0 0 0 0 0 0 0 0 0 0 0 0 0 0 0 0 0 0 0 0 0 0 0 0 0 0 0 0 0 0 0 0 0 0 0 0 0 0 0 0 0 0 0]
[1771549949405945555304241466383968498878087234651370415789542234466179341764780550175377827827520641472954416848852885332257480418036130419260061674877991502304822058519486189550909457814820391811835950099229062050097543951873290065297317901333125114516599704855582 0 1 0 0 0 0 0 0 0 0 0 0 0 0 0 0 0 0 0 0 0 0 0 0 0 0 0 0 0 0 0 0 0 0 0 0 0 0 0 0 0 0 0 0 0 0 0 0 0 0 0 0 0 0 0 0 0 0 0 0 0 0 0 0 0 0 0 0 0 0 0 0 0 0 0 0 0 0 0 0 0 0 0 0 0 0 0]
[839411018323014633426064181166280604528381655848715360931378799675387679542010853586583054613594201687807741587551060384206911208975664238723159311588661962504179493731579104764684421991565351909284111572182088249158526428717087232600370701672227208001619905819083 0 0 1 0 0 0 0 0 0 0 0 0 0 0 0 0 0 0 0 0 0 0 0 0 0 0 0 0 0 0 0 0 0 0 0 0 0 0 0 0 0 0 0 0 0 0 0 0 0 0 0 0 0 0 0 0 0 0 0 0 0 0 0 0 0 0 0 0 0 0 0 0 0 0 0 0 0 0 0 0 0 0 0 0 0 0 0]
[3752624880736289042787346649473444891199886315935441119953348431032908165424003004823344228465258279265435205548251890724078080405111196011486575880318582214502021294579345311874269984429121201276662535660689266675859310073531849353780533820301086723682717799884008 0 0 0 1 0 0 0 0 0 0 0 0 0 0 0 0 0 0 0 0 0 0 0 0 0 0 0 0 0 0 0 0 0 0 0 0 0 0 0 0 0 0 0 0 0 0 0 0 0 0 0 0 0 0 0 0 0 0 0 0 0 0 0 0 0 0 0 0 0 0 0 0 0 0 0 0 0 0 0 0 0 0 0 0 0 0 0]
[2033234730512462162648973435303074627190516536543661961095123618038712775456021953173150314903963566558934272293838953130275174673394993297154499831940905115028448164911487643706132037154446260073846210830091668803757806828796414289338112529431940398364994880080025 0 0 0 0 1 0 0 0 0 0 0 0 0 0 0 0 0 0 0 0 0 0 0 0 0 0 0 0 0 0 0 0 0 0 0 0 0 0 0 0 0 0 0 0 0 0 0 0 0 0 0 0 0 0 0 0 0 0 0 0 0 0 0 0 0 0 0 0 0 0 0 0 0 0 0 0 0 0 0 0 0 0 0 0 0 0 0]
[3765912501297632569396716123628312719546265884869795577714418621357630691518315180202343347565886064384972107878333707801548521458778414508213990814104952475860710817333295041813842014654303850284345053390114677148712944745762815952236724896582394515761716563623322 0 0 0 0 0 1 0 0 0 0 0 0 0 0 0 0 0 0 0 0 0 0 0 0 0 0 0 0 0 0 0 0 0 0 0 0 0 0 0 0 0 0 0 0 0 0 0 0 0 0 0 0 0 0 0 0 0 0 0 0 0 0 0 0 0 0 0 0 0 0 0 0 0 0 0 0 0 0 0 0 0 0 0 0 0 0 0]
[3828470503755614239354659708239342063287102149070927901128538973348322243970240892676892415624935140931120797542830137909893122868954587187708926534258317725324395787207506434231840994869767320453758329176729078048551443493470827620214036098715338662870126966819298 0 0 0 0 0 0 1 0 0 0 0 0 0 0 0 0 0 0 0 0 0 0 0 0 0 0 0 0 0 0 0 0 0 0 0 0 0 0 0 0 0 0 0 0 0 0 0 0 0 0 0 0 0 0 0 0 0 0 0 0 0 0 0 0 0 0 0 0 0 0 0 0 0 0 0 0 0 0 0 0 0 0 0 0 0 0 0]
[780752096452631828981861233856774026099940558228970977034721831880681368717503913752879926820054466285875120788254166309319925734755222296255484213666189378401011902685973594736686907735298747379057645581913999705699949068697471886860989303977853918211694170660381 0 0 0 0 0 0 0 1 0 0 0 0 0 0 0 0 0 0 0 0 0 0 0 0 0 0 0 0 0 0 0 0 0 0 0 0 0 0 0 0 0 0 0 0 0 0 0 0 0 0 0 0 0 0 0 0 0 0 0 0 0 0 0 0 0 0 0 0 0 0 0 0 0 0 0 0 0 0 0 0 0 0 0 0 0 0 0]
[4025306407420371221668357024945332643036380921490428803351792532680602859775869453958271754196704023540097338591987835741278435113218002099654427375181963381718787673685404906440458168371934901683050793202679504122578349153206683351161338617522983892030207124377364 0 0 0 0 0 0 0 0 1 0 0 0 0 0 0 0 0 0 0 0 0 0 0 0 0 0 0 0 0 0 0 0 0 0 0 0 0 0 0 0 0 0 0 0 0 0 0 0 0 0 0 0 0 0 0 0 0 0 0 0 0 0 0 0 0 0 0 0 0 0 0 0 0 0 0 0 0 0 0 0 0 0 0 0 0 0 0]
[4184732727097162372285940111698864597242666569296072491035451499193629228813599046848230813484191915572087952708523400416613275903448491746657336686986102841476929101571202988058765639518005109453493859665424981266946183544339459460481637913317550307559045926222353 0 0 0 0 0 0 0 0 0 1 0 0 0 0 0 0 0 0 0 0 0 0 0 0 0 0 0 0 0 0 0 0 0 0 0 0 0 0 0 0 0 0 0 0 0 0 0 0 0 0 0 0 0 0 0 0 0 0 0 0 0 0 0 0 0 0 0 0 0 0 0 0 0 0 0 0 0 0 0 0 0 0 0 0 0 0 0]
[2602655378304113614917853990339749758836072246474156570584652355790867147947276660875736391619726049638873564190145157423791309060036458759660027993685891245881357257943706932455746191840176340288517858183290094622933088935559953411408735557144068863307463638025753 0 0 0 0 0 0 0 0 0 0 1 0 0 0 0 0 0 0 0 0 0 0 0 0 0 0 0 0 0 0 0 0 0 0 0 0 0 0 0 0 0 0 0 0 0 0 0 0 0 0 0 0 0 0 0 0 0 0 0 0 0 0 0 0 0 0 0 0 0 0 0 0 0 0 0 0 0 0 0 0 0 0 0 0 0 0 0]
[591080995579958387002961120757824914246647354799548162153169025232253089387519118668976129595724206452773746650079609558579166898197209206013008856360980111050468682953329027175139570026901215817835841845499992606268900557458479545127831658596042762684816224644024 0 0 0 0 0 0 0 0 0 0 0 1 0 0 0 0 0 0 0 0 0 0 0 0 0 0 0 0 0 0 0 0 0 0 0 0 0 0 0 0 0 0 0 0 0 0 0 0 0 0 0 0 0 0 0 0 0 0 0 0 0 0 0 0 0 0 0 0 0 0 0 0 0 0 0 0 0 0 0 0 0 0 0 0 0 0 0]
[1222165222373110170470757331779106079410171712740777446056775636722188075192983900026058488509432448454668103679113765932479986438633793035796032866766937684230954874478019812737528120411908114245747603905798301294679570462413889606495608017572711593884749498535352 0 0 0 0 0 0 0 0 0 0 0 0 1 0 0 0 0 0 0 0 0 0 0 0 0 0 0 0 0 0 0 0 0 0 0 0 0 0 0 0 0 0 0 0 0 0 0 0 0 0 0 0 0 0 0 0 0 0 0 0 0 0 0 0 0 0 0 0 0 0 0 0 0 0 0 0 0 0 0 0 0 0 0 0 0 0 0]
[1016684166181863052257289673219534487401580872461361731137334179930914665812505775216863614909940005547993534141663898716625556441753962226591797817025196749066136309137560803136138860508611504929686223891435471444116693875863248586305233359595549887738592405410161 0 0 0 0 0 0 0 0 0 0 0 0 0 1 0 0 0 0 0 0 0 0 0 0 0 0 0 0 0 0 0 0 0 0 0 0 0 0 0 0 0 0 0 0 0 0 0 0 0 0 0 0 0 0 0 0 0 0 0 0 0 0 0 0 0 0 0 0 0 0 0 0 0 0 0 0 0 0 0 0 0 0 0 0 0 0 0]
[3375014616799007174758067475322749939314017897255795578933122495554149750019847865117798275208657147391688090350275775536010218791735176734871714761344068576336848669603830056526610896195696773452822306752289162904971937798705224082022460296654411425431375865009758 0 0 0 0 0 0 0 0 0 0 0 0 0 0 1 0 0 0 0 0 0 0 0 0 0 0 0 0 0 0 0 0 0 0 0 0 0 0 0 0 0 0 0 0 0 0 0 0 0 0 0 0 0 0 0 0 0 0 0 0 0 0 0 0 0 0 0 0 0 0 0 0 0 0 0 0 0 0 0 0 0 0 0 0 0 0 0]
[2892065180359849264144064512002369385404482665286345896710573621439129450700116317779991833689369585631129421791079101019299405919179309153936298710097368567371117650541888941005669330872452304497756760162201419666602939238117821894651512718723883596943354137973322 0 0 0 0 0 0 0 0 0 0 0 0 0 0 0 1 0 0 0 0 0 0 0 0 0 0 0 0 0 0 0 0 0 0 0 0 0 0 0 0 0 0 0 0 0 0 0 0 0 0 0 0 0 0 0 0 0 0 0 0 0 0 0 0 0 0 0 0 0 0 0 0 0 0 0 0 0 0 0 0 0 0 0 0 0 0 0]
[2916187911121223425391277686548821388906749712173989094189696421449163175251113095524424192473427764165231264552357989493396219455234667904074655591559079036239318239053052288153875321738533915497103815824445746263861329697045890934035471094969623502546527351315613 0 0 0 0 0 0 0 0 0 0 0 0 0 0 0 0 1 0 0 0 0 0 0 0 0 0 0 0 0 0 0 0 0 0 0 0 0 0 0 0 0 0 0 0 0 0 0 0 0 0 0 0 0 0 0 0 0 0 0 0 0 0 0 0 0 0 0 0 0 0 0 0 0 0 0 0 0 0 0 0 0 0 0 0 0 0 0]
[3578846806125324029418982012767840456097488533245727716065763053224378430487035138869645534125621426083992285720189821932454811015687956714508403106328014009532106245442478302244811152656870189505376400851410612950328230926374755105053068207488866969441544561108665 0 0 0 0 0 0 0 0 0 0 0 0 0 0 0 0 0 1 0 0 0 0 0 0 0 0 0 0 0 0 0 0 0 0 0 0 0 0 0 0 0 0 0 0 0 0 0 0 0 0 0 0 0 0 0 0 0 0 0 0 0 0 0 0 0 0 0 0 0 0 0 0 0 0 0 0 0 0 0 0 0 0 0 0 0 0 0]
[1640464716931344385012740009912777947977051642789148665434396660091253881193613938963645823676413202013483654479462069945599571895259340623149254295721713231812506795479306883884029406636600987396831609900942488932854643944863755105187098521487179788424828090168853 0 0 0 0 0 0 0 0 0 0 0 0 0 0 0 0 0 0 1 0 0 0 0 0 0 0 0 0 0 0 0 0 0 0 0 0 0 0 0 0 0 0 0 0 0 0 0 0 0 0 0 0 0 0 0 0 0 0 0 0 0 0 0 0 0 0 0 0 0 0 0 0 0 0 0 0 0 0 0 0 0 0 0 0 0 0 0]
[3231759922967233734665730653835646302934612392031298516052357218966885062847247916965739794902956979221967142561704768595225214650750634196264052600645116411608716721798383234433526104697388618170470065027872606436042303219025621688646905127680625623980649909415310 0 0 0 0 0 0 0 0 0 0 0 0 0 0 0 0 0 0 0 1 0 0 0 0 0 0 0 0 0 0 0 0 0 0 0 0 0 0 0 0 0 0 0 0 0 0 0 0 0 0 0 0 0 0 0 0 0 0 0 0 0 0 0 0 0 0 0 0 0 0 0 0 0 0 0 0 0 0 0 0 0 0 0 0 0 0 0]
[1367403642851138319709141503257059667699879539441184564034633416989370474275750017613915202703903035370899545111809178249238716137206547281741985017133782388765715347863516802043435977886349053994622634869802814590930409113544196697535226284650127184933031794259411 0 0 0 0 0 0 0 0 0 0 0 0 0 0 0 0 0 0 0 0 1 0 0 0 0 0 0 0 0 0 0 0 0 0 0 0 0 0 0 0 0 0 0 0 0 0 0 0 0 0 0 0 0 0 0 0 0 0 0 0 0 0 0 0 0 0 0 0 0 0 0 0 0 0 0 0 0 0 0 0 0 0 0 0 0 0 0]
[2892353863589888874759451730564905911824602574536383403859605822041013263296822202525568689197817525742276686838761156534545214442682082815984200035311531743233697189499960353790948333761958342508739368781641932483123167081245196324549513289078487021503574136307017 0 0 0 0 0 0 0 0 0 0 0 0 0 0 0 0 0 0 0 0 0 1 0 0 0 0 0 0 0 0 0 0 0 0 0 0 0 0 0 0 0 0 0 0 0 0 0 0 0 0 0 0 0 0 0 0 0 0 0 0 0 0 0 0 0 0 0 0 0 0 0 0 0 0 0 0 0 0 0 0 0 0 0 0 0 0 0]
[3740091686075737498105811744084756472067654974559703669275821370952862867395636457971710564420650825243292000607448940957796747257625700816971673273995322557829991188742970600811469829691104269646771274076538782224693503984377595903850307905659680073679640941674393 0 0 0 0 0 0 0 0 0 0 0 0 0 0 0 0 0 0 0 0 0 0 1 0 0 0 0 0 0 0 0 0 0 0 0 0 0 0 0 0 0 0 0 0 0 0 0 0 0 0 0 0 0 0 0 0 0 0 0 0 0 0 0 0 0 0 0 0 0 0 0 0 0 0 0 0 0 0 0 0 0 0 0 0 0 0 0]
[280079667374846196685895436338464539583393658984810647638471331742493003853367756962518342673134791596882193639774270510296414002151578266251304159579428581068443561502730444725090110359723683012790934636569231886916355103154229770275149868156432844929946324126095 0 0 0 0 0 0 0 0 0 0 0 0 0 0 0 0 0 0 0 0 0 0 0 1 0 0 0 0 0 0 0 0 0 0 0 0 0 0 0 0 0 0 0 0 0 0 0 0 0 0 0 0 0 0 0 0 0 0 0 0 0 0 0 0 0 0 0 0 0 0 0 0 0 0 0 0 0 0 0 0 0 0 0 0 0 0 0]
[4056531922906772861033647952337390428116826861831956236442779965611182865188728562516388598789234959448238409519610072351763930406544895596257920879714450691035304795636978808595457428376442468467559025465531257438892061571138781186591594719784093276593324902016253 0 0 0 0 0 0 0 0 0 0 0 0 0 0 0 0 0 0 0 0 0 0 0 0 1 0 0 0 0 0 0 0 0 0 0 0 0 0 0 0 0 0 0 0 0 0 0 0 0 0 0 0 0 0 0 0 0 0 0 0 0 0 0 0 0 0 0 0 0 0 0 0 0 0 0 0 0 0 0 0 0 0 0 0 0 0 0]
[1462646378579313024023676429903578299804832852089021292726016398477831768143698580241892371271393701859022549200677494577214476944154619820528061543569354919648362756240141009735764378342162289015010718459378970386883235582956769975755206047971580979305284642096435 0 0 0 0 0 0 0 0 0 0 0 0 0 0 0 0 0 0 0 0 0 0 0 0 0 1 0 0 0 0 0 0 0 0 0 0 0 0 0 0 0 0 0 0 0 0 0 0 0 0 0 0 0 0 0 0 0 0 0 0 0 0 0 0 0 0 0 0 0 0 0 0 0 0 0 0 0 0 0 0 0 0 0 0 0 0 0]
[853911565786905621277723872873206052114718548518407511926102397071323484759361809093190393322614130094538569912928431044162132486061843524758411354932854347965355649804595852729621692261856145741435921052963080065001750021557302618484106890751568606548158551477003 0 0 0 0 0 0 0 0 0 0 0 0 0 0 0 0 0 0 0 0 0 0 0 0 0 0 1 0 0 0 0 0 0 0 0 0 0 0 0 0 0 0 0 0 0 0 0 0 0 0 0 0 0 0 0 0 0 0 0 0 0 0 0 0 0 0 0 0 0 0 0 0 0 0 0 0 0 0 0 0 0 0 0 0 0 0 0]
[1648772351337873172905927774145776847069483327956567414844828169052614798061553378329432875569955018496492810332037243635911588252033672515236982491840308735331895239647665345339705299887720980902698296104937610920493419269238404020518847667488531555279264912261861 0 0 0 0 0 0 0 0 0 0 0 0 0 0 0 0 0 0 0 0 0 0 0 0 0 0 0 1 0 0 0 0 0 0 0 0 0 0 0 0 0 0 0 0 0 0 0 0 0 0 0 0 0 0 0 0 0 0 0 0 0 0 0 0 0 0 0 0 0 0 0 0 0 0 0 0 0 0 0 0 0 0 0 0 0 0 0]
[1949316574315324127152139209492730100638652777425312434831335246833817984075527661459189887040652653698155142792843287914545218487592912797496750243777039694500715699679656549920104625333917008544720255901001134312863112004265089156256304439809792423154002084152154 0 0 0 0 0 0 0 0 0 0 0 0 0 0 0 0 0 0 0 0 0 0 0 0 0 0 0 0 1 0 0 0 0 0 0 0 0 0 0 0 0 0 0 0 0 0 0 0 0 0 0 0 0 0 0 0 0 0 0 0 0 0 0 0 0 0 0 0 0 0 0 0 0 0 0 0 0 0 0 0 0 0 0 0 0 0 0]
[3345535004892736322329717244478906413274886242688570091873692691312861678590601665502031093418954115800076784034337955710548535698468173105288736455881404935288155430201605965187212866615409766422591225377632857199575121334861482607373143628820651348511284848209413 0 0 0 0 0 0 0 0 0 0 0 0 0 0 0 0 0 0 0 0 0 0 0 0 0 0 0 0 0 1 0 0 0 0 0 0 0 0 0 0 0 0 0 0 0 0 0 0 0 0 0 0 0 0 0 0 0 0 0 0 0 0 0 0 0 0 0 0 0 0 0 0 0 0 0 0 0 0 0 0 0 0 0 0 0 0 0]
[1559345004532413996292343625051052247046176165033047144064609752044903392063907248235003448831619749561005004832059033936978327176869193566716683729832752261171950027350141059848384816020468814046146593861366240033455627272237823045404247115952260782544529634128647 0 0 0 0 0 0 0 0 0 0 0 0 0 0 0 0 0 0 0 0 0 0 0 0 0 0 0 0 0 0 1 0 0 0 0 0 0 0 0 0 0 0 0 0 0 0 0 0 0 0 0 0 0 0 0 0 0 0 0 0 0 0 0 0 0 0 0 0 0 0 0 0 0 0 0 0 0 0 0 0 0 0 0 0 0 0 0]
[977126990004914164654855351638937120116922479685439401067938767945581997547207917622909332222439420349088171893782592002979310302457257508660808779120627746758968023409378946077300449899010368719481565600723558521814026658687049229796637755606916659820082465602979 0 0 0 0 0 0 0 0 0 0 0 0 0 0 0 0 0 0 0 0 0 0 0 0 0 0 0 0 0 0 0 1 0 0 0 0 0 0 0 0 0 0 0 0 0 0 0 0 0 0 0 0 0 0 0 0 0 0 0 0 0 0 0 0 0 0 0 0 0 0 0 0 0 0 0 0 0 0 0 0 0 0 0 0 0 0 0]
[2554135274968287501958706451801231955360032844625927015193912971596006344905196080329994306259367705278520081777811762333322640648319709721701858286376532760275982533815442020193648315691511191005281926001508222591415906158588290372140523837613981167026974803551083 0 0 0 0 0 0 0 0 0 0 0 0 0 0 0 0 0 0 0 0 0 0 0 0 0 0 0 0 0 0 0 0 1 0 0 0 0 0 0 0 0 0 0 0 0 0 0 0 0 0 0 0 0 0 0 0 0 0 0 0 0 0 0 0 0 0 0 0 0 0 0 0 0 0 0 0 0 0 0 0 0 0 0 0 0 0 0]
[2142462714552570687436740458929367840632890334421954080503229248083481533969844295782854744852442165569408423009612708481981086259275934969866779832374848664480640368920439215251718139160684198621802502987589800087079555990560576627592988318573813305396405170731386 0 0 0 0 0 0 0 0 0 0 0 0 0 0 0 0 0 0 0 0 0 0 0 0 0 0 0 0 0 0 0 0 0 1 0 0 0 0 0 0 0 0 0 0 0 0 0 0 0 0 0 0 0 0 0 0 0 0 0 0 0 0 0 0 0 0 0 0 0 0 0 0 0 0 0 0 0 0 0 0 0 0 0 0 0 0 0]
[3673432051956891742487261843718330026548701704870202458669736623562603661384960655692381856061932092155969589904073011460104555880157078946694826938760184001404184311517673184945978090092951307696766711079398857351669295597709845984313201937819552772184940868862169 0 0 0 0 0 0 0 0 0 0 0 0 0 0 0 0 0 0 0 0 0 0 0 0 0 0 0 0 0 0 0 0 0 0 1 0 0 0 0 0 0 0 0 0 0 0 0 0 0 0 0 0 0 0 0 0 0 0 0 0 0 0 0 0 0 0 0 0 0 0 0 0 0 0 0 0 0 0 0 0 0 0 0 0 0 0 0]
[25693042283552028541339058626871238465442282479315385646298245476226208222539329010016181719013747862515925957848177790077800506116902123450146354078858342960537871820988928765980537905735235407957703733840513066923800530760899721476281075642550760196918959483451 0 0 0 0 0 0 0 0 0 0 0 0 0 0 0 0 0 0 0 0 0 0 0 0 0 0 0 0 0 0 0 0 0 0 0 1 0 0 0 0 0 0 0 0 0 0 0 0 0 0 0 0 0 0 0 0 0 0 0 0 0 0 0 0 0 0 0 0 0 0 0 0 0 0 0 0 0 0 0 0 0 0 0 0 0 0 0]
[282429942398724642293544496102278942551111041456988571266424274337018594359674272473433244181980906511307170139002364990076077567768465570285104382362285518593284991532332348919498937602078057383272312530029184179141130457074415998534891360389855034965622593838854 0 0 0 0 0 0 0 0 0 0 0 0 0 0 0 0 0 0 0 0 0 0 0 0 0 0 0 0 0 0 0 0 0 0 0 0 1 0 0 0 0 0 0 0 0 0 0 0 0 0 0 0 0 0 0 0 0 0 0 0 0 0 0 0 0 0 0 0 0 0 0 0 0 0 0 0 0 0 0 0 0 0 0 0 0 0 0]
[1709214642853802378461071626328095095773983209990648460992866621713196542675817591791837430274886630940880828145952293329482059530363298376900309040838451261139205204900896182817284144477861775744849008943892511282152117106199965005243022360035690806407879779903513 0 0 0 0 0 0 0 0 0 0 0 0 0 0 0 0 0 0 0 0 0 0 0 0 0 0 0 0 0 0 0 0 0 0 0 0 0 1 0 0 0 0 0 0 0 0 0 0 0 0 0 0 0 0 0 0 0 0 0 0 0 0 0 0 0 0 0 0 0 0 0 0 0 0 0 0 0 0 0 0 0 0 0 0 0 0 0]
[1913345474152181316626953948239709343190664058225976601733850927654600487060747194321710435394907332974212378947040530374365057651630023119317854561037262971831294245027234119586272460393493779084270216324760298547147593865242481145414588085926166488293512117624073 0 0 0 0 0 0 0 0 0 0 0 0 0 0 0 0 0 0 0 0 0 0 0 0 0 0 0 0 0 0 0 0 0 0 0 0 0 0 1 0 0 0 0 0 0 0 0 0 0 0 0 0 0 0 0 0 0 0 0 0 0 0 0 0 0 0 0 0 0 0 0 0 0 0 0 0 0 0 0 0 0 0 0 0 0 0 0]
[1199885555548239208179029964647818823350078300722934442820101807558625763773534279952932239993236774436727419821215179923878918582160115698844632286088210545413271519326150018451336056450362965049683820827605064387600788072896399186198244077671099043708343239288437 0 0 0 0 0 0 0 0 0 0 0 0 0 0 0 0 0 0 0 0 0 0 0 0 0 0 0 0 0 0 0 0 0 0 0 0 0 0 0 1 0 0 0 0 0 0 0 0 0 0 0 0 0 0 0 0 0 0 0 0 0 0 0 0 0 0 0 0 0 0 0 0 0 0 0 0 0 0 0 0 0 0 0 0 0 0 0]
[605735555525015234916966965810567798710913069419076342672621215011536044733569928636451397250846972056191154149727600315921835543954249447576446055635291134313664107402549071847661379458272117086528363311008516230026558890077627163664431216306197549552540753027289 0 0 0 0 0 0 0 0 0 0 0 0 0 0 0 0 0 0 0 0 0 0 0 0 0 0 0 0 0 0 0 0 0 0 0 0 0 0 0 0 1 0 0 0 0 0 0 0 0 0 0 0 0 0 0 0 0 0 0 0 0 0 0 0 0 0 0 0 0 0 0 0 0 0 0 0 0 0 0 0 0 0 0 0 0 0 0]
[611586257697703634804779135528895100869993525261094004765354809661678795847016919976962589196180009918910819817150407806905172910628275849255609044662369521834406784972160228803287198092266100690511281915334086354827245596724375906064915393602282118290448915402142 0 0 0 0 0 0 0 0 0 0 0 0 0 0 0 0 0 0 0 0 0 0 0 0 0 0 0 0 0 0 0 0 0 0 0 0 0 0 0 0 0 1 0 0 0 0 0 0 0 0 0 0 0 0 0 0 0 0 0 0 0 0 0 0 0 0 0 0 0 0 0 0 0 0 0 0 0 0 0 0 0 0 0 0 0 0 0]
[2799895633796986260961796783719100374123927545072752367629129745283935709406283980343686537802970364556790479920328690843937268769185661648094429122664442767434643588537279558970680328652438470200947070293533751712525530529274125583542653321318985669970659547938128 0 0 0 0 0 0 0 0 0 0 0 0 0 0 0 0 0 0 0 0 0 0 0 0 0 0 0 0 0 0 0 0 0 0 0 0 0 0 0 0 0 0 1 0 0 0 0 0 0 0 0 0 0 0 0 0 0 0 0 0 0 0 0 0 0 0 0 0 0 0 0 0 0 0 0 0 0 0 0 0 0 0 0 0 0 0 0]
[3920665925563448440520819166063654591452762117650084060743766658828067354707568908028994273699053335470418769801642808024063972726345104914391316395964810520767170042632807945165580611769303879090162578548330095362491231932618643112469930848690052452904011984208416 0 0 0 0 0 0 0 0 0 0 0 0 0 0 0 0 0 0 0 0 0 0 0 0 0 0 0 0 0 0 0 0 0 0 0 0 0 0 0 0 0 0 0 1 0 0 0 0 0 0 0 0 0 0 0 0 0 0 0 0 0 0 0 0 0 0 0 0 0 0 0 0 0 0 0 0 0 0 0 0 0 0 0 0 0 0 0]
[2996638148728577877848807427033701232625573242426534323922238007358880464598022288460319992809938748550087669821926274758088094189021486204293106002346234411200401095949669611944656835066446717464424365628936469563182510910698029899562738919022287668177434886890979 0 0 0 0 0 0 0 0 0 0 0 0 0 0 0 0 0 0 0 0 0 0 0 0 0 0 0 0 0 0 0 0 0 0 0 0 0 0 0 0 0 0 0 0 1 0 0 0 0 0 0 0 0 0 0 0 0 0 0 0 0 0 0 0 0 0 0 0 0 0 0 0 0 0 0 0 0 0 0 0 0 0 0 0 0 0 0]
[1019251113663614378342950974231028336463943791631226798126279130727596719725080262025809861543449346204861251578070375829185528776481832860217810186249633202878740962661052155016296774614350328619176116053356682434388420370315235363135712630209063415444210526014977 0 0 0 0 0 0 0 0 0 0 0 0 0 0 0 0 0 0 0 0 0 0 0 0 0 0 0 0 0 0 0 0 0 0 0 0 0 0 0 0 0 0 0 0 0 1 0 0 0 0 0 0 0 0 0 0 0 0 0 0 0 0 0 0 0 0 0 0 0 0 0 0 0 0 0 0 0 0 0 0 0 0 0 0 0 0 0]
[2381594724545772062584004363700959972993196779410101098680154528094427722091725064634552549885788963360181741764300256532954372975820134125264487055984324212255444999016095233056550939362991692840888372947610254593820812176070203123499114623044437457302399228510600 0 0 0 0 0 0 0 0 0 0 0 0 0 0 0 0 0 0 0 0 0 0 0 0 0 0 0 0 0 0 0 0 0 0 0 0 0 0 0 0 0 0 0 0 0 0 1 0 0 0 0 0 0 0 0 0 0 0 0 0 0 0 0 0 0 0 0 0 0 0 0 0 0 0 0 0 0 0 0 0 0 0 0 0 0 0 0]
[1909692096223123757411099706852326794361444900560464673485961910140983311944871503339927911717762575748666373478270176863910422878240329993310035082317267695014596157746861441297409701751998739965635337392120754452136801671363617730083635299856192019977994992771785 0 0 0 0 0 0 0 0 0 0 0 0 0 0 0 0 0 0 0 0 0 0 0 0 0 0 0 0 0 0 0 0 0 0 0 0 0 0 0 0 0 0 0 0 0 0 0 1 0 0 0 0 0 0 0 0 0 0 0 0 0 0 0 0 0 0 0 0 0 0 0 0 0 0 0 0 0 0 0 0 0 0 0 0 0 0 0]
[407044938486822559210271699037898441879226576181797953708076541835739943941446056868536397309591042728371910001633660387980918303649208517595853967221570046430615478222616037655809164589602223151632342948670204861987362243165937136591981458680827364965636168426776 0 0 0 0 0 0 0 0 0 0 0 0 0 0 0 0 0 0 0 0 0 0 0 0 0 0 0 0 0 0 0 0 0 0 0 0 0 0 0 0 0 0 0 0 0 0 0 0 1 0 0 0 0 0 0 0 0 0 0 0 0 0 0 0 0 0 0 0 0 0 0 0 0 0 0 0 0 0 0 0 0 0 0 0 0 0 0]
[934696375816538367724208747947553418900900207840804261364064913028362615508744687253036153335299118438065269593836989991773093719151482513342603985664941145578175331790070330514864780900208026848198780347460895922102545433496711591716798533914955142353071991348063 0 0 0 0 0 0 0 0 0 0 0 0 0 0 0 0 0 0 0 0 0 0 0 0 0 0 0 0 0 0 0 0 0 0 0 0 0 0 0 0 0 0 0 0 0 0 0 0 0 1 0 0 0 0 0 0 0 0 0 0 0 0 0 0 0 0 0 0 0 0 0 0 0 0 0 0 0 0 0 0 0 0 0 0 0 0 0]
[666574804028950587444979249094593756376693048581884442784808104330968444065303709876745328312216278090042258943629920546697045771522132654024857820711333062506195102111839520092913777535105582136161310115232156866979702094709446123158528816014908916432132899615887 0 0 0 0 0 0 0 0 0 0 0 0 0 0 0 0 0 0 0 0 0 0 0 0 0 0 0 0 0 0 0 0 0 0 0 0 0 0 0 0 0 0 0 0 0 0 0 0 0 0 1 0 0 0 0 0 0 0 0 0 0 0 0 0 0 0 0 0 0 0 0 0 0 0 0 0 0 0 0 0 0 0 0 0 0 0 0]
[619190855223569179724084386529092269735762116981848219957893991895479985353193277013572115869554016410459947927597766055838983537862470746091659052222211874278605374999473884912881077952273979771783175716271752877554011343218013191581062723004276005695808340355306 0 0 0 0 0 0 0 0 0 0 0 0 0 0 0 0 0 0 0 0 0 0 0 0 0 0 0 0 0 0 0 0 0 0 0 0 0 0 0 0 0 0 0 0 0 0 0 0 0 0 0 1 0 0 0 0 0 0 0 0 0 0 0 0 0 0 0 0 0 0 0 0 0 0 0 0 0 0 0 0 0 0 0 0 0 0 0]
[2882359272734269681568499463362085193498336694290878777548932457433795521942655325812819293690080195483802717113796486583061480479247795539545486418732947649779435359165372660821428386336501378563392343226681025479993279202275184550711812917623228782667487661850474 0 0 0 0 0 0 0 0 0 0 0 0 0 0 0 0 0 0 0 0 0 0 0 0 0 0 0 0 0 0 0 0 0 0 0 0 0 0 0 0 0 0 0 0 0 0 0 0 0 0 0 0 1 0 0 0 0 0 0 0 0 0 0 0 0 0 0 0 0 0 0 0 0 0 0 0 0 0 0 0 0 0 0 0 0 0 0]
[3567369434722514024280296842892204819026196231118467767008836254252063306229294299742036797936115600559581396492114154799416352578716239402210252993788916805620342804473859206068565935680185842618532518007580394804670194915855636812811746907646819421159501931737185 0 0 0 0 0 0 0 0 0 0 0 0 0 0 0 0 0 0 0 0 0 0 0 0 0 0 0 0 0 0 0 0 0 0 0 0 0 0 0 0 0 0 0 0 0 0 0 0 0 0 0 0 0 1 0 0 0 0 0 0 0 0 0 0 0 0 0 0 0 0 0 0 0 0 0 0 0 0 0 0 0 0 0 0 0 0 0]
[1503199463850418123545693560806130647672388951331904089690322668220229371163501589046823261237483925966951577280126399418146313277505561694669801266041400715405175042005203644650056701072245446651317629409113720739193595614253711821391488887810115200388852266582728 0 0 0 0 0 0 0 0 0 0 0 0 0 0 0 0 0 0 0 0 0 0 0 0 0 0 0 0 0 0 0 0 0 0 0 0 0 0 0 0 0 0 0 0 0 0 0 0 0 0 0 0 0 0 1 0 0 0 0 0 0 0 0 0 0 0 0 0 0 0 0 0 0 0 0 0 0 0 0 0 0 0 0 0 0 0 0]
[403588506172096214830572646663531720140389875649984563175196001966939233010288243832101879310657378834249327057842651090384670510225183885000933497840649335264421361757216084316436670289648780958242346986811174215725585176319339588209286197436425002073217252282738 0 0 0 0 0 0 0 0 0 0 0 0 0 0 0 0 0 0 0 0 0 0 0 0 0 0 0 0 0 0 0 0 0 0 0 0 0 0 0 0 0 0 0 0 0 0 0 0 0 0 0 0 0 0 0 1 0 0 0 0 0 0 0 0 0 0 0 0 0 0 0 0 0 0 0 0 0 0 0 0 0 0 0 0 0 0 0]
[52103596335695159896183680726931928693021848323480142883992719951525269739769492164584055151355638854911629735488131262723229655331721296898388207379041111126180023200747762669155320020992109565552427752163466962707474573314447109102055099444577727429058452333426 0 0 0 0 0 0 0 0 0 0 0 0 0 0 0 0 0 0 0 0 0 0 0 0 0 0 0 0 0 0 0 0 0 0 0 0 0 0 0 0 0 0 0 0 0 0 0 0 0 0 0 0 0 0 0 0 1 0 0 0 0 0 0 0 0 0 0 0 0 0 0 0 0 0 0 0 0 0 0 0 0 0 0 0 0 0 0]
[1753159359625216080655906452862732923528109611075087097172620221996946768637669471876176749041650139255156066964907993648664690361389421503347560827447229379251943601321359260719344088616320829011962947737073129210850488346633909822227155130769086058627384047764669 0 0 0 0 0 0 0 0 0 0 0 0 0 0 0 0 0 0 0 0 0 0 0 0 0 0 0 0 0 0 0 0 0 0 0 0 0 0 0 0 0 0 0 0 0 0 0 0 0 0 0 0 0 0 0 0 0 1 0 0 0 0 0 0 0 0 0 0 0 0 0 0 0 0 0 0 0 0 0 0 0 0 0 0 0 0 0]
[3944063599493912386458974086264492237428852851764796743539783783692664077996967998171925784114992170318165263317324206526116830794008185527350853353860474168913560474832978243231630813337143472224487255713367684075745443557629315972870309402833321848311378541915477 0 0 0 0 0 0 0 0 0 0 0 0 0 0 0 0 0 0 0 0 0 0 0 0 0 0 0 0 0 0 0 0 0 0 0 0 0 0 0 0 0 0 0 0 0 0 0 0 0 0 0 0 0 0 0 0 0 0 1 0 0 0 0 0 0 0 0 0 0 0 0 0 0 0 0 0 0 0 0 0 0 0 0 0 0 0 0]
[3755723479045026815181997777546029586543463239149680083360022061908550951941121253849602331943364061834342233122447918205096602737380743936415461113002430348806157489574057747747694147597614495787123347281590398758206291268271501474489354547321900053702770615322469 0 0 0 0 0 0 0 0 0 0 0 0 0 0 0 0 0 0 0 0 0 0 0 0 0 0 0 0 0 0 0 0 0 0 0 0 0 0 0 0 0 0 0 0 0 0 0 0 0 0 0 0 0 0 0 0 0 0 0 1 0 0 0 0 0 0 0 0 0 0 0 0 0 0 0 0 0 0 0 0 0 0 0 0 0 0 0]
[1779080448284872416498487581605979183741910437571641437095376485836669720020675444095312847212806709475366861555240640515718052801631770262881624967542654160307821101157493646912171284841447572435152863912227989567483666091386541765384142401038167039688047892628487 0 0 0 0 0 0 0 0 0 0 0 0 0 0 0 0 0 0 0 0 0 0 0 0 0 0 0 0 0 0 0 0 0 0 0 0 0 0 0 0 0 0 0 0 0 0 0 0 0 0 0 0 0 0 0 0 0 0 0 0 1 0 0 0 0 0 0 0 0 0 0 0 0 0 0 0 0 0 0 0 0 0 0 0 0 0 0]
[606856894200727161437596185868404852535883846581279090608419897005304046155658929833240312379023019784661670087420756271297461463844495191803279018148629470305488080362097123781531125057650035301556254375230508422546019425800682308743587641683252167665876668028134 0 0 0 0 0 0 0 0 0 0 0 0 0 0 0 0 0 0 0 0 0 0 0 0 0 0 0 0 0 0 0 0 0 0 0 0 0 0 0 0 0 0 0 0 0 0 0 0 0 0 0 0 0 0 0 0 0 0 0 0 0 1 0 0 0 0 0 0 0 0 0 0 0 0 0 0 0 0 0 0 0 0 0 0 0 0 0]
[385700485962719134029378035264032171709339846689727781446602228554616573136223549226433821249825354139785844354922825311484467731199310025815438496904061282520951155053595269493517720917037669581955363524670072743677265065396718046497525982937106353002421403327882 0 0 0 0 0 0 0 0 0 0 0 0 0 0 0 0 0 0 0 0 0 0 0 0 0 0 0 0 0 0 0 0 0 0 0 0 0 0 0 0 0 0 0 0 0 0 0 0 0 0 0 0 0 0 0 0 0 0 0 0 0 0 1 0 0 0 0 0 0 0 0 0 0 0 0 0 0 0 0 0 0 0 0 0 0 0 0]
[4003548046027489633614473150950303346167521993671130879229204266502430776947009069903047048072210525121232111123384954870182645188610920050509004726973409825429294182806806422550379850051339798697404997739208136455270075526000600673677732037755733841397886287892529 0 0 0 0 0 0 0 0 0 0 0 0 0 0 0 0 0 0 0 0 0 0 0 0 0 0 0 0 0 0 0 0 0 0 0 0 0 0 0 0 0 0 0 0 0 0 0 0 0 0 0 0 0 0 0 0 0 0 0 0 0 0 0 1 0 0 0 0 0 0 0 0 0 0 0 0 0 0 0 0 0 0 0 0 0 0 0]
[455345646284118762562174813096459371693424855582612003222585797011002135863360933648127265694510755718596387541042008424543361331300842017145389054534157973087894540425432794131516034575514893983291284872077512767046500914980537165078482809874909688794331189173117 0 0 0 0 0 0 0 0 0 0 0 0 0 0 0 0 0 0 0 0 0 0 0 0 0 0 0 0 0 0 0 0 0 0 0 0 0 0 0 0 0 0 0 0 0 0 0 0 0 0 0 0 0 0 0 0 0 0 0 0 0 0 0 0 1 0 0 0 0 0 0 0 0 0 0 0 0 0 0 0 0 0 0 0 0 0 0]
[3933049178829116416672525895494745189781119281477714073595380419631769915559507477175699273110351418656194511991260275156955244496787588542904367430167027598076766067781852905461021454397682116115511477219618742070985149697129947457253164549134054875780071050780351 0 0 0 0 0 0 0 0 0 0 0 0 0 0 0 0 0 0 0 0 0 0 0 0 0 0 0 0 0 0 0 0 0 0 0 0 0 0 0 0 0 0 0 0 0 0 0 0 0 0 0 0 0 0 0 0 0 0 0 0 0 0 0 0 0 1 0 0 0 0 0 0 0 0 0 0 0 0 0 0 0 0 0 0 0 0 0]
[2736731315591876912627028390784887436698732328846818678265740755196534185900013942432398144573697173000383343531076359665648230883492236832542851496338791845834938254025250191298093839614193683336291292690936986717408606059917049868993476773109463867859011151891686 0 0 0 0 0 0 0 0 0 0 0 0 0 0 0 0 0 0 0 0 0 0 0 0 0 0 0 0 0 0 0 0 0 0 0 0 0 0 0 0 0 0 0 0 0 0 0 0 0 0 0 0 0 0 0 0 0 0 0 0 0 0 0 0 0 0 1 0 0 0 0 0 0 0 0 0 0 0 0 0 0 0 0 0 0 0 0]
[704611120884989776021167197112660079013460558373309841260981832232601033270332454511936244692055969120834895882895161056255589360816901262654142546663784549126900874982191816048017463599159237962116169092366256612451400597632855495620600261580871544449524416222852 0 0 0 0 0 0 0 0 0 0 0 0 0 0 0 0 0 0 0 0 0 0 0 0 0 0 0 0 0 0 0 0 0 0 0 0 0 0 0 0 0 0 0 0 0 0 0 0 0 0 0 0 0 0 0 0 0 0 0 0 0 0 0 0 0 0 0 1 0 0 0 0 0 0 0 0 0 0 0 0 0 0 0 0 0 0 0]
[1258228895611003188376577903695215574591761552061923484130332266781518844653687150596615264835381575371675942633813747736487174641325471313361170977094135494980406388484187772794837219411833311333169460916008334400126045939100544188422793877389704447600888932905550 0 0 0 0 0 0 0 0 0 0 0 0 0 0 0 0 0 0 0 0 0 0 0 0 0 0 0 0 0 0 0 0 0 0 0 0 0 0 0 0 0 0 0 0 0 0 0 0 0 0 0 0 0 0 0 0 0 0 0 0 0 0 0 0 0 0 0 0 1 0 0 0 0 0 0 0 0 0 0 0 0 0 0 0 0 0 0]
[2120429318323906251063925739970648724771473879610214076569360888145264906331293588196080609941993931238961818593999090593005005878778866982780510814389200148662155213037903068662470460414448823650597073227396539686384134821235996679440359910237859413941476933615704 0 0 0 0 0 0 0 0 0 0 0 0 0 0 0 0 0 0 0 0 0 0 0 0 0 0 0 0 0 0 0 0 0 0 0 0 0 0 0 0 0 0 0 0 0 0 0 0 0 0 0 0 0 0 0 0 0 0 0 0 0 0 0 0 0 0 0 0 0 1 0 0 0 0 0 0 0 0 0 0 0 0 0 0 0 0 0]
[2341770996273333755268753705636450940644546946939721973110380263441692260636291971758559299247561712023911725951885162540000167540554043833348215515504021668233006305521583954672807488632161538897416949719770945135484585936331238617634016287572343744434001208958946 0 0 0 0 0 0 0 0 0 0 0 0 0 0 0 0 0 0 0 0 0 0 0 0 0 0 0 0 0 0 0 0 0 0 0 0 0 0 0 0 0 0 0 0 0 0 0 0 0 0 0 0 0 0 0 0 0 0 0 0 0 0 0 0 0 0 0 0 0 0 1 0 0 0 0 0 0 0 0 0 0 0 0 0 0 0 0]
[2074316252830615690055802187940546758406016538595449634698054397330357481158401296184847987220477525306436331573896844822800463027148227274229369187272422285317773942767386995412017559751935391434349174092099642276410882628383542381487672585557710384200621905908541 0 0 0 0 0 0 0 0 0 0 0 0 0 0 0 0 0 0 0 0 0 0 0 0 0 0 0 0 0 0 0 0 0 0 0 0 0 0 0 0 0 0 0 0 0 0 0 0 0 0 0 0 0 0 0 0 0 0 0 0 0 0 0 0 0 0 0 0 0 0 0 1 0 0 0 0 0 0 0 0 0 0 0 0 0 0 0]
[476437951256303509036845635372198284271363100627521978323464741235560450738465093219678023580140994483052624022895854236691934543042395134220974715852288042977447891982339130017267286403869843012373097372775270932416691478116027007079632263905166914527547132851566 0 0 0 0 0 0 0 0 0 0 0 0 0 0 0 0 0 0 0 0 0 0 0 0 0 0 0 0 0 0 0 0 0 0 0 0 0 0 0 0 0 0 0 0 0 0 0 0 0 0 0 0 0 0 0 0 0 0 0 0 0 0 0 0 0 0 0 0 0 0 0 0 1 0 0 0 0 0 0 0 0 0 0 0 0 0 0]
[4068118049751722590271548002620862212598427835170612304085297275999901197041679644259571866861725039032501950400865288969189580974276933987269528957788668598098801856988896381451051398031140680024114562295358470470956217159603218666915116387962714586465646772228354 0 0 0 0 0 0 0 0 0 0 0 0 0 0 0 0 0 0 0 0 0 0 0 0 0 0 0 0 0 0 0 0 0 0 0 0 0 0 0 0 0 0 0 0 0 0 0 0 0 0 0 0 0 0 0 0 0 0 0 0 0 0 0 0 0 0 0 0 0 0 0 0 0 1 0 0 0 0 0 0 0 0 0 0 0 0 0]
[250798220448335540533711819286435135987818601438348756064073309700717756812168289386288142571758901326921015602147905022300211953475006046117541521344700252029885659764594804270314355731654912696329783200747297349114455421239875805739392639556090164981188882992373 0 0 0 0 0 0 0 0 0 0 0 0 0 0 0 0 0 0 0 0 0 0 0 0 0 0 0 0 0 0 0 0 0 0 0 0 0 0 0 0 0 0 0 0 0 0 0 0 0 0 0 0 0 0 0 0 0 0 0 0 0 0 0 0 0 0 0 0 0 0 0 0 0 0 1 0 0 0 0 0 0 0 0 0 0 0 0]
[183503823919436972071317750056628636853242535449838985577902280572014715663981632531662401300858744129058623610986257065764595973085441611413911931967295437489750811542659753247775132832752462252455989746106528444879592616101532476526200056317460000547307363363208 0 0 0 0 0 0 0 0 0 0 0 0 0 0 0 0 0 0 0 0 0 0 0 0 0 0 0 0 0 0 0 0 0 0 0 0 0 0 0 0 0 0 0 0 0 0 0 0 0 0 0 0 0 0 0 0 0 0 0 0 0 0 0 0 0 0 0 0 0 0 0 0 0 0 0 1 0 0 0 0 0 0 0 0 0 0 0]
[2170331740715405972067160061020003354223829718519865465529230587176547900708714016359975011120901017873131261594192560970279435907867238138899214791807168700411621702577229729008612727788161488086794194596313507611470078708781089253792868486401336793624203730120174 0 0 0 0 0 0 0 0 0 0 0 0 0 0 0 0 0 0 0 0 0 0 0 0 0 0 0 0 0 0 0 0 0 0 0 0 0 0 0 0 0 0 0 0 0 0 0 0 0 0 0 0 0 0 0 0 0 0 0 0 0 0 0 0 0 0 0 0 0 0 0 0 0 0 0 0 1 0 0 0 0 0 0 0 0 0 0]
[4009284667093739597847587464533883744130590080405474212840069196571140960002500371045572555649283705014226725084807854632893840692894274167538409950749102609406587457313206666577600553603518200364086567145891353427237112800804844234017040965397667502163000447815438 0 0 0 0 0 0 0 0 0 0 0 0 0 0 0 0 0 0 0 0 0 0 0 0 0 0 0 0 0 0 0 0 0 0 0 0 0 0 0 0 0 0 0 0 0 0 0 0 0 0 0 0 0 0 0 0 0 0 0 0 0 0 0 0 0 0 0 0 0 0 0 0 0 0 0 0 0 1 0 0 0 0 0 0 0 0 0]
[1450608067888686986420358952890099953681384832109171126440176923789688675442619693984843678271891409437868609160827927479556459856895739511751828330626544252189099304508515083721474832262099547953234153176990357872229772726121634761921228250743155953760079362134679 0 0 0 0 0 0 0 0 0 0 0 0 0 0 0 0 0 0 0 0 0 0 0 0 0 0 0 0 0 0 0 0 0 0 0 0 0 0 0 0 0 0 0 0 0 0 0 0 0 0 0 0 0 0 0 0 0 0 0 0 0 0 0 0 0 0 0 0 0 0 0 0 0 0 0 0 0 0 1 0 0 0 0 0 0 0 0]
[1098102405524039883971819703315863024731045390429509485166392285188774505505617476380480652254423917076765214660147431686850159030672428111261605085001729003298814384748713724454791632677192510190113777070246659487266521096818407513253625402284083110422827553756324 0 0 0 0 0 0 0 0 0 0 0 0 0 0 0 0 0 0 0 0 0 0 0 0 0 0 0 0 0 0 0 0 0 0 0 0 0 0 0 0 0 0 0 0 0 0 0 0 0 0 0 0 0 0 0 0 0 0 0 0 0 0 0 0 0 0 0 0 0 0 0 0 0 0 0 0 0 0 0 1 0 0 0 0 0 0 0]
[1569153915163633704023085671101566879885795540785614624747961649857411377330020860843268461891087485376715465891952452384751897652352966950468915260346493668822113377133382284268050843653982839403868355244845639081579785382698597825292253255824327555698183208332576 0 0 0 0 0 0 0 0 0 0 0 0 0 0 0 0 0 0 0 0 0 0 0 0 0 0 0 0 0 0 0 0 0 0 0 0 0 0 0 0 0 0 0 0 0 0 0 0 0 0 0 0 0 0 0 0 0 0 0 0 0 0 0 0 0 0 0 0 0 0 0 0 0 0 0 0 0 0 0 0 1 0 0 0 0 0 0]
[1610336739634634367179480750051263434798099969310573716150983299219253378132365761678387911600638998482308425103375866049936515458037058244136429428142061561434125885096039197707157391748070531467685923493913244713284634627454896957786797400686231865345613748934321 0 0 0 0 0 0 0 0 0 0 0 0 0 0 0 0 0 0 0 0 0 0 0 0 0 0 0 0 0 0 0 0 0 0 0 0 0 0 0 0 0 0 0 0 0 0 0 0 0 0 0 0 0 0 0 0 0 0 0 0 0 0 0 0 0 0 0 0 0 0 0 0 0 0 0 0 0 0 0 0 0 1 0 0 0 0 0]
[665073851654970177994777914784397632814861308956860413190684234594199830515096332810657723490858840180486743680068195723806707221676832518788634281792334541800883162362599742861750138394691958042677036979614508207900468059921088451613795656753479941453759389504034 0 0 0 0 0 0 0 0 0 0 0 0 0 0 0 0 0 0 0 0 0 0 0 0 0 0 0 0 0 0 0 0 0 0 0 0 0 0 0 0 0 0 0 0 0 0 0 0 0 0 0 0 0 0 0 0 0 0 0 0 0 0 0 0 0 0 0 0 0 0 0 0 0 0 0 0 0 0 0 0 0 0 1 0 0 0 0]
[1937838554450766167999189277637859272702443038999821044125281638889993519973351341539336547291217797082740380641997162668866056066882616441670835710865381565054940676802916476765108655224678706013397274860317212058494228718718498910584786318577059320547220505713856 0 0 0 0 0 0 0 0 0 0 0 0 0 0 0 0 0 0 0 0 0 0 0 0 0 0 0 0 0 0 0 0 0 0 0 0 0 0 0 0 0 0 0 0 0 0 0 0 0 0 0 0 0 0 0 0 0 0 0 0 0 0 0 0 0 0 0 0 0 0 0 0 0 0 0 0 0 0 0 0 0 0 0 1 0 0 0]
[972821921162763516104180830535211453602930960218381157120146692463800564757317824332509736924889227889136584332083080870497841011153048618675600141036213577771422973599067316620869048265018483362356941837194005896775454211963882551117871431044702210959364293917834 0 0 0 0 0 0 0 0 0 0 0 0 0 0 0 0 0 0 0 0 0 0 0 0 0 0 0 0 0 0 0 0 0 0 0 0 0 0 0 0 0 0 0 0 0 0 0 0 0 0 0 0 0 0 0 0 0 0 0 0 0 0 0 0 0 0 0 0 0 0 0 0 0 0 0 0 0 0 0 0 0 0 0 0 1 0 0]
[1329856087428567097243850447405929860123657796733385776073271128521787267735292300990648122913766712619166852313721673151917544835011043904765540544264499875991949038054208078210058109468197841039114105086514456475892421214525646902170364906797307861403587422768282 0 0 0 0 0 0 0 0 0 0 0 0 0 0 0 0 0 0 0 0 0 0 0 0 0 0 0 0 0 0 0 0 0 0 0 0 0 0 0 0 0 0 0 0 0 0 0 0 0 0 0 0 0 0 0 0 0 0 0 0 0 0 0 0 0 0 0 0 0 0 0 0 0 0 0 0 0 0 0 0 0 0 0 0 0 1 0]
[3515372855755161260997979026218755428610984322350169090421947601437833489812827788591515519286164404819285454079493759833097670879748122428910938481258410518470743334686906598846409148540221361153770682497213363501529154260601804933588200499310752649798052772159385 0 0 0 0 0 0 0 0 0 0 0 0 0 0 0 0 0 0 0 0 0 0 0 0 0 0 0 0 0 0 0 0 0 0 0 0 0 0 0 0 0 0 0 0 0 0 0 0 0 0 0 0 0 0 0 0 0 0 0 0 0 0 0 0 0 0 0 0 0 0 0 0 0 0 0 0 0 0 0 0 0 0 0 0 0 0 1]
]
