[[2490834738449046089156042306061876609028300105498694326038036133974656893483152163289733855996062421478908101618634310006741451172066642745541552578756001460650129 0 0 0 0 0 0 0 0 0 0 0 0 0 0 0 0 0 0 0 0 0 0 0 0 0 0 0 0 0 0 0 0 0 0 0 0 0 0 0 0 0 0 0 0 0 0 0 0 0 0 0 0 0]
[454528455292113834683400330223477271949835651427449687742283548239083045839302344501772407584587504646567093260480762793336016161910174290475292868883490581395133 1 0 0 0 0 0 0 0 0 0 0 0 0 0 0 0 0 0 0 0 0 0 0 0 0 0 0 0 0 0 0 0 0 0 0 0 0 0 0 0 0 0 0 0 0 0 0 0 0 0 0 0 0]
[2411668492164098332991270700148763509043488797729422400479325362914444007873279932723450920944893692910180755223852718726879026122144588409964791013874055026125746 0 1 0 0 0 0 0 0 0 0 0 0 0 0 0 0 0 0 0 0 0 0 0 0 0 0 0 0 0 0 0 0 0 0 0 0 0 0 0 0 0 0 0 0 0 0 0 0 0 0 0 0 0]
[1949148630993158782515659382553022910548355630558976445642176849970786758253242185843410079315219696848360946017580062622656757459096595432702850390065654411529565 0 0 1 0 0 0 0 0 0 0 0 0 0 0 0 0 0 0 0 0 0 0 0 0 0 0 0 0 0 0 0 0 0 0 0 0 0 0 0 0 0 0 0 0 0 0 0 0 0 0 0 0 0]
[2400389710457432805885102337354793018983501816297012593339851607534025223220150031198381921852532765913016725320601146774851112731761144742201485901523179858136439 0 0 0 1 0 0 0 0 0 0 0 0 0 0 0 0 0 0 0 0 0 0 0 0 0 0 0 0 0 0 0 0 0 0 0 0 0 0 0 0 0 0 0 0 0 0 0 0 0 0 0 0 0]
[1938432892335170915452211664033015035324536231445401257576544709453045104795377097412024978993021395588971884329770159107048333555630353168670363288915435350614331 0 0 0 0 1 0 0 0 0 0 0 0 0 0 0 0 0 0 0 0 0 0 0 0 0 0 0 0 0 0 0 0 0 0 0 0 0 0 0 0 0 0 0 0 0 0 0 0 0 0 0 0 0]
[1938860624118501191098486640853771431871475820895656416012166162564181580710092748998945872590571884732827275995145151276766746543397071118747077426469769007260920 0 0 0 0 0 1 0 0 0 0 0 0 0 0 0 0 0 0 0 0 0 0 0 0 0 0 0 0 0 0 0 0 0 0 0 0 0 0 0 0 0 0 0 0 0 0 0 0 0 0 0 0 0]
[2347878433263897266631681856275738607463915104044325687045291908239006560519799517720371636132082214301319760063305318075030943035051626874369956638727644825099925 0 0 0 0 0 0 1 0 0 0 0 0 0 0 0 0 0 0 0 0 0 0 0 0 0 0 0 0 0 0 0 0 0 0 0 0 0 0 0 0 0 0 0 0 0 0 0 0 0 0 0 0 0]
[2411381361260880828135854454878143984662811936835348316604732376119321804146310579246133214707802358741995157367186540332611665152169138663117301043231463707404038 0 0 0 0 0 0 0 1 0 0 0 0 0 0 0 0 0 0 0 0 0 0 0 0 0 0 0 0 0 0 0 0 0 0 0 0 0 0 0 0 0 0 0 0 0 0 0 0 0 0 0 0 0]
[1849843263267041872723810312155996182838108967231979016062072828803485988408675027008551686723525279455144523530231294448893076759192736574321626975781118882594355 0 0 0 0 0 0 0 0 1 0 0 0 0 0 0 0 0 0 0 0 0 0 0 0 0 0 0 0 0 0 0 0 0 0 0 0 0 0 0 0 0 0 0 0 0 0 0 0 0 0 0 0 0]
[1829272392057686099551690033987492595353124785994263741271018231763728129346435177450622713854923294266085659155028469530036826103567408566269940328127966270734578 0 0 0 0 0 0 0 0 0 1 0 0 0 0 0 0 0 0 0 0 0 0 0 0 0 0 0 0 0 0 0 0 0 0 0 0 0 0 0 0 0 0 0 0 0 0 0 0 0 0 0 0 0]
[871158511138870037458434402628667580550452484186436588640276130814220146186603819580205895208405867663615404973377778885234244738519576669832913226899955725624754 0 0 0 0 0 0 0 0 0 0 1 0 0 0 0 0 0 0 0 0 0 0 0 0 0 0 0 0 0 0 0 0 0 0 0 0 0 0 0 0 0 0 0 0 0 0 0 0 0 0 0 0 0]
[1347597870592923145356885904087131009186160030996033238637973086869193949211864012904760366402736739720510907028905283948124438521578648376146609567116794083505887 0 0 0 0 0 0 0 0 0 0 0 1 0 0 0 0 0 0 0 0 0 0 0 0 0 0 0 0 0 0 0 0 0 0 0 0 0 0 0 0 0 0 0 0 0 0 0 0 0 0 0 0 0]
[1006226310626451471193146040098734481881521359183505502781935033286046584948095037833759912708905216980113028391812197618677309145669178659611694883136109398492145 0 0 0 0 0 0 0 0 0 0 0 0 1 0 0 0 0 0 0 0 0 0 0 0 0 0 0 0 0 0 0 0 0 0 0 0 0 0 0 0 0 0 0 0 0 0 0 0 0 0 0 0 0]
[1027154704971683899091455491429561099756184774396381926082622168743837758643880610348087274123449441549693673305839413312239434125976737776173113841875766989122389 0 0 0 0 0 0 0 0 0 0 0 0 0 1 0 0 0 0 0 0 0 0 0 0 0 0 0 0 0 0 0 0 0 0 0 0 0 0 0 0 0 0 0 0 0 0 0 0 0 0 0 0 0]
[2317866906010276007730484239969798943493098649078024937300796427735698486840803797354554118172853507843708397921617760304774693865160208434074883318469018580814140 0 0 0 0 0 0 0 0 0 0 0 0 0 0 1 0 0 0 0 0 0 0 0 0 0 0 0 0 0 0 0 0 0 0 0 0 0 0 0 0 0 0 0 0 0 0 0 0 0 0 0 0 0]
[1666314210967224231621140576581356579580242344298695142669724543795630096280545733478931645551117944903216791509916456039257066270113683641127238811652975679294658 0 0 0 0 0 0 0 0 0 0 0 0 0 0 0 1 0 0 0 0 0 0 0 0 0 0 0 0 0 0 0 0 0 0 0 0 0 0 0 0 0 0 0 0 0 0 0 0 0 0 0 0 0]
[1240919315739422167333862819328153494473234266391987486069094772581862417393143283056382135575141123152613026519521647635763947725474966252796242299935407672323417 0 0 0 0 0 0 0 0 0 0 0 0 0 0 0 0 1 0 0 0 0 0 0 0 0 0 0 0 0 0 0 0 0 0 0 0 0 0 0 0 0 0 0 0 0 0 0 0 0 0 0 0 0]
[1645148364554080935655991270792790886941084835781431854110903491691865059146625143863631043262026637477785898027907294314412695935098072196763848319748678846099994 0 0 0 0 0 0 0 0 0 0 0 0 0 0 0 0 0 1 0 0 0 0 0 0 0 0 0 0 0 0 0 0 0 0 0 0 0 0 0 0 0 0 0 0 0 0 0 0 0 0 0 0 0]
[2451346255185430565148084974563321348161186869445242733820991421936641028656957442021882548711180946186021452908061829293273845991916498175042069298994174302289855 0 0 0 0 0 0 0 0 0 0 0 0 0 0 0 0 0 0 1 0 0 0 0 0 0 0 0 0 0 0 0 0 0 0 0 0 0 0 0 0 0 0 0 0 0 0 0 0 0 0 0 0 0]
[563891328638012061993278661258076957536810025905068503799293347159481531996158522629155198025981757673256922527075658841596626562387666380090674129827754766825525 0 0 0 0 0 0 0 0 0 0 0 0 0 0 0 0 0 0 0 1 0 0 0 0 0 0 0 0 0 0 0 0 0 0 0 0 0 0 0 0 0 0 0 0 0 0 0 0 0 0 0 0 0]
[23922363605721316890098626929953198475433620320100842935471637516667377912885877420119687048736584022054774891676328206435855289274726511641464210766195157534030 0 0 0 0 0 0 0 0 0 0 0 0 0 0 0 0 0 0 0 0 1 0 0 0 0 0 0 0 0 0 0 0 0 0 0 0 0 0 0 0 0 0 0 0 0 0 0 0 0 0 0 0 0]
[1511298135011974005534956531096154911102713155181066105692938613072876855272166790840487024062225289614145127018860103960505562421036324288059161265096142285314567 0 0 0 0 0 0 0 0 0 0 0 0 0 0 0 0 0 0 0 0 0 1 0 0 0 0 0 0 0 0 0 0 0 0 0 0 0 0 0 0 0 0 0 0 0 0 0 0 0 0 0 0 0]
[435053542323067291416503198160215526364699790497930028759821839537623936261735691443951862138612656831262158581213449128909208641553011581872965451358304691776345 0 0 0 0 0 0 0 0 0 0 0 0 0 0 0 0 0 0 0 0 0 0 1 0 0 0 0 0 0 0 0 0 0 0 0 0 0 0 0 0 0 0 0 0 0 0 0 0 0 0 0 0 0]
[1788517654904522627581748318935225995835790625463764588841074409953660468125208626854637590138603979277250542790441565695088046289675415557208117381230626135203289 0 0 0 0 0 0 0 0 0 0 0 0 0 0 0 0 0 0 0 0 0 0 0 1 0 0 0 0 0 0 0 0 0 0 0 0 0 0 0 0 0 0 0 0 0 0 0 0 0 0 0 0 0]
[633785279368558342458792257965804407148123959063489489255724465873278544969242331132956960132417448804459943225728812525389071666277445102517666537836174841539245 0 0 0 0 0 0 0 0 0 0 0 0 0 0 0 0 0 0 0 0 0 0 0 0 1 0 0 0 0 0 0 0 0 0 0 0 0 0 0 0 0 0 0 0 0 0 0 0 0 0 0 0 0]
[585038892342399625617100306243265815348782843736154506196682772418804173474876032939324689220162624429107636572121904066229991027162301765221250234716044867149213 0 0 0 0 0 0 0 0 0 0 0 0 0 0 0 0 0 0 0 0 0 0 0 0 0 1 0 0 0 0 0 0 0 0 0 0 0 0 0 0 0 0 0 0 0 0 0 0 0 0 0 0 0]
[600449976158848733206595332371371175307051736205231834391833366958244176751473231048307611733208682644428954607494790776489051533069500374524379213003685267769891 0 0 0 0 0 0 0 0 0 0 0 0 0 0 0 0 0 0 0 0 0 0 0 0 0 0 1 0 0 0 0 0 0 0 0 0 0 0 0 0 0 0 0 0 0 0 0 0 0 0 0 0 0]
[1963451250909865227607217162138835302910253164992513180896353433684153588157096560535671964774834458068157862502859683439979051357067589155163650469001243535718972 0 0 0 0 0 0 0 0 0 0 0 0 0 0 0 0 0 0 0 0 0 0 0 0 0 0 0 1 0 0 0 0 0 0 0 0 0 0 0 0 0 0 0 0 0 0 0 0 0 0 0 0 0]
[522344161104740341433245913318667800157935252421823096386615272745744087545060111659505810489902414315837058618025871872308144063458301273557298075710391764211771 0 0 0 0 0 0 0 0 0 0 0 0 0 0 0 0 0 0 0 0 0 0 0 0 0 0 0 0 1 0 0 0 0 0 0 0 0 0 0 0 0 0 0 0 0 0 0 0 0 0 0 0 0]
[500663769403110467799523459525200011451604549560660707246916432054180618554638433735965115715601379997275960561946461369057837026169212563339263221680642192491764 0 0 0 0 0 0 0 0 0 0 0 0 0 0 0 0 0 0 0 0 0 0 0 0 0 0 0 0 0 1 0 0 0 0 0 0 0 0 0 0 0 0 0 0 0 0 0 0 0 0 0 0 0]
[2271570730462445846088673910779957755883360492556324008832930960147145699790884417320828827387570502833049534495607615615965759157845188470737049746876104458757044 0 0 0 0 0 0 0 0 0 0 0 0 0 0 0 0 0 0 0 0 0 0 0 0 0 0 0 0 0 0 1 0 0 0 0 0 0 0 0 0 0 0 0 0 0 0 0 0 0 0 0 0 0]
[447951716613178067678653670748473593112529923402953930091796391105594280690531109889180111181342957113503326230466946566787276806462185688016940107636148416710566 0 0 0 0 0 0 0 0 0 0 0 0 0 0 0 0 0 0 0 0 0 0 0 0 0 0 0 0 0 0 0 1 0 0 0 0 0 0 0 0 0 0 0 0 0 0 0 0 0 0 0 0 0]
[580126195007791775392019497133400255528877533131357017339785367732008793327612452738411195263385459219923910676966638242367204614339842859129759656533741919790865 0 0 0 0 0 0 0 0 0 0 0 0 0 0 0 0 0 0 0 0 0 0 0 0 0 0 0 0 0 0 0 0 1 0 0 0 0 0 0 0 0 0 0 0 0 0 0 0 0 0 0 0 0]
[354482616620521059636420703389404695417203532026865566835462981992352694360928117476182839282038087273125054316687497556750498200345780153602299163210303515498325 0 0 0 0 0 0 0 0 0 0 0 0 0 0 0 0 0 0 0 0 0 0 0 0 0 0 0 0 0 0 0 0 0 1 0 0 0 0 0 0 0 0 0 0 0 0 0 0 0 0 0 0 0]
[1478936773572386208745802866497831163776756766307662594704345424176810586215619632091690759985066866085213793240344438784403281908709375121979403838770740471981150 0 0 0 0 0 0 0 0 0 0 0 0 0 0 0 0 0 0 0 0 0 0 0 0 0 0 0 0 0 0 0 0 0 0 1 0 0 0 0 0 0 0 0 0 0 0 0 0 0 0 0 0 0]
[1531779768357826971438537268909513447641923391572325313460685754486600710346954334432246088126614796534580957595191211687028483620819418933362697186936233640143368 0 0 0 0 0 0 0 0 0 0 0 0 0 0 0 0 0 0 0 0 0 0 0 0 0 0 0 0 0 0 0 0 0 0 0 1 0 0 0 0 0 0 0 0 0 0 0 0 0 0 0 0 0]
[2055497952113643407732840072077140692804031082748118414799701753774884321886701871013415292885961977184181727513260773341723995708909999429822623582222864673684286 0 0 0 0 0 0 0 0 0 0 0 0 0 0 0 0 0 0 0 0 0 0 0 0 0 0 0 0 0 0 0 0 0 0 0 0 1 0 0 0 0 0 0 0 0 0 0 0 0 0 0 0 0]
[236064967147851602313344401675023728645241297547879283823492826513487255819291842978460725842320868199037032500218767368852527150952420605995984900037341138780006 0 0 0 0 0 0 0 0 0 0 0 0 0 0 0 0 0 0 0 0 0 0 0 0 0 0 0 0 0 0 0 0 0 0 0 0 0 1 0 0 0 0 0 0 0 0 0 0 0 0 0 0 0]
[2443175054228557026817432593726702312579215731987940075912139336993343709792139808462955590596663502162913195730665281593266180314717771578996927510089475703985392 0 0 0 0 0 0 0 0 0 0 0 0 0 0 0 0 0 0 0 0 0 0 0 0 0 0 0 0 0 0 0 0 0 0 0 0 0 0 1 0 0 0 0 0 0 0 0 0 0 0 0 0 0]
[923642646225697500043101317948465662003052754290937717166295857608624730232670049670387095676076666065443309886371653302663577575033979202302424946419428232098282 0 0 0 0 0 0 0 0 0 0 0 0 0 0 0 0 0 0 0 0 0 0 0 0 0 0 0 0 0 0 0 0 0 0 0 0 0 0 0 1 0 0 0 0 0 0 0 0 0 0 0 0 0]
[271049472821249418156747559695065068873201615969830019525072445474931602236795652338683947541990148398776844995107775023205839429799709642652949972978370509648336 0 0 0 0 0 0 0 0 0 0 0 0 0 0 0 0 0 0 0 0 0 0 0 0 0 0 0 0 0 0 0 0 0 0 0 0 0 0 0 0 1 0 0 0 0 0 0 0 0 0 0 0 0]
[150699979046981117228909461364541539749071032619992395235492296836289461760519143796067379015939327649117526712924598313651681073876569455956728159888994699849014 0 0 0 0 0 0 0 0 0 0 0 0 0 0 0 0 0 0 0 0 0 0 0 0 0 0 0 0 0 0 0 0 0 0 0 0 0 0 0 0 0 1 0 0 0 0 0 0 0 0 0 0 0]
[1370859142278153961723237182031330810551863042619230345182099449824828441002498791015835386358125333196314802099634978440762806861490855236140972583214692409851153 0 0 0 0 0 0 0 0 0 0 0 0 0 0 0 0 0 0 0 0 0 0 0 0 0 0 0 0 0 0 0 0 0 0 0 0 0 0 0 0 0 0 1 0 0 0 0 0 0 0 0 0 0]
[182333636955296391577884765883320734553351986213409692388151541110901002940147641982635722619499460880265989774840861720819548349251558356333235712407527800493127 0 0 0 0 0 0 0 0 0 0 0 0 0 0 0 0 0 0 0 0 0 0 0 0 0 0 0 0 0 0 0 0 0 0 0 0 0 0 0 0 0 0 0 1 0 0 0 0 0 0 0 0 0]
[1511275478306252971870587855135930015426630810012166902875602244510199410702496460747759409637453678177291520025611310622043349750051259806625847554002587835875852 0 0 0 0 0 0 0 0 0 0 0 0 0 0 0 0 0 0 0 0 0 0 0 0 0 0 0 0 0 0 0 0 0 0 0 0 0 0 0 0 0 0 0 0 1 0 0 0 0 0 0 0 0]
[49037538505863047905283106908387945911980040171295770137831706219658041213196535155948705664123497001486674564721912947988951745960903151695945391445518565333528 0 0 0 0 0 0 0 0 0 0 0 0 0 0 0 0 0 0 0 0 0 0 0 0 0 0 0 0 0 0 0 0 0 0 0 0 0 0 0 0 0 0 0 0 0 1 0 0 0 0 0 0 0]
[1103772595075788981129504155694197123587095606125167535789075587498377275089492472809664897177456072082215294557708758081747071451361631123182508146742699996523913 0 0 0 0 0 0 0 0 0 0 0 0 0 0 0 0 0 0 0 0 0 0 0 0 0 0 0 0 0 0 0 0 0 0 0 0 0 0 0 0 0 0 0 0 0 0 1 0 0 0 0 0 0]
[2334095457723490980420925771517332891469217245476888471015768015213028422192229165737359761455952945039459911831415139450706233077333711699485932517750722409533098 0 0 0 0 0 0 0 0 0 0 0 0 0 0 0 0 0 0 0 0 0 0 0 0 0 0 0 0 0 0 0 0 0 0 0 0 0 0 0 0 0 0 0 0 0 0 0 1 0 0 0 0 0]
[1497287908866144663682371823803556551588538186589999698430244164481742002215871820855060557709295375546698291354429394880684063427096757420197785173872537141773998 0 0 0 0 0 0 0 0 0 0 0 0 0 0 0 0 0 0 0 0 0 0 0 0 0 0 0 0 0 0 0 0 0 0 0 0 0 0 0 0 0 0 0 0 0 0 0 0 1 0 0 0 0]
[1968120893555638306369630334867540056826139005587239240256752083927414073126024276984163260538325178775764218800787045853047382455992392981528157120493531030349197 0 0 0 0 0 0 0 0 0 0 0 0 0 0 0 0 0 0 0 0 0 0 0 0 0 0 0 0 0 0 0 0 0 0 0 0 0 0 0 0 0 0 0 0 0 0 0 0 0 1 0 0 0]
[2344204245812480561122514922277077488606354338067365823633030235294320359681034906752984573060468134919896034167791927691343930130404807206342859709352445330991792 0 0 0 0 0 0 0 0 0 0 0 0 0 0 0 0 0 0 0 0 0 0 0 0 0 0 0 0 0 0 0 0 0 0 0 0 0 0 0 0 0 0 0 0 0 0 0 0 0 0 1 0 0]
[1261784412153406649657016507897856727487768300648235419525172500779117563915045862516031556336700805044580673989825821543698156037829801358244287002865116173597972 0 0 0 0 0 0 0 0 0 0 0 0 0 0 0 0 0 0 0 0 0 0 0 0 0 0 0 0 0 0 0 0 0 0 0 0 0 0 0 0 0 0 0 0 0 0 0 0 0 0 0 1 0]
[985246694609740603021263924642522968555411707360379499632226022123343628775761158330087765693258359383619249708849140335758103264444853517247084147906331834082556 0 0 0 0 0 0 0 0 0 0 0 0 0 0 0 0 0 0 0 0 0 0 0 0 0 0 0 0 0 0 0 0 0 0 0 0 0 0 0 0 0 0 0 0 0 0 0 0 0 0 0 0 1]
]
