[[3505877292360104693239204510022648344759705125530134848819086512795829416275668594004594136072478979280185013786494938879176417501549148070952597517989775172421133 0 0 0 0 0 0 0 0 0 0 0 0 0 0 0 0 0 0 0 0 0 0 0 0 0 0 0 0 0 0 0 0 0 0 0 0 0 0 0 0 0 0 0 0 0 0 0 0 0 0 0 0 0]
[1810217610622251908744404846567166207112347760788129947598805349965707630274223417223673797844039094893449537925823962613634955928173480449158971136980141539372718 1 0 0 0 0 0 0 0 0 0 0 0 0 0 0 0 0 0 0 0 0 0 0 0 0 0 0 0 0 0 0 0 0 0 0 0 0 0 0 0 0 0 0 0 0 0 0 0 0 0 0 0 0]
[1116495932310776944916235747149569374705524616050969921503021641318706959784590283485272369930433543638992610939311060463760589185291939987785999942352660808994759 0 1 0 0 0 0 0 0 0 0 0 0 0 0 0 0 0 0 0 0 0 0 0 0 0 0 0 0 0 0 0 0 0 0 0 0 0 0 0 0 0 0 0 0 0 0 0 0 0 0 0 0 0]
[2629641486318426615710018137909998314074691700365939802064733861663792839726635082871014717434807126612653247691025232572960815376486535612811501549395425061271920 0 0 1 0 0 0 0 0 0 0 0 0 0 0 0 0 0 0 0 0 0 0 0 0 0 0 0 0 0 0 0 0 0 0 0 0 0 0 0 0 0 0 0 0 0 0 0 0 0 0 0 0 0]
[504081637822989682271092330537970986266456674599563761557155749915694598569153923626170446118625497695326741077332603059566634673720354368704158263691273187520787 0 0 0 1 0 0 0 0 0 0 0 0 0 0 0 0 0 0 0 0 0 0 0 0 0 0 0 0 0 0 0 0 0 0 0 0 0 0 0 0 0 0 0 0 0 0 0 0 0 0 0 0 0]
[839091443532541274931054105975812535970018279409650948414158910267964180247108368077839726042177471342326194616667338199482538839268694846775677332060638772451339 0 0 0 0 1 0 0 0 0 0 0 0 0 0 0 0 0 0 0 0 0 0 0 0 0 0 0 0 0 0 0 0 0 0 0 0 0 0 0 0 0 0 0 0 0 0 0 0 0 0 0 0 0]
[95424512413283961615886240634822821582156914647049616280427834071098983215649617118709326347880091109621706507949171848987749233749317269655060943293823570938871 0 0 0 0 0 1 0 0 0 0 0 0 0 0 0 0 0 0 0 0 0 0 0 0 0 0 0 0 0 0 0 0 0 0 0 0 0 0 0 0 0 0 0 0 0 0 0 0 0 0 0 0 0]
[2706738693780526399354138345864906591569422634787465180165496533390542923557833642057127749101772720844136180404786580575303188425753996958709999118346315308749788 0 0 0 0 0 0 1 0 0 0 0 0 0 0 0 0 0 0 0 0 0 0 0 0 0 0 0 0 0 0 0 0 0 0 0 0 0 0 0 0 0 0 0 0 0 0 0 0 0 0 0 0 0]
[2699956911114608528414213703868018129048062657179651884522563379713762491055063855000632531291511758690547453815281309078214145679688393792507173668258158631444838 0 0 0 0 0 0 0 1 0 0 0 0 0 0 0 0 0 0 0 0 0 0 0 0 0 0 0 0 0 0 0 0 0 0 0 0 0 0 0 0 0 0 0 0 0 0 0 0 0 0 0 0 0]
[2216127810284322210023939232571461762380686242834727674063776543065074700186165392463074267344115925060120213384574810499823461847275730390138700626182792519428199 0 0 0 0 0 0 0 0 1 0 0 0 0 0 0 0 0 0 0 0 0 0 0 0 0 0 0 0 0 0 0 0 0 0 0 0 0 0 0 0 0 0 0 0 0 0 0 0 0 0 0 0 0]
[661565958327652310922109410331091536565612971200429113621805157391536403550559653120661880993694774436520416513880914882496150698029618035685554216109801589078284 0 0 0 0 0 0 0 0 0 1 0 0 0 0 0 0 0 0 0 0 0 0 0 0 0 0 0 0 0 0 0 0 0 0 0 0 0 0 0 0 0 0 0 0 0 0 0 0 0 0 0 0 0]
[1946080209741225594314179595066731508998467231822169743262616226813179256611643407857970366682602880512408077532434708183279508353392306724352703244673720564994245 0 0 0 0 0 0 0 0 0 0 1 0 0 0 0 0 0 0 0 0 0 0 0 0 0 0 0 0 0 0 0 0 0 0 0 0 0 0 0 0 0 0 0 0 0 0 0 0 0 0 0 0 0]
[1678111657373408957641219459959255144575346793522660317557308923430548017247090363906658220911361290063472991304697231656261279497436256149626318323375431904725001 0 0 0 0 0 0 0 0 0 0 0 1 0 0 0 0 0 0 0 0 0 0 0 0 0 0 0 0 0 0 0 0 0 0 0 0 0 0 0 0 0 0 0 0 0 0 0 0 0 0 0 0 0]
[2397222739400222757700203065329231533865783829643432233640035401202948559222265028927770766508785543698532151502846666671783134234441573053426066780645310639873957 0 0 0 0 0 0 0 0 0 0 0 0 1 0 0 0 0 0 0 0 0 0 0 0 0 0 0 0 0 0 0 0 0 0 0 0 0 0 0 0 0 0 0 0 0 0 0 0 0 0 0 0 0]
[2071154076528096425763483703527745964060426191260470834065838967032193194460977965497203751881596199540890750977351152939174894390396119594941362999067893543775728 0 0 0 0 0 0 0 0 0 0 0 0 0 1 0 0 0 0 0 0 0 0 0 0 0 0 0 0 0 0 0 0 0 0 0 0 0 0 0 0 0 0 0 0 0 0 0 0 0 0 0 0 0]
[3053590251299710059842277671604737514244086413595320498484440461792136629315146390595922382346837084661954180182486884424333335573462702714824340855331131720462090 0 0 0 0 0 0 0 0 0 0 0 0 0 0 1 0 0 0 0 0 0 0 0 0 0 0 0 0 0 0 0 0 0 0 0 0 0 0 0 0 0 0 0 0 0 0 0 0 0 0 0 0 0]
[502676962281918763691176525144465177512256288836433548958450086242873062547940054635558699853019596578543255483113721428444860033010803736706220338143625864787001 0 0 0 0 0 0 0 0 0 0 0 0 0 0 0 1 0 0 0 0 0 0 0 0 0 0 0 0 0 0 0 0 0 0 0 0 0 0 0 0 0 0 0 0 0 0 0 0 0 0 0 0 0]
[3494334290932672612048407391388271998076954514443421136170202724747068122078256587132053886857048788261403355519661489278223053054568384157453346837625495309316176 0 0 0 0 0 0 0 0 0 0 0 0 0 0 0 0 1 0 0 0 0 0 0 0 0 0 0 0 0 0 0 0 0 0 0 0 0 0 0 0 0 0 0 0 0 0 0 0 0 0 0 0 0]
[2783460582903202185754982709926371920929292241894088239381318570923854452592055106229137088478380427964219045673236990779189845540577611084583235209676670628839698 0 0 0 0 0 0 0 0 0 0 0 0 0 0 0 0 0 1 0 0 0 0 0 0 0 0 0 0 0 0 0 0 0 0 0 0 0 0 0 0 0 0 0 0 0 0 0 0 0 0 0 0 0]
[2844367123723991516258544572154263391228646175230885999228238857741358192334792864466440721109519071946729308508986951003922458519352774465063187939654775298358204 0 0 0 0 0 0 0 0 0 0 0 0 0 0 0 0 0 0 1 0 0 0 0 0 0 0 0 0 0 0 0 0 0 0 0 0 0 0 0 0 0 0 0 0 0 0 0 0 0 0 0 0 0]
[3410184950679261274024066968509172742743333045214528135249593844973712534972912519054181184134711687780647469098035676730486762786829560885433433835853120575396856 0 0 0 0 0 0 0 0 0 0 0 0 0 0 0 0 0 0 0 1 0 0 0 0 0 0 0 0 0 0 0 0 0 0 0 0 0 0 0 0 0 0 0 0 0 0 0 0 0 0 0 0 0]
[898203247269875435488152816912871532474178351336936039610870413988235356296166040067068864937404560456173431685101197915586816794152372144252430887895293671479451 0 0 0 0 0 0 0 0 0 0 0 0 0 0 0 0 0 0 0 0 1 0 0 0 0 0 0 0 0 0 0 0 0 0 0 0 0 0 0 0 0 0 0 0 0 0 0 0 0 0 0 0 0]
[3000940922687565089389285537609642747240351123391146750686195490964705571708844923627904317352821417187736229139368518210926701469967177205458029381720125447229002 0 0 0 0 0 0 0 0 0 0 0 0 0 0 0 0 0 0 0 0 0 1 0 0 0 0 0 0 0 0 0 0 0 0 0 0 0 0 0 0 0 0 0 0 0 0 0 0 0 0 0 0 0]
[2544635022468695004084010883341884842680310944019486666017681313795248877370117189752729355514389067826767745240032890276324928140414966245291163879306228491209513 0 0 0 0 0 0 0 0 0 0 0 0 0 0 0 0 0 0 0 0 0 0 1 0 0 0 0 0 0 0 0 0 0 0 0 0 0 0 0 0 0 0 0 0 0 0 0 0 0 0 0 0 0]
[1115673751683707400281710146143238045990688828607014149784555694408426882722000446218569477083313299432019539201740319173334629188095789607224284307407969715881251 0 0 0 0 0 0 0 0 0 0 0 0 0 0 0 0 0 0 0 0 0 0 0 1 0 0 0 0 0 0 0 0 0 0 0 0 0 0 0 0 0 0 0 0 0 0 0 0 0 0 0 0 0]
[2749869617085773173798425657335256681290408806144638327155463248177027411556315961598667950584058013149031017396078236943544979478369201028748517968991732141459639 0 0 0 0 0 0 0 0 0 0 0 0 0 0 0 0 0 0 0 0 0 0 0 0 1 0 0 0 0 0 0 0 0 0 0 0 0 0 0 0 0 0 0 0 0 0 0 0 0 0 0 0 0]
[3297122630788107697068946512713927999834809827726715178783206674570482963582580606724674028989056464505428033044652842640900238794885948613481706428601917470332762 0 0 0 0 0 0 0 0 0 0 0 0 0 0 0 0 0 0 0 0 0 0 0 0 0 1 0 0 0 0 0 0 0 0 0 0 0 0 0 0 0 0 0 0 0 0 0 0 0 0 0 0 0]
[3364310049356533085443878135374481907816308746864847424644706470853438835473098943949744660244447418874577658260560894276127704937181001901972886478140300147676951 0 0 0 0 0 0 0 0 0 0 0 0 0 0 0 0 0 0 0 0 0 0 0 0 0 0 1 0 0 0 0 0 0 0 0 0 0 0 0 0 0 0 0 0 0 0 0 0 0 0 0 0 0]
[1858290410605932630159841023672645426230410241725776532799971562797416793125488326137142599910234527216229474320929369382901866557372132380882637099649041179367988 0 0 0 0 0 0 0 0 0 0 0 0 0 0 0 0 0 0 0 0 0 0 0 0 0 0 0 1 0 0 0 0 0 0 0 0 0 0 0 0 0 0 0 0 0 0 0 0 0 0 0 0 0]
[2622837390251086590221253306157379040311909522055853749209550916838148597475820364982957535404030329795455736536040165293933906849880986351897565319748193319385537 0 0 0 0 0 0 0 0 0 0 0 0 0 0 0 0 0 0 0 0 0 0 0 0 0 0 0 0 1 0 0 0 0 0 0 0 0 0 0 0 0 0 0 0 0 0 0 0 0 0 0 0 0]
[2566677145545168395966953496910916991285690037395983029416979036352374473161996081088483857548356815254515898458693570633451286078809072883066567744873843536498381 0 0 0 0 0 0 0 0 0 0 0 0 0 0 0 0 0 0 0 0 0 0 0 0 0 0 0 0 0 1 0 0 0 0 0 0 0 0 0 0 0 0 0 0 0 0 0 0 0 0 0 0 0]
[2957934763906226007883353079156711149397160975696822904810908806465550123730911295657691183840226480208090047207396962603244350921475716484615821983432152737329665 0 0 0 0 0 0 0 0 0 0 0 0 0 0 0 0 0 0 0 0 0 0 0 0 0 0 0 0 0 0 1 0 0 0 0 0 0 0 0 0 0 0 0 0 0 0 0 0 0 0 0 0 0]
[1418595006964299743728054629718183612361108137010344853761903290040840727531200971702624616735710569932579250501530254573082500692168278458813557490052629470586125 0 0 0 0 0 0 0 0 0 0 0 0 0 0 0 0 0 0 0 0 0 0 0 0 0 0 0 0 0 0 0 1 0 0 0 0 0 0 0 0 0 0 0 0 0 0 0 0 0 0 0 0 0]
[1888369383039579222585225409042413278188472018109091787537833868261094753697970435515706125740179466951688892544416433542307501632878869660746096268115740609194140 0 0 0 0 0 0 0 0 0 0 0 0 0 0 0 0 0 0 0 0 0 0 0 0 0 0 0 0 0 0 0 0 1 0 0 0 0 0 0 0 0 0 0 0 0 0 0 0 0 0 0 0 0]
[3148957926117616571955342272658776786711053389243773461733651266147916709041479770872071073085438533025109272852575810913779675816818631698381485421422162171204895 0 0 0 0 0 0 0 0 0 0 0 0 0 0 0 0 0 0 0 0 0 0 0 0 0 0 0 0 0 0 0 0 0 1 0 0 0 0 0 0 0 0 0 0 0 0 0 0 0 0 0 0 0]
[157922658847302968438274231426061649687944059292938144849688920209737400934018659065858831761676772148454790001598509495324823665473342109897262600029943444422380 0 0 0 0 0 0 0 0 0 0 0 0 0 0 0 0 0 0 0 0 0 0 0 0 0 0 0 0 0 0 0 0 0 0 1 0 0 0 0 0 0 0 0 0 0 0 0 0 0 0 0 0 0]
[1325132063757799070053380074053614654065011456450570554763923526867448277619739069368544393101545681304455231983461904622742471587440899130236910262559622004236738 0 0 0 0 0 0 0 0 0 0 0 0 0 0 0 0 0 0 0 0 0 0 0 0 0 0 0 0 0 0 0 0 0 0 0 1 0 0 0 0 0 0 0 0 0 0 0 0 0 0 0 0 0]
[2013969436576655243871194594367927141453537854612294855894545630880339967577485443322288105108825882565367178839397644098402965172964773998153914355503518158274548 0 0 0 0 0 0 0 0 0 0 0 0 0 0 0 0 0 0 0 0 0 0 0 0 0 0 0 0 0 0 0 0 0 0 0 0 1 0 0 0 0 0 0 0 0 0 0 0 0 0 0 0 0]
[2750991766631366950052911524800872838587872383403842624785312566084312392825053329029542742514804705216690877545222345188605156094063729510089303307193942276325140 0 0 0 0 0 0 0 0 0 0 0 0 0 0 0 0 0 0 0 0 0 0 0 0 0 0 0 0 0 0 0 0 0 0 0 0 0 1 0 0 0 0 0 0 0 0 0 0 0 0 0 0 0]
[2424167368033178413622081598500757475276375132583624039878832343075032922167625974297200415529243022795766170419951536509965171358944312155042439262048496211916833 0 0 0 0 0 0 0 0 0 0 0 0 0 0 0 0 0 0 0 0 0 0 0 0 0 0 0 0 0 0 0 0 0 0 0 0 0 0 1 0 0 0 0 0 0 0 0 0 0 0 0 0 0]
[1200307380373637260078877294920527338530360813092106160760610723753817150850312212664228878585884170913428710286245564756957934558533872014722154154866742618685218 0 0 0 0 0 0 0 0 0 0 0 0 0 0 0 0 0 0 0 0 0 0 0 0 0 0 0 0 0 0 0 0 0 0 0 0 0 0 0 1 0 0 0 0 0 0 0 0 0 0 0 0 0]
[2235129575767720133406195907210244072897361294739917698564952077134169923040417839603708865625273124673347649673409595314134457964405150973422394162451024273158275 0 0 0 0 0 0 0 0 0 0 0 0 0 0 0 0 0 0 0 0 0 0 0 0 0 0 0 0 0 0 0 0 0 0 0 0 0 0 0 0 1 0 0 0 0 0 0 0 0 0 0 0 0]
[2823645266367077204971720222989692722609224771665476589283353608899443244801628968572645756562602165421266563067791579654139075435284740651737211001375346503217785 0 0 0 0 0 0 0 0 0 0 0 0 0 0 0 0 0 0 0 0 0 0 0 0 0 0 0 0 0 0 0 0 0 0 0 0 0 0 0 0 0 1 0 0 0 0 0 0 0 0 0 0 0]
[311549123611187419876035017670637446408143902310324793307549237152966478101686128087656936411974866866138438034782615916628621874507402255457787796949044328298754 0 0 0 0 0 0 0 0 0 0 0 0 0 0 0 0 0 0 0 0 0 0 0 0 0 0 0 0 0 0 0 0 0 0 0 0 0 0 0 0 0 0 1 0 0 0 0 0 0 0 0 0 0]
[1006471400165056455892324093770179525662463914112645035717562706270053718978904796326588779264857571891423989682122914941724215058818427164489204815991367796060665 0 0 0 0 0 0 0 0 0 0 0 0 0 0 0 0 0 0 0 0 0 0 0 0 0 0 0 0 0 0 0 0 0 0 0 0 0 0 0 0 0 0 0 1 0 0 0 0 0 0 0 0 0]
[1279678315900153877707399403158593664113300251873784843512542173439289885249967750704372641239667742860320147077365950594585910400664321763210209406474803289974397 0 0 0 0 0 0 0 0 0 0 0 0 0 0 0 0 0 0 0 0 0 0 0 0 0 0 0 0 0 0 0 0 0 0 0 0 0 0 0 0 0 0 0 0 1 0 0 0 0 0 0 0 0]
[1297465926514405471290026104961496797757359935708670025962888939682402008907163816070969845606675681720831790107912040782650506952537500221493153806286450142053634 0 0 0 0 0 0 0 0 0 0 0 0 0 0 0 0 0 0 0 0 0 0 0 0 0 0 0 0 0 0 0 0 0 0 0 0 0 0 0 0 0 0 0 0 0 1 0 0 0 0 0 0 0]
[507128378812726328439885855957821406093569052072475327802890830424848082477923152877800070753560384359735583112934952717656716995872495992242197560486306425790470 0 0 0 0 0 0 0 0 0 0 0 0 0 0 0 0 0 0 0 0 0 0 0 0 0 0 0 0 0 0 0 0 0 0 0 0 0 0 0 0 0 0 0 0 0 0 1 0 0 0 0 0 0]
[1669054822198311939394791943364776943543014601758237744108705967902351469702349946513026269077432542231750253846560111262183484752800776159037953522451475353583815 0 0 0 0 0 0 0 0 0 0 0 0 0 0 0 0 0 0 0 0 0 0 0 0 0 0 0 0 0 0 0 0 0 0 0 0 0 0 0 0 0 0 0 0 0 0 0 1 0 0 0 0 0]
[1382630038453287151313375677611954701696491927909552049154360560721018749681848842288472816341753136415564677785031094257887884264106458769238522055903622860004317 0 0 0 0 0 0 0 0 0 0 0 0 0 0 0 0 0 0 0 0 0 0 0 0 0 0 0 0 0 0 0 0 0 0 0 0 0 0 0 0 0 0 0 0 0 0 0 0 1 0 0 0 0]
[2575893269640330013192226902153277545421829606628470686659266263822885846538825359598777780144777867702857438682512253214500003934054648459043579278533677786879168 0 0 0 0 0 0 0 0 0 0 0 0 0 0 0 0 0 0 0 0 0 0 0 0 0 0 0 0 0 0 0 0 0 0 0 0 0 0 0 0 0 0 0 0 0 0 0 0 0 1 0 0 0]
[3088830871878965594519951908662590963332422863547898708338368537901062761033702430817836315660055804069076512306537601564909155788536499362332920318021682821038089 0 0 0 0 0 0 0 0 0 0 0 0 0 0 0 0 0 0 0 0 0 0 0 0 0 0 0 0 0 0 0 0 0 0 0 0 0 0 0 0 0 0 0 0 0 0 0 0 0 0 1 0 0]
[1394122370926938134600068676526923545353047676221622313148930799329918438099326592517224886526677876890304032929511648043302591583985068541153936523217578710262074 0 0 0 0 0 0 0 0 0 0 0 0 0 0 0 0 0 0 0 0 0 0 0 0 0 0 0 0 0 0 0 0 0 0 0 0 0 0 0 0 0 0 0 0 0 0 0 0 0 0 0 1 0]
[254602019455932317668468247170292647791903714916892733799149393795631324266016350300292156182735435265920458966268944336831017488728743267562061732239417740144908 0 0 0 0 0 0 0 0 0 0 0 0 0 0 0 0 0 0 0 0 0 0 0 0 0 0 0 0 0 0 0 0 0 0 0 0 0 0 0 0 0 0 0 0 0 0 0 0 0 0 0 0 1]
]
