[[9451540580767589256993552530556399612521520592134743799883175375268738725369462063822500122845068883026696113292815416853837725500335358753773641079490372245223668083134081435605233005358197751346846289809759899125695494169068188289601693204599704297226065085392948843912052269431272372595251 0 0 0 0 0 0 0 0 0 0 0 0 0 0 0 0 0 0 0 0 0 0 0 0 0 0 0 0 0 0 0 0 0 0 0 0 0 0 0 0 0 0 0 0 0 0 0 0 0 0 0 0 0 0 0 0 0 0 0 0 0 0 0 0 0 0 0 0 0 0 0 0 0 0 0 0 0 0 0 0 0 0 0 0 0 0 0 0 0 0 0 0 0 0 0 0]
[4833863070543579495382237994635905151297307237911575390152728719139634666095719196629250775907112149992469233266077882544581305094680639329988339199173840628524816648110783841134903647439646167520779592622952971128693390468012399412766632099228947312840015280261079689641747340732366582115312 1 0 0 0 0 0 0 0 0 0 0 0 0 0 0 0 0 0 0 0 0 0 0 0 0 0 0 0 0 0 0 0 0 0 0 0 0 0 0 0 0 0 0 0 0 0 0 0 0 0 0 0 0 0 0 0 0 0 0 0 0 0 0 0 0 0 0 0 0 0 0 0 0 0 0 0 0 0 0 0 0 0 0 0 0 0 0 0 0 0 0 0 0 0 0 0]
[3584982322074342473257332114803897634641803130115721114339247753778401458028593238151839022021203710603676000926250961238368932862351622810078592353825013560671456734574720858108193564502168991794359325933037126399304853764717461651941608205262101281153687985905811751800458256770931123527283 0 1 0 0 0 0 0 0 0 0 0 0 0 0 0 0 0 0 0 0 0 0 0 0 0 0 0 0 0 0 0 0 0 0 0 0 0 0 0 0 0 0 0 0 0 0 0 0 0 0 0 0 0 0 0 0 0 0 0 0 0 0 0 0 0 0 0 0 0 0 0 0 0 0 0 0 0 0 0 0 0 0 0 0 0 0 0 0 0 0 0 0 0 0 0 0]
[5139627441333667750228420044240228829593129953581925063322523332269311247836310576784351249230210487818137492266733742197236717947886170238004044461159957355448028671901892773997913892775950302821971850120968491766102294499902664381859703009903515530937634532988218790480923402896535985218243 0 0 1 0 0 0 0 0 0 0 0 0 0 0 0 0 0 0 0 0 0 0 0 0 0 0 0 0 0 0 0 0 0 0 0 0 0 0 0 0 0 0 0 0 0 0 0 0 0 0 0 0 0 0 0 0 0 0 0 0 0 0 0 0 0 0 0 0 0 0 0 0 0 0 0 0 0 0 0 0 0 0 0 0 0 0 0 0 0 0 0 0 0 0 0 0]
[1306961424954300680383877575473718541984922279121442035536276253785817675769562387821970862840578888199680968421977228849945588742973012337717443015548282724225255847528344949918185737746901716643131407489273511771540639426479380501174478428346249094534029095296161376941067775439322938812609 0 0 0 1 0 0 0 0 0 0 0 0 0 0 0 0 0 0 0 0 0 0 0 0 0 0 0 0 0 0 0 0 0 0 0 0 0 0 0 0 0 0 0 0 0 0 0 0 0 0 0 0 0 0 0 0 0 0 0 0 0 0 0 0 0 0 0 0 0 0 0 0 0 0 0 0 0 0 0 0 0 0 0 0 0 0 0 0 0 0 0 0 0 0 0 0]
[594611642920468548234290099532470504213087954353092996981874185011928926825384690725388116981206518514955410132916397208346970189677040455849442635789200465545160673004717242763546292288253796040173875668221514103897480729307334277346626030044797170240484496166769053232687832424778762854006 0 0 0 0 1 0 0 0 0 0 0 0 0 0 0 0 0 0 0 0 0 0 0 0 0 0 0 0 0 0 0 0 0 0 0 0 0 0 0 0 0 0 0 0 0 0 0 0 0 0 0 0 0 0 0 0 0 0 0 0 0 0 0 0 0 0 0 0 0 0 0 0 0 0 0 0 0 0 0 0 0 0 0 0 0 0 0 0 0 0 0 0 0 0 0 0]
[2105827914657880316540675668583859181903130259013070031053453616602999329105323838183203428341893856644444027169025804821067007323183135835886969251600845843722336698242778429070720530392790659416942463723676083024912166283476562073183214334167107321864450357526209409241653881026944425501204 0 0 0 0 0 1 0 0 0 0 0 0 0 0 0 0 0 0 0 0 0 0 0 0 0 0 0 0 0 0 0 0 0 0 0 0 0 0 0 0 0 0 0 0 0 0 0 0 0 0 0 0 0 0 0 0 0 0 0 0 0 0 0 0 0 0 0 0 0 0 0 0 0 0 0 0 0 0 0 0 0 0 0 0 0 0 0 0 0 0 0 0 0 0 0 0]
[7756095874827125382975486268040490193910063672856266064875015606809727166742628371230462242799040792680651391447116440635118645208709044982221264879124459866684137470172490834578050779926561674826295505466448533992174458924674318433752852668336369040727057051005697173669477432485452545091485 0 0 0 0 0 0 1 0 0 0 0 0 0 0 0 0 0 0 0 0 0 0 0 0 0 0 0 0 0 0 0 0 0 0 0 0 0 0 0 0 0 0 0 0 0 0 0 0 0 0 0 0 0 0 0 0 0 0 0 0 0 0 0 0 0 0 0 0 0 0 0 0 0 0 0 0 0 0 0 0 0 0 0 0 0 0 0 0 0 0 0 0 0 0 0 0]
[743367063713684273957682151600161369876478487777443855181182940248351780290983716348556136432891041695419817982904009736998406777347773791527565880656646140653421093899512055114216657133216904230342939953286120676600351747678771219413663259411254625147319216025925531457986186247077266035804 0 0 0 0 0 0 0 1 0 0 0 0 0 0 0 0 0 0 0 0 0 0 0 0 0 0 0 0 0 0 0 0 0 0 0 0 0 0 0 0 0 0 0 0 0 0 0 0 0 0 0 0 0 0 0 0 0 0 0 0 0 0 0 0 0 0 0 0 0 0 0 0 0 0 0 0 0 0 0 0 0 0 0 0 0 0 0 0 0 0 0 0 0 0 0 0]
[4307119416156852625265586329337839714852106610603524248892407464134277348194510294656977434773315308321033318427434718380767760643713769109745257138510810116734440198691589503344250599367929984521103897013962702619844714365479735490756880860690600574158972297932566516964595345357339417681928 0 0 0 0 0 0 0 0 1 0 0 0 0 0 0 0 0 0 0 0 0 0 0 0 0 0 0 0 0 0 0 0 0 0 0 0 0 0 0 0 0 0 0 0 0 0 0 0 0 0 0 0 0 0 0 0 0 0 0 0 0 0 0 0 0 0 0 0 0 0 0 0 0 0 0 0 0 0 0 0 0 0 0 0 0 0 0 0 0 0 0 0 0 0 0 0]
[2779097921499442561216279831695449720031465419587820753680400506737656595033738011555654775331344399605959557741594225341524038897399668640488443777941990792165528583947614373755642003619723849585857788007114606146577477192342989668215612924146005631234693242507775916299060762986045534361816 0 0 0 0 0 0 0 0 0 1 0 0 0 0 0 0 0 0 0 0 0 0 0 0 0 0 0 0 0 0 0 0 0 0 0 0 0 0 0 0 0 0 0 0 0 0 0 0 0 0 0 0 0 0 0 0 0 0 0 0 0 0 0 0 0 0 0 0 0 0 0 0 0 0 0 0 0 0 0 0 0 0 0 0 0 0 0 0 0 0 0 0 0 0 0 0]
[3425337270968390410632187595593410457198416544906080813020660332949814694945873907264944312103496867231792543141098236348741961116589907396102326784264514255629208216122704019764107852824516574839351380568872701703075527438568367809257200346866481652275348411189153405556737403367100225859134 0 0 0 0 0 0 0 0 0 0 1 0 0 0 0 0 0 0 0 0 0 0 0 0 0 0 0 0 0 0 0 0 0 0 0 0 0 0 0 0 0 0 0 0 0 0 0 0 0 0 0 0 0 0 0 0 0 0 0 0 0 0 0 0 0 0 0 0 0 0 0 0 0 0 0 0 0 0 0 0 0 0 0 0 0 0 0 0 0 0 0 0 0 0 0 0]
[5093033222432533453747515365154593564358870886793000289845334750357885273062720152405505579749474923712542501631914899777211588217828744982233877670829063061673523307991325266506542917165745392203746538630783220782955495672772712786679057998034632202988094653013142929287779478536275662823894 0 0 0 0 0 0 0 0 0 0 0 1 0 0 0 0 0 0 0 0 0 0 0 0 0 0 0 0 0 0 0 0 0 0 0 0 0 0 0 0 0 0 0 0 0 0 0 0 0 0 0 0 0 0 0 0 0 0 0 0 0 0 0 0 0 0 0 0 0 0 0 0 0 0 0 0 0 0 0 0 0 0 0 0 0 0 0 0 0 0 0 0 0 0 0 0]
[7440090467156280737353084082004860324406599825871814554127825445023141591313107828619693471154614710774890834868593771872215727376120038276722005324154360393289035763209920215630518455580183506509026528512377976273659903855540350557243249514938728253432021107087902431776790661315653246949551 0 0 0 0 0 0 0 0 0 0 0 0 1 0 0 0 0 0 0 0 0 0 0 0 0 0 0 0 0 0 0 0 0 0 0 0 0 0 0 0 0 0 0 0 0 0 0 0 0 0 0 0 0 0 0 0 0 0 0 0 0 0 0 0 0 0 0 0 0 0 0 0 0 0 0 0 0 0 0 0 0 0 0 0 0 0 0 0 0 0 0 0 0 0 0 0]
[2995379379011811925173719669132546615720251788407132649979853735681384429565755268475292328503069376605300845051096628365241586686724584997374701309544099251700285132269324080175671761142796308357058277113470686180355749040308064432138383729130968532328106147338775698457643185119266529008431 0 0 0 0 0 0 0 0 0 0 0 0 0 1 0 0 0 0 0 0 0 0 0 0 0 0 0 0 0 0 0 0 0 0 0 0 0 0 0 0 0 0 0 0 0 0 0 0 0 0 0 0 0 0 0 0 0 0 0 0 0 0 0 0 0 0 0 0 0 0 0 0 0 0 0 0 0 0 0 0 0 0 0 0 0 0 0 0 0 0 0 0 0 0 0 0]
[1134065369391957015249298789704663455514633926970537237173988711537096936698706236313766675593218263268237813725872457482035798610645869520975812923585382649930180240401064906242372896380328317990653852472231992486977103935301496540757742152553491708961432706893989581430597492167316375813009 0 0 0 0 0 0 0 0 0 0 0 0 0 0 1 0 0 0 0 0 0 0 0 0 0 0 0 0 0 0 0 0 0 0 0 0 0 0 0 0 0 0 0 0 0 0 0 0 0 0 0 0 0 0 0 0 0 0 0 0 0 0 0 0 0 0 0 0 0 0 0 0 0 0 0 0 0 0 0 0 0 0 0 0 0 0 0 0 0 0 0 0 0 0 0 0]
[5360527412956710798753362430560181342855093119489675308149243884726010260285769522344022893039582675338482830867350471764875074109361289101669764368415854356145355344442699305001306128216472419153668369415343706910794600637190318137631055390117418834143174480242948693745009444627405400599078 0 0 0 0 0 0 0 0 0 0 0 0 0 0 0 1 0 0 0 0 0 0 0 0 0 0 0 0 0 0 0 0 0 0 0 0 0 0 0 0 0 0 0 0 0 0 0 0 0 0 0 0 0 0 0 0 0 0 0 0 0 0 0 0 0 0 0 0 0 0 0 0 0 0 0 0 0 0 0 0 0 0 0 0 0 0 0 0 0 0 0 0 0 0 0 0]
[1518392371117115259182102112385748546347276759109027869821151799394130371841015396777241154175420693311600353137280908762827967010814611183639411896543662635351738137216928624483892029708178292449658183558153175681345044387428809885266028177999394607477415400101054373088780079909425810701398 0 0 0 0 0 0 0 0 0 0 0 0 0 0 0 0 1 0 0 0 0 0 0 0 0 0 0 0 0 0 0 0 0 0 0 0 0 0 0 0 0 0 0 0 0 0 0 0 0 0 0 0 0 0 0 0 0 0 0 0 0 0 0 0 0 0 0 0 0 0 0 0 0 0 0 0 0 0 0 0 0 0 0 0 0 0 0 0 0 0 0 0 0 0 0 0]
[9264367508003632060562828473764083545134969801933113199893488647120179070821099792559187344677211076396737908687270004304512079782205713802041132047179933340949727634692196762071746398845750016514823023689059631760877034171374580251579079683294981961024695677742904671212993931960890385066883 0 0 0 0 0 0 0 0 0 0 0 0 0 0 0 0 0 1 0 0 0 0 0 0 0 0 0 0 0 0 0 0 0 0 0 0 0 0 0 0 0 0 0 0 0 0 0 0 0 0 0 0 0 0 0 0 0 0 0 0 0 0 0 0 0 0 0 0 0 0 0 0 0 0 0 0 0 0 0 0 0 0 0 0 0 0 0 0 0 0 0 0 0 0 0 0]
[2712619112378678057478050924181838570521121623042043080627313145657785782746559407709552303324411433423096984397561995967713446974983170491871650953403943290048259086741481680944510898733688780645063023328836969120346310010775295588220355464124018011260606635956907060019992319963601755337604 0 0 0 0 0 0 0 0 0 0 0 0 0 0 0 0 0 0 1 0 0 0 0 0 0 0 0 0 0 0 0 0 0 0 0 0 0 0 0 0 0 0 0 0 0 0 0 0 0 0 0 0 0 0 0 0 0 0 0 0 0 0 0 0 0 0 0 0 0 0 0 0 0 0 0 0 0 0 0 0 0 0 0 0 0 0 0 0 0 0 0 0 0 0 0 0]
[3439578095913429008679781535796846289038289755481814945442127114000578451220621509611277296418114692074166361126591547790643670686240726847897924017724737713092830957453315486115647091648319892788960545004438412457215991965938010289279544340501759648580648201798987629977666395613959865858723 0 0 0 0 0 0 0 0 0 0 0 0 0 0 0 0 0 0 0 1 0 0 0 0 0 0 0 0 0 0 0 0 0 0 0 0 0 0 0 0 0 0 0 0 0 0 0 0 0 0 0 0 0 0 0 0 0 0 0 0 0 0 0 0 0 0 0 0 0 0 0 0 0 0 0 0 0 0 0 0 0 0 0 0 0 0 0 0 0 0 0 0 0 0 0 0]
[5951928584370204900324275845326695628302839813627562416130430483003374656844279535781105164901171655448827226600702020609628637600406616852968297659596643147897242984340180404749559717288281580413615975036535645914244562216728846655276704437200175367775653168937093368893952101673593802422913 0 0 0 0 0 0 0 0 0 0 0 0 0 0 0 0 0 0 0 0 1 0 0 0 0 0 0 0 0 0 0 0 0 0 0 0 0 0 0 0 0 0 0 0 0 0 0 0 0 0 0 0 0 0 0 0 0 0 0 0 0 0 0 0 0 0 0 0 0 0 0 0 0 0 0 0 0 0 0 0 0 0 0 0 0 0 0 0 0 0 0 0 0 0 0 0]
[1752879672080392060113980879090623287336452426648933382719498692855634177283003061982068454823876273303400592805990882885127581968463186964109927079803446082874847584572509064170788965780192126613310563693498394680562871127975606314812963782885724467495101478631288807760351649791446968881377 0 0 0 0 0 0 0 0 0 0 0 0 0 0 0 0 0 0 0 0 0 1 0 0 0 0 0 0 0 0 0 0 0 0 0 0 0 0 0 0 0 0 0 0 0 0 0 0 0 0 0 0 0 0 0 0 0 0 0 0 0 0 0 0 0 0 0 0 0 0 0 0 0 0 0 0 0 0 0 0 0 0 0 0 0 0 0 0 0 0 0 0 0 0 0 0]
[1344221713870466611002239569168112629877384736234565013039765499601804207417239787625143684658616219004742805825213405149129412533544111356163978152979775059006798886844877321715325796242147545842666703124810951719898444924939316618336242097957018633576915022328713692532838901945876687180970 0 0 0 0 0 0 0 0 0 0 0 0 0 0 0 0 0 0 0 0 0 0 1 0 0 0 0 0 0 0 0 0 0 0 0 0 0 0 0 0 0 0 0 0 0 0 0 0 0 0 0 0 0 0 0 0 0 0 0 0 0 0 0 0 0 0 0 0 0 0 0 0 0 0 0 0 0 0 0 0 0 0 0 0 0 0 0 0 0 0 0 0 0 0 0 0]
[4838783987883983462647274561486422576081394753226770510864008620144201079001402452837719167362342149979620930378568958767644839568439352497673709147817372488616139083005992920681550751537510585307423232504921870633890716720840368564043896510978969066314686110055739334858194539468423757935034 0 0 0 0 0 0 0 0 0 0 0 0 0 0 0 0 0 0 0 0 0 0 0 1 0 0 0 0 0 0 0 0 0 0 0 0 0 0 0 0 0 0 0 0 0 0 0 0 0 0 0 0 0 0 0 0 0 0 0 0 0 0 0 0 0 0 0 0 0 0 0 0 0 0 0 0 0 0 0 0 0 0 0 0 0 0 0 0 0 0 0 0 0 0 0 0]
[2363613001975783514382255575743063195497523387616998310921831462567026402032056650371224061298992230064774683040616857615967522732846848275523734621369096906972309913715902068385456620328727184054586910899893796781645793467391539072119743076519883596528235397625979868414056088842593973246613 0 0 0 0 0 0 0 0 0 0 0 0 0 0 0 0 0 0 0 0 0 0 0 0 1 0 0 0 0 0 0 0 0 0 0 0 0 0 0 0 0 0 0 0 0 0 0 0 0 0 0 0 0 0 0 0 0 0 0 0 0 0 0 0 0 0 0 0 0 0 0 0 0 0 0 0 0 0 0 0 0 0 0 0 0 0 0 0 0 0 0 0 0 0 0 0]
[8225836658404472333291822194097001749098209164179968133427593575948895573635689246985688377746923951381265771819765539895998573207362295206294006823712224747172118644757215099656223937296433926520611377349180776738792926558269697582528398526175446606256818213838303541179986623972611333681039 0 0 0 0 0 0 0 0 0 0 0 0 0 0 0 0 0 0 0 0 0 0 0 0 0 1 0 0 0 0 0 0 0 0 0 0 0 0 0 0 0 0 0 0 0 0 0 0 0 0 0 0 0 0 0 0 0 0 0 0 0 0 0 0 0 0 0 0 0 0 0 0 0 0 0 0 0 0 0 0 0 0 0 0 0 0 0 0 0 0 0 0 0 0 0 0]
[7578969238605117998671693374489884983936572459962800425402621885607573325631533913575823210986923832419221602623524959394274453811465110317585872959553763289022353230876028822211226578331186591937559281528835095006541213084201023170782209538101737513346028900054897964255317900693345136982632 0 0 0 0 0 0 0 0 0 0 0 0 0 0 0 0 0 0 0 0 0 0 0 0 0 0 1 0 0 0 0 0 0 0 0 0 0 0 0 0 0 0 0 0 0 0 0 0 0 0 0 0 0 0 0 0 0 0 0 0 0 0 0 0 0 0 0 0 0 0 0 0 0 0 0 0 0 0 0 0 0 0 0 0 0 0 0 0 0 0 0 0 0 0 0 0]
[5730903080611010249068230260132306780840311242028983126454374995855956562785243417326765098388125983689600786727626526720587976017819508318761760398027956167948380307039523699160786802533592834103828502040886261373812279123454794308721022562932788083174109123766165958206655066184274808990728 0 0 0 0 0 0 0 0 0 0 0 0 0 0 0 0 0 0 0 0 0 0 0 0 0 0 0 1 0 0 0 0 0 0 0 0 0 0 0 0 0 0 0 0 0 0 0 0 0 0 0 0 0 0 0 0 0 0 0 0 0 0 0 0 0 0 0 0 0 0 0 0 0 0 0 0 0 0 0 0 0 0 0 0 0 0 0 0 0 0 0 0 0 0 0 0]
[8168624313859361480768161994527743068254629746754512472170751916524484330223262922882777647249564577475852954307112693013543926366013158695444365043664202882276300507944431260466320510468672800939496818334523664779889983875186520363463483809296802837617797064974889731361108118224417619624378 0 0 0 0 0 0 0 0 0 0 0 0 0 0 0 0 0 0 0 0 0 0 0 0 0 0 0 0 1 0 0 0 0 0 0 0 0 0 0 0 0 0 0 0 0 0 0 0 0 0 0 0 0 0 0 0 0 0 0 0 0 0 0 0 0 0 0 0 0 0 0 0 0 0 0 0 0 0 0 0 0 0 0 0 0 0 0 0 0 0 0 0 0 0 0 0]
[6677849237223062371232712864677582647704821646176619436313500828179514106926154917423171756175619715232455927852226137151441690654825767779081304713695487237795481340976151913548163659061003095465446650337475518635862188539578561094681980799458483748006469615599781575009097237714584080293299 0 0 0 0 0 0 0 0 0 0 0 0 0 0 0 0 0 0 0 0 0 0 0 0 0 0 0 0 0 1 0 0 0 0 0 0 0 0 0 0 0 0 0 0 0 0 0 0 0 0 0 0 0 0 0 0 0 0 0 0 0 0 0 0 0 0 0 0 0 0 0 0 0 0 0 0 0 0 0 0 0 0 0 0 0 0 0 0 0 0 0 0 0 0 0 0]
[747858506396343635794789572550823091650177975172191505778518625670165623954603246914294680372859888529930177642985224512459528702554650875967398940803299728200165551813211579809336071892983707911165604336987037002884419773226101045846402980342642462800928799284573041501696541003602738150496 0 0 0 0 0 0 0 0 0 0 0 0 0 0 0 0 0 0 0 0 0 0 0 0 0 0 0 0 0 0 1 0 0 0 0 0 0 0 0 0 0 0 0 0 0 0 0 0 0 0 0 0 0 0 0 0 0 0 0 0 0 0 0 0 0 0 0 0 0 0 0 0 0 0 0 0 0 0 0 0 0 0 0 0 0 0 0 0 0 0 0 0 0 0 0 0]
[5466492202537381563131913925322327629090204048846400394806886423296561620552556247453031586191525319805145836885210443494159724170178701412549935278750456584274595588140771236318626223589055831973647005653267733695214819567799420354519479834774109443384904438886115398676430091251085742243764 0 0 0 0 0 0 0 0 0 0 0 0 0 0 0 0 0 0 0 0 0 0 0 0 0 0 0 0 0 0 0 1 0 0 0 0 0 0 0 0 0 0 0 0 0 0 0 0 0 0 0 0 0 0 0 0 0 0 0 0 0 0 0 0 0 0 0 0 0 0 0 0 0 0 0 0 0 0 0 0 0 0 0 0 0 0 0 0 0 0 0 0 0 0 0 0]
[7580647817250218454942085973562035082683583533522721970458546401538959042691668062570295437590156056504006921124129863524006327163711249711592890601779321511163921785549136235362033538288168232805378832635505259023924022043146786842672644343589764477356625941385013090563924968322470467471494 0 0 0 0 0 0 0 0 0 0 0 0 0 0 0 0 0 0 0 0 0 0 0 0 0 0 0 0 0 0 0 0 1 0 0 0 0 0 0 0 0 0 0 0 0 0 0 0 0 0 0 0 0 0 0 0 0 0 0 0 0 0 0 0 0 0 0 0 0 0 0 0 0 0 0 0 0 0 0 0 0 0 0 0 0 0 0 0 0 0 0 0 0 0 0 0]
[1692573589079212928889267675915431517044152268371119439399820368869503342664198259505679982174292154838441379930369359175301472738165315638613121085875036670202155211596324544991402797582029295440291800234374093018551717628847568167085907853754241183555814612900737379953541460261446157477008 0 0 0 0 0 0 0 0 0 0 0 0 0 0 0 0 0 0 0 0 0 0 0 0 0 0 0 0 0 0 0 0 0 1 0 0 0 0 0 0 0 0 0 0 0 0 0 0 0 0 0 0 0 0 0 0 0 0 0 0 0 0 0 0 0 0 0 0 0 0 0 0 0 0 0 0 0 0 0 0 0 0 0 0 0 0 0 0 0 0 0 0 0 0 0 0]
[3794148214854352182033461922476026094865718289597447997819073700989350510110143960587604075955044788650102246008873472500840275222082287351575665404075106680812536594939461442113112882442569891707238201055019377942320589659950968038741077670523357830060910324121977189989701458189206422021715 0 0 0 0 0 0 0 0 0 0 0 0 0 0 0 0 0 0 0 0 0 0 0 0 0 0 0 0 0 0 0 0 0 0 1 0 0 0 0 0 0 0 0 0 0 0 0 0 0 0 0 0 0 0 0 0 0 0 0 0 0 0 0 0 0 0 0 0 0 0 0 0 0 0 0 0 0 0 0 0 0 0 0 0 0 0 0 0 0 0 0 0 0 0 0 0]
[3274869671263749820689587102089865926211620552097491985611448124464129877058959856772626877204076911511405513300606066890450473398820176829888123133290762110802785043816097616963281642084692666573090573571718458525663829339778343664692908165611912534548200262853583559412999376129243483625108 0 0 0 0 0 0 0 0 0 0 0 0 0 0 0 0 0 0 0 0 0 0 0 0 0 0 0 0 0 0 0 0 0 0 0 1 0 0 0 0 0 0 0 0 0 0 0 0 0 0 0 0 0 0 0 0 0 0 0 0 0 0 0 0 0 0 0 0 0 0 0 0 0 0 0 0 0 0 0 0 0 0 0 0 0 0 0 0 0 0 0 0 0 0 0 0]
[6966976400039869432716573441063927717376880733159307205220292207696417584264833320085600479393286967996467205942847776727520373927689924635513102276036288056860990343262137285773839812383101019935692323167391834623164185684010506817143703599606314212128848155413411512338071800944819585814560 0 0 0 0 0 0 0 0 0 0 0 0 0 0 0 0 0 0 0 0 0 0 0 0 0 0 0 0 0 0 0 0 0 0 0 0 1 0 0 0 0 0 0 0 0 0 0 0 0 0 0 0 0 0 0 0 0 0 0 0 0 0 0 0 0 0 0 0 0 0 0 0 0 0 0 0 0 0 0 0 0 0 0 0 0 0 0 0 0 0 0 0 0 0 0 0]
[8411004944114631366832289992435771988920012047967237771994966099373696310601870712618862662255285890219167957115096321712019273583473375943195505875505259414712058098639163710352022481097643098688877138667251952190590966282757944670027541104048393463704240390299184856680645319698687088851297 0 0 0 0 0 0 0 0 0 0 0 0 0 0 0 0 0 0 0 0 0 0 0 0 0 0 0 0 0 0 0 0 0 0 0 0 0 1 0 0 0 0 0 0 0 0 0 0 0 0 0 0 0 0 0 0 0 0 0 0 0 0 0 0 0 0 0 0 0 0 0 0 0 0 0 0 0 0 0 0 0 0 0 0 0 0 0 0 0 0 0 0 0 0 0 0]
[6393807867561075552392284530236742878816680031648510311211907414509303605439507779161868882784010243628639977847827501454699387283507663326626272677915478465055901398637230928650364232840410587003277284654273598487982640171701637632649424814533285729546805320284769129311622639504478590227595 0 0 0 0 0 0 0 0 0 0 0 0 0 0 0 0 0 0 0 0 0 0 0 0 0 0 0 0 0 0 0 0 0 0 0 0 0 0 1 0 0 0 0 0 0 0 0 0 0 0 0 0 0 0 0 0 0 0 0 0 0 0 0 0 0 0 0 0 0 0 0 0 0 0 0 0 0 0 0 0 0 0 0 0 0 0 0 0 0 0 0 0 0 0 0 0]
[7018654285528571009323478446477561896611254966602718601686702975851315925310467725518786283827967620788610324671080436437276459745871096030652025749986610157328286347347515895766247695634413470207527721549064855428920539855612997857203302226396514604590967654977201199455860697722850567227256 0 0 0 0 0 0 0 0 0 0 0 0 0 0 0 0 0 0 0 0 0 0 0 0 0 0 0 0 0 0 0 0 0 0 0 0 0 0 0 1 0 0 0 0 0 0 0 0 0 0 0 0 0 0 0 0 0 0 0 0 0 0 0 0 0 0 0 0 0 0 0 0 0 0 0 0 0 0 0 0 0 0 0 0 0 0 0 0 0 0 0 0 0 0 0 0]
[6469678202625303993540250518671810479423928808934124734324762168224468738093108247302629510915747600180811937643549622768403480641583508391346549669772403567352211350546230058198261970674094383788994888375885996890031360475663032013988099144141639572422572516628704147307234564590826038755135 0 0 0 0 0 0 0 0 0 0 0 0 0 0 0 0 0 0 0 0 0 0 0 0 0 0 0 0 0 0 0 0 0 0 0 0 0 0 0 0 1 0 0 0 0 0 0 0 0 0 0 0 0 0 0 0 0 0 0 0 0 0 0 0 0 0 0 0 0 0 0 0 0 0 0 0 0 0 0 0 0 0 0 0 0 0 0 0 0 0 0 0 0 0 0 0]
[3356352959929427899527775735809720745548907092104383776341207630399211692778618946410602966665488806300115663486416634625565589296117489363211015760556820691007311344675509931024281661526778263255367663098421826057047847039078431941911282451938810510496119768622459198449161325422571541376662 0 0 0 0 0 0 0 0 0 0 0 0 0 0 0 0 0 0 0 0 0 0 0 0 0 0 0 0 0 0 0 0 0 0 0 0 0 0 0 0 0 1 0 0 0 0 0 0 0 0 0 0 0 0 0 0 0 0 0 0 0 0 0 0 0 0 0 0 0 0 0 0 0 0 0 0 0 0 0 0 0 0 0 0 0 0 0 0 0 0 0 0 0 0 0 0]
[2366389889338993509235232410782411180703353419725144033399842911326779664194089544321113744991451787089559864400865828359725130187475327891451095714018588862633021812235493274312689806758228126371335136953722333930573772317483313884597901241417091082542164729560282540546031758274594507262823 0 0 0 0 0 0 0 0 0 0 0 0 0 0 0 0 0 0 0 0 0 0 0 0 0 0 0 0 0 0 0 0 0 0 0 0 0 0 0 0 0 0 1 0 0 0 0 0 0 0 0 0 0 0 0 0 0 0 0 0 0 0 0 0 0 0 0 0 0 0 0 0 0 0 0 0 0 0 0 0 0 0 0 0 0 0 0 0 0 0 0 0 0 0 0 0]
[1335084378779466955807097642058277060920007447499871681953991972231321673033971676330584139880006880069778742262728511610423480631311506575058414380371768605576709015545700237492554723289525627559846916669998553775804287865668534063131466708488714463998026685595526941561009347570695424608729 0 0 0 0 0 0 0 0 0 0 0 0 0 0 0 0 0 0 0 0 0 0 0 0 0 0 0 0 0 0 0 0 0 0 0 0 0 0 0 0 0 0 0 1 0 0 0 0 0 0 0 0 0 0 0 0 0 0 0 0 0 0 0 0 0 0 0 0 0 0 0 0 0 0 0 0 0 0 0 0 0 0 0 0 0 0 0 0 0 0 0 0 0 0 0 0]
[3594684558755404215709871633846173899606551248844322166460744445058213134530364256998967225675975743192403602519544378450757921944161177726756103193019791439800933861730403350160200211797569019837688566808171989190940010271264698297967454605235309551887130072790449978625788527733559384512640 0 0 0 0 0 0 0 0 0 0 0 0 0 0 0 0 0 0 0 0 0 0 0 0 0 0 0 0 0 0 0 0 0 0 0 0 0 0 0 0 0 0 0 0 1 0 0 0 0 0 0 0 0 0 0 0 0 0 0 0 0 0 0 0 0 0 0 0 0 0 0 0 0 0 0 0 0 0 0 0 0 0 0 0 0 0 0 0 0 0 0 0 0 0 0 0]
[3129589871256177422461755916417770967895208141956523682183805843202316163462434094006806518976117245178732161264253047705324800299085273801382070612002456595388876784273706898353863773001089767794883970402959427917407475351716478102255825420549629807651277959037627001762948843798638236603967 0 0 0 0 0 0 0 0 0 0 0 0 0 0 0 0 0 0 0 0 0 0 0 0 0 0 0 0 0 0 0 0 0 0 0 0 0 0 0 0 0 0 0 0 0 1 0 0 0 0 0 0 0 0 0 0 0 0 0 0 0 0 0 0 0 0 0 0 0 0 0 0 0 0 0 0 0 0 0 0 0 0 0 0 0 0 0 0 0 0 0 0 0 0 0 0]
[5860145710373665437932296173120235684888342241170571343050567349210598712830053071916599204069730023754498825611898637460233850410664643789228617155337267119575930610878828860897995479963856889511317877397755243409395152132944273734738123986084029541175783343992252650297728299349014327745142 0 0 0 0 0 0 0 0 0 0 0 0 0 0 0 0 0 0 0 0 0 0 0 0 0 0 0 0 0 0 0 0 0 0 0 0 0 0 0 0 0 0 0 0 0 0 1 0 0 0 0 0 0 0 0 0 0 0 0 0 0 0 0 0 0 0 0 0 0 0 0 0 0 0 0 0 0 0 0 0 0 0 0 0 0 0 0 0 0 0 0 0 0 0 0 0]
[7316842325686493575130927548651439351534238297008595778246295695604476920419643951151954773559842822056413418806995531203462986654147160247583710642582797056322143899555031292363011372684970945264308710359474780470061619647501315216129618158710414965634071186785693599051221168023822189460931 0 0 0 0 0 0 0 0 0 0 0 0 0 0 0 0 0 0 0 0 0 0 0 0 0 0 0 0 0 0 0 0 0 0 0 0 0 0 0 0 0 0 0 0 0 0 0 1 0 0 0 0 0 0 0 0 0 0 0 0 0 0 0 0 0 0 0 0 0 0 0 0 0 0 0 0 0 0 0 0 0 0 0 0 0 0 0 0 0 0 0 0 0 0 0 0]
[592598319673855160489662885875801274608961334042629665675488209109854094600717170614354429555714961791744270109745154714891706673433782640271101337654914425388143236704155223654754600433531962022967943293124635884901784981049084098963190553006282233007634992063236844122762066127107797495047 0 0 0 0 0 0 0 0 0 0 0 0 0 0 0 0 0 0 0 0 0 0 0 0 0 0 0 0 0 0 0 0 0 0 0 0 0 0 0 0 0 0 0 0 0 0 0 0 1 0 0 0 0 0 0 0 0 0 0 0 0 0 0 0 0 0 0 0 0 0 0 0 0 0 0 0 0 0 0 0 0 0 0 0 0 0 0 0 0 0 0 0 0 0 0 0]
[8872219527308215048491706177233001259230362716008380411098272625708868596667950588289220447401432092377614727233383394896918500784109398367300752692959981506077802783817725224570480948233237526541555046699678531651375146550553413950749830696750973435277201843894474180225190704582687496188154 0 0 0 0 0 0 0 0 0 0 0 0 0 0 0 0 0 0 0 0 0 0 0 0 0 0 0 0 0 0 0 0 0 0 0 0 0 0 0 0 0 0 0 0 0 0 0 0 0 1 0 0 0 0 0 0 0 0 0 0 0 0 0 0 0 0 0 0 0 0 0 0 0 0 0 0 0 0 0 0 0 0 0 0 0 0 0 0 0 0 0 0 0 0 0 0]
[1013797239742746226957530093262391941481910218258201367452571696605163294776611523921509814706982275401709158082293459598957324786504407173609682586666375426489295870147097476550068736020326084329031657729759051903479691013017602739100351145503125613380408933784100303850773533098592684057643 0 0 0 0 0 0 0 0 0 0 0 0 0 0 0 0 0 0 0 0 0 0 0 0 0 0 0 0 0 0 0 0 0 0 0 0 0 0 0 0 0 0 0 0 0 0 0 0 0 0 1 0 0 0 0 0 0 0 0 0 0 0 0 0 0 0 0 0 0 0 0 0 0 0 0 0 0 0 0 0 0 0 0 0 0 0 0 0 0 0 0 0 0 0 0 0]
[4647049262938471580921097368229348818117352626976916808879108736015611070187889263300921996019427543511185619577463492507418120420223198379922891921620343234781665148722000631258970105452738289810291128279877467658364425763410201530661126140460797514955578751852549863482502585976349853783309 0 0 0 0 0 0 0 0 0 0 0 0 0 0 0 0 0 0 0 0 0 0 0 0 0 0 0 0 0 0 0 0 0 0 0 0 0 0 0 0 0 0 0 0 0 0 0 0 0 0 0 1 0 0 0 0 0 0 0 0 0 0 0 0 0 0 0 0 0 0 0 0 0 0 0 0 0 0 0 0 0 0 0 0 0 0 0 0 0 0 0 0 0 0 0 0]
[2046414925798727080607296909446926739669013755177986695891308203572720571886995202558062204675004553812077280044235697964357789067262807271415349429553889989693859975934593435518584136476488352665177283245411011640858716385924206745866347543444844811094238579599451503707584941361209701393486 0 0 0 0 0 0 0 0 0 0 0 0 0 0 0 0 0 0 0 0 0 0 0 0 0 0 0 0 0 0 0 0 0 0 0 0 0 0 0 0 0 0 0 0 0 0 0 0 0 0 0 0 1 0 0 0 0 0 0 0 0 0 0 0 0 0 0 0 0 0 0 0 0 0 0 0 0 0 0 0 0 0 0 0 0 0 0 0 0 0 0 0 0 0 0 0]
[2572168126490231326379702350167327378215697968685253064080125713407399281331088111623642336628651264507817611735017695922125917767344394851182841259099293354917343595017046656114441204373217735656041010969581127100593085510623957266096831269318409358033940890420095490480050032639584922237898 0 0 0 0 0 0 0 0 0 0 0 0 0 0 0 0 0 0 0 0 0 0 0 0 0 0 0 0 0 0 0 0 0 0 0 0 0 0 0 0 0 0 0 0 0 0 0 0 0 0 0 0 0 1 0 0 0 0 0 0 0 0 0 0 0 0 0 0 0 0 0 0 0 0 0 0 0 0 0 0 0 0 0 0 0 0 0 0 0 0 0 0 0 0 0 0]
[8987813804482291220229054714635632874200030809282148089947043747544068478365317810970308496113068289297952025224183399443358731474621108189146104233016677407832266879538523666601521410478580037152429651755547797424303716325055519958482475053909732905691304850460108563163555417876356747058598 0 0 0 0 0 0 0 0 0 0 0 0 0 0 0 0 0 0 0 0 0 0 0 0 0 0 0 0 0 0 0 0 0 0 0 0 0 0 0 0 0 0 0 0 0 0 0 0 0 0 0 0 0 0 1 0 0 0 0 0 0 0 0 0 0 0 0 0 0 0 0 0 0 0 0 0 0 0 0 0 0 0 0 0 0 0 0 0 0 0 0 0 0 0 0 0]
[515588896683148590067274260532312085030296931197041709544909091130653187802318312940980649335415443144284520732124658527930023684250268577082497980355531273294402518445498743461559015832222821874955595513127036928688057360460901434930084402187085560140295947075121981683782890409554426760834 0 0 0 0 0 0 0 0 0 0 0 0 0 0 0 0 0 0 0 0 0 0 0 0 0 0 0 0 0 0 0 0 0 0 0 0 0 0 0 0 0 0 0 0 0 0 0 0 0 0 0 0 0 0 0 1 0 0 0 0 0 0 0 0 0 0 0 0 0 0 0 0 0 0 0 0 0 0 0 0 0 0 0 0 0 0 0 0 0 0 0 0 0 0 0 0]
[7384668556605539909512870941957443293883663332428926187112126359235829067447426102752706406065210260703247369477736626919169490043242865506704848056335019290938345830244873530818102725414919186817675347800690742348883249900414915478897195515903748098820527095440611189983477258020978239445324 0 0 0 0 0 0 0 0 0 0 0 0 0 0 0 0 0 0 0 0 0 0 0 0 0 0 0 0 0 0 0 0 0 0 0 0 0 0 0 0 0 0 0 0 0 0 0 0 0 0 0 0 0 0 0 0 1 0 0 0 0 0 0 0 0 0 0 0 0 0 0 0 0 0 0 0 0 0 0 0 0 0 0 0 0 0 0 0 0 0 0 0 0 0 0 0]
[831775146690591565719275519554175005054252975294128394826152337504194285061979652765020388630432540163598108383865274816194943209388836920162432776047421703781172788224802606287002810727957094527618096624128182419706630109793533534313900199664965921973735597256499948079010645562045389264271 0 0 0 0 0 0 0 0 0 0 0 0 0 0 0 0 0 0 0 0 0 0 0 0 0 0 0 0 0 0 0 0 0 0 0 0 0 0 0 0 0 0 0 0 0 0 0 0 0 0 0 0 0 0 0 0 0 1 0 0 0 0 0 0 0 0 0 0 0 0 0 0 0 0 0 0 0 0 0 0 0 0 0 0 0 0 0 0 0 0 0 0 0 0 0 0]
[8780460858528650372734466372236301571845337452669702461750409337583810715874053794501294347935837522405751972174142365849336487230185419308008380395877483722872870703084252732523249863499248929278299679989050559893557611919686888330703597369613651947470860116533351286727252145238486096251564 0 0 0 0 0 0 0 0 0 0 0 0 0 0 0 0 0 0 0 0 0 0 0 0 0 0 0 0 0 0 0 0 0 0 0 0 0 0 0 0 0 0 0 0 0 0 0 0 0 0 0 0 0 0 0 0 0 0 1 0 0 0 0 0 0 0 0 0 0 0 0 0 0 0 0 0 0 0 0 0 0 0 0 0 0 0 0 0 0 0 0 0 0 0 0 0]
[7607324839943603443274457557243293143513120485436671391818436802217027403329298902855145491737880414746462130164101704936912537553830206457007298248072000042575981117924628944698372277297964571952716807605971412933120259865431538226064599478751893972413425021245779268168463512242937589967632 0 0 0 0 0 0 0 0 0 0 0 0 0 0 0 0 0 0 0 0 0 0 0 0 0 0 0 0 0 0 0 0 0 0 0 0 0 0 0 0 0 0 0 0 0 0 0 0 0 0 0 0 0 0 0 0 0 0 0 1 0 0 0 0 0 0 0 0 0 0 0 0 0 0 0 0 0 0 0 0 0 0 0 0 0 0 0 0 0 0 0 0 0 0 0 0]
[2226364638737162188693600402923088124271536055438377559232884992005411702331442475587791911602977153597845685242612586382014536212794674725632942927339687663299774742565777424610422828768885223930296788338875284215781643451554557603341260734773373419214830065356150804465619392509902702473828 0 0 0 0 0 0 0 0 0 0 0 0 0 0 0 0 0 0 0 0 0 0 0 0 0 0 0 0 0 0 0 0 0 0 0 0 0 0 0 0 0 0 0 0 0 0 0 0 0 0 0 0 0 0 0 0 0 0 0 0 1 0 0 0 0 0 0 0 0 0 0 0 0 0 0 0 0 0 0 0 0 0 0 0 0 0 0 0 0 0 0 0 0 0 0 0]
[3294127946709908488281856932597942582373584526216412494218173700479597282349516343831331452342678019253162261654641405642970196484002178555615322288933695211899773391973426202606922858502655360138101609345905919304734065675644756677672628493056756626752092778170575042650584846139188136030409 0 0 0 0 0 0 0 0 0 0 0 0 0 0 0 0 0 0 0 0 0 0 0 0 0 0 0 0 0 0 0 0 0 0 0 0 0 0 0 0 0 0 0 0 0 0 0 0 0 0 0 0 0 0 0 0 0 0 0 0 0 1 0 0 0 0 0 0 0 0 0 0 0 0 0 0 0 0 0 0 0 0 0 0 0 0 0 0 0 0 0 0 0 0 0 0]
[822383492340236118242007714006523029515992711550060267449514583915240211601728009040415895150551112044327588264422059752060693047586034798872715414167666246178542193263057769701858500090350564064476131804297612577233802513526307645305473444635498804145832196920935097344904765774785712677342 0 0 0 0 0 0 0 0 0 0 0 0 0 0 0 0 0 0 0 0 0 0 0 0 0 0 0 0 0 0 0 0 0 0 0 0 0 0 0 0 0 0 0 0 0 0 0 0 0 0 0 0 0 0 0 0 0 0 0 0 0 0 1 0 0 0 0 0 0 0 0 0 0 0 0 0 0 0 0 0 0 0 0 0 0 0 0 0 0 0 0 0 0 0 0 0]
[9320899398393199065404051389967397547382947519174978680085806703604105331535426583753727624700102879313404591447994073788768117524807519075508038810067960006320033558720184569636680537046738770234853269498954926232961345358519396147343222109695941736746839547953174362439495079515266786889495 0 0 0 0 0 0 0 0 0 0 0 0 0 0 0 0 0 0 0 0 0 0 0 0 0 0 0 0 0 0 0 0 0 0 0 0 0 0 0 0 0 0 0 0 0 0 0 0 0 0 0 0 0 0 0 0 0 0 0 0 0 0 0 1 0 0 0 0 0 0 0 0 0 0 0 0 0 0 0 0 0 0 0 0 0 0 0 0 0 0 0 0 0 0 0 0]
[4338785750238490380994490079948583564255135786542069120393728286809726720250007551126668206512352413265355485190314793388765872506084243763789900283000133827521359735785313998757886072820416625250153033442521495105207595973896668131575027283908458744833044245843191619608152229445167543509775 0 0 0 0 0 0 0 0 0 0 0 0 0 0 0 0 0 0 0 0 0 0 0 0 0 0 0 0 0 0 0 0 0 0 0 0 0 0 0 0 0 0 0 0 0 0 0 0 0 0 0 0 0 0 0 0 0 0 0 0 0 0 0 0 1 0 0 0 0 0 0 0 0 0 0 0 0 0 0 0 0 0 0 0 0 0 0 0 0 0 0 0 0 0 0 0]
[8415513859543678025248569188332016939442706256073150187646382869973377266966466874748918967256670931603703761693812891440829176752732318181012265716211415919240574429731865615906953940981578673425133053803159979149301686996900867198285307130841605502690427534289347042101040148720462788228458 0 0 0 0 0 0 0 0 0 0 0 0 0 0 0 0 0 0 0 0 0 0 0 0 0 0 0 0 0 0 0 0 0 0 0 0 0 0 0 0 0 0 0 0 0 0 0 0 0 0 0 0 0 0 0 0 0 0 0 0 0 0 0 0 0 1 0 0 0 0 0 0 0 0 0 0 0 0 0 0 0 0 0 0 0 0 0 0 0 0 0 0 0 0 0 0]
[3769046542563624487872060823905196088288275383141691137538030358987579260912130985425912562524258141443207000774880760858276674745800371760329173379921258631134137295023800964535565858520003395923729529535839999735372959302015439360208451713494020585830020703540834312549352331076398017834707 0 0 0 0 0 0 0 0 0 0 0 0 0 0 0 0 0 0 0 0 0 0 0 0 0 0 0 0 0 0 0 0 0 0 0 0 0 0 0 0 0 0 0 0 0 0 0 0 0 0 0 0 0 0 0 0 0 0 0 0 0 0 0 0 0 0 1 0 0 0 0 0 0 0 0 0 0 0 0 0 0 0 0 0 0 0 0 0 0 0 0 0 0 0 0 0]
[1184424224767727446473175574286663472210950444749402689172358757898643240279057844425680969499764163817352307825910609652499308296725250443693014141788176798480794552257675879634757327189101964124481152843222453081301925345708486029964769797303999789386150078001342305079695742769211203942735 0 0 0 0 0 0 0 0 0 0 0 0 0 0 0 0 0 0 0 0 0 0 0 0 0 0 0 0 0 0 0 0 0 0 0 0 0 0 0 0 0 0 0 0 0 0 0 0 0 0 0 0 0 0 0 0 0 0 0 0 0 0 0 0 0 0 0 1 0 0 0 0 0 0 0 0 0 0 0 0 0 0 0 0 0 0 0 0 0 0 0 0 0 0 0 0]
[2376367614390691773246311186710235206060410693046989384137402740633091458307370095378034625078725931446663025164566451179260315310977532923316770090633651577155215714428937333813250163233938923421197112973234543049190063168476322736521040467945635443190516359102257229994828684266847104152112 0 0 0 0 0 0 0 0 0 0 0 0 0 0 0 0 0 0 0 0 0 0 0 0 0 0 0 0 0 0 0 0 0 0 0 0 0 0 0 0 0 0 0 0 0 0 0 0 0 0 0 0 0 0 0 0 0 0 0 0 0 0 0 0 0 0 0 0 1 0 0 0 0 0 0 0 0 0 0 0 0 0 0 0 0 0 0 0 0 0 0 0 0 0 0 0]
[1176888160168503637041635738505825589498969588583711503573417558861645847211742870697752678903949067874271939432973891133420590365910185579465582579059571379848696198775164327002038709083336202328215982007557564130640426301162326637303575197353028096881363483273452449019156440634684411328546 0 0 0 0 0 0 0 0 0 0 0 0 0 0 0 0 0 0 0 0 0 0 0 0 0 0 0 0 0 0 0 0 0 0 0 0 0 0 0 0 0 0 0 0 0 0 0 0 0 0 0 0 0 0 0 0 0 0 0 0 0 0 0 0 0 0 0 0 0 1 0 0 0 0 0 0 0 0 0 0 0 0 0 0 0 0 0 0 0 0 0 0 0 0 0 0]
[4091060390695923215524082064304612123544952127257898400737995739103970586605529308707442521553110411093023343811280756248051597333609434392135496023703007759829397886144682832257031106825874867846510936081001618746756511843226989215275063487300358204148037691487775478190426086427693636586294 0 0 0 0 0 0 0 0 0 0 0 0 0 0 0 0 0 0 0 0 0 0 0 0 0 0 0 0 0 0 0 0 0 0 0 0 0 0 0 0 0 0 0 0 0 0 0 0 0 0 0 0 0 0 0 0 0 0 0 0 0 0 0 0 0 0 0 0 0 0 1 0 0 0 0 0 0 0 0 0 0 0 0 0 0 0 0 0 0 0 0 0 0 0 0 0]
[288471689385992074296137486646626153925237395547654504262864854685702553235901373240739954547473180063797558366222735443150144036557951100674845498887959560777076881035532719415301793955928077389468159930118078882970320263340172607999521359451249640794025856351868519337110126980413708802634 0 0 0 0 0 0 0 0 0 0 0 0 0 0 0 0 0 0 0 0 0 0 0 0 0 0 0 0 0 0 0 0 0 0 0 0 0 0 0 0 0 0 0 0 0 0 0 0 0 0 0 0 0 0 0 0 0 0 0 0 0 0 0 0 0 0 0 0 0 0 0 1 0 0 0 0 0 0 0 0 0 0 0 0 0 0 0 0 0 0 0 0 0 0 0 0]
[7726877996156508460949866278514875303520291032682634213080343023220893662931037024438596905800102843130994622255565821654638866613383003750755655020750023755156227409075518421666945308433141077431935810013313169253089887302034302277619733398783254975472679213633646898489947540986364806877666 0 0 0 0 0 0 0 0 0 0 0 0 0 0 0 0 0 0 0 0 0 0 0 0 0 0 0 0 0 0 0 0 0 0 0 0 0 0 0 0 0 0 0 0 0 0 0 0 0 0 0 0 0 0 0 0 0 0 0 0 0 0 0 0 0 0 0 0 0 0 0 0 1 0 0 0 0 0 0 0 0 0 0 0 0 0 0 0 0 0 0 0 0 0 0 0]
[3966335872535057078376599422813618796562988180357159944443675483599697412990218950656871301821764448163282372567454220044153198042324102402372665540007856911050776054692784416580674198627920848882543615751751054077965842104461785589376241787268995685537476267478488228900396600174938141602750 0 0 0 0 0 0 0 0 0 0 0 0 0 0 0 0 0 0 0 0 0 0 0 0 0 0 0 0 0 0 0 0 0 0 0 0 0 0 0 0 0 0 0 0 0 0 0 0 0 0 0 0 0 0 0 0 0 0 0 0 0 0 0 0 0 0 0 0 0 0 0 0 0 1 0 0 0 0 0 0 0 0 0 0 0 0 0 0 0 0 0 0 0 0 0 0]
[3988676171473359068182175250247717416486885274448772518620434648257459703851834079523707564009654205479976665142405533900255235417685532387765212552620019453835324599410155644506815078935644636080407557458090091698886563081522420189186832381401690520841609025632128750469786483005241442811761 0 0 0 0 0 0 0 0 0 0 0 0 0 0 0 0 0 0 0 0 0 0 0 0 0 0 0 0 0 0 0 0 0 0 0 0 0 0 0 0 0 0 0 0 0 0 0 0 0 0 0 0 0 0 0 0 0 0 0 0 0 0 0 0 0 0 0 0 0 0 0 0 0 0 1 0 0 0 0 0 0 0 0 0 0 0 0 0 0 0 0 0 0 0 0 0]
[4137331558089406242044220392847081576190728578330155130820312267123077956231624261618155230309969862836500399344307043804210995123077331468933800928069466355674119122194588294135289450440591797733115022698744318541433746728793685215431639582247067643334779418498971621811178169754779004881347 0 0 0 0 0 0 0 0 0 0 0 0 0 0 0 0 0 0 0 0 0 0 0 0 0 0 0 0 0 0 0 0 0 0 0 0 0 0 0 0 0 0 0 0 0 0 0 0 0 0 0 0 0 0 0 0 0 0 0 0 0 0 0 0 0 0 0 0 0 0 0 0 0 0 0 1 0 0 0 0 0 0 0 0 0 0 0 0 0 0 0 0 0 0 0 0]
[7246238631575549746835397157113581768838228155551702337756928049692589575630791100209119407760360370091788158255347302254499361671474162664483707231953759868272186573027062659588789014334657396444974670687972522612581726250211113016172227812299468953712002520774755665721601737809888981720316 0 0 0 0 0 0 0 0 0 0 0 0 0 0 0 0 0 0 0 0 0 0 0 0 0 0 0 0 0 0 0 0 0 0 0 0 0 0 0 0 0 0 0 0 0 0 0 0 0 0 0 0 0 0 0 0 0 0 0 0 0 0 0 0 0 0 0 0 0 0 0 0 0 0 0 0 1 0 0 0 0 0 0 0 0 0 0 0 0 0 0 0 0 0 0 0]
[7135306986098585857146454022633425175402213042752667718311698979114701577451251058365953852444529819680238397247571717417958175217788585348090867556089124338062957326768419794641684015257329546197173172083560291004114111145638787251343988723146740554710239220667029296069383000467954452793059 0 0 0 0 0 0 0 0 0 0 0 0 0 0 0 0 0 0 0 0 0 0 0 0 0 0 0 0 0 0 0 0 0 0 0 0 0 0 0 0 0 0 0 0 0 0 0 0 0 0 0 0 0 0 0 0 0 0 0 0 0 0 0 0 0 0 0 0 0 0 0 0 0 0 0 0 0 1 0 0 0 0 0 0 0 0 0 0 0 0 0 0 0 0 0 0]
[2388325098382009949174770298341429465407280331317330416846724036586415499200767765018516253986238564368122375842153085130122895479833423965921119222881293414852321998976422816034009930726326702607575841473208758934380646702647416921781651868294367703916283300119972525447712198454579593222443 0 0 0 0 0 0 0 0 0 0 0 0 0 0 0 0 0 0 0 0 0 0 0 0 0 0 0 0 0 0 0 0 0 0 0 0 0 0 0 0 0 0 0 0 0 0 0 0 0 0 0 0 0 0 0 0 0 0 0 0 0 0 0 0 0 0 0 0 0 0 0 0 0 0 0 0 0 0 1 0 0 0 0 0 0 0 0 0 0 0 0 0 0 0 0 0]
[5627562527262655543273417527637172201120348948912158792667363233338363727299322301889826728317102104030930216663081865725446203691405354319095523109690654916745727152142686606269565068187635948295129524685418602541752006725734493386156483163838223434119883044822561772582502534466616697786657 0 0 0 0 0 0 0 0 0 0 0 0 0 0 0 0 0 0 0 0 0 0 0 0 0 0 0 0 0 0 0 0 0 0 0 0 0 0 0 0 0 0 0 0 0 0 0 0 0 0 0 0 0 0 0 0 0 0 0 0 0 0 0 0 0 0 0 0 0 0 0 0 0 0 0 0 0 0 0 1 0 0 0 0 0 0 0 0 0 0 0 0 0 0 0 0]
[4570846329155035556609823166871741338940937395079974489576393692272154864178713635724449481866635143420997409715517566071799318914254932618528352385824903388624918677798564864849597965365025143434363928367950887795794597919113326573380364651266004045793703470706546874250396842425541177858261 0 0 0 0 0 0 0 0 0 0 0 0 0 0 0 0 0 0 0 0 0 0 0 0 0 0 0 0 0 0 0 0 0 0 0 0 0 0 0 0 0 0 0 0 0 0 0 0 0 0 0 0 0 0 0 0 0 0 0 0 0 0 0 0 0 0 0 0 0 0 0 0 0 0 0 0 0 0 0 0 1 0 0 0 0 0 0 0 0 0 0 0 0 0 0 0]
[7153888707671584559085896760489447765379809398194870732688313040782842933888785205946458691099729723873055374953418144011648016356073803526980137425864754391686012313159327703811144451820232830502801789077956951382145949072204829878977055252834752562427758127484775871014163320963854562161984 0 0 0 0 0 0 0 0 0 0 0 0 0 0 0 0 0 0 0 0 0 0 0 0 0 0 0 0 0 0 0 0 0 0 0 0 0 0 0 0 0 0 0 0 0 0 0 0 0 0 0 0 0 0 0 0 0 0 0 0 0 0 0 0 0 0 0 0 0 0 0 0 0 0 0 0 0 0 0 0 0 1 0 0 0 0 0 0 0 0 0 0 0 0 0 0]
[9224796194186901363349297175571657837267269568408282062416021659382871331746199571373595101516615746160972342369060993037583708491933850905436611856079819047267113342775124928126923649756419580642493935024041906166440462737528287357679036816280950219244967247384099737266769080076332720487089 0 0 0 0 0 0 0 0 0 0 0 0 0 0 0 0 0 0 0 0 0 0 0 0 0 0 0 0 0 0 0 0 0 0 0 0 0 0 0 0 0 0 0 0 0 0 0 0 0 0 0 0 0 0 0 0 0 0 0 0 0 0 0 0 0 0 0 0 0 0 0 0 0 0 0 0 0 0 0 0 0 0 1 0 0 0 0 0 0 0 0 0 0 0 0 0]
[2678630245034375051800643076158394225229147923298772203767873176517367774318664673989505337252381184710218982884595322694429431891128119161725121061570669941711642249205637132215249192711677725234359999568712125874388828955753602042473583635965930302035016990434190021978799170930799775695335 0 0 0 0 0 0 0 0 0 0 0 0 0 0 0 0 0 0 0 0 0 0 0 0 0 0 0 0 0 0 0 0 0 0 0 0 0 0 0 0 0 0 0 0 0 0 0 0 0 0 0 0 0 0 0 0 0 0 0 0 0 0 0 0 0 0 0 0 0 0 0 0 0 0 0 0 0 0 0 0 0 0 0 1 0 0 0 0 0 0 0 0 0 0 0 0]
[8816170392228419386031956443105602694147558685092353785753592289804317683978703132877438770635096810664009420644696796317199878603371127918695260746476909815048482195900376123300008281619120338507883705439375248961664404106274667745063605335303480139680118694522002722910094887280211925623575 0 0 0 0 0 0 0 0 0 0 0 0 0 0 0 0 0 0 0 0 0 0 0 0 0 0 0 0 0 0 0 0 0 0 0 0 0 0 0 0 0 0 0 0 0 0 0 0 0 0 0 0 0 0 0 0 0 0 0 0 0 0 0 0 0 0 0 0 0 0 0 0 0 0 0 0 0 0 0 0 0 0 0 0 1 0 0 0 0 0 0 0 0 0 0 0]
[9172305067693017097909286763766286734740280480834649123775847617336753049007717362108212672998924155841752019652284485169201552480874665038072746506759089413366644906574686857130205003647785656865285963884119386330186743455674540948694088477007873770688545905083688117489686251378706037977251 0 0 0 0 0 0 0 0 0 0 0 0 0 0 0 0 0 0 0 0 0 0 0 0 0 0 0 0 0 0 0 0 0 0 0 0 0 0 0 0 0 0 0 0 0 0 0 0 0 0 0 0 0 0 0 0 0 0 0 0 0 0 0 0 0 0 0 0 0 0 0 0 0 0 0 0 0 0 0 0 0 0 0 0 0 1 0 0 0 0 0 0 0 0 0 0]
[4668215080466335071445977512644153833799765296090056014045556206926727638347292201085635536358381599789610914782032283585080562276700084023981781240220328711868526063954156967568109808992541398654282736204649536052446854762611305515654225162687978766499855182582354650712550989136259981169986 0 0 0 0 0 0 0 0 0 0 0 0 0 0 0 0 0 0 0 0 0 0 0 0 0 0 0 0 0 0 0 0 0 0 0 0 0 0 0 0 0 0 0 0 0 0 0 0 0 0 0 0 0 0 0 0 0 0 0 0 0 0 0 0 0 0 0 0 0 0 0 0 0 0 0 0 0 0 0 0 0 0 0 0 0 0 1 0 0 0 0 0 0 0 0 0]
[5796158171366958597003708366876367162070338988292348846153637063496028626877160252052235201351358860153163555899933125139016585013035170922096760153783405961653057783027680564667067187352412821670057137683709672452365149461336828020050712243769925501035485858783623332799455054731595396980185 0 0 0 0 0 0 0 0 0 0 0 0 0 0 0 0 0 0 0 0 0 0 0 0 0 0 0 0 0 0 0 0 0 0 0 0 0 0 0 0 0 0 0 0 0 0 0 0 0 0 0 0 0 0 0 0 0 0 0 0 0 0 0 0 0 0 0 0 0 0 0 0 0 0 0 0 0 0 0 0 0 0 0 0 0 0 0 1 0 0 0 0 0 0 0 0]
[6118158499862524842016890464857436381972481579265226715047637242350820244464155402105952980845623919081832084151598268588284573530677605514010715188607165952714857685261155386575664872371263813129959286281506978239071369259512290373482701499351567180499148467703749208609692745901302710251579 0 0 0 0 0 0 0 0 0 0 0 0 0 0 0 0 0 0 0 0 0 0 0 0 0 0 0 0 0 0 0 0 0 0 0 0 0 0 0 0 0 0 0 0 0 0 0 0 0 0 0 0 0 0 0 0 0 0 0 0 0 0 0 0 0 0 0 0 0 0 0 0 0 0 0 0 0 0 0 0 0 0 0 0 0 0 0 0 1 0 0 0 0 0 0 0]
[7343508218244248925297937834924854399684621882743558823149545690786483990975615376915573306941514267356571164539038518454817953332079885033608474195523873126764292153252318950363641929571107631472771207371763503735554137431562321789004829439800214953356648772018339689550030883829272460163831 0 0 0 0 0 0 0 0 0 0 0 0 0 0 0 0 0 0 0 0 0 0 0 0 0 0 0 0 0 0 0 0 0 0 0 0 0 0 0 0 0 0 0 0 0 0 0 0 0 0 0 0 0 0 0 0 0 0 0 0 0 0 0 0 0 0 0 0 0 0 0 0 0 0 0 0 0 0 0 0 0 0 0 0 0 0 0 0 0 1 0 0 0 0 0 0]
[3073894294440682526446885927974808798081977055576866031364953455259028890330865883438667124322735181648326578237579561037975264742381662058895954343902143570071131105564597811331773796160223594554267383839703284665036338145975010444372235553853418533091788712021549676758974328021794754585847 0 0 0 0 0 0 0 0 0 0 0 0 0 0 0 0 0 0 0 0 0 0 0 0 0 0 0 0 0 0 0 0 0 0 0 0 0 0 0 0 0 0 0 0 0 0 0 0 0 0 0 0 0 0 0 0 0 0 0 0 0 0 0 0 0 0 0 0 0 0 0 0 0 0 0 0 0 0 0 0 0 0 0 0 0 0 0 0 0 0 1 0 0 0 0 0]
[1644210285223297827988046168913735216297045281230478103443802078487318494137002139054455303719610354566161224209206375087625082147846271115973204074740541431939977673662320706878452283603575193533960537536728629998028911334853015983696797264111309875978652241305806642517674981927489807186286 0 0 0 0 0 0 0 0 0 0 0 0 0 0 0 0 0 0 0 0 0 0 0 0 0 0 0 0 0 0 0 0 0 0 0 0 0 0 0 0 0 0 0 0 0 0 0 0 0 0 0 0 0 0 0 0 0 0 0 0 0 0 0 0 0 0 0 0 0 0 0 0 0 0 0 0 0 0 0 0 0 0 0 0 0 0 0 0 0 0 0 1 0 0 0 0]
[3942317128190370903349096355895692985711888635232797689949132126252862207607277745748309999950597147418184626889175311941335089576568425867338900790344356712017727439833719845852422233490485830770363925138096047124671969081682023684890293555279571805544299216289968621529038132293516444294571 0 0 0 0 0 0 0 0 0 0 0 0 0 0 0 0 0 0 0 0 0 0 0 0 0 0 0 0 0 0 0 0 0 0 0 0 0 0 0 0 0 0 0 0 0 0 0 0 0 0 0 0 0 0 0 0 0 0 0 0 0 0 0 0 0 0 0 0 0 0 0 0 0 0 0 0 0 0 0 0 0 0 0 0 0 0 0 0 0 0 0 0 1 0 0 0]
[2059333246559474543383978062505858716860534058790077568077234887481677065245618514283223536972278022846252697102601667710552766467654108866017681000248175411225146443917948854722743678719185361413055680554999197633982692121995593651160019519302845389948033923611418608209413237185076226337594 0 0 0 0 0 0 0 0 0 0 0 0 0 0 0 0 0 0 0 0 0 0 0 0 0 0 0 0 0 0 0 0 0 0 0 0 0 0 0 0 0 0 0 0 0 0 0 0 0 0 0 0 0 0 0 0 0 0 0 0 0 0 0 0 0 0 0 0 0 0 0 0 0 0 0 0 0 0 0 0 0 0 0 0 0 0 0 0 0 0 0 0 0 1 0 0]
[1213398851792639729165863762875149965743366559293241308419740584732180932222565694429359633904095926963234996424041771594434711485502870073372313613328299456047589254351761203994041763514457254716439583945154499832956049117416167545049241871220347197553149974244558398655553877649885443179899 0 0 0 0 0 0 0 0 0 0 0 0 0 0 0 0 0 0 0 0 0 0 0 0 0 0 0 0 0 0 0 0 0 0 0 0 0 0 0 0 0 0 0 0 0 0 0 0 0 0 0 0 0 0 0 0 0 0 0 0 0 0 0 0 0 0 0 0 0 0 0 0 0 0 0 0 0 0 0 0 0 0 0 0 0 0 0 0 0 0 0 0 0 0 1 0]
[5545045600704989996041275945325014128311064521437765057718007115244166445672903423417175098494369091875494052770103200875320609400544859254789902894765022669362985007092224098537356571721978708456078134099546084130723773601760917677378755091076558419787808511894553884354327415930952724538070 0 0 0 0 0 0 0 0 0 0 0 0 0 0 0 0 0 0 0 0 0 0 0 0 0 0 0 0 0 0 0 0 0 0 0 0 0 0 0 0 0 0 0 0 0 0 0 0 0 0 0 0 0 0 0 0 0 0 0 0 0 0 0 0 0 0 0 0 0 0 0 0 0 0 0 0 0 0 0 0 0 0 0 0 0 0 0 0 0 0 0 0 0 0 0 1]
]
