[[3261865205883967183956092573378589229510132822031042952204740201458228028098856566883901036847422637495838115419757738867750028918887283315436426000158171738620955006029405101646217625698833885922603583693967069048242127599002403 0 0 0 0 0 0 0 0 0 0 0 0 0 0 0 0 0 0 0 0 0 0 0 0 0 0 0 0 0 0 0 0 0 0 0 0 0 0 0 0 0 0 0 0 0 0 0 0 0 0 0 0 0 0 0 0 0 0 0 0 0 0 0 0 0 0 0 0 0 0 0 0 0 0 0]
[270069200704706396231095199592421756109889625721359393256608927436860709145315001270321412206748173790627720362708093658661549106217708563001613802381885077329340413063368261710731092989799927295279537692507712096674486355294473 1 0 0 0 0 0 0 0 0 0 0 0 0 0 0 0 0 0 0 0 0 0 0 0 0 0 0 0 0 0 0 0 0 0 0 0 0 0 0 0 0 0 0 0 0 0 0 0 0 0 0 0 0 0 0 0 0 0 0 0 0 0 0 0 0 0 0 0 0 0 0 0 0 0 0]
[3247083312522995363542425538444957869657872080937344693806413870878920850391183659693631473363133931970960312261968992667350757295045742085416953291427525899475574283932606869859647939277240102989332734853130882203284503351170356 0 1 0 0 0 0 0 0 0 0 0 0 0 0 0 0 0 0 0 0 0 0 0 0 0 0 0 0 0 0 0 0 0 0 0 0 0 0 0 0 0 0 0 0 0 0 0 0 0 0 0 0 0 0 0 0 0 0 0 0 0 0 0 0 0 0 0 0 0 0 0 0 0 0 0]
[3106724897206438780755697736438465826206645185112592801780231257050643491774426843023308826874778199308989377426202938907782298209745992737042660878206228913374509680464530520698813754698554005795459332235672557696093155450738718 0 0 1 0 0 0 0 0 0 0 0 0 0 0 0 0 0 0 0 0 0 0 0 0 0 0 0 0 0 0 0 0 0 0 0 0 0 0 0 0 0 0 0 0 0 0 0 0 0 0 0 0 0 0 0 0 0 0 0 0 0 0 0 0 0 0 0 0 0 0 0 0 0 0 0]
[2335996663462768981348413367538368231794773775115398010214391970046450872897969608378877682232079527166485950986640009751015968553670719038091532810524552562294216079078071414653329734671481880194764517556866842139310379892336897 0 0 0 1 0 0 0 0 0 0 0 0 0 0 0 0 0 0 0 0 0 0 0 0 0 0 0 0 0 0 0 0 0 0 0 0 0 0 0 0 0 0 0 0 0 0 0 0 0 0 0 0 0 0 0 0 0 0 0 0 0 0 0 0 0 0 0 0 0 0 0 0 0 0 0]
[958122766113237184759734381579185765896304170746023488452381505902752600866704347141555162694184857037066371104258907339905467751827014656524935210762896751156602711036160807308113859956752312877053752017660791262882732756030953 0 0 0 0 1 0 0 0 0 0 0 0 0 0 0 0 0 0 0 0 0 0 0 0 0 0 0 0 0 0 0 0 0 0 0 0 0 0 0 0 0 0 0 0 0 0 0 0 0 0 0 0 0 0 0 0 0 0 0 0 0 0 0 0 0 0 0 0 0 0 0 0 0 0 0]
[552490679387021789764184487531838365175686513477253959493904685700782745735747416875279759535268431953988971701564624472011456177577147220195488280437713847798998265465336852400756979093315821797722365100422586530575146748094687 0 0 0 0 0 1 0 0 0 0 0 0 0 0 0 0 0 0 0 0 0 0 0 0 0 0 0 0 0 0 0 0 0 0 0 0 0 0 0 0 0 0 0 0 0 0 0 0 0 0 0 0 0 0 0 0 0 0 0 0 0 0 0 0 0 0 0 0 0 0 0 0 0 0 0]
[2125324557838766138915896764777228167049218192360280376514587897639083558556338458672560141839192034753479284225540945554688904079213843095690367558310856692995777939710327780043099245594380226236584363882882467939046624977475899 0 0 0 0 0 0 1 0 0 0 0 0 0 0 0 0 0 0 0 0 0 0 0 0 0 0 0 0 0 0 0 0 0 0 0 0 0 0 0 0 0 0 0 0 0 0 0 0 0 0 0 0 0 0 0 0 0 0 0 0 0 0 0 0 0 0 0 0 0 0 0 0 0 0 0]
[1952897679955633576995169098643852470608517835105815024320319317641887851399846587747882235087447073139701448072220921505618414192871536262615480099935975198844897421761824515853011475073696966974173392859565927919091222912956751 0 0 0 0 0 0 0 1 0 0 0 0 0 0 0 0 0 0 0 0 0 0 0 0 0 0 0 0 0 0 0 0 0 0 0 0 0 0 0 0 0 0 0 0 0 0 0 0 0 0 0 0 0 0 0 0 0 0 0 0 0 0 0 0 0 0 0 0 0 0 0 0 0 0 0]
[2252942011861850658194545384485452424271596131087018897664967272664152704047640042256234701153259907787919866184854742958070224415302061111840624625965437494769479764467642414874787547739639320202371381147973960898093274053340921 0 0 0 0 0 0 0 0 1 0 0 0 0 0 0 0 0 0 0 0 0 0 0 0 0 0 0 0 0 0 0 0 0 0 0 0 0 0 0 0 0 0 0 0 0 0 0 0 0 0 0 0 0 0 0 0 0 0 0 0 0 0 0 0 0 0 0 0 0 0 0 0 0 0 0]
[2640089977771321189104545135576406787232449817079655239189650420494133829403697990584760922120870415445112113705665434783223287059483875654353059316886364556770776983302243885233819344460435557543631397732844699362557279862384893 0 0 0 0 0 0 0 0 0 1 0 0 0 0 0 0 0 0 0 0 0 0 0 0 0 0 0 0 0 0 0 0 0 0 0 0 0 0 0 0 0 0 0 0 0 0 0 0 0 0 0 0 0 0 0 0 0 0 0 0 0 0 0 0 0 0 0 0 0 0 0 0 0 0 0]
[1219001399898357009770160275881223488633899880159581331427309560077941536367098825337266997390164987608735455389269458342697386480666585292984272752200810982409442602492137701532575456315805650841432661518440490813691796596118901 0 0 0 0 0 0 0 0 0 0 1 0 0 0 0 0 0 0 0 0 0 0 0 0 0 0 0 0 0 0 0 0 0 0 0 0 0 0 0 0 0 0 0 0 0 0 0 0 0 0 0 0 0 0 0 0 0 0 0 0 0 0 0 0 0 0 0 0 0 0 0 0 0 0 0]
[2201574065763968632704810983156630356239845419055171975260147917310299794086199950765117981935251769067819862699270677208920109599168941416854488633101142078392213651426747752448928689126707907704481300550503312830983710315690444 0 0 0 0 0 0 0 0 0 0 0 1 0 0 0 0 0 0 0 0 0 0 0 0 0 0 0 0 0 0 0 0 0 0 0 0 0 0 0 0 0 0 0 0 0 0 0 0 0 0 0 0 0 0 0 0 0 0 0 0 0 0 0 0 0 0 0 0 0 0 0 0 0 0 0]
[2904058853646037056440705106384934086820447474211051097687648399653457975593301607855058551496916451028383604516985943640320138950085804007150339026149326261047314089164886982488400113910095550500690404972252563447575062276836613 0 0 0 0 0 0 0 0 0 0 0 0 1 0 0 0 0 0 0 0 0 0 0 0 0 0 0 0 0 0 0 0 0 0 0 0 0 0 0 0 0 0 0 0 0 0 0 0 0 0 0 0 0 0 0 0 0 0 0 0 0 0 0 0 0 0 0 0 0 0 0 0 0 0 0]
[817329006120929192996580054490170626746281600647259858685526999482118025294078748225792393480762168759665157091653124604739121717257557050747605074042655662587123402460151010856646516441307521534546502827363519029527244304606013 0 0 0 0 0 0 0 0 0 0 0 0 0 1 0 0 0 0 0 0 0 0 0 0 0 0 0 0 0 0 0 0 0 0 0 0 0 0 0 0 0 0 0 0 0 0 0 0 0 0 0 0 0 0 0 0 0 0 0 0 0 0 0 0 0 0 0 0 0 0 0 0 0 0 0]
[207178361376933649880732277126402331212587611401501417585607869885269926061919647483800650182993690571169014493319597997548460716316863411115513485528863099851618711796027766932991719578863142908783969364391908009554620923253950 0 0 0 0 0 0 0 0 0 0 0 0 0 0 1 0 0 0 0 0 0 0 0 0 0 0 0 0 0 0 0 0 0 0 0 0 0 0 0 0 0 0 0 0 0 0 0 0 0 0 0 0 0 0 0 0 0 0 0 0 0 0 0 0 0 0 0 0 0 0 0 0 0 0 0]
[873639254583838636199191458232949026705670236528612935617896942560123101795898401447764291139980506932808650234768808120377888952145879745200960345258128048607491074058493353767883078152262817669059798912772564450386641057855508 0 0 0 0 0 0 0 0 0 0 0 0 0 0 0 1 0 0 0 0 0 0 0 0 0 0 0 0 0 0 0 0 0 0 0 0 0 0 0 0 0 0 0 0 0 0 0 0 0 0 0 0 0 0 0 0 0 0 0 0 0 0 0 0 0 0 0 0 0 0 0 0 0 0 0]
[538834727060012828081487613669296700546033484005393472967871435933836882851155636421217768946683633116431968764809528983335480055465910171489926351803995462603250513904954343121285056893775256818341246538944819599466434171726088 0 0 0 0 0 0 0 0 0 0 0 0 0 0 0 0 1 0 0 0 0 0 0 0 0 0 0 0 0 0 0 0 0 0 0 0 0 0 0 0 0 0 0 0 0 0 0 0 0 0 0 0 0 0 0 0 0 0 0 0 0 0 0 0 0 0 0 0 0 0 0 0 0 0 0]
[2316777218078388147437000674823148939922864579005319366835584810278558989777692445927937017179108298583610319574896889238223663245293070752789783631646066963472870636249015297709686149471507797482891283312642839600314696334740043 0 0 0 0 0 0 0 0 0 0 0 0 0 0 0 0 0 1 0 0 0 0 0 0 0 0 0 0 0 0 0 0 0 0 0 0 0 0 0 0 0 0 0 0 0 0 0 0 0 0 0 0 0 0 0 0 0 0 0 0 0 0 0 0 0 0 0 0 0 0 0 0 0 0 0]
[1406347534608037130779228747616095625432371755173644270744177389449797440857635029980350125016087759306486092121703153728140161483759010242045556290918299615340640163432648477240116374022885165320621933422513522998133042649191707 0 0 0 0 0 0 0 0 0 0 0 0 0 0 0 0 0 0 1 0 0 0 0 0 0 0 0 0 0 0 0 0 0 0 0 0 0 0 0 0 0 0 0 0 0 0 0 0 0 0 0 0 0 0 0 0 0 0 0 0 0 0 0 0 0 0 0 0 0 0 0 0 0 0 0]
[1816071340044584806842838216945879664963571376988506347939735783470446401333313661753191325697911088951836367582326947947191451791316034852821032497860368506053189754743830191616469513565280751780656757793346674794285027366157969 0 0 0 0 0 0 0 0 0 0 0 0 0 0 0 0 0 0 0 1 0 0 0 0 0 0 0 0 0 0 0 0 0 0 0 0 0 0 0 0 0 0 0 0 0 0 0 0 0 0 0 0 0 0 0 0 0 0 0 0 0 0 0 0 0 0 0 0 0 0 0 0 0 0 0]
[526552194091679154405828527862542149197787826236540817428610525638945700688674185312865450731056885291426986067671096864641004817678114013943104305515567480715774399911766924042646112202263482779213281331403979134727619943007316 0 0 0 0 0 0 0 0 0 0 0 0 0 0 0 0 0 0 0 0 1 0 0 0 0 0 0 0 0 0 0 0 0 0 0 0 0 0 0 0 0 0 0 0 0 0 0 0 0 0 0 0 0 0 0 0 0 0 0 0 0 0 0 0 0 0 0 0 0 0 0 0 0 0 0]
[1926717403249334703001824327651745874760258573461237463356058465729615831867917883513052601548585783448646350919815917679373004476474008701200915076635527507954818779631838100831125405168186190300177502911879051631476933716105067 0 0 0 0 0 0 0 0 0 0 0 0 0 0 0 0 0 0 0 0 0 1 0 0 0 0 0 0 0 0 0 0 0 0 0 0 0 0 0 0 0 0 0 0 0 0 0 0 0 0 0 0 0 0 0 0 0 0 0 0 0 0 0 0 0 0 0 0 0 0 0 0 0 0 0]
[373791450093626744924327422817015286293884972815745744901380826999060459340392460539792442859063609494398356266661354388061188178407921364238961636232017165104266501180241707924510786342848118311652159150748510622135554515981173 0 0 0 0 0 0 0 0 0 0 0 0 0 0 0 0 0 0 0 0 0 0 1 0 0 0 0 0 0 0 0 0 0 0 0 0 0 0 0 0 0 0 0 0 0 0 0 0 0 0 0 0 0 0 0 0 0 0 0 0 0 0 0 0 0 0 0 0 0 0 0 0 0 0 0]
[1890972697249950263611061733134496579929325948322862509435860808072323347142035475324497841415865192627308014413410615440115467218866446477617950550278164796209508234100599336693187145340374471713788367008255362909605738987209026 0 0 0 0 0 0 0 0 0 0 0 0 0 0 0 0 0 0 0 0 0 0 0 1 0 0 0 0 0 0 0 0 0 0 0 0 0 0 0 0 0 0 0 0 0 0 0 0 0 0 0 0 0 0 0 0 0 0 0 0 0 0 0 0 0 0 0 0 0 0 0 0 0 0 0]
[2533982546528047196485648788199081064684527173305845803046342476122735304476037802656831376854362900203406085040076270200498440698769015715035806404668687149790995543247328475465894600029427714649660017431075280393903746738043108 0 0 0 0 0 0 0 0 0 0 0 0 0 0 0 0 0 0 0 0 0 0 0 0 1 0 0 0 0 0 0 0 0 0 0 0 0 0 0 0 0 0 0 0 0 0 0 0 0 0 0 0 0 0 0 0 0 0 0 0 0 0 0 0 0 0 0 0 0 0 0 0 0 0 0]
[2099140959000575152056394000546517192329736897543350714630009414194023160517531230907191554086460809040207742418282909072587188782540487156111347543507708698679040998840518010888253375959405654560564129312524062346721475657351082 0 0 0 0 0 0 0 0 0 0 0 0 0 0 0 0 0 0 0 0 0 0 0 0 0 1 0 0 0 0 0 0 0 0 0 0 0 0 0 0 0 0 0 0 0 0 0 0 0 0 0 0 0 0 0 0 0 0 0 0 0 0 0 0 0 0 0 0 0 0 0 0 0 0 0]
[833959073187544655560754103412220751242040552961328509511213134715721020092685745455809198782524738486373649588482973978686337691418338236676326673189228599698941220467093007876137703772641134636704844815848253683853149231083993 0 0 0 0 0 0 0 0 0 0 0 0 0 0 0 0 0 0 0 0 0 0 0 0 0 0 1 0 0 0 0 0 0 0 0 0 0 0 0 0 0 0 0 0 0 0 0 0 0 0 0 0 0 0 0 0 0 0 0 0 0 0 0 0 0 0 0 0 0 0 0 0 0 0 0]
[487941254451870417268867041910853369760235140027636817304052509766421392233526397468423013409342466205640315032508160626808676541032541030717783209743685848159481701249814483467155168059491887782435300791711362927737258890731418 0 0 0 0 0 0 0 0 0 0 0 0 0 0 0 0 0 0 0 0 0 0 0 0 0 0 0 1 0 0 0 0 0 0 0 0 0 0 0 0 0 0 0 0 0 0 0 0 0 0 0 0 0 0 0 0 0 0 0 0 0 0 0 0 0 0 0 0 0 0 0 0 0 0 0]
[2004829802884292172584904338359564312133665541794598968183502935256464524787542729325111611318741848277766743238360207816780124896867857189883700840940304648182914303399647893566802038622655356075846668205713252873572879479711059 0 0 0 0 0 0 0 0 0 0 0 0 0 0 0 0 0 0 0 0 0 0 0 0 0 0 0 0 1 0 0 0 0 0 0 0 0 0 0 0 0 0 0 0 0 0 0 0 0 0 0 0 0 0 0 0 0 0 0 0 0 0 0 0 0 0 0 0 0 0 0 0 0 0 0]
[1665932567438118402398570247762996055934494597754306258036954900311076086532435192455119288175598378855760999315383334842147552535633818447475852702372800938240854128817796200144205304979921013896794540741152378034697450118008111 0 0 0 0 0 0 0 0 0 0 0 0 0 0 0 0 0 0 0 0 0 0 0 0 0 0 0 0 0 1 0 0 0 0 0 0 0 0 0 0 0 0 0 0 0 0 0 0 0 0 0 0 0 0 0 0 0 0 0 0 0 0 0 0 0 0 0 0 0 0 0 0 0 0 0]
[2405166339434577856010689184003244758501265272147924612753554548025135240425262960395703011445685822713943244092606341928546542890876230377334385269526545377795093409824207017282786603333263322366512600983947411636631871253980194 0 0 0 0 0 0 0 0 0 0 0 0 0 0 0 0 0 0 0 0 0 0 0 0 0 0 0 0 0 0 1 0 0 0 0 0 0 0 0 0 0 0 0 0 0 0 0 0 0 0 0 0 0 0 0 0 0 0 0 0 0 0 0 0 0 0 0 0 0 0 0 0 0 0 0]
[2191076434699953926639588473823636617373295354754252610613533482785304292038095285203606368649554786477973573360145036737618032871959756439477553645576207373082050370567254261324983614653091892384337343475137759459031581748834595 0 0 0 0 0 0 0 0 0 0 0 0 0 0 0 0 0 0 0 0 0 0 0 0 0 0 0 0 0 0 0 1 0 0 0 0 0 0 0 0 0 0 0 0 0 0 0 0 0 0 0 0 0 0 0 0 0 0 0 0 0 0 0 0 0 0 0 0 0 0 0 0 0 0 0]
[993879775467549614399396738210573501875351594981910982770009493733822664582959689773896663777610695897935785673210629129274180446387745318341557530910265008984421127153973867701705770183445862878306940588966283152866747104961966 0 0 0 0 0 0 0 0 0 0 0 0 0 0 0 0 0 0 0 0 0 0 0 0 0 0 0 0 0 0 0 0 1 0 0 0 0 0 0 0 0 0 0 0 0 0 0 0 0 0 0 0 0 0 0 0 0 0 0 0 0 0 0 0 0 0 0 0 0 0 0 0 0 0 0]
[1498615552222139975211991284492345639322235327141003136057486365174489081234575850493656835225194556455899871470933679730269587141835708556568490406571088254809577088873989617763382114585487945268437126252782866326542244418239631 0 0 0 0 0 0 0 0 0 0 0 0 0 0 0 0 0 0 0 0 0 0 0 0 0 0 0 0 0 0 0 0 0 1 0 0 0 0 0 0 0 0 0 0 0 0 0 0 0 0 0 0 0 0 0 0 0 0 0 0 0 0 0 0 0 0 0 0 0 0 0 0 0 0 0]
[1645997734671867230819641950219924791216530773478710011030277466299626400453530053150499092719327210294894028423358205542948746924863073216227957378010787870815549461033833572684639623750808860842423387727991609401604801736948997 0 0 0 0 0 0 0 0 0 0 0 0 0 0 0 0 0 0 0 0 0 0 0 0 0 0 0 0 0 0 0 0 0 0 1 0 0 0 0 0 0 0 0 0 0 0 0 0 0 0 0 0 0 0 0 0 0 0 0 0 0 0 0 0 0 0 0 0 0 0 0 0 0 0 0]
[901025386968227051716539560491386140370349662377218669104962164441752312436307012191138884225979790811508496814293729366622411989214711361070962619831218963181751001538750285377640927840157767763919436423352616790171622753867817 0 0 0 0 0 0 0 0 0 0 0 0 0 0 0 0 0 0 0 0 0 0 0 0 0 0 0 0 0 0 0 0 0 0 0 1 0 0 0 0 0 0 0 0 0 0 0 0 0 0 0 0 0 0 0 0 0 0 0 0 0 0 0 0 0 0 0 0 0 0 0 0 0 0 0]
[1527629742051386335294601412372334315158545225822421223771008556965897257406219859642748724276241457736630416426042034528967304511009402650360849667369555383018730111568332978379511416411805943735872099533486959359473307518969879 0 0 0 0 0 0 0 0 0 0 0 0 0 0 0 0 0 0 0 0 0 0 0 0 0 0 0 0 0 0 0 0 0 0 0 0 1 0 0 0 0 0 0 0 0 0 0 0 0 0 0 0 0 0 0 0 0 0 0 0 0 0 0 0 0 0 0 0 0 0 0 0 0 0 0]
[335376419007460732898326707773980129419667273874153703684574416328851190043975140368337645463471349230967788119610005520614875486830257986883377100698790907565529832334527689970205194814808775941063479506663221707989089373666967 0 0 0 0 0 0 0 0 0 0 0 0 0 0 0 0 0 0 0 0 0 0 0 0 0 0 0 0 0 0 0 0 0 0 0 0 0 1 0 0 0 0 0 0 0 0 0 0 0 0 0 0 0 0 0 0 0 0 0 0 0 0 0 0 0 0 0 0 0 0 0 0 0 0 0]
[1158342642227193463239339803462895200584005085384771453848695617501228775381368470599471904528447202329036871631725034200684650291340757187872087772302183970488774257888093585943986163797039271646146905581585476230431787204933301 0 0 0 0 0 0 0 0 0 0 0 0 0 0 0 0 0 0 0 0 0 0 0 0 0 0 0 0 0 0 0 0 0 0 0 0 0 0 1 0 0 0 0 0 0 0 0 0 0 0 0 0 0 0 0 0 0 0 0 0 0 0 0 0 0 0 0 0 0 0 0 0 0 0 0]
[2796364388847351323596599029240346589504921271413827017122420829176104042991615287619250318046142334638347592765460394876817930901917987501290772843634470061414577989158698083852567799511799168838016208583218351762228758039431114 0 0 0 0 0 0 0 0 0 0 0 0 0 0 0 0 0 0 0 0 0 0 0 0 0 0 0 0 0 0 0 0 0 0 0 0 0 0 0 1 0 0 0 0 0 0 0 0 0 0 0 0 0 0 0 0 0 0 0 0 0 0 0 0 0 0 0 0 0 0 0 0 0 0 0]
[2336838943345539174695675167142047751194440483821468564380862616158823803437409179156301971700763953965585387546091386187387038892995460471052054613885711570251982079346791404285945565819243610803504007581021266577231107497139247 0 0 0 0 0 0 0 0 0 0 0 0 0 0 0 0 0 0 0 0 0 0 0 0 0 0 0 0 0 0 0 0 0 0 0 0 0 0 0 0 1 0 0 0 0 0 0 0 0 0 0 0 0 0 0 0 0 0 0 0 0 0 0 0 0 0 0 0 0 0 0 0 0 0 0]
[3064234862678069470986801716488852039291162648360098082816914540714621162827771084299328339848520978171390897805987150819174911968907913760853551629526819910972912430259352151771226533926430274135048120604525055231011656288013013 0 0 0 0 0 0 0 0 0 0 0 0 0 0 0 0 0 0 0 0 0 0 0 0 0 0 0 0 0 0 0 0 0 0 0 0 0 0 0 0 0 1 0 0 0 0 0 0 0 0 0 0 0 0 0 0 0 0 0 0 0 0 0 0 0 0 0 0 0 0 0 0 0 0 0]
[753081680408534082456495624366740019424408541096808189682046827009833776888261494223975462410850380888650404046331954456067954828924733544601270966576468011074525870259516856780524009599822564490025305174920856173245195695835571 0 0 0 0 0 0 0 0 0 0 0 0 0 0 0 0 0 0 0 0 0 0 0 0 0 0 0 0 0 0 0 0 0 0 0 0 0 0 0 0 0 0 1 0 0 0 0 0 0 0 0 0 0 0 0 0 0 0 0 0 0 0 0 0 0 0 0 0 0 0 0 0 0 0 0]
[1683382882039203145925467066982847273031643004066616466179091760409434022575973048693756505491857769724939771562988537461294214917725264362012034825718709383060841040226187635654180322676577390516095039872619596591525001366432521 0 0 0 0 0 0 0 0 0 0 0 0 0 0 0 0 0 0 0 0 0 0 0 0 0 0 0 0 0 0 0 0 0 0 0 0 0 0 0 0 0 0 0 1 0 0 0 0 0 0 0 0 0 0 0 0 0 0 0 0 0 0 0 0 0 0 0 0 0 0 0 0 0 0 0]
[31580985444990495806114280405646723609279632522447650975141361130347739776484111880965917265304399971723977701775851744330113996075440262103499534542082345639434477569572353997264345985751865005398588277979066311460143590600854 0 0 0 0 0 0 0 0 0 0 0 0 0 0 0 0 0 0 0 0 0 0 0 0 0 0 0 0 0 0 0 0 0 0 0 0 0 0 0 0 0 0 0 0 1 0 0 0 0 0 0 0 0 0 0 0 0 0 0 0 0 0 0 0 0 0 0 0 0 0 0 0 0 0 0]
[1631160368593641097467212898647963504891193113949475930706834551809665710538226504595321271559228206992354838926670856189371171009522194292254517187308564728365433172756315292859363755921134379338882282346107270192809374150347544 0 0 0 0 0 0 0 0 0 0 0 0 0 0 0 0 0 0 0 0 0 0 0 0 0 0 0 0 0 0 0 0 0 0 0 0 0 0 0 0 0 0 0 0 0 1 0 0 0 0 0 0 0 0 0 0 0 0 0 0 0 0 0 0 0 0 0 0 0 0 0 0 0 0 0]
[977449316778381154398140530227312691282560720535666589983089675606588516418427315145775708857339368641044040659398927579770594436412686580178670392197681904327320502720968189266265775089133353693816995639169160398426014275149647 0 0 0 0 0 0 0 0 0 0 0 0 0 0 0 0 0 0 0 0 0 0 0 0 0 0 0 0 0 0 0 0 0 0 0 0 0 0 0 0 0 0 0 0 0 0 1 0 0 0 0 0 0 0 0 0 0 0 0 0 0 0 0 0 0 0 0 0 0 0 0 0 0 0 0]
[1764148927752518889231016240217708763586470236067647205173776954026350377809094570343029854367358788686518186745401559656098525680216366244496579661106545234203442454228262705930449715007455845497091656511602220960042877377666595 0 0 0 0 0 0 0 0 0 0 0 0 0 0 0 0 0 0 0 0 0 0 0 0 0 0 0 0 0 0 0 0 0 0 0 0 0 0 0 0 0 0 0 0 0 0 0 1 0 0 0 0 0 0 0 0 0 0 0 0 0 0 0 0 0 0 0 0 0 0 0 0 0 0 0]
[1648492416257054520457720506522398887250150172998872581710644817742359673215003562343507889212469415904574380492521169852862154558723845661390819254072371819742587788046650753193564927079719375600594122033408242259108568919480585 0 0 0 0 0 0 0 0 0 0 0 0 0 0 0 0 0 0 0 0 0 0 0 0 0 0 0 0 0 0 0 0 0 0 0 0 0 0 0 0 0 0 0 0 0 0 0 0 1 0 0 0 0 0 0 0 0 0 0 0 0 0 0 0 0 0 0 0 0 0 0 0 0 0 0]
[2276314150718252939705279776208450469376037996509267460067832656168823209234947302241393333463650180421702165836608872182366661212582607173174540376586133691118295115671988535057736550484238231727291614725845640505992429082198119 0 0 0 0 0 0 0 0 0 0 0 0 0 0 0 0 0 0 0 0 0 0 0 0 0 0 0 0 0 0 0 0 0 0 0 0 0 0 0 0 0 0 0 0 0 0 0 0 0 1 0 0 0 0 0 0 0 0 0 0 0 0 0 0 0 0 0 0 0 0 0 0 0 0 0]
[1772739781053128372328104871684711823402199299230629774662924545174301211881692674999958987444470597884898281439070492218822413669807526260144325099092390561133266741129315652741943872899567151121513840018816393602846841836888059 0 0 0 0 0 0 0 0 0 0 0 0 0 0 0 0 0 0 0 0 0 0 0 0 0 0 0 0 0 0 0 0 0 0 0 0 0 0 0 0 0 0 0 0 0 0 0 0 0 0 1 0 0 0 0 0 0 0 0 0 0 0 0 0 0 0 0 0 0 0 0 0 0 0 0]
[2031908228847478959977659552031454161819677544371075410645815063234295391354188389233689746858862713705583076172320054769413587390707515336541024847782769911008627216973053943367446200934522442492359634051580774217709723620512687 0 0 0 0 0 0 0 0 0 0 0 0 0 0 0 0 0 0 0 0 0 0 0 0 0 0 0 0 0 0 0 0 0 0 0 0 0 0 0 0 0 0 0 0 0 0 0 0 0 0 0 1 0 0 0 0 0 0 0 0 0 0 0 0 0 0 0 0 0 0 0 0 0 0 0]
[3124370398101998513157655940824686453577940626517498748123070013291486011556562335330757616697850053907526821357514138412258554553915027041784949594386371660393792146356082585619312305293973262488836152783632910344829479780715415 0 0 0 0 0 0 0 0 0 0 0 0 0 0 0 0 0 0 0 0 0 0 0 0 0 0 0 0 0 0 0 0 0 0 0 0 0 0 0 0 0 0 0 0 0 0 0 0 0 0 0 0 1 0 0 0 0 0 0 0 0 0 0 0 0 0 0 0 0 0 0 0 0 0 0]
[1830429208533658281419331800755340934683397451309525389517553259872662980775111915809523623182334512928483120338076889678435702890144602739598471685517077124483521545189428497436574194146775249000569533572328821222224072807803686 0 0 0 0 0 0 0 0 0 0 0 0 0 0 0 0 0 0 0 0 0 0 0 0 0 0 0 0 0 0 0 0 0 0 0 0 0 0 0 0 0 0 0 0 0 0 0 0 0 0 0 0 0 1 0 0 0 0 0 0 0 0 0 0 0 0 0 0 0 0 0 0 0 0 0]
[2334756461063797513558914365665980562913028015279735684874527408175909881225640316234104474436963923903471027950541362240699939234720719174840086172661609041131359138539509080828100017512836719508869100644540306318263209847012844 0 0 0 0 0 0 0 0 0 0 0 0 0 0 0 0 0 0 0 0 0 0 0 0 0 0 0 0 0 0 0 0 0 0 0 0 0 0 0 0 0 0 0 0 0 0 0 0 0 0 0 0 0 0 1 0 0 0 0 0 0 0 0 0 0 0 0 0 0 0 0 0 0 0 0]
[2580132655310947053436070943408389576255579938348852107300422519006230187213844595903058082619723424325244287144765984445119081795421038829999190371579668036448818010636243975306371328094238154519873820575330922012419017765299768 0 0 0 0 0 0 0 0 0 0 0 0 0 0 0 0 0 0 0 0 0 0 0 0 0 0 0 0 0 0 0 0 0 0 0 0 0 0 0 0 0 0 0 0 0 0 0 0 0 0 0 0 0 0 0 1 0 0 0 0 0 0 0 0 0 0 0 0 0 0 0 0 0 0 0]
[427848245273781584403548489435156912921856700472262369503967921630293643796502742450807272694890938196069180276216103605844797713761617840277704718861514561309122109840347184305957352810272541981698896326716150139489110839955020 0 0 0 0 0 0 0 0 0 0 0 0 0 0 0 0 0 0 0 0 0 0 0 0 0 0 0 0 0 0 0 0 0 0 0 0 0 0 0 0 0 0 0 0 0 0 0 0 0 0 0 0 0 0 0 0 1 0 0 0 0 0 0 0 0 0 0 0 0 0 0 0 0 0 0]
[3253548645653344717128288381295305573436146274871186467571647224256999948657566132339765224031353744169819476840877144710061379179892862221377046386609972920738138354170240015002525376409310923263905528565054343266199243502654190 0 0 0 0 0 0 0 0 0 0 0 0 0 0 0 0 0 0 0 0 0 0 0 0 0 0 0 0 0 0 0 0 0 0 0 0 0 0 0 0 0 0 0 0 0 0 0 0 0 0 0 0 0 0 0 0 0 1 0 0 0 0 0 0 0 0 0 0 0 0 0 0 0 0 0]
[2491688019451008190131545528776133348682923428635021910870110171248589985287608246119593241300144470441019054014145615912781539985713641158441047173204556742165519871932813583576637307326532691722411794879972799999415062822430244 0 0 0 0 0 0 0 0 0 0 0 0 0 0 0 0 0 0 0 0 0 0 0 0 0 0 0 0 0 0 0 0 0 0 0 0 0 0 0 0 0 0 0 0 0 0 0 0 0 0 0 0 0 0 0 0 0 0 1 0 0 0 0 0 0 0 0 0 0 0 0 0 0 0 0]
[3236136630266287998519938882834577581071130549411740923106850298820505470302062918194196617352404865085098768649662105946687066436514252922561357023989410255821132148432369467421306563455179262399510538986263564577146197504712564 0 0 0 0 0 0 0 0 0 0 0 0 0 0 0 0 0 0 0 0 0 0 0 0 0 0 0 0 0 0 0 0 0 0 0 0 0 0 0 0 0 0 0 0 0 0 0 0 0 0 0 0 0 0 0 0 0 0 0 1 0 0 0 0 0 0 0 0 0 0 0 0 0 0 0]
[1011861745296467165555410383504206253455470502305015015375210581089811294884439312318786273694252795034211379297025938143700090344924275318803757499267037498135244426009271339646523989586004682792827910789519687029657409183392170 0 0 0 0 0 0 0 0 0 0 0 0 0 0 0 0 0 0 0 0 0 0 0 0 0 0 0 0 0 0 0 0 0 0 0 0 0 0 0 0 0 0 0 0 0 0 0 0 0 0 0 0 0 0 0 0 0 0 0 0 1 0 0 0 0 0 0 0 0 0 0 0 0 0 0]
[2221721394120479433380841959359770640994363989778645060727296153236074570814351378741037705851634118774083410664588608437018144704431633536552160657640548847146194728025686048249957229059742206713638326024337966928783292790195927 0 0 0 0 0 0 0 0 0 0 0 0 0 0 0 0 0 0 0 0 0 0 0 0 0 0 0 0 0 0 0 0 0 0 0 0 0 0 0 0 0 0 0 0 0 0 0 0 0 0 0 0 0 0 0 0 0 0 0 0 0 1 0 0 0 0 0 0 0 0 0 0 0 0 0]
[429542066728907402527436543602901138182398300234648345169565843357111392593509181769162866451586303749933678736655534045350772098987892187718614476065551046518599094543666084544501868717291303841287411851783224709154713713889056 0 0 0 0 0 0 0 0 0 0 0 0 0 0 0 0 0 0 0 0 0 0 0 0 0 0 0 0 0 0 0 0 0 0 0 0 0 0 0 0 0 0 0 0 0 0 0 0 0 0 0 0 0 0 0 0 0 0 0 0 0 0 1 0 0 0 0 0 0 0 0 0 0 0 0]
[3043449051246515901443788248836149891597652896833037694147762623449519610133188936243835366224166565594991594351865892118108905425698525222353757383954033066647541823473814523223346441137877446409303237774724712012277486604052469 0 0 0 0 0 0 0 0 0 0 0 0 0 0 0 0 0 0 0 0 0 0 0 0 0 0 0 0 0 0 0 0 0 0 0 0 0 0 0 0 0 0 0 0 0 0 0 0 0 0 0 0 0 0 0 0 0 0 0 0 0 0 0 1 0 0 0 0 0 0 0 0 0 0 0]
[3029974364050554530673208010961053795574060534516933981127536889507973492138443284911528262438486679811284255821366006102432597599161351630126470239315385519166213609133654299487832168118830420225583313436850028653750035087389954 0 0 0 0 0 0 0 0 0 0 0 0 0 0 0 0 0 0 0 0 0 0 0 0 0 0 0 0 0 0 0 0 0 0 0 0 0 0 0 0 0 0 0 0 0 0 0 0 0 0 0 0 0 0 0 0 0 0 0 0 0 0 0 0 1 0 0 0 0 0 0 0 0 0 0]
[2604210041641108822594531115808999866646763203326132573212475434388382225098626073541205572920164742922582602877919417277348760305748080296150372522771685010194457898456396921952725632454381088702388533181597806105593338299856275 0 0 0 0 0 0 0 0 0 0 0 0 0 0 0 0 0 0 0 0 0 0 0 0 0 0 0 0 0 0 0 0 0 0 0 0 0 0 0 0 0 0 0 0 0 0 0 0 0 0 0 0 0 0 0 0 0 0 0 0 0 0 0 0 0 1 0 0 0 0 0 0 0 0 0]
[1292042310187550938584531403490865439914949796334668299860197198749283152692478972621713400154778489722027685637408681375887205132683731819728490250442671403883000553043454921217131111696859033219291785963590698404010231742561936 0 0 0 0 0 0 0 0 0 0 0 0 0 0 0 0 0 0 0 0 0 0 0 0 0 0 0 0 0 0 0 0 0 0 0 0 0 0 0 0 0 0 0 0 0 0 0 0 0 0 0 0 0 0 0 0 0 0 0 0 0 0 0 0 0 0 1 0 0 0 0 0 0 0 0]
[2241493222085766324627780707607836179814516197455733524114796471112675218090545073431223688177774151573199118563597308972393037292566217603457445943530838031986731268395396089164767431337718515062147070458527561655320323026917343 0 0 0 0 0 0 0 0 0 0 0 0 0 0 0 0 0 0 0 0 0 0 0 0 0 0 0 0 0 0 0 0 0 0 0 0 0 0 0 0 0 0 0 0 0 0 0 0 0 0 0 0 0 0 0 0 0 0 0 0 0 0 0 0 0 0 0 1 0 0 0 0 0 0 0]
[755547532117543572955762216823051567398035481561864201773952442643885418393557049459658860393143044246194004670874510256970631164999889716571492403665149147547548425578668719312561521299225452828068185864418756234241685879173135 0 0 0 0 0 0 0 0 0 0 0 0 0 0 0 0 0 0 0 0 0 0 0 0 0 0 0 0 0 0 0 0 0 0 0 0 0 0 0 0 0 0 0 0 0 0 0 0 0 0 0 0 0 0 0 0 0 0 0 0 0 0 0 0 0 0 0 0 1 0 0 0 0 0 0]
[132526782244135382368030902794178599321674416256818659353947062504668278579698232597352489834641497171886943726119475792296708880350981841348231770304571011139844866448062123067027796921091174037457322534267406916987858436823728 0 0 0 0 0 0 0 0 0 0 0 0 0 0 0 0 0 0 0 0 0 0 0 0 0 0 0 0 0 0 0 0 0 0 0 0 0 0 0 0 0 0 0 0 0 0 0 0 0 0 0 0 0 0 0 0 0 0 0 0 0 0 0 0 0 0 0 0 0 1 0 0 0 0 0]
[2884354975139750792402157056875610009728412104107440239902791503100150187395895707708969298936646078041786074998443165969288476770586501140444656716163054698600533257704814482949602804437682977727429525030787035100195538162632140 0 0 0 0 0 0 0 0 0 0 0 0 0 0 0 0 0 0 0 0 0 0 0 0 0 0 0 0 0 0 0 0 0 0 0 0 0 0 0 0 0 0 0 0 0 0 0 0 0 0 0 0 0 0 0 0 0 0 0 0 0 0 0 0 0 0 0 0 0 0 1 0 0 0 0]
[3180964533391893524855607274897914188828878178306616333063008583166331916633669091357018140310310732046692734905582108003328110415518642404881334304935483078638701073730995093395866688256055549979263734194884015539966134636196728 0 0 0 0 0 0 0 0 0 0 0 0 0 0 0 0 0 0 0 0 0 0 0 0 0 0 0 0 0 0 0 0 0 0 0 0 0 0 0 0 0 0 0 0 0 0 0 0 0 0 0 0 0 0 0 0 0 0 0 0 0 0 0 0 0 0 0 0 0 0 0 1 0 0 0]
[666221499264072467031878535100423272926504108229393075250162413595174077481735661334030293392655337855019576472163850835326981880568953662410391819488542147989670082166150895708684464483155948043312810755090290251428981506386638 0 0 0 0 0 0 0 0 0 0 0 0 0 0 0 0 0 0 0 0 0 0 0 0 0 0 0 0 0 0 0 0 0 0 0 0 0 0 0 0 0 0 0 0 0 0 0 0 0 0 0 0 0 0 0 0 0 0 0 0 0 0 0 0 0 0 0 0 0 0 0 0 1 0 0]
[104381625085764365364949373819910392547107878101302274102093427943776476502085098671641681230884734337101681780457890463632667374912226733119277449460475617540443007566387505798718038017308977896968614354352780717551170012017462 0 0 0 0 0 0 0 0 0 0 0 0 0 0 0 0 0 0 0 0 0 0 0 0 0 0 0 0 0 0 0 0 0 0 0 0 0 0 0 0 0 0 0 0 0 0 0 0 0 0 0 0 0 0 0 0 0 0 0 0 0 0 0 0 0 0 0 0 0 0 0 0 0 1 0]
[194087352978790524479143969593498176067009208347109551676392610976154940782000177349081347661404954360068930894882851166164711042237690221507805276180293961677335735000217977286612017871121711428025540130182472681605154688348844 0 0 0 0 0 0 0 0 0 0 0 0 0 0 0 0 0 0 0 0 0 0 0 0 0 0 0 0 0 0 0 0 0 0 0 0 0 0 0 0 0 0 0 0 0 0 0 0 0 0 0 0 0 0 0 0 0 0 0 0 0 0 0 0 0 0 0 0 0 0 0 0 0 0 1]
]
