[[5459559526532196121058846078217294418027149806235582576856821952070562838121333437316802304051348102679659718490961544929373856861646740470393659642955823846988061086334524398639352450984473571674738918393560667658136736153198139 0 0 0 0 0 0 0 0 0 0 0 0 0 0 0 0 0 0 0 0 0 0 0 0 0 0 0 0 0 0 0 0 0 0 0 0 0 0 0 0 0 0 0 0 0 0 0 0 0 0 0 0 0 0 0 0 0 0 0 0 0 0 0 0 0 0 0 0 0 0 0 0 0 0 0]
[698685888921138795862388481442153807254217363401454858920657857209752055308301342361861572623972318821589031645733339659142987233379749014843693443312519786447870437535844226321208610993157232114958718837315243533186023052483258 1 0 0 0 0 0 0 0 0 0 0 0 0 0 0 0 0 0 0 0 0 0 0 0 0 0 0 0 0 0 0 0 0 0 0 0 0 0 0 0 0 0 0 0 0 0 0 0 0 0 0 0 0 0 0 0 0 0 0 0 0 0 0 0 0 0 0 0 0 0 0 0 0 0 0]
[4273655569126951363018333285194968635958178644271598265633554861690770989558466345971511232658875466787679890726657655758454619642609992590616648755016694267168003648491836272215887724109137884873124282308351151322661966758352123 0 1 0 0 0 0 0 0 0 0 0 0 0 0 0 0 0 0 0 0 0 0 0 0 0 0 0 0 0 0 0 0 0 0 0 0 0 0 0 0 0 0 0 0 0 0 0 0 0 0 0 0 0 0 0 0 0 0 0 0 0 0 0 0 0 0 0 0 0 0 0 0 0 0 0]
[2224861363902811804833348589831780516749620535517516857842369156360170796129352125002716287136461667234249543377507909642833321949570592639311082957366922660185502811194181721617679515424403504445530418607762684971842562437555308 0 0 1 0 0 0 0 0 0 0 0 0 0 0 0 0 0 0 0 0 0 0 0 0 0 0 0 0 0 0 0 0 0 0 0 0 0 0 0 0 0 0 0 0 0 0 0 0 0 0 0 0 0 0 0 0 0 0 0 0 0 0 0 0 0 0 0 0 0 0 0 0 0 0 0]
[3201369652659375783572553301251450440387790529593139131909271819013172045496683745707073926839946235529501513315804485641876132643244775458510676154944791514699399663467802731767900106928263954340083714889666861689252659045249125 0 0 0 1 0 0 0 0 0 0 0 0 0 0 0 0 0 0 0 0 0 0 0 0 0 0 0 0 0 0 0 0 0 0 0 0 0 0 0 0 0 0 0 0 0 0 0 0 0 0 0 0 0 0 0 0 0 0 0 0 0 0 0 0 0 0 0 0 0 0 0 0 0 0 0]
[5170279441285368581137144572245070917017247214033359286400570129610368513951514992212357251913102871990992787969238293975552714625674845745107726953387519760493372021745240153320914689237661390928926974542057481472288174575953245 0 0 0 0 1 0 0 0 0 0 0 0 0 0 0 0 0 0 0 0 0 0 0 0 0 0 0 0 0 0 0 0 0 0 0 0 0 0 0 0 0 0 0 0 0 0 0 0 0 0 0 0 0 0 0 0 0 0 0 0 0 0 0 0 0 0 0 0 0 0 0 0 0 0 0]
[1658277636367982083272945247778554180815960386300201796009591670192605149424632165993665285074067661621796553786903180839413292410330343525077125033589781172512944669318216352247573803072408841626881400044770520728892974221752841 0 0 0 0 0 1 0 0 0 0 0 0 0 0 0 0 0 0 0 0 0 0 0 0 0 0 0 0 0 0 0 0 0 0 0 0 0 0 0 0 0 0 0 0 0 0 0 0 0 0 0 0 0 0 0 0 0 0 0 0 0 0 0 0 0 0 0 0 0 0 0 0 0 0 0]
[1186986339790953637335419936747587699243624019331955820787749815130063460775272254637975248145185661659771705681052702619488511689968810506001695255374888437452740597520663745758487498284654174606395640483892004698988127516979852 0 0 0 0 0 0 1 0 0 0 0 0 0 0 0 0 0 0 0 0 0 0 0 0 0 0 0 0 0 0 0 0 0 0 0 0 0 0 0 0 0 0 0 0 0 0 0 0 0 0 0 0 0 0 0 0 0 0 0 0 0 0 0 0 0 0 0 0 0 0 0 0 0 0 0]
[3661140298034631429838457771946939411070095159490351223357154885171589592293407744754648618695018942248956499784946532658598604587321257976576194336402296469351418234962870826587597336026149850113916493687398096728071437748222001 0 0 0 0 0 0 0 1 0 0 0 0 0 0 0 0 0 0 0 0 0 0 0 0 0 0 0 0 0 0 0 0 0 0 0 0 0 0 0 0 0 0 0 0 0 0 0 0 0 0 0 0 0 0 0 0 0 0 0 0 0 0 0 0 0 0 0 0 0 0 0 0 0 0 0]
[4742370468129703040933152474485358395461613125963211396510573727214886893105982034332775815016348025729775417884982520976150607637025458971537813149155710717880779366017657687505093896350660932442631339868506042442166945277341833 0 0 0 0 0 0 0 0 1 0 0 0 0 0 0 0 0 0 0 0 0 0 0 0 0 0 0 0 0 0 0 0 0 0 0 0 0 0 0 0 0 0 0 0 0 0 0 0 0 0 0 0 0 0 0 0 0 0 0 0 0 0 0 0 0 0 0 0 0 0 0 0 0 0 0]
[1897109646304785642364042528753230791007126568802420773991544853102604831337180161347328594237886929281975914228814169029641982549549659925302894890760144342781381944454312866854966161476532658513461265475161584367042927041443955 0 0 0 0 0 0 0 0 0 1 0 0 0 0 0 0 0 0 0 0 0 0 0 0 0 0 0 0 0 0 0 0 0 0 0 0 0 0 0 0 0 0 0 0 0 0 0 0 0 0 0 0 0 0 0 0 0 0 0 0 0 0 0 0 0 0 0 0 0 0 0 0 0 0 0]
[4094040223590249171515484107769815862451215621085768437435684163668154321797600957880498655677572287015317080807156403697537185707529440673865492093173636487010459886244247879002339796026817007445731205004300022373223851977856296 0 0 0 0 0 0 0 0 0 0 1 0 0 0 0 0 0 0 0 0 0 0 0 0 0 0 0 0 0 0 0 0 0 0 0 0 0 0 0 0 0 0 0 0 0 0 0 0 0 0 0 0 0 0 0 0 0 0 0 0 0 0 0 0 0 0 0 0 0 0 0 0 0 0 0]
[3742056749233909930817631878089929172021089864299115681688599802055181684351569836471816055857346311482894487896184462892791423044592483246469909716920379947963325690558598027489752597610282479341355762678770461364819317739028571 0 0 0 0 0 0 0 0 0 0 0 1 0 0 0 0 0 0 0 0 0 0 0 0 0 0 0 0 0 0 0 0 0 0 0 0 0 0 0 0 0 0 0 0 0 0 0 0 0 0 0 0 0 0 0 0 0 0 0 0 0 0 0 0 0 0 0 0 0 0 0 0 0 0 0]
[3171226458036944564742959351894290042949186252133930232185310307983078492033685067491375858942739145581405223540322314419661646158504854144550178296745811991637021946356835666707931246970806365449408789516603861858355754064852295 0 0 0 0 0 0 0 0 0 0 0 0 1 0 0 0 0 0 0 0 0 0 0 0 0 0 0 0 0 0 0 0 0 0 0 0 0 0 0 0 0 0 0 0 0 0 0 0 0 0 0 0 0 0 0 0 0 0 0 0 0 0 0 0 0 0 0 0 0 0 0 0 0 0 0]
[4385406543067642342956328371485028355042615352950479396026881106728809841163080373295327333347084981862218166816231397451693656431340115497069817089768991675658713453456813259664452948718122389130079981846125333618095071671297331 0 0 0 0 0 0 0 0 0 0 0 0 0 1 0 0 0 0 0 0 0 0 0 0 0 0 0 0 0 0 0 0 0 0 0 0 0 0 0 0 0 0 0 0 0 0 0 0 0 0 0 0 0 0 0 0 0 0 0 0 0 0 0 0 0 0 0 0 0 0 0 0 0 0 0]
[3616675282290755122694644212089918649921556703098831426960031892030018576670561652380057333325539058015238195437913574369781708859365534710021408814781614856486151924082927178447153101499919302189729424640820682672677897269010176 0 0 0 0 0 0 0 0 0 0 0 0 0 0 1 0 0 0 0 0 0 0 0 0 0 0 0 0 0 0 0 0 0 0 0 0 0 0 0 0 0 0 0 0 0 0 0 0 0 0 0 0 0 0 0 0 0 0 0 0 0 0 0 0 0 0 0 0 0 0 0 0 0 0 0]
[729764593414778478971332482651667739542121879312654686500471607444790898220784587220868297281291146501885799221315628044847611160757399078431400421867684408721434467768448839489170095338733090116957167741629102046391027644950044 0 0 0 0 0 0 0 0 0 0 0 0 0 0 0 1 0 0 0 0 0 0 0 0 0 0 0 0 0 0 0 0 0 0 0 0 0 0 0 0 0 0 0 0 0 0 0 0 0 0 0 0 0 0 0 0 0 0 0 0 0 0 0 0 0 0 0 0 0 0 0 0 0 0 0]
[1310267431956911230502636456200587370712958200762487590944477585105568626585805650521268765863967424717535765006923521748086963633917001254090386760220109659403454159702197196457144735668807421660727484532032596742348538570459187 0 0 0 0 0 0 0 0 0 0 0 0 0 0 0 0 1 0 0 0 0 0 0 0 0 0 0 0 0 0 0 0 0 0 0 0 0 0 0 0 0 0 0 0 0 0 0 0 0 0 0 0 0 0 0 0 0 0 0 0 0 0 0 0 0 0 0 0 0 0 0 0 0 0 0]
[3012499906251353321651161944681152944833539371501295711428160080517224900454094744499212851399898765211191035981580298464506322321545862345860517481348585180781679340036260916469447827373744321918504443024294757359551268631796354 0 0 0 0 0 0 0 0 0 0 0 0 0 0 0 0 0 1 0 0 0 0 0 0 0 0 0 0 0 0 0 0 0 0 0 0 0 0 0 0 0 0 0 0 0 0 0 0 0 0 0 0 0 0 0 0 0 0 0 0 0 0 0 0 0 0 0 0 0 0 0 0 0 0 0]
[2615239506730585627922919797948668270668973471562626067334290803998942136871513433215120323909671581658122657509196020619570354294796498664705506345756984776037694417352106206478655405066949891774675667531083149511414743881762454 0 0 0 0 0 0 0 0 0 0 0 0 0 0 0 0 0 0 1 0 0 0 0 0 0 0 0 0 0 0 0 0 0 0 0 0 0 0 0 0 0 0 0 0 0 0 0 0 0 0 0 0 0 0 0 0 0 0 0 0 0 0 0 0 0 0 0 0 0 0 0 0 0 0 0]
[41525225994165564141623985690896978398803175481657238258924462399475214297284273115912317275319605283010278680875987441624516346798134801574614188010132454974552450960027851470547176614517678898214690973322029688970873461827566 0 0 0 0 0 0 0 0 0 0 0 0 0 0 0 0 0 0 0 1 0 0 0 0 0 0 0 0 0 0 0 0 0 0 0 0 0 0 0 0 0 0 0 0 0 0 0 0 0 0 0 0 0 0 0 0 0 0 0 0 0 0 0 0 0 0 0 0 0 0 0 0 0 0 0]
[1280411808934059344525020276961530912076968386116420918043239081111177155912549233973116784244311476265974324856982608415585335089988895314848779618248041217324437119733600781346525174995801755187055673035461235455883094750695264 0 0 0 0 0 0 0 0 0 0 0 0 0 0 0 0 0 0 0 0 1 0 0 0 0 0 0 0 0 0 0 0 0 0 0 0 0 0 0 0 0 0 0 0 0 0 0 0 0 0 0 0 0 0 0 0 0 0 0 0 0 0 0 0 0 0 0 0 0 0 0 0 0 0 0]
[1295782780991293947619104810699903168149520640734544508809109926831664555429619247016156522418080323132886426282494019194179240235237636809038136371321367740666047707038985448472488003507439057797977002802678390512760871137413019 0 0 0 0 0 0 0 0 0 0 0 0 0 0 0 0 0 0 0 0 0 1 0 0 0 0 0 0 0 0 0 0 0 0 0 0 0 0 0 0 0 0 0 0 0 0 0 0 0 0 0 0 0 0 0 0 0 0 0 0 0 0 0 0 0 0 0 0 0 0 0 0 0 0 0]
[1881021142139303708067951631953778863485617511501817592941498742579568321534574623514152579255282508332162270607418150140819080687804858873781931615208994338152681741208133632718676517638949323405478950105965662918130180857682983 0 0 0 0 0 0 0 0 0 0 0 0 0 0 0 0 0 0 0 0 0 0 1 0 0 0 0 0 0 0 0 0 0 0 0 0 0 0 0 0 0 0 0 0 0 0 0 0 0 0 0 0 0 0 0 0 0 0 0 0 0 0 0 0 0 0 0 0 0 0 0 0 0 0 0]
[5284754524434226467365668031061083235716139836519963762874611279599090594767775186804215276838065276222068311916930918949625026697057152563010710135159790753861682419644067255028419909351827015039973821308178018585284775141553825 0 0 0 0 0 0 0 0 0 0 0 0 0 0 0 0 0 0 0 0 0 0 0 1 0 0 0 0 0 0 0 0 0 0 0 0 0 0 0 0 0 0 0 0 0 0 0 0 0 0 0 0 0 0 0 0 0 0 0 0 0 0 0 0 0 0 0 0 0 0 0 0 0 0 0]
[9582507825974187244229308910727454766828585228937856505107816861763721195314919209941291698590331104198078323439546521042587967461625111103335463222663283505123299293685658629509428600236724546192262251362033473706976323611964 0 0 0 0 0 0 0 0 0 0 0 0 0 0 0 0 0 0 0 0 0 0 0 0 1 0 0 0 0 0 0 0 0 0 0 0 0 0 0 0 0 0 0 0 0 0 0 0 0 0 0 0 0 0 0 0 0 0 0 0 0 0 0 0 0 0 0 0 0 0 0 0 0 0 0]
[2231983809310863433452945889552573304744807344119898623228828632915720440683358636185192083049071258104293546233701626329621061641922590917420380170509967039981439686150107399168363789695258483841426702662521602858300343622395262 0 0 0 0 0 0 0 0 0 0 0 0 0 0 0 0 0 0 0 0 0 0 0 0 0 1 0 0 0 0 0 0 0 0 0 0 0 0 0 0 0 0 0 0 0 0 0 0 0 0 0 0 0 0 0 0 0 0 0 0 0 0 0 0 0 0 0 0 0 0 0 0 0 0 0]
[630046169083195835868146852201200023851580511469574644161017503256979186960954566044067071976939385238463426699739644873384299708626267460771577042122170775845593633218341468780721794028302408405751849887332896658781386498387863 0 0 0 0 0 0 0 0 0 0 0 0 0 0 0 0 0 0 0 0 0 0 0 0 0 0 1 0 0 0 0 0 0 0 0 0 0 0 0 0 0 0 0 0 0 0 0 0 0 0 0 0 0 0 0 0 0 0 0 0 0 0 0 0 0 0 0 0 0 0 0 0 0 0 0]
[2992226786414215107978224100796227962865110702333383195615490514015822633339743875785094575653740731182504131335284240232643149934218458735984796879236061314638722117770500650837382928762803732604671301414712323984702986448214878 0 0 0 0 0 0 0 0 0 0 0 0 0 0 0 0 0 0 0 0 0 0 0 0 0 0 0 1 0 0 0 0 0 0 0 0 0 0 0 0 0 0 0 0 0 0 0 0 0 0 0 0 0 0 0 0 0 0 0 0 0 0 0 0 0 0 0 0 0 0 0 0 0 0 0]
[3760989684199916473484961003329863530331960237913247545116613914956144763563782115482235459408173307287132877908789917639147355267727461210284855598622889980156238156209211968059079344661014161088795232533535800557381565953716890 0 0 0 0 0 0 0 0 0 0 0 0 0 0 0 0 0 0 0 0 0 0 0 0 0 0 0 0 1 0 0 0 0 0 0 0 0 0 0 0 0 0 0 0 0 0 0 0 0 0 0 0 0 0 0 0 0 0 0 0 0 0 0 0 0 0 0 0 0 0 0 0 0 0 0]
[3261662968243993174232663712024958211552730013682443937203321022350068453054442446753854928844100582784992008525472215134460809249904903905716241202951308868655196882897222204679347625106499907984625838719085133838988502101533063 0 0 0 0 0 0 0 0 0 0 0 0 0 0 0 0 0 0 0 0 0 0 0 0 0 0 0 0 0 1 0 0 0 0 0 0 0 0 0 0 0 0 0 0 0 0 0 0 0 0 0 0 0 0 0 0 0 0 0 0 0 0 0 0 0 0 0 0 0 0 0 0 0 0 0]
[417880581038946283790244018385621975511117053239110981734674992918155758914456000377047037289304308658362355151959575790841818676683023234763859968401853444104272469602821410772864396601391729629236738249028265376902424186226393 0 0 0 0 0 0 0 0 0 0 0 0 0 0 0 0 0 0 0 0 0 0 0 0 0 0 0 0 0 0 1 0 0 0 0 0 0 0 0 0 0 0 0 0 0 0 0 0 0 0 0 0 0 0 0 0 0 0 0 0 0 0 0 0 0 0 0 0 0 0 0 0 0 0 0]
[4212078810924751979581077273747698878674001173252501464224104974959514564607515030695448029478965364843610312351125362435586276346035452857427272663414126729354132756204351051146537593129261448277293704370345782109694239891721547 0 0 0 0 0 0 0 0 0 0 0 0 0 0 0 0 0 0 0 0 0 0 0 0 0 0 0 0 0 0 0 1 0 0 0 0 0 0 0 0 0 0 0 0 0 0 0 0 0 0 0 0 0 0 0 0 0 0 0 0 0 0 0 0 0 0 0 0 0 0 0 0 0 0 0]
[3651166743898326879006982972131729337879469773116218437863024653035190607679721957710746802878504671606654787538219897556082165197813505369362041459229605317714884014891702285933505277876608012233796028766336053861519431445979237 0 0 0 0 0 0 0 0 0 0 0 0 0 0 0 0 0 0 0 0 0 0 0 0 0 0 0 0 0 0 0 0 1 0 0 0 0 0 0 0 0 0 0 0 0 0 0 0 0 0 0 0 0 0 0 0 0 0 0 0 0 0 0 0 0 0 0 0 0 0 0 0 0 0 0]
[4653460265643329884626752833626282090474028185197407812489627967025920852054510408053948196506086044005472324592395225242446464811687196897241471655545887356409760354874704357476338935034523852767577365271954749171549237837826512 0 0 0 0 0 0 0 0 0 0 0 0 0 0 0 0 0 0 0 0 0 0 0 0 0 0 0 0 0 0 0 0 0 1 0 0 0 0 0 0 0 0 0 0 0 0 0 0 0 0 0 0 0 0 0 0 0 0 0 0 0 0 0 0 0 0 0 0 0 0 0 0 0 0 0]
[2856580500161078162724539772869072865485034145992249163838788615488128429004670754171012289462908693756129352984880973920366947253804379614701836213722677795625648834666715956014790212947205846826022044768645350643674718039489932 0 0 0 0 0 0 0 0 0 0 0 0 0 0 0 0 0 0 0 0 0 0 0 0 0 0 0 0 0 0 0 0 0 0 1 0 0 0 0 0 0 0 0 0 0 0 0 0 0 0 0 0 0 0 0 0 0 0 0 0 0 0 0 0 0 0 0 0 0 0 0 0 0 0 0]
[5080112721086546039874120634368144860017050253501631419070851238084897740671317787113434810378185582807559800677004856729902471704008111278695746865576748379608038057055294797153058553635160176770447475041719218394151594191621813 0 0 0 0 0 0 0 0 0 0 0 0 0 0 0 0 0 0 0 0 0 0 0 0 0 0 0 0 0 0 0 0 0 0 0 1 0 0 0 0 0 0 0 0 0 0 0 0 0 0 0 0 0 0 0 0 0 0 0 0 0 0 0 0 0 0 0 0 0 0 0 0 0 0 0]
[2768354670282632621727023373480609474012894843051735955076011655208855166509162538414646527392773425616802887140845683229418983776464671039422613413301856088641712638234643878559782027662459731182858340357008323442385353683628555 0 0 0 0 0 0 0 0 0 0 0 0 0 0 0 0 0 0 0 0 0 0 0 0 0 0 0 0 0 0 0 0 0 0 0 0 1 0 0 0 0 0 0 0 0 0 0 0 0 0 0 0 0 0 0 0 0 0 0 0 0 0 0 0 0 0 0 0 0 0 0 0 0 0 0]
[3002444335841152994918276865176570286380961961003358558359968725169575988147006903662367070838625143163095021052144415009673340237718160142232769669154829743603587694997610605572225407264955659525574814718562650486003024386045884 0 0 0 0 0 0 0 0 0 0 0 0 0 0 0 0 0 0 0 0 0 0 0 0 0 0 0 0 0 0 0 0 0 0 0 0 0 1 0 0 0 0 0 0 0 0 0 0 0 0 0 0 0 0 0 0 0 0 0 0 0 0 0 0 0 0 0 0 0 0 0 0 0 0 0]
[5073129889412214091535611538443669231939706041138020093941161480643315594212742630300897914022080907669945497534001592123321052794549380070807879924461375584392230309996802078904084448717240282078334891767403869526471683731168285 0 0 0 0 0 0 0 0 0 0 0 0 0 0 0 0 0 0 0 0 0 0 0 0 0 0 0 0 0 0 0 0 0 0 0 0 0 0 1 0 0 0 0 0 0 0 0 0 0 0 0 0 0 0 0 0 0 0 0 0 0 0 0 0 0 0 0 0 0 0 0 0 0 0 0]
[1686968782644923172388234429911514965960854383250982761451590848069580463469409358525311429343342961164011176418153249576241786182074000491291614179362727119874666836542288507477232276496633628864566228185023397765828726139489129 0 0 0 0 0 0 0 0 0 0 0 0 0 0 0 0 0 0 0 0 0 0 0 0 0 0 0 0 0 0 0 0 0 0 0 0 0 0 0 1 0 0 0 0 0 0 0 0 0 0 0 0 0 0 0 0 0 0 0 0 0 0 0 0 0 0 0 0 0 0 0 0 0 0 0]
[4645526153281114045460465056156651045429522379965471482674239811331110909643744608996623777051771876810774791883581915147167451316317486266257491443133723873445258049151526336351789273906494309664899010705249299239127357997027840 0 0 0 0 0 0 0 0 0 0 0 0 0 0 0 0 0 0 0 0 0 0 0 0 0 0 0 0 0 0 0 0 0 0 0 0 0 0 0 0 1 0 0 0 0 0 0 0 0 0 0 0 0 0 0 0 0 0 0 0 0 0 0 0 0 0 0 0 0 0 0 0 0 0 0]
[3022456069792797689525131124215441386781777484063554138819868739206000077960975804979288163169606012774505973776521995491167941916244486773762178194248914671954360169542524392721801960926762378468252910102329461507215394360776463 0 0 0 0 0 0 0 0 0 0 0 0 0 0 0 0 0 0 0 0 0 0 0 0 0 0 0 0 0 0 0 0 0 0 0 0 0 0 0 0 0 1 0 0 0 0 0 0 0 0 0 0 0 0 0 0 0 0 0 0 0 0 0 0 0 0 0 0 0 0 0 0 0 0 0]
[5141078600905988971865456359047784301273837939737542355342076854801095634906537577701945219875866936762318538116336977300961151120131912106830939001856058571429630922795116972653168819967817696740663116704424803962952261484886330 0 0 0 0 0 0 0 0 0 0 0 0 0 0 0 0 0 0 0 0 0 0 0 0 0 0 0 0 0 0 0 0 0 0 0 0 0 0 0 0 0 0 1 0 0 0 0 0 0 0 0 0 0 0 0 0 0 0 0 0 0 0 0 0 0 0 0 0 0 0 0 0 0 0 0]
[5200808112082263274065090335541229786261302449518182283625846355407093388956364066484266498159537028824672463885299896278549467798897458869281525566990096239861587261528552144221745089035643638870052897710377578521456687229778667 0 0 0 0 0 0 0 0 0 0 0 0 0 0 0 0 0 0 0 0 0 0 0 0 0 0 0 0 0 0 0 0 0 0 0 0 0 0 0 0 0 0 0 1 0 0 0 0 0 0 0 0 0 0 0 0 0 0 0 0 0 0 0 0 0 0 0 0 0 0 0 0 0 0 0]
[1059004363083779201034011963820836020761755786731187218056141783474248516492421109984591632876635187780096158456259842338086900189385955814028103029270884383923679450637032285401249380606681858664271129148728572097999518571400980 0 0 0 0 0 0 0 0 0 0 0 0 0 0 0 0 0 0 0 0 0 0 0 0 0 0 0 0 0 0 0 0 0 0 0 0 0 0 0 0 0 0 0 0 1 0 0 0 0 0 0 0 0 0 0 0 0 0 0 0 0 0 0 0 0 0 0 0 0 0 0 0 0 0 0]
[2670765859622643117182143433791266350229226436323362737338868952984432374972001176049267353709540410077104983100532673566525906538176855708164963878641793239114595276138315097497507737843208180840913056920895125068613266494270678 0 0 0 0 0 0 0 0 0 0 0 0 0 0 0 0 0 0 0 0 0 0 0 0 0 0 0 0 0 0 0 0 0 0 0 0 0 0 0 0 0 0 0 0 0 1 0 0 0 0 0 0 0 0 0 0 0 0 0 0 0 0 0 0 0 0 0 0 0 0 0 0 0 0 0]
[3396334876071901569113520776440682632240115142111216967720042981242895279719662457607059196626356059771298834643416185374491880537984896804912922191999623631666920196229231162306225585969015497082768083719318534815145376397978423 0 0 0 0 0 0 0 0 0 0 0 0 0 0 0 0 0 0 0 0 0 0 0 0 0 0 0 0 0 0 0 0 0 0 0 0 0 0 0 0 0 0 0 0 0 0 1 0 0 0 0 0 0 0 0 0 0 0 0 0 0 0 0 0 0 0 0 0 0 0 0 0 0 0 0]
[896076273013744956034354120376198793619940175141967360396437134172293269154861953562869404066323418337181675136814703274112760859932762850531515273078171512073301497524619265440162095240526268344263923290872713828202054712596058 0 0 0 0 0 0 0 0 0 0 0 0 0 0 0 0 0 0 0 0 0 0 0 0 0 0 0 0 0 0 0 0 0 0 0 0 0 0 0 0 0 0 0 0 0 0 0 1 0 0 0 0 0 0 0 0 0 0 0 0 0 0 0 0 0 0 0 0 0 0 0 0 0 0 0]
[23830755445278850459538466264324197594075843704375032475126562110318923432046186068841387110587998633099247570338921091125439892599915332351272584006836918290731829046889675506046213285494451883870848017162818905323044209628231 0 0 0 0 0 0 0 0 0 0 0 0 0 0 0 0 0 0 0 0 0 0 0 0 0 0 0 0 0 0 0 0 0 0 0 0 0 0 0 0 0 0 0 0 0 0 0 0 1 0 0 0 0 0 0 0 0 0 0 0 0 0 0 0 0 0 0 0 0 0 0 0 0 0 0]
[4428067639359697482742070992278506623524963140509699641124749549760362339274024690543839044171746261878059995985615889636128876287211465762503495015164562695398684555128279046503087738531045193012158723003308987898271363861290984 0 0 0 0 0 0 0 0 0 0 0 0 0 0 0 0 0 0 0 0 0 0 0 0 0 0 0 0 0 0 0 0 0 0 0 0 0 0 0 0 0 0 0 0 0 0 0 0 0 1 0 0 0 0 0 0 0 0 0 0 0 0 0 0 0 0 0 0 0 0 0 0 0 0 0]
[3081240481911590921207160928238712824081958182519034585946616180659491037176578152255128347079958521570232419703486289495410568389660376631067267524127678707572538172729560805004547216605055792094617671237671130854492107412314322 0 0 0 0 0 0 0 0 0 0 0 0 0 0 0 0 0 0 0 0 0 0 0 0 0 0 0 0 0 0 0 0 0 0 0 0 0 0 0 0 0 0 0 0 0 0 0 0 0 0 1 0 0 0 0 0 0 0 0 0 0 0 0 0 0 0 0 0 0 0 0 0 0 0 0]
[1420940794550566096158911758360700978803177245448700610609322024632236170337062469689228165291272012141353197192488459704665460035210000559678688121222136792584687702338578000144968000778126024754345910268016767665871781054300493 0 0 0 0 0 0 0 0 0 0 0 0 0 0 0 0 0 0 0 0 0 0 0 0 0 0 0 0 0 0 0 0 0 0 0 0 0 0 0 0 0 0 0 0 0 0 0 0 0 0 0 1 0 0 0 0 0 0 0 0 0 0 0 0 0 0 0 0 0 0 0 0 0 0 0]
[2358751768077873563742462877888636060496423974386092822927483552382544854885590648500377551134631859175344956104775863013737770736033969378067095935975309186021901028696384751647638997696480372075324103021996194757170190790205308 0 0 0 0 0 0 0 0 0 0 0 0 0 0 0 0 0 0 0 0 0 0 0 0 0 0 0 0 0 0 0 0 0 0 0 0 0 0 0 0 0 0 0 0 0 0 0 0 0 0 0 0 1 0 0 0 0 0 0 0 0 0 0 0 0 0 0 0 0 0 0 0 0 0 0]
[75011750341548021482052549689583582967556575698623117981726226120575169334221177362772752604849593602544939803855929998353201361575073982129812162725414239361717924261109375194706470282824605463114514339446924903850690601025641 0 0 0 0 0 0 0 0 0 0 0 0 0 0 0 0 0 0 0 0 0 0 0 0 0 0 0 0 0 0 0 0 0 0 0 0 0 0 0 0 0 0 0 0 0 0 0 0 0 0 0 0 0 1 0 0 0 0 0 0 0 0 0 0 0 0 0 0 0 0 0 0 0 0 0]
[1677444036188128962543140347262394504514614166323456042120239593524698766608337094747489843874361637436482938303011607034472203864384906321428039132234955308326496602146851584030709412147947116723827018442684317137391460187806857 0 0 0 0 0 0 0 0 0 0 0 0 0 0 0 0 0 0 0 0 0 0 0 0 0 0 0 0 0 0 0 0 0 0 0 0 0 0 0 0 0 0 0 0 0 0 0 0 0 0 0 0 0 0 1 0 0 0 0 0 0 0 0 0 0 0 0 0 0 0 0 0 0 0 0]
[4566473797002662154372705042083386543383894570118027553673117399706561841221891513815432581057514111104709577429264713202394041247798359688417661189276499178901848979162313022013944178604667461264841569693733881713874198032078719 0 0 0 0 0 0 0 0 0 0 0 0 0 0 0 0 0 0 0 0 0 0 0 0 0 0 0 0 0 0 0 0 0 0 0 0 0 0 0 0 0 0 0 0 0 0 0 0 0 0 0 0 0 0 0 1 0 0 0 0 0 0 0 0 0 0 0 0 0 0 0 0 0 0 0]
[4347837598548073856749206331934458490088663193115215083527682132179801517723108394094484443290579181857405685898214189555354151121305104531658761741544038794364401421811043971102275678281349715598031516020343013582403921154162508 0 0 0 0 0 0 0 0 0 0 0 0 0 0 0 0 0 0 0 0 0 0 0 0 0 0 0 0 0 0 0 0 0 0 0 0 0 0 0 0 0 0 0 0 0 0 0 0 0 0 0 0 0 0 0 0 1 0 0 0 0 0 0 0 0 0 0 0 0 0 0 0 0 0 0]
[4493449812706698083579626880273773528341728600440269228147635751878063354913217729543426891024580844955903348404182658259195243670963154903569975836494464980959605309171372749982935661786025744233935239773012791946406779114962614 0 0 0 0 0 0 0 0 0 0 0 0 0 0 0 0 0 0 0 0 0 0 0 0 0 0 0 0 0 0 0 0 0 0 0 0 0 0 0 0 0 0 0 0 0 0 0 0 0 0 0 0 0 0 0 0 0 1 0 0 0 0 0 0 0 0 0 0 0 0 0 0 0 0 0]
[780882134754122905550530077893268794229758048763726101298493623112775921923605212827069396602983230573599910793352789175160019763975775752590090942052548385502219323353197771706657534061013428127006664631552935840096160442822353 0 0 0 0 0 0 0 0 0 0 0 0 0 0 0 0 0 0 0 0 0 0 0 0 0 0 0 0 0 0 0 0 0 0 0 0 0 0 0 0 0 0 0 0 0 0 0 0 0 0 0 0 0 0 0 0 0 0 1 0 0 0 0 0 0 0 0 0 0 0 0 0 0 0 0]
[3062274631353085473381880453774876101375994883466532892673505301138681952496188297127073248543102497273586509587529214026365003470386946472300456198698215666312269284161624171816904760219417213470754127351263126169358037635397814 0 0 0 0 0 0 0 0 0 0 0 0 0 0 0 0 0 0 0 0 0 0 0 0 0 0 0 0 0 0 0 0 0 0 0 0 0 0 0 0 0 0 0 0 0 0 0 0 0 0 0 0 0 0 0 0 0 0 0 1 0 0 0 0 0 0 0 0 0 0 0 0 0 0 0]
[563758545333093743117245533418624539035000330947716623848588202884898996955358982600911557323131417281822513044875408056313034871997285692504092412883811400664131501178012407062732886321103533321374372381880559556822763320388290 0 0 0 0 0 0 0 0 0 0 0 0 0 0 0 0 0 0 0 0 0 0 0 0 0 0 0 0 0 0 0 0 0 0 0 0 0 0 0 0 0 0 0 0 0 0 0 0 0 0 0 0 0 0 0 0 0 0 0 0 1 0 0 0 0 0 0 0 0 0 0 0 0 0 0]
[4022675572784675205506074584705043261186879717074588136203661123100078539799332556680517779293870117866194444089850866853337303076151640051681255664123657447477697097070864909007138243126721563957717786053620471782809746743900716 0 0 0 0 0 0 0 0 0 0 0 0 0 0 0 0 0 0 0 0 0 0 0 0 0 0 0 0 0 0 0 0 0 0 0 0 0 0 0 0 0 0 0 0 0 0 0 0 0 0 0 0 0 0 0 0 0 0 0 0 0 1 0 0 0 0 0 0 0 0 0 0 0 0 0]
[2792106274190875570889856342415439877155549920426513524763253084482784013851730151173147704117600718874205679726796864630263813147902377805936028522371102486445432314561362005160677795112795341748268003185145890075395608065722239 0 0 0 0 0 0 0 0 0 0 0 0 0 0 0 0 0 0 0 0 0 0 0 0 0 0 0 0 0 0 0 0 0 0 0 0 0 0 0 0 0 0 0 0 0 0 0 0 0 0 0 0 0 0 0 0 0 0 0 0 0 0 1 0 0 0 0 0 0 0 0 0 0 0 0]
[2491216341602149749000140818506837834431867049417996789805011615215151630034084410324332503179469908782471787221200162187986215772438054407834063936746516232921448743677056949859083314735218490044558008894007147596181758726739270 0 0 0 0 0 0 0 0 0 0 0 0 0 0 0 0 0 0 0 0 0 0 0 0 0 0 0 0 0 0 0 0 0 0 0 0 0 0 0 0 0 0 0 0 0 0 0 0 0 0 0 0 0 0 0 0 0 0 0 0 0 0 0 1 0 0 0 0 0 0 0 0 0 0 0]
[4692861526679325758271684426182970861719586906238233387317511797337211920736995395369757467119618916142114059942901856170852027119692342094145680667109238389803873282648042761439621558821992493110276740781518035639119083936149622 0 0 0 0 0 0 0 0 0 0 0 0 0 0 0 0 0 0 0 0 0 0 0 0 0 0 0 0 0 0 0 0 0 0 0 0 0 0 0 0 0 0 0 0 0 0 0 0 0 0 0 0 0 0 0 0 0 0 0 0 0 0 0 0 1 0 0 0 0 0 0 0 0 0 0]
[3975993661895798569979149251702269178302810485512987001887460871267808419556271883863998487397854176474381963115865446254747427244077741048908107229048543733450757651823931109380780515184400602003640923169316037736586872180764328 0 0 0 0 0 0 0 0 0 0 0 0 0 0 0 0 0 0 0 0 0 0 0 0 0 0 0 0 0 0 0 0 0 0 0 0 0 0 0 0 0 0 0 0 0 0 0 0 0 0 0 0 0 0 0 0 0 0 0 0 0 0 0 0 0 1 0 0 0 0 0 0 0 0 0]
[4499530926817661000262114060651805590548174577336638346801293001238433343248028670923152093261026732229417855969411896786124169939134952757664413737587382768005627151137139356914861898696356835187877988466646513944308304192533242 0 0 0 0 0 0 0 0 0 0 0 0 0 0 0 0 0 0 0 0 0 0 0 0 0 0 0 0 0 0 0 0 0 0 0 0 0 0 0 0 0 0 0 0 0 0 0 0 0 0 0 0 0 0 0 0 0 0 0 0 0 0 0 0 0 0 1 0 0 0 0 0 0 0 0]
[2502531780309218024786422266493952095208973161231715197106763221261829824142849073958472389146771140219217439165087196258824328293133173583015756498889121158162578620475723675662568528025126215847794952434741411956187136249520454 0 0 0 0 0 0 0 0 0 0 0 0 0 0 0 0 0 0 0 0 0 0 0 0 0 0 0 0 0 0 0 0 0 0 0 0 0 0 0 0 0 0 0 0 0 0 0 0 0 0 0 0 0 0 0 0 0 0 0 0 0 0 0 0 0 0 0 1 0 0 0 0 0 0 0]
[2999072535519348303511859166036122907125016366624326350550675868092504685211277863601440911134235516707008272260426673051545792898301678492248303690219490076178045283696519569427861392022737576978974967746021866832491634147049798 0 0 0 0 0 0 0 0 0 0 0 0 0 0 0 0 0 0 0 0 0 0 0 0 0 0 0 0 0 0 0 0 0 0 0 0 0 0 0 0 0 0 0 0 0 0 0 0 0 0 0 0 0 0 0 0 0 0 0 0 0 0 0 0 0 0 0 0 1 0 0 0 0 0 0]
[3423274944164809057133513798075735077033981708555748755783669243669167453696509543845586550926106602269932761668477239219714575516197243006262470508418197290279522510765818109636052498573054799415718481996196835009877623272143274 0 0 0 0 0 0 0 0 0 0 0 0 0 0 0 0 0 0 0 0 0 0 0 0 0 0 0 0 0 0 0 0 0 0 0 0 0 0 0 0 0 0 0 0 0 0 0 0 0 0 0 0 0 0 0 0 0 0 0 0 0 0 0 0 0 0 0 0 0 1 0 0 0 0 0]
[3916305916554482213379837632659684679184206812832641291224807835682650676704703698842332261658056148055655613799460285488698832494026459776720638219819731915260868597254391730138075764948936459968421276866463800883302512384023843 0 0 0 0 0 0 0 0 0 0 0 0 0 0 0 0 0 0 0 0 0 0 0 0 0 0 0 0 0 0 0 0 0 0 0 0 0 0 0 0 0 0 0 0 0 0 0 0 0 0 0 0 0 0 0 0 0 0 0 0 0 0 0 0 0 0 0 0 0 0 1 0 0 0 0]
[2845457897741194705769399838122745303764766529468073368698933702140438025384511170025667151063199434235968450993743726479332637231512140851967460241152002262579090374779467154069165143727291751376735615379325289147790147052399948 0 0 0 0 0 0 0 0 0 0 0 0 0 0 0 0 0 0 0 0 0 0 0 0 0 0 0 0 0 0 0 0 0 0 0 0 0 0 0 0 0 0 0 0 0 0 0 0 0 0 0 0 0 0 0 0 0 0 0 0 0 0 0 0 0 0 0 0 0 0 0 1 0 0 0]
[2585883829206724956972103606437280480009071281398658818475320848904221220893492241892878750330865453086497056039155487010773940474622330870750167956670067537648272743424038405900951633917208998435681584081441606473331470866777796 0 0 0 0 0 0 0 0 0 0 0 0 0 0 0 0 0 0 0 0 0 0 0 0 0 0 0 0 0 0 0 0 0 0 0 0 0 0 0 0 0 0 0 0 0 0 0 0 0 0 0 0 0 0 0 0 0 0 0 0 0 0 0 0 0 0 0 0 0 0 0 0 1 0 0]
[3708154205768678506452710577914574528577573690997077324674423522290969924254765580746951375378970977686945022694549086961381153687600161632481361523953528327287330428143837509118848723821518956146081406736016518958465322115715144 0 0 0 0 0 0 0 0 0 0 0 0 0 0 0 0 0 0 0 0 0 0 0 0 0 0 0 0 0 0 0 0 0 0 0 0 0 0 0 0 0 0 0 0 0 0 0 0 0 0 0 0 0 0 0 0 0 0 0 0 0 0 0 0 0 0 0 0 0 0 0 0 0 1 0]
[4097437244109212077870110562890650820984497964514970062039433691187609699852769284389378808432893381240708878573211780224726303210148252630088540692730648929972543527457974680898488012178032671534658831529929549804512388617090378 0 0 0 0 0 0 0 0 0 0 0 0 0 0 0 0 0 0 0 0 0 0 0 0 0 0 0 0 0 0 0 0 0 0 0 0 0 0 0 0 0 0 0 0 0 0 0 0 0 0 0 0 0 0 0 0 0 0 0 0 0 0 0 0 0 0 0 0 0 0 0 0 0 0 1]
]
