[[4645591020693787819154959056882593797200869417494965370775473734772229922834689652736861842883251176739192691202549161889243391427625683944061785244644986216633395692833621581802332846127517325861387914191307358028863100364035201 0 0 0 0 0 0 0 0 0 0 0 0 0 0 0 0 0 0 0 0 0 0 0 0 0 0 0 0 0 0 0 0 0 0 0 0 0 0 0 0 0 0 0 0 0 0 0 0 0 0 0 0 0 0 0 0 0 0 0 0 0 0 0 0 0 0 0 0 0 0 0 0 0 0 0]
[857401092794634025708747276301099159982403833966051881196158027259847613814498030443577175481497034951911571558508700836105346254808503611184027545500777527126040407502670265943138024589333825891972140339726603696446129972698525 1 0 0 0 0 0 0 0 0 0 0 0 0 0 0 0 0 0 0 0 0 0 0 0 0 0 0 0 0 0 0 0 0 0 0 0 0 0 0 0 0 0 0 0 0 0 0 0 0 0 0 0 0 0 0 0 0 0 0 0 0 0 0 0 0 0 0 0 0 0 0 0 0 0 0]
[1169370288164899126109391735062715529824653358835866389877330136580879229568656061948008853810051727717455214963507574644393502374240356396111505009905200298360449527851390326023264303772642490876509193097433579733709104456006762 0 1 0 0 0 0 0 0 0 0 0 0 0 0 0 0 0 0 0 0 0 0 0 0 0 0 0 0 0 0 0 0 0 0 0 0 0 0 0 0 0 0 0 0 0 0 0 0 0 0 0 0 0 0 0 0 0 0 0 0 0 0 0 0 0 0 0 0 0 0 0 0 0 0 0]
[2426285542158832629049165922298602280385666299802693154384842256168402770308229500132802058554694527026843547497615982999478576170723638009996948913187141734677384570524767383855841769391472328579099797672994385752641103846011990 0 0 1 0 0 0 0 0 0 0 0 0 0 0 0 0 0 0 0 0 0 0 0 0 0 0 0 0 0 0 0 0 0 0 0 0 0 0 0 0 0 0 0 0 0 0 0 0 0 0 0 0 0 0 0 0 0 0 0 0 0 0 0 0 0 0 0 0 0 0 0 0 0 0 0]
[3501744899418790279338431040650691937123778077708257591784034063313849813913529677777352149227851999250420234400211733372448800097387162678173019077378595199085670347722697399895729783668374695063087018681654628698619260323479089 0 0 0 1 0 0 0 0 0 0 0 0 0 0 0 0 0 0 0 0 0 0 0 0 0 0 0 0 0 0 0 0 0 0 0 0 0 0 0 0 0 0 0 0 0 0 0 0 0 0 0 0 0 0 0 0 0 0 0 0 0 0 0 0 0 0 0 0 0 0 0 0 0 0 0]
[2171496131147636455455732601285287432840780867385562654336138983903486822196941102514265498664727192002287620303468618024596137080751670552621468945062844796116516352997133686427116890891162868336366752652979079822608391900531929 0 0 0 0 1 0 0 0 0 0 0 0 0 0 0 0 0 0 0 0 0 0 0 0 0 0 0 0 0 0 0 0 0 0 0 0 0 0 0 0 0 0 0 0 0 0 0 0 0 0 0 0 0 0 0 0 0 0 0 0 0 0 0 0 0 0 0 0 0 0 0 0 0 0 0]
[4634139834807439645857383032078816571947379110175921947957474539982312331920399309202077921224780717481640854869905231377603004593831116119884314007791987104048860539335237383212075952960921116374728798568431064785291980473341001 0 0 0 0 0 1 0 0 0 0 0 0 0 0 0 0 0 0 0 0 0 0 0 0 0 0 0 0 0 0 0 0 0 0 0 0 0 0 0 0 0 0 0 0 0 0 0 0 0 0 0 0 0 0 0 0 0 0 0 0 0 0 0 0 0 0 0 0 0 0 0 0 0 0 0]
[2979440381900536168401189180203689709112121013345986119147545490871136260840331972595256509575618646235051572284273984869732417172380692892815479125752459220675400355285497739940799648698433835835240994637789220645202175879134953 0 0 0 0 0 0 1 0 0 0 0 0 0 0 0 0 0 0 0 0 0 0 0 0 0 0 0 0 0 0 0 0 0 0 0 0 0 0 0 0 0 0 0 0 0 0 0 0 0 0 0 0 0 0 0 0 0 0 0 0 0 0 0 0 0 0 0 0 0 0 0 0 0 0 0]
[4104692219286238789861068055267272030741025380060668688729372260548346620695099118159500829003127972766168396876694337297971332669139138609541089907766499041899270005307148391653089293235830702957487302044635433432844527677708190 0 0 0 0 0 0 0 1 0 0 0 0 0 0 0 0 0 0 0 0 0 0 0 0 0 0 0 0 0 0 0 0 0 0 0 0 0 0 0 0 0 0 0 0 0 0 0 0 0 0 0 0 0 0 0 0 0 0 0 0 0 0 0 0 0 0 0 0 0 0 0 0 0 0 0]
[19151519316143585716750675196397293927071561756487635841362683676425897635719613651238619251316147827084294051648205213575278901290152858254947822906238820318574141467627703369181944467813049667737876643224038001991929540242989 0 0 0 0 0 0 0 0 1 0 0 0 0 0 0 0 0 0 0 0 0 0 0 0 0 0 0 0 0 0 0 0 0 0 0 0 0 0 0 0 0 0 0 0 0 0 0 0 0 0 0 0 0 0 0 0 0 0 0 0 0 0 0 0 0 0 0 0 0 0 0 0 0 0 0]
[3297069739935305597233609368284764567573123113758028614387253094087989379076739528368019462656602907670620062700175113742955071105771634184317615449182336508389354991990883853764128606112862345533630443516459928694766805282705316 0 0 0 0 0 0 0 0 0 1 0 0 0 0 0 0 0 0 0 0 0 0 0 0 0 0 0 0 0 0 0 0 0 0 0 0 0 0 0 0 0 0 0 0 0 0 0 0 0 0 0 0 0 0 0 0 0 0 0 0 0 0 0 0 0 0 0 0 0 0 0 0 0 0 0]
[3155279321171309726404767459248635106579084843800064789306968802342779775360342158971119871479631938814417329734282194740328372393197228250115771227541621954732741337967220953990134456927280829442104530667898652878862177163355005 0 0 0 0 0 0 0 0 0 0 1 0 0 0 0 0 0 0 0 0 0 0 0 0 0 0 0 0 0 0 0 0 0 0 0 0 0 0 0 0 0 0 0 0 0 0 0 0 0 0 0 0 0 0 0 0 0 0 0 0 0 0 0 0 0 0 0 0 0 0 0 0 0 0 0]
[3731327976955320872278826057232502261288025115622394364154405459974032732735055429723293829988717998228364039722984467799802985381266119170707894620944811613629669449440363300927941954304837770829803826568532308993836101532646642 0 0 0 0 0 0 0 0 0 0 0 1 0 0 0 0 0 0 0 0 0 0 0 0 0 0 0 0 0 0 0 0 0 0 0 0 0 0 0 0 0 0 0 0 0 0 0 0 0 0 0 0 0 0 0 0 0 0 0 0 0 0 0 0 0 0 0 0 0 0 0 0 0 0 0]
[1690499890668632763650085908681812874312213827764239922379662021623609321803122324599567028458306921610612595645402566405270462967085038910492364653500121990040121965357364081544368091029895909358390232988974757421416159189027409 0 0 0 0 0 0 0 0 0 0 0 0 1 0 0 0 0 0 0 0 0 0 0 0 0 0 0 0 0 0 0 0 0 0 0 0 0 0 0 0 0 0 0 0 0 0 0 0 0 0 0 0 0 0 0 0 0 0 0 0 0 0 0 0 0 0 0 0 0 0 0 0 0 0 0]
[1947043986283105430836470298546696565335003748826334437709135585692113595702320041603509596719552176736804772518434606480224228939451227527443310709715279652361848820404565169280925481088866872805334302559904188527616575612247589 0 0 0 0 0 0 0 0 0 0 0 0 0 1 0 0 0 0 0 0 0 0 0 0 0 0 0 0 0 0 0 0 0 0 0 0 0 0 0 0 0 0 0 0 0 0 0 0 0 0 0 0 0 0 0 0 0 0 0 0 0 0 0 0 0 0 0 0 0 0 0 0 0 0 0]
[3048661148591320318747863273544937668706285049067433528002143627507251766044593691904228328956421957018285536542882198782187196430960851407875584177678204161992315602822475527051920691849904647342795630337611839782767880569810597 0 0 0 0 0 0 0 0 0 0 0 0 0 0 1 0 0 0 0 0 0 0 0 0 0 0 0 0 0 0 0 0 0 0 0 0 0 0 0 0 0 0 0 0 0 0 0 0 0 0 0 0 0 0 0 0 0 0 0 0 0 0 0 0 0 0 0 0 0 0 0 0 0 0 0]
[3577252087715656145383032304844905451391107882955200254601997098723377084107873628924856325701904760652125893959031085989828315340628227889499301500595988155164775644839054851464507278377786791140672576705473814067416437272313521 0 0 0 0 0 0 0 0 0 0 0 0 0 0 0 1 0 0 0 0 0 0 0 0 0 0 0 0 0 0 0 0 0 0 0 0 0 0 0 0 0 0 0 0 0 0 0 0 0 0 0 0 0 0 0 0 0 0 0 0 0 0 0 0 0 0 0 0 0 0 0 0 0 0 0]
[1095283545591787415556439374903319346318716901707085545754694772541218693818210781142175551516654471836002100456560305407591392212482105430004841264196651025760118526684729752534252973640248774950398512805850283467219773321476552 0 0 0 0 0 0 0 0 0 0 0 0 0 0 0 0 1 0 0 0 0 0 0 0 0 0 0 0 0 0 0 0 0 0 0 0 0 0 0 0 0 0 0 0 0 0 0 0 0 0 0 0 0 0 0 0 0 0 0 0 0 0 0 0 0 0 0 0 0 0 0 0 0 0 0]
[671154756938840269852881354978927339202172423416563619211959552910183361066885000353084183929199167937811440740698762837937392352239137052932757061782721414836902463300177172237719337212579324264216191567770746701456907895509197 0 0 0 0 0 0 0 0 0 0 0 0 0 0 0 0 0 1 0 0 0 0 0 0 0 0 0 0 0 0 0 0 0 0 0 0 0 0 0 0 0 0 0 0 0 0 0 0 0 0 0 0 0 0 0 0 0 0 0 0 0 0 0 0 0 0 0 0 0 0 0 0 0 0 0]
[3880204690663774870110984329523611944708131340394832153510139096472538358104849190578792802065493896519228553008368565836297198309345200915663459125513947206344135015676585849899006377758679533252540883174101038546140860494606526 0 0 0 0 0 0 0 0 0 0 0 0 0 0 0 0 0 0 1 0 0 0 0 0 0 0 0 0 0 0 0 0 0 0 0 0 0 0 0 0 0 0 0 0 0 0 0 0 0 0 0 0 0 0 0 0 0 0 0 0 0 0 0 0 0 0 0 0 0 0 0 0 0 0 0]
[2285623339188654214751981610488829867582721902009648805663638262926470253087718838638738399610267460299335118327455106989446424867117585102633925045064400752788168240745756090500768835173137579647610996981250305605290440487011111 0 0 0 0 0 0 0 0 0 0 0 0 0 0 0 0 0 0 0 1 0 0 0 0 0 0 0 0 0 0 0 0 0 0 0 0 0 0 0 0 0 0 0 0 0 0 0 0 0 0 0 0 0 0 0 0 0 0 0 0 0 0 0 0 0 0 0 0 0 0 0 0 0 0 0]
[2621817392391952592865753619691151703377831383837839834133488348646412064918364656058587018042804764699113990687296382674439060314765862118508457174816401085474767815526061092851652274163866692823718806524929629563681221667117562 0 0 0 0 0 0 0 0 0 0 0 0 0 0 0 0 0 0 0 0 1 0 0 0 0 0 0 0 0 0 0 0 0 0 0 0 0 0 0 0 0 0 0 0 0 0 0 0 0 0 0 0 0 0 0 0 0 0 0 0 0 0 0 0 0 0 0 0 0 0 0 0 0 0 0]
[1274327816288292782828216297783275924210757083122404556538691211680442255387285754704717104936115439548675055605572318911180991329247841671558174521225618656459167772104748631033523155414107179092837199749585030289953254909716005 0 0 0 0 0 0 0 0 0 0 0 0 0 0 0 0 0 0 0 0 0 1 0 0 0 0 0 0 0 0 0 0 0 0 0 0 0 0 0 0 0 0 0 0 0 0 0 0 0 0 0 0 0 0 0 0 0 0 0 0 0 0 0 0 0 0 0 0 0 0 0 0 0 0 0]
[1859819757829661947006660644923275085868393303680488086553777865109415003305814312158710887961751797129947497364108022987700220015171249511312280629077099359572380032395453646998942439184147344726641868030021952470042904358424583 0 0 0 0 0 0 0 0 0 0 0 0 0 0 0 0 0 0 0 0 0 0 1 0 0 0 0 0 0 0 0 0 0 0 0 0 0 0 0 0 0 0 0 0 0 0 0 0 0 0 0 0 0 0 0 0 0 0 0 0 0 0 0 0 0 0 0 0 0 0 0 0 0 0 0]
[3240695009151772659416831323055157648636171142480396949745312378234161965812405845964734884884528539660686883524650922791021458345920783559583933090808429679812696332795912851742313839577239513597295270953588053893062535786917631 0 0 0 0 0 0 0 0 0 0 0 0 0 0 0 0 0 0 0 0 0 0 0 1 0 0 0 0 0 0 0 0 0 0 0 0 0 0 0 0 0 0 0 0 0 0 0 0 0 0 0 0 0 0 0 0 0 0 0 0 0 0 0 0 0 0 0 0 0 0 0 0 0 0 0]
[1150582126310290630200873590385773734645128883295587135995585320779618641044777262968865150872781953517808321232107052193471705539542453214815785016647909267184147470059407389948764106209553181707492998567611644642581645331928424 0 0 0 0 0 0 0 0 0 0 0 0 0 0 0 0 0 0 0 0 0 0 0 0 1 0 0 0 0 0 0 0 0 0 0 0 0 0 0 0 0 0 0 0 0 0 0 0 0 0 0 0 0 0 0 0 0 0 0 0 0 0 0 0 0 0 0 0 0 0 0 0 0 0 0]
[4074587213388984872884223852713596758706345778839516843839504122473703114275570084045130606106242115149382486356359040466821545682905259629471774692438488463459837870282524892990820333161800352876372761212725341112730904283238734 0 0 0 0 0 0 0 0 0 0 0 0 0 0 0 0 0 0 0 0 0 0 0 0 0 1 0 0 0 0 0 0 0 0 0 0 0 0 0 0 0 0 0 0 0 0 0 0 0 0 0 0 0 0 0 0 0 0 0 0 0 0 0 0 0 0 0 0 0 0 0 0 0 0 0]
[3518334024443666197323565830836690933559060326666672546343856829326143561891575487225188249333158989247264671126627284569797423911302588613928964378790130445177811537956877703558600637620206323076780136303169887463909344499881144 0 0 0 0 0 0 0 0 0 0 0 0 0 0 0 0 0 0 0 0 0 0 0 0 0 0 1 0 0 0 0 0 0 0 0 0 0 0 0 0 0 0 0 0 0 0 0 0 0 0 0 0 0 0 0 0 0 0 0 0 0 0 0 0 0 0 0 0 0 0 0 0 0 0 0]
[96279449474774894514349365749151325476824437753837875074260400928423225540825985428368035615782541541868930104348973529981572976470763379642627498925412379505422302259718022841067021992595487396215705351564880806796307214258610 0 0 0 0 0 0 0 0 0 0 0 0 0 0 0 0 0 0 0 0 0 0 0 0 0 0 0 1 0 0 0 0 0 0 0 0 0 0 0 0 0 0 0 0 0 0 0 0 0 0 0 0 0 0 0 0 0 0 0 0 0 0 0 0 0 0 0 0 0 0 0 0 0 0 0]
[779333076377153316500452829480155721223078307394784295228670190535180938092998481772733304866908391582016878844966715581763058482495667441297945578356965984674152037607987534311441864257397933510933626306263272984931585458942873 0 0 0 0 0 0 0 0 0 0 0 0 0 0 0 0 0 0 0 0 0 0 0 0 0 0 0 0 1 0 0 0 0 0 0 0 0 0 0 0 0 0 0 0 0 0 0 0 0 0 0 0 0 0 0 0 0 0 0 0 0 0 0 0 0 0 0 0 0 0 0 0 0 0 0]
[3735322274109863995744831153753773738243699955840772706851957421442862928964384037845614379700615472623228721568605352120235090404415980505748524840417987144754299932373029723444435674250473512863939886361580393708879987363787954 0 0 0 0 0 0 0 0 0 0 0 0 0 0 0 0 0 0 0 0 0 0 0 0 0 0 0 0 0 1 0 0 0 0 0 0 0 0 0 0 0 0 0 0 0 0 0 0 0 0 0 0 0 0 0 0 0 0 0 0 0 0 0 0 0 0 0 0 0 0 0 0 0 0 0]
[2098634928795350652703506269704249205148467282981254683319814111281921422026766496241569470964327429522161039304687188234144845371848420122034302966054282187121134662943503234674534161013878674480799227583589997465765587184661164 0 0 0 0 0 0 0 0 0 0 0 0 0 0 0 0 0 0 0 0 0 0 0 0 0 0 0 0 0 0 1 0 0 0 0 0 0 0 0 0 0 0 0 0 0 0 0 0 0 0 0 0 0 0 0 0 0 0 0 0 0 0 0 0 0 0 0 0 0 0 0 0 0 0 0]
[2584303321921698847176157583918603172699241212960320976071353514892705703417506291534481951169743456933987909793293745472225223907083958449532909438401814513541353718536175771061360284958645151450536565421281842696056579764428875 0 0 0 0 0 0 0 0 0 0 0 0 0 0 0 0 0 0 0 0 0 0 0 0 0 0 0 0 0 0 0 1 0 0 0 0 0 0 0 0 0 0 0 0 0 0 0 0 0 0 0 0 0 0 0 0 0 0 0 0 0 0 0 0 0 0 0 0 0 0 0 0 0 0 0]
[939157408386574963466805823056998747660933231743954219410946354894195327797121062020032094089006030434104543770896326162649369502311208242576357945773190464646748628128296324483246495044914844476194866512983523543323037184492044 0 0 0 0 0 0 0 0 0 0 0 0 0 0 0 0 0 0 0 0 0 0 0 0 0 0 0 0 0 0 0 0 1 0 0 0 0 0 0 0 0 0 0 0 0 0 0 0 0 0 0 0 0 0 0 0 0 0 0 0 0 0 0 0 0 0 0 0 0 0 0 0 0 0 0]
[789681104722628799644795011441944453568642783240389128235347071824021445247613174410938679303185658966423987143616246362653557545669254688789216439699387147935609278334394287328004539026991507312820284702787259823181929938306356 0 0 0 0 0 0 0 0 0 0 0 0 0 0 0 0 0 0 0 0 0 0 0 0 0 0 0 0 0 0 0 0 0 1 0 0 0 0 0 0 0 0 0 0 0 0 0 0 0 0 0 0 0 0 0 0 0 0 0 0 0 0 0 0 0 0 0 0 0 0 0 0 0 0 0]
[4640354239365095682578482429152434008013583765400580414195630160331249508514719814938087195389102988551973084051969181305520093970909284408860958317642598905930462548158430745709431032465317132070111575472923030948681004873997452 0 0 0 0 0 0 0 0 0 0 0 0 0 0 0 0 0 0 0 0 0 0 0 0 0 0 0 0 0 0 0 0 0 0 1 0 0 0 0 0 0 0 0 0 0 0 0 0 0 0 0 0 0 0 0 0 0 0 0 0 0 0 0 0 0 0 0 0 0 0 0 0 0 0 0]
[4282912799636266381665999371501972037829876161677116466156164338960791735478067941263542640754189390260472789987436927012482663585699064577699349104987432293270387044335389873023075148714864856127560528258332238546254364482951894 0 0 0 0 0 0 0 0 0 0 0 0 0 0 0 0 0 0 0 0 0 0 0 0 0 0 0 0 0 0 0 0 0 0 0 1 0 0 0 0 0 0 0 0 0 0 0 0 0 0 0 0 0 0 0 0 0 0 0 0 0 0 0 0 0 0 0 0 0 0 0 0 0 0 0]
[2475358166236466628565522158928432872767372218016977487513423125353149063363070422082466533670940126048088767860335445797069509962159013842320837902460413666379723360689514252376346269651391461775589461933258867889050709641123874 0 0 0 0 0 0 0 0 0 0 0 0 0 0 0 0 0 0 0 0 0 0 0 0 0 0 0 0 0 0 0 0 0 0 0 0 1 0 0 0 0 0 0 0 0 0 0 0 0 0 0 0 0 0 0 0 0 0 0 0 0 0 0 0 0 0 0 0 0 0 0 0 0 0 0]
[3257900526099430113606188005680447820029869960033915565811725159636990644846761647669295591939385972645196289726275473372722231414274043477827628566285309067994012218374619861370141021703300381777741025590948757451727153456128623 0 0 0 0 0 0 0 0 0 0 0 0 0 0 0 0 0 0 0 0 0 0 0 0 0 0 0 0 0 0 0 0 0 0 0 0 0 1 0 0 0 0 0 0 0 0 0 0 0 0 0 0 0 0 0 0 0 0 0 0 0 0 0 0 0 0 0 0 0 0 0 0 0 0 0]
[796134550656750548753081402812276241842625655882644244959856904232189179580703920785322787278542652782609013733901887028994695108210744788761376549574830629069491431808144543041890280799443348166855456323436559470641455072092925 0 0 0 0 0 0 0 0 0 0 0 0 0 0 0 0 0 0 0 0 0 0 0 0 0 0 0 0 0 0 0 0 0 0 0 0 0 0 1 0 0 0 0 0 0 0 0 0 0 0 0 0 0 0 0 0 0 0 0 0 0 0 0 0 0 0 0 0 0 0 0 0 0 0 0]
[3991914974130300580312631240735878465497462559428544731371327549647813864223736362446887789199323294437641680068893698062411865640849130492700747674788744400246259565837513237743897324752975311234957703361670783120251248736870079 0 0 0 0 0 0 0 0 0 0 0 0 0 0 0 0 0 0 0 0 0 0 0 0 0 0 0 0 0 0 0 0 0 0 0 0 0 0 0 1 0 0 0 0 0 0 0 0 0 0 0 0 0 0 0 0 0 0 0 0 0 0 0 0 0 0 0 0 0 0 0 0 0 0 0]
[4079869108463684410716466360749554967772207315838735041177557717924876842423816653934325414482875855362519942913814647298808024745529135985801846454793160687333036842424169243771447127926268599346886235938040351897453432913279434 0 0 0 0 0 0 0 0 0 0 0 0 0 0 0 0 0 0 0 0 0 0 0 0 0 0 0 0 0 0 0 0 0 0 0 0 0 0 0 0 1 0 0 0 0 0 0 0 0 0 0 0 0 0 0 0 0 0 0 0 0 0 0 0 0 0 0 0 0 0 0 0 0 0 0]
[2231664298906178415927275772284406209189773937406468862582992309245167701984440268069871392122359505691636169480957824534340160516324883024834785799084247367351105301726752925775479786335565336466611052761910370321016118899924113 0 0 0 0 0 0 0 0 0 0 0 0 0 0 0 0 0 0 0 0 0 0 0 0 0 0 0 0 0 0 0 0 0 0 0 0 0 0 0 0 0 1 0 0 0 0 0 0 0 0 0 0 0 0 0 0 0 0 0 0 0 0 0 0 0 0 0 0 0 0 0 0 0 0 0]
[589952097429052331867731926959692986020024281833046967005423046163220188331441954329522254902963329590739565218020853577904006226576661913821703336983738519289792423993048485772068539113763975267392544736117112423716697674306258 0 0 0 0 0 0 0 0 0 0 0 0 0 0 0 0 0 0 0 0 0 0 0 0 0 0 0 0 0 0 0 0 0 0 0 0 0 0 0 0 0 0 1 0 0 0 0 0 0 0 0 0 0 0 0 0 0 0 0 0 0 0 0 0 0 0 0 0 0 0 0 0 0 0 0]
[1611604370855403944252932640906981266475624828583018095246853599125043579178988995559893720453112350573893063488529802650536067314896922332987160494169239161982462275965545779762405280859886992844186632621479385641534933976770449 0 0 0 0 0 0 0 0 0 0 0 0 0 0 0 0 0 0 0 0 0 0 0 0 0 0 0 0 0 0 0 0 0 0 0 0 0 0 0 0 0 0 0 1 0 0 0 0 0 0 0 0 0 0 0 0 0 0 0 0 0 0 0 0 0 0 0 0 0 0 0 0 0 0 0]
[593314004117692169204588324037029603637960117879498737776559430775334000192697050238247702137594275816686565660323484479725781550420884670238520691348015044557769714381579822284336473838231114258625085152300946661762047424359368 0 0 0 0 0 0 0 0 0 0 0 0 0 0 0 0 0 0 0 0 0 0 0 0 0 0 0 0 0 0 0 0 0 0 0 0 0 0 0 0 0 0 0 0 1 0 0 0 0 0 0 0 0 0 0 0 0 0 0 0 0 0 0 0 0 0 0 0 0 0 0 0 0 0 0]
[3196973455322947701332578376729681363417758361060880633016170733267857480260817565382759266624838704739603756528995875030952991316803380952429471561656202872691902186541897611872745400051738852666085163187519047217710830144960907 0 0 0 0 0 0 0 0 0 0 0 0 0 0 0 0 0 0 0 0 0 0 0 0 0 0 0 0 0 0 0 0 0 0 0 0 0 0 0 0 0 0 0 0 0 1 0 0 0 0 0 0 0 0 0 0 0 0 0 0 0 0 0 0 0 0 0 0 0 0 0 0 0 0 0]
[2650505803829302822406006619450649778954250849170087759506078643984340424699481112276871062578592264666879332551484731253649186827132895670510521605757934328493991752145398655482036418368358514221295484620210975114048347821041769 0 0 0 0 0 0 0 0 0 0 0 0 0 0 0 0 0 0 0 0 0 0 0 0 0 0 0 0 0 0 0 0 0 0 0 0 0 0 0 0 0 0 0 0 0 0 1 0 0 0 0 0 0 0 0 0 0 0 0 0 0 0 0 0 0 0 0 0 0 0 0 0 0 0 0]
[1769234598832878992536969310431595739535726305453950829496421550784626341451426661326396311208035984738619290925330284465358757906858620035235368723857474824136842286014098270301316128911451127030794667912732033673366203956402145 0 0 0 0 0 0 0 0 0 0 0 0 0 0 0 0 0 0 0 0 0 0 0 0 0 0 0 0 0 0 0 0 0 0 0 0 0 0 0 0 0 0 0 0 0 0 0 1 0 0 0 0 0 0 0 0 0 0 0 0 0 0 0 0 0 0 0 0 0 0 0 0 0 0 0]
[1644994308568184974273694530531068753825268942274022621332435383902396107182361002374271099186846448171564784564475709807327696137209010309599831951004707407564026377256351130808275923207140751225141670136412847456168070268908158 0 0 0 0 0 0 0 0 0 0 0 0 0 0 0 0 0 0 0 0 0 0 0 0 0 0 0 0 0 0 0 0 0 0 0 0 0 0 0 0 0 0 0 0 0 0 0 0 1 0 0 0 0 0 0 0 0 0 0 0 0 0 0 0 0 0 0 0 0 0 0 0 0 0 0]
[3680178483891271009752008299658557761329293942884387313842089265755589915128239952172950820994186223201477549727114191780437218983437485037124853497613609390904125358428523228297618477652493754630306888094560857502773229445685342 0 0 0 0 0 0 0 0 0 0 0 0 0 0 0 0 0 0 0 0 0 0 0 0 0 0 0 0 0 0 0 0 0 0 0 0 0 0 0 0 0 0 0 0 0 0 0 0 0 1 0 0 0 0 0 0 0 0 0 0 0 0 0 0 0 0 0 0 0 0 0 0 0 0 0]
[552244023511775857809716643477120114787560872239413472777912879344543983444384624582946894775197513136976564921503507755934026589353825161107279802792249295846148105264036285835550331016282208119310958904174828383905789600581694 0 0 0 0 0 0 0 0 0 0 0 0 0 0 0 0 0 0 0 0 0 0 0 0 0 0 0 0 0 0 0 0 0 0 0 0 0 0 0 0 0 0 0 0 0 0 0 0 0 0 1 0 0 0 0 0 0 0 0 0 0 0 0 0 0 0 0 0 0 0 0 0 0 0 0]
[542382646980240111552628478912840360839462900387716122631568349605465394450484836970359680523222665775598178125336545962662889434043995609996901693381012704998936707956679401985431645742578450935600629776677266650992212916785230 0 0 0 0 0 0 0 0 0 0 0 0 0 0 0 0 0 0 0 0 0 0 0 0 0 0 0 0 0 0 0 0 0 0 0 0 0 0 0 0 0 0 0 0 0 0 0 0 0 0 0 1 0 0 0 0 0 0 0 0 0 0 0 0 0 0 0 0 0 0 0 0 0 0 0]
[1383270573932152525433063576359546561509326616111311210357855316040057918754298096392281164434280189848738211063509403669871775512300813214771766978803700634520427638072857449344163218028325668646124066704892832998747123587698129 0 0 0 0 0 0 0 0 0 0 0 0 0 0 0 0 0 0 0 0 0 0 0 0 0 0 0 0 0 0 0 0 0 0 0 0 0 0 0 0 0 0 0 0 0 0 0 0 0 0 0 0 1 0 0 0 0 0 0 0 0 0 0 0 0 0 0 0 0 0 0 0 0 0 0]
[71389566672080653659564463447846536216720350031533970359916172280217187339784179299586042212270967083674420803374176499011341051556590430282968204264420815782803149279184624523686341626686101417731609629245150640787770690688118 0 0 0 0 0 0 0 0 0 0 0 0 0 0 0 0 0 0 0 0 0 0 0 0 0 0 0 0 0 0 0 0 0 0 0 0 0 0 0 0 0 0 0 0 0 0 0 0 0 0 0 0 0 1 0 0 0 0 0 0 0 0 0 0 0 0 0 0 0 0 0 0 0 0 0]
[517058222298647631376256416119299765462623775778344718594934938499741532586396250948527381228111349362513569216990979032438411618775499285113601888516080515069145320231746258795560110879654976588281296061760121665406648147668876 0 0 0 0 0 0 0 0 0 0 0 0 0 0 0 0 0 0 0 0 0 0 0 0 0 0 0 0 0 0 0 0 0 0 0 0 0 0 0 0 0 0 0 0 0 0 0 0 0 0 0 0 0 0 1 0 0 0 0 0 0 0 0 0 0 0 0 0 0 0 0 0 0 0 0]
[3700995099687413959476456822453222350556651606658774052804299679040464440465440002258790565177576300961029780828456465906336781912804977675905143332295175789001672375641071396773480440152697943564194420824567045772039331899942034 0 0 0 0 0 0 0 0 0 0 0 0 0 0 0 0 0 0 0 0 0 0 0 0 0 0 0 0 0 0 0 0 0 0 0 0 0 0 0 0 0 0 0 0 0 0 0 0 0 0 0 0 0 0 0 1 0 0 0 0 0 0 0 0 0 0 0 0 0 0 0 0 0 0 0]
[2753168444622284897286949583471730191717374785019486196956185295538516541531178687960943814156233056089894498825577985252792403318948494889827759004028070782957813465068682547224920973349353966448415613000123370264466534974876182 0 0 0 0 0 0 0 0 0 0 0 0 0 0 0 0 0 0 0 0 0 0 0 0 0 0 0 0 0 0 0 0 0 0 0 0 0 0 0 0 0 0 0 0 0 0 0 0 0 0 0 0 0 0 0 0 1 0 0 0 0 0 0 0 0 0 0 0 0 0 0 0 0 0 0]
[4402858998872685213084159063155621097047071497561842129793007800113482960603662952637734519629552152260505243133787832449708035484608940157776478866174308188381861895487418624352902732865256475871761527802426245148367590263291236 0 0 0 0 0 0 0 0 0 0 0 0 0 0 0 0 0 0 0 0 0 0 0 0 0 0 0 0 0 0 0 0 0 0 0 0 0 0 0 0 0 0 0 0 0 0 0 0 0 0 0 0 0 0 0 0 0 1 0 0 0 0 0 0 0 0 0 0 0 0 0 0 0 0 0]
[4300358311774263761698432357835884193442850227586822054525469975605936022123056994195726067822350083316037243635560093664955442151729156522176491066528037402224855975009846586417954837880139522799854538761433863529868762645886667 0 0 0 0 0 0 0 0 0 0 0 0 0 0 0 0 0 0 0 0 0 0 0 0 0 0 0 0 0 0 0 0 0 0 0 0 0 0 0 0 0 0 0 0 0 0 0 0 0 0 0 0 0 0 0 0 0 0 1 0 0 0 0 0 0 0 0 0 0 0 0 0 0 0 0]
[2456791536621301628222300887412121753265477007132773314318899207908021092941138862587369550216010831869339498345914617770248644428144154392379861497524451891656443827055554576884967088172310763475253322657457912297277638689777542 0 0 0 0 0 0 0 0 0 0 0 0 0 0 0 0 0 0 0 0 0 0 0 0 0 0 0 0 0 0 0 0 0 0 0 0 0 0 0 0 0 0 0 0 0 0 0 0 0 0 0 0 0 0 0 0 0 0 0 1 0 0 0 0 0 0 0 0 0 0 0 0 0 0 0]
[3281003148299201742033985272501910756701049423240276133398893204653978369090866640307830528929717804413372858853605547202709701907363141445080903832784143876827668641014142630219106464047724071312922964496785260860568332274993405 0 0 0 0 0 0 0 0 0 0 0 0 0 0 0 0 0 0 0 0 0 0 0 0 0 0 0 0 0 0 0 0 0 0 0 0 0 0 0 0 0 0 0 0 0 0 0 0 0 0 0 0 0 0 0 0 0 0 0 0 1 0 0 0 0 0 0 0 0 0 0 0 0 0 0]
[3440281559701968011758286617086085533311558553145949382829268592875086256143942511288947979506768958431812863167981488831218546736604084024673937249120115883444789104320281553664805328203632221736077364316439690871265632039578421 0 0 0 0 0 0 0 0 0 0 0 0 0 0 0 0 0 0 0 0 0 0 0 0 0 0 0 0 0 0 0 0 0 0 0 0 0 0 0 0 0 0 0 0 0 0 0 0 0 0 0 0 0 0 0 0 0 0 0 0 0 1 0 0 0 0 0 0 0 0 0 0 0 0 0]
[2654096534068039867623496591286058097466523808370278676427063256865063194981864210765427097338661671365119785918911567955490989455723270121945449107987815509904128624638057242157745409621325019918783712875297355340545111953075842 0 0 0 0 0 0 0 0 0 0 0 0 0 0 0 0 0 0 0 0 0 0 0 0 0 0 0 0 0 0 0 0 0 0 0 0 0 0 0 0 0 0 0 0 0 0 0 0 0 0 0 0 0 0 0 0 0 0 0 0 0 0 1 0 0 0 0 0 0 0 0 0 0 0 0]
[938950835429000414612335058176031860750118995117228129760558187537230934753398973349778799960179489822223708097989395423935044466195020803807848432366844588657013477226880944502818544242103201113914986299097714322964101434258474 0 0 0 0 0 0 0 0 0 0 0 0 0 0 0 0 0 0 0 0 0 0 0 0 0 0 0 0 0 0 0 0 0 0 0 0 0 0 0 0 0 0 0 0 0 0 0 0 0 0 0 0 0 0 0 0 0 0 0 0 0 0 0 1 0 0 0 0 0 0 0 0 0 0 0]
[1824134356316979239121375577758058464037127153101890626706524300689289439633682897181942555743778492869462040010428258122156994383192855600640604524604436786291083233403109161663896167547574734834937257734440474608945214777217463 0 0 0 0 0 0 0 0 0 0 0 0 0 0 0 0 0 0 0 0 0 0 0 0 0 0 0 0 0 0 0 0 0 0 0 0 0 0 0 0 0 0 0 0 0 0 0 0 0 0 0 0 0 0 0 0 0 0 0 0 0 0 0 0 1 0 0 0 0 0 0 0 0 0 0]
[1775773398164229442282840138257843540862366380014568184871566206301995791084278147369413847966638998100339639489189485545470764888761125076826925252738477957579003507371668527030757857978968258055292127372025420325796062023369643 0 0 0 0 0 0 0 0 0 0 0 0 0 0 0 0 0 0 0 0 0 0 0 0 0 0 0 0 0 0 0 0 0 0 0 0 0 0 0 0 0 0 0 0 0 0 0 0 0 0 0 0 0 0 0 0 0 0 0 0 0 0 0 0 0 1 0 0 0 0 0 0 0 0 0]
[1330994357082055756347011673006863230647137830202637134787691663330252204206297605420913613229246885559390689796701857576703064261671207351680215912054451912801844127484112133112695640697513274488859868237410452230695559910805993 0 0 0 0 0 0 0 0 0 0 0 0 0 0 0 0 0 0 0 0 0 0 0 0 0 0 0 0 0 0 0 0 0 0 0 0 0 0 0 0 0 0 0 0 0 0 0 0 0 0 0 0 0 0 0 0 0 0 0 0 0 0 0 0 0 0 1 0 0 0 0 0 0 0 0]
[847428393959527379601216558429129456847261370624253121801636892005192653659863228986066774517440063866663901929418617619526313306666558491311082369440781922799827362029223776828201761603348982801260648959514351746634477085080765 0 0 0 0 0 0 0 0 0 0 0 0 0 0 0 0 0 0 0 0 0 0 0 0 0 0 0 0 0 0 0 0 0 0 0 0 0 0 0 0 0 0 0 0 0 0 0 0 0 0 0 0 0 0 0 0 0 0 0 0 0 0 0 0 0 0 0 1 0 0 0 0 0 0 0]
[2016166056020065274164555021158105756344864336018248260304327180558608894193809464760388882747252769818392870577352068241109299689014689365011093229825351720569583346882811188742653205547743423014686363873238708635408752208939520 0 0 0 0 0 0 0 0 0 0 0 0 0 0 0 0 0 0 0 0 0 0 0 0 0 0 0 0 0 0 0 0 0 0 0 0 0 0 0 0 0 0 0 0 0 0 0 0 0 0 0 0 0 0 0 0 0 0 0 0 0 0 0 0 0 0 0 0 1 0 0 0 0 0 0]
[869620983286694602443072063763100023812147965814571919577005089102345683702763806580608518817046939508029525095863958940002249997746858561744463124962485456297907441615523725405204703353889071143140841965388121891685480138092779 0 0 0 0 0 0 0 0 0 0 0 0 0 0 0 0 0 0 0 0 0 0 0 0 0 0 0 0 0 0 0 0 0 0 0 0 0 0 0 0 0 0 0 0 0 0 0 0 0 0 0 0 0 0 0 0 0 0 0 0 0 0 0 0 0 0 0 0 0 1 0 0 0 0 0]
[3966944218766393363229640829388992289812141538262380162103543100231492264150130189133665142807985754484545714463186188127580949680926503791157997168291831996914712343846363816386003025571867326083836457412120440446095719715070486 0 0 0 0 0 0 0 0 0 0 0 0 0 0 0 0 0 0 0 0 0 0 0 0 0 0 0 0 0 0 0 0 0 0 0 0 0 0 0 0 0 0 0 0 0 0 0 0 0 0 0 0 0 0 0 0 0 0 0 0 0 0 0 0 0 0 0 0 0 0 1 0 0 0 0]
[1184560194632883921227360203436209243622365083095736875219290796993058355797803158295647981902216114813195158441451631132777482332926370474223207494846874037295190864519462009734524716890531800359714528514601658113922006483412131 0 0 0 0 0 0 0 0 0 0 0 0 0 0 0 0 0 0 0 0 0 0 0 0 0 0 0 0 0 0 0 0 0 0 0 0 0 0 0 0 0 0 0 0 0 0 0 0 0 0 0 0 0 0 0 0 0 0 0 0 0 0 0 0 0 0 0 0 0 0 0 1 0 0 0]
[1501508337663387677335189457653481557765854950276172641115661869250835524631324786608703655987240235062690919518068054234319795354746117117856360272809377263420024600124979238600254563346772023955664834400462940400339037477391192 0 0 0 0 0 0 0 0 0 0 0 0 0 0 0 0 0 0 0 0 0 0 0 0 0 0 0 0 0 0 0 0 0 0 0 0 0 0 0 0 0 0 0 0 0 0 0 0 0 0 0 0 0 0 0 0 0 0 0 0 0 0 0 0 0 0 0 0 0 0 0 0 1 0 0]
[4317353353936996712105595282855452625295039853197381510232719764846586695514546524777190358397728850993083546890607971401222240415219463062787671234647189374389189493285199172327295915943346902259308037399667960208487949077765168 0 0 0 0 0 0 0 0 0 0 0 0 0 0 0 0 0 0 0 0 0 0 0 0 0 0 0 0 0 0 0 0 0 0 0 0 0 0 0 0 0 0 0 0 0 0 0 0 0 0 0 0 0 0 0 0 0 0 0 0 0 0 0 0 0 0 0 0 0 0 0 0 0 1 0]
[2604764915214961900703743755578565186040495770290285527808203965030279092344660556916123113450483043738401508194306502090568430452626183605828659326743455119545833538205145313824012422484094721867029451184970206381962604793276395 0 0 0 0 0 0 0 0 0 0 0 0 0 0 0 0 0 0 0 0 0 0 0 0 0 0 0 0 0 0 0 0 0 0 0 0 0 0 0 0 0 0 0 0 0 0 0 0 0 0 0 0 0 0 0 0 0 0 0 0 0 0 0 0 0 0 0 0 0 0 0 0 0 0 1]
]
