[[989361241254072536550977809540256160039492637533419 0 0 0 0 0 0 0 0 0 0 0 0 0 0 0 0]
[811318787293778835846306244607329894767578810970788 1 0 0 0 0 0 0 0 0 0 0 0 0 0 0 0]
[148369931934250249787620550213381341224863676863572 0 1 0 0 0 0 0 0 0 0 0 0 0 0 0 0]
[511410024959633756583928312064841449850941721689672 0 0 1 0 0 0 0 0 0 0 0 0 0 0 0 0]
[333012618853261623635321124224408910196068785031375 0 0 0 1 0 0 0 0 0 0 0 0 0 0 0 0]
[184746665203057429719188891881558476412834111994054 0 0 0 0 1 0 0 0 0 0 0 0 0 0 0 0]
[739795741075803253621549149814399810958659409646457 0 0 0 0 0 1 0 0 0 0 0 0 0 0 0 0]
[970556979277925387423291675771515310445077530639857 0 0 0 0 0 0 1 0 0 0 0 0 0 0 0 0]
[632387386808180872898473360181551882708792916714401 0 0 0 0 0 0 0 1 0 0 0 0 0 0 0 0]
[988455686260037175550489815628064462161731479767927 0 0 0 0 0 0 0 0 1 0 0 0 0 0 0 0]
[488496711218061781364178939128884868574696972400144 0 0 0 0 0 0 0 0 0 1 0 0 0 0 0 0]
[553528817144084844945926705565656241067362457372220 0 0 0 0 0 0 0 0 0 0 1 0 0 0 0 0]
[5810569039574230527885635095110161188423502037105 0 0 0 0 0 0 0 0 0 0 0 1 0 0 0 0]
[214645542868604287211154308728827486569586838282559 0 0 0 0 0 0 0 0 0 0 0 0 1 0 0 0]
[594002177522085234439511379448394648226038507197532 0 0 0 0 0 0 0 0 0 0 0 0 0 1 0 0]
[573451019814654559202379207901720036587911735261766 0 0 0 0 0 0 0 0 0 0 0 0 0 0 1 0]
[682161103120676277170602002825998222875191905674662 0 0 0 0 0 0 0 0 0 0 0 0 0 0 0 1]
]
