[[1249637185703744102326610890994596108096364956814569 0 0 0 0 0 0 0 0 0 0 0 0 0 0 0 0]
[144502542267101506242701386333185944388354438752311 1 0 0 0 0 0 0 0 0 0 0 0 0 0 0 0]
[321074498187687073539686838512556840343316457596712 0 1 0 0 0 0 0 0 0 0 0 0 0 0 0 0]
[599990971348599594431354028073275100380864155443105 0 0 1 0 0 0 0 0 0 0 0 0 0 0 0 0]
[343503317541807207317474009405429528444123623286647 0 0 0 1 0 0 0 0 0 0 0 0 0 0 0 0]
[1198376462892083652711977051806507937190928135626856 0 0 0 0 1 0 0 0 0 0 0 0 0 0 0 0]
[597258499189167892558035476325196921764861275446611 0 0 0 0 0 1 0 0 0 0 0 0 0 0 0 0]
[840755695851439522294821667419704440955015144100843 0 0 0 0 0 0 1 0 0 0 0 0 0 0 0 0]
[735976527479821408116039794977758594581807530619368 0 0 0 0 0 0 0 1 0 0 0 0 0 0 0 0]
[727139488096102344994809466911523022647695714602254 0 0 0 0 0 0 0 0 1 0 0 0 0 0 0 0]
[697011869257187611596417247084171647190575473117049 0 0 0 0 0 0 0 0 0 1 0 0 0 0 0 0]
[701871386272617841119027355535224669966071623543985 0 0 0 0 0 0 0 0 0 0 1 0 0 0 0 0]
[276755990881539132427429989137610539955171086041224 0 0 0 0 0 0 0 0 0 0 0 1 0 0 0 0]
[1105252896294755691214240092600506543950801682695589 0 0 0 0 0 0 0 0 0 0 0 0 1 0 0 0]
[1196616843497760844814628435486018137282342487301900 0 0 0 0 0 0 0 0 0 0 0 0 0 1 0 0]
[209050563546712854357879220228351953210358965866947 0 0 0 0 0 0 0 0 0 0 0 0 0 0 1 0]
[1242920941858984496565987035034831084085541372231293 0 0 0 0 0 0 0 0 0 0 0 0 0 0 0 1]
]
