[[11714718778395704303191362783624782925924121021370415135028761991675875939677729373831015701763001183147845221385974008346862985841442349710668913708885163652883505433793683551750634246064786465431075617699222973241888710773669219421527230014017251687583702749023783950057210370467294043908797034084742989844575232547333996141431732755526746452454604839 0 0 0 0 0 0 0 0 0 0 0 0 0 0 0 0 0 0 0 0 0 0 0 0 0 0 0 0 0 0 0 0 0 0 0 0 0 0 0 0 0 0 0 0 0 0 0 0 0 0 0 0 0 0 0 0 0 0 0 0 0 0 0 0 0 0 0 0 0 0 0 0 0 0 0 0 0 0 0 0 0 0 0 0 0 0 0 0 0 0 0 0 0 0 0 0 0 0 0 0 0 0 0 0 0 0 0 0 0 0 0 0 0 0 0 0]
[126274308626351230327796442150529722215651910171311923156636737347668107228099911732163327281534343905547898423123511504728379500644977968890534129550664763088103376776730708976356620118315619631220153475038937459183475373783414512920122160522576115982535688299014159984318821856832267524636342775377139992745862836504777222027750050695361562916413426 1 0 0 0 0 0 0 0 0 0 0 0 0 0 0 0 0 0 0 0 0 0 0 0 0 0 0 0 0 0 0 0 0 0 0 0 0 0 0 0 0 0 0 0 0 0 0 0 0 0 0 0 0 0 0 0 0 0 0 0 0 0 0 0 0 0 0 0 0 0 0 0 0 0 0 0 0 0 0 0 0 0 0 0 0 0 0 0 0 0 0 0 0 0 0 0 0 0 0 0 0 0 0 0 0 0 0 0 0 0 0 0 0 0 0 0]
[4757391568916643595605505012643682680507277352384317761765262587762409512358880990036703252762926171868492356452669236398604597632504150981819428168089025661959377632574425214457550630362729932502521640033253815895910908565743466376873105340543961009428211849251753895818574489495436371693193991009608929109605680882464233569295003850295030502178633907 0 1 0 0 0 0 0 0 0 0 0 0 0 0 0 0 0 0 0 0 0 0 0 0 0 0 0 0 0 0 0 0 0 0 0 0 0 0 0 0 0 0 0 0 0 0 0 0 0 0 0 0 0 0 0 0 0 0 0 0 0 0 0 0 0 0 0 0 0 0 0 0 0 0 0 0 0 0 0 0 0 0 0 0 0 0 0 0 0 0 0 0 0 0 0 0 0 0 0 0 0 0 0 0 0 0 0 0 0 0 0 0 0 0 0 0]
[10970217578311261390361965230051911032969072540029583910981756483887322077264681231295636503712288889768223457106367658087618273843283845163959772868931960866660213417080557183555422425577970109029606146696547353091976756304838346441809119627303743751324660918111256920262882631621071962957126846303680306599011493149354702720005490957917794959244355223 0 0 1 0 0 0 0 0 0 0 0 0 0 0 0 0 0 0 0 0 0 0 0 0 0 0 0 0 0 0 0 0 0 0 0 0 0 0 0 0 0 0 0 0 0 0 0 0 0 0 0 0 0 0 0 0 0 0 0 0 0 0 0 0 0 0 0 0 0 0 0 0 0 0 0 0 0 0 0 0 0 0 0 0 0 0 0 0 0 0 0 0 0 0 0 0 0 0 0 0 0 0 0 0 0 0 0 0 0 0 0 0 0 0 0 0]
[2699956484733281647739060735441455187015823279203043856735043848204642970825277303606900010516814482576767027262696741903700109164051348475314865976546163655276713527809518125895861020289578533515032872298448480770677121664487884761419881896517915669221611676785441291855127122243056835701933634232294410957875534194029831732620040969276715418963934565 0 0 0 1 0 0 0 0 0 0 0 0 0 0 0 0 0 0 0 0 0 0 0 0 0 0 0 0 0 0 0 0 0 0 0 0 0 0 0 0 0 0 0 0 0 0 0 0 0 0 0 0 0 0 0 0 0 0 0 0 0 0 0 0 0 0 0 0 0 0 0 0 0 0 0 0 0 0 0 0 0 0 0 0 0 0 0 0 0 0 0 0 0 0 0 0 0 0 0 0 0 0 0 0 0 0 0 0 0 0 0 0 0 0 0 0]
[208599326590203467981405249763210605293553370774308000365685581722746746026618242660794481693952728930523614029116525177261354309732708275460922334561787958085907800513193656422623765463255981373700099360399315262864585495475711935131811541946616052982598034334257607618190366581756765030817125356372338485173071513169022279675758752601212573851157155 0 0 0 0 1 0 0 0 0 0 0 0 0 0 0 0 0 0 0 0 0 0 0 0 0 0 0 0 0 0 0 0 0 0 0 0 0 0 0 0 0 0 0 0 0 0 0 0 0 0 0 0 0 0 0 0 0 0 0 0 0 0 0 0 0 0 0 0 0 0 0 0 0 0 0 0 0 0 0 0 0 0 0 0 0 0 0 0 0 0 0 0 0 0 0 0 0 0 0 0 0 0 0 0 0 0 0 0 0 0 0 0 0 0 0 0]
[2786509785178420442243500657903481469078068200410085469628262628133521282094184558095535735679064554004274091735646485556804949199064564161480341688897094288137981441565622480111750789874682110559037186026087887927284493831713192352562508223530579000048174686809857240601520962702810265836334313528904584229788999699839242229633479024350219710372320066 0 0 0 0 0 1 0 0 0 0 0 0 0 0 0 0 0 0 0 0 0 0 0 0 0 0 0 0 0 0 0 0 0 0 0 0 0 0 0 0 0 0 0 0 0 0 0 0 0 0 0 0 0 0 0 0 0 0 0 0 0 0 0 0 0 0 0 0 0 0 0 0 0 0 0 0 0 0 0 0 0 0 0 0 0 0 0 0 0 0 0 0 0 0 0 0 0 0 0 0 0 0 0 0 0 0 0 0 0 0 0 0 0 0 0 0]
[3049917161835305570301631479399140737676828173616063631770808762747488507665676825805090766006254994091278471255423352176121531620019209322554224431057210010385594052169351663216149619560749273288270740893694326150046246977867834626233766755796230816116578685003005636847133007253624931472754807694502457211985633143006211904598830150330524973625987245 0 0 0 0 0 0 1 0 0 0 0 0 0 0 0 0 0 0 0 0 0 0 0 0 0 0 0 0 0 0 0 0 0 0 0 0 0 0 0 0 0 0 0 0 0 0 0 0 0 0 0 0 0 0 0 0 0 0 0 0 0 0 0 0 0 0 0 0 0 0 0 0 0 0 0 0 0 0 0 0 0 0 0 0 0 0 0 0 0 0 0 0 0 0 0 0 0 0 0 0 0 0 0 0 0 0 0 0 0 0 0 0 0 0 0 0]
[4900063296281461858943505164715164644857645943253770901150005091799420291552722262304469003575139973038016183712463555021495722172330968842468772431106574675368824200974612252637778453124376412528423364515540701791871895119317291336565695709401600062714530159055473849115091579779669781523465510521133423728120888096045054055283268095936169964257565138 0 0 0 0 0 0 0 1 0 0 0 0 0 0 0 0 0 0 0 0 0 0 0 0 0 0 0 0 0 0 0 0 0 0 0 0 0 0 0 0 0 0 0 0 0 0 0 0 0 0 0 0 0 0 0 0 0 0 0 0 0 0 0 0 0 0 0 0 0 0 0 0 0 0 0 0 0 0 0 0 0 0 0 0 0 0 0 0 0 0 0 0 0 0 0 0 0 0 0 0 0 0 0 0 0 0 0 0 0 0 0 0 0 0 0 0]
[11480143533785704292949823058931764037514372541428683101003491755870645485485204990028173558066509731470768134282522164455599218934597229618779738416878338184400419294134723982986925784265052612237979816914382328901891549819895541330005047943669795266913174938195945086035059682326472263923779514281346204244423439120226864692575641529801278853218871375 0 0 0 0 0 0 0 0 1 0 0 0 0 0 0 0 0 0 0 0 0 0 0 0 0 0 0 0 0 0 0 0 0 0 0 0 0 0 0 0 0 0 0 0 0 0 0 0 0 0 0 0 0 0 0 0 0 0 0 0 0 0 0 0 0 0 0 0 0 0 0 0 0 0 0 0 0 0 0 0 0 0 0 0 0 0 0 0 0 0 0 0 0 0 0 0 0 0 0 0 0 0 0 0 0 0 0 0 0 0 0 0 0 0 0 0]
[4801062241669703821597778299895304202626730297610604467752245373736499363317760675086338840361065280228099579853789430090515665562548058718522515575361574679013423903552499953544556980420826824318131810348187786346955027615109477868287898646300595888825315401944712345777893953978046491098541777584978087219846337113276127876670709339519167502725012068 0 0 0 0 0 0 0 0 0 1 0 0 0 0 0 0 0 0 0 0 0 0 0 0 0 0 0 0 0 0 0 0 0 0 0 0 0 0 0 0 0 0 0 0 0 0 0 0 0 0 0 0 0 0 0 0 0 0 0 0 0 0 0 0 0 0 0 0 0 0 0 0 0 0 0 0 0 0 0 0 0 0 0 0 0 0 0 0 0 0 0 0 0 0 0 0 0 0 0 0 0 0 0 0 0 0 0 0 0 0 0 0 0 0 0 0]
[5747670396214785974476524213273302103895100341353022150562946394833522160470863212914269535527304947046789316293771012822211260998207859743730052457884921826278365294798795802768267981197187169114658858935723150946001140161472070844399086252298311992206596377274582274606044820088857749653525295155407161174359612840763917770691859030275422013795706923 0 0 0 0 0 0 0 0 0 0 1 0 0 0 0 0 0 0 0 0 0 0 0 0 0 0 0 0 0 0 0 0 0 0 0 0 0 0 0 0 0 0 0 0 0 0 0 0 0 0 0 0 0 0 0 0 0 0 0 0 0 0 0 0 0 0 0 0 0 0 0 0 0 0 0 0 0 0 0 0 0 0 0 0 0 0 0 0 0 0 0 0 0 0 0 0 0 0 0 0 0 0 0 0 0 0 0 0 0 0 0 0 0 0 0 0]
[4422258229781799982788682449682814438799622185386027877157467104078372670882952202034557055005261197063780667356450377802291614612729525327865878337881396484977265969939876978458710587823413586713280715201773640157641817868536246683984543195527816530269538910325581852379399004757304751045705695353336346985282004285071138856749406504859116301664825620 0 0 0 0 0 0 0 0 0 0 0 1 0 0 0 0 0 0 0 0 0 0 0 0 0 0 0 0 0 0 0 0 0 0 0 0 0 0 0 0 0 0 0 0 0 0 0 0 0 0 0 0 0 0 0 0 0 0 0 0 0 0 0 0 0 0 0 0 0 0 0 0 0 0 0 0 0 0 0 0 0 0 0 0 0 0 0 0 0 0 0 0 0 0 0 0 0 0 0 0 0 0 0 0 0 0 0 0 0 0 0 0 0 0 0 0]
[3725961109260123882745017738973500881620397091188194460841182692665130133433689553644183437356005238369301632990541366837235480658304589698628054060107445009208412943210942868971025629728590307808085095930985410385701805596415488483120189228400253751783718180248854858910290605552886083182378067211002181956118142404013855661332555121747811196226297438 0 0 0 0 0 0 0 0 0 0 0 0 1 0 0 0 0 0 0 0 0 0 0 0 0 0 0 0 0 0 0 0 0 0 0 0 0 0 0 0 0 0 0 0 0 0 0 0 0 0 0 0 0 0 0 0 0 0 0 0 0 0 0 0 0 0 0 0 0 0 0 0 0 0 0 0 0 0 0 0 0 0 0 0 0 0 0 0 0 0 0 0 0 0 0 0 0 0 0 0 0 0 0 0 0 0 0 0 0 0 0 0 0 0 0 0]
[4217264287065526368129092051637126178872699010379154767180625171012473783089407359181296661781871562769173755621831625888316109701793580545901967118701684787377479170456887410450232919389694984833085621437388387828190454590352755714625843206485539916394416786827321786667561418532929223473230953613034704823877347440736705562623201456494661962464124257 0 0 0 0 0 0 0 0 0 0 0 0 0 1 0 0 0 0 0 0 0 0 0 0 0 0 0 0 0 0 0 0 0 0 0 0 0 0 0 0 0 0 0 0 0 0 0 0 0 0 0 0 0 0 0 0 0 0 0 0 0 0 0 0 0 0 0 0 0 0 0 0 0 0 0 0 0 0 0 0 0 0 0 0 0 0 0 0 0 0 0 0 0 0 0 0 0 0 0 0 0 0 0 0 0 0 0 0 0 0 0 0 0 0 0 0]
[7751457644933587082600240923506773629838037558836464511868834908989593024013597045005601504872419733202864955199076191992607829777841927893626973258781400688494624650595185322801290191760564689487635245860546563077502166260258870442276770364060963727909367334027258804731095858996123633487065378969246606310392978338526060680518619615225772007103079944 0 0 0 0 0 0 0 0 0 0 0 0 0 0 1 0 0 0 0 0 0 0 0 0 0 0 0 0 0 0 0 0 0 0 0 0 0 0 0 0 0 0 0 0 0 0 0 0 0 0 0 0 0 0 0 0 0 0 0 0 0 0 0 0 0 0 0 0 0 0 0 0 0 0 0 0 0 0 0 0 0 0 0 0 0 0 0 0 0 0 0 0 0 0 0 0 0 0 0 0 0 0 0 0 0 0 0 0 0 0 0 0 0 0 0 0]
[7208297060026489394766378653823159077830639146254378890535660605525366857401063335386255006486967352422774600851706417258017443551030578271387421349752763253566574816592226788536959768760746790770748226773765300958380423199890211031033000157492341742751949241679044677805251066767900440612688993172035106481006547687493542585809430895547531301125117919 0 0 0 0 0 0 0 0 0 0 0 0 0 0 0 1 0 0 0 0 0 0 0 0 0 0 0 0 0 0 0 0 0 0 0 0 0 0 0 0 0 0 0 0 0 0 0 0 0 0 0 0 0 0 0 0 0 0 0 0 0 0 0 0 0 0 0 0 0 0 0 0 0 0 0 0 0 0 0 0 0 0 0 0 0 0 0 0 0 0 0 0 0 0 0 0 0 0 0 0 0 0 0 0 0 0 0 0 0 0 0 0 0 0 0 0]
[4439146291672305334661151065370427234375217913196000277378498711629978143893999780249947804544720920762258723062513478719778533120674370358350863058092577826910942336690937633180154026962193713880209952916535025955602176562197320813057865447020929646058184902936281910350940100530075610470599443727716466960037351152697220669032211317510275287630268685 0 0 0 0 0 0 0 0 0 0 0 0 0 0 0 0 1 0 0 0 0 0 0 0 0 0 0 0 0 0 0 0 0 0 0 0 0 0 0 0 0 0 0 0 0 0 0 0 0 0 0 0 0 0 0 0 0 0 0 0 0 0 0 0 0 0 0 0 0 0 0 0 0 0 0 0 0 0 0 0 0 0 0 0 0 0 0 0 0 0 0 0 0 0 0 0 0 0 0 0 0 0 0 0 0 0 0 0 0 0 0 0 0 0 0 0]
[7504649278456293947690025530186528187653484416681350691083160761059883186446398678153578923568545426723054820857107911501316534547150618602448663876196520333490199430026041727376066967148928089854809199112063018290884097094476139658194267697881167073429849423735284655929590942646077555618662985267297572293180200877845948899166699746324595593081716730 0 0 0 0 0 0 0 0 0 0 0 0 0 0 0 0 0 1 0 0 0 0 0 0 0 0 0 0 0 0 0 0 0 0 0 0 0 0 0 0 0 0 0 0 0 0 0 0 0 0 0 0 0 0 0 0 0 0 0 0 0 0 0 0 0 0 0 0 0 0 0 0 0 0 0 0 0 0 0 0 0 0 0 0 0 0 0 0 0 0 0 0 0 0 0 0 0 0 0 0 0 0 0 0 0 0 0 0 0 0 0 0 0 0 0 0]
[4423548289724751178332531053163775444899486432910036776673862683018506387388977462740010793377099860124527631030651017231617951800850522765284061698963431036179794519596412584020490831760352251362977093980983385591409817117935306541690672897931211125202619066390301330819808407710207553672804778793035236486600279594683541720818832149104116000808724291 0 0 0 0 0 0 0 0 0 0 0 0 0 0 0 0 0 0 1 0 0 0 0 0 0 0 0 0 0 0 0 0 0 0 0 0 0 0 0 0 0 0 0 0 0 0 0 0 0 0 0 0 0 0 0 0 0 0 0 0 0 0 0 0 0 0 0 0 0 0 0 0 0 0 0 0 0 0 0 0 0 0 0 0 0 0 0 0 0 0 0 0 0 0 0 0 0 0 0 0 0 0 0 0 0 0 0 0 0 0 0 0 0 0 0 0]
[6668730747906809396161104715745922184857283364381060907061671171348430352230302526237986294265262180354318461085657123173671386616182078132401244768335054079639884395418324193244768881803409433545638602221518450027059582731548328295040439104520307731848251219035742303166515049901291476538344054396198433975791262061409227597918003406588527738284611366 0 0 0 0 0 0 0 0 0 0 0 0 0 0 0 0 0 0 0 1 0 0 0 0 0 0 0 0 0 0 0 0 0 0 0 0 0 0 0 0 0 0 0 0 0 0 0 0 0 0 0 0 0 0 0 0 0 0 0 0 0 0 0 0 0 0 0 0 0 0 0 0 0 0 0 0 0 0 0 0 0 0 0 0 0 0 0 0 0 0 0 0 0 0 0 0 0 0 0 0 0 0 0 0 0 0 0 0 0 0 0 0 0 0 0 0]
[3739148745731734333758137610261463942064853683404238711970229409446928507312615291429542623463399363489537337564001481883707155489457688353841466390460904013378894868131334686939444182945721810137862531682975901079735035552625780068085534210555733057330875262000595949989195569755140126569066193179852969230599252091256080036661715822097832757314929433 0 0 0 0 0 0 0 0 0 0 0 0 0 0 0 0 0 0 0 0 1 0 0 0 0 0 0 0 0 0 0 0 0 0 0 0 0 0 0 0 0 0 0 0 0 0 0 0 0 0 0 0 0 0 0 0 0 0 0 0 0 0 0 0 0 0 0 0 0 0 0 0 0 0 0 0 0 0 0 0 0 0 0 0 0 0 0 0 0 0 0 0 0 0 0 0 0 0 0 0 0 0 0 0 0 0 0 0 0 0 0 0 0 0 0 0]
[4274638701825823974609474671698344333674626567283866209316234454916663655043746813621781418560024499077948604602919614565517701477718521239882527920206884188870431089502619050041906639247754329074164120038042120744147027957011070741905666677044063594630328096807248211663850622676340567688317682752065862799047804975993571010794064654945089997641850798 0 0 0 0 0 0 0 0 0 0 0 0 0 0 0 0 0 0 0 0 0 1 0 0 0 0 0 0 0 0 0 0 0 0 0 0 0 0 0 0 0 0 0 0 0 0 0 0 0 0 0 0 0 0 0 0 0 0 0 0 0 0 0 0 0 0 0 0 0 0 0 0 0 0 0 0 0 0 0 0 0 0 0 0 0 0 0 0 0 0 0 0 0 0 0 0 0 0 0 0 0 0 0 0 0 0 0 0 0 0 0 0 0 0 0 0]
[2597655586919229310303851495585409983494770709211080318464472181994005632488980410479183200890564839663219213564650996294897408306665596030875060146401716275900073202031522480407823870199949722673903352859636898294492997910260071294344176949284559102857103494574077089582574958415596179710903884155891827940328750358603687812149403965517788396901081671 0 0 0 0 0 0 0 0 0 0 0 0 0 0 0 0 0 0 0 0 0 0 1 0 0 0 0 0 0 0 0 0 0 0 0 0 0 0 0 0 0 0 0 0 0 0 0 0 0 0 0 0 0 0 0 0 0 0 0 0 0 0 0 0 0 0 0 0 0 0 0 0 0 0 0 0 0 0 0 0 0 0 0 0 0 0 0 0 0 0 0 0 0 0 0 0 0 0 0 0 0 0 0 0 0 0 0 0 0 0 0 0 0 0 0 0]
[3057663871607414710995137246548563089047752683507560921469884698079979251602110543499563703592526220855978175043053273075387556627585402684011594427797015571156530878620611549174521805204064898819589665347501221725651135103175725491391352771978689237327704663763452435065075430513669259470541043473753425505816716022937762708116946844628839023076977053 0 0 0 0 0 0 0 0 0 0 0 0 0 0 0 0 0 0 0 0 0 0 0 1 0 0 0 0 0 0 0 0 0 0 0 0 0 0 0 0 0 0 0 0 0 0 0 0 0 0 0 0 0 0 0 0 0 0 0 0 0 0 0 0 0 0 0 0 0 0 0 0 0 0 0 0 0 0 0 0 0 0 0 0 0 0 0 0 0 0 0 0 0 0 0 0 0 0 0 0 0 0 0 0 0 0 0 0 0 0 0 0 0 0 0 0]
[7978648557868501233531423306379462429136533360952446035363274534831639800935659268722700570152226524989282225793621623204117591957843457027932894277351429720351740732713526024152329222364661160608021812370713839351344076159749239558441694471326494876514526075585573548366409090294939743041431693231841959540599109781090251510334458405841889516891111239 0 0 0 0 0 0 0 0 0 0 0 0 0 0 0 0 0 0 0 0 0 0 0 0 1 0 0 0 0 0 0 0 0 0 0 0 0 0 0 0 0 0 0 0 0 0 0 0 0 0 0 0 0 0 0 0 0 0 0 0 0 0 0 0 0 0 0 0 0 0 0 0 0 0 0 0 0 0 0 0 0 0 0 0 0 0 0 0 0 0 0 0 0 0 0 0 0 0 0 0 0 0 0 0 0 0 0 0 0 0 0 0 0 0 0 0]
[3571364810607592521895445079457006659206846140076920529656136852377383846670582264849531524204378036540169748431254394939262618709695418813508343248049911244250637346850435960230360083488128400526089514823994366669990349835370409735211072727372739937084927541141521396350710545887778385749618268939007045749901864112234597601654552019602914279422654789 0 0 0 0 0 0 0 0 0 0 0 0 0 0 0 0 0 0 0 0 0 0 0 0 0 1 0 0 0 0 0 0 0 0 0 0 0 0 0 0 0 0 0 0 0 0 0 0 0 0 0 0 0 0 0 0 0 0 0 0 0 0 0 0 0 0 0 0 0 0 0 0 0 0 0 0 0 0 0 0 0 0 0 0 0 0 0 0 0 0 0 0 0 0 0 0 0 0 0 0 0 0 0 0 0 0 0 0 0 0 0 0 0 0 0 0]
[2442209314449333887608654799435068951865921833540983313954044528834753319760529366369818987659117752713931445231796967837741328557155690565832467434276960403675177177944877876685973433671580469434663908640964959197947704091935722941901700393253758552725259105718860341119524722473695943378605212482146973773701023544846092971389798181359500835680270309 0 0 0 0 0 0 0 0 0 0 0 0 0 0 0 0 0 0 0 0 0 0 0 0 0 0 1 0 0 0 0 0 0 0 0 0 0 0 0 0 0 0 0 0 0 0 0 0 0 0 0 0 0 0 0 0 0 0 0 0 0 0 0 0 0 0 0 0 0 0 0 0 0 0 0 0 0 0 0 0 0 0 0 0 0 0 0 0 0 0 0 0 0 0 0 0 0 0 0 0 0 0 0 0 0 0 0 0 0 0 0 0 0 0 0 0]
[4687562016154542114222061156333453930948948024760529661306066840529136191848046938276202502323544127290540578158955806846826201686980763616927529249490586630886496515307993956556669185779591794683793947448172748544689615755418720399882203994470677306716791223628747457494110361381332014204898369665317736364505314966910427966546455213188629502120407633 0 0 0 0 0 0 0 0 0 0 0 0 0 0 0 0 0 0 0 0 0 0 0 0 0 0 0 1 0 0 0 0 0 0 0 0 0 0 0 0 0 0 0 0 0 0 0 0 0 0 0 0 0 0 0 0 0 0 0 0 0 0 0 0 0 0 0 0 0 0 0 0 0 0 0 0 0 0 0 0 0 0 0 0 0 0 0 0 0 0 0 0 0 0 0 0 0 0 0 0 0 0 0 0 0 0 0 0 0 0 0 0 0 0 0 0]
[6998790216589010837583271762661789617680319421873178133709342948265332940974764679510913405109887117626475882501687221003064589557450137350498954850904110217909137384875873906712097480071394133396305720202792951122913161915871970940947703404989191573252494109801693526903228374251739964682341737040219659705561055888878982198023534116664055518966522657 0 0 0 0 0 0 0 0 0 0 0 0 0 0 0 0 0 0 0 0 0 0 0 0 0 0 0 0 1 0 0 0 0 0 0 0 0 0 0 0 0 0 0 0 0 0 0 0 0 0 0 0 0 0 0 0 0 0 0 0 0 0 0 0 0 0 0 0 0 0 0 0 0 0 0 0 0 0 0 0 0 0 0 0 0 0 0 0 0 0 0 0 0 0 0 0 0 0 0 0 0 0 0 0 0 0 0 0 0 0 0 0 0 0 0 0]
[7187916312603880481555292365701360495277046324858819340486758327445190268732306265740682192730488108009324316460635506144699247622871221152810033842428831507981068745072077214511502667405045519635672944724992305624289362373853452186536903259092508502264722802711019644891410948918885667208646385510933606268236189422482968713781175945899552303969637301 0 0 0 0 0 0 0 0 0 0 0 0 0 0 0 0 0 0 0 0 0 0 0 0 0 0 0 0 0 1 0 0 0 0 0 0 0 0 0 0 0 0 0 0 0 0 0 0 0 0 0 0 0 0 0 0 0 0 0 0 0 0 0 0 0 0 0 0 0 0 0 0 0 0 0 0 0 0 0 0 0 0 0 0 0 0 0 0 0 0 0 0 0 0 0 0 0 0 0 0 0 0 0 0 0 0 0 0 0 0 0 0 0 0 0 0]
[10056973999627631346264010414200205461499537363375810574421156271898121803873577260396996364757684851552535732881832121565653580586932867037352646055951053290949882925341493318850175985460767539662907489088590763523168865433804768801842192179566839684268555500279967663321536348792666114172231382654751147398268897297179513109922309205901703934921425444 0 0 0 0 0 0 0 0 0 0 0 0 0 0 0 0 0 0 0 0 0 0 0 0 0 0 0 0 0 0 1 0 0 0 0 0 0 0 0 0 0 0 0 0 0 0 0 0 0 0 0 0 0 0 0 0 0 0 0 0 0 0 0 0 0 0 0 0 0 0 0 0 0 0 0 0 0 0 0 0 0 0 0 0 0 0 0 0 0 0 0 0 0 0 0 0 0 0 0 0 0 0 0 0 0 0 0 0 0 0 0 0 0 0 0 0]
[4363308068398956617003189570596237158873179896320866260839391457741174413214243068356591667949195248841704474464838739744409950750322044715932009546132918930476305518724586954489175588157847491988538899794599929359328864420696542576063978220467257209857587079387003806206450770198088321370690496836492271773236042219041930935032535715994550400419664841 0 0 0 0 0 0 0 0 0 0 0 0 0 0 0 0 0 0 0 0 0 0 0 0 0 0 0 0 0 0 0 1 0 0 0 0 0 0 0 0 0 0 0 0 0 0 0 0 0 0 0 0 0 0 0 0 0 0 0 0 0 0 0 0 0 0 0 0 0 0 0 0 0 0 0 0 0 0 0 0 0 0 0 0 0 0 0 0 0 0 0 0 0 0 0 0 0 0 0 0 0 0 0 0 0 0 0 0 0 0 0 0 0 0 0 0]
[9979359645219914403495637847259910178238721470279373767797153206204540905714556909561956244672744993822475579061515350303173543918724290027214177692955708913944377255090533306266911607850395938768253029712522666237671705078229120498963143750832607845804956760581171641471804244789529037332908967090409885013751504216011326484280964225062703904277885395 0 0 0 0 0 0 0 0 0 0 0 0 0 0 0 0 0 0 0 0 0 0 0 0 0 0 0 0 0 0 0 0 1 0 0 0 0 0 0 0 0 0 0 0 0 0 0 0 0 0 0 0 0 0 0 0 0 0 0 0 0 0 0 0 0 0 0 0 0 0 0 0 0 0 0 0 0 0 0 0 0 0 0 0 0 0 0 0 0 0 0 0 0 0 0 0 0 0 0 0 0 0 0 0 0 0 0 0 0 0 0 0 0 0 0 0]
[9667043167534675187099090220660340484656439789075011896611530468643499312619106188282225255870245034371665360919905912747045346964583206652759753304205188307632976484071573090561579299958583627408642837608647191558895173242043322907238887369262043369796585885495384872522997000405728789745877865622807817056414967615140686908335306483256119541093510523 0 0 0 0 0 0 0 0 0 0 0 0 0 0 0 0 0 0 0 0 0 0 0 0 0 0 0 0 0 0 0 0 0 1 0 0 0 0 0 0 0 0 0 0 0 0 0 0 0 0 0 0 0 0 0 0 0 0 0 0 0 0 0 0 0 0 0 0 0 0 0 0 0 0 0 0 0 0 0 0 0 0 0 0 0 0 0 0 0 0 0 0 0 0 0 0 0 0 0 0 0 0 0 0 0 0 0 0 0 0 0 0 0 0 0 0]
[2512218192980788025713629340011048333922376121267585870848398564612208496150895965433006373433646269982100893599842375166921195493450392330264135511948511122656553707540201226008478805765977281673817485354003875631751809801994984134815637624199560422727925669350199524277656228006085906271227987062660322365428215032701904136026834878027518716801206114 0 0 0 0 0 0 0 0 0 0 0 0 0 0 0 0 0 0 0 0 0 0 0 0 0 0 0 0 0 0 0 0 0 0 1 0 0 0 0 0 0 0 0 0 0 0 0 0 0 0 0 0 0 0 0 0 0 0 0 0 0 0 0 0 0 0 0 0 0 0 0 0 0 0 0 0 0 0 0 0 0 0 0 0 0 0 0 0 0 0 0 0 0 0 0 0 0 0 0 0 0 0 0 0 0 0 0 0 0 0 0 0 0 0 0 0]
[6949236953448326867064271721919766380440254679004126407403012252796393905150705044052359175554739125783609609035728194819316583334297936005472919362590658411982875777022241640345060327828252383100695505527905289107169977869039241922575932968951278976755483938538137070039361593465383539537123277087182077762035063878577449076783886321400151428350028102 0 0 0 0 0 0 0 0 0 0 0 0 0 0 0 0 0 0 0 0 0 0 0 0 0 0 0 0 0 0 0 0 0 0 0 1 0 0 0 0 0 0 0 0 0 0 0 0 0 0 0 0 0 0 0 0 0 0 0 0 0 0 0 0 0 0 0 0 0 0 0 0 0 0 0 0 0 0 0 0 0 0 0 0 0 0 0 0 0 0 0 0 0 0 0 0 0 0 0 0 0 0 0 0 0 0 0 0 0 0 0 0 0 0 0 0]
[4823264054998614538420799841705184902047533107936868299691036287368228929946318550455962449427938440690875828003217994235546992751703283530265399426309660386882057913808382767294121944943115691781243925238487074086891808543853978060493548013884122753444968204080605350337865809966043162844946633171577055895714018465472369926043052510702525088677525667 0 0 0 0 0 0 0 0 0 0 0 0 0 0 0 0 0 0 0 0 0 0 0 0 0 0 0 0 0 0 0 0 0 0 0 0 1 0 0 0 0 0 0 0 0 0 0 0 0 0 0 0 0 0 0 0 0 0 0 0 0 0 0 0 0 0 0 0 0 0 0 0 0 0 0 0 0 0 0 0 0 0 0 0 0 0 0 0 0 0 0 0 0 0 0 0 0 0 0 0 0 0 0 0 0 0 0 0 0 0 0 0 0 0 0 0]
[5562555164399114910094726993268479396367221388076250695360926758618206664168653127079664405820610261515577001479541281406191601990677922794748186862156156502277135415186347320386350683190890889412801620489695543733540919360933312591736413759278144281954975378099601160481906558483248753244890570588764641319334668665811055885097870364675951956404662774 0 0 0 0 0 0 0 0 0 0 0 0 0 0 0 0 0 0 0 0 0 0 0 0 0 0 0 0 0 0 0 0 0 0 0 0 0 1 0 0 0 0 0 0 0 0 0 0 0 0 0 0 0 0 0 0 0 0 0 0 0 0 0 0 0 0 0 0 0 0 0 0 0 0 0 0 0 0 0 0 0 0 0 0 0 0 0 0 0 0 0 0 0 0 0 0 0 0 0 0 0 0 0 0 0 0 0 0 0 0 0 0 0 0 0 0]
[7193815929450085982188070690940340580018549275833140427941904555366382076739491583917645485473540015994695892187265657877653408062376246027400247642879021820017432124180097727621287075191041610222044719515471921119413571339013410706466978176085907645954392144720646809314065250328052908603278733148665129623328649919229210396432606244780446760972692037 0 0 0 0 0 0 0 0 0 0 0 0 0 0 0 0 0 0 0 0 0 0 0 0 0 0 0 0 0 0 0 0 0 0 0 0 0 0 1 0 0 0 0 0 0 0 0 0 0 0 0 0 0 0 0 0 0 0 0 0 0 0 0 0 0 0 0 0 0 0 0 0 0 0 0 0 0 0 0 0 0 0 0 0 0 0 0 0 0 0 0 0 0 0 0 0 0 0 0 0 0 0 0 0 0 0 0 0 0 0 0 0 0 0 0 0]
[8421518666805115625863181052693824857731865214081965074290569542268407169041933213527480251028195858866631976912690830888252357140017785546135091998255082627129769387246368849352578335129569388703683014900604812813123444746150304382765068631289013096281109142147247673537891319894430880938787219179162883489690529066667897145099088621036481877773976027 0 0 0 0 0 0 0 0 0 0 0 0 0 0 0 0 0 0 0 0 0 0 0 0 0 0 0 0 0 0 0 0 0 0 0 0 0 0 0 1 0 0 0 0 0 0 0 0 0 0 0 0 0 0 0 0 0 0 0 0 0 0 0 0 0 0 0 0 0 0 0 0 0 0 0 0 0 0 0 0 0 0 0 0 0 0 0 0 0 0 0 0 0 0 0 0 0 0 0 0 0 0 0 0 0 0 0 0 0 0 0 0 0 0 0 0]
[11552049779741375773695764914592851338618800514523420814605649939336727993312381850361599845140862329733972636705936153190805999546082339690698257763288478588418742185450410930803663901654890704125291956190504787931201889716376574137130112568333432899040118633157738677895151988335871200291343006554063752278784307952928265777123567677889633494184361124 0 0 0 0 0 0 0 0 0 0 0 0 0 0 0 0 0 0 0 0 0 0 0 0 0 0 0 0 0 0 0 0 0 0 0 0 0 0 0 0 1 0 0 0 0 0 0 0 0 0 0 0 0 0 0 0 0 0 0 0 0 0 0 0 0 0 0 0 0 0 0 0 0 0 0 0 0 0 0 0 0 0 0 0 0 0 0 0 0 0 0 0 0 0 0 0 0 0 0 0 0 0 0 0 0 0 0 0 0 0 0 0 0 0 0 0]
[1669080670084507504252041106587345325176536615024174804757839546571935551499542192355500694387684477153372990825690272143476191857379087262965020148314900762644825884301041855526424435273743440804005244206632888470544323321828956171740232227005318258563979618003731208919595385410927613567235578899685685865236239267485129608987170381230881538603248757 0 0 0 0 0 0 0 0 0 0 0 0 0 0 0 0 0 0 0 0 0 0 0 0 0 0 0 0 0 0 0 0 0 0 0 0 0 0 0 0 0 1 0 0 0 0 0 0 0 0 0 0 0 0 0 0 0 0 0 0 0 0 0 0 0 0 0 0 0 0 0 0 0 0 0 0 0 0 0 0 0 0 0 0 0 0 0 0 0 0 0 0 0 0 0 0 0 0 0 0 0 0 0 0 0 0 0 0 0 0 0 0 0 0 0 0]
[950448610776625758824619274015414788103108009160693801318138684431659129302832243408613649045201155999728081154515689519248652363135463939628703946643940956843037691337900136475392055202553656761989155498995637912899949440452877664631059070730716637474911821923403134065765540345373198598367530613763001764827873218550855441205422797774492013076825286 0 0 0 0 0 0 0 0 0 0 0 0 0 0 0 0 0 0 0 0 0 0 0 0 0 0 0 0 0 0 0 0 0 0 0 0 0 0 0 0 0 0 1 0 0 0 0 0 0 0 0 0 0 0 0 0 0 0 0 0 0 0 0 0 0 0 0 0 0 0 0 0 0 0 0 0 0 0 0 0 0 0 0 0 0 0 0 0 0 0 0 0 0 0 0 0 0 0 0 0 0 0 0 0 0 0 0 0 0 0 0 0 0 0 0 0]
[7272695778971030551524843146263227184703280243568605136343819990567801468245981328032954282320991054935932516163884196525364504905157306795738202992214898944343357267663588753834140003547900996586853674371229325011039009399988506549822320307525173857927420482852328505289409109075963162557090966357254423542445748644188545215584147979190682836111746450 0 0 0 0 0 0 0 0 0 0 0 0 0 0 0 0 0 0 0 0 0 0 0 0 0 0 0 0 0 0 0 0 0 0 0 0 0 0 0 0 0 0 0 1 0 0 0 0 0 0 0 0 0 0 0 0 0 0 0 0 0 0 0 0 0 0 0 0 0 0 0 0 0 0 0 0 0 0 0 0 0 0 0 0 0 0 0 0 0 0 0 0 0 0 0 0 0 0 0 0 0 0 0 0 0 0 0 0 0 0 0 0 0 0 0 0]
[3523742683586234366486903291734342247180914520468005457409904156486560539371040566308827003593577451395636881222384425057562048584308634431880816721804941351481767157245764089568210848634161894001500772581733675162834719828673108219150021581054441113711608389685306756242219188757807091817895377331208743965519939415698364104922046808224900134554070902 0 0 0 0 0 0 0 0 0 0 0 0 0 0 0 0 0 0 0 0 0 0 0 0 0 0 0 0 0 0 0 0 0 0 0 0 0 0 0 0 0 0 0 0 1 0 0 0 0 0 0 0 0 0 0 0 0 0 0 0 0 0 0 0 0 0 0 0 0 0 0 0 0 0 0 0 0 0 0 0 0 0 0 0 0 0 0 0 0 0 0 0 0 0 0 0 0 0 0 0 0 0 0 0 0 0 0 0 0 0 0 0 0 0 0 0]
[10675583748789804276306146984545698172098053685585572447332548101116690688996556958147376326553767534308332489349119525354705784285141364294911386297451429285281191793008032811736480879716124057404253972441441483457896758663799830922641844168807744684747378278096492224672636161054070835221782959036693710203713599249948524784848869227212350249220274915 0 0 0 0 0 0 0 0 0 0 0 0 0 0 0 0 0 0 0 0 0 0 0 0 0 0 0 0 0 0 0 0 0 0 0 0 0 0 0 0 0 0 0 0 0 1 0 0 0 0 0 0 0 0 0 0 0 0 0 0 0 0 0 0 0 0 0 0 0 0 0 0 0 0 0 0 0 0 0 0 0 0 0 0 0 0 0 0 0 0 0 0 0 0 0 0 0 0 0 0 0 0 0 0 0 0 0 0 0 0 0 0 0 0 0 0]
[991235316020868225670959060450273793522231429046837840417756982575940281359656844889269503655205991191784065745482291276986637625780384100773268646988660297871561736730414944010488166622603638270657298083219172054709550092459137923218838600749476840200438075139232683772477466856135691682074866573516621981230560365198045979112048848003088496340796397 0 0 0 0 0 0 0 0 0 0 0 0 0 0 0 0 0 0 0 0 0 0 0 0 0 0 0 0 0 0 0 0 0 0 0 0 0 0 0 0 0 0 0 0 0 0 1 0 0 0 0 0 0 0 0 0 0 0 0 0 0 0 0 0 0 0 0 0 0 0 0 0 0 0 0 0 0 0 0 0 0 0 0 0 0 0 0 0 0 0 0 0 0 0 0 0 0 0 0 0 0 0 0 0 0 0 0 0 0 0 0 0 0 0 0 0]
[6326378731046494409519075280917831130335156303655518741453537986763943961077365352882088710871298527775988004478013671168201543181821477609634916574078898733852569626333437985595946201650473189945015410353871041240462217226020793551249680305092207485516629841637789446725844305282377594165421113049513848498489508090032056626248172687368382518908825377 0 0 0 0 0 0 0 0 0 0 0 0 0 0 0 0 0 0 0 0 0 0 0 0 0 0 0 0 0 0 0 0 0 0 0 0 0 0 0 0 0 0 0 0 0 0 0 1 0 0 0 0 0 0 0 0 0 0 0 0 0 0 0 0 0 0 0 0 0 0 0 0 0 0 0 0 0 0 0 0 0 0 0 0 0 0 0 0 0 0 0 0 0 0 0 0 0 0 0 0 0 0 0 0 0 0 0 0 0 0 0 0 0 0 0 0]
[2981262015536574537496231249221057951499701056309298595190297385346681428935366584737949375544323110497409994640891424339012194244691367423747599359123466057383748879046217839607821655485692982145179401724526894441855712817026909272420790840923718501370197827042337680831944008898058959776064436612215116542123047220738844305516809352157959011270978594 0 0 0 0 0 0 0 0 0 0 0 0 0 0 0 0 0 0 0 0 0 0 0 0 0 0 0 0 0 0 0 0 0 0 0 0 0 0 0 0 0 0 0 0 0 0 0 0 1 0 0 0 0 0 0 0 0 0 0 0 0 0 0 0 0 0 0 0 0 0 0 0 0 0 0 0 0 0 0 0 0 0 0 0 0 0 0 0 0 0 0 0 0 0 0 0 0 0 0 0 0 0 0 0 0 0 0 0 0 0 0 0 0 0 0 0]
[10676416972810557461864163076967255870730291947632311376625339957373778538575284838286002998963415343664725519645047153230871582562372783670690469204986071730150764694003370321713701049132475547910124550385056087157653435285883676422846262450119123774148208386541733740596212912156182489160176528465103895403667861177582619688803499981859974219670735894 0 0 0 0 0 0 0 0 0 0 0 0 0 0 0 0 0 0 0 0 0 0 0 0 0 0 0 0 0 0 0 0 0 0 0 0 0 0 0 0 0 0 0 0 0 0 0 0 0 1 0 0 0 0 0 0 0 0 0 0 0 0 0 0 0 0 0 0 0 0 0 0 0 0 0 0 0 0 0 0 0 0 0 0 0 0 0 0 0 0 0 0 0 0 0 0 0 0 0 0 0 0 0 0 0 0 0 0 0 0 0 0 0 0 0 0]
[10980076667153584981454649488491841482519533151846775047165921508634267238639610637569662376314045134920797126100128377644666951808864040749257962769115335075018232775135368462059686195671592949013613932394274831643472448392575460082443198043244372013282629015802223749491848164917038306088095153160982753931409656012545846692469714065625035443767984409 0 0 0 0 0 0 0 0 0 0 0 0 0 0 0 0 0 0 0 0 0 0 0 0 0 0 0 0 0 0 0 0 0 0 0 0 0 0 0 0 0 0 0 0 0 0 0 0 0 0 1 0 0 0 0 0 0 0 0 0 0 0 0 0 0 0 0 0 0 0 0 0 0 0 0 0 0 0 0 0 0 0 0 0 0 0 0 0 0 0 0 0 0 0 0 0 0 0 0 0 0 0 0 0 0 0 0 0 0 0 0 0 0 0 0 0]
[3299725567281830637085508163015710491528126072546546919122417640064427455248950340843638163410914001458217684879747756808478940083950743139313149367500328158880458072312645688657420829855314736012574389731110757084958626383307304343126078443103859239241929353501821899380051476765383854955664907675028112147984389797787006033296401832427396220222477068 0 0 0 0 0 0 0 0 0 0 0 0 0 0 0 0 0 0 0 0 0 0 0 0 0 0 0 0 0 0 0 0 0 0 0 0 0 0 0 0 0 0 0 0 0 0 0 0 0 0 0 1 0 0 0 0 0 0 0 0 0 0 0 0 0 0 0 0 0 0 0 0 0 0 0 0 0 0 0 0 0 0 0 0 0 0 0 0 0 0 0 0 0 0 0 0 0 0 0 0 0 0 0 0 0 0 0 0 0 0 0 0 0 0 0 0]
[1718503924490091700696338785096403717424165491966056950359604059812699584283549444937466958247675212883472510150967691425398878826785423621591524475477527278548599402868865049413298093112008814861074061345025054132233423702569451317197750985198781383319512806728459015887676294819151339652620579985077943802398249211093610189133911888340913119954215462 0 0 0 0 0 0 0 0 0 0 0 0 0 0 0 0 0 0 0 0 0 0 0 0 0 0 0 0 0 0 0 0 0 0 0 0 0 0 0 0 0 0 0 0 0 0 0 0 0 0 0 0 1 0 0 0 0 0 0 0 0 0 0 0 0 0 0 0 0 0 0 0 0 0 0 0 0 0 0 0 0 0 0 0 0 0 0 0 0 0 0 0 0 0 0 0 0 0 0 0 0 0 0 0 0 0 0 0 0 0 0 0 0 0 0 0]
[8782773698412564056660989125999829233797513388070582432350220370767375173839316813669146584878035244765294859549524123166683317227224343013408783939427730632852332366119841223189089690837581980174484105607730908309152612672348033012381151592738737986725051951227511987440560038588632188429000869410419883197478936883415181062830817012259207715942896326 0 0 0 0 0 0 0 0 0 0 0 0 0 0 0 0 0 0 0 0 0 0 0 0 0 0 0 0 0 0 0 0 0 0 0 0 0 0 0 0 0 0 0 0 0 0 0 0 0 0 0 0 0 1 0 0 0 0 0 0 0 0 0 0 0 0 0 0 0 0 0 0 0 0 0 0 0 0 0 0 0 0 0 0 0 0 0 0 0 0 0 0 0 0 0 0 0 0 0 0 0 0 0 0 0 0 0 0 0 0 0 0 0 0 0 0]
[7062016327443932296472217630518295037246085872416371425093336080458342664539090924439859324339833079273266446370419580330437047971969082193540038363953537877759306517697877625327259766173295864158646947210565776672611847023685140641168269111900436304872349581333349526265553178712210322381186754934441289719377211950563260727923742601494112727548139833 0 0 0 0 0 0 0 0 0 0 0 0 0 0 0 0 0 0 0 0 0 0 0 0 0 0 0 0 0 0 0 0 0 0 0 0 0 0 0 0 0 0 0 0 0 0 0 0 0 0 0 0 0 0 1 0 0 0 0 0 0 0 0 0 0 0 0 0 0 0 0 0 0 0 0 0 0 0 0 0 0 0 0 0 0 0 0 0 0 0 0 0 0 0 0 0 0 0 0 0 0 0 0 0 0 0 0 0 0 0 0 0 0 0 0 0]
[11056008808149255767357461616967813228315229929160909906135830337475358400502227507909022121334834378144621542550794962603535110093945111011732180518470223035447455764417702849212711936959089065953167159178221016464452293989978613534025760292036018522337502360236310069172058791648325497775602485343584507655946790490881087057145744033115909913303689157 0 0 0 0 0 0 0 0 0 0 0 0 0 0 0 0 0 0 0 0 0 0 0 0 0 0 0 0 0 0 0 0 0 0 0 0 0 0 0 0 0 0 0 0 0 0 0 0 0 0 0 0 0 0 0 1 0 0 0 0 0 0 0 0 0 0 0 0 0 0 0 0 0 0 0 0 0 0 0 0 0 0 0 0 0 0 0 0 0 0 0 0 0 0 0 0 0 0 0 0 0 0 0 0 0 0 0 0 0 0 0 0 0 0 0 0]
[7081606074335219711179659783281642486523843886840806180474214555069627502775164430073218785719197964433753777808593649105894161750471918944114004605978087318478828028379864083764508136043936449934596262590333576444134599296767218396538983597217163165694072225895520348526538437061398758748431098894838071504737156828077690026164697389958322293539425840 0 0 0 0 0 0 0 0 0 0 0 0 0 0 0 0 0 0 0 0 0 0 0 0 0 0 0 0 0 0 0 0 0 0 0 0 0 0 0 0 0 0 0 0 0 0 0 0 0 0 0 0 0 0 0 0 1 0 0 0 0 0 0 0 0 0 0 0 0 0 0 0 0 0 0 0 0 0 0 0 0 0 0 0 0 0 0 0 0 0 0 0 0 0 0 0 0 0 0 0 0 0 0 0 0 0 0 0 0 0 0 0 0 0 0 0]
[3583643017839013359297205821289570374713704051592770314004191059815551944630510793042270486775542148124123941977966791215371872505654467953395421168567727506172320662075031439212572503087983854101096564998609670459945968943491281283402206049500562482989353011098367906236937237865059282817910724975663720673103565390804432569616967294019043807422000509 0 0 0 0 0 0 0 0 0 0 0 0 0 0 0 0 0 0 0 0 0 0 0 0 0 0 0 0 0 0 0 0 0 0 0 0 0 0 0 0 0 0 0 0 0 0 0 0 0 0 0 0 0 0 0 0 0 1 0 0 0 0 0 0 0 0 0 0 0 0 0 0 0 0 0 0 0 0 0 0 0 0 0 0 0 0 0 0 0 0 0 0 0 0 0 0 0 0 0 0 0 0 0 0 0 0 0 0 0 0 0 0 0 0 0 0]
[4532723826502959578303605075335292287003720654905200222128746413782796841980251583918545212564835915016625740749218984874325827670209707919568845379005967460808703776256075010977325706147359066565680814259646133815942474019473644155641301017813437255944906111516733942606909359865384447251505521504652261197880067661030373722804818321535404831773954332 0 0 0 0 0 0 0 0 0 0 0 0 0 0 0 0 0 0 0 0 0 0 0 0 0 0 0 0 0 0 0 0 0 0 0 0 0 0 0 0 0 0 0 0 0 0 0 0 0 0 0 0 0 0 0 0 0 0 1 0 0 0 0 0 0 0 0 0 0 0 0 0 0 0 0 0 0 0 0 0 0 0 0 0 0 0 0 0 0 0 0 0 0 0 0 0 0 0 0 0 0 0 0 0 0 0 0 0 0 0 0 0 0 0 0 0]
[8459151330382578980641541021421454283519127495796449837282130129831582297050281423520473225544892154302335517032837855781484225077671236893922459378098051905140735931227628628223663835449427130292360891798576909815955057102898107628769214859437024321382740568545493654939929081242750389967073256790022877928963533039512368226335401268429189861287414058 0 0 0 0 0 0 0 0 0 0 0 0 0 0 0 0 0 0 0 0 0 0 0 0 0 0 0 0 0 0 0 0 0 0 0 0 0 0 0 0 0 0 0 0 0 0 0 0 0 0 0 0 0 0 0 0 0 0 0 1 0 0 0 0 0 0 0 0 0 0 0 0 0 0 0 0 0 0 0 0 0 0 0 0 0 0 0 0 0 0 0 0 0 0 0 0 0 0 0 0 0 0 0 0 0 0 0 0 0 0 0 0 0 0 0 0]
[5871639422658015253378811028587187196637138770369919975453473416751306702702981256825007094272900712723534375732873018265268115867996843552995915883184158333460121803230004410245385129571615690876817443838924068373098307900254603877615271399472713218928213498476992585348567090727522418627392276683984794211683791725120883442622399887545118929856263807 0 0 0 0 0 0 0 0 0 0 0 0 0 0 0 0 0 0 0 0 0 0 0 0 0 0 0 0 0 0 0 0 0 0 0 0 0 0 0 0 0 0 0 0 0 0 0 0 0 0 0 0 0 0 0 0 0 0 0 0 1 0 0 0 0 0 0 0 0 0 0 0 0 0 0 0 0 0 0 0 0 0 0 0 0 0 0 0 0 0 0 0 0 0 0 0 0 0 0 0 0 0 0 0 0 0 0 0 0 0 0 0 0 0 0 0]
[10123833218248024648656461560380933439151564279155079596157245892089988076511251685874249165045770640778013757561137536293366287686105904335859257598932737098402091611033988508136877803600010806886409775842960987529123836466172338916040973012680981832962713073538759731177821364254828057832635178702185188945685161265862636569084619518926029842778645576 0 0 0 0 0 0 0 0 0 0 0 0 0 0 0 0 0 0 0 0 0 0 0 0 0 0 0 0 0 0 0 0 0 0 0 0 0 0 0 0 0 0 0 0 0 0 0 0 0 0 0 0 0 0 0 0 0 0 0 0 0 1 0 0 0 0 0 0 0 0 0 0 0 0 0 0 0 0 0 0 0 0 0 0 0 0 0 0 0 0 0 0 0 0 0 0 0 0 0 0 0 0 0 0 0 0 0 0 0 0 0 0 0 0 0 0]
[6152437543000393166057766714758709978558105336285302891234799314683878202760556916709488705651780249297194321554640089651204743761413375967614938341399189052649684545696812474873397845192905547967559719583680091969180425403488107518836535336866609752162838147226427919408346303881806461350279686507457347295682316680295431940899354126190139402256179049 0 0 0 0 0 0 0 0 0 0 0 0 0 0 0 0 0 0 0 0 0 0 0 0 0 0 0 0 0 0 0 0 0 0 0 0 0 0 0 0 0 0 0 0 0 0 0 0 0 0 0 0 0 0 0 0 0 0 0 0 0 0 1 0 0 0 0 0 0 0 0 0 0 0 0 0 0 0 0 0 0 0 0 0 0 0 0 0 0 0 0 0 0 0 0 0 0 0 0 0 0 0 0 0 0 0 0 0 0 0 0 0 0 0 0 0]
[10707327081358820872255419489602961920247247154549864549026341887965113593240270076347868738953360500283869303685926233669401061438167512147830856848604555309536052273798141916921594505282887601839197255295130597818860776564504217345237004668909858901192077319270883095412309985690138620785211722100461968092768354090191065116520506669585282501425702819 0 0 0 0 0 0 0 0 0 0 0 0 0 0 0 0 0 0 0 0 0 0 0 0 0 0 0 0 0 0 0 0 0 0 0 0 0 0 0 0 0 0 0 0 0 0 0 0 0 0 0 0 0 0 0 0 0 0 0 0 0 0 0 1 0 0 0 0 0 0 0 0 0 0 0 0 0 0 0 0 0 0 0 0 0 0 0 0 0 0 0 0 0 0 0 0 0 0 0 0 0 0 0 0 0 0 0 0 0 0 0 0 0 0 0 0]
[3838944423797184831557759282510789330036108356105733373237378437481339990760735146434732828348930487070075037732409415239360874226645113147974230229688285599654455022622069843838526045835104008185223122407796643695031652228096296883549902461314227796900246747848486507418575930954821032023946157716452732233378056610755709520956327244712882467361777239 0 0 0 0 0 0 0 0 0 0 0 0 0 0 0 0 0 0 0 0 0 0 0 0 0 0 0 0 0 0 0 0 0 0 0 0 0 0 0 0 0 0 0 0 0 0 0 0 0 0 0 0 0 0 0 0 0 0 0 0 0 0 0 0 1 0 0 0 0 0 0 0 0 0 0 0 0 0 0 0 0 0 0 0 0 0 0 0 0 0 0 0 0 0 0 0 0 0 0 0 0 0 0 0 0 0 0 0 0 0 0 0 0 0 0 0]
[5609351286312403628585148810392063865578625307129748608234119340420561295814668267973044972339550181547889904289985508751613000642321001931107448491208169788324146822562477036247199039149476456073542316599827631517645793598445162532074372452502686208698828045609623927959016270686524641368158748691042043581110101662067143171030732709792431612751610979 0 0 0 0 0 0 0 0 0 0 0 0 0 0 0 0 0 0 0 0 0 0 0 0 0 0 0 0 0 0 0 0 0 0 0 0 0 0 0 0 0 0 0 0 0 0 0 0 0 0 0 0 0 0 0 0 0 0 0 0 0 0 0 0 0 1 0 0 0 0 0 0 0 0 0 0 0 0 0 0 0 0 0 0 0 0 0 0 0 0 0 0 0 0 0 0 0 0 0 0 0 0 0 0 0 0 0 0 0 0 0 0 0 0 0 0]
[6271162595178171062076399404916555969248079336613034697459140821562900625367743797052844957104734090418252516013813182255836634861847313934349801112282260257742696586473855500985572932198084076291738794509315087071134117185405538245169882597744076248438759061831088586087278910331990595406916243393299878728879050684155380212862452433081995775245973345 0 0 0 0 0 0 0 0 0 0 0 0 0 0 0 0 0 0 0 0 0 0 0 0 0 0 0 0 0 0 0 0 0 0 0 0 0 0 0 0 0 0 0 0 0 0 0 0 0 0 0 0 0 0 0 0 0 0 0 0 0 0 0 0 0 0 1 0 0 0 0 0 0 0 0 0 0 0 0 0 0 0 0 0 0 0 0 0 0 0 0 0 0 0 0 0 0 0 0 0 0 0 0 0 0 0 0 0 0 0 0 0 0 0 0 0]
[5099643148317796633388485924058821703022027261591461716245979515063206039324317695354371771537189359309222090778579368794408223080501024417083067560984113498211141819126270562984050729751964682697215004216148744814042844686740159939105750210941958902279554510313373545807214855630220532815137010161413022125883386939674746454940056893807707549127021661 0 0 0 0 0 0 0 0 0 0 0 0 0 0 0 0 0 0 0 0 0 0 0 0 0 0 0 0 0 0 0 0 0 0 0 0 0 0 0 0 0 0 0 0 0 0 0 0 0 0 0 0 0 0 0 0 0 0 0 0 0 0 0 0 0 0 0 1 0 0 0 0 0 0 0 0 0 0 0 0 0 0 0 0 0 0 0 0 0 0 0 0 0 0 0 0 0 0 0 0 0 0 0 0 0 0 0 0 0 0 0 0 0 0 0 0]
[10153078718301974354152498230286602619379895698647458640469932709496606598384407936373030944978214002429204413819257973001456510004754252393340825635425635265854160755129832700863264655476757654912279145973299783731629733327719008119452734267524265654033960274288317266492101443075420182139906234400756747821347302005080086604156697446208587499597170097 0 0 0 0 0 0 0 0 0 0 0 0 0 0 0 0 0 0 0 0 0 0 0 0 0 0 0 0 0 0 0 0 0 0 0 0 0 0 0 0 0 0 0 0 0 0 0 0 0 0 0 0 0 0 0 0 0 0 0 0 0 0 0 0 0 0 0 0 1 0 0 0 0 0 0 0 0 0 0 0 0 0 0 0 0 0 0 0 0 0 0 0 0 0 0 0 0 0 0 0 0 0 0 0 0 0 0 0 0 0 0 0 0 0 0 0]
[11462539428504803280931177990944407375556993329310515114779857961335762657358387011534946330215225265795094431320075143500119891720024408991408554810584609813412869134900417743577286159791743229048136139932864464373851652197777903930226052853173086116803867282763362449382629176477097304543376965824871740676541852495021283717329928522156489364988851576 0 0 0 0 0 0 0 0 0 0 0 0 0 0 0 0 0 0 0 0 0 0 0 0 0 0 0 0 0 0 0 0 0 0 0 0 0 0 0 0 0 0 0 0 0 0 0 0 0 0 0 0 0 0 0 0 0 0 0 0 0 0 0 0 0 0 0 0 0 1 0 0 0 0 0 0 0 0 0 0 0 0 0 0 0 0 0 0 0 0 0 0 0 0 0 0 0 0 0 0 0 0 0 0 0 0 0 0 0 0 0 0 0 0 0 0]
[11043546479500981525608699620526735241800075054947703575334390403171974663697596742157649156211940139810428620699692095411364879960979530818909476358860457938006703187197549390505069895274003533176054514940494201754207527934501353386048608124843488310633488248775805846796281710761595511471450997487972071785793321049104359816745348777067804109575552346 0 0 0 0 0 0 0 0 0 0 0 0 0 0 0 0 0 0 0 0 0 0 0 0 0 0 0 0 0 0 0 0 0 0 0 0 0 0 0 0 0 0 0 0 0 0 0 0 0 0 0 0 0 0 0 0 0 0 0 0 0 0 0 0 0 0 0 0 0 0 1 0 0 0 0 0 0 0 0 0 0 0 0 0 0 0 0 0 0 0 0 0 0 0 0 0 0 0 0 0 0 0 0 0 0 0 0 0 0 0 0 0 0 0 0 0]
[6003612349455809842758576427998859400430335293774787193450025866907016792077965130036054047050379459702912040951159220639120279419687468065664314482998101569450671251686689575807029610759814466467342454869347524055958336543634601708875638691258215495884927523725643550941067994711005181996514305209448810829232084649786995429448698460508098764534636504 0 0 0 0 0 0 0 0 0 0 0 0 0 0 0 0 0 0 0 0 0 0 0 0 0 0 0 0 0 0 0 0 0 0 0 0 0 0 0 0 0 0 0 0 0 0 0 0 0 0 0 0 0 0 0 0 0 0 0 0 0 0 0 0 0 0 0 0 0 0 0 1 0 0 0 0 0 0 0 0 0 0 0 0 0 0 0 0 0 0 0 0 0 0 0 0 0 0 0 0 0 0 0 0 0 0 0 0 0 0 0 0 0 0 0 0]
[10735329341842723944551084745793100060411695292135740345950932142262346353498953400383296664956964954585876388969133397342561220527571922046540777880901904135133539757060034563577845903384033981270854637859418665797705089787480237822789948728323973968443118901401040419838898052089292133861670563291336077716790067178367763455017273822257070190185334589 0 0 0 0 0 0 0 0 0 0 0 0 0 0 0 0 0 0 0 0 0 0 0 0 0 0 0 0 0 0 0 0 0 0 0 0 0 0 0 0 0 0 0 0 0 0 0 0 0 0 0 0 0 0 0 0 0 0 0 0 0 0 0 0 0 0 0 0 0 0 0 0 1 0 0 0 0 0 0 0 0 0 0 0 0 0 0 0 0 0 0 0 0 0 0 0 0 0 0 0 0 0 0 0 0 0 0 0 0 0 0 0 0 0 0 0]
[7390313270491439391818319032758447387336884108345477640242428319963672715856182022841111975163197768527704096718259604498813667196829911881832853988521043819083992897025355266517874440918962069275787369836004116792809308765477993539632789415299032146494826555837532131753643419241803784992276081430196436690907486398737706238694215240128667132441313815 0 0 0 0 0 0 0 0 0 0 0 0 0 0 0 0 0 0 0 0 0 0 0 0 0 0 0 0 0 0 0 0 0 0 0 0 0 0 0 0 0 0 0 0 0 0 0 0 0 0 0 0 0 0 0 0 0 0 0 0 0 0 0 0 0 0 0 0 0 0 0 0 0 1 0 0 0 0 0 0 0 0 0 0 0 0 0 0 0 0 0 0 0 0 0 0 0 0 0 0 0 0 0 0 0 0 0 0 0 0 0 0 0 0 0 0]
[7659970610525243330919286031488009648265531097726164908157809701592279895161621021554948158406857594394446976623080360959066390924289188458630301059439642385768698205934857859008614302549420575983680891228946877773112284602847448415684876037868592557339824482451325882506574150711308352460453171978652221818435805599764062701084612257825154729486965370 0 0 0 0 0 0 0 0 0 0 0 0 0 0 0 0 0 0 0 0 0 0 0 0 0 0 0 0 0 0 0 0 0 0 0 0 0 0 0 0 0 0 0 0 0 0 0 0 0 0 0 0 0 0 0 0 0 0 0 0 0 0 0 0 0 0 0 0 0 0 0 0 0 0 1 0 0 0 0 0 0 0 0 0 0 0 0 0 0 0 0 0 0 0 0 0 0 0 0 0 0 0 0 0 0 0 0 0 0 0 0 0 0 0 0 0]
[7747897546328514452155548999486698855671365350971369709846854424435553364846367864956467194643407950234140444344370212933968397428467953530874310334667393275931170495420549918403715622051008300184809961455959460304945842249816555837458270628809198411700322537692170080866015622443567872779917570712690665338074058397549750688622818576670533094707611658 0 0 0 0 0 0 0 0 0 0 0 0 0 0 0 0 0 0 0 0 0 0 0 0 0 0 0 0 0 0 0 0 0 0 0 0 0 0 0 0 0 0 0 0 0 0 0 0 0 0 0 0 0 0 0 0 0 0 0 0 0 0 0 0 0 0 0 0 0 0 0 0 0 0 0 1 0 0 0 0 0 0 0 0 0 0 0 0 0 0 0 0 0 0 0 0 0 0 0 0 0 0 0 0 0 0 0 0 0 0 0 0 0 0 0 0]
[7747324639178430816519204616701530361608903558196973765509788313785124396920352972348741963402590703604640957547651107170600137213978331101523978915494530512690554544493262079727967158840745325467062931865933345505212804001794233744078184451198510438604010167790832860546661161170720850786826065644853804836938538145363765512962248483458311309733761734 0 0 0 0 0 0 0 0 0 0 0 0 0 0 0 0 0 0 0 0 0 0 0 0 0 0 0 0 0 0 0 0 0 0 0 0 0 0 0 0 0 0 0 0 0 0 0 0 0 0 0 0 0 0 0 0 0 0 0 0 0 0 0 0 0 0 0 0 0 0 0 0 0 0 0 0 1 0 0 0 0 0 0 0 0 0 0 0 0 0 0 0 0 0 0 0 0 0 0 0 0 0 0 0 0 0 0 0 0 0 0 0 0 0 0 0]
[9019668936935636265906685496976781527132876736753099317574266025314996212419914329845638362025332028438882539434744265138655299939394582379641521385262460822206453275169102850255178491033701388973158818901616782014462715716160881231401430397259652904503089833032371173987941173329044515985617828079074815508039519175953703509954112024910422603689046041 0 0 0 0 0 0 0 0 0 0 0 0 0 0 0 0 0 0 0 0 0 0 0 0 0 0 0 0 0 0 0 0 0 0 0 0 0 0 0 0 0 0 0 0 0 0 0 0 0 0 0 0 0 0 0 0 0 0 0 0 0 0 0 0 0 0 0 0 0 0 0 0 0 0 0 0 0 1 0 0 0 0 0 0 0 0 0 0 0 0 0 0 0 0 0 0 0 0 0 0 0 0 0 0 0 0 0 0 0 0 0 0 0 0 0 0]
[10972240941855102699013929195504961940731565755297527583222844344532334207918805305903226746025336706718471709440977677022332687246623340544079923480977651289512235162132318747543634865769028170201478244333247753224287157547468668984058157687855087690064412785301546934134378121032194303810938851887862538875446900618689202117650432254789751129851512865 0 0 0 0 0 0 0 0 0 0 0 0 0 0 0 0 0 0 0 0 0 0 0 0 0 0 0 0 0 0 0 0 0 0 0 0 0 0 0 0 0 0 0 0 0 0 0 0 0 0 0 0 0 0 0 0 0 0 0 0 0 0 0 0 0 0 0 0 0 0 0 0 0 0 0 0 0 0 1 0 0 0 0 0 0 0 0 0 0 0 0 0 0 0 0 0 0 0 0 0 0 0 0 0 0 0 0 0 0 0 0 0 0 0 0 0]
[11182654802647236208442274316178551865268311112695514904275352344917422778189970936156990370367523916536623667357898546307327559394147410456282512705003898511282262199221758819718849998868229545554647164431558619495516890809582570685034535957323552464780967855716455093336993550477592175447521533046608808215842830022593089368197665574749998815503837793 0 0 0 0 0 0 0 0 0 0 0 0 0 0 0 0 0 0 0 0 0 0 0 0 0 0 0 0 0 0 0 0 0 0 0 0 0 0 0 0 0 0 0 0 0 0 0 0 0 0 0 0 0 0 0 0 0 0 0 0 0 0 0 0 0 0 0 0 0 0 0 0 0 0 0 0 0 0 0 1 0 0 0 0 0 0 0 0 0 0 0 0 0 0 0 0 0 0 0 0 0 0 0 0 0 0 0 0 0 0 0 0 0 0 0 0]
[2383058645302203056682042806583983588252236042434014846441449191266341435752173448667585266557757908924743223444831769976346320397109291844639890340958652886894921457646123567279306371032121170645854791145662533997578897228466113853906768516864861739512477108603936865255358241966838775057770238656960187756132405138040387127888671140109143934056076980 0 0 0 0 0 0 0 0 0 0 0 0 0 0 0 0 0 0 0 0 0 0 0 0 0 0 0 0 0 0 0 0 0 0 0 0 0 0 0 0 0 0 0 0 0 0 0 0 0 0 0 0 0 0 0 0 0 0 0 0 0 0 0 0 0 0 0 0 0 0 0 0 0 0 0 0 0 0 0 0 1 0 0 0 0 0 0 0 0 0 0 0 0 0 0 0 0 0 0 0 0 0 0 0 0 0 0 0 0 0 0 0 0 0 0 0]
[9103658316651362966769699238589215054736022264145171932591782027169409665882482250045196716795606815845802398258506735023244848094486880203947730405817755310008322783867296035204152120739289741291755875463804817771355483965096778680174422016302776309620473103532816692562857696248259024694293756469119444420997798004702658423518203578289327366266593470 0 0 0 0 0 0 0 0 0 0 0 0 0 0 0 0 0 0 0 0 0 0 0 0 0 0 0 0 0 0 0 0 0 0 0 0 0 0 0 0 0 0 0 0 0 0 0 0 0 0 0 0 0 0 0 0 0 0 0 0 0 0 0 0 0 0 0 0 0 0 0 0 0 0 0 0 0 0 0 0 0 1 0 0 0 0 0 0 0 0 0 0 0 0 0 0 0 0 0 0 0 0 0 0 0 0 0 0 0 0 0 0 0 0 0 0]
[10764472732612221902065824565306571427490401945740260948453142067392665331098499359753240374643195810909877161921390727440457052843948406879007440900590347910073817008823834199490853762128432853307418719827983733852708523557148222408658198494671099228147126135632096683362391440735003945012149653280832849663891789038165951812030158529280490751612829368 0 0 0 0 0 0 0 0 0 0 0 0 0 0 0 0 0 0 0 0 0 0 0 0 0 0 0 0 0 0 0 0 0 0 0 0 0 0 0 0 0 0 0 0 0 0 0 0 0 0 0 0 0 0 0 0 0 0 0 0 0 0 0 0 0 0 0 0 0 0 0 0 0 0 0 0 0 0 0 0 0 0 1 0 0 0 0 0 0 0 0 0 0 0 0 0 0 0 0 0 0 0 0 0 0 0 0 0 0 0 0 0 0 0 0 0]
[1905058597493920960246555945579635644132490210882204739930672537053472353861438186153143487357939913769992240140380778021575992364597316914882584666053909961099813120079663174917065461674072581049778343875056525542607297754926582581820239877428196409003373565788118738952030912669512018277897316414885888034919323364716341660938039712235159957258844726 0 0 0 0 0 0 0 0 0 0 0 0 0 0 0 0 0 0 0 0 0 0 0 0 0 0 0 0 0 0 0 0 0 0 0 0 0 0 0 0 0 0 0 0 0 0 0 0 0 0 0 0 0 0 0 0 0 0 0 0 0 0 0 0 0 0 0 0 0 0 0 0 0 0 0 0 0 0 0 0 0 0 0 1 0 0 0 0 0 0 0 0 0 0 0 0 0 0 0 0 0 0 0 0 0 0 0 0 0 0 0 0 0 0 0 0]
[7422850970405222952520439033170852566456187539117996993089261549227348836731533109180750351444506290590466379813626191142195041138245690178839237651542934378489974736157352898789459402714953587212707784297575077527116213968214125003999154516649108028490395283829600180646061165189277163541392896940417888989660693376938775253113491542588937668037307322 0 0 0 0 0 0 0 0 0 0 0 0 0 0 0 0 0 0 0 0 0 0 0 0 0 0 0 0 0 0 0 0 0 0 0 0 0 0 0 0 0 0 0 0 0 0 0 0 0 0 0 0 0 0 0 0 0 0 0 0 0 0 0 0 0 0 0 0 0 0 0 0 0 0 0 0 0 0 0 0 0 0 0 0 1 0 0 0 0 0 0 0 0 0 0 0 0 0 0 0 0 0 0 0 0 0 0 0 0 0 0 0 0 0 0 0]
[9428963418455393653889756536222209027516874528848113926052443262248465435137064237923242949778666184136148789232014380915020690939349122446665214126567046441928987196123681081729119291758957732243333530248020393156640815101776035795937521748734370413003659054646660389828768468490675073713441538422254560709964273762004300257710856012992525977438588718 0 0 0 0 0 0 0 0 0 0 0 0 0 0 0 0 0 0 0 0 0 0 0 0 0 0 0 0 0 0 0 0 0 0 0 0 0 0 0 0 0 0 0 0 0 0 0 0 0 0 0 0 0 0 0 0 0 0 0 0 0 0 0 0 0 0 0 0 0 0 0 0 0 0 0 0 0 0 0 0 0 0 0 0 0 1 0 0 0 0 0 0 0 0 0 0 0 0 0 0 0 0 0 0 0 0 0 0 0 0 0 0 0 0 0 0]
[10355990985559028022283297419201861268285695179316877036777056174975487599763432188849300586074472985743627986925846969238401035167878445330955601342980603620977462112490134940343889159791787245889442726059078399741830568660270000136091503232341997519808270646617669641136886606636784967626426858321827911311762143452139111914030890981969842559337300957 0 0 0 0 0 0 0 0 0 0 0 0 0 0 0 0 0 0 0 0 0 0 0 0 0 0 0 0 0 0 0 0 0 0 0 0 0 0 0 0 0 0 0 0 0 0 0 0 0 0 0 0 0 0 0 0 0 0 0 0 0 0 0 0 0 0 0 0 0 0 0 0 0 0 0 0 0 0 0 0 0 0 0 0 0 0 1 0 0 0 0 0 0 0 0 0 0 0 0 0 0 0 0 0 0 0 0 0 0 0 0 0 0 0 0 0]
[11377272646210333081754086502459700251998442555972365433038920272117186556105417581886277917360261653353400257866438282391442219459770399128944695403948876997695108244407897932867836127677188624664445649638119786785540742997965057087966681816708962794544217828792197274554520295783950997787330586092657117685745685822322472091065855267858669174514871471 0 0 0 0 0 0 0 0 0 0 0 0 0 0 0 0 0 0 0 0 0 0 0 0 0 0 0 0 0 0 0 0 0 0 0 0 0 0 0 0 0 0 0 0 0 0 0 0 0 0 0 0 0 0 0 0 0 0 0 0 0 0 0 0 0 0 0 0 0 0 0 0 0 0 0 0 0 0 0 0 0 0 0 0 0 0 0 1 0 0 0 0 0 0 0 0 0 0 0 0 0 0 0 0 0 0 0 0 0 0 0 0 0 0 0 0]
[6224522184496854121042584827374789544478510896848886710501617171955272536214054819819541472581260861093236816961404260135221705940938815158574821530033573198857434596648518789973289899487342070100376717724839650466046452145657205602718674740553609659177960114826682689181777013650059421815169630862433526420539481258525344165302287984675513194957349352 0 0 0 0 0 0 0 0 0 0 0 0 0 0 0 0 0 0 0 0 0 0 0 0 0 0 0 0 0 0 0 0 0 0 0 0 0 0 0 0 0 0 0 0 0 0 0 0 0 0 0 0 0 0 0 0 0 0 0 0 0 0 0 0 0 0 0 0 0 0 0 0 0 0 0 0 0 0 0 0 0 0 0 0 0 0 0 0 1 0 0 0 0 0 0 0 0 0 0 0 0 0 0 0 0 0 0 0 0 0 0 0 0 0 0 0]
[1513213412158368431561832476925065450801963591881854442328571442388070757996538002012046680558599436382773906477811819118562326292640850892655040721458854914225721002476914065596629241660983973227319371392556151971919022527289638895509807848099324816215976440168747225121274379560441992232499544782241429543028688604500148859023360295393700456435321233 0 0 0 0 0 0 0 0 0 0 0 0 0 0 0 0 0 0 0 0 0 0 0 0 0 0 0 0 0 0 0 0 0 0 0 0 0 0 0 0 0 0 0 0 0 0 0 0 0 0 0 0 0 0 0 0 0 0 0 0 0 0 0 0 0 0 0 0 0 0 0 0 0 0 0 0 0 0 0 0 0 0 0 0 0 0 0 0 0 1 0 0 0 0 0 0 0 0 0 0 0 0 0 0 0 0 0 0 0 0 0 0 0 0 0 0]
[6012697982759049177638226156290563478186530881819224460012189246601277738367762059531067986778295424529030635145836381357850504206177578210492732302366025729109648572946825415082489676794795220921550950491260673805817522290720225903161914335756341499065554210597062784562788798365201581179344454753946477538931092711423689734880035867688827796008916840 0 0 0 0 0 0 0 0 0 0 0 0 0 0 0 0 0 0 0 0 0 0 0 0 0 0 0 0 0 0 0 0 0 0 0 0 0 0 0 0 0 0 0 0 0 0 0 0 0 0 0 0 0 0 0 0 0 0 0 0 0 0 0 0 0 0 0 0 0 0 0 0 0 0 0 0 0 0 0 0 0 0 0 0 0 0 0 0 0 0 1 0 0 0 0 0 0 0 0 0 0 0 0 0 0 0 0 0 0 0 0 0 0 0 0 0]
[10916541541465188914523945265380879684503317014551992681277214697860363059791245603110841660789797573165220267913030345242464184539126276337553593390898483715584837764164033137839891642547603911028715313680299451460960760086708559134493392344046690308695521883739212137719187056309026682601854044229513939867375760932098204527910703252961349531819188501 0 0 0 0 0 0 0 0 0 0 0 0 0 0 0 0 0 0 0 0 0 0 0 0 0 0 0 0 0 0 0 0 0 0 0 0 0 0 0 0 0 0 0 0 0 0 0 0 0 0 0 0 0 0 0 0 0 0 0 0 0 0 0 0 0 0 0 0 0 0 0 0 0 0 0 0 0 0 0 0 0 0 0 0 0 0 0 0 0 0 0 1 0 0 0 0 0 0 0 0 0 0 0 0 0 0 0 0 0 0 0 0 0 0 0 0]
[8877678057238382664843846634585677888185024791356973361200355817849405599887118984494820931337380795036564649070373976294331915155274198653930166659253210882467759492652108248527593485408085488897375771720502713226139538658494940275112910163713693535977485199210711045085191359982915300371895982559751485418987649277934372708995480881953360183107412000 0 0 0 0 0 0 0 0 0 0 0 0 0 0 0 0 0 0 0 0 0 0 0 0 0 0 0 0 0 0 0 0 0 0 0 0 0 0 0 0 0 0 0 0 0 0 0 0 0 0 0 0 0 0 0 0 0 0 0 0 0 0 0 0 0 0 0 0 0 0 0 0 0 0 0 0 0 0 0 0 0 0 0 0 0 0 0 0 0 0 0 0 1 0 0 0 0 0 0 0 0 0 0 0 0 0 0 0 0 0 0 0 0 0 0 0]
[3588254857288820990655890258381225199324442406686775258079172913876519350869847447003367376209337548969641554285563474818858510870518882513732179062922353560468511756706681202603593624573899958601878050708495914875204099819996936736047371654511688632105757014960624125524183216443033623419774324275650090410763876472941730948510455579309329594730876267 0 0 0 0 0 0 0 0 0 0 0 0 0 0 0 0 0 0 0 0 0 0 0 0 0 0 0 0 0 0 0 0 0 0 0 0 0 0 0 0 0 0 0 0 0 0 0 0 0 0 0 0 0 0 0 0 0 0 0 0 0 0 0 0 0 0 0 0 0 0 0 0 0 0 0 0 0 0 0 0 0 0 0 0 0 0 0 0 0 0 0 0 0 1 0 0 0 0 0 0 0 0 0 0 0 0 0 0 0 0 0 0 0 0 0 0]
[3500995715278336429030379960421752367839167551133592087103830175869875858502017346549306058542147809494614792463812151994963798779108680179576852739987754123601756908063970484056413639237899770766284847500312732492896112635932678173975560656798000832270988537087052905940102108931889540403782626819213194328926447710073140047169697799234448263871924880 0 0 0 0 0 0 0 0 0 0 0 0 0 0 0 0 0 0 0 0 0 0 0 0 0 0 0 0 0 0 0 0 0 0 0 0 0 0 0 0 0 0 0 0 0 0 0 0 0 0 0 0 0 0 0 0 0 0 0 0 0 0 0 0 0 0 0 0 0 0 0 0 0 0 0 0 0 0 0 0 0 0 0 0 0 0 0 0 0 0 0 0 0 0 1 0 0 0 0 0 0 0 0 0 0 0 0 0 0 0 0 0 0 0 0 0]
[3834782654650335858918236337862491527816031029002869437849497993006907100354629427254604478622112307568204699298667246652851726778997785158173570824954230711706697606638776151304535818360723158957811492208165245195495006533512661932148629113118116225184780669886303657067601283231214150009061626766313799960762195537246082443044675264145675774291746081 0 0 0 0 0 0 0 0 0 0 0 0 0 0 0 0 0 0 0 0 0 0 0 0 0 0 0 0 0 0 0 0 0 0 0 0 0 0 0 0 0 0 0 0 0 0 0 0 0 0 0 0 0 0 0 0 0 0 0 0 0 0 0 0 0 0 0 0 0 0 0 0 0 0 0 0 0 0 0 0 0 0 0 0 0 0 0 0 0 0 0 0 0 0 0 1 0 0 0 0 0 0 0 0 0 0 0 0 0 0 0 0 0 0 0 0]
[6552122317662904618387653641969589796678964565277417985632046240985378825536817706437662776718529187703776506546892363430624773258237515895166556897582215354671651190116819568393603755276430288875880818805531722734191325108537480058639248837554555485767817965784985850842151121168107395584010193618963756817310016732131245021572084965579135568033145479 0 0 0 0 0 0 0 0 0 0 0 0 0 0 0 0 0 0 0 0 0 0 0 0 0 0 0 0 0 0 0 0 0 0 0 0 0 0 0 0 0 0 0 0 0 0 0 0 0 0 0 0 0 0 0 0 0 0 0 0 0 0 0 0 0 0 0 0 0 0 0 0 0 0 0 0 0 0 0 0 0 0 0 0 0 0 0 0 0 0 0 0 0 0 0 0 1 0 0 0 0 0 0 0 0 0 0 0 0 0 0 0 0 0 0 0]
[11101745030170473402343110157124212721771896482773832993439532229899886174123676986815711870079457647583014317462067021691659369941095682041314903161875879725760559639885782908740109883847675251236591403735249791896403978397911085774911362639006267367721363720124422452409607702139615269006195083280427265880181834438652364145882269847353453467285873472 0 0 0 0 0 0 0 0 0 0 0 0 0 0 0 0 0 0 0 0 0 0 0 0 0 0 0 0 0 0 0 0 0 0 0 0 0 0 0 0 0 0 0 0 0 0 0 0 0 0 0 0 0 0 0 0 0 0 0 0 0 0 0 0 0 0 0 0 0 0 0 0 0 0 0 0 0 0 0 0 0 0 0 0 0 0 0 0 0 0 0 0 0 0 0 0 0 1 0 0 0 0 0 0 0 0 0 0 0 0 0 0 0 0 0 0]
[1123126089287903240843753933061382989278432492605982778195620849841659863005396321433261051303290891045678045958806306387061299347166344764987677594552479582603503172616485884763837439943723258473910512982014815457984869992746132794235304509825655158751429480917387436168170835570183692133751752039310855842568033460005177558693455661977683030435448046 0 0 0 0 0 0 0 0 0 0 0 0 0 0 0 0 0 0 0 0 0 0 0 0 0 0 0 0 0 0 0 0 0 0 0 0 0 0 0 0 0 0 0 0 0 0 0 0 0 0 0 0 0 0 0 0 0 0 0 0 0 0 0 0 0 0 0 0 0 0 0 0 0 0 0 0 0 0 0 0 0 0 0 0 0 0 0 0 0 0 0 0 0 0 0 0 0 0 1 0 0 0 0 0 0 0 0 0 0 0 0 0 0 0 0 0]
[5321693110414473870135649730107363875945083622191030844997032370615026446517511749642992873156824205308652588244595296985384783776093344873443192906019998750275938720767534183204851631263568507343992659125221181233996155975930600598700286571009479014926519221793920562308271107363307482780631475188419596929264167688003928545036983578084498836549556437 0 0 0 0 0 0 0 0 0 0 0 0 0 0 0 0 0 0 0 0 0 0 0 0 0 0 0 0 0 0 0 0 0 0 0 0 0 0 0 0 0 0 0 0 0 0 0 0 0 0 0 0 0 0 0 0 0 0 0 0 0 0 0 0 0 0 0 0 0 0 0 0 0 0 0 0 0 0 0 0 0 0 0 0 0 0 0 0 0 0 0 0 0 0 0 0 0 0 0 1 0 0 0 0 0 0 0 0 0 0 0 0 0 0 0 0]
[5727052225604814474945568483501420717165198632483437538276674600052283735394558555059456218320532500942729036953038707726002702364753757469329654205265680248829290658588049027995040438643400445712911041590246110134885052619616304728319170770022316201286089024413826489248512636420158544171951054875895725532237616617322281449753479170070988463104005115 0 0 0 0 0 0 0 0 0 0 0 0 0 0 0 0 0 0 0 0 0 0 0 0 0 0 0 0 0 0 0 0 0 0 0 0 0 0 0 0 0 0 0 0 0 0 0 0 0 0 0 0 0 0 0 0 0 0 0 0 0 0 0 0 0 0 0 0 0 0 0 0 0 0 0 0 0 0 0 0 0 0 0 0 0 0 0 0 0 0 0 0 0 0 0 0 0 0 0 0 1 0 0 0 0 0 0 0 0 0 0 0 0 0 0 0]
[7080956945238514820941460645658195923964624029324719169303296313579532804454253039187413406988260245134928938059483720518052513418869661809318553909578957120357008924316868965307727451716245425835401574513218437165543005042173319785622974494492310568375334382254962424127709061847858889896041568499640850017049727750407872757598925933922414772996408573 0 0 0 0 0 0 0 0 0 0 0 0 0 0 0 0 0 0 0 0 0 0 0 0 0 0 0 0 0 0 0 0 0 0 0 0 0 0 0 0 0 0 0 0 0 0 0 0 0 0 0 0 0 0 0 0 0 0 0 0 0 0 0 0 0 0 0 0 0 0 0 0 0 0 0 0 0 0 0 0 0 0 0 0 0 0 0 0 0 0 0 0 0 0 0 0 0 0 0 0 0 1 0 0 0 0 0 0 0 0 0 0 0 0 0 0]
[6895659618254646415908338037168903001870991332775229373710862780619512022316704236495295695010958152863273671663567621160383185407579872537719217235396623891795511806325544194797084229529100808524822825202185558524747543491523128507982754542584510083494117414499775585394452369407403455871498023586775046331861137670966692024645954181496331565890912267 0 0 0 0 0 0 0 0 0 0 0 0 0 0 0 0 0 0 0 0 0 0 0 0 0 0 0 0 0 0 0 0 0 0 0 0 0 0 0 0 0 0 0 0 0 0 0 0 0 0 0 0 0 0 0 0 0 0 0 0 0 0 0 0 0 0 0 0 0 0 0 0 0 0 0 0 0 0 0 0 0 0 0 0 0 0 0 0 0 0 0 0 0 0 0 0 0 0 0 0 0 0 1 0 0 0 0 0 0 0 0 0 0 0 0 0]
[4357133348709808157368645992419322190135813224860806158229567706804157172992495750265804810251376157026734885764163403568802029633639861930678239584452830846969094721131493936143999997091238944784277886660926515408035547378802039730756639410519678193380009658620722864008631944076449229036261152122319695875675909617705221954796057375490269337063026257 0 0 0 0 0 0 0 0 0 0 0 0 0 0 0 0 0 0 0 0 0 0 0 0 0 0 0 0 0 0 0 0 0 0 0 0 0 0 0 0 0 0 0 0 0 0 0 0 0 0 0 0 0 0 0 0 0 0 0 0 0 0 0 0 0 0 0 0 0 0 0 0 0 0 0 0 0 0 0 0 0 0 0 0 0 0 0 0 0 0 0 0 0 0 0 0 0 0 0 0 0 0 0 1 0 0 0 0 0 0 0 0 0 0 0 0]
[2600321831740829643402174003032775219692083108011437743538411538162663747931151655652069344670539021091929523266136257126372656705537509189983831892329513464409547460051999777824056130236471712881594405786748983392941054041357760754408818112848189311448076589303582317888665970499322729497963054210016061195441044066496191831107016149938082576992153970 0 0 0 0 0 0 0 0 0 0 0 0 0 0 0 0 0 0 0 0 0 0 0 0 0 0 0 0 0 0 0 0 0 0 0 0 0 0 0 0 0 0 0 0 0 0 0 0 0 0 0 0 0 0 0 0 0 0 0 0 0 0 0 0 0 0 0 0 0 0 0 0 0 0 0 0 0 0 0 0 0 0 0 0 0 0 0 0 0 0 0 0 0 0 0 0 0 0 0 0 0 0 0 0 1 0 0 0 0 0 0 0 0 0 0 0]
[6845278452731783447153246041217445390783346283799065935035978622926079026706890884646001285924789083780254453472532463462736583523988281809196122528194567872546499516168293465368673504142075935945194874470397590493383400256689509334676076028570509590392503523644280140873264516348793045066205964564921960940507971039214292511562511790848581320380764295 0 0 0 0 0 0 0 0 0 0 0 0 0 0 0 0 0 0 0 0 0 0 0 0 0 0 0 0 0 0 0 0 0 0 0 0 0 0 0 0 0 0 0 0 0 0 0 0 0 0 0 0 0 0 0 0 0 0 0 0 0 0 0 0 0 0 0 0 0 0 0 0 0 0 0 0 0 0 0 0 0 0 0 0 0 0 0 0 0 0 0 0 0 0 0 0 0 0 0 0 0 0 0 0 0 1 0 0 0 0 0 0 0 0 0 0]
[8834723437158065739777773859370833638257137748596421508468060049253261501753410644324874976388038490353643353348738990285527081388176244278337209654123948118587173902266494404276509287839619738411666016721801761864249926375694911744366173355558468050072192612923629539559185432304133415127658536234754110132797536775503345545752177204164840685664863919 0 0 0 0 0 0 0 0 0 0 0 0 0 0 0 0 0 0 0 0 0 0 0 0 0 0 0 0 0 0 0 0 0 0 0 0 0 0 0 0 0 0 0 0 0 0 0 0 0 0 0 0 0 0 0 0 0 0 0 0 0 0 0 0 0 0 0 0 0 0 0 0 0 0 0 0 0 0 0 0 0 0 0 0 0 0 0 0 0 0 0 0 0 0 0 0 0 0 0 0 0 0 0 0 0 0 1 0 0 0 0 0 0 0 0 0]
[5415482803002358797906271627704301931351374149255300692643872280062497891219522800711821758453658265238154465131770087595413751439331820441801234455284033871949605834438779425914528600825165742169992093848199281532820851210230568955671324323665336896369175716840092271939800493348561194400171159699277054158766399065668254366261504681629013351569563510 0 0 0 0 0 0 0 0 0 0 0 0 0 0 0 0 0 0 0 0 0 0 0 0 0 0 0 0 0 0 0 0 0 0 0 0 0 0 0 0 0 0 0 0 0 0 0 0 0 0 0 0 0 0 0 0 0 0 0 0 0 0 0 0 0 0 0 0 0 0 0 0 0 0 0 0 0 0 0 0 0 0 0 0 0 0 0 0 0 0 0 0 0 0 0 0 0 0 0 0 0 0 0 0 0 0 0 1 0 0 0 0 0 0 0 0]
[3486852844811464255873207552149578355385156426315036882380109627658463241757914878582354402604572838251084197374436436255418932325884039327984975100177550388138600333878041605710807582472379420171115808899124566643914268594468909982377270791307396611888427821082417569075084559767477020282661715316030220151771197703076724625537127367522670362084993707 0 0 0 0 0 0 0 0 0 0 0 0 0 0 0 0 0 0 0 0 0 0 0 0 0 0 0 0 0 0 0 0 0 0 0 0 0 0 0 0 0 0 0 0 0 0 0 0 0 0 0 0 0 0 0 0 0 0 0 0 0 0 0 0 0 0 0 0 0 0 0 0 0 0 0 0 0 0 0 0 0 0 0 0 0 0 0 0 0 0 0 0 0 0 0 0 0 0 0 0 0 0 0 0 0 0 0 0 1 0 0 0 0 0 0 0]
[976479441040554586672619896752504645729504847165482547428890751921032359159083841815569711411726996577798563621538048792464307158986252651881308387106068660434205773270204600677474636221391208870611620127293193617562624330820607199216964020013777280598387770448741963986337476633919346022755357163021063084612254636194965521119873779662658170150639505 0 0 0 0 0 0 0 0 0 0 0 0 0 0 0 0 0 0 0 0 0 0 0 0 0 0 0 0 0 0 0 0 0 0 0 0 0 0 0 0 0 0 0 0 0 0 0 0 0 0 0 0 0 0 0 0 0 0 0 0 0 0 0 0 0 0 0 0 0 0 0 0 0 0 0 0 0 0 0 0 0 0 0 0 0 0 0 0 0 0 0 0 0 0 0 0 0 0 0 0 0 0 0 0 0 0 0 0 0 1 0 0 0 0 0 0]
[5640445197130155304189629847660450042130889435127974843905540951256776479670057751707224938505629544430596150327006691612530863232002992934843930805337750603090735915738534596642419141718087797716989643781472595171103613126018274432248996573643342492922106455667127784366431281248899274639959391393323366593712932599940346235595675926767089143484210965 0 0 0 0 0 0 0 0 0 0 0 0 0 0 0 0 0 0 0 0 0 0 0 0 0 0 0 0 0 0 0 0 0 0 0 0 0 0 0 0 0 0 0 0 0 0 0 0 0 0 0 0 0 0 0 0 0 0 0 0 0 0 0 0 0 0 0 0 0 0 0 0 0 0 0 0 0 0 0 0 0 0 0 0 0 0 0 0 0 0 0 0 0 0 0 0 0 0 0 0 0 0 0 0 0 0 0 0 0 0 1 0 0 0 0 0]
[2163421847229009335895447695820412207626560746527828385499431788152733474608923291499485986416241703303657942534978150045121386222779176548591362021373925946222756238949703319068715681258235990708131819912279163002247582472889252265739863926130862876829705123700395310731907470231731714003291085680166147788220002862525624408671200918933489653915191973 0 0 0 0 0 0 0 0 0 0 0 0 0 0 0 0 0 0 0 0 0 0 0 0 0 0 0 0 0 0 0 0 0 0 0 0 0 0 0 0 0 0 0 0 0 0 0 0 0 0 0 0 0 0 0 0 0 0 0 0 0 0 0 0 0 0 0 0 0 0 0 0 0 0 0 0 0 0 0 0 0 0 0 0 0 0 0 0 0 0 0 0 0 0 0 0 0 0 0 0 0 0 0 0 0 0 0 0 0 0 0 1 0 0 0 0]
[5147282139070374201751721520182348426371810058438535855230781770498244822922761808694777801629379601554060259326179697554549111777918157007849822688185800534296546590604912175691037282974939261456125091059579551549457056752426969796714195628115666300833219073268938788031913758268018751740151281726268161722998077310130416821349778561774798646180314135 0 0 0 0 0 0 0 0 0 0 0 0 0 0 0 0 0 0 0 0 0 0 0 0 0 0 0 0 0 0 0 0 0 0 0 0 0 0 0 0 0 0 0 0 0 0 0 0 0 0 0 0 0 0 0 0 0 0 0 0 0 0 0 0 0 0 0 0 0 0 0 0 0 0 0 0 0 0 0 0 0 0 0 0 0 0 0 0 0 0 0 0 0 0 0 0 0 0 0 0 0 0 0 0 0 0 0 0 0 0 0 0 1 0 0 0]
[6960691494038491809054419397760413728494797597136021043189402293638930894409225008994834622288637333617556877165166284017021560107232567444991754520278343268584432043323552081545150505749550765596733005374347109593462478458751891536177258820910400089426858970100340248352670993224559787414994098467717034095216268148509053661929113496755910363524551424 0 0 0 0 0 0 0 0 0 0 0 0 0 0 0 0 0 0 0 0 0 0 0 0 0 0 0 0 0 0 0 0 0 0 0 0 0 0 0 0 0 0 0 0 0 0 0 0 0 0 0 0 0 0 0 0 0 0 0 0 0 0 0 0 0 0 0 0 0 0 0 0 0 0 0 0 0 0 0 0 0 0 0 0 0 0 0 0 0 0 0 0 0 0 0 0 0 0 0 0 0 0 0 0 0 0 0 0 0 0 0 0 0 1 0 0]
[9649729684101904485402380114902951477822216939146184979658566556494040081773662629377705839624798687106536764636477230316293314663172134802901642830403515148316133677779086770966622781808289878974586115581452216728817120831663583031777194356982737510469407546846316330172630414171537437547557559742482978372775431914464705067184891189856434734055752819 0 0 0 0 0 0 0 0 0 0 0 0 0 0 0 0 0 0 0 0 0 0 0 0 0 0 0 0 0 0 0 0 0 0 0 0 0 0 0 0 0 0 0 0 0 0 0 0 0 0 0 0 0 0 0 0 0 0 0 0 0 0 0 0 0 0 0 0 0 0 0 0 0 0 0 0 0 0 0 0 0 0 0 0 0 0 0 0 0 0 0 0 0 0 0 0 0 0 0 0 0 0 0 0 0 0 0 0 0 0 0 0 0 0 1 0]
[5071628972997214603618952743601727895002115917827424751627640295960115094428951455394384555423484393875091375663619953995908722999079010950851677992762273916429338541698458371038410628274016506894124280739207571357698518754834561549539565387306528888037137668713630164895001520212091202801537953586026751825836536008636145435827834159510453965054067804 0 0 0 0 0 0 0 0 0 0 0 0 0 0 0 0 0 0 0 0 0 0 0 0 0 0 0 0 0 0 0 0 0 0 0 0 0 0 0 0 0 0 0 0 0 0 0 0 0 0 0 0 0 0 0 0 0 0 0 0 0 0 0 0 0 0 0 0 0 0 0 0 0 0 0 0 0 0 0 0 0 0 0 0 0 0 0 0 0 0 0 0 0 0 0 0 0 0 0 0 0 0 0 0 0 0 0 0 0 0 0 0 0 0 0 1]
]
