[[12059690369925261646365057138540233895932529519118618556904426199893040261918740181298167921265671124328316698463636813792071552509125579183134574203078881064030857279035095401953765714974790838418790504517477926361713809767639625203346307420543086189447034132124063673907758263045995607655660640816322604481151282298510213239857639954060915431629170621 0 0 0 0 0 0 0 0 0 0 0 0 0 0 0 0 0 0 0 0 0 0 0 0 0 0 0 0 0 0 0 0 0 0 0 0 0 0 0 0 0 0 0 0 0 0 0 0 0 0 0 0 0 0 0 0 0 0 0 0 0 0 0 0 0 0 0 0 0 0 0 0 0 0 0 0 0 0 0 0 0 0 0 0 0 0 0 0 0 0 0 0 0 0 0 0 0 0 0 0 0 0 0 0 0 0 0 0 0 0 0 0 0 0 0 0]
[10778629645664923139879481793382902823352453385412243153676561487141249319629722984258298476511061534676723716423641888776641257114408943632798124203255346669122887497270319038892793545989012655209049550654375104091993395207445671997914451559483912062736932813748578500455718064890817012799530492635304732364461013349888136565682820845532175151209929721 1 0 0 0 0 0 0 0 0 0 0 0 0 0 0 0 0 0 0 0 0 0 0 0 0 0 0 0 0 0 0 0 0 0 0 0 0 0 0 0 0 0 0 0 0 0 0 0 0 0 0 0 0 0 0 0 0 0 0 0 0 0 0 0 0 0 0 0 0 0 0 0 0 0 0 0 0 0 0 0 0 0 0 0 0 0 0 0 0 0 0 0 0 0 0 0 0 0 0 0 0 0 0 0 0 0 0 0 0 0 0 0 0 0 0 0]
[11429025106712382598168419280718435217456065817576536085684916338892838046706000700575005712653569561847425156470593041503862144989463093339247186655470198774824003530455844260199276930805356657304424354590742880172568462694232327945247215303826432605095916325648191047674458805644027919000892861056927046286993615157305279068170479078139854020265433557 0 1 0 0 0 0 0 0 0 0 0 0 0 0 0 0 0 0 0 0 0 0 0 0 0 0 0 0 0 0 0 0 0 0 0 0 0 0 0 0 0 0 0 0 0 0 0 0 0 0 0 0 0 0 0 0 0 0 0 0 0 0 0 0 0 0 0 0 0 0 0 0 0 0 0 0 0 0 0 0 0 0 0 0 0 0 0 0 0 0 0 0 0 0 0 0 0 0 0 0 0 0 0 0 0 0 0 0 0 0 0 0 0 0 0 0]
[34148843567910996785132702626558340636449480427592994568978225116881220657690129959655446634343237684004970847644858035290243287493151041049321230349294958076070777774708215251192434391185628432799779961264371726270587606162971763109748464983735573653663105035581272683594617190146832505675626272319588800267031697918509392552207179843210668059291386 0 0 1 0 0 0 0 0 0 0 0 0 0 0 0 0 0 0 0 0 0 0 0 0 0 0 0 0 0 0 0 0 0 0 0 0 0 0 0 0 0 0 0 0 0 0 0 0 0 0 0 0 0 0 0 0 0 0 0 0 0 0 0 0 0 0 0 0 0 0 0 0 0 0 0 0 0 0 0 0 0 0 0 0 0 0 0 0 0 0 0 0 0 0 0 0 0 0 0 0 0 0 0 0 0 0 0 0 0 0 0 0 0 0 0 0]
[7696539825779009988535989988251761437319479445030326869019212409718248680904950135798587450054572179366635575286673284548519843111446989666578633381241246131022448264872634062404208416750142966362621769001553208842795256669190329595548047110913695648002270448865221616455350127989209782527056591723997797508353690860166462225464217648168591145661241062 0 0 0 1 0 0 0 0 0 0 0 0 0 0 0 0 0 0 0 0 0 0 0 0 0 0 0 0 0 0 0 0 0 0 0 0 0 0 0 0 0 0 0 0 0 0 0 0 0 0 0 0 0 0 0 0 0 0 0 0 0 0 0 0 0 0 0 0 0 0 0 0 0 0 0 0 0 0 0 0 0 0 0 0 0 0 0 0 0 0 0 0 0 0 0 0 0 0 0 0 0 0 0 0 0 0 0 0 0 0 0 0 0 0 0 0]
[4732495907694316632264613064378696380079684233752192119483243228409566120760425124234346287801118858554727341419563041856585670839929002012688103528032002613111017939779932119933081867093164244548049115985600458261331851711258605432668691675300555023753021792154024659856362336399870414026580466851943449194401825413125744012095598315233378302084283230 0 0 0 0 1 0 0 0 0 0 0 0 0 0 0 0 0 0 0 0 0 0 0 0 0 0 0 0 0 0 0 0 0 0 0 0 0 0 0 0 0 0 0 0 0 0 0 0 0 0 0 0 0 0 0 0 0 0 0 0 0 0 0 0 0 0 0 0 0 0 0 0 0 0 0 0 0 0 0 0 0 0 0 0 0 0 0 0 0 0 0 0 0 0 0 0 0 0 0 0 0 0 0 0 0 0 0 0 0 0 0 0 0 0 0 0]
[9191204422896919894365807891772891032100107765240713331774658515223617583141949978259798183244676767599515322612366179038650615059059387511002315158912657694926322067237997550808389722130023444587994555347814518638482906053902349844918703272002456295559132639389292684172454320640225174984785632587316445228601447425944695444926150381035057765158281991 0 0 0 0 0 1 0 0 0 0 0 0 0 0 0 0 0 0 0 0 0 0 0 0 0 0 0 0 0 0 0 0 0 0 0 0 0 0 0 0 0 0 0 0 0 0 0 0 0 0 0 0 0 0 0 0 0 0 0 0 0 0 0 0 0 0 0 0 0 0 0 0 0 0 0 0 0 0 0 0 0 0 0 0 0 0 0 0 0 0 0 0 0 0 0 0 0 0 0 0 0 0 0 0 0 0 0 0 0 0 0 0 0 0 0 0]
[5601040192354047285287547161106434543305658256901603042447019820841922582788665044643003617561282542550384087282483436725509533583524663600955894053154442416680643255114230864955447397905708293024016978756253962400547506780847796967832915425959233209320569411308606170802446564883022745394190121358933021450068091106069065868911369869276932927313133294 0 0 0 0 0 0 1 0 0 0 0 0 0 0 0 0 0 0 0 0 0 0 0 0 0 0 0 0 0 0 0 0 0 0 0 0 0 0 0 0 0 0 0 0 0 0 0 0 0 0 0 0 0 0 0 0 0 0 0 0 0 0 0 0 0 0 0 0 0 0 0 0 0 0 0 0 0 0 0 0 0 0 0 0 0 0 0 0 0 0 0 0 0 0 0 0 0 0 0 0 0 0 0 0 0 0 0 0 0 0 0 0 0 0 0 0]
[10170782107151453889960988406985935280090838458913316337546927872535397085907792515059328277836383187210943178641047196106619695469783475792416057670116161474667817359165519935789432106645325558152415722056101868786558998203117943035380305252335786534293590037637642362325278626094545077880621610897601466517217844909258177417026429430166656569047030289 0 0 0 0 0 0 0 1 0 0 0 0 0 0 0 0 0 0 0 0 0 0 0 0 0 0 0 0 0 0 0 0 0 0 0 0 0 0 0 0 0 0 0 0 0 0 0 0 0 0 0 0 0 0 0 0 0 0 0 0 0 0 0 0 0 0 0 0 0 0 0 0 0 0 0 0 0 0 0 0 0 0 0 0 0 0 0 0 0 0 0 0 0 0 0 0 0 0 0 0 0 0 0 0 0 0 0 0 0 0 0 0 0 0 0 0]
[10435858547253556428709892230846788767431150188011533968006671520948156879084410674423674113282997911256415088022961616874544903389799516704619334828478275321218779895164185207735471095460697915360623077602761397169695749028091796740990053458885219763445522122499956599317377785934779084007737445103630782554987425526714529572144728949015616706722562633 0 0 0 0 0 0 0 0 1 0 0 0 0 0 0 0 0 0 0 0 0 0 0 0 0 0 0 0 0 0 0 0 0 0 0 0 0 0 0 0 0 0 0 0 0 0 0 0 0 0 0 0 0 0 0 0 0 0 0 0 0 0 0 0 0 0 0 0 0 0 0 0 0 0 0 0 0 0 0 0 0 0 0 0 0 0 0 0 0 0 0 0 0 0 0 0 0 0 0 0 0 0 0 0 0 0 0 0 0 0 0 0 0 0 0 0]
[3415162750703833213546668447500169509792656770098261698401746214875183856826067060919726717228788620992676542014405960787128322299817277434605796036171353328741604583097201799001546350285276007615921336116070947951932609177435929297089039130953404009025514381204636083197120378488961767587802942006368440465009919229178567103979815876481998117022371980 0 0 0 0 0 0 0 0 0 1 0 0 0 0 0 0 0 0 0 0 0 0 0 0 0 0 0 0 0 0 0 0 0 0 0 0 0 0 0 0 0 0 0 0 0 0 0 0 0 0 0 0 0 0 0 0 0 0 0 0 0 0 0 0 0 0 0 0 0 0 0 0 0 0 0 0 0 0 0 0 0 0 0 0 0 0 0 0 0 0 0 0 0 0 0 0 0 0 0 0 0 0 0 0 0 0 0 0 0 0 0 0 0 0 0 0]
[1288169135197462279798994081207854100692809988935271296994787619873539247052210763911920426493942633747000177976643032251168023257802473490425559345520762486293109703443594199911936872633018387254350621960012099642051665021543741111671779677656155008393498715695807120920127165157800264549412683117891928318346065406393011797027016594900875536690871480 0 0 0 0 0 0 0 0 0 0 1 0 0 0 0 0 0 0 0 0 0 0 0 0 0 0 0 0 0 0 0 0 0 0 0 0 0 0 0 0 0 0 0 0 0 0 0 0 0 0 0 0 0 0 0 0 0 0 0 0 0 0 0 0 0 0 0 0 0 0 0 0 0 0 0 0 0 0 0 0 0 0 0 0 0 0 0 0 0 0 0 0 0 0 0 0 0 0 0 0 0 0 0 0 0 0 0 0 0 0 0 0 0 0 0 0]
[373437580381867797161051034107704600951327112694337977621915340081130255684525639213730414880203550712333097455716733823956813251330433865260861454856573771934292378456263405324933495752802613709354195428245325167197616397746712113009423652873563112296541117196403101497412723337971782309681074976762802728260461417037546768435094186373237611940382340 0 0 0 0 0 0 0 0 0 0 0 1 0 0 0 0 0 0 0 0 0 0 0 0 0 0 0 0 0 0 0 0 0 0 0 0 0 0 0 0 0 0 0 0 0 0 0 0 0 0 0 0 0 0 0 0 0 0 0 0 0 0 0 0 0 0 0 0 0 0 0 0 0 0 0 0 0 0 0 0 0 0 0 0 0 0 0 0 0 0 0 0 0 0 0 0 0 0 0 0 0 0 0 0 0 0 0 0 0 0 0 0 0 0 0 0]
[5643794193752418295344117916230358271958938090733062427985137832538005901620367033970237167746831979238347228113965524551304199608335982814470956915763507002728871182516493688756280128291406832035195358323054691477358045255812424216121219899063245381367658690069632105510240951782238065613593528093639705484998258362058522628358431383267782101174782200 0 0 0 0 0 0 0 0 0 0 0 0 1 0 0 0 0 0 0 0 0 0 0 0 0 0 0 0 0 0 0 0 0 0 0 0 0 0 0 0 0 0 0 0 0 0 0 0 0 0 0 0 0 0 0 0 0 0 0 0 0 0 0 0 0 0 0 0 0 0 0 0 0 0 0 0 0 0 0 0 0 0 0 0 0 0 0 0 0 0 0 0 0 0 0 0 0 0 0 0 0 0 0 0 0 0 0 0 0 0 0 0 0 0 0 0]
[8837311368362004309442676937523540186199853398491604720337251153406819196371183246540281878710344088830510503507235236107551543506107325500550804097116412646335497071001356379129890003023483099767673327064688265120959929449634268013566852548075805626982179951305081283938601773959852488123033917992892526827740692339411532743193245244710151925493217169 0 0 0 0 0 0 0 0 0 0 0 0 0 1 0 0 0 0 0 0 0 0 0 0 0 0 0 0 0 0 0 0 0 0 0 0 0 0 0 0 0 0 0 0 0 0 0 0 0 0 0 0 0 0 0 0 0 0 0 0 0 0 0 0 0 0 0 0 0 0 0 0 0 0 0 0 0 0 0 0 0 0 0 0 0 0 0 0 0 0 0 0 0 0 0 0 0 0 0 0 0 0 0 0 0 0 0 0 0 0 0 0 0 0 0 0]
[9204679746394174888204084691901952782038432511306746052683664989955426066756781748037323332067505691544965405234914780522495573988198323931055136707722532448783207233286739874487623003664069316093075796283779225059935498275703207290348660028158337499566296357667440935892757610519652575859776235842182915766345705388508101885712155351537192832771530846 0 0 0 0 0 0 0 0 0 0 0 0 0 0 1 0 0 0 0 0 0 0 0 0 0 0 0 0 0 0 0 0 0 0 0 0 0 0 0 0 0 0 0 0 0 0 0 0 0 0 0 0 0 0 0 0 0 0 0 0 0 0 0 0 0 0 0 0 0 0 0 0 0 0 0 0 0 0 0 0 0 0 0 0 0 0 0 0 0 0 0 0 0 0 0 0 0 0 0 0 0 0 0 0 0 0 0 0 0 0 0 0 0 0 0 0]
[6141984066619743872040659840167206629801828397184011872419786064940815468848766140101885192857176966957328420027823960018871287180905907231469907180452586230644857617770722734011056025262195989399808621052929830621842333260221403790217104411126220195154217425960077810818524173412333583162422174602387597853304289952355012321356480961671942524418642267 0 0 0 0 0 0 0 0 0 0 0 0 0 0 0 1 0 0 0 0 0 0 0 0 0 0 0 0 0 0 0 0 0 0 0 0 0 0 0 0 0 0 0 0 0 0 0 0 0 0 0 0 0 0 0 0 0 0 0 0 0 0 0 0 0 0 0 0 0 0 0 0 0 0 0 0 0 0 0 0 0 0 0 0 0 0 0 0 0 0 0 0 0 0 0 0 0 0 0 0 0 0 0 0 0 0 0 0 0 0 0 0 0 0 0 0]
[10362178986220065128533499021809141064841207057529549704389938709557039209298518669685926729361827457838377393602375707599721312370098124626893078320652596400761381744663838605645468120099959553236038210845667428817454938003532718814133425184818080032404318380001711917703913344246544275682166348405358222580717279300824133664223069649189804224354272678 0 0 0 0 0 0 0 0 0 0 0 0 0 0 0 0 1 0 0 0 0 0 0 0 0 0 0 0 0 0 0 0 0 0 0 0 0 0 0 0 0 0 0 0 0 0 0 0 0 0 0 0 0 0 0 0 0 0 0 0 0 0 0 0 0 0 0 0 0 0 0 0 0 0 0 0 0 0 0 0 0 0 0 0 0 0 0 0 0 0 0 0 0 0 0 0 0 0 0 0 0 0 0 0 0 0 0 0 0 0 0 0 0 0 0 0]
[11832623436568483091969716849361034112070333501992435293665023022058245231963915953880568444806992198876276590121210076558207415119912629902773181289878831493147237102361964210414457666082467337285807020195580470512557561189619778956999180085753940157810521952766924260834800739826830859132227634423128568445566864911084922506428158440417194216326491839 0 0 0 0 0 0 0 0 0 0 0 0 0 0 0 0 0 1 0 0 0 0 0 0 0 0 0 0 0 0 0 0 0 0 0 0 0 0 0 0 0 0 0 0 0 0 0 0 0 0 0 0 0 0 0 0 0 0 0 0 0 0 0 0 0 0 0 0 0 0 0 0 0 0 0 0 0 0 0 0 0 0 0 0 0 0 0 0 0 0 0 0 0 0 0 0 0 0 0 0 0 0 0 0 0 0 0 0 0 0 0 0 0 0 0 0]
[3921948956785177460546173300413669026673827710661312875319625456181101285514904792661580103729520474891629779847319244823882315367956167335607274713097264683743172464079164243137204719182480524390551501468096382820172560393971879179884904847626410477228505931851911030298256641238691162854318836669390294479215714716310751424989810240114616379459145334 0 0 0 0 0 0 0 0 0 0 0 0 0 0 0 0 0 0 1 0 0 0 0 0 0 0 0 0 0 0 0 0 0 0 0 0 0 0 0 0 0 0 0 0 0 0 0 0 0 0 0 0 0 0 0 0 0 0 0 0 0 0 0 0 0 0 0 0 0 0 0 0 0 0 0 0 0 0 0 0 0 0 0 0 0 0 0 0 0 0 0 0 0 0 0 0 0 0 0 0 0 0 0 0 0 0 0 0 0 0 0 0 0 0 0 0]
[2067550087616691775434305450710412522804450109052257795968031104741067222251178933171169458660485954507072915441042063976750402131565603380018618258210291869247658923852602008006296833508839978397008412816130190057535855688880731323485472439493059416977018935792250481836984036476355814860903287205636239301359701059719157200997505420754780703864414014 0 0 0 0 0 0 0 0 0 0 0 0 0 0 0 0 0 0 0 1 0 0 0 0 0 0 0 0 0 0 0 0 0 0 0 0 0 0 0 0 0 0 0 0 0 0 0 0 0 0 0 0 0 0 0 0 0 0 0 0 0 0 0 0 0 0 0 0 0 0 0 0 0 0 0 0 0 0 0 0 0 0 0 0 0 0 0 0 0 0 0 0 0 0 0 0 0 0 0 0 0 0 0 0 0 0 0 0 0 0 0 0 0 0 0 0]
[6955382534052447938417865857134929674518768108420186154650019195980285296266004680719281360346913862750838933313441764033521897815926420048999484925747098578963560821321737687659741817439901164407483158537906273808224826929583621703770217376861547758698829422874446187231424114045033535761378611249442186966027783579901457846491355593428215470383765375 0 0 0 0 0 0 0 0 0 0 0 0 0 0 0 0 0 0 0 0 1 0 0 0 0 0 0 0 0 0 0 0 0 0 0 0 0 0 0 0 0 0 0 0 0 0 0 0 0 0 0 0 0 0 0 0 0 0 0 0 0 0 0 0 0 0 0 0 0 0 0 0 0 0 0 0 0 0 0 0 0 0 0 0 0 0 0 0 0 0 0 0 0 0 0 0 0 0 0 0 0 0 0 0 0 0 0 0 0 0 0 0 0 0 0 0]
[111711591801278261775067099870377390950294312417616361651061475998279023977968429552502407434484173285832430750625132397240970013392167515581905698868818527060879206749764767185084681858077228065066167662884204155229522337161911764296015871592981584146643193948676040048304550805471901077793041963384552376770101969617278055758509063695881327129034975 0 0 0 0 0 0 0 0 0 0 0 0 0 0 0 0 0 0 0 0 0 1 0 0 0 0 0 0 0 0 0 0 0 0 0 0 0 0 0 0 0 0 0 0 0 0 0 0 0 0 0 0 0 0 0 0 0 0 0 0 0 0 0 0 0 0 0 0 0 0 0 0 0 0 0 0 0 0 0 0 0 0 0 0 0 0 0 0 0 0 0 0 0 0 0 0 0 0 0 0 0 0 0 0 0 0 0 0 0 0 0 0 0 0 0 0]
[7356870988271182172456167055275416254487346266663899200374657707323962405858317876417135893160497587175683379780453050189179436468041624615661147037218015854726501906077349924132577070586054683408125303584575320076102300890502089245577441623279172459731234892070812383411372025811892834417511415420523829920265026831614569969987077802720571638338515838 0 0 0 0 0 0 0 0 0 0 0 0 0 0 0 0 0 0 0 0 0 0 1 0 0 0 0 0 0 0 0 0 0 0 0 0 0 0 0 0 0 0 0 0 0 0 0 0 0 0 0 0 0 0 0 0 0 0 0 0 0 0 0 0 0 0 0 0 0 0 0 0 0 0 0 0 0 0 0 0 0 0 0 0 0 0 0 0 0 0 0 0 0 0 0 0 0 0 0 0 0 0 0 0 0 0 0 0 0 0 0 0 0 0 0 0]
[5958865897899244243047522564241888380003097198410890668192287056574850271139809641965225353571955948869414238653015307657635438845501346309561525443081800499175871782344047997537210859175270836299915055645184396426776480931961244334243991286023981126550929750348539712797643127570741652754579833368118212375278123537112906763228593990806025288375973330 0 0 0 0 0 0 0 0 0 0 0 0 0 0 0 0 0 0 0 0 0 0 0 1 0 0 0 0 0 0 0 0 0 0 0 0 0 0 0 0 0 0 0 0 0 0 0 0 0 0 0 0 0 0 0 0 0 0 0 0 0 0 0 0 0 0 0 0 0 0 0 0 0 0 0 0 0 0 0 0 0 0 0 0 0 0 0 0 0 0 0 0 0 0 0 0 0 0 0 0 0 0 0 0 0 0 0 0 0 0 0 0 0 0 0 0]
[1533310878110440020697075629572386508827528526175208832156631051685954629393410336407382802044330675075447460403201311390934136865830093776854210478249577912070186947834284068529747654294172119679644722012180058647282810003757002834304710049719680791027866679830477722754403246569984287065162361978596922541933782752323927613237711949712513139634961956 0 0 0 0 0 0 0 0 0 0 0 0 0 0 0 0 0 0 0 0 0 0 0 0 1 0 0 0 0 0 0 0 0 0 0 0 0 0 0 0 0 0 0 0 0 0 0 0 0 0 0 0 0 0 0 0 0 0 0 0 0 0 0 0 0 0 0 0 0 0 0 0 0 0 0 0 0 0 0 0 0 0 0 0 0 0 0 0 0 0 0 0 0 0 0 0 0 0 0 0 0 0 0 0 0 0 0 0 0 0 0 0 0 0 0 0]
[9724816216184158979963786679283692973059881183871989542232669024197804634625810401660295071088277386582720091448009201623101675844326942607729526326899574229567238212836375822515301705897717120459047934536781047115523743692130535498788079656661923037284141153238828254184207962826522679368595578641753845427625588743301553262110710243476675312578764651 0 0 0 0 0 0 0 0 0 0 0 0 0 0 0 0 0 0 0 0 0 0 0 0 0 1 0 0 0 0 0 0 0 0 0 0 0 0 0 0 0 0 0 0 0 0 0 0 0 0 0 0 0 0 0 0 0 0 0 0 0 0 0 0 0 0 0 0 0 0 0 0 0 0 0 0 0 0 0 0 0 0 0 0 0 0 0 0 0 0 0 0 0 0 0 0 0 0 0 0 0 0 0 0 0 0 0 0 0 0 0 0 0 0 0 0]
[3894270220395886288390983203933829701801655755698892080926120286428186554812917582898621881722947679148520620970108521137156223931410604658750116001339803562087340680812056680395467238978862977355311919562240430937851499463196098645681787727013465949192961459712602530307700076649562098386640488290592089885795556573803284644770249957295035393769218561 0 0 0 0 0 0 0 0 0 0 0 0 0 0 0 0 0 0 0 0 0 0 0 0 0 0 1 0 0 0 0 0 0 0 0 0 0 0 0 0 0 0 0 0 0 0 0 0 0 0 0 0 0 0 0 0 0 0 0 0 0 0 0 0 0 0 0 0 0 0 0 0 0 0 0 0 0 0 0 0 0 0 0 0 0 0 0 0 0 0 0 0 0 0 0 0 0 0 0 0 0 0 0 0 0 0 0 0 0 0 0 0 0 0 0 0]
[8129462130588374288561127173330382348419450723093534131790064022435704486112709073252732253606943084947275347524514659584034179942751552169450516663474635568035177060053275991732517439774750651776832228943199576629826596468429112590804434734467806651160303535319952436023194925965452141770922798849720653202922553978805764220907673162838558016809388207 0 0 0 0 0 0 0 0 0 0 0 0 0 0 0 0 0 0 0 0 0 0 0 0 0 0 0 1 0 0 0 0 0 0 0 0 0 0 0 0 0 0 0 0 0 0 0 0 0 0 0 0 0 0 0 0 0 0 0 0 0 0 0 0 0 0 0 0 0 0 0 0 0 0 0 0 0 0 0 0 0 0 0 0 0 0 0 0 0 0 0 0 0 0 0 0 0 0 0 0 0 0 0 0 0 0 0 0 0 0 0 0 0 0 0 0]
[5997153652767285991475559478018577447598584953327442108213093592554055129275386866365918054666736359487342694684846484433896299624328230313507062958337243511090433310199713248955803493016540029306061355334889627041814110427813877628091872990551872635633598346332661022535402439782901492169399906828092652051282058189594603524754937296090540745032498001 0 0 0 0 0 0 0 0 0 0 0 0 0 0 0 0 0 0 0 0 0 0 0 0 0 0 0 0 1 0 0 0 0 0 0 0 0 0 0 0 0 0 0 0 0 0 0 0 0 0 0 0 0 0 0 0 0 0 0 0 0 0 0 0 0 0 0 0 0 0 0 0 0 0 0 0 0 0 0 0 0 0 0 0 0 0 0 0 0 0 0 0 0 0 0 0 0 0 0 0 0 0 0 0 0 0 0 0 0 0 0 0 0 0 0 0]
[3726223440080872180390873955694240253293179338589685708818905627246800798684217621444423031140850330534557898042696714324428629429260783144250490702288172463331334528093878487028098504742254454621925903798171678294890697027944671667505726717364679132994764660226755554301842561536209855920352752301133245152896282683005284076951436463948084139497986098 0 0 0 0 0 0 0 0 0 0 0 0 0 0 0 0 0 0 0 0 0 0 0 0 0 0 0 0 0 1 0 0 0 0 0 0 0 0 0 0 0 0 0 0 0 0 0 0 0 0 0 0 0 0 0 0 0 0 0 0 0 0 0 0 0 0 0 0 0 0 0 0 0 0 0 0 0 0 0 0 0 0 0 0 0 0 0 0 0 0 0 0 0 0 0 0 0 0 0 0 0 0 0 0 0 0 0 0 0 0 0 0 0 0 0 0]
[4743030060876100686195830694407731326405414188332287284345930159732586514542784608156553817807123811160159836633411695398206384424810717633345537620694310694124850750062873757709051505177369044858943277649309268342476702816401310818210317249682466372166257540545397978760558729668195212547748629440426842748816277517194762974695303569484422420573539577 0 0 0 0 0 0 0 0 0 0 0 0 0 0 0 0 0 0 0 0 0 0 0 0 0 0 0 0 0 0 1 0 0 0 0 0 0 0 0 0 0 0 0 0 0 0 0 0 0 0 0 0 0 0 0 0 0 0 0 0 0 0 0 0 0 0 0 0 0 0 0 0 0 0 0 0 0 0 0 0 0 0 0 0 0 0 0 0 0 0 0 0 0 0 0 0 0 0 0 0 0 0 0 0 0 0 0 0 0 0 0 0 0 0 0 0]
[10701352378940336535454723461631375551717531242494637230544295028931179009178362929284043029339198458282682769009546453737052692080085855366953897499776016779942594671840632218082511970385798117529854322863307193139916176294521176961134143489812431340720888290435074625794451513297251527509128566286120103066037207520663360727179339184378747564487261648 0 0 0 0 0 0 0 0 0 0 0 0 0 0 0 0 0 0 0 0 0 0 0 0 0 0 0 0 0 0 0 1 0 0 0 0 0 0 0 0 0 0 0 0 0 0 0 0 0 0 0 0 0 0 0 0 0 0 0 0 0 0 0 0 0 0 0 0 0 0 0 0 0 0 0 0 0 0 0 0 0 0 0 0 0 0 0 0 0 0 0 0 0 0 0 0 0 0 0 0 0 0 0 0 0 0 0 0 0 0 0 0 0 0 0 0]
[7557475235469170747527368641667282905906928810599236694474353856711475469557043674230296048641969444853596537079067507467669248938026328642428944181682657800473235889731323883404661406754068151531475338186584261899167044440666684600862020045305424702020586741169452725177912253113603453754991105529414089249873310938482668243425119458909448113907068784 0 0 0 0 0 0 0 0 0 0 0 0 0 0 0 0 0 0 0 0 0 0 0 0 0 0 0 0 0 0 0 0 1 0 0 0 0 0 0 0 0 0 0 0 0 0 0 0 0 0 0 0 0 0 0 0 0 0 0 0 0 0 0 0 0 0 0 0 0 0 0 0 0 0 0 0 0 0 0 0 0 0 0 0 0 0 0 0 0 0 0 0 0 0 0 0 0 0 0 0 0 0 0 0 0 0 0 0 0 0 0 0 0 0 0 0]
[2764364459010056025418016889230287437147437646924711726066744033101107191117892929859162025146636369076590437155414920445881857467860177409475126939215932680145245272072644460695681929264174520996698867382914615087852006314985954867561920496539159746991556555861976702354016100072027121481695277793104376521958264069787090514284646956738190852865773644 0 0 0 0 0 0 0 0 0 0 0 0 0 0 0 0 0 0 0 0 0 0 0 0 0 0 0 0 0 0 0 0 0 1 0 0 0 0 0 0 0 0 0 0 0 0 0 0 0 0 0 0 0 0 0 0 0 0 0 0 0 0 0 0 0 0 0 0 0 0 0 0 0 0 0 0 0 0 0 0 0 0 0 0 0 0 0 0 0 0 0 0 0 0 0 0 0 0 0 0 0 0 0 0 0 0 0 0 0 0 0 0 0 0 0 0]
[7390157099143767274795278498155404391609894549067947896227140631709832585833550584433528212271963709396435952737973456283321750199594798280533546432267140404862672483669608688296328209145460457552021401584871057952845908303234169128340337145725070459692415604213932621115716897474889003505706207802231754675333201230818455431902460892018056178924573218 0 0 0 0 0 0 0 0 0 0 0 0 0 0 0 0 0 0 0 0 0 0 0 0 0 0 0 0 0 0 0 0 0 0 1 0 0 0 0 0 0 0 0 0 0 0 0 0 0 0 0 0 0 0 0 0 0 0 0 0 0 0 0 0 0 0 0 0 0 0 0 0 0 0 0 0 0 0 0 0 0 0 0 0 0 0 0 0 0 0 0 0 0 0 0 0 0 0 0 0 0 0 0 0 0 0 0 0 0 0 0 0 0 0 0 0]
[4243173336098580281384122092551241532122353553620403821809948405544430697664061119442472962548407196971292270169564493625744792173922632886850249319626911844825141016307537789222508180386261809056604368927300070422224367644142075321269764062463485743897016491173226489190772622533493102504978018383744963389063437412090468103375160270085772644324650804 0 0 0 0 0 0 0 0 0 0 0 0 0 0 0 0 0 0 0 0 0 0 0 0 0 0 0 0 0 0 0 0 0 0 0 1 0 0 0 0 0 0 0 0 0 0 0 0 0 0 0 0 0 0 0 0 0 0 0 0 0 0 0 0 0 0 0 0 0 0 0 0 0 0 0 0 0 0 0 0 0 0 0 0 0 0 0 0 0 0 0 0 0 0 0 0 0 0 0 0 0 0 0 0 0 0 0 0 0 0 0 0 0 0 0 0]
[10320005693536667523832460946661974206039181008459519237626389639210389424883216748548605492083811443800574022578331665375838942220793849379854297609040493541374891293564433200166758039562860746927801869308537303927780441514395115383148993779294849779537828978485884006182357268806451154866647959159584388489433830311959430213663291919177127078978903037 0 0 0 0 0 0 0 0 0 0 0 0 0 0 0 0 0 0 0 0 0 0 0 0 0 0 0 0 0 0 0 0 0 0 0 0 1 0 0 0 0 0 0 0 0 0 0 0 0 0 0 0 0 0 0 0 0 0 0 0 0 0 0 0 0 0 0 0 0 0 0 0 0 0 0 0 0 0 0 0 0 0 0 0 0 0 0 0 0 0 0 0 0 0 0 0 0 0 0 0 0 0 0 0 0 0 0 0 0 0 0 0 0 0 0 0]
[2141736791263678518426581973101924955369724495297968621837536347746319637461185133196721089527946880967247556598042819876096838205471999782882125975577314281510664643211391737778221238762891364997537739032773286737772572175739890647842077352304180826901920463432032758934924398126579843902205166093029916246060876034152925966330628672342793214829845482 0 0 0 0 0 0 0 0 0 0 0 0 0 0 0 0 0 0 0 0 0 0 0 0 0 0 0 0 0 0 0 0 0 0 0 0 0 1 0 0 0 0 0 0 0 0 0 0 0 0 0 0 0 0 0 0 0 0 0 0 0 0 0 0 0 0 0 0 0 0 0 0 0 0 0 0 0 0 0 0 0 0 0 0 0 0 0 0 0 0 0 0 0 0 0 0 0 0 0 0 0 0 0 0 0 0 0 0 0 0 0 0 0 0 0 0]
[4650810464294157890297196213708545242413677634268270776093697822353650386154276729369740949847871707527407222614829243845813753672082423117355185297385785040847620623009647366619582318392024167450903899178588783239675955057559551364147917388985823016628153851535792680279312954145999394344111358772471734070541632741425552808681130249031192733358496982 0 0 0 0 0 0 0 0 0 0 0 0 0 0 0 0 0 0 0 0 0 0 0 0 0 0 0 0 0 0 0 0 0 0 0 0 0 0 1 0 0 0 0 0 0 0 0 0 0 0 0 0 0 0 0 0 0 0 0 0 0 0 0 0 0 0 0 0 0 0 0 0 0 0 0 0 0 0 0 0 0 0 0 0 0 0 0 0 0 0 0 0 0 0 0 0 0 0 0 0 0 0 0 0 0 0 0 0 0 0 0 0 0 0 0 0]
[4675003797468495118680125636739007916444490429260591870338955160936412730093771572351427319141164733182407033517346494697721318501344817825343833424189441797467541672144640005167198979852597780329680305053656393054792845783893918952254768543918424770077912951406013289655287654668945045982518351907119052684377951348811920325583543877180676433569550053 0 0 0 0 0 0 0 0 0 0 0 0 0 0 0 0 0 0 0 0 0 0 0 0 0 0 0 0 0 0 0 0 0 0 0 0 0 0 0 1 0 0 0 0 0 0 0 0 0 0 0 0 0 0 0 0 0 0 0 0 0 0 0 0 0 0 0 0 0 0 0 0 0 0 0 0 0 0 0 0 0 0 0 0 0 0 0 0 0 0 0 0 0 0 0 0 0 0 0 0 0 0 0 0 0 0 0 0 0 0 0 0 0 0 0 0]
[9123498262594085084770786792136213852459833489186255110192388527951101789298675034380098569465120139297429418897582828736197128665755706721675370405310269133213483920515177334207129810476126513603695423589521306074048097978270052791643203174544492889218439507182404545714210836039049753735663372488594712292923982421725116873136839205258333565595160684 0 0 0 0 0 0 0 0 0 0 0 0 0 0 0 0 0 0 0 0 0 0 0 0 0 0 0 0 0 0 0 0 0 0 0 0 0 0 0 0 1 0 0 0 0 0 0 0 0 0 0 0 0 0 0 0 0 0 0 0 0 0 0 0 0 0 0 0 0 0 0 0 0 0 0 0 0 0 0 0 0 0 0 0 0 0 0 0 0 0 0 0 0 0 0 0 0 0 0 0 0 0 0 0 0 0 0 0 0 0 0 0 0 0 0 0]
[6268885729233325185518936286686085092627108577179375349845472161406885506126719136018519528396981782201138066111303297337721027144415017933684610222895541075470239443010770881580385160939385734096173927939316362908005180530397878328992682527137209970521263653579136755828396456469613889241098687679996970267451431894891185181892369089825880899582932335 0 0 0 0 0 0 0 0 0 0 0 0 0 0 0 0 0 0 0 0 0 0 0 0 0 0 0 0 0 0 0 0 0 0 0 0 0 0 0 0 0 1 0 0 0 0 0 0 0 0 0 0 0 0 0 0 0 0 0 0 0 0 0 0 0 0 0 0 0 0 0 0 0 0 0 0 0 0 0 0 0 0 0 0 0 0 0 0 0 0 0 0 0 0 0 0 0 0 0 0 0 0 0 0 0 0 0 0 0 0 0 0 0 0 0 0]
[2310878258987277574177777721883609120271170535454887377769090667710965253733214101047097675312653055003507173496239544236278783766003116048822603357072721276036973378711559976894740971868769621128522469175417689363046871819075168024071547912975336694625196628391152396394153589442561580084670894025008807470679985178298887945611713952870586315867472669 0 0 0 0 0 0 0 0 0 0 0 0 0 0 0 0 0 0 0 0 0 0 0 0 0 0 0 0 0 0 0 0 0 0 0 0 0 0 0 0 0 0 1 0 0 0 0 0 0 0 0 0 0 0 0 0 0 0 0 0 0 0 0 0 0 0 0 0 0 0 0 0 0 0 0 0 0 0 0 0 0 0 0 0 0 0 0 0 0 0 0 0 0 0 0 0 0 0 0 0 0 0 0 0 0 0 0 0 0 0 0 0 0 0 0 0]
[513762187146670811536807174734302638893412663615480514333837145660593390097511946095573481869540893199353949869914917233345746896747200075044616667449764358654351736969201290540987738055257065450120740758629762247756328074287841410714653470639067066201858893022797337887603978725061021238957611954757203300364338857394419865623018159572617134497870698 0 0 0 0 0 0 0 0 0 0 0 0 0 0 0 0 0 0 0 0 0 0 0 0 0 0 0 0 0 0 0 0 0 0 0 0 0 0 0 0 0 0 0 1 0 0 0 0 0 0 0 0 0 0 0 0 0 0 0 0 0 0 0 0 0 0 0 0 0 0 0 0 0 0 0 0 0 0 0 0 0 0 0 0 0 0 0 0 0 0 0 0 0 0 0 0 0 0 0 0 0 0 0 0 0 0 0 0 0 0 0 0 0 0 0 0]
[3132213150836348611318483604735139926619262827068145410114285621227150994601049191450303817328593318844279022992170191822689769517035761665859420720482808449764229026260646295314093149332361714254375350505504944603474801045325812668815335087238037323813214903870499015776328565715000022377584428531000954935711856555802811360270861158706203886717831083 0 0 0 0 0 0 0 0 0 0 0 0 0 0 0 0 0 0 0 0 0 0 0 0 0 0 0 0 0 0 0 0 0 0 0 0 0 0 0 0 0 0 0 0 1 0 0 0 0 0 0 0 0 0 0 0 0 0 0 0 0 0 0 0 0 0 0 0 0 0 0 0 0 0 0 0 0 0 0 0 0 0 0 0 0 0 0 0 0 0 0 0 0 0 0 0 0 0 0 0 0 0 0 0 0 0 0 0 0 0 0 0 0 0 0 0]
[11837626175006663161100590086011820074526456719528316721634795231103858817855219825917661141181409583697682452174370815089975799922026294761432083891475249459011590620071500146619387784232887813054537238646224124198062672480841600478890172803285758341134970172947019349842066497718567149937719487428730725420751699024567193745363232344853316964419309508 0 0 0 0 0 0 0 0 0 0 0 0 0 0 0 0 0 0 0 0 0 0 0 0 0 0 0 0 0 0 0 0 0 0 0 0 0 0 0 0 0 0 0 0 0 1 0 0 0 0 0 0 0 0 0 0 0 0 0 0 0 0 0 0 0 0 0 0 0 0 0 0 0 0 0 0 0 0 0 0 0 0 0 0 0 0 0 0 0 0 0 0 0 0 0 0 0 0 0 0 0 0 0 0 0 0 0 0 0 0 0 0 0 0 0 0]
[352515693712247030788770554334856345222346684649290192050567837465384592734091470724694151776496434968365544420542927893369705122278944666190618390607881966475002171094769314062003656018155716054891282323479207980438855758680176772252407975521947967073608375492715011854207623808432148380837038485173006936175598108289656129656355226070888714217441667 0 0 0 0 0 0 0 0 0 0 0 0 0 0 0 0 0 0 0 0 0 0 0 0 0 0 0 0 0 0 0 0 0 0 0 0 0 0 0 0 0 0 0 0 0 0 1 0 0 0 0 0 0 0 0 0 0 0 0 0 0 0 0 0 0 0 0 0 0 0 0 0 0 0 0 0 0 0 0 0 0 0 0 0 0 0 0 0 0 0 0 0 0 0 0 0 0 0 0 0 0 0 0 0 0 0 0 0 0 0 0 0 0 0 0 0]
[5708444675009226445761368800099239454694173882488107363328162932037644998439774139791871869630244604848671742254141771664036728057765624044219562984271283468258525162749633956285333131813198006354233979283338225647980596680118412810885413077697463248793139775650356850489147872527291430196510126257739330351365655329993327384135768635074852937513967515 0 0 0 0 0 0 0 0 0 0 0 0 0 0 0 0 0 0 0 0 0 0 0 0 0 0 0 0 0 0 0 0 0 0 0 0 0 0 0 0 0 0 0 0 0 0 0 1 0 0 0 0 0 0 0 0 0 0 0 0 0 0 0 0 0 0 0 0 0 0 0 0 0 0 0 0 0 0 0 0 0 0 0 0 0 0 0 0 0 0 0 0 0 0 0 0 0 0 0 0 0 0 0 0 0 0 0 0 0 0 0 0 0 0 0 0]
[4575340460156834722149670236170463311784631622764720717099445584346225791437949568096947554019411876747688234804998780863270795270795310672169592614771661263457536338340347318837869076300717747890049593322428947813879091699716761539018364974652020851685510127397469844273321580305867084123241653649389864823694588839142584056611713899296686092358838299 0 0 0 0 0 0 0 0 0 0 0 0 0 0 0 0 0 0 0 0 0 0 0 0 0 0 0 0 0 0 0 0 0 0 0 0 0 0 0 0 0 0 0 0 0 0 0 0 1 0 0 0 0 0 0 0 0 0 0 0 0 0 0 0 0 0 0 0 0 0 0 0 0 0 0 0 0 0 0 0 0 0 0 0 0 0 0 0 0 0 0 0 0 0 0 0 0 0 0 0 0 0 0 0 0 0 0 0 0 0 0 0 0 0 0 0]
[4247994805174994708012013245263870142618940220791812075803377839351642683466322833041126881538069219165361420495945921483528451798173023374625985160592640264978103098653827491030843772167711227144752513027033058548843758734592810299025683661964439702816782245676097507206314080493064462786777503404288614638475093707127197965689330878203126286605831235 0 0 0 0 0 0 0 0 0 0 0 0 0 0 0 0 0 0 0 0 0 0 0 0 0 0 0 0 0 0 0 0 0 0 0 0 0 0 0 0 0 0 0 0 0 0 0 0 0 1 0 0 0 0 0 0 0 0 0 0 0 0 0 0 0 0 0 0 0 0 0 0 0 0 0 0 0 0 0 0 0 0 0 0 0 0 0 0 0 0 0 0 0 0 0 0 0 0 0 0 0 0 0 0 0 0 0 0 0 0 0 0 0 0 0 0]
[6659212162266066128325353547509486455636769038775153776010882693028681629643504208044606010723780190281119707385933300681281795021309775394421582628429111264535207066398832997938427530636125668472221217107845169660215953252228150293123784100371560160606440425975473193488883491116316856440120777814286587520056074257250145244781555572507893181928503286 0 0 0 0 0 0 0 0 0 0 0 0 0 0 0 0 0 0 0 0 0 0 0 0 0 0 0 0 0 0 0 0 0 0 0 0 0 0 0 0 0 0 0 0 0 0 0 0 0 0 1 0 0 0 0 0 0 0 0 0 0 0 0 0 0 0 0 0 0 0 0 0 0 0 0 0 0 0 0 0 0 0 0 0 0 0 0 0 0 0 0 0 0 0 0 0 0 0 0 0 0 0 0 0 0 0 0 0 0 0 0 0 0 0 0 0]
[6325778135382800852831030692982254606777626724391981442705464137506642310739509263842422563940117686537449337294459494900985042680484724846429405117485601759241499899066778337233874865085361405979931350413606931657616251248187054079041889034372165793433053493688391332115035745697921627676284971360737697153883024064544122520687167912182763507655527240 0 0 0 0 0 0 0 0 0 0 0 0 0 0 0 0 0 0 0 0 0 0 0 0 0 0 0 0 0 0 0 0 0 0 0 0 0 0 0 0 0 0 0 0 0 0 0 0 0 0 0 1 0 0 0 0 0 0 0 0 0 0 0 0 0 0 0 0 0 0 0 0 0 0 0 0 0 0 0 0 0 0 0 0 0 0 0 0 0 0 0 0 0 0 0 0 0 0 0 0 0 0 0 0 0 0 0 0 0 0 0 0 0 0 0 0]
[5687050585373752825863747590160725838592245867532189193248775161013268319981230368927609222937660845645615751580299111679069022553715947305128778692444062376696636842880938001428853759206457305635500011125898785101409008335670636401561688403840273927679277681164613542591099501119380144668857747202733979322606736715676551995775451359044870457763165732 0 0 0 0 0 0 0 0 0 0 0 0 0 0 0 0 0 0 0 0 0 0 0 0 0 0 0 0 0 0 0 0 0 0 0 0 0 0 0 0 0 0 0 0 0 0 0 0 0 0 0 0 1 0 0 0 0 0 0 0 0 0 0 0 0 0 0 0 0 0 0 0 0 0 0 0 0 0 0 0 0 0 0 0 0 0 0 0 0 0 0 0 0 0 0 0 0 0 0 0 0 0 0 0 0 0 0 0 0 0 0 0 0 0 0 0]
[11160818678162915299797245903083656326156592731244590430229217774245424227955693420056509084964424373715636038365918561232108233244911036003861712766396167284888319000536723657171558151828067350384409171035736260523679801093797004805684490573079282765754847139612864186621053146784363762826471042743085994429152330632278184004862615208886562702714809149 0 0 0 0 0 0 0 0 0 0 0 0 0 0 0 0 0 0 0 0 0 0 0 0 0 0 0 0 0 0 0 0 0 0 0 0 0 0 0 0 0 0 0 0 0 0 0 0 0 0 0 0 0 1 0 0 0 0 0 0 0 0 0 0 0 0 0 0 0 0 0 0 0 0 0 0 0 0 0 0 0 0 0 0 0 0 0 0 0 0 0 0 0 0 0 0 0 0 0 0 0 0 0 0 0 0 0 0 0 0 0 0 0 0 0 0]
[4644388292118402370422811616901714868168994563735303788914495987170788332152761030386449966878129518487932719228430610120404636299711291776196181052346427096182029393058808034125127965391075625725373031084705229369135723236852386212689175359515693456253310733751282251290368129621618338615559066450131441600651840998308249569674818295748062517837289255 0 0 0 0 0 0 0 0 0 0 0 0 0 0 0 0 0 0 0 0 0 0 0 0 0 0 0 0 0 0 0 0 0 0 0 0 0 0 0 0 0 0 0 0 0 0 0 0 0 0 0 0 0 0 1 0 0 0 0 0 0 0 0 0 0 0 0 0 0 0 0 0 0 0 0 0 0 0 0 0 0 0 0 0 0 0 0 0 0 0 0 0 0 0 0 0 0 0 0 0 0 0 0 0 0 0 0 0 0 0 0 0 0 0 0 0]
[5499517811072306173879825693382212661338664355337535007337921776861838166503541724625052967062845275673829051123501032967894251105527525791715724542802517524082784745681968911858291091271907064448787306049024632958474428578739033569319246638863737186825743570672220203527740116442299057074861881313728777882066147910819915127360133610126356922650694031 0 0 0 0 0 0 0 0 0 0 0 0 0 0 0 0 0 0 0 0 0 0 0 0 0 0 0 0 0 0 0 0 0 0 0 0 0 0 0 0 0 0 0 0 0 0 0 0 0 0 0 0 0 0 0 1 0 0 0 0 0 0 0 0 0 0 0 0 0 0 0 0 0 0 0 0 0 0 0 0 0 0 0 0 0 0 0 0 0 0 0 0 0 0 0 0 0 0 0 0 0 0 0 0 0 0 0 0 0 0 0 0 0 0 0 0]
[3745356251689121230313406353033621639925772950993027413357697793503956548379353131234433052357367007554693154385159142289051517705662061421679780962850732100711775871185580407961298775784398868032577314130350012282135804159835501200344524217556757405537534267963268506732011529681221254153422404061465902435777440311029392906731802717291342592061262736 0 0 0 0 0 0 0 0 0 0 0 0 0 0 0 0 0 0 0 0 0 0 0 0 0 0 0 0 0 0 0 0 0 0 0 0 0 0 0 0 0 0 0 0 0 0 0 0 0 0 0 0 0 0 0 0 1 0 0 0 0 0 0 0 0 0 0 0 0 0 0 0 0 0 0 0 0 0 0 0 0 0 0 0 0 0 0 0 0 0 0 0 0 0 0 0 0 0 0 0 0 0 0 0 0 0 0 0 0 0 0 0 0 0 0 0]
[3526671490080924128976249958983373344142682090418129673977985991083932380911560013020266307700241290499722900290109327149769591997365630420483996124648122603185399527456279735351548475361887510972108858221676256666455922164714746958384584292257551173947027427508199467873256189027704247763740345399054247490978503370351463832476256989259368781923176256 0 0 0 0 0 0 0 0 0 0 0 0 0 0 0 0 0 0 0 0 0 0 0 0 0 0 0 0 0 0 0 0 0 0 0 0 0 0 0 0 0 0 0 0 0 0 0 0 0 0 0 0 0 0 0 0 0 1 0 0 0 0 0 0 0 0 0 0 0 0 0 0 0 0 0 0 0 0 0 0 0 0 0 0 0 0 0 0 0 0 0 0 0 0 0 0 0 0 0 0 0 0 0 0 0 0 0 0 0 0 0 0 0 0 0 0]
[8840416263767487952144365372748867508658421757901101513468372830769798938732314458989917562742975697851622371147217297771962061908035229981061997335478158544127108215583500499942214821288397469002957087464671479994117363225710843960000274855210619161143493532366674220640505801254327297785156732384048662293992107747479100166057468355599262117700206262 0 0 0 0 0 0 0 0 0 0 0 0 0 0 0 0 0 0 0 0 0 0 0 0 0 0 0 0 0 0 0 0 0 0 0 0 0 0 0 0 0 0 0 0 0 0 0 0 0 0 0 0 0 0 0 0 0 0 1 0 0 0 0 0 0 0 0 0 0 0 0 0 0 0 0 0 0 0 0 0 0 0 0 0 0 0 0 0 0 0 0 0 0 0 0 0 0 0 0 0 0 0 0 0 0 0 0 0 0 0 0 0 0 0 0 0]
[10476463913807459388187220848367158292682638125886528549758042882140208463099831250625177920820213540029372706641168919931841831398414210888694176744005018291427392173574983042378169027923183847729505636688753908899368177354047239965418709673132826503491571451974215106988597055031115102614731050197537642662684833687831596112485881673778876595164503942 0 0 0 0 0 0 0 0 0 0 0 0 0 0 0 0 0 0 0 0 0 0 0 0 0 0 0 0 0 0 0 0 0 0 0 0 0 0 0 0 0 0 0 0 0 0 0 0 0 0 0 0 0 0 0 0 0 0 0 1 0 0 0 0 0 0 0 0 0 0 0 0 0 0 0 0 0 0 0 0 0 0 0 0 0 0 0 0 0 0 0 0 0 0 0 0 0 0 0 0 0 0 0 0 0 0 0 0 0 0 0 0 0 0 0 0]
[4613489701651991818894193971467176646318315306554673838098647150345645661101867607372569415647370246391630247895327151984735207733940583897416670201177697888679559132969848549437981841906198136731050613909413942933552417580036229095797047597691186732157322826285542188680708363438265940032267033976852948270822181961363559262766834845187498478329734388 0 0 0 0 0 0 0 0 0 0 0 0 0 0 0 0 0 0 0 0 0 0 0 0 0 0 0 0 0 0 0 0 0 0 0 0 0 0 0 0 0 0 0 0 0 0 0 0 0 0 0 0 0 0 0 0 0 0 0 0 1 0 0 0 0 0 0 0 0 0 0 0 0 0 0 0 0 0 0 0 0 0 0 0 0 0 0 0 0 0 0 0 0 0 0 0 0 0 0 0 0 0 0 0 0 0 0 0 0 0 0 0 0 0 0 0]
[11767256546807805521726563154349636080496885990555624200607938743095214866443722291269458561534682274683516500513608103526549253695346401906544542566176575691231964661868515502379340865321381450107132444115232546926916811291783654224276794078987418318212446098197788988052849889400731966447494912099320833218676120376182773149903418442297017671048636449 0 0 0 0 0 0 0 0 0 0 0 0 0 0 0 0 0 0 0 0 0 0 0 0 0 0 0 0 0 0 0 0 0 0 0 0 0 0 0 0 0 0 0 0 0 0 0 0 0 0 0 0 0 0 0 0 0 0 0 0 0 1 0 0 0 0 0 0 0 0 0 0 0 0 0 0 0 0 0 0 0 0 0 0 0 0 0 0 0 0 0 0 0 0 0 0 0 0 0 0 0 0 0 0 0 0 0 0 0 0 0 0 0 0 0 0]
[4193402992430340063037539501229391784574624577715993375505367784123897823204260019900990184818130607684942719341503275359677042554911383426359280362919618838098496933955271324012451026059133191686023175082979451917826147306222468823797214641817961107008874509034319606113380572762618751862516993668129020366140752902434071221207353692213659201588211800 0 0 0 0 0 0 0 0 0 0 0 0 0 0 0 0 0 0 0 0 0 0 0 0 0 0 0 0 0 0 0 0 0 0 0 0 0 0 0 0 0 0 0 0 0 0 0 0 0 0 0 0 0 0 0 0 0 0 0 0 0 0 1 0 0 0 0 0 0 0 0 0 0 0 0 0 0 0 0 0 0 0 0 0 0 0 0 0 0 0 0 0 0 0 0 0 0 0 0 0 0 0 0 0 0 0 0 0 0 0 0 0 0 0 0 0]
[819624023948673165292712049029248721422591043839511784869468703778742573892717896397761669155126984957816802783661581406332742094268934348445844145302768185033448017676788140307759054911598919746397350903511081393683841010721758556407847460760808509512307712519642505550695724159692121455741670944439309122902733971143071661899568237691618808545799705 0 0 0 0 0 0 0 0 0 0 0 0 0 0 0 0 0 0 0 0 0 0 0 0 0 0 0 0 0 0 0 0 0 0 0 0 0 0 0 0 0 0 0 0 0 0 0 0 0 0 0 0 0 0 0 0 0 0 0 0 0 0 0 1 0 0 0 0 0 0 0 0 0 0 0 0 0 0 0 0 0 0 0 0 0 0 0 0 0 0 0 0 0 0 0 0 0 0 0 0 0 0 0 0 0 0 0 0 0 0 0 0 0 0 0 0]
[1680450551208981947932498568081147305829769744151764715115226686335550998778542842219286506552561119972882957069049234933185835755681990279931463866517643448539458544782664063851136139384258789356737823202371365355652056916266701990234026334531299695006899928575204992469887209052123274422037569128444882660847839906852052479088986242200770241167281198 0 0 0 0 0 0 0 0 0 0 0 0 0 0 0 0 0 0 0 0 0 0 0 0 0 0 0 0 0 0 0 0 0 0 0 0 0 0 0 0 0 0 0 0 0 0 0 0 0 0 0 0 0 0 0 0 0 0 0 0 0 0 0 0 1 0 0 0 0 0 0 0 0 0 0 0 0 0 0 0 0 0 0 0 0 0 0 0 0 0 0 0 0 0 0 0 0 0 0 0 0 0 0 0 0 0 0 0 0 0 0 0 0 0 0 0]
[11761349342896994983050942053083538066264731214579057159149518487507418350045123179391231109316216145479557038132675489254379426661259548690690391358482571993887538294839000365020400329870016809629200484660848902065605052604967041506258593519641824102366469544464922106676396549681359512024949065348533679983836811638925521218110709668412585267349430911 0 0 0 0 0 0 0 0 0 0 0 0 0 0 0 0 0 0 0 0 0 0 0 0 0 0 0 0 0 0 0 0 0 0 0 0 0 0 0 0 0 0 0 0 0 0 0 0 0 0 0 0 0 0 0 0 0 0 0 0 0 0 0 0 0 1 0 0 0 0 0 0 0 0 0 0 0 0 0 0 0 0 0 0 0 0 0 0 0 0 0 0 0 0 0 0 0 0 0 0 0 0 0 0 0 0 0 0 0 0 0 0 0 0 0 0]
[9169216996831214227114668867859140854947906823690586511950216671731371138407126335104818297898554826275580470143065122275310833297335675050465269734071932313920594920647680891011726648050326321173481987289899712709416997415556079956406213216567776870765408500960922679159182695139557642456980328206538285258702739219815763177230890662348953850520911795 0 0 0 0 0 0 0 0 0 0 0 0 0 0 0 0 0 0 0 0 0 0 0 0 0 0 0 0 0 0 0 0 0 0 0 0 0 0 0 0 0 0 0 0 0 0 0 0 0 0 0 0 0 0 0 0 0 0 0 0 0 0 0 0 0 0 1 0 0 0 0 0 0 0 0 0 0 0 0 0 0 0 0 0 0 0 0 0 0 0 0 0 0 0 0 0 0 0 0 0 0 0 0 0 0 0 0 0 0 0 0 0 0 0 0 0]
[10202514023250758758999469830467735211504380011040570351535491302232667944105592010149145745550514698448161540557258030947165846121152164546112491169561228190864470843485230731671965922994099360478041189307695821039295059000189112602168271178994147522023503014648430247241374155565006068769845194821028890924522719340031048439980563992798777743052065355 0 0 0 0 0 0 0 0 0 0 0 0 0 0 0 0 0 0 0 0 0 0 0 0 0 0 0 0 0 0 0 0 0 0 0 0 0 0 0 0 0 0 0 0 0 0 0 0 0 0 0 0 0 0 0 0 0 0 0 0 0 0 0 0 0 0 0 1 0 0 0 0 0 0 0 0 0 0 0 0 0 0 0 0 0 0 0 0 0 0 0 0 0 0 0 0 0 0 0 0 0 0 0 0 0 0 0 0 0 0 0 0 0 0 0 0]
[10773688727790272772438020851554884867683490967904363463072447342739307689392690638200182380445738685805006246314056363951304930724420689888207982456500597639863089063774781344899109468964588465624439431177635368170663384265445670128365711620341975589230961740780829627983682141006976724196185478585118942147906132012777284450975974207076324183469632860 0 0 0 0 0 0 0 0 0 0 0 0 0 0 0 0 0 0 0 0 0 0 0 0 0 0 0 0 0 0 0 0 0 0 0 0 0 0 0 0 0 0 0 0 0 0 0 0 0 0 0 0 0 0 0 0 0 0 0 0 0 0 0 0 0 0 0 0 1 0 0 0 0 0 0 0 0 0 0 0 0 0 0 0 0 0 0 0 0 0 0 0 0 0 0 0 0 0 0 0 0 0 0 0 0 0 0 0 0 0 0 0 0 0 0 0]
[11996137435513226390568279905540244085846807978530150610438483777804403426300406873670333637403566747816576904516251047011738870203559767016093676936871350942816944355645424824608175686613891545957196152333641522106228002986224448352178040289910422332293070636682653763509034979304468178266973950527781523538039894498705630039058731716278784354883129435 0 0 0 0 0 0 0 0 0 0 0 0 0 0 0 0 0 0 0 0 0 0 0 0 0 0 0 0 0 0 0 0 0 0 0 0 0 0 0 0 0 0 0 0 0 0 0 0 0 0 0 0 0 0 0 0 0 0 0 0 0 0 0 0 0 0 0 0 0 1 0 0 0 0 0 0 0 0 0 0 0 0 0 0 0 0 0 0 0 0 0 0 0 0 0 0 0 0 0 0 0 0 0 0 0 0 0 0 0 0 0 0 0 0 0 0]
[8754883904764846012852924983076561722231579253809833454644582485979907098178543768319568133309363056873987330226840354912765381045436280292107052860786669836137264289192673561897704035769303552915053050982058998951369002060089835289577704322227743029549618040254429067754919871867629046339748062377657945530448773888389115727502876003371398489102453379 0 0 0 0 0 0 0 0 0 0 0 0 0 0 0 0 0 0 0 0 0 0 0 0 0 0 0 0 0 0 0 0 0 0 0 0 0 0 0 0 0 0 0 0 0 0 0 0 0 0 0 0 0 0 0 0 0 0 0 0 0 0 0 0 0 0 0 0 0 0 1 0 0 0 0 0 0 0 0 0 0 0 0 0 0 0 0 0 0 0 0 0 0 0 0 0 0 0 0 0 0 0 0 0 0 0 0 0 0 0 0 0 0 0 0 0]
[6585207419009083218837364501864982255424259876547706788462779058479965155000609526980678188322204215041387050480411493592748638327781711809403567785327407776736957282882576529108023522550776357988306644328068214336551826748168807467285983594117704942298056317477431665490526972754435124302609532799468207396492935580504428422120475185995066326888547072 0 0 0 0 0 0 0 0 0 0 0 0 0 0 0 0 0 0 0 0 0 0 0 0 0 0 0 0 0 0 0 0 0 0 0 0 0 0 0 0 0 0 0 0 0 0 0 0 0 0 0 0 0 0 0 0 0 0 0 0 0 0 0 0 0 0 0 0 0 0 0 1 0 0 0 0 0 0 0 0 0 0 0 0 0 0 0 0 0 0 0 0 0 0 0 0 0 0 0 0 0 0 0 0 0 0 0 0 0 0 0 0 0 0 0 0]
[2180001766483998084361532958378261657809315296506951530595335401834171161364480982680139888081367437144946675413356155201485121592351810097512235266266530123478780954109732433482805170101782992885706251732147747746790879684245122300537176562285269934705452264089017465685833581886515563632104449981745388095180508004015784101562920151538206122005895431 0 0 0 0 0 0 0 0 0 0 0 0 0 0 0 0 0 0 0 0 0 0 0 0 0 0 0 0 0 0 0 0 0 0 0 0 0 0 0 0 0 0 0 0 0 0 0 0 0 0 0 0 0 0 0 0 0 0 0 0 0 0 0 0 0 0 0 0 0 0 0 0 1 0 0 0 0 0 0 0 0 0 0 0 0 0 0 0 0 0 0 0 0 0 0 0 0 0 0 0 0 0 0 0 0 0 0 0 0 0 0 0 0 0 0 0]
[10593752967122657104763277046430231682828207896029044916874513665222097743314695140991591355643398856572754547254637826684226755352315936976936319093944386851561767061118254292388097649368338269570853163319290505524048799135446716889573405926656096990252633543002078233245299662618330243583420440574810099243391053537567508526321598864621031722786038965 0 0 0 0 0 0 0 0 0 0 0 0 0 0 0 0 0 0 0 0 0 0 0 0 0 0 0 0 0 0 0 0 0 0 0 0 0 0 0 0 0 0 0 0 0 0 0 0 0 0 0 0 0 0 0 0 0 0 0 0 0 0 0 0 0 0 0 0 0 0 0 0 0 1 0 0 0 0 0 0 0 0 0 0 0 0 0 0 0 0 0 0 0 0 0 0 0 0 0 0 0 0 0 0 0 0 0 0 0 0 0 0 0 0 0 0]
[7179187751251079049852226481664821090123892509885255464027331671231916409470738362489547389651985220480151798512237794490203203692392206320664364303042806163385314998620713112032761387664641487235524210454700990910452330951746119467704247097224245636075882879495575975084291923654724279802626758166006253616420485465341791734442550661680711997927481683 0 0 0 0 0 0 0 0 0 0 0 0 0 0 0 0 0 0 0 0 0 0 0 0 0 0 0 0 0 0 0 0 0 0 0 0 0 0 0 0 0 0 0 0 0 0 0 0 0 0 0 0 0 0 0 0 0 0 0 0 0 0 0 0 0 0 0 0 0 0 0 0 0 0 1 0 0 0 0 0 0 0 0 0 0 0 0 0 0 0 0 0 0 0 0 0 0 0 0 0 0 0 0 0 0 0 0 0 0 0 0 0 0 0 0 0]
[9895674594090977980654651915344597356412716928483163879721121006104068998289276185237878090267670483637724832076787159854017823312250007636137560720066846184926510942533053449657971285240168463526287170690233157880777476868327816819830333889136932724358945232203735182647330287199642080734199260716867524220295378124320599798080697885736182487597713324 0 0 0 0 0 0 0 0 0 0 0 0 0 0 0 0 0 0 0 0 0 0 0 0 0 0 0 0 0 0 0 0 0 0 0 0 0 0 0 0 0 0 0 0 0 0 0 0 0 0 0 0 0 0 0 0 0 0 0 0 0 0 0 0 0 0 0 0 0 0 0 0 0 0 0 1 0 0 0 0 0 0 0 0 0 0 0 0 0 0 0 0 0 0 0 0 0 0 0 0 0 0 0 0 0 0 0 0 0 0 0 0 0 0 0 0]
[4663959698949067785583512113536871552515811025494065060055992527906028196144911750839717013769468140274907136574376529871720598659044977211330941125455107964470413295117588241202524674816404443813861440605456873299059520922345305436223477980211864460585324629334148255696021722084647963599528369758532412957746783786324443902153913838641449785249307680 0 0 0 0 0 0 0 0 0 0 0 0 0 0 0 0 0 0 0 0 0 0 0 0 0 0 0 0 0 0 0 0 0 0 0 0 0 0 0 0 0 0 0 0 0 0 0 0 0 0 0 0 0 0 0 0 0 0 0 0 0 0 0 0 0 0 0 0 0 0 0 0 0 0 0 0 1 0 0 0 0 0 0 0 0 0 0 0 0 0 0 0 0 0 0 0 0 0 0 0 0 0 0 0 0 0 0 0 0 0 0 0 0 0 0 0]
[789047742541800336746639606338990068973106633930515636220508815164229528620048631371921350359431337647714341170397038073764188064559636594173263969986395083140890083211148343100301193899949627690825543756266869173895481025392925152737137217782365351115987621574637046768321222409887950677889164514798803138019484602832592373911840552849871303018207145 0 0 0 0 0 0 0 0 0 0 0 0 0 0 0 0 0 0 0 0 0 0 0 0 0 0 0 0 0 0 0 0 0 0 0 0 0 0 0 0 0 0 0 0 0 0 0 0 0 0 0 0 0 0 0 0 0 0 0 0 0 0 0 0 0 0 0 0 0 0 0 0 0 0 0 0 0 1 0 0 0 0 0 0 0 0 0 0 0 0 0 0 0 0 0 0 0 0 0 0 0 0 0 0 0 0 0 0 0 0 0 0 0 0 0 0]
[11425175938499346260316341521254694882856879530083862640400229116005478038772537289009462540343359106408132581923108545190800137570327697964898755626163030130920954136879270986288906038346311786324054269677561533288214775019876196045441512430401174467785368731069524687843782583251704603953945594323645526984169114307067047266931649615052628040904728600 0 0 0 0 0 0 0 0 0 0 0 0 0 0 0 0 0 0 0 0 0 0 0 0 0 0 0 0 0 0 0 0 0 0 0 0 0 0 0 0 0 0 0 0 0 0 0 0 0 0 0 0 0 0 0 0 0 0 0 0 0 0 0 0 0 0 0 0 0 0 0 0 0 0 0 0 0 0 1 0 0 0 0 0 0 0 0 0 0 0 0 0 0 0 0 0 0 0 0 0 0 0 0 0 0 0 0 0 0 0 0 0 0 0 0 0]
[10452642698053010255981752948981720237382694709413029615885384479873728522719569891431779694133950497657440626099033219945462445791428003927242232091483007681115120072263508874533459461783345933676798893027360209674461823547101072995741464788411740330413668554640003759787930940262357996391336669522196654081127658466364237513973197861847516559669749631 0 0 0 0 0 0 0 0 0 0 0 0 0 0 0 0 0 0 0 0 0 0 0 0 0 0 0 0 0 0 0 0 0 0 0 0 0 0 0 0 0 0 0 0 0 0 0 0 0 0 0 0 0 0 0 0 0 0 0 0 0 0 0 0 0 0 0 0 0 0 0 0 0 0 0 0 0 0 0 1 0 0 0 0 0 0 0 0 0 0 0 0 0 0 0 0 0 0 0 0 0 0 0 0 0 0 0 0 0 0 0 0 0 0 0 0]
[8332885940502295553175965891378481992648462806180611703741073501965249405053038216312163420606514025748510208763472550275405131968263170541087774285609811846086654715283455781859973156844670925616452149958939980150695084134612078205847178567628925982300702357790692863710533297816851980803646820622156750910686813782059279478171282849420130704309492317 0 0 0 0 0 0 0 0 0 0 0 0 0 0 0 0 0 0 0 0 0 0 0 0 0 0 0 0 0 0 0 0 0 0 0 0 0 0 0 0 0 0 0 0 0 0 0 0 0 0 0 0 0 0 0 0 0 0 0 0 0 0 0 0 0 0 0 0 0 0 0 0 0 0 0 0 0 0 0 0 1 0 0 0 0 0 0 0 0 0 0 0 0 0 0 0 0 0 0 0 0 0 0 0 0 0 0 0 0 0 0 0 0 0 0 0]
[11961535398355820324775812274183138508075364334133550966748867634640147888102084503264073116572600505310659364953457329315668035264839154884380090752140417514991001624736127920299026684459042705013720861709786847958179741058843840358450447824904625422301430517905830297757564042294161235825385691797278050339327785882532906562766253373124794632084158198 0 0 0 0 0 0 0 0 0 0 0 0 0 0 0 0 0 0 0 0 0 0 0 0 0 0 0 0 0 0 0 0 0 0 0 0 0 0 0 0 0 0 0 0 0 0 0 0 0 0 0 0 0 0 0 0 0 0 0 0 0 0 0 0 0 0 0 0 0 0 0 0 0 0 0 0 0 0 0 0 0 1 0 0 0 0 0 0 0 0 0 0 0 0 0 0 0 0 0 0 0 0 0 0 0 0 0 0 0 0 0 0 0 0 0 0]
[11463579205769013564632786261713353209976320921912316302172819963270702905439270777924081124566373774128011628164833056900205969014287359400598183088584820384109406870567906535348120288571540673217272777319767132460871406833517313789979717020375297232819471027024451786333904742070471346241260283374663670219374492664990099214746269237203997573144673811 0 0 0 0 0 0 0 0 0 0 0 0 0 0 0 0 0 0 0 0 0 0 0 0 0 0 0 0 0 0 0 0 0 0 0 0 0 0 0 0 0 0 0 0 0 0 0 0 0 0 0 0 0 0 0 0 0 0 0 0 0 0 0 0 0 0 0 0 0 0 0 0 0 0 0 0 0 0 0 0 0 0 1 0 0 0 0 0 0 0 0 0 0 0 0 0 0 0 0 0 0 0 0 0 0 0 0 0 0 0 0 0 0 0 0 0]
[3217702042339548069629559054984842028252759753460032910852657322093060321624263492850045430058596001058758621467399771952064244780772805386045788894003706457134795121889681707015437980838211128120707718923007669030086897877669017740894521231652758677094328294245198279085058954522884142465956377967908656273825903636094446921554156470185530975725620692 0 0 0 0 0 0 0 0 0 0 0 0 0 0 0 0 0 0 0 0 0 0 0 0 0 0 0 0 0 0 0 0 0 0 0 0 0 0 0 0 0 0 0 0 0 0 0 0 0 0 0 0 0 0 0 0 0 0 0 0 0 0 0 0 0 0 0 0 0 0 0 0 0 0 0 0 0 0 0 0 0 0 0 1 0 0 0 0 0 0 0 0 0 0 0 0 0 0 0 0 0 0 0 0 0 0 0 0 0 0 0 0 0 0 0 0]
[2507823935054758571092877956100994801429952784436767803481313095493695389612917939969961819282339794791890274141367298353843683045707751146253114586751109914054254454340744758706674438927663779232870966178689559065855666825759467534955134180138700737302655417954443912648013290897378447907297274968915235990943812770359987031752073664779417763251070285 0 0 0 0 0 0 0 0 0 0 0 0 0 0 0 0 0 0 0 0 0 0 0 0 0 0 0 0 0 0 0 0 0 0 0 0 0 0 0 0 0 0 0 0 0 0 0 0 0 0 0 0 0 0 0 0 0 0 0 0 0 0 0 0 0 0 0 0 0 0 0 0 0 0 0 0 0 0 0 0 0 0 0 0 1 0 0 0 0 0 0 0 0 0 0 0 0 0 0 0 0 0 0 0 0 0 0 0 0 0 0 0 0 0 0 0]
[5859317450652346252848295415320310831274697872290061564183234523535982293577440048194876098034529964924521042374087645414983864992872055464754331620952461669700257584900280345019734102456617312741192466124011406599376345926117974798060813391028726768783297810648681987794669259836936577407356202734720048851210791157301048649358975541046560378562070954 0 0 0 0 0 0 0 0 0 0 0 0 0 0 0 0 0 0 0 0 0 0 0 0 0 0 0 0 0 0 0 0 0 0 0 0 0 0 0 0 0 0 0 0 0 0 0 0 0 0 0 0 0 0 0 0 0 0 0 0 0 0 0 0 0 0 0 0 0 0 0 0 0 0 0 0 0 0 0 0 0 0 0 0 0 1 0 0 0 0 0 0 0 0 0 0 0 0 0 0 0 0 0 0 0 0 0 0 0 0 0 0 0 0 0 0]
[8996276647838849117586208298006522086671263110886739520115245598479671575975752121827079856004912531810899362520020065228542305611307003707004547370300492690398832606681182622726990600288143806988390549295772821008859506431919039216233213638972724360205322076799771612153346690701663652936477302612734103285712885113299676231657026966860725635449324976 0 0 0 0 0 0 0 0 0 0 0 0 0 0 0 0 0 0 0 0 0 0 0 0 0 0 0 0 0 0 0 0 0 0 0 0 0 0 0 0 0 0 0 0 0 0 0 0 0 0 0 0 0 0 0 0 0 0 0 0 0 0 0 0 0 0 0 0 0 0 0 0 0 0 0 0 0 0 0 0 0 0 0 0 0 0 1 0 0 0 0 0 0 0 0 0 0 0 0 0 0 0 0 0 0 0 0 0 0 0 0 0 0 0 0 0]
[2635994331620177113370627200252127761900342145154841062363723789905357105670116882973433654084232929561393379205022108075931233353432722004519894898287906494061925632252926396837182710540967413479044414585125568536375198195174169985215531865412059559644366487769833403130005859837019767681307460840555620534663284154439583787327709646971240310451202552 0 0 0 0 0 0 0 0 0 0 0 0 0 0 0 0 0 0 0 0 0 0 0 0 0 0 0 0 0 0 0 0 0 0 0 0 0 0 0 0 0 0 0 0 0 0 0 0 0 0 0 0 0 0 0 0 0 0 0 0 0 0 0 0 0 0 0 0 0 0 0 0 0 0 0 0 0 0 0 0 0 0 0 0 0 0 0 1 0 0 0 0 0 0 0 0 0 0 0 0 0 0 0 0 0 0 0 0 0 0 0 0 0 0 0 0]
[9018572139501996675751254822063766527726744835709961669564776048419006984423245483938584916475445789190312213568498693968093279234763442612696686067659550555702467699517007122628114487956321425309057358042554023596074457472336206627295045750487564449345179607185478534696037593456019848356510266525271837851232536799489267347827268780373538975493433086 0 0 0 0 0 0 0 0 0 0 0 0 0 0 0 0 0 0 0 0 0 0 0 0 0 0 0 0 0 0 0 0 0 0 0 0 0 0 0 0 0 0 0 0 0 0 0 0 0 0 0 0 0 0 0 0 0 0 0 0 0 0 0 0 0 0 0 0 0 0 0 0 0 0 0 0 0 0 0 0 0 0 0 0 0 0 0 0 1 0 0 0 0 0 0 0 0 0 0 0 0 0 0 0 0 0 0 0 0 0 0 0 0 0 0 0]
[7219159292482886106140247260887504331249083043861491031372675765043776352258486732043422261995551932445361379705152653717336470848717838614162627118743625741750425690016092945443628407780601419061826763343990681720943466969636790222770889507812426920276342433634918872027482826034368734692990716908522332153406472198509028651989572699221595484985410458 0 0 0 0 0 0 0 0 0 0 0 0 0 0 0 0 0 0 0 0 0 0 0 0 0 0 0 0 0 0 0 0 0 0 0 0 0 0 0 0 0 0 0 0 0 0 0 0 0 0 0 0 0 0 0 0 0 0 0 0 0 0 0 0 0 0 0 0 0 0 0 0 0 0 0 0 0 0 0 0 0 0 0 0 0 0 0 0 0 1 0 0 0 0 0 0 0 0 0 0 0 0 0 0 0 0 0 0 0 0 0 0 0 0 0 0]
[2986974194410328943908318549792388071283073979841885293121360704700382107589697933776980911755066210550113641352850150007459428753047125284118547188851435448881033140785514504801749474375431928516097545861208338404093135535666359427707345559497088538891609010736182327613907965056401450515175649746301846759682241157294659089471489829124266982770652904 0 0 0 0 0 0 0 0 0 0 0 0 0 0 0 0 0 0 0 0 0 0 0 0 0 0 0 0 0 0 0 0 0 0 0 0 0 0 0 0 0 0 0 0 0 0 0 0 0 0 0 0 0 0 0 0 0 0 0 0 0 0 0 0 0 0 0 0 0 0 0 0 0 0 0 0 0 0 0 0 0 0 0 0 0 0 0 0 0 0 1 0 0 0 0 0 0 0 0 0 0 0 0 0 0 0 0 0 0 0 0 0 0 0 0 0]
[9467686188307385802133913867513045968186479688104478387415805651001360561133660312542022002757023789455955819331700571786813607565071259954726017801628603996310231715168614038819565680221961568732394151726525562984666317078382803542902262514728938883923461181384519897460679357508859236230058861609025966496223941815526278474714779254065445122909272309 0 0 0 0 0 0 0 0 0 0 0 0 0 0 0 0 0 0 0 0 0 0 0 0 0 0 0 0 0 0 0 0 0 0 0 0 0 0 0 0 0 0 0 0 0 0 0 0 0 0 0 0 0 0 0 0 0 0 0 0 0 0 0 0 0 0 0 0 0 0 0 0 0 0 0 0 0 0 0 0 0 0 0 0 0 0 0 0 0 0 0 1 0 0 0 0 0 0 0 0 0 0 0 0 0 0 0 0 0 0 0 0 0 0 0 0]
[10081274334011183156701070266301683203671773942087209306113014872998889966660658405822250565601633058665489498907830228346044901381686816607488372399407456244791579667644359816897009291765488380811341011341747978104514214722075356075383345744568156179405178738137634192736066984003544571978334624448258360951871880395462852823426101559476680613363513637 0 0 0 0 0 0 0 0 0 0 0 0 0 0 0 0 0 0 0 0 0 0 0 0 0 0 0 0 0 0 0 0 0 0 0 0 0 0 0 0 0 0 0 0 0 0 0 0 0 0 0 0 0 0 0 0 0 0 0 0 0 0 0 0 0 0 0 0 0 0 0 0 0 0 0 0 0 0 0 0 0 0 0 0 0 0 0 0 0 0 0 0 1 0 0 0 0 0 0 0 0 0 0 0 0 0 0 0 0 0 0 0 0 0 0 0]
[4634467405258279571259393024044813848108849984261241413938555225799418207538527187240548977146892137229033063360517819846920816730938646069579281365928268848614106696926565389612647996834767227035337940227624891662380852337174045773839858928346237838679678249518074477414499963219533483209544954528258737841010322113016521819414700327591458283075037069 0 0 0 0 0 0 0 0 0 0 0 0 0 0 0 0 0 0 0 0 0 0 0 0 0 0 0 0 0 0 0 0 0 0 0 0 0 0 0 0 0 0 0 0 0 0 0 0 0 0 0 0 0 0 0 0 0 0 0 0 0 0 0 0 0 0 0 0 0 0 0 0 0 0 0 0 0 0 0 0 0 0 0 0 0 0 0 0 0 0 0 0 0 1 0 0 0 0 0 0 0 0 0 0 0 0 0 0 0 0 0 0 0 0 0 0]
[7185977917985869778343317089752378505452182574103799291418077338909184261073532255727718469158005265391197483486013674440656846749932314837540839857423052157448281253531407591999439143756836481131329896309440958616727832757432673652248686640034229991187333469801850115723152182611564092597375563646127577966149169121899900705758603480040797208658003739 0 0 0 0 0 0 0 0 0 0 0 0 0 0 0 0 0 0 0 0 0 0 0 0 0 0 0 0 0 0 0 0 0 0 0 0 0 0 0 0 0 0 0 0 0 0 0 0 0 0 0 0 0 0 0 0 0 0 0 0 0 0 0 0 0 0 0 0 0 0 0 0 0 0 0 0 0 0 0 0 0 0 0 0 0 0 0 0 0 0 0 0 0 0 1 0 0 0 0 0 0 0 0 0 0 0 0 0 0 0 0 0 0 0 0 0]
[8806368551019608881297284890004718074263038897425106047646862122580799399978410250373615448992200540559417215347194782831273437380016950675208250661528290632342711198120643204127769561819939985204765574346518242991866972943216754759256929554394258953566815416650923848662586270391012417872350838952229908489425822553256111379157217616169998141254708979 0 0 0 0 0 0 0 0 0 0 0 0 0 0 0 0 0 0 0 0 0 0 0 0 0 0 0 0 0 0 0 0 0 0 0 0 0 0 0 0 0 0 0 0 0 0 0 0 0 0 0 0 0 0 0 0 0 0 0 0 0 0 0 0 0 0 0 0 0 0 0 0 0 0 0 0 0 0 0 0 0 0 0 0 0 0 0 0 0 0 0 0 0 0 0 1 0 0 0 0 0 0 0 0 0 0 0 0 0 0 0 0 0 0 0 0]
[11195802848634080030800395392644801877208499057023622072671545965064695148318128553778205590732844857350654295969841929702009657061637284704792791903740185990669593033853263276181510219126234164570691306975356507789251295284223230991096597413548995199535457968909101444122135230725633854190758702570071531113307681491474247361153884969542552268420369353 0 0 0 0 0 0 0 0 0 0 0 0 0 0 0 0 0 0 0 0 0 0 0 0 0 0 0 0 0 0 0 0 0 0 0 0 0 0 0 0 0 0 0 0 0 0 0 0 0 0 0 0 0 0 0 0 0 0 0 0 0 0 0 0 0 0 0 0 0 0 0 0 0 0 0 0 0 0 0 0 0 0 0 0 0 0 0 0 0 0 0 0 0 0 0 0 1 0 0 0 0 0 0 0 0 0 0 0 0 0 0 0 0 0 0 0]
[7622916158862749934168582798980879728431763840993237088469107856300392844338605552331031352689950253325038129537607879720113022916743161609686421981235459308722083645055097251228205074831801608717579164033313280134151052597984964475817856272166366098294268039015841463606339575039165889063700573901531724054481652810193028650907871255638324265826165630 0 0 0 0 0 0 0 0 0 0 0 0 0 0 0 0 0 0 0 0 0 0 0 0 0 0 0 0 0 0 0 0 0 0 0 0 0 0 0 0 0 0 0 0 0 0 0 0 0 0 0 0 0 0 0 0 0 0 0 0 0 0 0 0 0 0 0 0 0 0 0 0 0 0 0 0 0 0 0 0 0 0 0 0 0 0 0 0 0 0 0 0 0 0 0 0 0 1 0 0 0 0 0 0 0 0 0 0 0 0 0 0 0 0 0 0]
[4966846870321537616873526875729640329452019355259442700685297309790723722194306300806508343297702121393445849138011220289438526234943053756613500548397781723240728991748463486992697011077770449539780916196858286239302828010179391663494138771062572000582839132946411490033636911110681673675486478970412556105159691693849575018502518797910229436258118818 0 0 0 0 0 0 0 0 0 0 0 0 0 0 0 0 0 0 0 0 0 0 0 0 0 0 0 0 0 0 0 0 0 0 0 0 0 0 0 0 0 0 0 0 0 0 0 0 0 0 0 0 0 0 0 0 0 0 0 0 0 0 0 0 0 0 0 0 0 0 0 0 0 0 0 0 0 0 0 0 0 0 0 0 0 0 0 0 0 0 0 0 0 0 0 0 0 0 1 0 0 0 0 0 0 0 0 0 0 0 0 0 0 0 0 0]
[1622201270638328947502044295321458103811115599995434118727257521701521148715946638040056569790981444968447480222401719640274603134508842882288345189153235208644011810090498551998104775367956975637473750220023146139267436000059134266232056595205646280276488894706433586147957106392387402561284224226178374175553540221892205200870753388577345885200227746 0 0 0 0 0 0 0 0 0 0 0 0 0 0 0 0 0 0 0 0 0 0 0 0 0 0 0 0 0 0 0 0 0 0 0 0 0 0 0 0 0 0 0 0 0 0 0 0 0 0 0 0 0 0 0 0 0 0 0 0 0 0 0 0 0 0 0 0 0 0 0 0 0 0 0 0 0 0 0 0 0 0 0 0 0 0 0 0 0 0 0 0 0 0 0 0 0 0 0 1 0 0 0 0 0 0 0 0 0 0 0 0 0 0 0 0]
[5228699749389238991713986949308620521304668402583956122850861853639248031174485595239526377124985728808191529839306047744216336039564294581263439794138134363776626889159380989110182592338516466491619207971338440673879707057360747628336697806728623722744815462864106111128214750753850574164907746720810533260920357901585192710302487620322760449763421435 0 0 0 0 0 0 0 0 0 0 0 0 0 0 0 0 0 0 0 0 0 0 0 0 0 0 0 0 0 0 0 0 0 0 0 0 0 0 0 0 0 0 0 0 0 0 0 0 0 0 0 0 0 0 0 0 0 0 0 0 0 0 0 0 0 0 0 0 0 0 0 0 0 0 0 0 0 0 0 0 0 0 0 0 0 0 0 0 0 0 0 0 0 0 0 0 0 0 0 0 1 0 0 0 0 0 0 0 0 0 0 0 0 0 0 0]
[7634651097031000952663516500511962752531017053786122968617084507570888207374731595243451693330773680958596197376640359275312493841824634830986876102787783013004949397960123772257292796605566714280025203638423345519147614414106273937198592026956214973617231557045209863819136796981151981710630273587502737162555791367425600050742071912921641028338190645 0 0 0 0 0 0 0 0 0 0 0 0 0 0 0 0 0 0 0 0 0 0 0 0 0 0 0 0 0 0 0 0 0 0 0 0 0 0 0 0 0 0 0 0 0 0 0 0 0 0 0 0 0 0 0 0 0 0 0 0 0 0 0 0 0 0 0 0 0 0 0 0 0 0 0 0 0 0 0 0 0 0 0 0 0 0 0 0 0 0 0 0 0 0 0 0 0 0 0 0 0 1 0 0 0 0 0 0 0 0 0 0 0 0 0 0]
[234274932384577012163516436190019156696116701832476426768866355843459414664756242801898194216162241577643370424466202528294380864417827763815603342830798345868313873520244222920149583758393789930662738712191167799369543622739455495880278845045994308708604892448592501700387545834360095996904762924424209194289833610856242516431456426382875468245077776 0 0 0 0 0 0 0 0 0 0 0 0 0 0 0 0 0 0 0 0 0 0 0 0 0 0 0 0 0 0 0 0 0 0 0 0 0 0 0 0 0 0 0 0 0 0 0 0 0 0 0 0 0 0 0 0 0 0 0 0 0 0 0 0 0 0 0 0 0 0 0 0 0 0 0 0 0 0 0 0 0 0 0 0 0 0 0 0 0 0 0 0 0 0 0 0 0 0 0 0 0 0 1 0 0 0 0 0 0 0 0 0 0 0 0 0]
[1846506040728094415338295799000649395020388172683107236499629420989464074398354004743278498413212187046115853526991078945426179451672855061178160494617702855119509555603225489193644326637271776369507087508187650984923501764506649956713542071721391372362980532485330238912630906724699319132752825666011517102730015291803681993713725718960616884546871397 0 0 0 0 0 0 0 0 0 0 0 0 0 0 0 0 0 0 0 0 0 0 0 0 0 0 0 0 0 0 0 0 0 0 0 0 0 0 0 0 0 0 0 0 0 0 0 0 0 0 0 0 0 0 0 0 0 0 0 0 0 0 0 0 0 0 0 0 0 0 0 0 0 0 0 0 0 0 0 0 0 0 0 0 0 0 0 0 0 0 0 0 0 0 0 0 0 0 0 0 0 0 0 1 0 0 0 0 0 0 0 0 0 0 0 0]
[15695260621870982233391477050643384904394136681074559363764504436703152507131205148736415857494391140775549711017767075849394458173893384287630530083357233869517688401887478750062497802794818927683756095565956179897910224785622607623906894609759416667761270810205671075908471690520050088948599166653574284718116893516355936864666029128304262137434748 0 0 0 0 0 0 0 0 0 0 0 0 0 0 0 0 0 0 0 0 0 0 0 0 0 0 0 0 0 0 0 0 0 0 0 0 0 0 0 0 0 0 0 0 0 0 0 0 0 0 0 0 0 0 0 0 0 0 0 0 0 0 0 0 0 0 0 0 0 0 0 0 0 0 0 0 0 0 0 0 0 0 0 0 0 0 0 0 0 0 0 0 0 0 0 0 0 0 0 0 0 0 0 0 1 0 0 0 0 0 0 0 0 0 0 0]
[5411886532880975137134379678655382997083819387790822442145871552346496665681007119766270934076451712464515814687130863216601273441361948158155843452281145851597000963690548480291460363732779401548891375176777843385750818380123465943751151106948906473495206108138923890799357563252509312112374098196648991126900854140214988767110818636471031629058329914 0 0 0 0 0 0 0 0 0 0 0 0 0 0 0 0 0 0 0 0 0 0 0 0 0 0 0 0 0 0 0 0 0 0 0 0 0 0 0 0 0 0 0 0 0 0 0 0 0 0 0 0 0 0 0 0 0 0 0 0 0 0 0 0 0 0 0 0 0 0 0 0 0 0 0 0 0 0 0 0 0 0 0 0 0 0 0 0 0 0 0 0 0 0 0 0 0 0 0 0 0 0 0 0 0 1 0 0 0 0 0 0 0 0 0 0]
[4561298956755873502948906254941147126534708656103731321659020803502822554502920912657288432756792818484345632352027710897497876439428901214455905178932781531829572766994835635553882075565670779792916303981136055770959369825781436916380101732436914492964451946744409964134222668868280954158408021963335781655278288453116785842516901821434243913767962273 0 0 0 0 0 0 0 0 0 0 0 0 0 0 0 0 0 0 0 0 0 0 0 0 0 0 0 0 0 0 0 0 0 0 0 0 0 0 0 0 0 0 0 0 0 0 0 0 0 0 0 0 0 0 0 0 0 0 0 0 0 0 0 0 0 0 0 0 0 0 0 0 0 0 0 0 0 0 0 0 0 0 0 0 0 0 0 0 0 0 0 0 0 0 0 0 0 0 0 0 0 0 0 0 0 0 1 0 0 0 0 0 0 0 0 0]
[11942631382056076698149017138059110030970258546604853206634068405205232258708678859730062986832879124378795450009960765584359211970073709315967325434526610130626668322149154635456948276442860098456064457775944435338701810506167212108233543654839271879326788628227762245121294386391588061196286791201949490537155400414142144703072733652467510475623496727 0 0 0 0 0 0 0 0 0 0 0 0 0 0 0 0 0 0 0 0 0 0 0 0 0 0 0 0 0 0 0 0 0 0 0 0 0 0 0 0 0 0 0 0 0 0 0 0 0 0 0 0 0 0 0 0 0 0 0 0 0 0 0 0 0 0 0 0 0 0 0 0 0 0 0 0 0 0 0 0 0 0 0 0 0 0 0 0 0 0 0 0 0 0 0 0 0 0 0 0 0 0 0 0 0 0 0 1 0 0 0 0 0 0 0 0]
[1258396603791789346771049743269226487292251866483707571575445466572463928437675129400759288762256529068558716923530173580218200076579733213050209392155821196040698254282769591243443254498622307485297647796446608471878623553129856042557616656043316004984901707386782029152057808051620678925169125102517070566537472778971836446461389795671999044303978666 0 0 0 0 0 0 0 0 0 0 0 0 0 0 0 0 0 0 0 0 0 0 0 0 0 0 0 0 0 0 0 0 0 0 0 0 0 0 0 0 0 0 0 0 0 0 0 0 0 0 0 0 0 0 0 0 0 0 0 0 0 0 0 0 0 0 0 0 0 0 0 0 0 0 0 0 0 0 0 0 0 0 0 0 0 0 0 0 0 0 0 0 0 0 0 0 0 0 0 0 0 0 0 0 0 0 0 0 1 0 0 0 0 0 0 0]
[11479151261220952860951066894950447739408391703214152953641153126349656521510122096320042264561240678696659758604326987264325704515873142545508909737269488619116908390387408899483898523425468324675571966017739249333988183463952550595763328868810887178290512908213981972238156316418090473252810193372328611663626559658593253124135559493049738869381825814 0 0 0 0 0 0 0 0 0 0 0 0 0 0 0 0 0 0 0 0 0 0 0 0 0 0 0 0 0 0 0 0 0 0 0 0 0 0 0 0 0 0 0 0 0 0 0 0 0 0 0 0 0 0 0 0 0 0 0 0 0 0 0 0 0 0 0 0 0 0 0 0 0 0 0 0 0 0 0 0 0 0 0 0 0 0 0 0 0 0 0 0 0 0 0 0 0 0 0 0 0 0 0 0 0 0 0 0 0 1 0 0 0 0 0 0]
[9051504523740066985491451130591105099893107160625249605016493081609741360507475159821168190728602537162215694541382248201765448711202797306789744204887068179805653066353425538945644497628604624186914431474050051820109689886575585054318559742361543623794840112652941553671815354408106351640276996234140292424703052413923971344448513012678496491888658931 0 0 0 0 0 0 0 0 0 0 0 0 0 0 0 0 0 0 0 0 0 0 0 0 0 0 0 0 0 0 0 0 0 0 0 0 0 0 0 0 0 0 0 0 0 0 0 0 0 0 0 0 0 0 0 0 0 0 0 0 0 0 0 0 0 0 0 0 0 0 0 0 0 0 0 0 0 0 0 0 0 0 0 0 0 0 0 0 0 0 0 0 0 0 0 0 0 0 0 0 0 0 0 0 0 0 0 0 0 0 1 0 0 0 0 0]
[4125967993240288411205202902444091905493510275340536918455708794648789581490802900494359552477723015061181091228758115586246571047143412904346938351692060534229750752395519509696692159886882869045283242639932696166078111567867985356805541039375573888603123363946062741506699689450432400155208755636702465239994660750476607455245235043164722085469788268 0 0 0 0 0 0 0 0 0 0 0 0 0 0 0 0 0 0 0 0 0 0 0 0 0 0 0 0 0 0 0 0 0 0 0 0 0 0 0 0 0 0 0 0 0 0 0 0 0 0 0 0 0 0 0 0 0 0 0 0 0 0 0 0 0 0 0 0 0 0 0 0 0 0 0 0 0 0 0 0 0 0 0 0 0 0 0 0 0 0 0 0 0 0 0 0 0 0 0 0 0 0 0 0 0 0 0 0 0 0 0 1 0 0 0 0]
[2112767990946856691315887000427582752559871960782714145857042252716039628003412480333942302513960222852502179840941168124752944716166922797250156328795101894844659987996008200738437126540446680490873550303468466751833278913862025444587699972122068131077077512594455581523905549012338884404641038864379770279732976493961919684680127234253962110573154175 0 0 0 0 0 0 0 0 0 0 0 0 0 0 0 0 0 0 0 0 0 0 0 0 0 0 0 0 0 0 0 0 0 0 0 0 0 0 0 0 0 0 0 0 0 0 0 0 0 0 0 0 0 0 0 0 0 0 0 0 0 0 0 0 0 0 0 0 0 0 0 0 0 0 0 0 0 0 0 0 0 0 0 0 0 0 0 0 0 0 0 0 0 0 0 0 0 0 0 0 0 0 0 0 0 0 0 0 0 0 0 0 1 0 0 0]
[2145695586823507176679888179424570099916437517012744246615169781555733132154884926990776993744678948320675743836468739953377822531721887106471776788619449590030855072452391621029306730179269453706283815029221892379116867675573733493006755110558731411557745162222589621598514767845505228332894610366564118699100019767721159329174388002239364968661380013 0 0 0 0 0 0 0 0 0 0 0 0 0 0 0 0 0 0 0 0 0 0 0 0 0 0 0 0 0 0 0 0 0 0 0 0 0 0 0 0 0 0 0 0 0 0 0 0 0 0 0 0 0 0 0 0 0 0 0 0 0 0 0 0 0 0 0 0 0 0 0 0 0 0 0 0 0 0 0 0 0 0 0 0 0 0 0 0 0 0 0 0 0 0 0 0 0 0 0 0 0 0 0 0 0 0 0 0 0 0 0 0 0 1 0 0]
[11148920591606442844836237628394721676856070044217511981001289777815050776423243684320999860763104079091695750365080062279523056749934446787864304094435285752774124580239976051373350148157460831813137416454411618260582013904862344460187251710070579553177330940641746838390425419862821146515989202959174243888215185819761162166080493451071530887937278870 0 0 0 0 0 0 0 0 0 0 0 0 0 0 0 0 0 0 0 0 0 0 0 0 0 0 0 0 0 0 0 0 0 0 0 0 0 0 0 0 0 0 0 0 0 0 0 0 0 0 0 0 0 0 0 0 0 0 0 0 0 0 0 0 0 0 0 0 0 0 0 0 0 0 0 0 0 0 0 0 0 0 0 0 0 0 0 0 0 0 0 0 0 0 0 0 0 0 0 0 0 0 0 0 0 0 0 0 0 0 0 0 0 0 1 0]
[4364864177804646022727307571541523208085098461756409084446055542169886126205886707479812154004319730796920906556049476151570005259711219044198392031521062024775986484378067564587169885605574500547274930082287545072645098796039537323426947063217301906048140433196476877264111558911378749839270010910625917161100289029971120936141559025459927368036123419 0 0 0 0 0 0 0 0 0 0 0 0 0 0 0 0 0 0 0 0 0 0 0 0 0 0 0 0 0 0 0 0 0 0 0 0 0 0 0 0 0 0 0 0 0 0 0 0 0 0 0 0 0 0 0 0 0 0 0 0 0 0 0 0 0 0 0 0 0 0 0 0 0 0 0 0 0 0 0 0 0 0 0 0 0 0 0 0 0 0 0 0 0 0 0 0 0 0 0 0 0 0 0 0 0 0 0 0 0 0 0 0 0 0 0 1]
]
