[[9959606492848973325229289055007839399905337737499973795219160170579382626113253510907609557197794813287759809560645517702143996238877642326935910284605186418359752193746642557762453898397045773242875192995237205470596516392455038634725714505590859454316460850891550789951662283665580467409877257080950787619990275501906782774600764595219927824951018743 0 0 0 0 0 0 0 0 0 0 0 0 0 0 0 0 0 0 0 0 0 0 0 0 0 0 0 0 0 0 0 0 0 0 0 0 0 0 0 0 0 0 0 0 0 0 0 0 0 0 0 0 0 0 0 0 0 0 0 0 0 0 0 0 0 0 0 0 0 0 0 0 0 0 0 0 0 0 0 0 0 0 0 0 0 0 0 0 0 0 0 0 0 0 0 0 0 0 0 0 0 0 0 0 0 0 0 0 0 0 0 0 0 0 0 0]
[9544351894227471413371549002534441994483265693908075371936918570163530204726173178115323296908884460064207916065065797829690154177115031477151149200593944942013678812345066947277343554197944781333886783992688416069768758901887156311588013392935796368321075129507362383569956844280249005532781223551254402083811825579407096140482020838203115629124915838 1 0 0 0 0 0 0 0 0 0 0 0 0 0 0 0 0 0 0 0 0 0 0 0 0 0 0 0 0 0 0 0 0 0 0 0 0 0 0 0 0 0 0 0 0 0 0 0 0 0 0 0 0 0 0 0 0 0 0 0 0 0 0 0 0 0 0 0 0 0 0 0 0 0 0 0 0 0 0 0 0 0 0 0 0 0 0 0 0 0 0 0 0 0 0 0 0 0 0 0 0 0 0 0 0 0 0 0 0 0 0 0 0 0 0 0]
[2155694863293545018434143960630155122081282206939799100960768315744640873567025049732023466368728670768866292954825375620909273957851175777803523211911122321706897168323413727469550295568074696668198810397116223398806161062303886796302594116307189413921825709436391095127696274430413260344146673695303919603978685602485123610230604980878852420476040744 0 1 0 0 0 0 0 0 0 0 0 0 0 0 0 0 0 0 0 0 0 0 0 0 0 0 0 0 0 0 0 0 0 0 0 0 0 0 0 0 0 0 0 0 0 0 0 0 0 0 0 0 0 0 0 0 0 0 0 0 0 0 0 0 0 0 0 0 0 0 0 0 0 0 0 0 0 0 0 0 0 0 0 0 0 0 0 0 0 0 0 0 0 0 0 0 0 0 0 0 0 0 0 0 0 0 0 0 0 0 0 0 0 0 0 0]
[9825459463024082777755181898943749988080484100034268438926958177411859960365288721934858877578404261512080346412917886245266541125653766401520965642163949176530791084222632092453728925666768040565061061488382525003864867616157841937450567198828780901220028489567341503051937068951837470795818716782265148958003416657882517443310105721639749542637595005 0 0 1 0 0 0 0 0 0 0 0 0 0 0 0 0 0 0 0 0 0 0 0 0 0 0 0 0 0 0 0 0 0 0 0 0 0 0 0 0 0 0 0 0 0 0 0 0 0 0 0 0 0 0 0 0 0 0 0 0 0 0 0 0 0 0 0 0 0 0 0 0 0 0 0 0 0 0 0 0 0 0 0 0 0 0 0 0 0 0 0 0 0 0 0 0 0 0 0 0 0 0 0 0 0 0 0 0 0 0 0 0 0 0 0 0]
[447455647342988963515623835790039096548832097355133806897038001328096190288789888635965836436215093920445561705959196527063183900253478957610743236105073756078405255890579755829529412558536807981975742608501817088381528263437376239316791411842469034746762741145475149021538513917115055369898834676497968076779271024502859434235395083861171694961139927 0 0 0 1 0 0 0 0 0 0 0 0 0 0 0 0 0 0 0 0 0 0 0 0 0 0 0 0 0 0 0 0 0 0 0 0 0 0 0 0 0 0 0 0 0 0 0 0 0 0 0 0 0 0 0 0 0 0 0 0 0 0 0 0 0 0 0 0 0 0 0 0 0 0 0 0 0 0 0 0 0 0 0 0 0 0 0 0 0 0 0 0 0 0 0 0 0 0 0 0 0 0 0 0 0 0 0 0 0 0 0 0 0 0 0 0]
[9582104648658944648426911500318532951441765600762845021730241239008226205374549346917043188484149345231138106472221747072610145705462211894272259175306922409345766729551325091255622046914508672974048185137203714127276807803100135475777482810685313071430887310006042504511827488100357608117545401543573716278519549844594555899212330186747324907986215202 0 0 0 0 1 0 0 0 0 0 0 0 0 0 0 0 0 0 0 0 0 0 0 0 0 0 0 0 0 0 0 0 0 0 0 0 0 0 0 0 0 0 0 0 0 0 0 0 0 0 0 0 0 0 0 0 0 0 0 0 0 0 0 0 0 0 0 0 0 0 0 0 0 0 0 0 0 0 0 0 0 0 0 0 0 0 0 0 0 0 0 0 0 0 0 0 0 0 0 0 0 0 0 0 0 0 0 0 0 0 0 0 0 0 0 0]
[39838018178866828835043687416389367668238809006467531803337823536330973157909176854891428323061579123912843952045244106409986831014678978612391498570237326705986414543059402863741770012415600672607182767782785194755990463004143790966748887130454260735463717558821335284845276532640562888664250893688634348582418893117135407290723905433944915533866527 0 0 0 0 0 1 0 0 0 0 0 0 0 0 0 0 0 0 0 0 0 0 0 0 0 0 0 0 0 0 0 0 0 0 0 0 0 0 0 0 0 0 0 0 0 0 0 0 0 0 0 0 0 0 0 0 0 0 0 0 0 0 0 0 0 0 0 0 0 0 0 0 0 0 0 0 0 0 0 0 0 0 0 0 0 0 0 0 0 0 0 0 0 0 0 0 0 0 0 0 0 0 0 0 0 0 0 0 0 0 0 0 0 0 0 0]
[8550545772605749656147666235355214887544082753080920100611039712261852312681273198458265420720598693000442353603002281253982363063583961153472474345032346766080037891254559883165662279507488462464179371846912468718180010861413244368145871856760350254291728496696970776608649075195358792641369920957645989087084013678736005290231835904194483725449506861 0 0 0 0 0 0 1 0 0 0 0 0 0 0 0 0 0 0 0 0 0 0 0 0 0 0 0 0 0 0 0 0 0 0 0 0 0 0 0 0 0 0 0 0 0 0 0 0 0 0 0 0 0 0 0 0 0 0 0 0 0 0 0 0 0 0 0 0 0 0 0 0 0 0 0 0 0 0 0 0 0 0 0 0 0 0 0 0 0 0 0 0 0 0 0 0 0 0 0 0 0 0 0 0 0 0 0 0 0 0 0 0 0 0 0 0]
[3637146872446824495464610722911374588495935097487418536223639607816568242826875181076151237479252720074631871563134714190045017050604508576517956729926387272900226500714376062207767055485087676863291152448680846203734704976539568434418325454139548146094809465271854054994048606210964906139026901817129343496778300216494744939628172128246618996032410347 0 0 0 0 0 0 0 1 0 0 0 0 0 0 0 0 0 0 0 0 0 0 0 0 0 0 0 0 0 0 0 0 0 0 0 0 0 0 0 0 0 0 0 0 0 0 0 0 0 0 0 0 0 0 0 0 0 0 0 0 0 0 0 0 0 0 0 0 0 0 0 0 0 0 0 0 0 0 0 0 0 0 0 0 0 0 0 0 0 0 0 0 0 0 0 0 0 0 0 0 0 0 0 0 0 0 0 0 0 0 0 0 0 0 0 0]
[7574160344000242177225271526933432856254399463679458528007318158189042708592137321796786806932464654995582692794190797480448654930784212968066917798436302419199226987398105354608315201561959826297555676605207298363864345581236480199595850110455767996230183526805382158208059174100707494662925934054059176597834618766521844651431703404286124653206911809 0 0 0 0 0 0 0 0 1 0 0 0 0 0 0 0 0 0 0 0 0 0 0 0 0 0 0 0 0 0 0 0 0 0 0 0 0 0 0 0 0 0 0 0 0 0 0 0 0 0 0 0 0 0 0 0 0 0 0 0 0 0 0 0 0 0 0 0 0 0 0 0 0 0 0 0 0 0 0 0 0 0 0 0 0 0 0 0 0 0 0 0 0 0 0 0 0 0 0 0 0 0 0 0 0 0 0 0 0 0 0 0 0 0 0 0]
[9071134803788897442905556199570140325846597904917128665979893230661229553021783954287388054566973187903179147289695707184530570521611263537403515019033645155187949464177411583521286185553992121670652857481921504824009953589706237225699124054917683540038107979727559154970530866910836609323460699821136380653993984858253480251897742241688036231910507543 0 0 0 0 0 0 0 0 0 1 0 0 0 0 0 0 0 0 0 0 0 0 0 0 0 0 0 0 0 0 0 0 0 0 0 0 0 0 0 0 0 0 0 0 0 0 0 0 0 0 0 0 0 0 0 0 0 0 0 0 0 0 0 0 0 0 0 0 0 0 0 0 0 0 0 0 0 0 0 0 0 0 0 0 0 0 0 0 0 0 0 0 0 0 0 0 0 0 0 0 0 0 0 0 0 0 0 0 0 0 0 0 0 0 0 0]
[9487768595494622248269196556488743948175993007443364901462037548965651733693132133209837927163523169401448059992185087303989799119140490186232884341495221802226517403457477381233360254597005120100578044019367720882842803751252876029253715488271579811083957554562084831373011881731737151832975464009062350266905481277026702788500886765575475310662794527 0 0 0 0 0 0 0 0 0 0 1 0 0 0 0 0 0 0 0 0 0 0 0 0 0 0 0 0 0 0 0 0 0 0 0 0 0 0 0 0 0 0 0 0 0 0 0 0 0 0 0 0 0 0 0 0 0 0 0 0 0 0 0 0 0 0 0 0 0 0 0 0 0 0 0 0 0 0 0 0 0 0 0 0 0 0 0 0 0 0 0 0 0 0 0 0 0 0 0 0 0 0 0 0 0 0 0 0 0 0 0 0 0 0 0 0]
[7216953950762201986948717054463906841964149409905275196309239996935641173727611309058110713167678219139710180402844233952704100990215837146794624030778857069752913018692387617454707710543780091565783435402397808291961895254635934933247161062988194828141749536384908303595142640966229692106984074609100480813336711829663830098039854305616179260851804561 0 0 0 0 0 0 0 0 0 0 0 1 0 0 0 0 0 0 0 0 0 0 0 0 0 0 0 0 0 0 0 0 0 0 0 0 0 0 0 0 0 0 0 0 0 0 0 0 0 0 0 0 0 0 0 0 0 0 0 0 0 0 0 0 0 0 0 0 0 0 0 0 0 0 0 0 0 0 0 0 0 0 0 0 0 0 0 0 0 0 0 0 0 0 0 0 0 0 0 0 0 0 0 0 0 0 0 0 0 0 0 0 0 0 0 0]
[5193685460457143335090982914831627922069376027756773468700591554651798884258384705146944893646031400342774946165767976865108651360165282355222358089903945769781834649352515475898056789917492691268840870818785426236157355420882328048357992519147692544691870144003406910048650960295225354931376383461658486570270749190414136970169839433977988886673147200 0 0 0 0 0 0 0 0 0 0 0 0 1 0 0 0 0 0 0 0 0 0 0 0 0 0 0 0 0 0 0 0 0 0 0 0 0 0 0 0 0 0 0 0 0 0 0 0 0 0 0 0 0 0 0 0 0 0 0 0 0 0 0 0 0 0 0 0 0 0 0 0 0 0 0 0 0 0 0 0 0 0 0 0 0 0 0 0 0 0 0 0 0 0 0 0 0 0 0 0 0 0 0 0 0 0 0 0 0 0 0 0 0 0 0 0]
[7940725335642902445034615545428999770805105479277394140870197999983147237584131803755714206434180080858467998095718787741675797697203029373097061635163410360883436187855591637362056360164871939791378069489625661907667413150118763884678520541055239653247269700617703030895646440555712905975743640372529005976653963502621210569464655602874455267964118203 0 0 0 0 0 0 0 0 0 0 0 0 0 1 0 0 0 0 0 0 0 0 0 0 0 0 0 0 0 0 0 0 0 0 0 0 0 0 0 0 0 0 0 0 0 0 0 0 0 0 0 0 0 0 0 0 0 0 0 0 0 0 0 0 0 0 0 0 0 0 0 0 0 0 0 0 0 0 0 0 0 0 0 0 0 0 0 0 0 0 0 0 0 0 0 0 0 0 0 0 0 0 0 0 0 0 0 0 0 0 0 0 0 0 0 0]
[7222338160549402001529034989317418530843255838472708654089678675108720766101068909774433279493990739855752356377425476972491999827998485047470714349968046045533190371402339632122621594911749411119543563548163542309486534491154254846354741590283957216538584639491067182955187893239180989075946119981602425254557861718291769777059909208163629823652874011 0 0 0 0 0 0 0 0 0 0 0 0 0 0 1 0 0 0 0 0 0 0 0 0 0 0 0 0 0 0 0 0 0 0 0 0 0 0 0 0 0 0 0 0 0 0 0 0 0 0 0 0 0 0 0 0 0 0 0 0 0 0 0 0 0 0 0 0 0 0 0 0 0 0 0 0 0 0 0 0 0 0 0 0 0 0 0 0 0 0 0 0 0 0 0 0 0 0 0 0 0 0 0 0 0 0 0 0 0 0 0 0 0 0 0 0]
[8193437396206461857855406669987221876111427390515779248830629093781950161679431047740783584136469727055149954148012363113989047021887885413364523610243113757162204069919247131669109147469234727100831512156350620854689534475296230603952491494612384342772890614289910113806437260354014408084786054438447616842735102000438773364004772444719150988917706339 0 0 0 0 0 0 0 0 0 0 0 0 0 0 0 1 0 0 0 0 0 0 0 0 0 0 0 0 0 0 0 0 0 0 0 0 0 0 0 0 0 0 0 0 0 0 0 0 0 0 0 0 0 0 0 0 0 0 0 0 0 0 0 0 0 0 0 0 0 0 0 0 0 0 0 0 0 0 0 0 0 0 0 0 0 0 0 0 0 0 0 0 0 0 0 0 0 0 0 0 0 0 0 0 0 0 0 0 0 0 0 0 0 0 0 0]
[1441672971814491714331292029589549977071835080225431850547901912227638444863618280273344250248774019703728744562871037553062248557551548364710265016671620398274318948010766866985900429428807980600360970736961939638018182714258138288170482628722338834769025172919995402016909843897167658259890830549516229537281756604645383947899437787427807371100827490 0 0 0 0 0 0 0 0 0 0 0 0 0 0 0 0 1 0 0 0 0 0 0 0 0 0 0 0 0 0 0 0 0 0 0 0 0 0 0 0 0 0 0 0 0 0 0 0 0 0 0 0 0 0 0 0 0 0 0 0 0 0 0 0 0 0 0 0 0 0 0 0 0 0 0 0 0 0 0 0 0 0 0 0 0 0 0 0 0 0 0 0 0 0 0 0 0 0 0 0 0 0 0 0 0 0 0 0 0 0 0 0 0 0 0 0]
[3961351676735859566179985768855806189981971544670614892788758970946974767049631083193589889867225640488062688408231314668828145681449535281645860917393240691840745946105520894423696128923392385344223559103420337760922009204962762469692286020989428935597968192265643159340616986521955905830707145765883593216977596549772400880478328679747690007326149985 0 0 0 0 0 0 0 0 0 0 0 0 0 0 0 0 0 1 0 0 0 0 0 0 0 0 0 0 0 0 0 0 0 0 0 0 0 0 0 0 0 0 0 0 0 0 0 0 0 0 0 0 0 0 0 0 0 0 0 0 0 0 0 0 0 0 0 0 0 0 0 0 0 0 0 0 0 0 0 0 0 0 0 0 0 0 0 0 0 0 0 0 0 0 0 0 0 0 0 0 0 0 0 0 0 0 0 0 0 0 0 0 0 0 0 0]
[2462221790066912732145136356025464900504312992264316170178244725822133964307470458578051806776685424457413231300296268706256694335740106897542212780919372355178085049913040581632880868496526651972259221436127529022157461757649504859717337945461357250579573832035417904019278472769154927400076615957437747637218315249033494592708317526927909915805552583 0 0 0 0 0 0 0 0 0 0 0 0 0 0 0 0 0 0 1 0 0 0 0 0 0 0 0 0 0 0 0 0 0 0 0 0 0 0 0 0 0 0 0 0 0 0 0 0 0 0 0 0 0 0 0 0 0 0 0 0 0 0 0 0 0 0 0 0 0 0 0 0 0 0 0 0 0 0 0 0 0 0 0 0 0 0 0 0 0 0 0 0 0 0 0 0 0 0 0 0 0 0 0 0 0 0 0 0 0 0 0 0 0 0 0 0]
[2154236430221433968876714256673669569876758311629229983250947720023318667542342105700561675192128668669992333569382407381996187854750452533306470669914458944085225768123422386943538607685388378820858233951445968563784026617180091268282355769902790168726210747269288143522766759249661881088545529526318756741991722375296076889666880456523994120054920221 0 0 0 0 0 0 0 0 0 0 0 0 0 0 0 0 0 0 0 1 0 0 0 0 0 0 0 0 0 0 0 0 0 0 0 0 0 0 0 0 0 0 0 0 0 0 0 0 0 0 0 0 0 0 0 0 0 0 0 0 0 0 0 0 0 0 0 0 0 0 0 0 0 0 0 0 0 0 0 0 0 0 0 0 0 0 0 0 0 0 0 0 0 0 0 0 0 0 0 0 0 0 0 0 0 0 0 0 0 0 0 0 0 0 0 0]
[7572562120628989846668736278849652069262314174349863430137381375411380903994084177154324027609714033023940757351412639007195270304024241495003862787477670422332096780526234997873361440398430450086769428777498154524871284803404539577455142122985066479368513567179895381902675372502859058663853945650769781578519369339826145841249624128501026030926608007 0 0 0 0 0 0 0 0 0 0 0 0 0 0 0 0 0 0 0 0 1 0 0 0 0 0 0 0 0 0 0 0 0 0 0 0 0 0 0 0 0 0 0 0 0 0 0 0 0 0 0 0 0 0 0 0 0 0 0 0 0 0 0 0 0 0 0 0 0 0 0 0 0 0 0 0 0 0 0 0 0 0 0 0 0 0 0 0 0 0 0 0 0 0 0 0 0 0 0 0 0 0 0 0 0 0 0 0 0 0 0 0 0 0 0 0]
[9347801013058852623688474603532770293526510030982330917383613290661547042166205795180160922431562224753753889134264982730695606992387610492973699646694886152667273471550939705087582546203886776855057775064477888036112358882451249115204708061222825021237308219429209490725106794223710036706303296768565456625225580627013311857886446520116911762981638870 0 0 0 0 0 0 0 0 0 0 0 0 0 0 0 0 0 0 0 0 0 1 0 0 0 0 0 0 0 0 0 0 0 0 0 0 0 0 0 0 0 0 0 0 0 0 0 0 0 0 0 0 0 0 0 0 0 0 0 0 0 0 0 0 0 0 0 0 0 0 0 0 0 0 0 0 0 0 0 0 0 0 0 0 0 0 0 0 0 0 0 0 0 0 0 0 0 0 0 0 0 0 0 0 0 0 0 0 0 0 0 0 0 0 0 0]
[3429943693485096628840544208480668659015017006295201147948107864972700561582735534067176317631767692403504633291789405346204989224910364278772851193183496911886090068240713701467004225610351696178187136243318086609501675986042728517394895621773200432150390638969043756084438155636572077606703117759946401762753108261940127817172695531175735879151839436 0 0 0 0 0 0 0 0 0 0 0 0 0 0 0 0 0 0 0 0 0 0 1 0 0 0 0 0 0 0 0 0 0 0 0 0 0 0 0 0 0 0 0 0 0 0 0 0 0 0 0 0 0 0 0 0 0 0 0 0 0 0 0 0 0 0 0 0 0 0 0 0 0 0 0 0 0 0 0 0 0 0 0 0 0 0 0 0 0 0 0 0 0 0 0 0 0 0 0 0 0 0 0 0 0 0 0 0 0 0 0 0 0 0 0 0]
[6120717337521492998396252838177406685780249005618878102006614387231110285516474794814367241852392931234366262935227517994284232323065269925187383974590855867210535093933705806561282104313159027226948065298215797312031262367724962820492839380301761912982872603761662097878866355261409536099925443116153415254743381013311635572304811684243920289173098916 0 0 0 0 0 0 0 0 0 0 0 0 0 0 0 0 0 0 0 0 0 0 0 1 0 0 0 0 0 0 0 0 0 0 0 0 0 0 0 0 0 0 0 0 0 0 0 0 0 0 0 0 0 0 0 0 0 0 0 0 0 0 0 0 0 0 0 0 0 0 0 0 0 0 0 0 0 0 0 0 0 0 0 0 0 0 0 0 0 0 0 0 0 0 0 0 0 0 0 0 0 0 0 0 0 0 0 0 0 0 0 0 0 0 0 0]
[8260709441230092994013530703322908569155060712354251154609858418173637031329720240666560323816069470352483764351282688102731785589730086670948975559984969700451195137664019158339316530658863370167881659389300953240934900943059764656172500863981770798162987028593666117246335047019729772885955337425486563435244937595334225676945452824223466212478505491 0 0 0 0 0 0 0 0 0 0 0 0 0 0 0 0 0 0 0 0 0 0 0 0 1 0 0 0 0 0 0 0 0 0 0 0 0 0 0 0 0 0 0 0 0 0 0 0 0 0 0 0 0 0 0 0 0 0 0 0 0 0 0 0 0 0 0 0 0 0 0 0 0 0 0 0 0 0 0 0 0 0 0 0 0 0 0 0 0 0 0 0 0 0 0 0 0 0 0 0 0 0 0 0 0 0 0 0 0 0 0 0 0 0 0 0]
[4802996324520136733035257831204258449151806519858659846638427019468659957814015735413463922158931825209547428314754100283721203457110065603729174386339164219026382568662861871333816233166130978362988820359302239061240511746093806935273589494922430603764022577058901304652072843742595535994857151200062368310307438901872689530291584247712054473590540422 0 0 0 0 0 0 0 0 0 0 0 0 0 0 0 0 0 0 0 0 0 0 0 0 0 1 0 0 0 0 0 0 0 0 0 0 0 0 0 0 0 0 0 0 0 0 0 0 0 0 0 0 0 0 0 0 0 0 0 0 0 0 0 0 0 0 0 0 0 0 0 0 0 0 0 0 0 0 0 0 0 0 0 0 0 0 0 0 0 0 0 0 0 0 0 0 0 0 0 0 0 0 0 0 0 0 0 0 0 0 0 0 0 0 0 0]
[9860747455488224128048860805869398387260422554419874559364459110481458237579420048929548209416045036559090769930863048164452743780438166677183774821348566684063383610548083108891211822973966894157819543976170631066109440387445153587648785619906446822540763492136949742361863668436146629987038791477542736392625950982675746613362821678738548125229503565 0 0 0 0 0 0 0 0 0 0 0 0 0 0 0 0 0 0 0 0 0 0 0 0 0 0 1 0 0 0 0 0 0 0 0 0 0 0 0 0 0 0 0 0 0 0 0 0 0 0 0 0 0 0 0 0 0 0 0 0 0 0 0 0 0 0 0 0 0 0 0 0 0 0 0 0 0 0 0 0 0 0 0 0 0 0 0 0 0 0 0 0 0 0 0 0 0 0 0 0 0 0 0 0 0 0 0 0 0 0 0 0 0 0 0 0]
[2124635711539393631508374327198370188882915152405240588635581157943434327202134144867443460274133251437002934126908248477032733676394069066126468765367688033794917556707928221505155400055490749267033446902490479080698972207615382262846519863609301707221849507208794809667019282323732458564300026414550648459355082632820187099343158107152329233895059668 0 0 0 0 0 0 0 0 0 0 0 0 0 0 0 0 0 0 0 0 0 0 0 0 0 0 0 1 0 0 0 0 0 0 0 0 0 0 0 0 0 0 0 0 0 0 0 0 0 0 0 0 0 0 0 0 0 0 0 0 0 0 0 0 0 0 0 0 0 0 0 0 0 0 0 0 0 0 0 0 0 0 0 0 0 0 0 0 0 0 0 0 0 0 0 0 0 0 0 0 0 0 0 0 0 0 0 0 0 0 0 0 0 0 0 0]
[5147831679197212923325476892875708983006456773449514945401168743655513081273011303489808378897468237954346532699765958620506012164233148297285330487240221485139175036786573467316405306495175006240195608532595177373811866448412429103599804495723933594873512003265837539464174501301889313131409961687987239021393313979535127862069212346941143164327684379 0 0 0 0 0 0 0 0 0 0 0 0 0 0 0 0 0 0 0 0 0 0 0 0 0 0 0 0 1 0 0 0 0 0 0 0 0 0 0 0 0 0 0 0 0 0 0 0 0 0 0 0 0 0 0 0 0 0 0 0 0 0 0 0 0 0 0 0 0 0 0 0 0 0 0 0 0 0 0 0 0 0 0 0 0 0 0 0 0 0 0 0 0 0 0 0 0 0 0 0 0 0 0 0 0 0 0 0 0 0 0 0 0 0 0 0]
[2921692478267054076847209115535885853741963261593589537394867836048225279434457086006714924526649489390759054274231447319150298525706165596612112125539491427345353640353750315376837943656901291603295838240586827537831840831779425451879143632002229145027578704728007838776691215770999063380972269888863448744864305153878589878006924278694840180609203751 0 0 0 0 0 0 0 0 0 0 0 0 0 0 0 0 0 0 0 0 0 0 0 0 0 0 0 0 0 1 0 0 0 0 0 0 0 0 0 0 0 0 0 0 0 0 0 0 0 0 0 0 0 0 0 0 0 0 0 0 0 0 0 0 0 0 0 0 0 0 0 0 0 0 0 0 0 0 0 0 0 0 0 0 0 0 0 0 0 0 0 0 0 0 0 0 0 0 0 0 0 0 0 0 0 0 0 0 0 0 0 0 0 0 0 0]
[5637569363149195117247432733480957522801194592837995612404193327939604101324222981943248349052580754390956844058032167697969874710798537326206329403894275516049884473755118167713609032247438741583555051528188880141200923539722009356003365483775561111505846426187022382512541619409239118164503118661686378539787429123499642575168538787387544330094255697 0 0 0 0 0 0 0 0 0 0 0 0 0 0 0 0 0 0 0 0 0 0 0 0 0 0 0 0 0 0 1 0 0 0 0 0 0 0 0 0 0 0 0 0 0 0 0 0 0 0 0 0 0 0 0 0 0 0 0 0 0 0 0 0 0 0 0 0 0 0 0 0 0 0 0 0 0 0 0 0 0 0 0 0 0 0 0 0 0 0 0 0 0 0 0 0 0 0 0 0 0 0 0 0 0 0 0 0 0 0 0 0 0 0 0 0]
[7735910494403354631599399657097931144758902256429675940553465594780893787650421315510441362712604887149783709459198990903590467677237394036798076297976682648337367933764855347314669675678070798976976940258296334884770625206510920478706179270291343642604285763690224369828407154025078234571106637678995508535611984455097340839390211046202448767135020350 0 0 0 0 0 0 0 0 0 0 0 0 0 0 0 0 0 0 0 0 0 0 0 0 0 0 0 0 0 0 0 1 0 0 0 0 0 0 0 0 0 0 0 0 0 0 0 0 0 0 0 0 0 0 0 0 0 0 0 0 0 0 0 0 0 0 0 0 0 0 0 0 0 0 0 0 0 0 0 0 0 0 0 0 0 0 0 0 0 0 0 0 0 0 0 0 0 0 0 0 0 0 0 0 0 0 0 0 0 0 0 0 0 0 0 0]
[6461931065229518987783467688214770214671956784248209567707736152168086694863753639565357830274641394778282013615016428969913444275450233101804579813857578407349854614896895344666966941456795793122262586573147826238215000226093591003983320167350188090817445912394521282416351918044318295405782664414328257780012748868956980702659321390309458586489313711 0 0 0 0 0 0 0 0 0 0 0 0 0 0 0 0 0 0 0 0 0 0 0 0 0 0 0 0 0 0 0 0 1 0 0 0 0 0 0 0 0 0 0 0 0 0 0 0 0 0 0 0 0 0 0 0 0 0 0 0 0 0 0 0 0 0 0 0 0 0 0 0 0 0 0 0 0 0 0 0 0 0 0 0 0 0 0 0 0 0 0 0 0 0 0 0 0 0 0 0 0 0 0 0 0 0 0 0 0 0 0 0 0 0 0 0]
[2615895816899440384895847524768845251739410444360654383055643614473502673274879854099573777587131096599378046048261713889686619244044885272540603811421363993323741398454350507058324388149086539504043417093173287533585815138550707450997414149693730005744959606574524618338122155659031181040741438867982780321786118365696545322604302052931186786501619310 0 0 0 0 0 0 0 0 0 0 0 0 0 0 0 0 0 0 0 0 0 0 0 0 0 0 0 0 0 0 0 0 0 1 0 0 0 0 0 0 0 0 0 0 0 0 0 0 0 0 0 0 0 0 0 0 0 0 0 0 0 0 0 0 0 0 0 0 0 0 0 0 0 0 0 0 0 0 0 0 0 0 0 0 0 0 0 0 0 0 0 0 0 0 0 0 0 0 0 0 0 0 0 0 0 0 0 0 0 0 0 0 0 0 0 0]
[3666743260263717890384426946190777387555622476544143790783048788205686242903841881774365848542780236992222687939782057649384343817330619997371847630830623540051534171928071668450446619538767861895247469926628657543444117361363153473472891576889937830905473277683474120797238605512537825414792762358176608341960805927438347269110723347233163270630560630 0 0 0 0 0 0 0 0 0 0 0 0 0 0 0 0 0 0 0 0 0 0 0 0 0 0 0 0 0 0 0 0 0 0 1 0 0 0 0 0 0 0 0 0 0 0 0 0 0 0 0 0 0 0 0 0 0 0 0 0 0 0 0 0 0 0 0 0 0 0 0 0 0 0 0 0 0 0 0 0 0 0 0 0 0 0 0 0 0 0 0 0 0 0 0 0 0 0 0 0 0 0 0 0 0 0 0 0 0 0 0 0 0 0 0 0]
[6845454191239809754298704176217501297389279083714400693969584151515658831295393656388965113826853152512679715701715841858984478649528366542018104972743497884002455474217045470281915022813783431519114473384917398566601497264873299958981584643566635895990831709663696829054756892441311926390021801868519782940576457555659331198512702220393003723998259455 0 0 0 0 0 0 0 0 0 0 0 0 0 0 0 0 0 0 0 0 0 0 0 0 0 0 0 0 0 0 0 0 0 0 0 1 0 0 0 0 0 0 0 0 0 0 0 0 0 0 0 0 0 0 0 0 0 0 0 0 0 0 0 0 0 0 0 0 0 0 0 0 0 0 0 0 0 0 0 0 0 0 0 0 0 0 0 0 0 0 0 0 0 0 0 0 0 0 0 0 0 0 0 0 0 0 0 0 0 0 0 0 0 0 0 0]
[8778358875606820929200824500037544928919863116651923020923519605880340858149888019830813908071499382730798534400285840982721009125782500649088065724321818929432825743530143420376857970936036354610638113065005386137195190309902671448740627137045956980240598770085892398070003865704007400206216569757036180856260816103717639613605728599228547480750517245 0 0 0 0 0 0 0 0 0 0 0 0 0 0 0 0 0 0 0 0 0 0 0 0 0 0 0 0 0 0 0 0 0 0 0 0 1 0 0 0 0 0 0 0 0 0 0 0 0 0 0 0 0 0 0 0 0 0 0 0 0 0 0 0 0 0 0 0 0 0 0 0 0 0 0 0 0 0 0 0 0 0 0 0 0 0 0 0 0 0 0 0 0 0 0 0 0 0 0 0 0 0 0 0 0 0 0 0 0 0 0 0 0 0 0 0]
[1285471336261691506058291940009579089390151065492845179646102116795684410780211142783483886519269080561702922070636997490658275030850018424390912563317093276515344031376233676051791425978000060861982300398528311318908347851752567093174823863104614588993631564408049556943322965558451117958437945293030387804673779338891212652316994137418293621691259144 0 0 0 0 0 0 0 0 0 0 0 0 0 0 0 0 0 0 0 0 0 0 0 0 0 0 0 0 0 0 0 0 0 0 0 0 0 1 0 0 0 0 0 0 0 0 0 0 0 0 0 0 0 0 0 0 0 0 0 0 0 0 0 0 0 0 0 0 0 0 0 0 0 0 0 0 0 0 0 0 0 0 0 0 0 0 0 0 0 0 0 0 0 0 0 0 0 0 0 0 0 0 0 0 0 0 0 0 0 0 0 0 0 0 0 0]
[9756525955717949425227962873325387935186610443459986529108376337162091821659089696681259868919362641916353819946714523199753750174424104562982735879084732488418675394685484960895910967252690908944590921200776249546662261766836561863647297027201509210325685279707251831396634440136604083946522577282536266380253365426360108264913444646963835942391930509 0 0 0 0 0 0 0 0 0 0 0 0 0 0 0 0 0 0 0 0 0 0 0 0 0 0 0 0 0 0 0 0 0 0 0 0 0 0 1 0 0 0 0 0 0 0 0 0 0 0 0 0 0 0 0 0 0 0 0 0 0 0 0 0 0 0 0 0 0 0 0 0 0 0 0 0 0 0 0 0 0 0 0 0 0 0 0 0 0 0 0 0 0 0 0 0 0 0 0 0 0 0 0 0 0 0 0 0 0 0 0 0 0 0 0 0]
[818257326251416037179260332036601552359429318060463303704474668132252188725586691125556616783726890087090570314968269657885122723038556611878770831489814308541350212143580549380780539410565360199774243073511233447789500736932794941908752913747469613563124988036860183541718687874990702275164190045931123951859305094596568902082187367746815372310605991 0 0 0 0 0 0 0 0 0 0 0 0 0 0 0 0 0 0 0 0 0 0 0 0 0 0 0 0 0 0 0 0 0 0 0 0 0 0 0 1 0 0 0 0 0 0 0 0 0 0 0 0 0 0 0 0 0 0 0 0 0 0 0 0 0 0 0 0 0 0 0 0 0 0 0 0 0 0 0 0 0 0 0 0 0 0 0 0 0 0 0 0 0 0 0 0 0 0 0 0 0 0 0 0 0 0 0 0 0 0 0 0 0 0 0 0]
[4402050898601394805209384402563287536406938866507725413824448755422463762939540327516134789055468168004547308551861286155119767126494457285919555910670056706766902006636561519111629604755999606649141529273072228594836227377737515001401452741010188378864425812937582889327063086399966421684345223098490500747280765889353500145236501622380744838909416869 0 0 0 0 0 0 0 0 0 0 0 0 0 0 0 0 0 0 0 0 0 0 0 0 0 0 0 0 0 0 0 0 0 0 0 0 0 0 0 0 1 0 0 0 0 0 0 0 0 0 0 0 0 0 0 0 0 0 0 0 0 0 0 0 0 0 0 0 0 0 0 0 0 0 0 0 0 0 0 0 0 0 0 0 0 0 0 0 0 0 0 0 0 0 0 0 0 0 0 0 0 0 0 0 0 0 0 0 0 0 0 0 0 0 0 0]
[7364853772035301755968019742775983014964555304976803502014539191199093048038072018183988854268821133392075341420353853702334073305584849424112660199847228573401935871201161939476637154790919699021659293512018419785403216083276595170506302429277798087172734949344557785552058055257556914918948819255044374834585331198982486010715005253758075538504917939 0 0 0 0 0 0 0 0 0 0 0 0 0 0 0 0 0 0 0 0 0 0 0 0 0 0 0 0 0 0 0 0 0 0 0 0 0 0 0 0 0 1 0 0 0 0 0 0 0 0 0 0 0 0 0 0 0 0 0 0 0 0 0 0 0 0 0 0 0 0 0 0 0 0 0 0 0 0 0 0 0 0 0 0 0 0 0 0 0 0 0 0 0 0 0 0 0 0 0 0 0 0 0 0 0 0 0 0 0 0 0 0 0 0 0 0]
[8264735275366871722499247614580919849939498821653166351760606022653803626290559745117119156837238940515193371955001310264476643530873510927023549466331140170847098026010274584438152268041713342993067666942964373832845293354671168801235874809236832961806953895266524265469381850828304195133124192128971724980841236021500262145233683434469732630907735915 0 0 0 0 0 0 0 0 0 0 0 0 0 0 0 0 0 0 0 0 0 0 0 0 0 0 0 0 0 0 0 0 0 0 0 0 0 0 0 0 0 0 1 0 0 0 0 0 0 0 0 0 0 0 0 0 0 0 0 0 0 0 0 0 0 0 0 0 0 0 0 0 0 0 0 0 0 0 0 0 0 0 0 0 0 0 0 0 0 0 0 0 0 0 0 0 0 0 0 0 0 0 0 0 0 0 0 0 0 0 0 0 0 0 0 0]
[103731426078533000550966093941198156326182927116318318849345559129349666436634383996106552181236965519658068633964946589533553847187285460645027434343009409132337955859827019311954151525100506956993084697350215676798867429670297285951924411417079710194228333228859789047958685751211327554578427748660827526064221441461614520766835886581923376236942010 0 0 0 0 0 0 0 0 0 0 0 0 0 0 0 0 0 0 0 0 0 0 0 0 0 0 0 0 0 0 0 0 0 0 0 0 0 0 0 0 0 0 0 1 0 0 0 0 0 0 0 0 0 0 0 0 0 0 0 0 0 0 0 0 0 0 0 0 0 0 0 0 0 0 0 0 0 0 0 0 0 0 0 0 0 0 0 0 0 0 0 0 0 0 0 0 0 0 0 0 0 0 0 0 0 0 0 0 0 0 0 0 0 0 0 0]
[6742298645689298128254249528678415175925207167788002551211685416987642682061777758283271163197242276928297964179795427850520176419943975233441882737029863222523767246135246375800599166019743557772085828600498755898891946264127172575777595980718138994290767214016733476034187076140816824435119151732611751186687442835015038389510452393974427214109499167 0 0 0 0 0 0 0 0 0 0 0 0 0 0 0 0 0 0 0 0 0 0 0 0 0 0 0 0 0 0 0 0 0 0 0 0 0 0 0 0 0 0 0 0 1 0 0 0 0 0 0 0 0 0 0 0 0 0 0 0 0 0 0 0 0 0 0 0 0 0 0 0 0 0 0 0 0 0 0 0 0 0 0 0 0 0 0 0 0 0 0 0 0 0 0 0 0 0 0 0 0 0 0 0 0 0 0 0 0 0 0 0 0 0 0 0]
[7681552499479022742317947358365559234122470096639050657483139271360088179813590279669435356808083233622068070118809007094598505767093109709938374377233389804132944733244741312477352117746524780397212482334991139583348181502163245436543463961523517128946042289997395411406894076525780697738216525627835672960237144143801373184745163507548785218280696356 0 0 0 0 0 0 0 0 0 0 0 0 0 0 0 0 0 0 0 0 0 0 0 0 0 0 0 0 0 0 0 0 0 0 0 0 0 0 0 0 0 0 0 0 0 1 0 0 0 0 0 0 0 0 0 0 0 0 0 0 0 0 0 0 0 0 0 0 0 0 0 0 0 0 0 0 0 0 0 0 0 0 0 0 0 0 0 0 0 0 0 0 0 0 0 0 0 0 0 0 0 0 0 0 0 0 0 0 0 0 0 0 0 0 0 0]
[7005943869510461646999765520815895455888847799102678674095818273070680767730010091049358816804284944704071957049140271639958016588314365738450001259291763218298049744097336478418105681250170309747844218255792237914140045271315283437930915776884164273513504745413993386598746192726496671789101674421558274274094434038206668474443980138696666421975729622 0 0 0 0 0 0 0 0 0 0 0 0 0 0 0 0 0 0 0 0 0 0 0 0 0 0 0 0 0 0 0 0 0 0 0 0 0 0 0 0 0 0 0 0 0 0 1 0 0 0 0 0 0 0 0 0 0 0 0 0 0 0 0 0 0 0 0 0 0 0 0 0 0 0 0 0 0 0 0 0 0 0 0 0 0 0 0 0 0 0 0 0 0 0 0 0 0 0 0 0 0 0 0 0 0 0 0 0 0 0 0 0 0 0 0 0]
[8111783699748599348169665435669454486514666899639643899954846551975123448689937979553431570035844324634818987926314213554619425386116282258578883172125902214775779828974810784079084684013711582841181049481084863066807668570487820877771215869614521831245035100455132994690344035071207642646276351264992803800002038600013016982862807529718614586709667681 0 0 0 0 0 0 0 0 0 0 0 0 0 0 0 0 0 0 0 0 0 0 0 0 0 0 0 0 0 0 0 0 0 0 0 0 0 0 0 0 0 0 0 0 0 0 0 1 0 0 0 0 0 0 0 0 0 0 0 0 0 0 0 0 0 0 0 0 0 0 0 0 0 0 0 0 0 0 0 0 0 0 0 0 0 0 0 0 0 0 0 0 0 0 0 0 0 0 0 0 0 0 0 0 0 0 0 0 0 0 0 0 0 0 0 0]
[4678325045357541855580059823752804129749240191172822175640686161489335486690261833367329023318505729323601199768405730486241654537456992102558113308478749985996143717348600737410078952987344666694552803468511051307096672171199152053813720267831809558133886073545433239740706648934274931659511664859835761243299713091179019004977652204497881333498692128 0 0 0 0 0 0 0 0 0 0 0 0 0 0 0 0 0 0 0 0 0 0 0 0 0 0 0 0 0 0 0 0 0 0 0 0 0 0 0 0 0 0 0 0 0 0 0 0 1 0 0 0 0 0 0 0 0 0 0 0 0 0 0 0 0 0 0 0 0 0 0 0 0 0 0 0 0 0 0 0 0 0 0 0 0 0 0 0 0 0 0 0 0 0 0 0 0 0 0 0 0 0 0 0 0 0 0 0 0 0 0 0 0 0 0 0]
[1300199324518229409308377138570643502288138192486231166354293711864596650960214731348542771414698956116825304953449237618636156366097187063803796700516874573227632571881318451435438312452588892205479386797745272531416271690444650448186216983568437963145440298119318644981127105223747004009699822421687920380448660526199324494627250705404599325279556683 0 0 0 0 0 0 0 0 0 0 0 0 0 0 0 0 0 0 0 0 0 0 0 0 0 0 0 0 0 0 0 0 0 0 0 0 0 0 0 0 0 0 0 0 0 0 0 0 0 1 0 0 0 0 0 0 0 0 0 0 0 0 0 0 0 0 0 0 0 0 0 0 0 0 0 0 0 0 0 0 0 0 0 0 0 0 0 0 0 0 0 0 0 0 0 0 0 0 0 0 0 0 0 0 0 0 0 0 0 0 0 0 0 0 0 0]
[9771744752213959883393396585128435271527667637973533483461761644623628938369272093424020441584239330752360262840690334177165984759131834357566326581914163635178981712809951520906420377852595561030372154301883891765525464048065301862636187629295037857503811964308962018560018709483501284722371639931860807522731854041776120719109620288549548411828603369 0 0 0 0 0 0 0 0 0 0 0 0 0 0 0 0 0 0 0 0 0 0 0 0 0 0 0 0 0 0 0 0 0 0 0 0 0 0 0 0 0 0 0 0 0 0 0 0 0 0 1 0 0 0 0 0 0 0 0 0 0 0 0 0 0 0 0 0 0 0 0 0 0 0 0 0 0 0 0 0 0 0 0 0 0 0 0 0 0 0 0 0 0 0 0 0 0 0 0 0 0 0 0 0 0 0 0 0 0 0 0 0 0 0 0 0]
[5952840700305468476214134130770314371242304018494495960180484876983626508646615803298201598403686455319475247579171130859658036496974134209069079090304306493424165477930245226453714326298813539670526439156444901237936489272985612460837398249466779917453135986276232146359418488048757376210093250634572528664422808090021865271948667879262115915204045289 0 0 0 0 0 0 0 0 0 0 0 0 0 0 0 0 0 0 0 0 0 0 0 0 0 0 0 0 0 0 0 0 0 0 0 0 0 0 0 0 0 0 0 0 0 0 0 0 0 0 0 1 0 0 0 0 0 0 0 0 0 0 0 0 0 0 0 0 0 0 0 0 0 0 0 0 0 0 0 0 0 0 0 0 0 0 0 0 0 0 0 0 0 0 0 0 0 0 0 0 0 0 0 0 0 0 0 0 0 0 0 0 0 0 0 0]
[4648838868959982540164612580588757929008379766900087209359686113478825991340299073253352573042300598516665878399284990868420073434388976739659687977909324993517272853559429964336592522954635983129430759327648890128644487600027599251506790900947259106840046778165464499157393736709817816737464730146703905472652361405213837875458203665038550979281273948 0 0 0 0 0 0 0 0 0 0 0 0 0 0 0 0 0 0 0 0 0 0 0 0 0 0 0 0 0 0 0 0 0 0 0 0 0 0 0 0 0 0 0 0 0 0 0 0 0 0 0 0 1 0 0 0 0 0 0 0 0 0 0 0 0 0 0 0 0 0 0 0 0 0 0 0 0 0 0 0 0 0 0 0 0 0 0 0 0 0 0 0 0 0 0 0 0 0 0 0 0 0 0 0 0 0 0 0 0 0 0 0 0 0 0 0]
[4915994393725734231734369522146107392710875461022894869380631518451555685231729520334621958863172885485398057150875133534729785368074558018116709877969421612537742725387421879048871714083372953794470349592027543799223571447542632897400745387294853483922325208245649591595535071098135291643328897974401107843194137804597311055781083534160345560349996065 0 0 0 0 0 0 0 0 0 0 0 0 0 0 0 0 0 0 0 0 0 0 0 0 0 0 0 0 0 0 0 0 0 0 0 0 0 0 0 0 0 0 0 0 0 0 0 0 0 0 0 0 0 1 0 0 0 0 0 0 0 0 0 0 0 0 0 0 0 0 0 0 0 0 0 0 0 0 0 0 0 0 0 0 0 0 0 0 0 0 0 0 0 0 0 0 0 0 0 0 0 0 0 0 0 0 0 0 0 0 0 0 0 0 0 0]
[7014452609489883865055930611390718826166475940735285553698208676216624082117700180228052188598319494914632068851085124428837684155047403908883958889474478306692505503326254501101643992177269098781454749462509080508144875786954259055775274725068694384025251482922447464937773009185038403029812740933959290573479318967861995975907715643694781117868813436 0 0 0 0 0 0 0 0 0 0 0 0 0 0 0 0 0 0 0 0 0 0 0 0 0 0 0 0 0 0 0 0 0 0 0 0 0 0 0 0 0 0 0 0 0 0 0 0 0 0 0 0 0 0 1 0 0 0 0 0 0 0 0 0 0 0 0 0 0 0 0 0 0 0 0 0 0 0 0 0 0 0 0 0 0 0 0 0 0 0 0 0 0 0 0 0 0 0 0 0 0 0 0 0 0 0 0 0 0 0 0 0 0 0 0 0]
[2420162068216937026822424562037562330371589382120889929600243817497379858482783451409767127259131696628516150568679083305879121823843010058140490779899698254514451778908401815303614077763086449504105395067421560334654403955271816801588561236975585673477561444226003420383783969537796217870742017753275685528062768045074954608065236767077449611355387618 0 0 0 0 0 0 0 0 0 0 0 0 0 0 0 0 0 0 0 0 0 0 0 0 0 0 0 0 0 0 0 0 0 0 0 0 0 0 0 0 0 0 0 0 0 0 0 0 0 0 0 0 0 0 0 1 0 0 0 0 0 0 0 0 0 0 0 0 0 0 0 0 0 0 0 0 0 0 0 0 0 0 0 0 0 0 0 0 0 0 0 0 0 0 0 0 0 0 0 0 0 0 0 0 0 0 0 0 0 0 0 0 0 0 0 0]
[3864138339097031849298909712552079354543364450634067250462899147159346650074846349401688617152921435960131297605554146452448138915103806034529259620714723514415662948687736315093259768946417288562308042776531122377620348190145481403190557744970163246723105092765464958295672415530252169513995952020703462789290792667456499397193314907324469082266244001 0 0 0 0 0 0 0 0 0 0 0 0 0 0 0 0 0 0 0 0 0 0 0 0 0 0 0 0 0 0 0 0 0 0 0 0 0 0 0 0 0 0 0 0 0 0 0 0 0 0 0 0 0 0 0 0 1 0 0 0 0 0 0 0 0 0 0 0 0 0 0 0 0 0 0 0 0 0 0 0 0 0 0 0 0 0 0 0 0 0 0 0 0 0 0 0 0 0 0 0 0 0 0 0 0 0 0 0 0 0 0 0 0 0 0 0]
[2864564529504611933819700607996163633153089462037562144360962309515403613376269698632158714144226388318548337456232017394549289887467684662319293100476548981755963129108265914948187636377414210802462697061311257111950258747130585752927600103867813492267593103392580304152739762623944704009685377483535908480332752252205396097041133071665395424334801318 0 0 0 0 0 0 0 0 0 0 0 0 0 0 0 0 0 0 0 0 0 0 0 0 0 0 0 0 0 0 0 0 0 0 0 0 0 0 0 0 0 0 0 0 0 0 0 0 0 0 0 0 0 0 0 0 0 1 0 0 0 0 0 0 0 0 0 0 0 0 0 0 0 0 0 0 0 0 0 0 0 0 0 0 0 0 0 0 0 0 0 0 0 0 0 0 0 0 0 0 0 0 0 0 0 0 0 0 0 0 0 0 0 0 0 0]
[1211819732124542497391884244641059050370332922367207688810093067601022304367690333918577253346297688101085329642231848981954493076536531043221701984503921652677515191772788649213459499736009259882210141753832807728010110935190617325975778368461719608351376632573606468630800396363529738099721135859024328155501122124260900971567374412409441416417319659 0 0 0 0 0 0 0 0 0 0 0 0 0 0 0 0 0 0 0 0 0 0 0 0 0 0 0 0 0 0 0 0 0 0 0 0 0 0 0 0 0 0 0 0 0 0 0 0 0 0 0 0 0 0 0 0 0 0 1 0 0 0 0 0 0 0 0 0 0 0 0 0 0 0 0 0 0 0 0 0 0 0 0 0 0 0 0 0 0 0 0 0 0 0 0 0 0 0 0 0 0 0 0 0 0 0 0 0 0 0 0 0 0 0 0 0]
[6154811676133942967780876123925714883913984688568460553850183009728307244037680276372244112485654464346608644885259262369761845711143233506209690777579751507933680558486143966420788244281105172998075143759251256512330531401885307969018831787319499651773154771901734194828366802305058082627266204878111584022218341223865620820893317497449072608332639298 0 0 0 0 0 0 0 0 0 0 0 0 0 0 0 0 0 0 0 0 0 0 0 0 0 0 0 0 0 0 0 0 0 0 0 0 0 0 0 0 0 0 0 0 0 0 0 0 0 0 0 0 0 0 0 0 0 0 0 1 0 0 0 0 0 0 0 0 0 0 0 0 0 0 0 0 0 0 0 0 0 0 0 0 0 0 0 0 0 0 0 0 0 0 0 0 0 0 0 0 0 0 0 0 0 0 0 0 0 0 0 0 0 0 0 0]
[758328530048002230161928958489283787725688172066749124912084197589649314594646724584984510814581933095870987101909637727569088038414520510833409862399769509222579381301204544955396502234421172944878714450628676320476628738360910244807531499445968513315243265202990171656115925146846494201886340878837565671190329453439539405860010862779545521479257541 0 0 0 0 0 0 0 0 0 0 0 0 0 0 0 0 0 0 0 0 0 0 0 0 0 0 0 0 0 0 0 0 0 0 0 0 0 0 0 0 0 0 0 0 0 0 0 0 0 0 0 0 0 0 0 0 0 0 0 0 1 0 0 0 0 0 0 0 0 0 0 0 0 0 0 0 0 0 0 0 0 0 0 0 0 0 0 0 0 0 0 0 0 0 0 0 0 0 0 0 0 0 0 0 0 0 0 0 0 0 0 0 0 0 0 0]
[8991220869860168313027661127067306310738055658341855811326965055571745237983675311130383696566219850763721968379390415029336318965743189291750330040892840767290879490841099368187814187713966105252381228810493913233614153614396935117474882682373609857633835006617109263011417401618171363437925671703469701091598577613284893960592653112591013280561091283 0 0 0 0 0 0 0 0 0 0 0 0 0 0 0 0 0 0 0 0 0 0 0 0 0 0 0 0 0 0 0 0 0 0 0 0 0 0 0 0 0 0 0 0 0 0 0 0 0 0 0 0 0 0 0 0 0 0 0 0 0 1 0 0 0 0 0 0 0 0 0 0 0 0 0 0 0 0 0 0 0 0 0 0 0 0 0 0 0 0 0 0 0 0 0 0 0 0 0 0 0 0 0 0 0 0 0 0 0 0 0 0 0 0 0 0]
[3716920528973250549041731765504360485620720547632977278209861284646388031046255061323253731184409972134579175505818722554944145017344970452656512074701884460964812031026133593006642834996037323663898073115537955592703360943787425309736069677993675732795226190504253777948800947525783057901850022953643733844540032729885719820309738929921625415383224229 0 0 0 0 0 0 0 0 0 0 0 0 0 0 0 0 0 0 0 0 0 0 0 0 0 0 0 0 0 0 0 0 0 0 0 0 0 0 0 0 0 0 0 0 0 0 0 0 0 0 0 0 0 0 0 0 0 0 0 0 0 0 1 0 0 0 0 0 0 0 0 0 0 0 0 0 0 0 0 0 0 0 0 0 0 0 0 0 0 0 0 0 0 0 0 0 0 0 0 0 0 0 0 0 0 0 0 0 0 0 0 0 0 0 0 0]
[4216437856606082945772002523435553966120113120808755432507829970340766986145641617454402907521248273475041122032446834361235883626449388341211226840562348901168232958577047904694759022351001260900666457770136120497218441610433857204081686051789107411428582231849364112135707617197926733756429751591909190143644823579268591770136964421451533033796867991 0 0 0 0 0 0 0 0 0 0 0 0 0 0 0 0 0 0 0 0 0 0 0 0 0 0 0 0 0 0 0 0 0 0 0 0 0 0 0 0 0 0 0 0 0 0 0 0 0 0 0 0 0 0 0 0 0 0 0 0 0 0 0 1 0 0 0 0 0 0 0 0 0 0 0 0 0 0 0 0 0 0 0 0 0 0 0 0 0 0 0 0 0 0 0 0 0 0 0 0 0 0 0 0 0 0 0 0 0 0 0 0 0 0 0 0]
[4419155734788078823201438861878546945762683422139388784835725804024483988178098480008843991779935772400374422594116722157216766195189749024768369717935080966016111481558865356444630687343083217477609279502451320728006791161779203500270517602169746566282049742111004518873025888197007997651059592189241018123574740240812622875596282223315010570938379727 0 0 0 0 0 0 0 0 0 0 0 0 0 0 0 0 0 0 0 0 0 0 0 0 0 0 0 0 0 0 0 0 0 0 0 0 0 0 0 0 0 0 0 0 0 0 0 0 0 0 0 0 0 0 0 0 0 0 0 0 0 0 0 0 1 0 0 0 0 0 0 0 0 0 0 0 0 0 0 0 0 0 0 0 0 0 0 0 0 0 0 0 0 0 0 0 0 0 0 0 0 0 0 0 0 0 0 0 0 0 0 0 0 0 0 0]
[3512805333665181806609805375690460302126232280681035208512366643547644237707824263609548164190567795099918026540803272541445382994132666061640525058773025287721637318876928377788044189072504853737960212251128763632341533674303332278601034144369915614065553079317877295656921667072795534891760231165536263782251313583747951854030742402442262654031911423 0 0 0 0 0 0 0 0 0 0 0 0 0 0 0 0 0 0 0 0 0 0 0 0 0 0 0 0 0 0 0 0 0 0 0 0 0 0 0 0 0 0 0 0 0 0 0 0 0 0 0 0 0 0 0 0 0 0 0 0 0 0 0 0 0 1 0 0 0 0 0 0 0 0 0 0 0 0 0 0 0 0 0 0 0 0 0 0 0 0 0 0 0 0 0 0 0 0 0 0 0 0 0 0 0 0 0 0 0 0 0 0 0 0 0 0]
[195540059600043689816786417940293794070640686796258655856803818636263635501705143626253690614212116714162190015707012132133122757978547955344414509631350162214492643959481450853594034129990843376222155943308641546456301439064654814685618761386782544181966140363617326178813173667416646749903044418861498777578209351421940373133776919249346713824551301 0 0 0 0 0 0 0 0 0 0 0 0 0 0 0 0 0 0 0 0 0 0 0 0 0 0 0 0 0 0 0 0 0 0 0 0 0 0 0 0 0 0 0 0 0 0 0 0 0 0 0 0 0 0 0 0 0 0 0 0 0 0 0 0 0 0 1 0 0 0 0 0 0 0 0 0 0 0 0 0 0 0 0 0 0 0 0 0 0 0 0 0 0 0 0 0 0 0 0 0 0 0 0 0 0 0 0 0 0 0 0 0 0 0 0 0]
[8391553107197454954258972459750091998717716513536771097166384648796102760806253166067866336841347007568972289151875819661574048167828412852352747272718591714424278374061120261771389775151722042212970831478234962258318581487978174752379471075008768069732927430932811744366574861599776774209408172546353466129473380721082743211516682016151468573154793107 0 0 0 0 0 0 0 0 0 0 0 0 0 0 0 0 0 0 0 0 0 0 0 0 0 0 0 0 0 0 0 0 0 0 0 0 0 0 0 0 0 0 0 0 0 0 0 0 0 0 0 0 0 0 0 0 0 0 0 0 0 0 0 0 0 0 0 1 0 0 0 0 0 0 0 0 0 0 0 0 0 0 0 0 0 0 0 0 0 0 0 0 0 0 0 0 0 0 0 0 0 0 0 0 0 0 0 0 0 0 0 0 0 0 0 0]
[3007032364426192055576785928361817278777099587724790977621985280857833729106469608832272533950049821316955553433646019427592983391287116501968869776198670312230641928418461619485630531422526031685016211572126726611641678256608053979924969216878580118785469246175497819875410857722491502255209895740675853632211638406715033157807391102680447465296101805 0 0 0 0 0 0 0 0 0 0 0 0 0 0 0 0 0 0 0 0 0 0 0 0 0 0 0 0 0 0 0 0 0 0 0 0 0 0 0 0 0 0 0 0 0 0 0 0 0 0 0 0 0 0 0 0 0 0 0 0 0 0 0 0 0 0 0 0 1 0 0 0 0 0 0 0 0 0 0 0 0 0 0 0 0 0 0 0 0 0 0 0 0 0 0 0 0 0 0 0 0 0 0 0 0 0 0 0 0 0 0 0 0 0 0 0]
[2612985587452122538235928089123237609949452663966817165727256427839021592809554889372787290463980882180642048507073508471560877958184016764688398025193402639081328604114121076340308779380391806213881411543542541377712115427572722513168690087702047054458273126213884437376323584917312102166320544594134286576529485492901505851713953770264144615994411536 0 0 0 0 0 0 0 0 0 0 0 0 0 0 0 0 0 0 0 0 0 0 0 0 0 0 0 0 0 0 0 0 0 0 0 0 0 0 0 0 0 0 0 0 0 0 0 0 0 0 0 0 0 0 0 0 0 0 0 0 0 0 0 0 0 0 0 0 0 1 0 0 0 0 0 0 0 0 0 0 0 0 0 0 0 0 0 0 0 0 0 0 0 0 0 0 0 0 0 0 0 0 0 0 0 0 0 0 0 0 0 0 0 0 0 0]
[7623856636804184948970009492853651237383471863128425517919685384105322534538562787622678283134735815373265812827498364130575141527214348265138569687821573011150289598376303953100047261515618405504147152228925972571901058087645445356475950645176671657933597902505620147911664024210526414123285813737615758776521290946675699923100901692466847243075561406 0 0 0 0 0 0 0 0 0 0 0 0 0 0 0 0 0 0 0 0 0 0 0 0 0 0 0 0 0 0 0 0 0 0 0 0 0 0 0 0 0 0 0 0 0 0 0 0 0 0 0 0 0 0 0 0 0 0 0 0 0 0 0 0 0 0 0 0 0 0 1 0 0 0 0 0 0 0 0 0 0 0 0 0 0 0 0 0 0 0 0 0 0 0 0 0 0 0 0 0 0 0 0 0 0 0 0 0 0 0 0 0 0 0 0 0]
[720878661418319187493574078767111645950939689922836997190345291425536738792411041385668326982219032412923750009349312278215813239729485547790631785775441438449933774636019305187001720529853489390205950952098154351945488706795563442419193075973229978537872900677503936616287718928130443288026344767509286684893099290741717305017494890194936069668797701 0 0 0 0 0 0 0 0 0 0 0 0 0 0 0 0 0 0 0 0 0 0 0 0 0 0 0 0 0 0 0 0 0 0 0 0 0 0 0 0 0 0 0 0 0 0 0 0 0 0 0 0 0 0 0 0 0 0 0 0 0 0 0 0 0 0 0 0 0 0 0 1 0 0 0 0 0 0 0 0 0 0 0 0 0 0 0 0 0 0 0 0 0 0 0 0 0 0 0 0 0 0 0 0 0 0 0 0 0 0 0 0 0 0 0 0]
[7904020578238789454222748691861995722566683583758766297028954295266621291564985891606273505375237742203471876259168823509414750685959730220376540439640775714615703381885795287253806836932678233438936194420827405591903351154673846263204980039317579865460625237826551303246545825020275192616031385144872715871860867780518643147031071698709996849262904457 0 0 0 0 0 0 0 0 0 0 0 0 0 0 0 0 0 0 0 0 0 0 0 0 0 0 0 0 0 0 0 0 0 0 0 0 0 0 0 0 0 0 0 0 0 0 0 0 0 0 0 0 0 0 0 0 0 0 0 0 0 0 0 0 0 0 0 0 0 0 0 0 1 0 0 0 0 0 0 0 0 0 0 0 0 0 0 0 0 0 0 0 0 0 0 0 0 0 0 0 0 0 0 0 0 0 0 0 0 0 0 0 0 0 0 0]
[1939962970235229706979049619819165232581874716872343135472280946217493858760489038633939626852098108905983651563944433415861895635537407602713680893663721339463358877864511781158059706111750525001438714207839036365571572653582903926916992404974563990774176936144178927166134663513313533619096187747214692915969498545287758139500617299109369757437198461 0 0 0 0 0 0 0 0 0 0 0 0 0 0 0 0 0 0 0 0 0 0 0 0 0 0 0 0 0 0 0 0 0 0 0 0 0 0 0 0 0 0 0 0 0 0 0 0 0 0 0 0 0 0 0 0 0 0 0 0 0 0 0 0 0 0 0 0 0 0 0 0 0 1 0 0 0 0 0 0 0 0 0 0 0 0 0 0 0 0 0 0 0 0 0 0 0 0 0 0 0 0 0 0 0 0 0 0 0 0 0 0 0 0 0 0]
[7194969653869943504390182175471867470942032881406542956020468169270174030282190356860176375820596124506974847940119354763186627727634922649746437363220038544229497426540123520970030182678367201486755165217242767734141709208780102773538830622362064089639403122932115030612395008643345392752093797306106053503006690071845009212420725701461953476197639874 0 0 0 0 0 0 0 0 0 0 0 0 0 0 0 0 0 0 0 0 0 0 0 0 0 0 0 0 0 0 0 0 0 0 0 0 0 0 0 0 0 0 0 0 0 0 0 0 0 0 0 0 0 0 0 0 0 0 0 0 0 0 0 0 0 0 0 0 0 0 0 0 0 0 1 0 0 0 0 0 0 0 0 0 0 0 0 0 0 0 0 0 0 0 0 0 0 0 0 0 0 0 0 0 0 0 0 0 0 0 0 0 0 0 0 0]
[2825593534550004935141089186686287750104159808363769877545997527518507028416313767861440423238437258907806116661477545793744688193569062090237639021887419325332266096143291499163071858023078226070722367618619350559133457092509381722582344505025609891493482263348450771303403020748175327084195091749868328434950750012940692406952650450769998698436190996 0 0 0 0 0 0 0 0 0 0 0 0 0 0 0 0 0 0 0 0 0 0 0 0 0 0 0 0 0 0 0 0 0 0 0 0 0 0 0 0 0 0 0 0 0 0 0 0 0 0 0 0 0 0 0 0 0 0 0 0 0 0 0 0 0 0 0 0 0 0 0 0 0 0 0 1 0 0 0 0 0 0 0 0 0 0 0 0 0 0 0 0 0 0 0 0 0 0 0 0 0 0 0 0 0 0 0 0 0 0 0 0 0 0 0 0]
[6958693936820622876937743178871555830660957002089829356915128432093838575981023278815602311472674642124745190774310422797631436620851589336018325755231789889441383427632120301380399571881575806228016150418666745241857104890207648165547952598871972423004334153685853504257548847509593327586546179836876643875704292557821850243647482017628601578299619772 0 0 0 0 0 0 0 0 0 0 0 0 0 0 0 0 0 0 0 0 0 0 0 0 0 0 0 0 0 0 0 0 0 0 0 0 0 0 0 0 0 0 0 0 0 0 0 0 0 0 0 0 0 0 0 0 0 0 0 0 0 0 0 0 0 0 0 0 0 0 0 0 0 0 0 0 1 0 0 0 0 0 0 0 0 0 0 0 0 0 0 0 0 0 0 0 0 0 0 0 0 0 0 0 0 0 0 0 0 0 0 0 0 0 0 0]
[4271239408654714782361350895143051011426477296697760003090143675685861880472648862341892591969515626204349609960938210964777409385872109500396913073012403036539533732777931143340433307619368122489438735983635308823313271603266183796054453933024232919590202244589755075406961407876112218738834929741273573140658976094808289063806151540181176862067912939 0 0 0 0 0 0 0 0 0 0 0 0 0 0 0 0 0 0 0 0 0 0 0 0 0 0 0 0 0 0 0 0 0 0 0 0 0 0 0 0 0 0 0 0 0 0 0 0 0 0 0 0 0 0 0 0 0 0 0 0 0 0 0 0 0 0 0 0 0 0 0 0 0 0 0 0 0 1 0 0 0 0 0 0 0 0 0 0 0 0 0 0 0 0 0 0 0 0 0 0 0 0 0 0 0 0 0 0 0 0 0 0 0 0 0 0]
[2178820488560216250076833587973237748393051646139386601022039016401249690121585507183928726856290698921043125141026446902817800271799207788625801742134785250950262755998674537322717381411864273183080616050679743857331838378481290305684972329477287850467905640179481447408226071990559375401631952866367312351330609321937308200797359727886847592867885020 0 0 0 0 0 0 0 0 0 0 0 0 0 0 0 0 0 0 0 0 0 0 0 0 0 0 0 0 0 0 0 0 0 0 0 0 0 0 0 0 0 0 0 0 0 0 0 0 0 0 0 0 0 0 0 0 0 0 0 0 0 0 0 0 0 0 0 0 0 0 0 0 0 0 0 0 0 0 1 0 0 0 0 0 0 0 0 0 0 0 0 0 0 0 0 0 0 0 0 0 0 0 0 0 0 0 0 0 0 0 0 0 0 0 0 0]
[5338432873184315214524680196461810269594613328540289268135263107207458927629544400873031126892300584258137524114887624513837626083885812172577152928063950823826113193835835427356946194203067534703845865421308905072798153416099196580667125310671604004285690022577868253698741220377509733691887426114580614187331565772456594876132853220251284426443743146 0 0 0 0 0 0 0 0 0 0 0 0 0 0 0 0 0 0 0 0 0 0 0 0 0 0 0 0 0 0 0 0 0 0 0 0 0 0 0 0 0 0 0 0 0 0 0 0 0 0 0 0 0 0 0 0 0 0 0 0 0 0 0 0 0 0 0 0 0 0 0 0 0 0 0 0 0 0 0 1 0 0 0 0 0 0 0 0 0 0 0 0 0 0 0 0 0 0 0 0 0 0 0 0 0 0 0 0 0 0 0 0 0 0 0 0]
[3844255628848014050154248528807830402019529428999400429096393558301240845205787586869125825322873635698468482423300116418873829014230934006311778624822756493321710509346560366874478849811340848590594731154850674385490520037463933127451316580271739970005724161391153774308029543067086016782471437485184257546404181125213221725453141432248171632803946007 0 0 0 0 0 0 0 0 0 0 0 0 0 0 0 0 0 0 0 0 0 0 0 0 0 0 0 0 0 0 0 0 0 0 0 0 0 0 0 0 0 0 0 0 0 0 0 0 0 0 0 0 0 0 0 0 0 0 0 0 0 0 0 0 0 0 0 0 0 0 0 0 0 0 0 0 0 0 0 0 1 0 0 0 0 0 0 0 0 0 0 0 0 0 0 0 0 0 0 0 0 0 0 0 0 0 0 0 0 0 0 0 0 0 0 0]
[6857802468207654274329451915929681125973805495211029786939780735068885160568197568643560713902353806329556900751053094856145137139108725046082783568771485427919632406778776875264256663735121628438873176472149324927231875898138979009401633380612791493024365957879455677538501009228981606963630038274105395659552543856441116521736707721085921100658101443 0 0 0 0 0 0 0 0 0 0 0 0 0 0 0 0 0 0 0 0 0 0 0 0 0 0 0 0 0 0 0 0 0 0 0 0 0 0 0 0 0 0 0 0 0 0 0 0 0 0 0 0 0 0 0 0 0 0 0 0 0 0 0 0 0 0 0 0 0 0 0 0 0 0 0 0 0 0 0 0 0 1 0 0 0 0 0 0 0 0 0 0 0 0 0 0 0 0 0 0 0 0 0 0 0 0 0 0 0 0 0 0 0 0 0 0]
[9152719268538509574405119235955734239865418189425952308243056061445949033270082808483853770083310550237238649314476378048726283624449736899439627555357596597241555410914432395979298871110619867780236098072806114147597944690681294853747777573018858408420689020260071585009508356570397827049618946428275235197432869998675865802357826935477845614832936595 0 0 0 0 0 0 0 0 0 0 0 0 0 0 0 0 0 0 0 0 0 0 0 0 0 0 0 0 0 0 0 0 0 0 0 0 0 0 0 0 0 0 0 0 0 0 0 0 0 0 0 0 0 0 0 0 0 0 0 0 0 0 0 0 0 0 0 0 0 0 0 0 0 0 0 0 0 0 0 0 0 0 1 0 0 0 0 0 0 0 0 0 0 0 0 0 0 0 0 0 0 0 0 0 0 0 0 0 0 0 0 0 0 0 0 0]
[2801084827663827516317788932940841706619369655192319148257669752417192485354614136974998025863658166871879383775229126521836915605107888131267153745716325078643112680217552757263346674799559028739036172685354791296408686635376221693376362426242623534728420739972042926834928449868015827785115028051516701121728274430085834013792916896822402429236657608 0 0 0 0 0 0 0 0 0 0 0 0 0 0 0 0 0 0 0 0 0 0 0 0 0 0 0 0 0 0 0 0 0 0 0 0 0 0 0 0 0 0 0 0 0 0 0 0 0 0 0 0 0 0 0 0 0 0 0 0 0 0 0 0 0 0 0 0 0 0 0 0 0 0 0 0 0 0 0 0 0 0 0 1 0 0 0 0 0 0 0 0 0 0 0 0 0 0 0 0 0 0 0 0 0 0 0 0 0 0 0 0 0 0 0 0]
[6496696366074793380110630216039925690411533571738198766438160920406464231113473574300174698840816317478165243294835516340440507406408701868836714942752214836747893096254662544829124426431677255588296899604752995355617873143733403354335835533836993404935442806000044743642374824929537900733875625252875558897729483756718765792703018730552281990666679563 0 0 0 0 0 0 0 0 0 0 0 0 0 0 0 0 0 0 0 0 0 0 0 0 0 0 0 0 0 0 0 0 0 0 0 0 0 0 0 0 0 0 0 0 0 0 0 0 0 0 0 0 0 0 0 0 0 0 0 0 0 0 0 0 0 0 0 0 0 0 0 0 0 0 0 0 0 0 0 0 0 0 0 0 1 0 0 0 0 0 0 0 0 0 0 0 0 0 0 0 0 0 0 0 0 0 0 0 0 0 0 0 0 0 0 0]
[8619256487165330468796316314272235556335023470264597525212316404124207993932237321621912815406226611273310331854674340175416491208630376428649103812602315466814310413111785563117795831821362905086486944479609279387140224781862073240086088267680125648910599225609985060163980836426276547971689349938646272347905278067292533417197805122436214437673365768 0 0 0 0 0 0 0 0 0 0 0 0 0 0 0 0 0 0 0 0 0 0 0 0 0 0 0 0 0 0 0 0 0 0 0 0 0 0 0 0 0 0 0 0 0 0 0 0 0 0 0 0 0 0 0 0 0 0 0 0 0 0 0 0 0 0 0 0 0 0 0 0 0 0 0 0 0 0 0 0 0 0 0 0 0 1 0 0 0 0 0 0 0 0 0 0 0 0 0 0 0 0 0 0 0 0 0 0 0 0 0 0 0 0 0 0]
[6380906271352056202832762810109715697937103102579528204172767570779488933220229972876602468440100280139825642941714614926528079702976555591389754141381502669347154272023663930191423273601967882228755871476050539425330631281486535068426391973719956306929725458795258627466165051560063342401210964326086737453458253710078310207013190160531513353721612931 0 0 0 0 0 0 0 0 0 0 0 0 0 0 0 0 0 0 0 0 0 0 0 0 0 0 0 0 0 0 0 0 0 0 0 0 0 0 0 0 0 0 0 0 0 0 0 0 0 0 0 0 0 0 0 0 0 0 0 0 0 0 0 0 0 0 0 0 0 0 0 0 0 0 0 0 0 0 0 0 0 0 0 0 0 0 1 0 0 0 0 0 0 0 0 0 0 0 0 0 0 0 0 0 0 0 0 0 0 0 0 0 0 0 0 0]
[1335875601226605886429059519016873026775509439632790370456860249829017182873317057244915384438975451681708500622553291013160537473366204433278606249466054762490569665287277504382168254971653308113852817294272696935817659878944408192921664695714621673726378628532242560632093639082085886089191091063286964990542781217087595335383394680163203942467363936 0 0 0 0 0 0 0 0 0 0 0 0 0 0 0 0 0 0 0 0 0 0 0 0 0 0 0 0 0 0 0 0 0 0 0 0 0 0 0 0 0 0 0 0 0 0 0 0 0 0 0 0 0 0 0 0 0 0 0 0 0 0 0 0 0 0 0 0 0 0 0 0 0 0 0 0 0 0 0 0 0 0 0 0 0 0 0 1 0 0 0 0 0 0 0 0 0 0 0 0 0 0 0 0 0 0 0 0 0 0 0 0 0 0 0 0]
[13084319214254953625298931783552536341248098778077202774593031146383110193665462457320323884494729047616936280548239643631682307374456592498822631878735345724633107449729957661007352265433171422527102784883378540934403847481314638928450210292477417726001472832410705007503664857298324012851026748503008119646498178180852173826945638928316859693091852 0 0 0 0 0 0 0 0 0 0 0 0 0 0 0 0 0 0 0 0 0 0 0 0 0 0 0 0 0 0 0 0 0 0 0 0 0 0 0 0 0 0 0 0 0 0 0 0 0 0 0 0 0 0 0 0 0 0 0 0 0 0 0 0 0 0 0 0 0 0 0 0 0 0 0 0 0 0 0 0 0 0 0 0 0 0 0 0 1 0 0 0 0 0 0 0 0 0 0 0 0 0 0 0 0 0 0 0 0 0 0 0 0 0 0 0]
[7503115653519843721008862689938548307768622500659701021013354310932268749260573330449783390809964629853230457466666867564785860505073153569730894742772905582556650553744443901014271017012965686043133610249624193143687182533262191946702457103375983518361323892960032439796958926557699947846451752640349209271298913428166393323237135646902013509212162941 0 0 0 0 0 0 0 0 0 0 0 0 0 0 0 0 0 0 0 0 0 0 0 0 0 0 0 0 0 0 0 0 0 0 0 0 0 0 0 0 0 0 0 0 0 0 0 0 0 0 0 0 0 0 0 0 0 0 0 0 0 0 0 0 0 0 0 0 0 0 0 0 0 0 0 0 0 0 0 0 0 0 0 0 0 0 0 0 0 1 0 0 0 0 0 0 0 0 0 0 0 0 0 0 0 0 0 0 0 0 0 0 0 0 0 0]
[6823755540609767642871482968724203519315802752887137491234596756161115538426589433000243768077071020469130784313322290588782197804235708053798500422425461898006332966714267653422842055658052362215320598499714518383518403122706388583779273007345788715669729049936755528517790241859200313971544416105901470991149364512507587737459017774455441262794756549 0 0 0 0 0 0 0 0 0 0 0 0 0 0 0 0 0 0 0 0 0 0 0 0 0 0 0 0 0 0 0 0 0 0 0 0 0 0 0 0 0 0 0 0 0 0 0 0 0 0 0 0 0 0 0 0 0 0 0 0 0 0 0 0 0 0 0 0 0 0 0 0 0 0 0 0 0 0 0 0 0 0 0 0 0 0 0 0 0 0 1 0 0 0 0 0 0 0 0 0 0 0 0 0 0 0 0 0 0 0 0 0 0 0 0 0]
[7484649251286739443814149918263279838701462813692259294886104432114831135565567583220986686645594316609109706432274112905392462655497363947063882948210171714102698454518984837602572388863432993993458703885296647480613211774016221009180339599430240596596203282898922593425271384430132936124021647279146220881232077736689088914707646444873049423244022699 0 0 0 0 0 0 0 0 0 0 0 0 0 0 0 0 0 0 0 0 0 0 0 0 0 0 0 0 0 0 0 0 0 0 0 0 0 0 0 0 0 0 0 0 0 0 0 0 0 0 0 0 0 0 0 0 0 0 0 0 0 0 0 0 0 0 0 0 0 0 0 0 0 0 0 0 0 0 0 0 0 0 0 0 0 0 0 0 0 0 0 1 0 0 0 0 0 0 0 0 0 0 0 0 0 0 0 0 0 0 0 0 0 0 0 0]
[860671496796762250086188356680980547197194866283541206422008613730930013211523499314384094234819151758230546058516060118022874888028668334820517228620653612357255196984701420348556943353871670409366247213770127372980356908486884722764965530469445122237453826548977645200925646581129523923832913105708428864535898950908798457757886238904733243644966559 0 0 0 0 0 0 0 0 0 0 0 0 0 0 0 0 0 0 0 0 0 0 0 0 0 0 0 0 0 0 0 0 0 0 0 0 0 0 0 0 0 0 0 0 0 0 0 0 0 0 0 0 0 0 0 0 0 0 0 0 0 0 0 0 0 0 0 0 0 0 0 0 0 0 0 0 0 0 0 0 0 0 0 0 0 0 0 0 0 0 0 0 1 0 0 0 0 0 0 0 0 0 0 0 0 0 0 0 0 0 0 0 0 0 0 0]
[8501793376030377862376308027908946483891487422723558844203283354904508502540892753780832386579183327143206392432175268416703150857756660436571616769836562016460084777420184884611042894870259946694595061325147765246878031396589376154721093807052783177699692444553448706494160086251040557634343332198581009171557901525824640060482396998729627623478112539 0 0 0 0 0 0 0 0 0 0 0 0 0 0 0 0 0 0 0 0 0 0 0 0 0 0 0 0 0 0 0 0 0 0 0 0 0 0 0 0 0 0 0 0 0 0 0 0 0 0 0 0 0 0 0 0 0 0 0 0 0 0 0 0 0 0 0 0 0 0 0 0 0 0 0 0 0 0 0 0 0 0 0 0 0 0 0 0 0 0 0 0 0 1 0 0 0 0 0 0 0 0 0 0 0 0 0 0 0 0 0 0 0 0 0 0]
[6511129812042780338377056775562421934564634567674948092511337981977147602143908605469831066978319295787442920428081633525087465207836114886458345464447948008661769562301427661264829002929403333706900543817414353125648224056088667769594706189385556198803088181261310438677295857458634274230002919446082187263967599374079807098897707441288491712028129903 0 0 0 0 0 0 0 0 0 0 0 0 0 0 0 0 0 0 0 0 0 0 0 0 0 0 0 0 0 0 0 0 0 0 0 0 0 0 0 0 0 0 0 0 0 0 0 0 0 0 0 0 0 0 0 0 0 0 0 0 0 0 0 0 0 0 0 0 0 0 0 0 0 0 0 0 0 0 0 0 0 0 0 0 0 0 0 0 0 0 0 0 0 0 1 0 0 0 0 0 0 0 0 0 0 0 0 0 0 0 0 0 0 0 0 0]
[1568176283002685288156377963225067281696589821439241589486690411888941405033304975579728556286175224276497304157199742840991515643321999960762472779842538490991825099646327512586100319755693394411355110298084266982851756774511654061612789613314913900464702178903630257873410121124498379409350710818853695931276213241705363729100030478327447288191626771 0 0 0 0 0 0 0 0 0 0 0 0 0 0 0 0 0 0 0 0 0 0 0 0 0 0 0 0 0 0 0 0 0 0 0 0 0 0 0 0 0 0 0 0 0 0 0 0 0 0 0 0 0 0 0 0 0 0 0 0 0 0 0 0 0 0 0 0 0 0 0 0 0 0 0 0 0 0 0 0 0 0 0 0 0 0 0 0 0 0 0 0 0 0 0 1 0 0 0 0 0 0 0 0 0 0 0 0 0 0 0 0 0 0 0 0]
[6903961271015169747949845399847693169189218405720282579688753545603302343597526926687382646594010815057086489789399758381191395278633534312110578135374999041480127059267698565774753459083912054145698901232367350891554096622101389429302472377065889801595303795723616501223247599167517917586507492479966644722612644465429560810225834375376065358455811059 0 0 0 0 0 0 0 0 0 0 0 0 0 0 0 0 0 0 0 0 0 0 0 0 0 0 0 0 0 0 0 0 0 0 0 0 0 0 0 0 0 0 0 0 0 0 0 0 0 0 0 0 0 0 0 0 0 0 0 0 0 0 0 0 0 0 0 0 0 0 0 0 0 0 0 0 0 0 0 0 0 0 0 0 0 0 0 0 0 0 0 0 0 0 0 0 1 0 0 0 0 0 0 0 0 0 0 0 0 0 0 0 0 0 0 0]
[311457651911974127816598497789373828168994291880059736817657495225801488858991194863231568258596472091339791005524226285802433895714285452439436178806063337583284730989827273712721612991992956252998626672220226468427817130842905407558611168304175517261803678423750163706765159910241572441524130356921030524262541170301253574141016863240210605920406643 0 0 0 0 0 0 0 0 0 0 0 0 0 0 0 0 0 0 0 0 0 0 0 0 0 0 0 0 0 0 0 0 0 0 0 0 0 0 0 0 0 0 0 0 0 0 0 0 0 0 0 0 0 0 0 0 0 0 0 0 0 0 0 0 0 0 0 0 0 0 0 0 0 0 0 0 0 0 0 0 0 0 0 0 0 0 0 0 0 0 0 0 0 0 0 0 0 1 0 0 0 0 0 0 0 0 0 0 0 0 0 0 0 0 0 0]
[5564441527206008953568411090841609835271106098525238193156802518822686233658286422318601780899291312220119794360828738726027606905711154841841225930230760655475256845481072632133944770787444238673243900375485174479775195007539522302750848399687772086164057207622387070986473495353424239707170155209365205769148901111898576213732109606289394095299911429 0 0 0 0 0 0 0 0 0 0 0 0 0 0 0 0 0 0 0 0 0 0 0 0 0 0 0 0 0 0 0 0 0 0 0 0 0 0 0 0 0 0 0 0 0 0 0 0 0 0 0 0 0 0 0 0 0 0 0 0 0 0 0 0 0 0 0 0 0 0 0 0 0 0 0 0 0 0 0 0 0 0 0 0 0 0 0 0 0 0 0 0 0 0 0 0 0 0 1 0 0 0 0 0 0 0 0 0 0 0 0 0 0 0 0 0]
[4103253639230577088106692441844246506317672171657309885048607107645097948887065659879632393541113753415154251605557192929087685194887441416076841128308773358461639983040146725913808557170228331540015029655612016597385390217549593943101994048104162980140024655006816722992184701465215449076730948956331325798087742954113418405730571213726777285302901565 0 0 0 0 0 0 0 0 0 0 0 0 0 0 0 0 0 0 0 0 0 0 0 0 0 0 0 0 0 0 0 0 0 0 0 0 0 0 0 0 0 0 0 0 0 0 0 0 0 0 0 0 0 0 0 0 0 0 0 0 0 0 0 0 0 0 0 0 0 0 0 0 0 0 0 0 0 0 0 0 0 0 0 0 0 0 0 0 0 0 0 0 0 0 0 0 0 0 0 1 0 0 0 0 0 0 0 0 0 0 0 0 0 0 0 0]
[8164437755445558571268363379209836997201573101081688740887047701048405243118353408206186011335107786580091284449140670934789564683304477722933940129005748603493154184755451046358440867343699939232482038742418515576919639503446726307785105171524403130509211762584207279907422143097903684649484963344184077199217539694751766251551438522927607593068063890 0 0 0 0 0 0 0 0 0 0 0 0 0 0 0 0 0 0 0 0 0 0 0 0 0 0 0 0 0 0 0 0 0 0 0 0 0 0 0 0 0 0 0 0 0 0 0 0 0 0 0 0 0 0 0 0 0 0 0 0 0 0 0 0 0 0 0 0 0 0 0 0 0 0 0 0 0 0 0 0 0 0 0 0 0 0 0 0 0 0 0 0 0 0 0 0 0 0 0 0 1 0 0 0 0 0 0 0 0 0 0 0 0 0 0 0]
[1728383959826864860499227524898629802989808090293462092930382695162370164094603520661201398397658060850764549113568234998464280110098190775595973530932185122509139467252352365341074051927739314469366276917699465151063750085292549954886621785389341991490337825546588630158857808043859431951899763697362173407087011010982743973901460210048056399505981562 0 0 0 0 0 0 0 0 0 0 0 0 0 0 0 0 0 0 0 0 0 0 0 0 0 0 0 0 0 0 0 0 0 0 0 0 0 0 0 0 0 0 0 0 0 0 0 0 0 0 0 0 0 0 0 0 0 0 0 0 0 0 0 0 0 0 0 0 0 0 0 0 0 0 0 0 0 0 0 0 0 0 0 0 0 0 0 0 0 0 0 0 0 0 0 0 0 0 0 0 0 1 0 0 0 0 0 0 0 0 0 0 0 0 0 0]
[4381647877956356671338155836946865567447829748470397570836665671153139490633229430455017089622196624520669545153410000655589587103394106651718171663371773348613597225310216417573624733299878448380935442520275870088110225672967497612675826950456054692458655435676025866133034050734088460927858442626660139741799641936998733088203775839040568780354643044 0 0 0 0 0 0 0 0 0 0 0 0 0 0 0 0 0 0 0 0 0 0 0 0 0 0 0 0 0 0 0 0 0 0 0 0 0 0 0 0 0 0 0 0 0 0 0 0 0 0 0 0 0 0 0 0 0 0 0 0 0 0 0 0 0 0 0 0 0 0 0 0 0 0 0 0 0 0 0 0 0 0 0 0 0 0 0 0 0 0 0 0 0 0 0 0 0 0 0 0 0 0 1 0 0 0 0 0 0 0 0 0 0 0 0 0]
[4772427925293329982394289864737523275192112555494749682137105214165357443900555549260935661592028656582382774837295051296365126134181671447757679349709683025324904125016737862014020291409150397240676892475932334862653067222835758453401334637774783469913853726564273032721052274825205292438483971075241445548125476339236571764596779936864772223194280779 0 0 0 0 0 0 0 0 0 0 0 0 0 0 0 0 0 0 0 0 0 0 0 0 0 0 0 0 0 0 0 0 0 0 0 0 0 0 0 0 0 0 0 0 0 0 0 0 0 0 0 0 0 0 0 0 0 0 0 0 0 0 0 0 0 0 0 0 0 0 0 0 0 0 0 0 0 0 0 0 0 0 0 0 0 0 0 0 0 0 0 0 0 0 0 0 0 0 0 0 0 0 0 1 0 0 0 0 0 0 0 0 0 0 0 0]
[5129888993199210417959755329673365146057043164259573530490401039238392483966281238457588081040610732239426978739292358221383373062819428494145260087974137403203909156237962292388838849865102422846778679769818847028481178553473970005619232645818773660920569326780039836136119108077646732235037099069169287545772698528313846906631977815824312101093156308 0 0 0 0 0 0 0 0 0 0 0 0 0 0 0 0 0 0 0 0 0 0 0 0 0 0 0 0 0 0 0 0 0 0 0 0 0 0 0 0 0 0 0 0 0 0 0 0 0 0 0 0 0 0 0 0 0 0 0 0 0 0 0 0 0 0 0 0 0 0 0 0 0 0 0 0 0 0 0 0 0 0 0 0 0 0 0 0 0 0 0 0 0 0 0 0 0 0 0 0 0 0 0 0 1 0 0 0 0 0 0 0 0 0 0 0]
[694768294566033371629651421974981153554671132640418800283667011174991886658979594561151195112190029681761926183719002070398030827909272155500808924371264816712295340923433659956887342315568303351960063256442981402174641029509242816239978112026066489929893471618348121651357612144741896865653598129875129544040489567318628812773728827977647478775687886 0 0 0 0 0 0 0 0 0 0 0 0 0 0 0 0 0 0 0 0 0 0 0 0 0 0 0 0 0 0 0 0 0 0 0 0 0 0 0 0 0 0 0 0 0 0 0 0 0 0 0 0 0 0 0 0 0 0 0 0 0 0 0 0 0 0 0 0 0 0 0 0 0 0 0 0 0 0 0 0 0 0 0 0 0 0 0 0 0 0 0 0 0 0 0 0 0 0 0 0 0 0 0 0 0 1 0 0 0 0 0 0 0 0 0 0]
[7040219443910333400317419795360222259770831324324981946403753651760800625488287015729219758734915781691528647292575933805238711253470248745092974460531768190766987187752731716974041955596799317117651851521713351946713282435360264761736966371949190865686999291336113180613726153389657474907347138945641106433457319696658474173210333574653756028998132721 0 0 0 0 0 0 0 0 0 0 0 0 0 0 0 0 0 0 0 0 0 0 0 0 0 0 0 0 0 0 0 0 0 0 0 0 0 0 0 0 0 0 0 0 0 0 0 0 0 0 0 0 0 0 0 0 0 0 0 0 0 0 0 0 0 0 0 0 0 0 0 0 0 0 0 0 0 0 0 0 0 0 0 0 0 0 0 0 0 0 0 0 0 0 0 0 0 0 0 0 0 0 0 0 0 0 1 0 0 0 0 0 0 0 0 0]
[2231425060264013212955299182711629320010317966754982368312337537003817469987297809720160226561407785900799865108440624575027032384775928401892921911851639280592778629681464148392393698180289096401154700351959656096489196428168470459214508817014700312671415335771646886538273604228973181652996430580824994077422070912964600493972496736903006396231854355 0 0 0 0 0 0 0 0 0 0 0 0 0 0 0 0 0 0 0 0 0 0 0 0 0 0 0 0 0 0 0 0 0 0 0 0 0 0 0 0 0 0 0 0 0 0 0 0 0 0 0 0 0 0 0 0 0 0 0 0 0 0 0 0 0 0 0 0 0 0 0 0 0 0 0 0 0 0 0 0 0 0 0 0 0 0 0 0 0 0 0 0 0 0 0 0 0 0 0 0 0 0 0 0 0 0 0 1 0 0 0 0 0 0 0 0]
[550227336255214641052332094725598375294198498404420093174470403515026756192898547185835508250055158505110813982506164775637938987452563564718721208259728923802329988953569393936345474065561554174887644361273972178154589389906370253809993034202806461402804742962983005690007798539615348039459855166583709295685957328603711276572365763922259720825115614 0 0 0 0 0 0 0 0 0 0 0 0 0 0 0 0 0 0 0 0 0 0 0 0 0 0 0 0 0 0 0 0 0 0 0 0 0 0 0 0 0 0 0 0 0 0 0 0 0 0 0 0 0 0 0 0 0 0 0 0 0 0 0 0 0 0 0 0 0 0 0 0 0 0 0 0 0 0 0 0 0 0 0 0 0 0 0 0 0 0 0 0 0 0 0 0 0 0 0 0 0 0 0 0 0 0 0 0 1 0 0 0 0 0 0 0]
[7933702711542696116855742900719503162916966760664082958640047683099933879625449568229609902683478237410018821704130976448837105511691621363459234847062731203862073882623214475872413009474969947552686428264849879298402527238341332914101843914409854487162190686357018208922206999611552809639287182436064681330798997210465203803787947187266981480589436177 0 0 0 0 0 0 0 0 0 0 0 0 0 0 0 0 0 0 0 0 0 0 0 0 0 0 0 0 0 0 0 0 0 0 0 0 0 0 0 0 0 0 0 0 0 0 0 0 0 0 0 0 0 0 0 0 0 0 0 0 0 0 0 0 0 0 0 0 0 0 0 0 0 0 0 0 0 0 0 0 0 0 0 0 0 0 0 0 0 0 0 0 0 0 0 0 0 0 0 0 0 0 0 0 0 0 0 0 0 1 0 0 0 0 0 0]
[8044221015062750218354254780738757402299518962937451595268856208420479758777665987690044444009636632542968460508112538186694280009274941533895905904758427086858003321795920094467650748999838441780642702387468297550992098110206490338144555342499506901289485033868525923776176205285284877033933646805339702566013378314695395631091127433280236587339853997 0 0 0 0 0 0 0 0 0 0 0 0 0 0 0 0 0 0 0 0 0 0 0 0 0 0 0 0 0 0 0 0 0 0 0 0 0 0 0 0 0 0 0 0 0 0 0 0 0 0 0 0 0 0 0 0 0 0 0 0 0 0 0 0 0 0 0 0 0 0 0 0 0 0 0 0 0 0 0 0 0 0 0 0 0 0 0 0 0 0 0 0 0 0 0 0 0 0 0 0 0 0 0 0 0 0 0 0 0 0 1 0 0 0 0 0]
[2693849147754505120237768980946113797957294183918677410109014882901322659939246307057445998857261253515034893762179161363327022789444356388823354311472338360635372311010359759292927457629079322793272687095399827699580432649039911462337183579583155440509680802661332072992044838799189947732127111583586624609255104981442796023321706495275987354571119684 0 0 0 0 0 0 0 0 0 0 0 0 0 0 0 0 0 0 0 0 0 0 0 0 0 0 0 0 0 0 0 0 0 0 0 0 0 0 0 0 0 0 0 0 0 0 0 0 0 0 0 0 0 0 0 0 0 0 0 0 0 0 0 0 0 0 0 0 0 0 0 0 0 0 0 0 0 0 0 0 0 0 0 0 0 0 0 0 0 0 0 0 0 0 0 0 0 0 0 0 0 0 0 0 0 0 0 0 0 0 0 1 0 0 0 0]
[1625734596795887053917870799729794602192764543338672302545530096124972072745482564648187276905156344022545963758242756083688275982728338584521227735166958112098733367874263769077100957839602338402502258566848176929862486649999399136069757754523334355866343124410904366856671463392410037069448885406168720817642090648068583061301929327880493082973642015 0 0 0 0 0 0 0 0 0 0 0 0 0 0 0 0 0 0 0 0 0 0 0 0 0 0 0 0 0 0 0 0 0 0 0 0 0 0 0 0 0 0 0 0 0 0 0 0 0 0 0 0 0 0 0 0 0 0 0 0 0 0 0 0 0 0 0 0 0 0 0 0 0 0 0 0 0 0 0 0 0 0 0 0 0 0 0 0 0 0 0 0 0 0 0 0 0 0 0 0 0 0 0 0 0 0 0 0 0 0 0 0 1 0 0 0]
[1374266565039538313189636633126967772700565520773582324801898944725878565085289911644351490147622491663096563850300119188444123769356790360083715024986665449232043561449304326762205223106039306358809724817953355863494610799268359427422877292567173152078215645559948926201511914815491713287529257732988119981257894256612709833864956059317452913164233712 0 0 0 0 0 0 0 0 0 0 0 0 0 0 0 0 0 0 0 0 0 0 0 0 0 0 0 0 0 0 0 0 0 0 0 0 0 0 0 0 0 0 0 0 0 0 0 0 0 0 0 0 0 0 0 0 0 0 0 0 0 0 0 0 0 0 0 0 0 0 0 0 0 0 0 0 0 0 0 0 0 0 0 0 0 0 0 0 0 0 0 0 0 0 0 0 0 0 0 0 0 0 0 0 0 0 0 0 0 0 0 0 0 1 0 0]
[6999885133480735030365786090158426852048398648066284246063010309856997920679330311518222848227140227401572557291012737841828910504186528247129127147914414550478449790749628750961244111967402914312240052668327228337298870224010909667166138596184850388509706253885712230986384887551115438446274609118713332145769581334712075866540266135635146998786788578 0 0 0 0 0 0 0 0 0 0 0 0 0 0 0 0 0 0 0 0 0 0 0 0 0 0 0 0 0 0 0 0 0 0 0 0 0 0 0 0 0 0 0 0 0 0 0 0 0 0 0 0 0 0 0 0 0 0 0 0 0 0 0 0 0 0 0 0 0 0 0 0 0 0 0 0 0 0 0 0 0 0 0 0 0 0 0 0 0 0 0 0 0 0 0 0 0 0 0 0 0 0 0 0 0 0 0 0 0 0 0 0 0 0 1 0]
[9540273561753192610364496114580427314905279984409203486310235427658090807792226036825516612824075169058651225284932225670850263336671181977925486992604054054649603005539153536454777588893783286663898538440997632809202492147566745446209076222416782109257923561339109987475510475760947288375415503580444246050591079542319392076124444632018521041469362415 0 0 0 0 0 0 0 0 0 0 0 0 0 0 0 0 0 0 0 0 0 0 0 0 0 0 0 0 0 0 0 0 0 0 0 0 0 0 0 0 0 0 0 0 0 0 0 0 0 0 0 0 0 0 0 0 0 0 0 0 0 0 0 0 0 0 0 0 0 0 0 0 0 0 0 0 0 0 0 0 0 0 0 0 0 0 0 0 0 0 0 0 0 0 0 0 0 0 0 0 0 0 0 0 0 0 0 0 0 0 0 0 0 0 0 1]
]
