[[4616858503241144579860223012018377614498495874470665931567751454458140901117797934504101274706055416775881157625442298500275517094364151203104172102431480250078944771153286092354059595043719961697687581472323291731897338505372205404828075672611 0 0 0 0 0 0 0 0 0 0 0 0 0 0 0 0 0 0 0 0 0 0 0 0 0 0 0 0 0 0 0 0 0 0 0 0 0 0 0 0 0 0 0 0 0 0 0 0 0 0 0 0 0 0 0 0 0 0 0 0 0 0 0 0 0 0 0 0 0 0 0 0 0 0 0 0 0 0 0 0]
[3303078751711907780822861093951609712656663214836212736852005580434007383645227943063951309957988928961958036116573717654054037519033500989993293718970265252561122056226916040737769121392192038417070530314045642673587335255294745419312288673038 1 0 0 0 0 0 0 0 0 0 0 0 0 0 0 0 0 0 0 0 0 0 0 0 0 0 0 0 0 0 0 0 0 0 0 0 0 0 0 0 0 0 0 0 0 0 0 0 0 0 0 0 0 0 0 0 0 0 0 0 0 0 0 0 0 0 0 0 0 0 0 0 0 0 0 0 0 0 0 0]
[2654554188904344175779078228651431235246249695772957938495911789418137412921207123869598092599465190921043718511554636451693704007818184458918122356258212389250180086590768310925743109898208805617597049507122527798806941542047147977239492953119 0 1 0 0 0 0 0 0 0 0 0 0 0 0 0 0 0 0 0 0 0 0 0 0 0 0 0 0 0 0 0 0 0 0 0 0 0 0 0 0 0 0 0 0 0 0 0 0 0 0 0 0 0 0 0 0 0 0 0 0 0 0 0 0 0 0 0 0 0 0 0 0 0 0 0 0 0 0 0 0]
[2311430218793058967794873064747788291878679473041460988517572378745636764158578968420502138294855095412845173106154993447820525605460105698690264726485187063200979668256034135103053855714560615888373946352058304365518974564874258860342167305335 0 0 1 0 0 0 0 0 0 0 0 0 0 0 0 0 0 0 0 0 0 0 0 0 0 0 0 0 0 0 0 0 0 0 0 0 0 0 0 0 0 0 0 0 0 0 0 0 0 0 0 0 0 0 0 0 0 0 0 0 0 0 0 0 0 0 0 0 0 0 0 0 0 0 0 0 0 0 0 0]
[686088306130882426899268633389562353809544324433744283549621622544522757911105961735641182418575525281777053288442870359274294418290138826470919176554371668898491893762700686481168301196753453642973674744402124461021496542778323468214513280580 0 0 0 1 0 0 0 0 0 0 0 0 0 0 0 0 0 0 0 0 0 0 0 0 0 0 0 0 0 0 0 0 0 0 0 0 0 0 0 0 0 0 0 0 0 0 0 0 0 0 0 0 0 0 0 0 0 0 0 0 0 0 0 0 0 0 0 0 0 0 0 0 0 0 0 0 0 0 0 0]
[2031248017012965505454808842419356201979063156975409596279838048277818334339240866167939973582956491466063821638376167165670804352804528026728626947145792291657859206558687164605333756274036207717501842748587529382083253121883717333647942599634 0 0 0 0 1 0 0 0 0 0 0 0 0 0 0 0 0 0 0 0 0 0 0 0 0 0 0 0 0 0 0 0 0 0 0 0 0 0 0 0 0 0 0 0 0 0 0 0 0 0 0 0 0 0 0 0 0 0 0 0 0 0 0 0 0 0 0 0 0 0 0 0 0 0 0 0 0 0 0 0]
[729629850884594468595006021510334052745131060156529380787451569631846031382001942148916475966572457469870935028997365125257679636559570446296162913994370119536468718407130577635200124798099472051261755598751559204066523820404138570410535419127 0 0 0 0 0 1 0 0 0 0 0 0 0 0 0 0 0 0 0 0 0 0 0 0 0 0 0 0 0 0 0 0 0 0 0 0 0 0 0 0 0 0 0 0 0 0 0 0 0 0 0 0 0 0 0 0 0 0 0 0 0 0 0 0 0 0 0 0 0 0 0 0 0 0 0 0 0 0 0 0]
[4043566185628693717088829528144646246914122829119734713573596886238584527164619438653793138943644264667874148930163000441772327334082665550007021883069213268758657885784577461769384103062589580846873983597715656529590304628691225302450973128503 0 0 0 0 0 0 1 0 0 0 0 0 0 0 0 0 0 0 0 0 0 0 0 0 0 0 0 0 0 0 0 0 0 0 0 0 0 0 0 0 0 0 0 0 0 0 0 0 0 0 0 0 0 0 0 0 0 0 0 0 0 0 0 0 0 0 0 0 0 0 0 0 0 0 0 0 0 0 0 0]
[1337598320440082988948670488446683190111603228076916729980769418342140066544832233372217312776855712956633256662351489620960721291632509895107630404742962948314808661181406110191707619250535795393162977422551893336699352919270764467646626370840 0 0 0 0 0 0 0 1 0 0 0 0 0 0 0 0 0 0 0 0 0 0 0 0 0 0 0 0 0 0 0 0 0 0 0 0 0 0 0 0 0 0 0 0 0 0 0 0 0 0 0 0 0 0 0 0 0 0 0 0 0 0 0 0 0 0 0 0 0 0 0 0 0 0 0 0 0 0 0 0]
[4143663220905104182252137522290866093393365492928906346130002247889230072801028180161387602489960764096853665474713484140280468801109038535261549272838930980406873769352005730207691649036679098794715206896687033456977457935347025073781668831793 0 0 0 0 0 0 0 0 1 0 0 0 0 0 0 0 0 0 0 0 0 0 0 0 0 0 0 0 0 0 0 0 0 0 0 0 0 0 0 0 0 0 0 0 0 0 0 0 0 0 0 0 0 0 0 0 0 0 0 0 0 0 0 0 0 0 0 0 0 0 0 0 0 0 0 0 0 0 0 0]
[3284717901709586970943918927318915479995073343453964193589035263241316546970523793920506777814251079387347004574325927057111735920409030988152308448792512390440707447683877475791464484042986809853646207597393457372455273406578898203412041463062 0 0 0 0 0 0 0 0 0 1 0 0 0 0 0 0 0 0 0 0 0 0 0 0 0 0 0 0 0 0 0 0 0 0 0 0 0 0 0 0 0 0 0 0 0 0 0 0 0 0 0 0 0 0 0 0 0 0 0 0 0 0 0 0 0 0 0 0 0 0 0 0 0 0 0 0 0 0 0 0]
[3412602677532901678914057615254131155861921211527940988540881017652185454832252464976043139041998742787257530198418075996307561302976582774928073292887295266900702341017962196448931493667847057235864176984745557507611546184269851877813502331274 0 0 0 0 0 0 0 0 0 0 1 0 0 0 0 0 0 0 0 0 0 0 0 0 0 0 0 0 0 0 0 0 0 0 0 0 0 0 0 0 0 0 0 0 0 0 0 0 0 0 0 0 0 0 0 0 0 0 0 0 0 0 0 0 0 0 0 0 0 0 0 0 0 0 0 0 0 0 0 0]
[308326558815207017971244548376686914250790330769564252107851721345426798023184561653184606793177060401156965650974982154773427834572094079523650768296552003345101621955128996029151199028000073384892362722871719993871859061054595033126617907581 0 0 0 0 0 0 0 0 0 0 0 1 0 0 0 0 0 0 0 0 0 0 0 0 0 0 0 0 0 0 0 0 0 0 0 0 0 0 0 0 0 0 0 0 0 0 0 0 0 0 0 0 0 0 0 0 0 0 0 0 0 0 0 0 0 0 0 0 0 0 0 0 0 0 0 0 0 0 0 0]
[323547597076725505609493994971904993842991697703326928352816369381243262859770870368158876284593738978353375546183653936760701441768580415920699843357535132514167262870700332003612525554021636900265766007746962320114738850897252517026276687885 0 0 0 0 0 0 0 0 0 0 0 0 1 0 0 0 0 0 0 0 0 0 0 0 0 0 0 0 0 0 0 0 0 0 0 0 0 0 0 0 0 0 0 0 0 0 0 0 0 0 0 0 0 0 0 0 0 0 0 0 0 0 0 0 0 0 0 0 0 0 0 0 0 0 0 0 0 0 0 0]
[2718441124818398848891925776478498535029462693563436547933275146372382390697673766793986542300938505205707822109597235110779402241387816822546481016850065076234823905466104615385590658309025760087003345145347570661037667953789426855959288336424 0 0 0 0 0 0 0 0 0 0 0 0 0 1 0 0 0 0 0 0 0 0 0 0 0 0 0 0 0 0 0 0 0 0 0 0 0 0 0 0 0 0 0 0 0 0 0 0 0 0 0 0 0 0 0 0 0 0 0 0 0 0 0 0 0 0 0 0 0 0 0 0 0 0 0 0 0 0 0 0]
[1509695495440785255922811833123871793073675827605922532828612290733497659461986701281397167480523071319631210714268849539919074262287818136361332223687134106035113302923925761118166542245078092238519970480968495046333491547382330630698285199372 0 0 0 0 0 0 0 0 0 0 0 0 0 0 1 0 0 0 0 0 0 0 0 0 0 0 0 0 0 0 0 0 0 0 0 0 0 0 0 0 0 0 0 0 0 0 0 0 0 0 0 0 0 0 0 0 0 0 0 0 0 0 0 0 0 0 0 0 0 0 0 0 0 0 0 0 0 0 0 0]
[914370866381777147333888688120063504987376777861731079149401072814185408926939523642656059501482711113895371081277781812193821049403985410605938463831634348281612509333749181364369604416560597340617131219765566075266113501239840530994401010423 0 0 0 0 0 0 0 0 0 0 0 0 0 0 0 1 0 0 0 0 0 0 0 0 0 0 0 0 0 0 0 0 0 0 0 0 0 0 0 0 0 0 0 0 0 0 0 0 0 0 0 0 0 0 0 0 0 0 0 0 0 0 0 0 0 0 0 0 0 0 0 0 0 0 0 0 0 0 0 0]
[2583449966943006272300764863942164939499907444593976011655794387199394846674969715380253869762057968553612082277327964021902044759562970801011738786021732590820343966062135927243007375862486744696179901799288725645782406777760997977839850634137 0 0 0 0 0 0 0 0 0 0 0 0 0 0 0 0 1 0 0 0 0 0 0 0 0 0 0 0 0 0 0 0 0 0 0 0 0 0 0 0 0 0 0 0 0 0 0 0 0 0 0 0 0 0 0 0 0 0 0 0 0 0 0 0 0 0 0 0 0 0 0 0 0 0 0 0 0 0 0 0]
[3271886989962271926638687267182815644517798241308752750737363764915226508504529471865374561453675297595383108127360076728805371981030334025196621909792761195365361566950125727339633338575874608479926299946297249901023806268024039595611917581432 0 0 0 0 0 0 0 0 0 0 0 0 0 0 0 0 0 1 0 0 0 0 0 0 0 0 0 0 0 0 0 0 0 0 0 0 0 0 0 0 0 0 0 0 0 0 0 0 0 0 0 0 0 0 0 0 0 0 0 0 0 0 0 0 0 0 0 0 0 0 0 0 0 0 0 0 0 0 0 0]
[2563978945719927441104087242929569668794352059902226448001706793095274214479199349529173929232326774199737906684667676290346867637530469944747794704852620296336997115145610119643312841893064112821071547165998991475989029959071860786151624653786 0 0 0 0 0 0 0 0 0 0 0 0 0 0 0 0 0 0 1 0 0 0 0 0 0 0 0 0 0 0 0 0 0 0 0 0 0 0 0 0 0 0 0 0 0 0 0 0 0 0 0 0 0 0 0 0 0 0 0 0 0 0 0 0 0 0 0 0 0 0 0 0 0 0 0 0 0 0 0 0]
[3302463526120195639538914098724238308906667755488499242894457658912535654448712123114932919817529666135026204605770383654789924840725755497818332229164371507978130640756952423457402089306664405452215755819710534716738689408182585039779779701905 0 0 0 0 0 0 0 0 0 0 0 0 0 0 0 0 0 0 0 1 0 0 0 0 0 0 0 0 0 0 0 0 0 0 0 0 0 0 0 0 0 0 0 0 0 0 0 0 0 0 0 0 0 0 0 0 0 0 0 0 0 0 0 0 0 0 0 0 0 0 0 0 0 0 0 0 0 0 0 0]
[3792827274150252594962292988990579372821201089656936555322772846479517825003977187358129629451063281123304928185672825849284436037647316838381363086770989700342307768557934767601188207193881556438083524900533581079168870995146734693936984173581 0 0 0 0 0 0 0 0 0 0 0 0 0 0 0 0 0 0 0 0 1 0 0 0 0 0 0 0 0 0 0 0 0 0 0 0 0 0 0 0 0 0 0 0 0 0 0 0 0 0 0 0 0 0 0 0 0 0 0 0 0 0 0 0 0 0 0 0 0 0 0 0 0 0 0 0 0 0 0 0]
[1005987440592000101098036272013658179329842281277142572701698801726927065199380605727804089857295666761248010893090565743205469840323055508391699600177158776603470432075911710349720318037644498272470468021185451074632502452248685815278835549955 0 0 0 0 0 0 0 0 0 0 0 0 0 0 0 0 0 0 0 0 0 1 0 0 0 0 0 0 0 0 0 0 0 0 0 0 0 0 0 0 0 0 0 0 0 0 0 0 0 0 0 0 0 0 0 0 0 0 0 0 0 0 0 0 0 0 0 0 0 0 0 0 0 0 0 0 0 0 0 0]
[857747759595761610991505142167561230466567398600116345629784925030959397427071342860408191832536350861475354018504393416467968691863038030556129377731603344501631154893315477722255337225521990307133028595230169193170983018000517765007967006956 0 0 0 0 0 0 0 0 0 0 0 0 0 0 0 0 0 0 0 0 0 0 1 0 0 0 0 0 0 0 0 0 0 0 0 0 0 0 0 0 0 0 0 0 0 0 0 0 0 0 0 0 0 0 0 0 0 0 0 0 0 0 0 0 0 0 0 0 0 0 0 0 0 0 0 0 0 0 0 0]
[204731744243730247998732116836732160933363571416007739457720636741689216827669471954378651238640751036712810915772456319484278079392064433661999285431633690833078895209979505552425432474141258655830211519027733134079758450821894065101250962247 0 0 0 0 0 0 0 0 0 0 0 0 0 0 0 0 0 0 0 0 0 0 0 1 0 0 0 0 0 0 0 0 0 0 0 0 0 0 0 0 0 0 0 0 0 0 0 0 0 0 0 0 0 0 0 0 0 0 0 0 0 0 0 0 0 0 0 0 0 0 0 0 0 0 0 0 0 0 0 0]
[4494275761307320559358601274475157676184635052303971519193162891327719926595125384400544202967827407035790837446324110831294787840357292605401059602839958482437417344806748405424695508974558285253437577418405632093604495157666225972088917684504 0 0 0 0 0 0 0 0 0 0 0 0 0 0 0 0 0 0 0 0 0 0 0 0 1 0 0 0 0 0 0 0 0 0 0 0 0 0 0 0 0 0 0 0 0 0 0 0 0 0 0 0 0 0 0 0 0 0 0 0 0 0 0 0 0 0 0 0 0 0 0 0 0 0 0 0 0 0 0 0]
[1629642496417157526919911662554971603424485862114825792249055033278747719643977068652139050131819314910074135070390842778664813606249696431710387302022693384647099327177738109056890588794112668319049354267965874795991187760045028164108175981591 0 0 0 0 0 0 0 0 0 0 0 0 0 0 0 0 0 0 0 0 0 0 0 0 0 1 0 0 0 0 0 0 0 0 0 0 0 0 0 0 0 0 0 0 0 0 0 0 0 0 0 0 0 0 0 0 0 0 0 0 0 0 0 0 0 0 0 0 0 0 0 0 0 0 0 0 0 0 0 0]
[1928213901772860216907613007070328847533347287064533796328519564078357176630003449139777874102959504580710346446671752264386757734952987234221272867092138144975726226405186541033185075299621706211496550998228414215715475031876588680408624173293 0 0 0 0 0 0 0 0 0 0 0 0 0 0 0 0 0 0 0 0 0 0 0 0 0 0 1 0 0 0 0 0 0 0 0 0 0 0 0 0 0 0 0 0 0 0 0 0 0 0 0 0 0 0 0 0 0 0 0 0 0 0 0 0 0 0 0 0 0 0 0 0 0 0 0 0 0 0 0 0]
[1983489670521653132408276251854341530649184884649949095578380238221200560780505794865639119675611883435032015334020112075338686242445113782273563821425090009303886878588923365481277775505478785563476770265826552341528269910319409356412648574375 0 0 0 0 0 0 0 0 0 0 0 0 0 0 0 0 0 0 0 0 0 0 0 0 0 0 0 1 0 0 0 0 0 0 0 0 0 0 0 0 0 0 0 0 0 0 0 0 0 0 0 0 0 0 0 0 0 0 0 0 0 0 0 0 0 0 0 0 0 0 0 0 0 0 0 0 0 0 0 0]
[2997514170071159800358536201664579219939555335768442385032065049109828397888533185368971090313007442462316974025940466115740452932972875414232628253182533119539746924114282574251980400416051609426408970560982882427298792969731671774580364234903 0 0 0 0 0 0 0 0 0 0 0 0 0 0 0 0 0 0 0 0 0 0 0 0 0 0 0 0 1 0 0 0 0 0 0 0 0 0 0 0 0 0 0 0 0 0 0 0 0 0 0 0 0 0 0 0 0 0 0 0 0 0 0 0 0 0 0 0 0 0 0 0 0 0 0 0 0 0 0 0]
[3591243119278034993386940472504768206591805895770879801969387599014279551375170049962940104999410826429415516666177093118325541153489975814332124248235928317368455535223831580125512350582724349963195971564794454590560826620925790140111559313913 0 0 0 0 0 0 0 0 0 0 0 0 0 0 0 0 0 0 0 0 0 0 0 0 0 0 0 0 0 1 0 0 0 0 0 0 0 0 0 0 0 0 0 0 0 0 0 0 0 0 0 0 0 0 0 0 0 0 0 0 0 0 0 0 0 0 0 0 0 0 0 0 0 0 0 0 0 0 0 0]
[3053889492943278409145255899722526710384198891538716628495092862039201783536416460832402332787263397364695923999905112315998111790654507434268586610186110039064997428938931648698849816814123168031396994364265871878606744131204497746104116219827 0 0 0 0 0 0 0 0 0 0 0 0 0 0 0 0 0 0 0 0 0 0 0 0 0 0 0 0 0 0 1 0 0 0 0 0 0 0 0 0 0 0 0 0 0 0 0 0 0 0 0 0 0 0 0 0 0 0 0 0 0 0 0 0 0 0 0 0 0 0 0 0 0 0 0 0 0 0 0 0]
[1017413564003435203574130319606664360699933260345993104931945238545889342148763996388262977265637249075688267720044965247321728430818426800891181856788413587260425863461298692957398435311913912653254827467876650562903280177204113874298285990436 0 0 0 0 0 0 0 0 0 0 0 0 0 0 0 0 0 0 0 0 0 0 0 0 0 0 0 0 0 0 0 1 0 0 0 0 0 0 0 0 0 0 0 0 0 0 0 0 0 0 0 0 0 0 0 0 0 0 0 0 0 0 0 0 0 0 0 0 0 0 0 0 0 0 0 0 0 0 0 0]
[1504838973162881696747352689696882969649706496257982076999792345310817951038225754114267047406855712803388676110587495104698745453502347553220530295384875139220646096334340131432039714715419769523919713902563172632714873268616204790494139393066 0 0 0 0 0 0 0 0 0 0 0 0 0 0 0 0 0 0 0 0 0 0 0 0 0 0 0 0 0 0 0 0 1 0 0 0 0 0 0 0 0 0 0 0 0 0 0 0 0 0 0 0 0 0 0 0 0 0 0 0 0 0 0 0 0 0 0 0 0 0 0 0 0 0 0 0 0 0 0 0]
[2073711145118636025049998706354851755757773132856452506759315217087548165272324416664080648325992867268465732981961587056042372980643241358907100468636586285837354568704627027476645872591815602045702334813124703804285349758578016203427061831375 0 0 0 0 0 0 0 0 0 0 0 0 0 0 0 0 0 0 0 0 0 0 0 0 0 0 0 0 0 0 0 0 0 1 0 0 0 0 0 0 0 0 0 0 0 0 0 0 0 0 0 0 0 0 0 0 0 0 0 0 0 0 0 0 0 0 0 0 0 0 0 0 0 0 0 0 0 0 0 0]
[816030299173596924210686738084840486439114978000917207356638449919025443340570650170209431037593344137740379186995269906185964670622532574546454290309557792967202586696994994545163424197176423107943888284415908063678883184076456851249703676340 0 0 0 0 0 0 0 0 0 0 0 0 0 0 0 0 0 0 0 0 0 0 0 0 0 0 0 0 0 0 0 0 0 0 1 0 0 0 0 0 0 0 0 0 0 0 0 0 0 0 0 0 0 0 0 0 0 0 0 0 0 0 0 0 0 0 0 0 0 0 0 0 0 0 0 0 0 0 0 0]
[4190452668655475751575727755170396590398633306040753811784969041248283940924383981100417017546392972567854923297581418713093093196426636698317010399124512451974259473982769278972035849366657431534422993152990163653050963299339802164662618283174 0 0 0 0 0 0 0 0 0 0 0 0 0 0 0 0 0 0 0 0 0 0 0 0 0 0 0 0 0 0 0 0 0 0 0 1 0 0 0 0 0 0 0 0 0 0 0 0 0 0 0 0 0 0 0 0 0 0 0 0 0 0 0 0 0 0 0 0 0 0 0 0 0 0 0 0 0 0 0 0]
[2681435647494625589071016882554110201549581909999368125383072283593075851087119773633378424931528945922175385707264482247431251401389602744182838151961386861760088833817651330559375732071592310751986877270362803762624036979236180239495839407311 0 0 0 0 0 0 0 0 0 0 0 0 0 0 0 0 0 0 0 0 0 0 0 0 0 0 0 0 0 0 0 0 0 0 0 0 1 0 0 0 0 0 0 0 0 0 0 0 0 0 0 0 0 0 0 0 0 0 0 0 0 0 0 0 0 0 0 0 0 0 0 0 0 0 0 0 0 0 0 0]
[423761578403404557678443196147823993486633462829069521444504397572236878798664396258959718780147138795135425727110954975435605563079676606125340198946424700394509751607912881728208008594882347531456752074871817463997497525245635033832530584663 0 0 0 0 0 0 0 0 0 0 0 0 0 0 0 0 0 0 0 0 0 0 0 0 0 0 0 0 0 0 0 0 0 0 0 0 0 1 0 0 0 0 0 0 0 0 0 0 0 0 0 0 0 0 0 0 0 0 0 0 0 0 0 0 0 0 0 0 0 0 0 0 0 0 0 0 0 0 0 0]
[3550476196781446952953549457478745358953076153250977682300976973375097904440670058816309624082772586981031994398544842921099419778159313968146110386337347208730464085638012786015303099215124817534349656221108707397553100063844895930969822104443 0 0 0 0 0 0 0 0 0 0 0 0 0 0 0 0 0 0 0 0 0 0 0 0 0 0 0 0 0 0 0 0 0 0 0 0 0 0 1 0 0 0 0 0 0 0 0 0 0 0 0 0 0 0 0 0 0 0 0 0 0 0 0 0 0 0 0 0 0 0 0 0 0 0 0 0 0 0 0 0]
[2357792061426066871480635032428271629059498782791373978393738373442592268440361725163955728985610485666633868378842942113222566934394169525791458080130220366689271522134619023989518022856773370464708634574144961379643874066058770806763712878596 0 0 0 0 0 0 0 0 0 0 0 0 0 0 0 0 0 0 0 0 0 0 0 0 0 0 0 0 0 0 0 0 0 0 0 0 0 0 0 1 0 0 0 0 0 0 0 0 0 0 0 0 0 0 0 0 0 0 0 0 0 0 0 0 0 0 0 0 0 0 0 0 0 0 0 0 0 0 0 0]
[3977756200949816545904329366020006670393874298063440803221932592020279350763534829276595237399343281078562814752137830043479683965937540782821837325646062099113022361192473272439731522799844356844734877523652621561032066234335612500392953146686 0 0 0 0 0 0 0 0 0 0 0 0 0 0 0 0 0 0 0 0 0 0 0 0 0 0 0 0 0 0 0 0 0 0 0 0 0 0 0 0 1 0 0 0 0 0 0 0 0 0 0 0 0 0 0 0 0 0 0 0 0 0 0 0 0 0 0 0 0 0 0 0 0 0 0 0 0 0 0 0]
[785717359171135870930950144299604473610175851682424935221922416660933979800469372938942471104919023467819905738116603994226794102992289999959090992586509384108598266507439314255692020700065892707561933921717182337639749672382366138655974215687 0 0 0 0 0 0 0 0 0 0 0 0 0 0 0 0 0 0 0 0 0 0 0 0 0 0 0 0 0 0 0 0 0 0 0 0 0 0 0 0 0 1 0 0 0 0 0 0 0 0 0 0 0 0 0 0 0 0 0 0 0 0 0 0 0 0 0 0 0 0 0 0 0 0 0 0 0 0 0 0]
[1221748430292505795151122315683103230452544654574495149494385408521890883739287138983849770114644756453262679292561691745652264378039922024827955729208129140855047104842781890500160053125480120261894907173238766809962674390619879037647086899557 0 0 0 0 0 0 0 0 0 0 0 0 0 0 0 0 0 0 0 0 0 0 0 0 0 0 0 0 0 0 0 0 0 0 0 0 0 0 0 0 0 0 1 0 0 0 0 0 0 0 0 0 0 0 0 0 0 0 0 0 0 0 0 0 0 0 0 0 0 0 0 0 0 0 0 0 0 0 0 0]
[654736946508277044010315320223215024270350118573098723097489600110967022840861548064419871516226711069329727926003210576260112435092597463633175818097410378946403844441196646890539055447107423360653009938932544759367232767944519392302818067332 0 0 0 0 0 0 0 0 0 0 0 0 0 0 0 0 0 0 0 0 0 0 0 0 0 0 0 0 0 0 0 0 0 0 0 0 0 0 0 0 0 0 0 1 0 0 0 0 0 0 0 0 0 0 0 0 0 0 0 0 0 0 0 0 0 0 0 0 0 0 0 0 0 0 0 0 0 0 0 0]
[1607083568240929901717405418857809852605500270253572520447554088023087989817077193812318421145682530089885271918103778123377105992799386350459336185346140220690645217026075656392225135655326933569187340592441047718637352196651195628566301013069 0 0 0 0 0 0 0 0 0 0 0 0 0 0 0 0 0 0 0 0 0 0 0 0 0 0 0 0 0 0 0 0 0 0 0 0 0 0 0 0 0 0 0 0 1 0 0 0 0 0 0 0 0 0 0 0 0 0 0 0 0 0 0 0 0 0 0 0 0 0 0 0 0 0 0 0 0 0 0 0]
[920910152825767699627777535953577229679034017921861780282872937455661183871238781447798357496812293959762782911959123517133060051734627452916975058487674831740075138155645258964742883311654850335611004113515410468864753884926466814781634592471 0 0 0 0 0 0 0 0 0 0 0 0 0 0 0 0 0 0 0 0 0 0 0 0 0 0 0 0 0 0 0 0 0 0 0 0 0 0 0 0 0 0 0 0 0 1 0 0 0 0 0 0 0 0 0 0 0 0 0 0 0 0 0 0 0 0 0 0 0 0 0 0 0 0 0 0 0 0 0 0]
[3421682694752068939472726792479200675372646367290774599646389302395283421948865411127589199090712479855684186987522152540385200955809187516280385973510945370216131604299349757254359592641106448930032133917443530201695476714144398486619150466022 0 0 0 0 0 0 0 0 0 0 0 0 0 0 0 0 0 0 0 0 0 0 0 0 0 0 0 0 0 0 0 0 0 0 0 0 0 0 0 0 0 0 0 0 0 0 1 0 0 0 0 0 0 0 0 0 0 0 0 0 0 0 0 0 0 0 0 0 0 0 0 0 0 0 0 0 0 0 0 0]
[3308087864485463907509382797253115848498555442017926773346168456885312338123878704565492797104022322356084435434329866165879291910785599872387399508730574803552548066399721769531807026258190361040578968447981925839085793974136363091657417469747 0 0 0 0 0 0 0 0 0 0 0 0 0 0 0 0 0 0 0 0 0 0 0 0 0 0 0 0 0 0 0 0 0 0 0 0 0 0 0 0 0 0 0 0 0 0 0 1 0 0 0 0 0 0 0 0 0 0 0 0 0 0 0 0 0 0 0 0 0 0 0 0 0 0 0 0 0 0 0 0]
[308000203179906516546137757983718256893581982155589916492799988088137973311813481431055742768156916748088443860891904247757147270978808528357204469281311919351160657983981095004351532746585068604412441571895478734832298358292662661224066433125 0 0 0 0 0 0 0 0 0 0 0 0 0 0 0 0 0 0 0 0 0 0 0 0 0 0 0 0 0 0 0 0 0 0 0 0 0 0 0 0 0 0 0 0 0 0 0 0 1 0 0 0 0 0 0 0 0 0 0 0 0 0 0 0 0 0 0 0 0 0 0 0 0 0 0 0 0 0 0 0]
[1517869680823342766590677470233765154630472758114571143325021642417753081541372272366669856719250340215919345151238896645218961788622719560773513049778949772261087273106331868659754014807070545170423220335828229628936391216046134554732564882430 0 0 0 0 0 0 0 0 0 0 0 0 0 0 0 0 0 0 0 0 0 0 0 0 0 0 0 0 0 0 0 0 0 0 0 0 0 0 0 0 0 0 0 0 0 0 0 0 0 1 0 0 0 0 0 0 0 0 0 0 0 0 0 0 0 0 0 0 0 0 0 0 0 0 0 0 0 0 0 0]
[3461370286223814015896751484620038412081327180783904868755057868034622748732200947490035469712627689655845768596063114974000017483523456829704497603444526504617309433195332312900953295680852663489566935889269555911791006311957728122724862082036 0 0 0 0 0 0 0 0 0 0 0 0 0 0 0 0 0 0 0 0 0 0 0 0 0 0 0 0 0 0 0 0 0 0 0 0 0 0 0 0 0 0 0 0 0 0 0 0 0 0 1 0 0 0 0 0 0 0 0 0 0 0 0 0 0 0 0 0 0 0 0 0 0 0 0 0 0 0 0 0]
[9333101191496746463786052972381992664925151387340218646178576685333084296853337869983535743027315630226129551432163703340018458828098481200198742843847856827728233106462438262407939249595570932000497506585734180037159084159687950355061751653 0 0 0 0 0 0 0 0 0 0 0 0 0 0 0 0 0 0 0 0 0 0 0 0 0 0 0 0 0 0 0 0 0 0 0 0 0 0 0 0 0 0 0 0 0 0 0 0 0 0 0 1 0 0 0 0 0 0 0 0 0 0 0 0 0 0 0 0 0 0 0 0 0 0 0 0 0 0 0 0]
[1362325276938123304132336963960268832121261765870473499491513854077580242264562310899825732616322805368396304994458153187500836375602125627546499029142727913182685204872461491024737195158422091256496338359451665138357877569158732731435595988429 0 0 0 0 0 0 0 0 0 0 0 0 0 0 0 0 0 0 0 0 0 0 0 0 0 0 0 0 0 0 0 0 0 0 0 0 0 0 0 0 0 0 0 0 0 0 0 0 0 0 0 0 1 0 0 0 0 0 0 0 0 0 0 0 0 0 0 0 0 0 0 0 0 0 0 0 0 0 0 0]
[325523440453195715344141868390532026886527084276050773582199127570776995196703038544068448809915219121388693888419211339487760046701983395884882295946105095936291254643876434726699700439411936314288568447752177754290606932757809192735079939213 0 0 0 0 0 0 0 0 0 0 0 0 0 0 0 0 0 0 0 0 0 0 0 0 0 0 0 0 0 0 0 0 0 0 0 0 0 0 0 0 0 0 0 0 0 0 0 0 0 0 0 0 0 1 0 0 0 0 0 0 0 0 0 0 0 0 0 0 0 0 0 0 0 0 0 0 0 0 0 0]
[4088453696563290677266319805316541632936990625420561092601330371678242099830313410600653478502107157997134595255482575637615793840038304611480459910285811491976773631832106473820407813029579195955558404569227138486258220921796356371374832567841 0 0 0 0 0 0 0 0 0 0 0 0 0 0 0 0 0 0 0 0 0 0 0 0 0 0 0 0 0 0 0 0 0 0 0 0 0 0 0 0 0 0 0 0 0 0 0 0 0 0 0 0 0 0 1 0 0 0 0 0 0 0 0 0 0 0 0 0 0 0 0 0 0 0 0 0 0 0 0 0]
[4485995857469680216692427977772108565671319585463541503860069692251868534430078101354278797657467659965431561010101128419772838262496323874668264302384118308389129499449939230522840165832599615053544432930880682386993829139974782209269418441672 0 0 0 0 0 0 0 0 0 0 0 0 0 0 0 0 0 0 0 0 0 0 0 0 0 0 0 0 0 0 0 0 0 0 0 0 0 0 0 0 0 0 0 0 0 0 0 0 0 0 0 0 0 0 0 1 0 0 0 0 0 0 0 0 0 0 0 0 0 0 0 0 0 0 0 0 0 0 0 0]
[1702115492972370805411012553715913394089674047091003167507713797079394246157479640410261770366112658117907547657718971227380280178287934126648816338573833769839142654165151168289969567658385001945214644029899533607034278622266674713056528994966 0 0 0 0 0 0 0 0 0 0 0 0 0 0 0 0 0 0 0 0 0 0 0 0 0 0 0 0 0 0 0 0 0 0 0 0 0 0 0 0 0 0 0 0 0 0 0 0 0 0 0 0 0 0 0 0 1 0 0 0 0 0 0 0 0 0 0 0 0 0 0 0 0 0 0 0 0 0 0 0]
[4515167486426633057919934005006107538012895573048367616514181494997816526934535354734128943498793566699354506606943689843247950267142867762554338473126856405052672804530089983124601014628997351174811914180729071441300846311284701996230305918854 0 0 0 0 0 0 0 0 0 0 0 0 0 0 0 0 0 0 0 0 0 0 0 0 0 0 0 0 0 0 0 0 0 0 0 0 0 0 0 0 0 0 0 0 0 0 0 0 0 0 0 0 0 0 0 0 0 1 0 0 0 0 0 0 0 0 0 0 0 0 0 0 0 0 0 0 0 0 0 0]
[872317429484760256347067652668097842028029244647721893674447125750799799028637615243164761111533696462314053260813042186136980435602143669555841228002421995439607661348355879047042782904131693839369995712444941889255187374240402999937829733368 0 0 0 0 0 0 0 0 0 0 0 0 0 0 0 0 0 0 0 0 0 0 0 0 0 0 0 0 0 0 0 0 0 0 0 0 0 0 0 0 0 0 0 0 0 0 0 0 0 0 0 0 0 0 0 0 0 0 1 0 0 0 0 0 0 0 0 0 0 0 0 0 0 0 0 0 0 0 0 0]
[2676806962706384713379594331770082576524060598463791856890980955530242536819611320739396025117569228495692666724678848828491162755864863630139543211949931960397651249402687605348956352492812394786733529311220535282227980145930546370763468799645 0 0 0 0 0 0 0 0 0 0 0 0 0 0 0 0 0 0 0 0 0 0 0 0 0 0 0 0 0 0 0 0 0 0 0 0 0 0 0 0 0 0 0 0 0 0 0 0 0 0 0 0 0 0 0 0 0 0 0 1 0 0 0 0 0 0 0 0 0 0 0 0 0 0 0 0 0 0 0 0]
[1797980145358452544779245861124788857293314267934366459771446898106049831894186530002730094838699906335565268857855782368699150889568699977953635186275328719611282009300063124877965884656145481048544218677088629276550317133803264874163801513985 0 0 0 0 0 0 0 0 0 0 0 0 0 0 0 0 0 0 0 0 0 0 0 0 0 0 0 0 0 0 0 0 0 0 0 0 0 0 0 0 0 0 0 0 0 0 0 0 0 0 0 0 0 0 0 0 0 0 0 0 1 0 0 0 0 0 0 0 0 0 0 0 0 0 0 0 0 0 0 0]
[4504118682042389475011769214710864981699778232535914839329074598135715002134540008902187622361304311674913077241963347842107983144462256569768338898114205967288538732389147063412893686241266265236645476707064799517328780599911298645760114176736 0 0 0 0 0 0 0 0 0 0 0 0 0 0 0 0 0 0 0 0 0 0 0 0 0 0 0 0 0 0 0 0 0 0 0 0 0 0 0 0 0 0 0 0 0 0 0 0 0 0 0 0 0 0 0 0 0 0 0 0 0 1 0 0 0 0 0 0 0 0 0 0 0 0 0 0 0 0 0 0]
[3714111082198777257781878148336034256432849577409126165024103668499019662569415906846568542083005805322214561908274914267401016336801961066975319366135294033604673241409730088039907790990796579791440753947876761851072707699852772699233608346257 0 0 0 0 0 0 0 0 0 0 0 0 0 0 0 0 0 0 0 0 0 0 0 0 0 0 0 0 0 0 0 0 0 0 0 0 0 0 0 0 0 0 0 0 0 0 0 0 0 0 0 0 0 0 0 0 0 0 0 0 0 0 1 0 0 0 0 0 0 0 0 0 0 0 0 0 0 0 0 0]
[2755844701998025849448901210313275501735968653896737684918903168249489527110983541562210566592077742306828234361665701296898490672909445959152561967368893802255213973978631842218965011542483842438822982396396350110343369233412985924655078705304 0 0 0 0 0 0 0 0 0 0 0 0 0 0 0 0 0 0 0 0 0 0 0 0 0 0 0 0 0 0 0 0 0 0 0 0 0 0 0 0 0 0 0 0 0 0 0 0 0 0 0 0 0 0 0 0 0 0 0 0 0 0 0 1 0 0 0 0 0 0 0 0 0 0 0 0 0 0 0 0]
[1266041736087478441856784488342243307199566222209267182713379302725016423588700013663379399598938752191383881560698239459954166376551997840123295305680752980993019465411772279380431203588714447168947005473055777869597989961991433642312139456286 0 0 0 0 0 0 0 0 0 0 0 0 0 0 0 0 0 0 0 0 0 0 0 0 0 0 0 0 0 0 0 0 0 0 0 0 0 0 0 0 0 0 0 0 0 0 0 0 0 0 0 0 0 0 0 0 0 0 0 0 0 0 0 0 1 0 0 0 0 0 0 0 0 0 0 0 0 0 0 0]
[3911673824748272186499905661149203843990973538081713026439913352062780595495344790494068736658309387109792399267539591440028290855162618444257514326986916552726555380207324951374728900741208893406540264240599103785684702519209660895411528511833 0 0 0 0 0 0 0 0 0 0 0 0 0 0 0 0 0 0 0 0 0 0 0 0 0 0 0 0 0 0 0 0 0 0 0 0 0 0 0 0 0 0 0 0 0 0 0 0 0 0 0 0 0 0 0 0 0 0 0 0 0 0 0 0 0 1 0 0 0 0 0 0 0 0 0 0 0 0 0 0]
[2533076965988875241593577028558736004090399228955697323391269903555334205847302345865712521300045662526665757218843643765345668898149373182417373952138490582270325374636566123231685831363632664129269966170080698261118646682069046276186860822052 0 0 0 0 0 0 0 0 0 0 0 0 0 0 0 0 0 0 0 0 0 0 0 0 0 0 0 0 0 0 0 0 0 0 0 0 0 0 0 0 0 0 0 0 0 0 0 0 0 0 0 0 0 0 0 0 0 0 0 0 0 0 0 0 0 0 1 0 0 0 0 0 0 0 0 0 0 0 0 0]
[4316118759334727179264403494537079402645954934380947548928238186396207637450259888683080513371980508792941897380723929788701609092897663649562969283205066923715159721354794158729124970993018492509125417129633573470898544679617494596488433598963 0 0 0 0 0 0 0 0 0 0 0 0 0 0 0 0 0 0 0 0 0 0 0 0 0 0 0 0 0 0 0 0 0 0 0 0 0 0 0 0 0 0 0 0 0 0 0 0 0 0 0 0 0 0 0 0 0 0 0 0 0 0 0 0 0 0 0 1 0 0 0 0 0 0 0 0 0 0 0 0]
[3514676012879633156216421074292273508736973668198398779245514470691603007309863154642797110208584627281406775294168106648006582572952749632124694260242124159332282325190045673159380825960096863426488031137415892928112593826020118432620491297925 0 0 0 0 0 0 0 0 0 0 0 0 0 0 0 0 0 0 0 0 0 0 0 0 0 0 0 0 0 0 0 0 0 0 0 0 0 0 0 0 0 0 0 0 0 0 0 0 0 0 0 0 0 0 0 0 0 0 0 0 0 0 0 0 0 0 0 0 1 0 0 0 0 0 0 0 0 0 0 0]
[3918100002273925415382843481312935172580014237823739421785536664918754225200800115897894531352534952990661298351307768745942323073722985135161230467832175072095506992805803563768007515204671234671748263419855190744967004616018208363097331786485 0 0 0 0 0 0 0 0 0 0 0 0 0 0 0 0 0 0 0 0 0 0 0 0 0 0 0 0 0 0 0 0 0 0 0 0 0 0 0 0 0 0 0 0 0 0 0 0 0 0 0 0 0 0 0 0 0 0 0 0 0 0 0 0 0 0 0 0 0 1 0 0 0 0 0 0 0 0 0 0]
[3810748798319111156902553060192285894867347926437550160667998918412024466428060578905029409414585381663453897362832593077585641774495251976425214131571427015432834782132697320588074941777787747501650881891893019610869015760739644239079495281540 0 0 0 0 0 0 0 0 0 0 0 0 0 0 0 0 0 0 0 0 0 0 0 0 0 0 0 0 0 0 0 0 0 0 0 0 0 0 0 0 0 0 0 0 0 0 0 0 0 0 0 0 0 0 0 0 0 0 0 0 0 0 0 0 0 0 0 0 0 0 1 0 0 0 0 0 0 0 0 0]
[929198049798334865496810406775191224617818236295957376137450908799721146007984831521955036934161422621962121133016008088422009320881782674440179847860605420090341690754213464725595361503321634566359120155528463032914283296746037859765608858001 0 0 0 0 0 0 0 0 0 0 0 0 0 0 0 0 0 0 0 0 0 0 0 0 0 0 0 0 0 0 0 0 0 0 0 0 0 0 0 0 0 0 0 0 0 0 0 0 0 0 0 0 0 0 0 0 0 0 0 0 0 0 0 0 0 0 0 0 0 0 0 1 0 0 0 0 0 0 0 0]
[256186894327194557022721983032785988621680925026026171111117046136775601276520755761748061085918717248066982968931591863934362033819130727752161176107170243181725382568546383112592650642467957887034985392398448589996237860149091156191928978314 0 0 0 0 0 0 0 0 0 0 0 0 0 0 0 0 0 0 0 0 0 0 0 0 0 0 0 0 0 0 0 0 0 0 0 0 0 0 0 0 0 0 0 0 0 0 0 0 0 0 0 0 0 0 0 0 0 0 0 0 0 0 0 0 0 0 0 0 0 0 0 0 1 0 0 0 0 0 0 0]
[3427152854683282218902629929377861923709355902945339164798257416780480214322769608069879677983507018859555889680531176671619044012059786275952784378981411087890145556164951263102896302965100314296750768064996887750220857528018451768790216396792 0 0 0 0 0 0 0 0 0 0 0 0 0 0 0 0 0 0 0 0 0 0 0 0 0 0 0 0 0 0 0 0 0 0 0 0 0 0 0 0 0 0 0 0 0 0 0 0 0 0 0 0 0 0 0 0 0 0 0 0 0 0 0 0 0 0 0 0 0 0 0 0 0 1 0 0 0 0 0 0]
[1123017797453707689768199771944225913742384643936528356243981617396449322961146340894159818664328742391419805198760811456866884691447913025611687387725599637716329091529669410913543649095086987088501247354979204913780398675760182952218074140455 0 0 0 0 0 0 0 0 0 0 0 0 0 0 0 0 0 0 0 0 0 0 0 0 0 0 0 0 0 0 0 0 0 0 0 0 0 0 0 0 0 0 0 0 0 0 0 0 0 0 0 0 0 0 0 0 0 0 0 0 0 0 0 0 0 0 0 0 0 0 0 0 0 0 1 0 0 0 0 0]
[2724411338012568086788894430971324782181231808613860848853031350699814349765854809472870728277970627095947821874658631664659187092083894357595207116919945839902911623137839375947372283876619015988833997506046405543432449405880356451091671798961 0 0 0 0 0 0 0 0 0 0 0 0 0 0 0 0 0 0 0 0 0 0 0 0 0 0 0 0 0 0 0 0 0 0 0 0 0 0 0 0 0 0 0 0 0 0 0 0 0 0 0 0 0 0 0 0 0 0 0 0 0 0 0 0 0 0 0 0 0 0 0 0 0 0 0 1 0 0 0 0]
[3869613574744262365448386147454369576467439087358996287152733092648885027819798381351276322699418242806324558690043180278380688395233462882575469134311202887321787976558274885277102757200103966608294984802652444459862859031549038784406591756000 0 0 0 0 0 0 0 0 0 0 0 0 0 0 0 0 0 0 0 0 0 0 0 0 0 0 0 0 0 0 0 0 0 0 0 0 0 0 0 0 0 0 0 0 0 0 0 0 0 0 0 0 0 0 0 0 0 0 0 0 0 0 0 0 0 0 0 0 0 0 0 0 0 0 0 0 1 0 0 0]
[276442281907716821350511511568058646732089525332112308170981070486692302486335992920602489298624405453775474394240737176378236591395071598654395316879139363612659435240257378779163182620385153498105967412125204802122732909728092130605562045273 0 0 0 0 0 0 0 0 0 0 0 0 0 0 0 0 0 0 0 0 0 0 0 0 0 0 0 0 0 0 0 0 0 0 0 0 0 0 0 0 0 0 0 0 0 0 0 0 0 0 0 0 0 0 0 0 0 0 0 0 0 0 0 0 0 0 0 0 0 0 0 0 0 0 0 0 0 1 0 0]
[4097058586115947254411817361804081408388411245671817213097809874384756651836268544965793062129489494752488688595146723253877051964113273826607703925617682531555935143209506244101342014915496343564309350172543069899535139818853993067518061437748 0 0 0 0 0 0 0 0 0 0 0 0 0 0 0 0 0 0 0 0 0 0 0 0 0 0 0 0 0 0 0 0 0 0 0 0 0 0 0 0 0 0 0 0 0 0 0 0 0 0 0 0 0 0 0 0 0 0 0 0 0 0 0 0 0 0 0 0 0 0 0 0 0 0 0 0 0 0 1 0]
[1735629162269635491433104007763201317149246781828677625915345870649291996735150853169256193975179585314191077456867327810666972370676497619899338285426017570055484779248483061169266884875158399753921092808794947028832980136514709404489974437003 0 0 0 0 0 0 0 0 0 0 0 0 0 0 0 0 0 0 0 0 0 0 0 0 0 0 0 0 0 0 0 0 0 0 0 0 0 0 0 0 0 0 0 0 0 0 0 0 0 0 0 0 0 0 0 0 0 0 0 0 0 0 0 0 0 0 0 0 0 0 0 0 0 0 0 0 0 0 0 1]
]
