[[4047883352088889996123866680974980222827187757415892784409574955540227693932947232135335904668041157481466137919907813923309301271436313581797024320042403431358270550250027005589263256780295732271891406174220324292240024642077891647189496479963 0 0 0 0 0 0 0 0 0 0 0 0 0 0 0 0 0 0 0 0 0 0 0 0 0 0 0 0 0 0 0 0 0 0 0 0 0 0 0 0 0 0 0 0 0 0 0 0 0 0 0 0 0 0 0 0 0 0 0 0 0 0 0 0 0 0 0 0 0 0 0 0 0 0 0 0 0 0 0 0]
[2309493503840179531899539420281008585662254910623178713296816489748576333442413734229336866077201172778452763010719855602839756429089148563963441112590324637417432596042275859255264052054669369409041115510959042194267837736942483114920935214014 1 0 0 0 0 0 0 0 0 0 0 0 0 0 0 0 0 0 0 0 0 0 0 0 0 0 0 0 0 0 0 0 0 0 0 0 0 0 0 0 0 0 0 0 0 0 0 0 0 0 0 0 0 0 0 0 0 0 0 0 0 0 0 0 0 0 0 0 0 0 0 0 0 0 0 0 0 0 0 0]
[812001135597039242978121198300402534616619872322627851302910528065666241407837342275604141472748848842670118508848787579469606837372740793064306757971748622747995758015709510053236165832503453547276910207892178768390402700769344780168550007549 0 1 0 0 0 0 0 0 0 0 0 0 0 0 0 0 0 0 0 0 0 0 0 0 0 0 0 0 0 0 0 0 0 0 0 0 0 0 0 0 0 0 0 0 0 0 0 0 0 0 0 0 0 0 0 0 0 0 0 0 0 0 0 0 0 0 0 0 0 0 0 0 0 0 0 0 0 0 0 0]
[2390288259678283333337546367631644569746629426724628651523343020237481851986288269096487303139908632609020554234035363237352066524924073814397444569736834224414709760480786488588509710478169411464045341991168061327858052251858659221253601421954 0 0 1 0 0 0 0 0 0 0 0 0 0 0 0 0 0 0 0 0 0 0 0 0 0 0 0 0 0 0 0 0 0 0 0 0 0 0 0 0 0 0 0 0 0 0 0 0 0 0 0 0 0 0 0 0 0 0 0 0 0 0 0 0 0 0 0 0 0 0 0 0 0 0 0 0 0 0 0 0]
[3011887840074066702949005076893767354039059918657312280363780889294471187027555344066521965476196452433355736570436835555614807055055645575517202783399070711603301165845992232148752214404829637679337044465749159032938324023506812525907509802989 0 0 0 1 0 0 0 0 0 0 0 0 0 0 0 0 0 0 0 0 0 0 0 0 0 0 0 0 0 0 0 0 0 0 0 0 0 0 0 0 0 0 0 0 0 0 0 0 0 0 0 0 0 0 0 0 0 0 0 0 0 0 0 0 0 0 0 0 0 0 0 0 0 0 0 0 0 0 0 0]
[2946630527712371504134765586581232639555888153333587998990694795003985275604651505749770729610140983355464729436392190620732906755665065539994128469881612355675668315573659101292854268921734862072520982110883777480226683186247734708659611311019 0 0 0 0 1 0 0 0 0 0 0 0 0 0 0 0 0 0 0 0 0 0 0 0 0 0 0 0 0 0 0 0 0 0 0 0 0 0 0 0 0 0 0 0 0 0 0 0 0 0 0 0 0 0 0 0 0 0 0 0 0 0 0 0 0 0 0 0 0 0 0 0 0 0 0 0 0 0 0 0]
[3313028991728350469409688120178861312808602419572562736002856706764151442769548511574348757309004832240692627908495297085535681599253827553619029588120691737727010629265424455838101927566562356680389574588314902113565216995961992533846174777564 0 0 0 0 0 1 0 0 0 0 0 0 0 0 0 0 0 0 0 0 0 0 0 0 0 0 0 0 0 0 0 0 0 0 0 0 0 0 0 0 0 0 0 0 0 0 0 0 0 0 0 0 0 0 0 0 0 0 0 0 0 0 0 0 0 0 0 0 0 0 0 0 0 0 0 0 0 0 0 0]
[1930281408590250940929926252304815614701879716695364606519351130597062626851350404173760899014927586842522825318446010291587868159416843173779452594220260552315165501284004449041140100860364267422339334191736158725892194226279367328899823797765 0 0 0 0 0 0 1 0 0 0 0 0 0 0 0 0 0 0 0 0 0 0 0 0 0 0 0 0 0 0 0 0 0 0 0 0 0 0 0 0 0 0 0 0 0 0 0 0 0 0 0 0 0 0 0 0 0 0 0 0 0 0 0 0 0 0 0 0 0 0 0 0 0 0 0 0 0 0 0 0]
[2404325148313474410157685629277923263985669923242175172936205518907330611838034978130042255807015089239235440539741978431394087838482775963934535960488628777475806154545064520834805954032316677234560129425790022282402906771572492510251660013876 0 0 0 0 0 0 0 1 0 0 0 0 0 0 0 0 0 0 0 0 0 0 0 0 0 0 0 0 0 0 0 0 0 0 0 0 0 0 0 0 0 0 0 0 0 0 0 0 0 0 0 0 0 0 0 0 0 0 0 0 0 0 0 0 0 0 0 0 0 0 0 0 0 0 0 0 0 0 0 0]
[74498127838843131996670714878513588905959313668209991479970489834599418889428217635137745857977214091579181306907299923771482404887589762268092891259312068845381893933013775988685496009440350723720310473111640257643375692874337357799057639215 0 0 0 0 0 0 0 0 1 0 0 0 0 0 0 0 0 0 0 0 0 0 0 0 0 0 0 0 0 0 0 0 0 0 0 0 0 0 0 0 0 0 0 0 0 0 0 0 0 0 0 0 0 0 0 0 0 0 0 0 0 0 0 0 0 0 0 0 0 0 0 0 0 0 0 0 0 0 0 0]
[760732816672400321698998467893324820391338553608218644140490938782821327364786677079840235460039650996088412665151467787106982800784083800525629097812707321672094178808178073269152264977861905084569655965695350797865916003817987154149380693900 0 0 0 0 0 0 0 0 0 1 0 0 0 0 0 0 0 0 0 0 0 0 0 0 0 0 0 0 0 0 0 0 0 0 0 0 0 0 0 0 0 0 0 0 0 0 0 0 0 0 0 0 0 0 0 0 0 0 0 0 0 0 0 0 0 0 0 0 0 0 0 0 0 0 0 0 0 0 0 0]
[1318067300087667112714459999128263992387151008852554732442486139305383882787146126810812207846527076321822837760938595580741191305656605104670962781267355912268548143076259419909642119653374659488560632349228635339562309571707757795242821749149 0 0 0 0 0 0 0 0 0 0 1 0 0 0 0 0 0 0 0 0 0 0 0 0 0 0 0 0 0 0 0 0 0 0 0 0 0 0 0 0 0 0 0 0 0 0 0 0 0 0 0 0 0 0 0 0 0 0 0 0 0 0 0 0 0 0 0 0 0 0 0 0 0 0 0 0 0 0 0 0]
[3983656483583377493901509404064582454276956129204119637105255782454907552072888029657684719189260051091020529669480089380780883653191672233873710961602776159419454146241664866313731883714992573476739503352890072433290507379151531823942224190722 0 0 0 0 0 0 0 0 0 0 0 1 0 0 0 0 0 0 0 0 0 0 0 0 0 0 0 0 0 0 0 0 0 0 0 0 0 0 0 0 0 0 0 0 0 0 0 0 0 0 0 0 0 0 0 0 0 0 0 0 0 0 0 0 0 0 0 0 0 0 0 0 0 0 0 0 0 0 0 0]
[1369577175804568029269384026434974188743439596795003728083716592573728222787638029568753985301742606841597297005656354725920813738256352011850177103786914854345183956354912206199216666434424977296820316824289888080825605116439992761502581471664 0 0 0 0 0 0 0 0 0 0 0 0 1 0 0 0 0 0 0 0 0 0 0 0 0 0 0 0 0 0 0 0 0 0 0 0 0 0 0 0 0 0 0 0 0 0 0 0 0 0 0 0 0 0 0 0 0 0 0 0 0 0 0 0 0 0 0 0 0 0 0 0 0 0 0 0 0 0 0 0]
[2236524568171293431598237830787311899090878930723067941431643847518737472156382177153269069120102462631591725827650265466450474197363127165422727060852566773490919685528225617226711013850267419161550299653489096013398697265980720125311811748399 0 0 0 0 0 0 0 0 0 0 0 0 0 1 0 0 0 0 0 0 0 0 0 0 0 0 0 0 0 0 0 0 0 0 0 0 0 0 0 0 0 0 0 0 0 0 0 0 0 0 0 0 0 0 0 0 0 0 0 0 0 0 0 0 0 0 0 0 0 0 0 0 0 0 0 0 0 0 0 0]
[1434625122557881904454624721009227637387036489475952796332212543952114267357872349299185142641189878529246196149121515388588959494253679569748322579138517475928015577253443734062446134859310265702565194543978392978330537507386418211192813200820 0 0 0 0 0 0 0 0 0 0 0 0 0 0 1 0 0 0 0 0 0 0 0 0 0 0 0 0 0 0 0 0 0 0 0 0 0 0 0 0 0 0 0 0 0 0 0 0 0 0 0 0 0 0 0 0 0 0 0 0 0 0 0 0 0 0 0 0 0 0 0 0 0 0 0 0 0 0 0 0]
[3618856306415398194921518514310284082021858437179093778650634001096127955490304971814632882686011433849492720764494260183894329327209597653029788343733275098006248013253755709628006345455685496158337834648821942506501568654747370278599768734416 0 0 0 0 0 0 0 0 0 0 0 0 0 0 0 1 0 0 0 0 0 0 0 0 0 0 0 0 0 0 0 0 0 0 0 0 0 0 0 0 0 0 0 0 0 0 0 0 0 0 0 0 0 0 0 0 0 0 0 0 0 0 0 0 0 0 0 0 0 0 0 0 0 0 0 0 0 0 0 0]
[2998330076797111421793315394273075790668926090649848196412964209541891357223817982027538544959036368777838210384030148256931355760858394019413331421723311237674578731462205881746340559773978145956428636710397484281824710352608179155220883955802 0 0 0 0 0 0 0 0 0 0 0 0 0 0 0 0 1 0 0 0 0 0 0 0 0 0 0 0 0 0 0 0 0 0 0 0 0 0 0 0 0 0 0 0 0 0 0 0 0 0 0 0 0 0 0 0 0 0 0 0 0 0 0 0 0 0 0 0 0 0 0 0 0 0 0 0 0 0 0 0]
[1882614204785630014495352475366325550907637376969100493989016623547043676984502694400003092345300734619568438649193895157474096663782946285278101126330916342867554976646434041690235499506662970083647570533346244914614542442018487512581534762413 0 0 0 0 0 0 0 0 0 0 0 0 0 0 0 0 0 1 0 0 0 0 0 0 0 0 0 0 0 0 0 0 0 0 0 0 0 0 0 0 0 0 0 0 0 0 0 0 0 0 0 0 0 0 0 0 0 0 0 0 0 0 0 0 0 0 0 0 0 0 0 0 0 0 0 0 0 0 0 0]
[268130692282679534068044696290526673979547923774745349837752517415215634473865629459811861647735991477807511712391933495561885396903191730697259925522334784050306147410953557755844496927683778358225061142466952075626337993334423157257462153651 0 0 0 0 0 0 0 0 0 0 0 0 0 0 0 0 0 0 1 0 0 0 0 0 0 0 0 0 0 0 0 0 0 0 0 0 0 0 0 0 0 0 0 0 0 0 0 0 0 0 0 0 0 0 0 0 0 0 0 0 0 0 0 0 0 0 0 0 0 0 0 0 0 0 0 0 0 0 0 0]
[2528530106253945759453340372716510184496308731023919940098436199682580318733340633148100763742191167200999197679833164990817183025671069303872577874249579961620579582956055260888616776198222876495977149836714388043578620034938364398618482324175 0 0 0 0 0 0 0 0 0 0 0 0 0 0 0 0 0 0 0 1 0 0 0 0 0 0 0 0 0 0 0 0 0 0 0 0 0 0 0 0 0 0 0 0 0 0 0 0 0 0 0 0 0 0 0 0 0 0 0 0 0 0 0 0 0 0 0 0 0 0 0 0 0 0 0 0 0 0 0 0]
[712951072034215434203038906872930790937843711155585927621496734925537721383631608013381840675484775246854751163704459514269184943925030412230012350697713277467037233196637901208387162896026085312034892113898796491228595118381824079813141417541 0 0 0 0 0 0 0 0 0 0 0 0 0 0 0 0 0 0 0 0 1 0 0 0 0 0 0 0 0 0 0 0 0 0 0 0 0 0 0 0 0 0 0 0 0 0 0 0 0 0 0 0 0 0 0 0 0 0 0 0 0 0 0 0 0 0 0 0 0 0 0 0 0 0 0 0 0 0 0 0]
[1628603561294117159927832989939556913244483577872134079148616075576163652977840737037032830281237895686335237413882344417391487197618083355171742059579452326978574730383284382158879707281098007799011651480373445429967507867622477861006960660497 0 0 0 0 0 0 0 0 0 0 0 0 0 0 0 0 0 0 0 0 0 1 0 0 0 0 0 0 0 0 0 0 0 0 0 0 0 0 0 0 0 0 0 0 0 0 0 0 0 0 0 0 0 0 0 0 0 0 0 0 0 0 0 0 0 0 0 0 0 0 0 0 0 0 0 0 0 0 0 0]
[3240988572219791149770873500069966078859768093356143222657151145767400964945337188454530597053065261983939552291129387842240847716627346891028069658894199755795235420989003340048838899511756210806922438980130210558026088970237100152596508636741 0 0 0 0 0 0 0 0 0 0 0 0 0 0 0 0 0 0 0 0 0 0 1 0 0 0 0 0 0 0 0 0 0 0 0 0 0 0 0 0 0 0 0 0 0 0 0 0 0 0 0 0 0 0 0 0 0 0 0 0 0 0 0 0 0 0 0 0 0 0 0 0 0 0 0 0 0 0 0 0]
[4029915304402655497354255740346262221139624690744315613676135687452439765370704283956259747824547141868416670631928677549256875989125153198980016984203553995748766630492872783269917033920949640976595206600748757087788214675180915632454984800547 0 0 0 0 0 0 0 0 0 0 0 0 0 0 0 0 0 0 0 0 0 0 0 1 0 0 0 0 0 0 0 0 0 0 0 0 0 0 0 0 0 0 0 0 0 0 0 0 0 0 0 0 0 0 0 0 0 0 0 0 0 0 0 0 0 0 0 0 0 0 0 0 0 0 0 0 0 0 0 0]
[2235386105484490602809841260338003852157891918937455843128886733955168262166505271978988982081847292001475052237542823416991076561390223362772589190077309743887381141183980251197989232216310141323221234311209206528501870574152267087807935249174 0 0 0 0 0 0 0 0 0 0 0 0 0 0 0 0 0 0 0 0 0 0 0 0 1 0 0 0 0 0 0 0 0 0 0 0 0 0 0 0 0 0 0 0 0 0 0 0 0 0 0 0 0 0 0 0 0 0 0 0 0 0 0 0 0 0 0 0 0 0 0 0 0 0 0 0 0 0 0 0]
[983394539025892922090999980499540267310588644469101876398590802956839672903779449715085425073251130407691684432242026665450907527976501776653672560071722901962214909096762456013591244037721489811290963584776556283489322749074886015707016619526 0 0 0 0 0 0 0 0 0 0 0 0 0 0 0 0 0 0 0 0 0 0 0 0 0 1 0 0 0 0 0 0 0 0 0 0 0 0 0 0 0 0 0 0 0 0 0 0 0 0 0 0 0 0 0 0 0 0 0 0 0 0 0 0 0 0 0 0 0 0 0 0 0 0 0 0 0 0 0 0]
[1725790033674540904362090424626413675890716930885812277436010698576945832184629565975106094628559534051362779417661868304302218533990800538367430876337998870139198490608303183949295301643010717702026337475949994772758015499524018410502599604147 0 0 0 0 0 0 0 0 0 0 0 0 0 0 0 0 0 0 0 0 0 0 0 0 0 0 1 0 0 0 0 0 0 0 0 0 0 0 0 0 0 0 0 0 0 0 0 0 0 0 0 0 0 0 0 0 0 0 0 0 0 0 0 0 0 0 0 0 0 0 0 0 0 0 0 0 0 0 0 0]
[3385761545981534664758756057737577528412236579653975244768304123309514053982746964681669064426562581358490083153158237262685170943964716445129257914495607750545071557695393445784304112610352712650233283366280074893770363891917231828621403792491 0 0 0 0 0 0 0 0 0 0 0 0 0 0 0 0 0 0 0 0 0 0 0 0 0 0 0 1 0 0 0 0 0 0 0 0 0 0 0 0 0 0 0 0 0 0 0 0 0 0 0 0 0 0 0 0 0 0 0 0 0 0 0 0 0 0 0 0 0 0 0 0 0 0 0 0 0 0 0 0]
[504177431937812702438709924553566327741239966684495961920615038189541261776009156187374354883334827252495647012535800882425822541723497595199195585697004640008298750235611035267876606539094664746606023960548386249587590234611065813089305640872 0 0 0 0 0 0 0 0 0 0 0 0 0 0 0 0 0 0 0 0 0 0 0 0 0 0 0 0 1 0 0 0 0 0 0 0 0 0 0 0 0 0 0 0 0 0 0 0 0 0 0 0 0 0 0 0 0 0 0 0 0 0 0 0 0 0 0 0 0 0 0 0 0 0 0 0 0 0 0 0]
[2858178274237557097485959993292403796440237406458142818096291703321394484321210532815425591213101964966762544636044234198083000720066466615414822770715315211638207200968239983842362824349050833448379672788578380487758536004189284973459358460431 0 0 0 0 0 0 0 0 0 0 0 0 0 0 0 0 0 0 0 0 0 0 0 0 0 0 0 0 0 1 0 0 0 0 0 0 0 0 0 0 0 0 0 0 0 0 0 0 0 0 0 0 0 0 0 0 0 0 0 0 0 0 0 0 0 0 0 0 0 0 0 0 0 0 0 0 0 0 0 0]
[1835254645659170167169551152697389844949351215614257639437442940729690856263829846625381180837343436954739584804414766497306025184907462227223237166009676438641398312590313593172191948643182211898543680085211266543200049123575880599921269270618 0 0 0 0 0 0 0 0 0 0 0 0 0 0 0 0 0 0 0 0 0 0 0 0 0 0 0 0 0 0 1 0 0 0 0 0 0 0 0 0 0 0 0 0 0 0 0 0 0 0 0 0 0 0 0 0 0 0 0 0 0 0 0 0 0 0 0 0 0 0 0 0 0 0 0 0 0 0 0 0]
[3492559106594803527300144390400030119942042449611159436941923455633606664985321907378621362481002497148554125011880510161954263721011215836588221007962182686292499849791227923064215555053680928017795537817018220480551977253349042617109547614462 0 0 0 0 0 0 0 0 0 0 0 0 0 0 0 0 0 0 0 0 0 0 0 0 0 0 0 0 0 0 0 1 0 0 0 0 0 0 0 0 0 0 0 0 0 0 0 0 0 0 0 0 0 0 0 0 0 0 0 0 0 0 0 0 0 0 0 0 0 0 0 0 0 0 0 0 0 0 0 0]
[2723304989469044336684460683789321052252938473229580961996789376902061510008807065820227101152297553297678180764698055192904046637136079669943097870046662254899761916729684979398157085298307528466909862750822353502955079993766602060779052239712 0 0 0 0 0 0 0 0 0 0 0 0 0 0 0 0 0 0 0 0 0 0 0 0 0 0 0 0 0 0 0 0 1 0 0 0 0 0 0 0 0 0 0 0 0 0 0 0 0 0 0 0 0 0 0 0 0 0 0 0 0 0 0 0 0 0 0 0 0 0 0 0 0 0 0 0 0 0 0 0]
[1523774502305242449053030457504404074286114831743805246991301149878453668698427314033956382580182314372543269623521190623750701231829645127070109832451664718546317980864082282567604126295652574286909035246981292875642429859876296788163598242409 0 0 0 0 0 0 0 0 0 0 0 0 0 0 0 0 0 0 0 0 0 0 0 0 0 0 0 0 0 0 0 0 0 1 0 0 0 0 0 0 0 0 0 0 0 0 0 0 0 0 0 0 0 0 0 0 0 0 0 0 0 0 0 0 0 0 0 0 0 0 0 0 0 0 0 0 0 0 0 0]
[2437390865652114698127018893550093551688284851562886667382998909460760735342437621858644738206047033977896998193612682645961279100210205910755910448076487473209148078957117933681272765838927042122108422951218395862087371561598353878239928103559 0 0 0 0 0 0 0 0 0 0 0 0 0 0 0 0 0 0 0 0 0 0 0 0 0 0 0 0 0 0 0 0 0 0 1 0 0 0 0 0 0 0 0 0 0 0 0 0 0 0 0 0 0 0 0 0 0 0 0 0 0 0 0 0 0 0 0 0 0 0 0 0 0 0 0 0 0 0 0 0]
[1247561799276854163615535965616083744408709014048030490642138894631937707270776142336359033561265384131663722211588908811792918884515968888080762462616635308906211997587887173089189669374384452363565962529066496400596530181390969079001214413272 0 0 0 0 0 0 0 0 0 0 0 0 0 0 0 0 0 0 0 0 0 0 0 0 0 0 0 0 0 0 0 0 0 0 0 1 0 0 0 0 0 0 0 0 0 0 0 0 0 0 0 0 0 0 0 0 0 0 0 0 0 0 0 0 0 0 0 0 0 0 0 0 0 0 0 0 0 0 0 0]
[2392182982996218670219761887329989989066035509370305099671287302211024957122387549196839873952619549240326568023863674542314168124301032434165161908698725186188780251500888665109351071617071889683533903036789334055171901528428054234155700755813 0 0 0 0 0 0 0 0 0 0 0 0 0 0 0 0 0 0 0 0 0 0 0 0 0 0 0 0 0 0 0 0 0 0 0 0 1 0 0 0 0 0 0 0 0 0 0 0 0 0 0 0 0 0 0 0 0 0 0 0 0 0 0 0 0 0 0 0 0 0 0 0 0 0 0 0 0 0 0 0]
[123923639970288296881445009421152032234597584785670163713423480827164856533601618310980521632163065172691319132015446881077205045311004164900234916450297232941860190709639327936127146811572146312243080484672218112286915222079087776201591777471 0 0 0 0 0 0 0 0 0 0 0 0 0 0 0 0 0 0 0 0 0 0 0 0 0 0 0 0 0 0 0 0 0 0 0 0 0 1 0 0 0 0 0 0 0 0 0 0 0 0 0 0 0 0 0 0 0 0 0 0 0 0 0 0 0 0 0 0 0 0 0 0 0 0 0 0 0 0 0 0]
[1214669598391773433111537534220269775732770962777494658271330567523027558787008231633644213557651003380191470047802928267190320164888820200947673390276722368793988313799737196583927632833578625061744451524811291270276259264293075165460240622977 0 0 0 0 0 0 0 0 0 0 0 0 0 0 0 0 0 0 0 0 0 0 0 0 0 0 0 0 0 0 0 0 0 0 0 0 0 0 1 0 0 0 0 0 0 0 0 0 0 0 0 0 0 0 0 0 0 0 0 0 0 0 0 0 0 0 0 0 0 0 0 0 0 0 0 0 0 0 0 0]
[945604764764017115463051355738922552167729179932401095743012735219738171528484226006240409422037790624193093947653938957577941998331975918353121764403767483184875203010725328130835496777142585907515552199842180588799268482555051045611580729951 0 0 0 0 0 0 0 0 0 0 0 0 0 0 0 0 0 0 0 0 0 0 0 0 0 0 0 0 0 0 0 0 0 0 0 0 0 0 0 1 0 0 0 0 0 0 0 0 0 0 0 0 0 0 0 0 0 0 0 0 0 0 0 0 0 0 0 0 0 0 0 0 0 0 0 0 0 0 0 0]
[1279876386847663332268979503645595975869092447973156136872525776423398961420656517683720369723295475744248785623000251368078298814195962613915240063607502330633741215152694894516444113572921652970678667316370360805096449559681345256319622048704 0 0 0 0 0 0 0 0 0 0 0 0 0 0 0 0 0 0 0 0 0 0 0 0 0 0 0 0 0 0 0 0 0 0 0 0 0 0 0 0 1 0 0 0 0 0 0 0 0 0 0 0 0 0 0 0 0 0 0 0 0 0 0 0 0 0 0 0 0 0 0 0 0 0 0 0 0 0 0 0]
[1281828854559648200212319564346669230488263175313690863068760653566096234407215283228368686087350732308425279376930135034170758862725626390360726810773770056408873347119598156913149026818306675596483447103526300802953883923511923149136062884894 0 0 0 0 0 0 0 0 0 0 0 0 0 0 0 0 0 0 0 0 0 0 0 0 0 0 0 0 0 0 0 0 0 0 0 0 0 0 0 0 0 1 0 0 0 0 0 0 0 0 0 0 0 0 0 0 0 0 0 0 0 0 0 0 0 0 0 0 0 0 0 0 0 0 0 0 0 0 0 0]
[646540011957179116779954410939295813913793119408744482943337349743565639966071668256883476395877759173408856073008193254929854883438169099686906428396334486436828813757491704125960917928432915845855311864057211485068839292008403616816005087089 0 0 0 0 0 0 0 0 0 0 0 0 0 0 0 0 0 0 0 0 0 0 0 0 0 0 0 0 0 0 0 0 0 0 0 0 0 0 0 0 0 0 1 0 0 0 0 0 0 0 0 0 0 0 0 0 0 0 0 0 0 0 0 0 0 0 0 0 0 0 0 0 0 0 0 0 0 0 0 0]
[2544063949663503721099783480546735941704458553832229068357543960965428796779741992031397616960871236816546314198615791177825834116412678341130137876159433100702865189121326255484332619551336293408900009421534140734116120496772069673279953145815 0 0 0 0 0 0 0 0 0 0 0 0 0 0 0 0 0 0 0 0 0 0 0 0 0 0 0 0 0 0 0 0 0 0 0 0 0 0 0 0 0 0 0 1 0 0 0 0 0 0 0 0 0 0 0 0 0 0 0 0 0 0 0 0 0 0 0 0 0 0 0 0 0 0 0 0 0 0 0 0]
[3273686218913574241492407409574677526472106610352408372729421048061964179774843658073830072457026469121813453019828986913057166761828119503682364197381184406788866409205485238699257738246304654648280158000080767120853551808176485359942680095516 0 0 0 0 0 0 0 0 0 0 0 0 0 0 0 0 0 0 0 0 0 0 0 0 0 0 0 0 0 0 0 0 0 0 0 0 0 0 0 0 0 0 0 0 1 0 0 0 0 0 0 0 0 0 0 0 0 0 0 0 0 0 0 0 0 0 0 0 0 0 0 0 0 0 0 0 0 0 0 0]
[387873081118596152047948841223443728731251643139972318366143823241599860156804938361236984499547056774932874726207740192703278075163540329875796322726513420587478126715889063521715571209129618190949992304131711297383948983224384747962021615561 0 0 0 0 0 0 0 0 0 0 0 0 0 0 0 0 0 0 0 0 0 0 0 0 0 0 0 0 0 0 0 0 0 0 0 0 0 0 0 0 0 0 0 0 0 1 0 0 0 0 0 0 0 0 0 0 0 0 0 0 0 0 0 0 0 0 0 0 0 0 0 0 0 0 0 0 0 0 0 0]
[3876779875490801827616916305358713526183725171458006857053395504355864757702307674005545587518837467171042304998494684230317097860558380875139337551806028744404734584975564951740096609356719913148341242621954798785573434626710195012819294972408 0 0 0 0 0 0 0 0 0 0 0 0 0 0 0 0 0 0 0 0 0 0 0 0 0 0 0 0 0 0 0 0 0 0 0 0 0 0 0 0 0 0 0 0 0 0 1 0 0 0 0 0 0 0 0 0 0 0 0 0 0 0 0 0 0 0 0 0 0 0 0 0 0 0 0 0 0 0 0 0]
[2567808947793443417454505510172032848171477278587294865809094231459593355390314882222446996276503730647420586642850532624696305886109398603806052977122075962971222132327697588355159525016716130153402692773508682045552653761984191475020376819119 0 0 0 0 0 0 0 0 0 0 0 0 0 0 0 0 0 0 0 0 0 0 0 0 0 0 0 0 0 0 0 0 0 0 0 0 0 0 0 0 0 0 0 0 0 0 0 1 0 0 0 0 0 0 0 0 0 0 0 0 0 0 0 0 0 0 0 0 0 0 0 0 0 0 0 0 0 0 0 0]
[3098133635471451048335084630425444442233047342418834866942198213485875748537323139507637756335823173537911718001736147703082687623139091771258520413291953670188714400184348993505439319902944007091785732519958961821161260592866148279952497444603 0 0 0 0 0 0 0 0 0 0 0 0 0 0 0 0 0 0 0 0 0 0 0 0 0 0 0 0 0 0 0 0 0 0 0 0 0 0 0 0 0 0 0 0 0 0 0 0 1 0 0 0 0 0 0 0 0 0 0 0 0 0 0 0 0 0 0 0 0 0 0 0 0 0 0 0 0 0 0 0]
[78606744332798717157915453147884696567965062477521391886689510226995559359083202330336052608643177488787893525335236892157576070394404339563501683722841860552070086011919187072948898602117834508075606324942466501399563126723089930873133663324 0 0 0 0 0 0 0 0 0 0 0 0 0 0 0 0 0 0 0 0 0 0 0 0 0 0 0 0 0 0 0 0 0 0 0 0 0 0 0 0 0 0 0 0 0 0 0 0 0 1 0 0 0 0 0 0 0 0 0 0 0 0 0 0 0 0 0 0 0 0 0 0 0 0 0 0 0 0 0 0]
[855383914008113617946647272367526193760595606467241885799347355012051519976776152121396045414400724056828620993052950013872085619645970388199991714092118213317687886673767107931035318421179536656615233756605084808613850352102720088642757638926 0 0 0 0 0 0 0 0 0 0 0 0 0 0 0 0 0 0 0 0 0 0 0 0 0 0 0 0 0 0 0 0 0 0 0 0 0 0 0 0 0 0 0 0 0 0 0 0 0 0 1 0 0 0 0 0 0 0 0 0 0 0 0 0 0 0 0 0 0 0 0 0 0 0 0 0 0 0 0 0]
[2270148359968837837728684625700191836375456286264060237584465638712549096922184220738208678398401243950010328081756861526217013629117345388819847443609015668441385480951688011273957333047645505739794807281676069930027685588943165044567211539402 0 0 0 0 0 0 0 0 0 0 0 0 0 0 0 0 0 0 0 0 0 0 0 0 0 0 0 0 0 0 0 0 0 0 0 0 0 0 0 0 0 0 0 0 0 0 0 0 0 0 0 1 0 0 0 0 0 0 0 0 0 0 0 0 0 0 0 0 0 0 0 0 0 0 0 0 0 0 0 0]
[3630027865996701344293728639295911859514898007939911698154543529059397248371608507340959013149374045704493126092304546911796547640696165732748944168349086687752395666091767994517272821162338712814009841448701981708741513741496776357163126908715 0 0 0 0 0 0 0 0 0 0 0 0 0 0 0 0 0 0 0 0 0 0 0 0 0 0 0 0 0 0 0 0 0 0 0 0 0 0 0 0 0 0 0 0 0 0 0 0 0 0 0 0 1 0 0 0 0 0 0 0 0 0 0 0 0 0 0 0 0 0 0 0 0 0 0 0 0 0 0 0]
[2495749598827163191791997861488369840490810612394614225228656694157524404819054882464139417714263229209446598218359416540291547648615073592792351107404486770376363150905447776277630899221533161079221500332205197246431372172791129485413352202459 0 0 0 0 0 0 0 0 0 0 0 0 0 0 0 0 0 0 0 0 0 0 0 0 0 0 0 0 0 0 0 0 0 0 0 0 0 0 0 0 0 0 0 0 0 0 0 0 0 0 0 0 0 1 0 0 0 0 0 0 0 0 0 0 0 0 0 0 0 0 0 0 0 0 0 0 0 0 0 0]
[145965358145710828322991167997829067757791140744181405223635709432943849896875086847387710494848567882497583438366628729130460197794432209154956535624870860078193555836281284524078286860403617898865221872941849648855869565458517958496246342585 0 0 0 0 0 0 0 0 0 0 0 0 0 0 0 0 0 0 0 0 0 0 0 0 0 0 0 0 0 0 0 0 0 0 0 0 0 0 0 0 0 0 0 0 0 0 0 0 0 0 0 0 0 0 1 0 0 0 0 0 0 0 0 0 0 0 0 0 0 0 0 0 0 0 0 0 0 0 0 0]
[2726996950579296575599698578610890765540354374179348645053850884370963979153812210513064281678945639995330015368816089261167718634262517416857025172652144196489948289722489047564672172954484879724254404640485754222937264093742530069990104552603 0 0 0 0 0 0 0 0 0 0 0 0 0 0 0 0 0 0 0 0 0 0 0 0 0 0 0 0 0 0 0 0 0 0 0 0 0 0 0 0 0 0 0 0 0 0 0 0 0 0 0 0 0 0 0 1 0 0 0 0 0 0 0 0 0 0 0 0 0 0 0 0 0 0 0 0 0 0 0 0]
[2793573838000689575373105423746392108118050064911967543114105986582056995384199364548953005518219819376627987664464018611313783665762810930828866151855864005099100423580260352402535540239718886564804777826907743183596430407205758682729701458008 0 0 0 0 0 0 0 0 0 0 0 0 0 0 0 0 0 0 0 0 0 0 0 0 0 0 0 0 0 0 0 0 0 0 0 0 0 0 0 0 0 0 0 0 0 0 0 0 0 0 0 0 0 0 0 0 1 0 0 0 0 0 0 0 0 0 0 0 0 0 0 0 0 0 0 0 0 0 0 0]
[3848408012696347976072100229602475332743711982010937962948111410761247398273309984934829002645483246943319782091162267385443271034895205818475688740672358934692600826673382617261156346735947685863514789555519331306195168950746191725239807067484 0 0 0 0 0 0 0 0 0 0 0 0 0 0 0 0 0 0 0 0 0 0 0 0 0 0 0 0 0 0 0 0 0 0 0 0 0 0 0 0 0 0 0 0 0 0 0 0 0 0 0 0 0 0 0 0 0 1 0 0 0 0 0 0 0 0 0 0 0 0 0 0 0 0 0 0 0 0 0 0]
[3574540816471013457136256693187055413783035166730715181249058253238080912648815666324286147498216541108247119410374832587806619255284239171600143554245525513411957635680002548868489103029317462331936609129469661026469364837989617725564508460674 0 0 0 0 0 0 0 0 0 0 0 0 0 0 0 0 0 0 0 0 0 0 0 0 0 0 0 0 0 0 0 0 0 0 0 0 0 0 0 0 0 0 0 0 0 0 0 0 0 0 0 0 0 0 0 0 0 0 1 0 0 0 0 0 0 0 0 0 0 0 0 0 0 0 0 0 0 0 0 0]
[1123273101083526778436565295994640633313565790098791605515830519578099337505835986251778916307360326293264505784183588013123668534999541388896627962427040091002318811198366669688284026782655417555267782719467655675697772900410483354842132413061 0 0 0 0 0 0 0 0 0 0 0 0 0 0 0 0 0 0 0 0 0 0 0 0 0 0 0 0 0 0 0 0 0 0 0 0 0 0 0 0 0 0 0 0 0 0 0 0 0 0 0 0 0 0 0 0 0 0 0 1 0 0 0 0 0 0 0 0 0 0 0 0 0 0 0 0 0 0 0 0]
[3593169378478702875912230294581383000344471154879859326742176854356587454659966687098680469626128488734816785977656672344562154055235408876908540461268605319611687688756938082581720368562063215184844251189905982453706299712071808004376323430050 0 0 0 0 0 0 0 0 0 0 0 0 0 0 0 0 0 0 0 0 0 0 0 0 0 0 0 0 0 0 0 0 0 0 0 0 0 0 0 0 0 0 0 0 0 0 0 0 0 0 0 0 0 0 0 0 0 0 0 0 1 0 0 0 0 0 0 0 0 0 0 0 0 0 0 0 0 0 0 0]
[3023122596829326864718605133741310648664531515901701773167600961884270677008309565101129664237544489555996919598629721292192565972863236544104489146232891194261366796578514455641888354076248557203793706470499666181255067445225743812812876151738 0 0 0 0 0 0 0 0 0 0 0 0 0 0 0 0 0 0 0 0 0 0 0 0 0 0 0 0 0 0 0 0 0 0 0 0 0 0 0 0 0 0 0 0 0 0 0 0 0 0 0 0 0 0 0 0 0 0 0 0 0 1 0 0 0 0 0 0 0 0 0 0 0 0 0 0 0 0 0 0]
[165735648818286080822199247407008916478827621437784500546040973614197355448353004292733941259594474036191305838673582418474448219350361106480733210578407230590861683343492732999356016710784932293134579594783941116818151932476581393401214529808 0 0 0 0 0 0 0 0 0 0 0 0 0 0 0 0 0 0 0 0 0 0 0 0 0 0 0 0 0 0 0 0 0 0 0 0 0 0 0 0 0 0 0 0 0 0 0 0 0 0 0 0 0 0 0 0 0 0 0 0 0 0 1 0 0 0 0 0 0 0 0 0 0 0 0 0 0 0 0 0]
[65722417431293663517031223119296077915698773350696076396749116837411654330925575818052181429121114478340518518168471740228443453718964809986977132602285167282555265101394664844979067951276246436990379931748610511421729777192117021534097577062 0 0 0 0 0 0 0 0 0 0 0 0 0 0 0 0 0 0 0 0 0 0 0 0 0 0 0 0 0 0 0 0 0 0 0 0 0 0 0 0 0 0 0 0 0 0 0 0 0 0 0 0 0 0 0 0 0 0 0 0 0 0 0 1 0 0 0 0 0 0 0 0 0 0 0 0 0 0 0 0]
[3733102631741699383710324185092848993110110668597186676722197732005862150876937279237522750062548628700369896506395182526150161670917285967460947578672067036696661297295356184418218045049099697366655078059974349617882159801219634322579654061310 0 0 0 0 0 0 0 0 0 0 0 0 0 0 0 0 0 0 0 0 0 0 0 0 0 0 0 0 0 0 0 0 0 0 0 0 0 0 0 0 0 0 0 0 0 0 0 0 0 0 0 0 0 0 0 0 0 0 0 0 0 0 0 0 1 0 0 0 0 0 0 0 0 0 0 0 0 0 0 0]
[3269702992863501113258145932237970090613873109666768357880676233771311616408881508686266533889570680669572377182733649804670347380966421657811100818489177885511994809017423145279999884429533488339315089485544718316952693536736812488588574229583 0 0 0 0 0 0 0 0 0 0 0 0 0 0 0 0 0 0 0 0 0 0 0 0 0 0 0 0 0 0 0 0 0 0 0 0 0 0 0 0 0 0 0 0 0 0 0 0 0 0 0 0 0 0 0 0 0 0 0 0 0 0 0 0 0 1 0 0 0 0 0 0 0 0 0 0 0 0 0 0]
[2827487784601916882912503390383665398813372456161049749610919600743624626690149825749982299722208012898638504531072166246359045259291028831064680117644689258447057239868702830307362885978293683758105007456041457011633165397058520835206744393689 0 0 0 0 0 0 0 0 0 0 0 0 0 0 0 0 0 0 0 0 0 0 0 0 0 0 0 0 0 0 0 0 0 0 0 0 0 0 0 0 0 0 0 0 0 0 0 0 0 0 0 0 0 0 0 0 0 0 0 0 0 0 0 0 0 0 1 0 0 0 0 0 0 0 0 0 0 0 0 0]
[2217712614048530133160958538644037467411228389758284346586246868595596695367421686934612447264411885428504069418146440281060352951643525439300370625670862488009494761439989794857658062699301367906431220628972536610649355445182454945512343834259 0 0 0 0 0 0 0 0 0 0 0 0 0 0 0 0 0 0 0 0 0 0 0 0 0 0 0 0 0 0 0 0 0 0 0 0 0 0 0 0 0 0 0 0 0 0 0 0 0 0 0 0 0 0 0 0 0 0 0 0 0 0 0 0 0 0 0 1 0 0 0 0 0 0 0 0 0 0 0 0]
[3436713143223950534042672885566960188538369948236880141399759916316601776712344484736533345474489036165697546391850538479769188375040466426655664996000855014089926304576378516832007009292442426343926072240817261133299462339581843633962741844340 0 0 0 0 0 0 0 0 0 0 0 0 0 0 0 0 0 0 0 0 0 0 0 0 0 0 0 0 0 0 0 0 0 0 0 0 0 0 0 0 0 0 0 0 0 0 0 0 0 0 0 0 0 0 0 0 0 0 0 0 0 0 0 0 0 0 0 0 1 0 0 0 0 0 0 0 0 0 0 0]
[548753397751122264145776986286902533761359234809356801227678548987140211990585937071885811695279458636431208039508025529251273792575254733815220024926820781392076491796625086270522477086900117584811396855631576563636990229402637634286791925726 0 0 0 0 0 0 0 0 0 0 0 0 0 0 0 0 0 0 0 0 0 0 0 0 0 0 0 0 0 0 0 0 0 0 0 0 0 0 0 0 0 0 0 0 0 0 0 0 0 0 0 0 0 0 0 0 0 0 0 0 0 0 0 0 0 0 0 0 0 1 0 0 0 0 0 0 0 0 0 0]
[932882482674605905129176296267973629162195392107824655774283259177664233279898757687746092528248006462913570457696365487673025156959912635873921616445522345998661198107747779754662662240966201706344484908345876708236424330199245320400764560414 0 0 0 0 0 0 0 0 0 0 0 0 0 0 0 0 0 0 0 0 0 0 0 0 0 0 0 0 0 0 0 0 0 0 0 0 0 0 0 0 0 0 0 0 0 0 0 0 0 0 0 0 0 0 0 0 0 0 0 0 0 0 0 0 0 0 0 0 0 0 1 0 0 0 0 0 0 0 0 0]
[2007899991256448289857886633654447563527490112872556731902985306098409231012625428175796985727220720554592208204756607722664392802512135153367603780549175921831017572254220738719195678756555868581615853242560221781366479901733261846662340044117 0 0 0 0 0 0 0 0 0 0 0 0 0 0 0 0 0 0 0 0 0 0 0 0 0 0 0 0 0 0 0 0 0 0 0 0 0 0 0 0 0 0 0 0 0 0 0 0 0 0 0 0 0 0 0 0 0 0 0 0 0 0 0 0 0 0 0 0 0 0 0 1 0 0 0 0 0 0 0 0]
[2236530020558472823884219571346373700917967491738091807996929720233197397777063125709402427040967045957065382881369579727995377861436347744744369497989865275463617443610892980619316899389522938845235141904941076960116310413482276162874025558686 0 0 0 0 0 0 0 0 0 0 0 0 0 0 0 0 0 0 0 0 0 0 0 0 0 0 0 0 0 0 0 0 0 0 0 0 0 0 0 0 0 0 0 0 0 0 0 0 0 0 0 0 0 0 0 0 0 0 0 0 0 0 0 0 0 0 0 0 0 0 0 0 1 0 0 0 0 0 0 0]
[1823406754741635182746194399378005787204764089875902903440016609047148207450719573147504619798242513063993973570102298810479206503790553271774818663340065690198058786619479438169530829002278505526292703883095699507891851680965908758649226296749 0 0 0 0 0 0 0 0 0 0 0 0 0 0 0 0 0 0 0 0 0 0 0 0 0 0 0 0 0 0 0 0 0 0 0 0 0 0 0 0 0 0 0 0 0 0 0 0 0 0 0 0 0 0 0 0 0 0 0 0 0 0 0 0 0 0 0 0 0 0 0 0 0 1 0 0 0 0 0 0]
[309545585069922691467866049045431408761547458214661815570722444505951084350817543945420613064688691949452729769638542154771000142692652152916077899561679515158889450547750861394448361932460122100713035550976862349521710189212228893013498120854 0 0 0 0 0 0 0 0 0 0 0 0 0 0 0 0 0 0 0 0 0 0 0 0 0 0 0 0 0 0 0 0 0 0 0 0 0 0 0 0 0 0 0 0 0 0 0 0 0 0 0 0 0 0 0 0 0 0 0 0 0 0 0 0 0 0 0 0 0 0 0 0 0 0 1 0 0 0 0 0]
[281174754558797548397341110588222834972245474883990227522157480207757620402702244297908025456425848930496829607885033814421894793137445478166151065559571227409087513515706503600422606382024548724140362837961694810224885331391539031538784005220 0 0 0 0 0 0 0 0 0 0 0 0 0 0 0 0 0 0 0 0 0 0 0 0 0 0 0 0 0 0 0 0 0 0 0 0 0 0 0 0 0 0 0 0 0 0 0 0 0 0 0 0 0 0 0 0 0 0 0 0 0 0 0 0 0 0 0 0 0 0 0 0 0 0 0 1 0 0 0 0]
[3330122612176939268659875236248512092891720781742857641518853778257268071697053246198633107346529885781379966947122220469231006934751716889542264830422190636447060629853337716429463898475521323921269864297243529216515101080713392256341598676453 0 0 0 0 0 0 0 0 0 0 0 0 0 0 0 0 0 0 0 0 0 0 0 0 0 0 0 0 0 0 0 0 0 0 0 0 0 0 0 0 0 0 0 0 0 0 0 0 0 0 0 0 0 0 0 0 0 0 0 0 0 0 0 0 0 0 0 0 0 0 0 0 0 0 0 0 1 0 0 0]
[1187220599574090993428014788884026941180499148996544660981788953101131890805970068529669127955041349653215030494986012123925192717271811874645718212229006927180856163741705136899502224077385849920299956420035332048474445614620795662398066108606 0 0 0 0 0 0 0 0 0 0 0 0 0 0 0 0 0 0 0 0 0 0 0 0 0 0 0 0 0 0 0 0 0 0 0 0 0 0 0 0 0 0 0 0 0 0 0 0 0 0 0 0 0 0 0 0 0 0 0 0 0 0 0 0 0 0 0 0 0 0 0 0 0 0 0 0 0 1 0 0]
[1703343474802323195801494258769524249746640956862188656662632177336600945527371633100123224871219651728695797844410660911087321940185781536532412998717266673425404629401566436090458489781161682307323034748380541735373153624421553486198674858833 0 0 0 0 0 0 0 0 0 0 0 0 0 0 0 0 0 0 0 0 0 0 0 0 0 0 0 0 0 0 0 0 0 0 0 0 0 0 0 0 0 0 0 0 0 0 0 0 0 0 0 0 0 0 0 0 0 0 0 0 0 0 0 0 0 0 0 0 0 0 0 0 0 0 0 0 0 0 1 0]
[2104055501822791772130381017199343923304980596991333239462503253868665304128871053161665941987905895867517345903563287557395810204014128388465525712606740572331588774138743879760270773679303803395360728707881378500584966043848055203032254043238 0 0 0 0 0 0 0 0 0 0 0 0 0 0 0 0 0 0 0 0 0 0 0 0 0 0 0 0 0 0 0 0 0 0 0 0 0 0 0 0 0 0 0 0 0 0 0 0 0 0 0 0 0 0 0 0 0 0 0 0 0 0 0 0 0 0 0 0 0 0 0 0 0 0 0 0 0 0 0 1]
]
