[[9210289163567264654274380769845937369304852261385524291573383951749065675442624412744758780473830221213741764453610530796506361834804582171053496416021971767802384993152862483492764528013330279707272656715413096170626011434229369240841656458126375399714605562441003125442462745904433746927506996163044644121705465733 0 0 0 0 0 0 0 0 0 0 0 0 0 0 0 0 0 0 0 0 0 0 0 0 0 0 0 0 0 0 0 0 0 0 0 0 0 0 0 0 0 0 0 0 0 0 0 0 0 0 0 0 0 0 0 0 0 0 0 0 0 0 0 0 0 0 0 0 0 0 0 0 0 0 0 0 0 0 0 0 0 0 0 0 0 0 0 0 0 0 0 0 0 0 0 0 0 0 0 0 0 0 0 0]
[4768931132128115095881549344649058749502469863654450472941113940564027152135994194443832457207033370641022075372219645510260539120571318331666653510333486988013129847979319955049935970265217129549279069400644476914276951797499214053902948770187630815784799575101910446922931997037616772176134041885119435419937890566 1 0 0 0 0 0 0 0 0 0 0 0 0 0 0 0 0 0 0 0 0 0 0 0 0 0 0 0 0 0 0 0 0 0 0 0 0 0 0 0 0 0 0 0 0 0 0 0 0 0 0 0 0 0 0 0 0 0 0 0 0 0 0 0 0 0 0 0 0 0 0 0 0 0 0 0 0 0 0 0 0 0 0 0 0 0 0 0 0 0 0 0 0 0 0 0 0 0 0 0 0 0 0 0]
[358246837908120690226808344104562857054938361040657520075521342162516689823510108958325779653540170154298745172295756110084184442535202010790182289256996988792211414801516524067734767124791123477935734502135202890183768153754429479511992969674878806173899295903729747719353776196791002505988548004123608118659575614 0 1 0 0 0 0 0 0 0 0 0 0 0 0 0 0 0 0 0 0 0 0 0 0 0 0 0 0 0 0 0 0 0 0 0 0 0 0 0 0 0 0 0 0 0 0 0 0 0 0 0 0 0 0 0 0 0 0 0 0 0 0 0 0 0 0 0 0 0 0 0 0 0 0 0 0 0 0 0 0 0 0 0 0 0 0 0 0 0 0 0 0 0 0 0 0 0 0 0 0 0 0 0 0]
[4589019600492931288792117731816995837892488406859446917932778426068091002357945944458285128808445229597898150479205979047828258661398222140240208956523505230890982431872175775049572646394378071359656483906266177007524759908333284834081675933070642578112842568022769244670926624132890850188238889160647187587725320505 0 0 1 0 0 0 0 0 0 0 0 0 0 0 0 0 0 0 0 0 0 0 0 0 0 0 0 0 0 0 0 0 0 0 0 0 0 0 0 0 0 0 0 0 0 0 0 0 0 0 0 0 0 0 0 0 0 0 0 0 0 0 0 0 0 0 0 0 0 0 0 0 0 0 0 0 0 0 0 0 0 0 0 0 0 0 0 0 0 0 0 0 0 0 0 0 0 0 0 0 0 0 0 0]
[8813591114870646622824820507523514132053641530042870858334126044805913834248509476773215064391616460542873776792331044402200983882086456499257127952807609535406141781874180075649004059191794711283400081657543106160758949237871682263871068744270522834895535361475438954051325262887489896575288471757234694311119215103 0 0 0 1 0 0 0 0 0 0 0 0 0 0 0 0 0 0 0 0 0 0 0 0 0 0 0 0 0 0 0 0 0 0 0 0 0 0 0 0 0 0 0 0 0 0 0 0 0 0 0 0 0 0 0 0 0 0 0 0 0 0 0 0 0 0 0 0 0 0 0 0 0 0 0 0 0 0 0 0 0 0 0 0 0 0 0 0 0 0 0 0 0 0 0 0 0 0 0 0 0 0 0 0]
[8820609312863105052791119460348419631580982959106292795158716651191460054465057420839083185787060400744451724012947792540249749866939286174023783884354673605095628031512471933261866962499046000213431056296900177763844337288065320248563595402730380842168246019804267412093310036811129717973997288793100538368877774708 0 0 0 0 1 0 0 0 0 0 0 0 0 0 0 0 0 0 0 0 0 0 0 0 0 0 0 0 0 0 0 0 0 0 0 0 0 0 0 0 0 0 0 0 0 0 0 0 0 0 0 0 0 0 0 0 0 0 0 0 0 0 0 0 0 0 0 0 0 0 0 0 0 0 0 0 0 0 0 0 0 0 0 0 0 0 0 0 0 0 0 0 0 0 0 0 0 0 0 0 0 0 0 0]
[6753149495122423097858933848753828180539572211682069247716724108411433990105945089706710101039399294275690170991430788525404337537647705326024051647742036742584765643679109257588603232409544042540935643443284385897502262587439522804825524941316144371105898371930784457749955690684526748556028518458269284272760298532 0 0 0 0 0 1 0 0 0 0 0 0 0 0 0 0 0 0 0 0 0 0 0 0 0 0 0 0 0 0 0 0 0 0 0 0 0 0 0 0 0 0 0 0 0 0 0 0 0 0 0 0 0 0 0 0 0 0 0 0 0 0 0 0 0 0 0 0 0 0 0 0 0 0 0 0 0 0 0 0 0 0 0 0 0 0 0 0 0 0 0 0 0 0 0 0 0 0 0 0 0 0 0 0]
[5248802743748369973024937755780630919297892140616068203263282326473939382632499806334518888334145952797510715339346588537121410427321349122705613346623596328744659360714730581246843692213937728841868118771141165731531086479382172552392774946543873361590305014274254920604895137587764977566015507155597010221448751373 0 0 0 0 0 0 1 0 0 0 0 0 0 0 0 0 0 0 0 0 0 0 0 0 0 0 0 0 0 0 0 0 0 0 0 0 0 0 0 0 0 0 0 0 0 0 0 0 0 0 0 0 0 0 0 0 0 0 0 0 0 0 0 0 0 0 0 0 0 0 0 0 0 0 0 0 0 0 0 0 0 0 0 0 0 0 0 0 0 0 0 0 0 0 0 0 0 0 0 0 0 0 0 0]
[8477398628441460211103672167593240596463712973523023666734156499389681940940009230130170627161593428920080130528717150879611119719471581183174801616673354716985857746016447286035468947511476126747479273176964186934440068031418676697796375049478686887550933921357669974232603976461015536066635654896663189658619305430 0 0 0 0 0 0 0 1 0 0 0 0 0 0 0 0 0 0 0 0 0 0 0 0 0 0 0 0 0 0 0 0 0 0 0 0 0 0 0 0 0 0 0 0 0 0 0 0 0 0 0 0 0 0 0 0 0 0 0 0 0 0 0 0 0 0 0 0 0 0 0 0 0 0 0 0 0 0 0 0 0 0 0 0 0 0 0 0 0 0 0 0 0 0 0 0 0 0 0 0 0 0 0 0]
[7366086814412918132776208274843618909419130625768748333525163340654428928600773523366240718382973678775004534821031265335691314755987368463413892223525902548735585663158452121021354048021385212148835310137079463202214025705467791984306984995753237639509086127280129952286351170732255881175183754943921966325565254670 0 0 0 0 0 0 0 0 1 0 0 0 0 0 0 0 0 0 0 0 0 0 0 0 0 0 0 0 0 0 0 0 0 0 0 0 0 0 0 0 0 0 0 0 0 0 0 0 0 0 0 0 0 0 0 0 0 0 0 0 0 0 0 0 0 0 0 0 0 0 0 0 0 0 0 0 0 0 0 0 0 0 0 0 0 0 0 0 0 0 0 0 0 0 0 0 0 0 0 0 0 0 0 0]
[8349039455679861259660998155758999406978548176846523450456643731459993965899058215561964868701724097030639014641410738334754178319892031195068279753579274044311868130840753712555717977162242107312010428731485426483458377583689349461125596695699068557544164205879368007222709628757260716650699930173136196227528240646 0 0 0 0 0 0 0 0 0 1 0 0 0 0 0 0 0 0 0 0 0 0 0 0 0 0 0 0 0 0 0 0 0 0 0 0 0 0 0 0 0 0 0 0 0 0 0 0 0 0 0 0 0 0 0 0 0 0 0 0 0 0 0 0 0 0 0 0 0 0 0 0 0 0 0 0 0 0 0 0 0 0 0 0 0 0 0 0 0 0 0 0 0 0 0 0 0 0 0 0 0 0 0 0]
[3112364053222833524318409304951930119597788085566932665187418082453437777849080404136959664545197711125501485848286684714224118998238279568306366780155085472832584282893246057574253847888041003304021488290391629485755081452779857538489571367052552196051245423428844093029776312648437948988413428177382461934615505099 0 0 0 0 0 0 0 0 0 0 1 0 0 0 0 0 0 0 0 0 0 0 0 0 0 0 0 0 0 0 0 0 0 0 0 0 0 0 0 0 0 0 0 0 0 0 0 0 0 0 0 0 0 0 0 0 0 0 0 0 0 0 0 0 0 0 0 0 0 0 0 0 0 0 0 0 0 0 0 0 0 0 0 0 0 0 0 0 0 0 0 0 0 0 0 0 0 0 0 0 0 0 0 0]
[4329068058702592960335575046521571700187699371132120020855717330931883319330119469039628013530223981617423977030608546711061319217967546410613021485362649744724488217693030899386075491400923634198705792795969649158834273543861819773142896634549537263172958770594759728152196447808850762867504492064422938841416815965 0 0 0 0 0 0 0 0 0 0 0 1 0 0 0 0 0 0 0 0 0 0 0 0 0 0 0 0 0 0 0 0 0 0 0 0 0 0 0 0 0 0 0 0 0 0 0 0 0 0 0 0 0 0 0 0 0 0 0 0 0 0 0 0 0 0 0 0 0 0 0 0 0 0 0 0 0 0 0 0 0 0 0 0 0 0 0 0 0 0 0 0 0 0 0 0 0 0 0 0 0 0 0 0]
[7311841137775500388122052868829798455237064510965406914771647639926520603026884321860798590577135267109865447933495078775901657263294781361262149517731530653882906276225627711700182294878601297499156954688812022798408209032297505031550333089337222840565776428466227732710369656340257467115732732722482859378581078133 0 0 0 0 0 0 0 0 0 0 0 0 1 0 0 0 0 0 0 0 0 0 0 0 0 0 0 0 0 0 0 0 0 0 0 0 0 0 0 0 0 0 0 0 0 0 0 0 0 0 0 0 0 0 0 0 0 0 0 0 0 0 0 0 0 0 0 0 0 0 0 0 0 0 0 0 0 0 0 0 0 0 0 0 0 0 0 0 0 0 0 0 0 0 0 0 0 0 0 0 0 0 0 0]
[4675651801915552562001510785695791204023993365871125855190180046772054048409202837816879079601302000372482933319881030641561060273066924250209505496381732919104691024801986634546864406817766201726291440414551162795648654328365218949897550106611378359584352570265116069846775083272765205213409408943341745533388339728 0 0 0 0 0 0 0 0 0 0 0 0 0 1 0 0 0 0 0 0 0 0 0 0 0 0 0 0 0 0 0 0 0 0 0 0 0 0 0 0 0 0 0 0 0 0 0 0 0 0 0 0 0 0 0 0 0 0 0 0 0 0 0 0 0 0 0 0 0 0 0 0 0 0 0 0 0 0 0 0 0 0 0 0 0 0 0 0 0 0 0 0 0 0 0 0 0 0 0 0 0 0 0 0]
[6565036412238919408123553545891942691677971516201403899061769253364949828771951576517049972546538197041374866543059543682582177697724749964761111630727905187742978126296043041657141606454219333283906528439497545326629873108109182352382048069966946119978351562135943772737028973013007254498647172274422407898523867426 0 0 0 0 0 0 0 0 0 0 0 0 0 0 1 0 0 0 0 0 0 0 0 0 0 0 0 0 0 0 0 0 0 0 0 0 0 0 0 0 0 0 0 0 0 0 0 0 0 0 0 0 0 0 0 0 0 0 0 0 0 0 0 0 0 0 0 0 0 0 0 0 0 0 0 0 0 0 0 0 0 0 0 0 0 0 0 0 0 0 0 0 0 0 0 0 0 0 0 0 0 0 0 0]
[8973608281501427198314659031671762483614952454190520988503407422410333678206952436272319274352440387547626812709986322462045638897465262165989248574097558222858603400939332415201804804211477105484987039283482021184040081921673353634938961542501425349942460658514906526832727539684702435525349625312371278445579490444 0 0 0 0 0 0 0 0 0 0 0 0 0 0 0 1 0 0 0 0 0 0 0 0 0 0 0 0 0 0 0 0 0 0 0 0 0 0 0 0 0 0 0 0 0 0 0 0 0 0 0 0 0 0 0 0 0 0 0 0 0 0 0 0 0 0 0 0 0 0 0 0 0 0 0 0 0 0 0 0 0 0 0 0 0 0 0 0 0 0 0 0 0 0 0 0 0 0 0 0 0 0 0 0]
[8737181637857096493867671412208985985801634512488290507743949833032164057095529637288781707056312615294669384249108485952097162941866606814779656316741067054768931994356331827967316221051190867284987100087749065359393761340717098691486775382273255501187217740457542990961940588837090089984425530775628239366410590891 0 0 0 0 0 0 0 0 0 0 0 0 0 0 0 0 1 0 0 0 0 0 0 0 0 0 0 0 0 0 0 0 0 0 0 0 0 0 0 0 0 0 0 0 0 0 0 0 0 0 0 0 0 0 0 0 0 0 0 0 0 0 0 0 0 0 0 0 0 0 0 0 0 0 0 0 0 0 0 0 0 0 0 0 0 0 0 0 0 0 0 0 0 0 0 0 0 0 0 0 0 0 0 0]
[5833449539242208014806321373435481702698074599890710529774395934152410114164532338262646090809485744031646319355788496368822398088688608435556771462434733232599216524104958471090585988693319766869216575629058407904821490196561589883544879880129458230663170932303986774549632338114329608900680137053949440316755632421 0 0 0 0 0 0 0 0 0 0 0 0 0 0 0 0 0 1 0 0 0 0 0 0 0 0 0 0 0 0 0 0 0 0 0 0 0 0 0 0 0 0 0 0 0 0 0 0 0 0 0 0 0 0 0 0 0 0 0 0 0 0 0 0 0 0 0 0 0 0 0 0 0 0 0 0 0 0 0 0 0 0 0 0 0 0 0 0 0 0 0 0 0 0 0 0 0 0 0 0 0 0 0 0]
[6122982337695890598434501924031025839167552784362017606129424436191559433942350506666740883007252216300243722803198552095158874502698454983177689523666609927593575172652900706445517667866030104371445360384882159217425018528737778942878300151433569092503561704660566134521280175578140454603607065721458363132808565114 0 0 0 0 0 0 0 0 0 0 0 0 0 0 0 0 0 0 1 0 0 0 0 0 0 0 0 0 0 0 0 0 0 0 0 0 0 0 0 0 0 0 0 0 0 0 0 0 0 0 0 0 0 0 0 0 0 0 0 0 0 0 0 0 0 0 0 0 0 0 0 0 0 0 0 0 0 0 0 0 0 0 0 0 0 0 0 0 0 0 0 0 0 0 0 0 0 0 0 0 0 0 0 0]
[4304998463308681647926631484880233521309272826970225603325493091476075080177724114448179060131247436061191941795196629301292360314381065438167668199081181485688973353421342099795678241002714387238699767142192351390283911383153699284160204089871411577535709159597892394766661687466219147805063579293741141337821418360 0 0 0 0 0 0 0 0 0 0 0 0 0 0 0 0 0 0 0 1 0 0 0 0 0 0 0 0 0 0 0 0 0 0 0 0 0 0 0 0 0 0 0 0 0 0 0 0 0 0 0 0 0 0 0 0 0 0 0 0 0 0 0 0 0 0 0 0 0 0 0 0 0 0 0 0 0 0 0 0 0 0 0 0 0 0 0 0 0 0 0 0 0 0 0 0 0 0 0 0 0 0 0 0]
[1502460053993839654308346199456005957888446303575915963357028499835446333575632472666324626037918566970825580367209572080170043533825014794243958951129050731045911387606060578960224475766776027561766175940556915547739865357420348128739242542840897925600286995645519743687707859765317575408061609315157977446623588826 0 0 0 0 0 0 0 0 0 0 0 0 0 0 0 0 0 0 0 0 1 0 0 0 0 0 0 0 0 0 0 0 0 0 0 0 0 0 0 0 0 0 0 0 0 0 0 0 0 0 0 0 0 0 0 0 0 0 0 0 0 0 0 0 0 0 0 0 0 0 0 0 0 0 0 0 0 0 0 0 0 0 0 0 0 0 0 0 0 0 0 0 0 0 0 0 0 0 0 0 0 0 0 0]
[5028893329163866228646004179606561993999683086651672933289768828906063458505685203229012443698467554684435883853612010895604199866694968437724239699370817557913472408686259996424253192681361007313620645292119796929798375760843916102604814766919122983774490465561526407570524224896404968606557301875474070313109505266 0 0 0 0 0 0 0 0 0 0 0 0 0 0 0 0 0 0 0 0 0 1 0 0 0 0 0 0 0 0 0 0 0 0 0 0 0 0 0 0 0 0 0 0 0 0 0 0 0 0 0 0 0 0 0 0 0 0 0 0 0 0 0 0 0 0 0 0 0 0 0 0 0 0 0 0 0 0 0 0 0 0 0 0 0 0 0 0 0 0 0 0 0 0 0 0 0 0 0 0 0 0 0 0]
[345188956097398939973982281877426570537655415563082429875451659257991105617591656501938326081867565651755748713483311793454544827356462186413928999289635343905786523479018895550962411215620579724244260443437093886051546878035327003872455104340615755065842262089191069100420722247686468692995440443485434536943854929 0 0 0 0 0 0 0 0 0 0 0 0 0 0 0 0 0 0 0 0 0 0 1 0 0 0 0 0 0 0 0 0 0 0 0 0 0 0 0 0 0 0 0 0 0 0 0 0 0 0 0 0 0 0 0 0 0 0 0 0 0 0 0 0 0 0 0 0 0 0 0 0 0 0 0 0 0 0 0 0 0 0 0 0 0 0 0 0 0 0 0 0 0 0 0 0 0 0 0 0 0 0 0 0]
[6494043996567734668900535881686133981009414439632345493221199758980192754889400558737553143430542152773890635648020919820711578594756613931712235044593155064649454723904664850157852541566675703439628017390949735230478194798258960358982487705838653007484855659550516075318072265537897711401397144812473728881293514039 0 0 0 0 0 0 0 0 0 0 0 0 0 0 0 0 0 0 0 0 0 0 0 1 0 0 0 0 0 0 0 0 0 0 0 0 0 0 0 0 0 0 0 0 0 0 0 0 0 0 0 0 0 0 0 0 0 0 0 0 0 0 0 0 0 0 0 0 0 0 0 0 0 0 0 0 0 0 0 0 0 0 0 0 0 0 0 0 0 0 0 0 0 0 0 0 0 0 0 0 0 0 0 0]
[2796127745806300898315089308122577082409018851916851132228976516089587410992477633954652681961380682715133379029284930379325739629862618534322634889050389678798119559794075214845523787124990816663534077984091295031989120807712060129359592943701115962268054805071426530070073632422747675221730616134056604228880084968 0 0 0 0 0 0 0 0 0 0 0 0 0 0 0 0 0 0 0 0 0 0 0 0 1 0 0 0 0 0 0 0 0 0 0 0 0 0 0 0 0 0 0 0 0 0 0 0 0 0 0 0 0 0 0 0 0 0 0 0 0 0 0 0 0 0 0 0 0 0 0 0 0 0 0 0 0 0 0 0 0 0 0 0 0 0 0 0 0 0 0 0 0 0 0 0 0 0 0 0 0 0 0 0]
[7635798282368815146061606420497564772779407055412612004770358463116613804428682669635380386451136015439302287365375598083335956030951696016978432556416727124878974373824760636872147807602197268248152544160121948467158751061218925091134673759032203698392359447056135553517415635833838946316607811617566373940534475564 0 0 0 0 0 0 0 0 0 0 0 0 0 0 0 0 0 0 0 0 0 0 0 0 0 1 0 0 0 0 0 0 0 0 0 0 0 0 0 0 0 0 0 0 0 0 0 0 0 0 0 0 0 0 0 0 0 0 0 0 0 0 0 0 0 0 0 0 0 0 0 0 0 0 0 0 0 0 0 0 0 0 0 0 0 0 0 0 0 0 0 0 0 0 0 0 0 0 0 0 0 0 0 0]
[3431662515017815671447482979393962837485060966501147805353730040853124201632124591602889969302452286844942023842885633764293240046076992933640703336801251580888912782908503155118987833471541956190468521783072538738790883393415443522851627849088083452469706334987230233141393143554329872517494437167027309140448420527 0 0 0 0 0 0 0 0 0 0 0 0 0 0 0 0 0 0 0 0 0 0 0 0 0 0 1 0 0 0 0 0 0 0 0 0 0 0 0 0 0 0 0 0 0 0 0 0 0 0 0 0 0 0 0 0 0 0 0 0 0 0 0 0 0 0 0 0 0 0 0 0 0 0 0 0 0 0 0 0 0 0 0 0 0 0 0 0 0 0 0 0 0 0 0 0 0 0 0 0 0 0 0 0]
[8480703616521629210136857773761750207542838176417556608685848391089703728521075043021258570981143659041792405840298915782813653986374337143496382931961851903943810403009725112181313986723402844616502781264219139260309398645200630706409933549040093496639979157405137256720543619914868015852209717789391263005183966240 0 0 0 0 0 0 0 0 0 0 0 0 0 0 0 0 0 0 0 0 0 0 0 0 0 0 0 1 0 0 0 0 0 0 0 0 0 0 0 0 0 0 0 0 0 0 0 0 0 0 0 0 0 0 0 0 0 0 0 0 0 0 0 0 0 0 0 0 0 0 0 0 0 0 0 0 0 0 0 0 0 0 0 0 0 0 0 0 0 0 0 0 0 0 0 0 0 0 0 0 0 0 0 0]
[5011385415729445022056388389803118108300008909148623236622899555148499690236933324192834033167440890600840211771050759157087273722031426537499815514850381201462310583482682969514073717063463356927516377930157797537464358427497265293803566188258434344411373750744011710310728645492317789204583780956323877130758591617 0 0 0 0 0 0 0 0 0 0 0 0 0 0 0 0 0 0 0 0 0 0 0 0 0 0 0 0 1 0 0 0 0 0 0 0 0 0 0 0 0 0 0 0 0 0 0 0 0 0 0 0 0 0 0 0 0 0 0 0 0 0 0 0 0 0 0 0 0 0 0 0 0 0 0 0 0 0 0 0 0 0 0 0 0 0 0 0 0 0 0 0 0 0 0 0 0 0 0 0 0 0 0 0]
[7449081143464280852117623307497018763566577474182651082232633079136238209985362976924239253968227863555106306683147325684588482784455120917546443401412773256677478601493441247918520691573335619865166730396407303654637070256237970221419388477009789907389185181716413858501653387978168421022578761151421961675110063805 0 0 0 0 0 0 0 0 0 0 0 0 0 0 0 0 0 0 0 0 0 0 0 0 0 0 0 0 0 1 0 0 0 0 0 0 0 0 0 0 0 0 0 0 0 0 0 0 0 0 0 0 0 0 0 0 0 0 0 0 0 0 0 0 0 0 0 0 0 0 0 0 0 0 0 0 0 0 0 0 0 0 0 0 0 0 0 0 0 0 0 0 0 0 0 0 0 0 0 0 0 0 0 0]
[1834121782297962707240609507954466462238490961221041367849137678288936808405344100817337496937900465813215504541553110071098276959398980091181996530753642581843711838625394907421884814481617877398111234704439997959445234453921368188508814414280857551815645675361888080390499090253660076793154964307563154149408131672 0 0 0 0 0 0 0 0 0 0 0 0 0 0 0 0 0 0 0 0 0 0 0 0 0 0 0 0 0 0 1 0 0 0 0 0 0 0 0 0 0 0 0 0 0 0 0 0 0 0 0 0 0 0 0 0 0 0 0 0 0 0 0 0 0 0 0 0 0 0 0 0 0 0 0 0 0 0 0 0 0 0 0 0 0 0 0 0 0 0 0 0 0 0 0 0 0 0 0 0 0 0 0 0]
[4837388120719168551497193689104374569229297464883512475226618586453887607704293393541789674746475905340163211739607970249664014083987138616971726195170108890202875916667227474399186450975613525099044340844570816741161455545650075271492979909484379945856027495408385968175687574114506789778303522487426706198323056691 0 0 0 0 0 0 0 0 0 0 0 0 0 0 0 0 0 0 0 0 0 0 0 0 0 0 0 0 0 0 0 1 0 0 0 0 0 0 0 0 0 0 0 0 0 0 0 0 0 0 0 0 0 0 0 0 0 0 0 0 0 0 0 0 0 0 0 0 0 0 0 0 0 0 0 0 0 0 0 0 0 0 0 0 0 0 0 0 0 0 0 0 0 0 0 0 0 0 0 0 0 0 0 0]
[5585763779653513810134174733058146962516302117525149739526522190241044847142396458669766523030733199273541357870434879296629629246046249775469776539698143869650473703472337594341816175909164233571082624676297988440778112332780237250114148887848523864737082123796131351344571913905276408670469326232956207908982067710 0 0 0 0 0 0 0 0 0 0 0 0 0 0 0 0 0 0 0 0 0 0 0 0 0 0 0 0 0 0 0 0 1 0 0 0 0 0 0 0 0 0 0 0 0 0 0 0 0 0 0 0 0 0 0 0 0 0 0 0 0 0 0 0 0 0 0 0 0 0 0 0 0 0 0 0 0 0 0 0 0 0 0 0 0 0 0 0 0 0 0 0 0 0 0 0 0 0 0 0 0 0 0 0]
[1197186513151728816029944117107394076255976773097041573975605609041995343244634858048091137119098477984791581881965085031228292898381596650644874772292988980517724397628639048258180364766397341213232168520058076703761983995865368188660377356583872908596543180604649468556066688131615970311860890657623848147313413941 0 0 0 0 0 0 0 0 0 0 0 0 0 0 0 0 0 0 0 0 0 0 0 0 0 0 0 0 0 0 0 0 0 1 0 0 0 0 0 0 0 0 0 0 0 0 0 0 0 0 0 0 0 0 0 0 0 0 0 0 0 0 0 0 0 0 0 0 0 0 0 0 0 0 0 0 0 0 0 0 0 0 0 0 0 0 0 0 0 0 0 0 0 0 0 0 0 0 0 0 0 0 0 0]
[7715516653413268913412472900125997328575561045855833875444316515153161962792013982241072739593194843045011264697614294616417869293069024221820472716304911414711138427506315968616750288896425611037562575491404941093052637439418925081014606417261764550050809199414215505464938882143847288214267502313754664704722581405 0 0 0 0 0 0 0 0 0 0 0 0 0 0 0 0 0 0 0 0 0 0 0 0 0 0 0 0 0 0 0 0 0 0 1 0 0 0 0 0 0 0 0 0 0 0 0 0 0 0 0 0 0 0 0 0 0 0 0 0 0 0 0 0 0 0 0 0 0 0 0 0 0 0 0 0 0 0 0 0 0 0 0 0 0 0 0 0 0 0 0 0 0 0 0 0 0 0 0 0 0 0 0 0]
[2754683275870420669386453032529938959901885002943903869226890083061987696452920052506183978856942793838933230828533751133606200178226784406634657686500476028253865013174427171266229020375326513126526343634402849429262284641868364129022920729818098660504874477454237484133255841885875165644997450262683818255888520376 0 0 0 0 0 0 0 0 0 0 0 0 0 0 0 0 0 0 0 0 0 0 0 0 0 0 0 0 0 0 0 0 0 0 0 1 0 0 0 0 0 0 0 0 0 0 0 0 0 0 0 0 0 0 0 0 0 0 0 0 0 0 0 0 0 0 0 0 0 0 0 0 0 0 0 0 0 0 0 0 0 0 0 0 0 0 0 0 0 0 0 0 0 0 0 0 0 0 0 0 0 0 0 0]
[4517298938015814125828430308985636156895514182154130644385226158979040953583160927069554474118323138268084358898284909814342508461079470883754439731335600602744549446342782733077237848704764164712418947514043078893976166737169971244336217681309025743337370697416993110695548628624781156636185485372601073244522707443 0 0 0 0 0 0 0 0 0 0 0 0 0 0 0 0 0 0 0 0 0 0 0 0 0 0 0 0 0 0 0 0 0 0 0 0 1 0 0 0 0 0 0 0 0 0 0 0 0 0 0 0 0 0 0 0 0 0 0 0 0 0 0 0 0 0 0 0 0 0 0 0 0 0 0 0 0 0 0 0 0 0 0 0 0 0 0 0 0 0 0 0 0 0 0 0 0 0 0 0 0 0 0 0]
[1512569761380174741197578784005814545144373907324988035543101800349731074707058045428745727653138292574384519878682986289916508478197784515320925178936824425888464459356047936145499547622059849295604230500156712414357178379109233035720662073220442604240299412752699544331872517398411554632254555767622252450510499825 0 0 0 0 0 0 0 0 0 0 0 0 0 0 0 0 0 0 0 0 0 0 0 0 0 0 0 0 0 0 0 0 0 0 0 0 0 1 0 0 0 0 0 0 0 0 0 0 0 0 0 0 0 0 0 0 0 0 0 0 0 0 0 0 0 0 0 0 0 0 0 0 0 0 0 0 0 0 0 0 0 0 0 0 0 0 0 0 0 0 0 0 0 0 0 0 0 0 0 0 0 0 0 0]
[5056471798448824202564443333740081071330419305785856991339729854648197018933804464689065457607134301216811620244315787956945806901210990735475868365976049701872171469054660375768762084565436724044770541998762001641711089721723372990981835026132181388773616369473516974149322595443522910704910771416203776723107437923 0 0 0 0 0 0 0 0 0 0 0 0 0 0 0 0 0 0 0 0 0 0 0 0 0 0 0 0 0 0 0 0 0 0 0 0 0 0 1 0 0 0 0 0 0 0 0 0 0 0 0 0 0 0 0 0 0 0 0 0 0 0 0 0 0 0 0 0 0 0 0 0 0 0 0 0 0 0 0 0 0 0 0 0 0 0 0 0 0 0 0 0 0 0 0 0 0 0 0 0 0 0 0 0]
[4213896238208915073541793763827868465809254643414156966624732082923281175011864767144856995177961914099241090707766487442061146139351028364962780353642572506717605058748888432477297793164400342904550834714615458712099384114190253694062910729037879204970181633615894881769536233554080684709639940738641645477414601487 0 0 0 0 0 0 0 0 0 0 0 0 0 0 0 0 0 0 0 0 0 0 0 0 0 0 0 0 0 0 0 0 0 0 0 0 0 0 0 1 0 0 0 0 0 0 0 0 0 0 0 0 0 0 0 0 0 0 0 0 0 0 0 0 0 0 0 0 0 0 0 0 0 0 0 0 0 0 0 0 0 0 0 0 0 0 0 0 0 0 0 0 0 0 0 0 0 0 0 0 0 0 0 0]
[7615531403139663395954153376074144195298055109335250276858967886255635508752325643335923006093128327542754863515493461744830649240527177720011181393784278300310524245525773302893079032441136841629538947043215025783238107843002271597050039751620087764350991722308729942559717373634662519688228711428631563728463513772 0 0 0 0 0 0 0 0 0 0 0 0 0 0 0 0 0 0 0 0 0 0 0 0 0 0 0 0 0 0 0 0 0 0 0 0 0 0 0 0 1 0 0 0 0 0 0 0 0 0 0 0 0 0 0 0 0 0 0 0 0 0 0 0 0 0 0 0 0 0 0 0 0 0 0 0 0 0 0 0 0 0 0 0 0 0 0 0 0 0 0 0 0 0 0 0 0 0 0 0 0 0 0 0]
[6564355130918519864452012879870652414675178019217090546389648225468135111950903684709634438343254226221527233921112448871688767364241373866911273522808053781389634330648483491942578716024309795108024299404891609680293826137070595315506347297986202136104193957308423026236072153607475161133523328206147312185296748486 0 0 0 0 0 0 0 0 0 0 0 0 0 0 0 0 0 0 0 0 0 0 0 0 0 0 0 0 0 0 0 0 0 0 0 0 0 0 0 0 0 1 0 0 0 0 0 0 0 0 0 0 0 0 0 0 0 0 0 0 0 0 0 0 0 0 0 0 0 0 0 0 0 0 0 0 0 0 0 0 0 0 0 0 0 0 0 0 0 0 0 0 0 0 0 0 0 0 0 0 0 0 0 0]
[8877539006639593813738181196881371513358216771084918601856288724434023748590909783468330249610012062915947549422056933522465119993912957585773675476827669729902994436534676572809212817015718270894116789419082864921946115240453508050953014263438112030588175152539909480376582321122859157027410535011622880713891680582 0 0 0 0 0 0 0 0 0 0 0 0 0 0 0 0 0 0 0 0 0 0 0 0 0 0 0 0 0 0 0 0 0 0 0 0 0 0 0 0 0 0 1 0 0 0 0 0 0 0 0 0 0 0 0 0 0 0 0 0 0 0 0 0 0 0 0 0 0 0 0 0 0 0 0 0 0 0 0 0 0 0 0 0 0 0 0 0 0 0 0 0 0 0 0 0 0 0 0 0 0 0 0 0]
[3536807760639307303874748631758998707673219698675157232743382070766523299417068284246671466938121558897454556350299393366456354876522466842067081102304432032233670225807810472419241891368108924727455384353206218364999179412864505108568090523509041963254948236617869424865074854880615156300585610433945160801903828641 0 0 0 0 0 0 0 0 0 0 0 0 0 0 0 0 0 0 0 0 0 0 0 0 0 0 0 0 0 0 0 0 0 0 0 0 0 0 0 0 0 0 0 1 0 0 0 0 0 0 0 0 0 0 0 0 0 0 0 0 0 0 0 0 0 0 0 0 0 0 0 0 0 0 0 0 0 0 0 0 0 0 0 0 0 0 0 0 0 0 0 0 0 0 0 0 0 0 0 0 0 0 0 0]
[8062855639487205285776293261469689421412711868940536630101527753094512705409688791866055046620376759916865532478700828862792473724326732405025497973689002130771989077465866374119437453840751600317194746522805167825832278549867662861942132945468574925969828210056348565516880801767130670006954448021364397644179589215 0 0 0 0 0 0 0 0 0 0 0 0 0 0 0 0 0 0 0 0 0 0 0 0 0 0 0 0 0 0 0 0 0 0 0 0 0 0 0 0 0 0 0 0 1 0 0 0 0 0 0 0 0 0 0 0 0 0 0 0 0 0 0 0 0 0 0 0 0 0 0 0 0 0 0 0 0 0 0 0 0 0 0 0 0 0 0 0 0 0 0 0 0 0 0 0 0 0 0 0 0 0 0 0]
[6484422004654853762418747624258373527767988401502634099701473943571945510456686511314075664669206457273051250405546997808084908105314168433115550987424893492908838979898526851941276711596233579367302915208313384514219667455799189692288107511281972300346276803681993035999463937361275579074192958515222660683995324198 0 0 0 0 0 0 0 0 0 0 0 0 0 0 0 0 0 0 0 0 0 0 0 0 0 0 0 0 0 0 0 0 0 0 0 0 0 0 0 0 0 0 0 0 0 1 0 0 0 0 0 0 0 0 0 0 0 0 0 0 0 0 0 0 0 0 0 0 0 0 0 0 0 0 0 0 0 0 0 0 0 0 0 0 0 0 0 0 0 0 0 0 0 0 0 0 0 0 0 0 0 0 0 0]
[4198684026121718797026368000011676461538435810037672465265881316945725002575282360390830357879997352259185799810243736845357218465281887490399887619239458484138191772526211810988929493512434613156599605829979724459883611634720714284459455198187521265957142872060758876842269612483719753414973612946015201853569337783 0 0 0 0 0 0 0 0 0 0 0 0 0 0 0 0 0 0 0 0 0 0 0 0 0 0 0 0 0 0 0 0 0 0 0 0 0 0 0 0 0 0 0 0 0 0 1 0 0 0 0 0 0 0 0 0 0 0 0 0 0 0 0 0 0 0 0 0 0 0 0 0 0 0 0 0 0 0 0 0 0 0 0 0 0 0 0 0 0 0 0 0 0 0 0 0 0 0 0 0 0 0 0 0]
[1156382128791126091586159999578986023247730372193117115420367130935073597532267457545166493270039864929185980620892915052564866022934090404740384251387359804130635926087780488435771680291941698028998962828457611408167640898221700201425678261195097384650272445919824621624173971434170880824213967533903263448665893719 0 0 0 0 0 0 0 0 0 0 0 0 0 0 0 0 0 0 0 0 0 0 0 0 0 0 0 0 0 0 0 0 0 0 0 0 0 0 0 0 0 0 0 0 0 0 0 1 0 0 0 0 0 0 0 0 0 0 0 0 0 0 0 0 0 0 0 0 0 0 0 0 0 0 0 0 0 0 0 0 0 0 0 0 0 0 0 0 0 0 0 0 0 0 0 0 0 0 0 0 0 0 0 0]
[4662932632525336514980678084953244945801662170838413564895291495894332711344418170853537848943061227770378277225763165085043290760112006661147814793435890659842388685275214856931860121231621212077668069638775469964138467249111199060168240397583059125827412498322238358174824441028107215067953835972695688118946986658 0 0 0 0 0 0 0 0 0 0 0 0 0 0 0 0 0 0 0 0 0 0 0 0 0 0 0 0 0 0 0 0 0 0 0 0 0 0 0 0 0 0 0 0 0 0 0 0 1 0 0 0 0 0 0 0 0 0 0 0 0 0 0 0 0 0 0 0 0 0 0 0 0 0 0 0 0 0 0 0 0 0 0 0 0 0 0 0 0 0 0 0 0 0 0 0 0 0 0 0 0 0 0 0]
[5745865637622188278859855532804818894123404987331010277863001437478461847084267404006355095777526937728336219828299039997369216627990616819899620850386783148059131829661669056201136749138454277654040736282544375570555126613738496221243733853710196277761015969617342153430391631213885858055332424739462918539579235698 0 0 0 0 0 0 0 0 0 0 0 0 0 0 0 0 0 0 0 0 0 0 0 0 0 0 0 0 0 0 0 0 0 0 0 0 0 0 0 0 0 0 0 0 0 0 0 0 0 1 0 0 0 0 0 0 0 0 0 0 0 0 0 0 0 0 0 0 0 0 0 0 0 0 0 0 0 0 0 0 0 0 0 0 0 0 0 0 0 0 0 0 0 0 0 0 0 0 0 0 0 0 0 0]
[5817075754028753685101993218067271571431406696768139404739544208223878630120837466875002740723611958694752412729290933697946665040848904131264908660359125792286761878684893728799937520926043223332412842614367964341755319424774852262276216144005204726162089918441665351320602554407452576595543901351277429691115003739 0 0 0 0 0 0 0 0 0 0 0 0 0 0 0 0 0 0 0 0 0 0 0 0 0 0 0 0 0 0 0 0 0 0 0 0 0 0 0 0 0 0 0 0 0 0 0 0 0 0 1 0 0 0 0 0 0 0 0 0 0 0 0 0 0 0 0 0 0 0 0 0 0 0 0 0 0 0 0 0 0 0 0 0 0 0 0 0 0 0 0 0 0 0 0 0 0 0 0 0 0 0 0 0]
[8673528964662425893289554784802213598672596582194877789002549309033217633098402409277945677989588069281178018125076439811311383310605910279882700730015544110396661245721424748129504615737791822232277347172163390140318598094529003627612596248416765212164197225408917426913771520414420614308738858239015134507947139166 0 0 0 0 0 0 0 0 0 0 0 0 0 0 0 0 0 0 0 0 0 0 0 0 0 0 0 0 0 0 0 0 0 0 0 0 0 0 0 0 0 0 0 0 0 0 0 0 0 0 0 1 0 0 0 0 0 0 0 0 0 0 0 0 0 0 0 0 0 0 0 0 0 0 0 0 0 0 0 0 0 0 0 0 0 0 0 0 0 0 0 0 0 0 0 0 0 0 0 0 0 0 0 0]
[2669111962634337942245957946830134996093760354969797972803923747491583994245475686673220502891735230290795839262264966044996286475819217104734459448368377978680729859660252437259770813419882264159057697026930530278510748482365216320499250520768626798902324442541387723712763598232394545743966264088803405028092581030 0 0 0 0 0 0 0 0 0 0 0 0 0 0 0 0 0 0 0 0 0 0 0 0 0 0 0 0 0 0 0 0 0 0 0 0 0 0 0 0 0 0 0 0 0 0 0 0 0 0 0 0 1 0 0 0 0 0 0 0 0 0 0 0 0 0 0 0 0 0 0 0 0 0 0 0 0 0 0 0 0 0 0 0 0 0 0 0 0 0 0 0 0 0 0 0 0 0 0 0 0 0 0 0]
[1084771707572322758332595012378061346435692807394535038718198982638544981609818744115167720757630190342050093445098148692519098434394794595593429422149831953854668679235105880707402081244278498972317972380982056741560691814998994960135731587392754197313000532578723147228086511360361375486006225750269492926875774273 0 0 0 0 0 0 0 0 0 0 0 0 0 0 0 0 0 0 0 0 0 0 0 0 0 0 0 0 0 0 0 0 0 0 0 0 0 0 0 0 0 0 0 0 0 0 0 0 0 0 0 0 0 1 0 0 0 0 0 0 0 0 0 0 0 0 0 0 0 0 0 0 0 0 0 0 0 0 0 0 0 0 0 0 0 0 0 0 0 0 0 0 0 0 0 0 0 0 0 0 0 0 0 0]
[1079713622478698538833122877236946004919159932135280474330556596158861480081912277734343998003367798141115668528857354973657897573358844111163110511659639077622735172337386313805089372584049793539314756932203743620165646755418408449952257243142419115351169081365874088854122579070950413498988767701961366351028617358 0 0 0 0 0 0 0 0 0 0 0 0 0 0 0 0 0 0 0 0 0 0 0 0 0 0 0 0 0 0 0 0 0 0 0 0 0 0 0 0 0 0 0 0 0 0 0 0 0 0 0 0 0 0 1 0 0 0 0 0 0 0 0 0 0 0 0 0 0 0 0 0 0 0 0 0 0 0 0 0 0 0 0 0 0 0 0 0 0 0 0 0 0 0 0 0 0 0 0 0 0 0 0 0]
[7206611038478817669514820872398762476910195392371768131479079923519754379478114818975112522450763084336852532988333532749010152599335332396401832435335092443331757547186690278975502150522913854098198561094849854263288493936909283564217920860531779904990484134555572603009576573782158935935383062532679625341347369488 0 0 0 0 0 0 0 0 0 0 0 0 0 0 0 0 0 0 0 0 0 0 0 0 0 0 0 0 0 0 0 0 0 0 0 0 0 0 0 0 0 0 0 0 0 0 0 0 0 0 0 0 0 0 0 1 0 0 0 0 0 0 0 0 0 0 0 0 0 0 0 0 0 0 0 0 0 0 0 0 0 0 0 0 0 0 0 0 0 0 0 0 0 0 0 0 0 0 0 0 0 0 0 0]
[8468277765398079148168717090136701533018512114622759027085572317367201428207298814564552508826797162476764254991127826482565036775212336089800856537970794062288337201757097091428352677570875753509058792565112066085064385754176161613477596916525809945296969196818283775516891225672920161701014675609626547367478492169 0 0 0 0 0 0 0 0 0 0 0 0 0 0 0 0 0 0 0 0 0 0 0 0 0 0 0 0 0 0 0 0 0 0 0 0 0 0 0 0 0 0 0 0 0 0 0 0 0 0 0 0 0 0 0 0 1 0 0 0 0 0 0 0 0 0 0 0 0 0 0 0 0 0 0 0 0 0 0 0 0 0 0 0 0 0 0 0 0 0 0 0 0 0 0 0 0 0 0 0 0 0 0 0]
[6145961036810149145595898749076559692659708298805667429251000903649345131931763517198741017443288072182448720302140015810359332538173215946499753487299270336361957517543392686886773254815845588223108216051531811853634733588431398321695591991923398158043590642114917940298622606054354797571457053508748568318847684750 0 0 0 0 0 0 0 0 0 0 0 0 0 0 0 0 0 0 0 0 0 0 0 0 0 0 0 0 0 0 0 0 0 0 0 0 0 0 0 0 0 0 0 0 0 0 0 0 0 0 0 0 0 0 0 0 0 1 0 0 0 0 0 0 0 0 0 0 0 0 0 0 0 0 0 0 0 0 0 0 0 0 0 0 0 0 0 0 0 0 0 0 0 0 0 0 0 0 0 0 0 0 0 0]
[2312160705036842384306135706796153863911697253490127060851860299487638171520186921668496006367164819074432658839782365851448634880635144208123271274917766633689620507427679184290555742260393114856328564753875417157796857039554336499936134225346368390439950752798213238551683980956262009232232252654090807551390724755 0 0 0 0 0 0 0 0 0 0 0 0 0 0 0 0 0 0 0 0 0 0 0 0 0 0 0 0 0 0 0 0 0 0 0 0 0 0 0 0 0 0 0 0 0 0 0 0 0 0 0 0 0 0 0 0 0 0 1 0 0 0 0 0 0 0 0 0 0 0 0 0 0 0 0 0 0 0 0 0 0 0 0 0 0 0 0 0 0 0 0 0 0 0 0 0 0 0 0 0 0 0 0 0]
[7143463876977788713072641064128565250436789622836780749978350337067666892211593001558677923032179365430700522201370281162404944770867982588947933249480380526218639892750183177813205673585359985469145481249210880237683099972549243063283960024465178256509523074972350636107027985795170418204750057592504692525179624038 0 0 0 0 0 0 0 0 0 0 0 0 0 0 0 0 0 0 0 0 0 0 0 0 0 0 0 0 0 0 0 0 0 0 0 0 0 0 0 0 0 0 0 0 0 0 0 0 0 0 0 0 0 0 0 0 0 0 0 1 0 0 0 0 0 0 0 0 0 0 0 0 0 0 0 0 0 0 0 0 0 0 0 0 0 0 0 0 0 0 0 0 0 0 0 0 0 0 0 0 0 0 0 0]
[6840886376439552362907943859591707705961433095529393980482351890216471548576431029352004695441877286078797163567506361714732916194722646256880951498616093210243644067109906138285007670551587336475703280757387005516858205094275445221110081185640991379436686768144295397049793604457172904204278813474193357765395269963 0 0 0 0 0 0 0 0 0 0 0 0 0 0 0 0 0 0 0 0 0 0 0 0 0 0 0 0 0 0 0 0 0 0 0 0 0 0 0 0 0 0 0 0 0 0 0 0 0 0 0 0 0 0 0 0 0 0 0 0 1 0 0 0 0 0 0 0 0 0 0 0 0 0 0 0 0 0 0 0 0 0 0 0 0 0 0 0 0 0 0 0 0 0 0 0 0 0 0 0 0 0 0 0]
[1796710419333096360500593444122516729381408043971749758660082606754633639728050032520966240599589628942548728610914489918161277795207811167451873153740257769383971111335175519193493615709235778801192444815219847974640925486309411956379949456238594934613202215845521283093450302447053680515470686911814758088400556897 0 0 0 0 0 0 0 0 0 0 0 0 0 0 0 0 0 0 0 0 0 0 0 0 0 0 0 0 0 0 0 0 0 0 0 0 0 0 0 0 0 0 0 0 0 0 0 0 0 0 0 0 0 0 0 0 0 0 0 0 0 1 0 0 0 0 0 0 0 0 0 0 0 0 0 0 0 0 0 0 0 0 0 0 0 0 0 0 0 0 0 0 0 0 0 0 0 0 0 0 0 0 0 0]
[3285529834340653079925985766117721321421863858265651865127665500391945452852033944699981339941218858697859514760456649170701909024507082901460308427845136974886506213803141128575030175509072290544262891659310671817743685754901975764222617350679638554289528204757408124365755203185902040872123019611608519610980847257 0 0 0 0 0 0 0 0 0 0 0 0 0 0 0 0 0 0 0 0 0 0 0 0 0 0 0 0 0 0 0 0 0 0 0 0 0 0 0 0 0 0 0 0 0 0 0 0 0 0 0 0 0 0 0 0 0 0 0 0 0 0 1 0 0 0 0 0 0 0 0 0 0 0 0 0 0 0 0 0 0 0 0 0 0 0 0 0 0 0 0 0 0 0 0 0 0 0 0 0 0 0 0 0]
[6435277277365160597513599758876683412744626172840069578853168800713163897868134465301199336849281158554565875920134253838724786248110696165775592201728381400629623824578102429493996061298747072596055444560515348332998022310569261757343568808960492352678206124586020369883606820146830718436525111367304214183050487576 0 0 0 0 0 0 0 0 0 0 0 0 0 0 0 0 0 0 0 0 0 0 0 0 0 0 0 0 0 0 0 0 0 0 0 0 0 0 0 0 0 0 0 0 0 0 0 0 0 0 0 0 0 0 0 0 0 0 0 0 0 0 0 1 0 0 0 0 0 0 0 0 0 0 0 0 0 0 0 0 0 0 0 0 0 0 0 0 0 0 0 0 0 0 0 0 0 0 0 0 0 0 0 0]
[386112446664519760559375484483449120507744630744844621597203518382311706329084388971194417268933826349100526898738728386088932618519821581922773766756563049495542328070543027790317687321615339298754153215757698044668478811556897808192380523961303004278118783040115844699160729596275330804703159776985256098842441357 0 0 0 0 0 0 0 0 0 0 0 0 0 0 0 0 0 0 0 0 0 0 0 0 0 0 0 0 0 0 0 0 0 0 0 0 0 0 0 0 0 0 0 0 0 0 0 0 0 0 0 0 0 0 0 0 0 0 0 0 0 0 0 0 1 0 0 0 0 0 0 0 0 0 0 0 0 0 0 0 0 0 0 0 0 0 0 0 0 0 0 0 0 0 0 0 0 0 0 0 0 0 0 0]
[5240431331283935085275949843666118122925013004272752947262191495400035565332082405614296384190706622934921779403831029339624562118691503353992906370643243119610959290844915386005671156671677708115774839883027002284529684544919755204480225625192004699632099775516120575741738889917311429616193816497281008348756255269 0 0 0 0 0 0 0 0 0 0 0 0 0 0 0 0 0 0 0 0 0 0 0 0 0 0 0 0 0 0 0 0 0 0 0 0 0 0 0 0 0 0 0 0 0 0 0 0 0 0 0 0 0 0 0 0 0 0 0 0 0 0 0 0 0 1 0 0 0 0 0 0 0 0 0 0 0 0 0 0 0 0 0 0 0 0 0 0 0 0 0 0 0 0 0 0 0 0 0 0 0 0 0 0]
[649983618510105007966140601267434252502994421113474138904483676181679479690404480426107462894385403924429863521453955279372994405239956611344333600579247504895240536551294893807935746016261223580990951269071628040609752566708466398494231779334478620567992336095523214226159674746738561836685033965936156257288368176 0 0 0 0 0 0 0 0 0 0 0 0 0 0 0 0 0 0 0 0 0 0 0 0 0 0 0 0 0 0 0 0 0 0 0 0 0 0 0 0 0 0 0 0 0 0 0 0 0 0 0 0 0 0 0 0 0 0 0 0 0 0 0 0 0 0 1 0 0 0 0 0 0 0 0 0 0 0 0 0 0 0 0 0 0 0 0 0 0 0 0 0 0 0 0 0 0 0 0 0 0 0 0 0]
[952609105316241607999562107915837794521512803018541982229657530717452065652859589153310765596861699910205579712117205951605472222705268853934126918807506348805594985915964916620703367912854596621511555214642565569215575230372106371143062444952721482170239420198628111534316632011521037208478959249342838956358218415 0 0 0 0 0 0 0 0 0 0 0 0 0 0 0 0 0 0 0 0 0 0 0 0 0 0 0 0 0 0 0 0 0 0 0 0 0 0 0 0 0 0 0 0 0 0 0 0 0 0 0 0 0 0 0 0 0 0 0 0 0 0 0 0 0 0 0 1 0 0 0 0 0 0 0 0 0 0 0 0 0 0 0 0 0 0 0 0 0 0 0 0 0 0 0 0 0 0 0 0 0 0 0 0]
[2764920624918334671050258128849683335684690247050798138651458211316564434009337378041137715527170644070542235924799825686103271079241759637562248254157923213371253210036760433290193781166279769460274016617980538853928726521277971434947241673723773859747562040738621130213295163544109820569847675123396227392589694293 0 0 0 0 0 0 0 0 0 0 0 0 0 0 0 0 0 0 0 0 0 0 0 0 0 0 0 0 0 0 0 0 0 0 0 0 0 0 0 0 0 0 0 0 0 0 0 0 0 0 0 0 0 0 0 0 0 0 0 0 0 0 0 0 0 0 0 0 1 0 0 0 0 0 0 0 0 0 0 0 0 0 0 0 0 0 0 0 0 0 0 0 0 0 0 0 0 0 0 0 0 0 0 0]
[1728114472758392564422015437982697799575663676812975808391381977765665479616783876900599722950081022639956362500553762677567929463876675376134456117226808236009754194080092907231532090726410728949558662160469256513182369833590280006543372669115129150466566178914085653825464486078773679540066184874891799606443413261 0 0 0 0 0 0 0 0 0 0 0 0 0 0 0 0 0 0 0 0 0 0 0 0 0 0 0 0 0 0 0 0 0 0 0 0 0 0 0 0 0 0 0 0 0 0 0 0 0 0 0 0 0 0 0 0 0 0 0 0 0 0 0 0 0 0 0 0 0 1 0 0 0 0 0 0 0 0 0 0 0 0 0 0 0 0 0 0 0 0 0 0 0 0 0 0 0 0 0 0 0 0 0 0]
[4142122592288828180294419125603218170037770055107420334232530619415467913155031005136276943687452515675567006895129212082045771175008304212247897600255565727830730767973273707061452611364330517431931277990738879818510012743003158726468011775046534881883924231603249587620218599076586239242461309784383446156122092938 0 0 0 0 0 0 0 0 0 0 0 0 0 0 0 0 0 0 0 0 0 0 0 0 0 0 0 0 0 0 0 0 0 0 0 0 0 0 0 0 0 0 0 0 0 0 0 0 0 0 0 0 0 0 0 0 0 0 0 0 0 0 0 0 0 0 0 0 0 0 1 0 0 0 0 0 0 0 0 0 0 0 0 0 0 0 0 0 0 0 0 0 0 0 0 0 0 0 0 0 0 0 0 0]
[1373568550102415596561216069119160174485155886572293894633909657867434863237339287296574242446588163799657585098413071268803627488576606383159785005087200550236192582511630479766574994338050007486546761615131261729482791607402819010780542141541895205755750306830523215215527873904111126070769308496960337293833475055 0 0 0 0 0 0 0 0 0 0 0 0 0 0 0 0 0 0 0 0 0 0 0 0 0 0 0 0 0 0 0 0 0 0 0 0 0 0 0 0 0 0 0 0 0 0 0 0 0 0 0 0 0 0 0 0 0 0 0 0 0 0 0 0 0 0 0 0 0 0 0 1 0 0 0 0 0 0 0 0 0 0 0 0 0 0 0 0 0 0 0 0 0 0 0 0 0 0 0 0 0 0 0 0]
[7037901723958596290142752105597360956457071062265480472221118717935440294379318378386942408469306493213486116150068649701772074377184326797040605672711540143267107791113287009496638123814164469117144010717670963061134415193994590665958918603129905809658253689868781887246277598034423837258637740260908843918713667778 0 0 0 0 0 0 0 0 0 0 0 0 0 0 0 0 0 0 0 0 0 0 0 0 0 0 0 0 0 0 0 0 0 0 0 0 0 0 0 0 0 0 0 0 0 0 0 0 0 0 0 0 0 0 0 0 0 0 0 0 0 0 0 0 0 0 0 0 0 0 0 0 1 0 0 0 0 0 0 0 0 0 0 0 0 0 0 0 0 0 0 0 0 0 0 0 0 0 0 0 0 0 0 0]
[6394382618101662435243950826118741813349580316649446901931751043121046193450926153885301125970278021508440080963081709312674290872351999559540087844125780924592271493525145326971792717108301230265728251399098969687498937028496960283144522416557412413819869613009893809777594395656326136120495190183697395321141561418 0 0 0 0 0 0 0 0 0 0 0 0 0 0 0 0 0 0 0 0 0 0 0 0 0 0 0 0 0 0 0 0 0 0 0 0 0 0 0 0 0 0 0 0 0 0 0 0 0 0 0 0 0 0 0 0 0 0 0 0 0 0 0 0 0 0 0 0 0 0 0 0 0 1 0 0 0 0 0 0 0 0 0 0 0 0 0 0 0 0 0 0 0 0 0 0 0 0 0 0 0 0 0 0]
[535364584487549993465113203347131767895962729822555700126951975325210295948676299468078848304804499017465522766083620413533965508630786262812980300608744421052808427580823109571762285205561307610892223374381250595696128989689729119538715163386286163994159620344266060200142041503084669637621120906133985567938332322 0 0 0 0 0 0 0 0 0 0 0 0 0 0 0 0 0 0 0 0 0 0 0 0 0 0 0 0 0 0 0 0 0 0 0 0 0 0 0 0 0 0 0 0 0 0 0 0 0 0 0 0 0 0 0 0 0 0 0 0 0 0 0 0 0 0 0 0 0 0 0 0 0 0 1 0 0 0 0 0 0 0 0 0 0 0 0 0 0 0 0 0 0 0 0 0 0 0 0 0 0 0 0 0]
[7728872552261639091999855887028525053763760760045784032704855853081677189615776772220900191583982628724938009285175966252836273527484108286174279338097777236847034337295884739122931338600255130001104506609893044216770524743995423656516667920050119782417131591547776559860542066752153835736495800865018638035095643101 0 0 0 0 0 0 0 0 0 0 0 0 0 0 0 0 0 0 0 0 0 0 0 0 0 0 0 0 0 0 0 0 0 0 0 0 0 0 0 0 0 0 0 0 0 0 0 0 0 0 0 0 0 0 0 0 0 0 0 0 0 0 0 0 0 0 0 0 0 0 0 0 0 0 0 1 0 0 0 0 0 0 0 0 0 0 0 0 0 0 0 0 0 0 0 0 0 0 0 0 0 0 0 0]
[2153472542592072529433421852237603094274341767754713111518334483375814010371359809849306931377463275031097021251158058745657983323801523856423098866331118730835457740220292776107363672606080072197108245284632657037010990259247541924261583522013693272404818726827894671168347446883483740185081138792339844345724509875 0 0 0 0 0 0 0 0 0 0 0 0 0 0 0 0 0 0 0 0 0 0 0 0 0 0 0 0 0 0 0 0 0 0 0 0 0 0 0 0 0 0 0 0 0 0 0 0 0 0 0 0 0 0 0 0 0 0 0 0 0 0 0 0 0 0 0 0 0 0 0 0 0 0 0 0 1 0 0 0 0 0 0 0 0 0 0 0 0 0 0 0 0 0 0 0 0 0 0 0 0 0 0 0]
[5946053847403440016355621514209862564605320203651480658356025623722346543693100370940465588769785173459088449189248014718784211079878573127932007681944409228413179878914242936158512714087158199473947421822739429233647812100564744652871586456328154527064873538362241864609029865020015100050462946348416972815125194253 0 0 0 0 0 0 0 0 0 0 0 0 0 0 0 0 0 0 0 0 0 0 0 0 0 0 0 0 0 0 0 0 0 0 0 0 0 0 0 0 0 0 0 0 0 0 0 0 0 0 0 0 0 0 0 0 0 0 0 0 0 0 0 0 0 0 0 0 0 0 0 0 0 0 0 0 0 1 0 0 0 0 0 0 0 0 0 0 0 0 0 0 0 0 0 0 0 0 0 0 0 0 0 0]
[6254493741131034080820821748355947011310376228769071794287665665142853821313055372166704285722353069010242331374866064215750995884030218868272186774565207186494306490206451420771969243502944389582588626854285560704571227750009597508048989738170504705542749585243107940817640053307826414857278167245403575737910201381 0 0 0 0 0 0 0 0 0 0 0 0 0 0 0 0 0 0 0 0 0 0 0 0 0 0 0 0 0 0 0 0 0 0 0 0 0 0 0 0 0 0 0 0 0 0 0 0 0 0 0 0 0 0 0 0 0 0 0 0 0 0 0 0 0 0 0 0 0 0 0 0 0 0 0 0 0 0 1 0 0 0 0 0 0 0 0 0 0 0 0 0 0 0 0 0 0 0 0 0 0 0 0 0]
[5261177019809758309830650600299258583088673898261181251738225374708401238154189839631448281900449902977549465412882129009498592023764202285846739483696555605712216193416134707737335583516293899489582462615167490896559054151064935849504458999490192069465339775268191885497987918950296082254528663576507072728276288298 0 0 0 0 0 0 0 0 0 0 0 0 0 0 0 0 0 0 0 0 0 0 0 0 0 0 0 0 0 0 0 0 0 0 0 0 0 0 0 0 0 0 0 0 0 0 0 0 0 0 0 0 0 0 0 0 0 0 0 0 0 0 0 0 0 0 0 0 0 0 0 0 0 0 0 0 0 0 0 1 0 0 0 0 0 0 0 0 0 0 0 0 0 0 0 0 0 0 0 0 0 0 0 0]
[4516043194495660957552609260433861186919941175673342628460615604623302518190502142491068709465899540418918104776579672767763306518676144208577455254334992580457772733676255405649333193819763797401948754910665462562413555266448606123317111615799320243600559814937417175687231245736232953486341434999663014750855684317 0 0 0 0 0 0 0 0 0 0 0 0 0 0 0 0 0 0 0 0 0 0 0 0 0 0 0 0 0 0 0 0 0 0 0 0 0 0 0 0 0 0 0 0 0 0 0 0 0 0 0 0 0 0 0 0 0 0 0 0 0 0 0 0 0 0 0 0 0 0 0 0 0 0 0 0 0 0 0 0 1 0 0 0 0 0 0 0 0 0 0 0 0 0 0 0 0 0 0 0 0 0 0 0]
[4957230984433003918965859540429193602779301875475766466932458474039652277925397922948553084753077588496812015821010352603451504295325853949615514464510659060630137341337122768342013644581885407476958072149843139540695702881984993140846635062040119098509287472439504808393084192514920252520614617915668788129381886618 0 0 0 0 0 0 0 0 0 0 0 0 0 0 0 0 0 0 0 0 0 0 0 0 0 0 0 0 0 0 0 0 0 0 0 0 0 0 0 0 0 0 0 0 0 0 0 0 0 0 0 0 0 0 0 0 0 0 0 0 0 0 0 0 0 0 0 0 0 0 0 0 0 0 0 0 0 0 0 0 0 1 0 0 0 0 0 0 0 0 0 0 0 0 0 0 0 0 0 0 0 0 0 0]
[6122580789345688196493320874060199006578770374002942047329189329273237364312500424562306160956339600738938483773984743559323371627800045598466731789503122752090304408547538416067245086612466516487408966336333629015086241109374667440797313124717427906128977336204434084973508556202242959719604334116345709476131952293 0 0 0 0 0 0 0 0 0 0 0 0 0 0 0 0 0 0 0 0 0 0 0 0 0 0 0 0 0 0 0 0 0 0 0 0 0 0 0 0 0 0 0 0 0 0 0 0 0 0 0 0 0 0 0 0 0 0 0 0 0 0 0 0 0 0 0 0 0 0 0 0 0 0 0 0 0 0 0 0 0 0 1 0 0 0 0 0 0 0 0 0 0 0 0 0 0 0 0 0 0 0 0 0]
[162364453619639000109705592056308987549790036533157210690589313766754543346471712731885858092139090862026216387482284843921712308935844697209759007702657567715931601366086614780506861014809136079932339622192028811470934860574625542900597887172796435740161027434085799123303750189378331749633718336152792515983392327 0 0 0 0 0 0 0 0 0 0 0 0 0 0 0 0 0 0 0 0 0 0 0 0 0 0 0 0 0 0 0 0 0 0 0 0 0 0 0 0 0 0 0 0 0 0 0 0 0 0 0 0 0 0 0 0 0 0 0 0 0 0 0 0 0 0 0 0 0 0 0 0 0 0 0 0 0 0 0 0 0 0 0 1 0 0 0 0 0 0 0 0 0 0 0 0 0 0 0 0 0 0 0 0]
[980861601454039092279128473068025198431893175135091319024630147119254840388838170103389681228759110936174495273367668534750645642396824095833212067397340156695301011295476355041249581939722707102524404868842075745803427239461229608805906659078872935481778724367857263467182634470302767249753122547769148206972452974 0 0 0 0 0 0 0 0 0 0 0 0 0 0 0 0 0 0 0 0 0 0 0 0 0 0 0 0 0 0 0 0 0 0 0 0 0 0 0 0 0 0 0 0 0 0 0 0 0 0 0 0 0 0 0 0 0 0 0 0 0 0 0 0 0 0 0 0 0 0 0 0 0 0 0 0 0 0 0 0 0 0 0 0 1 0 0 0 0 0 0 0 0 0 0 0 0 0 0 0 0 0 0 0]
[7217245310307290412669988435903760178746261114578454341730749730680949374720532642815545744330644267085529516296406661691844097799154818931292987802107726129775585886243112422646329797381834879240611939540329225452233158538597841756311752318984230445610676475749831675704921548985199123732137630219704033137781212248 0 0 0 0 0 0 0 0 0 0 0 0 0 0 0 0 0 0 0 0 0 0 0 0 0 0 0 0 0 0 0 0 0 0 0 0 0 0 0 0 0 0 0 0 0 0 0 0 0 0 0 0 0 0 0 0 0 0 0 0 0 0 0 0 0 0 0 0 0 0 0 0 0 0 0 0 0 0 0 0 0 0 0 0 0 1 0 0 0 0 0 0 0 0 0 0 0 0 0 0 0 0 0 0]
[2119264817563092879034339289856599357677443425312885497844440035914630545524376661746107126142983944118121055409415165507399288372601758198773825212373039534621739354158019199454425069260659396969514021394080580368045145940027180491562454013513963680681328957554995494904258543418316139325819321999842804191073380763 0 0 0 0 0 0 0 0 0 0 0 0 0 0 0 0 0 0 0 0 0 0 0 0 0 0 0 0 0 0 0 0 0 0 0 0 0 0 0 0 0 0 0 0 0 0 0 0 0 0 0 0 0 0 0 0 0 0 0 0 0 0 0 0 0 0 0 0 0 0 0 0 0 0 0 0 0 0 0 0 0 0 0 0 0 0 1 0 0 0 0 0 0 0 0 0 0 0 0 0 0 0 0 0]
[6823369581787803379051766800750128656040986170791247383814026041015697034689453132243920298065587136181644818755431062223593326687083000321171853008977621715860892876960119907993824277547225335994762909623737988978596454669909069843483685397906137642916937837113412713923598945810398736236074686500267401488368606376 0 0 0 0 0 0 0 0 0 0 0 0 0 0 0 0 0 0 0 0 0 0 0 0 0 0 0 0 0 0 0 0 0 0 0 0 0 0 0 0 0 0 0 0 0 0 0 0 0 0 0 0 0 0 0 0 0 0 0 0 0 0 0 0 0 0 0 0 0 0 0 0 0 0 0 0 0 0 0 0 0 0 0 0 0 0 0 1 0 0 0 0 0 0 0 0 0 0 0 0 0 0 0 0]
[6570208763458587481761928998404991482397587641970896102750359918888062077050967082439853875845758668302908836860652489190078956124649487942714666129819606901763758698210956744683076893122989411828762539638262896946088327453279512612289633286982477665019352860159990383379517703578354126879559849000515951815215793478 0 0 0 0 0 0 0 0 0 0 0 0 0 0 0 0 0 0 0 0 0 0 0 0 0 0 0 0 0 0 0 0 0 0 0 0 0 0 0 0 0 0 0 0 0 0 0 0 0 0 0 0 0 0 0 0 0 0 0 0 0 0 0 0 0 0 0 0 0 0 0 0 0 0 0 0 0 0 0 0 0 0 0 0 0 0 0 0 1 0 0 0 0 0 0 0 0 0 0 0 0 0 0 0]
[1430933784500470871954674978447738872903721708412068314316262089151570096576912104014089500899857888997131752640500854196262976466336459923431324852286246373864047976658566461327794750225424995897049122143729559699371516652293892993065868303512026956447040197802875236712606480960772245496346277570541074102546506368 0 0 0 0 0 0 0 0 0 0 0 0 0 0 0 0 0 0 0 0 0 0 0 0 0 0 0 0 0 0 0 0 0 0 0 0 0 0 0 0 0 0 0 0 0 0 0 0 0 0 0 0 0 0 0 0 0 0 0 0 0 0 0 0 0 0 0 0 0 0 0 0 0 0 0 0 0 0 0 0 0 0 0 0 0 0 0 0 0 1 0 0 0 0 0 0 0 0 0 0 0 0 0 0]
[5245267681083039810968290897101261773620035215061407259472154197895976401472405394848324625714779024216900429437001084334909563166561374412529745195832323049033607121303679503169405192603691907068561138654941490697634792939692645704727772845278861147850266584530453638865266574985742326688774774918467061963445243310 0 0 0 0 0 0 0 0 0 0 0 0 0 0 0 0 0 0 0 0 0 0 0 0 0 0 0 0 0 0 0 0 0 0 0 0 0 0 0 0 0 0 0 0 0 0 0 0 0 0 0 0 0 0 0 0 0 0 0 0 0 0 0 0 0 0 0 0 0 0 0 0 0 0 0 0 0 0 0 0 0 0 0 0 0 0 0 0 0 0 1 0 0 0 0 0 0 0 0 0 0 0 0 0]
[1862834962244448560215429762392092266219938864936914262120086069727869603990525230408542988235641659026139853721522464180507496694085594207493193234840074541809529050311640983668756071986117637363864162705736141897660200511396840228310475068971525393556095013473874157768282207590053685516305407789609299600723478720 0 0 0 0 0 0 0 0 0 0 0 0 0 0 0 0 0 0 0 0 0 0 0 0 0 0 0 0 0 0 0 0 0 0 0 0 0 0 0 0 0 0 0 0 0 0 0 0 0 0 0 0 0 0 0 0 0 0 0 0 0 0 0 0 0 0 0 0 0 0 0 0 0 0 0 0 0 0 0 0 0 0 0 0 0 0 0 0 0 0 0 1 0 0 0 0 0 0 0 0 0 0 0 0]
[1643230455924145332669970795353569731351185161999159470463931810463753412121847440432884104611042400300419203564680491266960609522679098951282321977686467286606083443674213509446838739788021208435439096984703782772258855975357968049345327297750940764201732026303965701167156222047497215754417855662936180650224821383 0 0 0 0 0 0 0 0 0 0 0 0 0 0 0 0 0 0 0 0 0 0 0 0 0 0 0 0 0 0 0 0 0 0 0 0 0 0 0 0 0 0 0 0 0 0 0 0 0 0 0 0 0 0 0 0 0 0 0 0 0 0 0 0 0 0 0 0 0 0 0 0 0 0 0 0 0 0 0 0 0 0 0 0 0 0 0 0 0 0 0 0 1 0 0 0 0 0 0 0 0 0 0 0]
[2612957247692184845684601206889085155148930919737950788108329610833720626529245329390354462549864286263977671250146771804364426874583055731787578632139454517085400078163649456534744487867909095601599921500722418424307724585840282165153503322347786835423810032884718219706109114634985416251581135008710795602831887734 0 0 0 0 0 0 0 0 0 0 0 0 0 0 0 0 0 0 0 0 0 0 0 0 0 0 0 0 0 0 0 0 0 0 0 0 0 0 0 0 0 0 0 0 0 0 0 0 0 0 0 0 0 0 0 0 0 0 0 0 0 0 0 0 0 0 0 0 0 0 0 0 0 0 0 0 0 0 0 0 0 0 0 0 0 0 0 0 0 0 0 0 0 1 0 0 0 0 0 0 0 0 0 0]
[1780722536191038404704681236747625918214002253266248128807039566296134809699961665353773760829626192590295495146548724338025727831592599890598742502934417615301900035647087426077562933172882918072805558639769547629315656302224466825993823388689345070759978802388109868585059879068922735935374044891704788389030948643 0 0 0 0 0 0 0 0 0 0 0 0 0 0 0 0 0 0 0 0 0 0 0 0 0 0 0 0 0 0 0 0 0 0 0 0 0 0 0 0 0 0 0 0 0 0 0 0 0 0 0 0 0 0 0 0 0 0 0 0 0 0 0 0 0 0 0 0 0 0 0 0 0 0 0 0 0 0 0 0 0 0 0 0 0 0 0 0 0 0 0 0 0 0 1 0 0 0 0 0 0 0 0 0]
[537320278048599422114147630665643661441152693377576746515413022478876711975906287462802677714494395529335403779213533215721067046693743176180763091668748068549756049751400600040834285639648049384633133928075632803430577058399088121480687801228230920929513331085950604678412360398806184818405983468116761973758674972 0 0 0 0 0 0 0 0 0 0 0 0 0 0 0 0 0 0 0 0 0 0 0 0 0 0 0 0 0 0 0 0 0 0 0 0 0 0 0 0 0 0 0 0 0 0 0 0 0 0 0 0 0 0 0 0 0 0 0 0 0 0 0 0 0 0 0 0 0 0 0 0 0 0 0 0 0 0 0 0 0 0 0 0 0 0 0 0 0 0 0 0 0 0 0 1 0 0 0 0 0 0 0 0]
[8421376932872917133235091543192200717143078037629069153497035784860599627512975176707318646040005117098670812886001524986510238613939594852244320583861538783392004391837996865415116194344595600674315942565922152930526081801525271013220252105848605040875713479062242126086183580038495146642014763514752183328097194395 0 0 0 0 0 0 0 0 0 0 0 0 0 0 0 0 0 0 0 0 0 0 0 0 0 0 0 0 0 0 0 0 0 0 0 0 0 0 0 0 0 0 0 0 0 0 0 0 0 0 0 0 0 0 0 0 0 0 0 0 0 0 0 0 0 0 0 0 0 0 0 0 0 0 0 0 0 0 0 0 0 0 0 0 0 0 0 0 0 0 0 0 0 0 0 0 1 0 0 0 0 0 0 0]
[553371457378700063658300577816187395453099231910594038599634682344902761413122789234623964032949570861778754730958867371127287308947185647980484294253578205754651735435895694140155767639667840425400356460414607431998981405471369725503815097449215437615763590975956463786148681147625823358206801684357202948949266076 0 0 0 0 0 0 0 0 0 0 0 0 0 0 0 0 0 0 0 0 0 0 0 0 0 0 0 0 0 0 0 0 0 0 0 0 0 0 0 0 0 0 0 0 0 0 0 0 0 0 0 0 0 0 0 0 0 0 0 0 0 0 0 0 0 0 0 0 0 0 0 0 0 0 0 0 0 0 0 0 0 0 0 0 0 0 0 0 0 0 0 0 0 0 0 0 0 1 0 0 0 0 0 0]
[3452639185667090540131712958790005811138443034504087403869130163333679781139852428811132280792758672597996134324581562649625756706525696402647136765334204049694861022158355062295147229954125997919648279529131782726434036063331099148075198142666494810950988823174595477188909202984018909146084748959987226123142273107 0 0 0 0 0 0 0 0 0 0 0 0 0 0 0 0 0 0 0 0 0 0 0 0 0 0 0 0 0 0 0 0 0 0 0 0 0 0 0 0 0 0 0 0 0 0 0 0 0 0 0 0 0 0 0 0 0 0 0 0 0 0 0 0 0 0 0 0 0 0 0 0 0 0 0 0 0 0 0 0 0 0 0 0 0 0 0 0 0 0 0 0 0 0 0 0 0 0 1 0 0 0 0 0]
[7885416774700812253913874823099251102659204512404829997384908717194462823426357697044429054256860835489006884321567560991659534107567776044876601476917256322582264530446147412328727530312600471967981529467595230276707544421181478708479796748695503715614441851882323084248628669996585777008168120828524468742827277287 0 0 0 0 0 0 0 0 0 0 0 0 0 0 0 0 0 0 0 0 0 0 0 0 0 0 0 0 0 0 0 0 0 0 0 0 0 0 0 0 0 0 0 0 0 0 0 0 0 0 0 0 0 0 0 0 0 0 0 0 0 0 0 0 0 0 0 0 0 0 0 0 0 0 0 0 0 0 0 0 0 0 0 0 0 0 0 0 0 0 0 0 0 0 0 0 0 0 0 1 0 0 0 0]
[8819228620047009848921501977532189038820121092523035328266776975505608579357639038382919427358425003942448939025621413495247117605931760914616688331966424819723003370808525847699233048139151358132820777533944544690844918955145371882193641154890528632755663329229623100676807379805770038130374536913901235229933825637 0 0 0 0 0 0 0 0 0 0 0 0 0 0 0 0 0 0 0 0 0 0 0 0 0 0 0 0 0 0 0 0 0 0 0 0 0 0 0 0 0 0 0 0 0 0 0 0 0 0 0 0 0 0 0 0 0 0 0 0 0 0 0 0 0 0 0 0 0 0 0 0 0 0 0 0 0 0 0 0 0 0 0 0 0 0 0 0 0 0 0 0 0 0 0 0 0 0 0 0 1 0 0 0]
[3997230568445296804262379970702171453850858535814387940617527166849369081020156297692619617120267555252771026636360274203401591949972441595180088884071102989022604476413913773316649766107330411336541718105247511924683183957674245163370696844037723234600451606253323619621018665748171197447762826786118759981186205380 0 0 0 0 0 0 0 0 0 0 0 0 0 0 0 0 0 0 0 0 0 0 0 0 0 0 0 0 0 0 0 0 0 0 0 0 0 0 0 0 0 0 0 0 0 0 0 0 0 0 0 0 0 0 0 0 0 0 0 0 0 0 0 0 0 0 0 0 0 0 0 0 0 0 0 0 0 0 0 0 0 0 0 0 0 0 0 0 0 0 0 0 0 0 0 0 0 0 0 0 0 1 0 0]
[7540327055831340974760843721286117158516804833330216893226546756212104209106811095421549350318091050887187421847068315828718246425649294610681197651674463008976034837312764535855151897316615032780410512510475024893634436273477624242975592432438674837469044822302986729199467552043884982502464694721482137199934872522 0 0 0 0 0 0 0 0 0 0 0 0 0 0 0 0 0 0 0 0 0 0 0 0 0 0 0 0 0 0 0 0 0 0 0 0 0 0 0 0 0 0 0 0 0 0 0 0 0 0 0 0 0 0 0 0 0 0 0 0 0 0 0 0 0 0 0 0 0 0 0 0 0 0 0 0 0 0 0 0 0 0 0 0 0 0 0 0 0 0 0 0 0 0 0 0 0 0 0 0 0 0 1 0]
[4591790349402369153257013597361593804192141340017795047193607166611794662483731973900400826823203160224182962775292166559555618907075556827983842924015419463872641461444516490341900213143681828291156478644401062697446612645331435522662502002787672098652723690949874195719137007217265400091776739213535760843280419300 0 0 0 0 0 0 0 0 0 0 0 0 0 0 0 0 0 0 0 0 0 0 0 0 0 0 0 0 0 0 0 0 0 0 0 0 0 0 0 0 0 0 0 0 0 0 0 0 0 0 0 0 0 0 0 0 0 0 0 0 0 0 0 0 0 0 0 0 0 0 0 0 0 0 0 0 0 0 0 0 0 0 0 0 0 0 0 0 0 0 0 0 0 0 0 0 0 0 0 0 0 0 0 1]
]
