[[7663638100232035478755638030176497983714742387870174519929032140401461236015010207063661101969701527734311907998292943050002162100008183353232819777819032172493882070703427086721408031331392000760623229265666232456124213293789253206421564982258493325241145465717052519870431899362946479461246980086868452743271266877 0 0 0 0 0 0 0 0 0 0 0 0 0 0 0 0 0 0 0 0 0 0 0 0 0 0 0 0 0 0 0 0 0 0 0 0 0 0 0 0 0 0 0 0 0 0 0 0 0 0 0 0 0 0 0 0 0 0 0 0 0 0 0 0 0 0 0 0 0 0 0 0 0 0 0 0 0 0 0 0 0 0 0 0 0 0 0 0 0 0 0 0 0 0 0 0 0 0 0 0 0 0 0 0]
[3479501531701881600007412710157203726209649167171307431307065428087518691089579370312452615070158523778698743107242962391716849833850338353462305072633052717092132705645443633577376535827212933623407882110203880118024997476643521431472506488336272240496512189849782680708442072963703392034885982020495266791796158080 1 0 0 0 0 0 0 0 0 0 0 0 0 0 0 0 0 0 0 0 0 0 0 0 0 0 0 0 0 0 0 0 0 0 0 0 0 0 0 0 0 0 0 0 0 0 0 0 0 0 0 0 0 0 0 0 0 0 0 0 0 0 0 0 0 0 0 0 0 0 0 0 0 0 0 0 0 0 0 0 0 0 0 0 0 0 0 0 0 0 0 0 0 0 0 0 0 0 0 0 0 0 0 0]
[3986878072722526976877680000719534545200962300765812788997160222480600514785890362574009184240331843739674554789826013439995186060950006448792016240223644530004576005422380844895891820646472333136425079870301291897270935271105465322396684884548058625508703414271443405344556554951312904396900174811222772888334370173 0 1 0 0 0 0 0 0 0 0 0 0 0 0 0 0 0 0 0 0 0 0 0 0 0 0 0 0 0 0 0 0 0 0 0 0 0 0 0 0 0 0 0 0 0 0 0 0 0 0 0 0 0 0 0 0 0 0 0 0 0 0 0 0 0 0 0 0 0 0 0 0 0 0 0 0 0 0 0 0 0 0 0 0 0 0 0 0 0 0 0 0 0 0 0 0 0 0 0 0 0 0 0 0]
[5006859694684288916549594628773886347182009909457540413690566612210227916817336857890011880030422579421908805479447113210375800391298785167517378406200009423302984758001393792777809967959571878813520954288514679839520605055433390995348043014700229718553577049003410373199078118862314141223066971328066980072325885434 0 0 1 0 0 0 0 0 0 0 0 0 0 0 0 0 0 0 0 0 0 0 0 0 0 0 0 0 0 0 0 0 0 0 0 0 0 0 0 0 0 0 0 0 0 0 0 0 0 0 0 0 0 0 0 0 0 0 0 0 0 0 0 0 0 0 0 0 0 0 0 0 0 0 0 0 0 0 0 0 0 0 0 0 0 0 0 0 0 0 0 0 0 0 0 0 0 0 0 0 0 0 0 0]
[5830720225443667545688582248395266160020056286737116551403709976400172996945243710919920499470142833197390131305076099336469106684434988344724432053016437421172583622919288756277887342571500792038526198234631004906836914673705746504263490636150299554873449515061140930245712325296065510210665828904856102541307898835 0 0 0 1 0 0 0 0 0 0 0 0 0 0 0 0 0 0 0 0 0 0 0 0 0 0 0 0 0 0 0 0 0 0 0 0 0 0 0 0 0 0 0 0 0 0 0 0 0 0 0 0 0 0 0 0 0 0 0 0 0 0 0 0 0 0 0 0 0 0 0 0 0 0 0 0 0 0 0 0 0 0 0 0 0 0 0 0 0 0 0 0 0 0 0 0 0 0 0 0 0 0 0 0]
[3035766748218823464067916215605258837628893390345264785263474798961944356626730085330308182284767774187246789151100802939944184115238593529185358262498005758983860192900420863227555188980946638122243313076548360102463332126656492518442276264926807764855862068716584850483535863192385624633948700309986539446025062023 0 0 0 0 1 0 0 0 0 0 0 0 0 0 0 0 0 0 0 0 0 0 0 0 0 0 0 0 0 0 0 0 0 0 0 0 0 0 0 0 0 0 0 0 0 0 0 0 0 0 0 0 0 0 0 0 0 0 0 0 0 0 0 0 0 0 0 0 0 0 0 0 0 0 0 0 0 0 0 0 0 0 0 0 0 0 0 0 0 0 0 0 0 0 0 0 0 0 0 0 0 0 0 0]
[3781472165174975890069243659432583838820329898521082751975711971112599683558240985727796121556864921680704673878619435369661487270875095941181726641925289160826776925905253647193073431636740893392941227460969907263891927672676422259928504578632212858964849410578202468557039282106432545599941828204401035161469156452 0 0 0 0 0 1 0 0 0 0 0 0 0 0 0 0 0 0 0 0 0 0 0 0 0 0 0 0 0 0 0 0 0 0 0 0 0 0 0 0 0 0 0 0 0 0 0 0 0 0 0 0 0 0 0 0 0 0 0 0 0 0 0 0 0 0 0 0 0 0 0 0 0 0 0 0 0 0 0 0 0 0 0 0 0 0 0 0 0 0 0 0 0 0 0 0 0 0 0 0 0 0 0 0]
[3062459523787494574523552311418078673511339270833137486187902142798417933769654831571898670554963508621962110356018138608884786713960845005276951966513945820627495698957832528926992154344186420732027874562158068887239668125281788156287370875229107241797100233077392706962196792155413016954513981870438702308835009520 0 0 0 0 0 0 1 0 0 0 0 0 0 0 0 0 0 0 0 0 0 0 0 0 0 0 0 0 0 0 0 0 0 0 0 0 0 0 0 0 0 0 0 0 0 0 0 0 0 0 0 0 0 0 0 0 0 0 0 0 0 0 0 0 0 0 0 0 0 0 0 0 0 0 0 0 0 0 0 0 0 0 0 0 0 0 0 0 0 0 0 0 0 0 0 0 0 0 0 0 0 0 0 0]
[7612276621091685591130779341423715778229969709162066472200026675951518910455594119023564041836671346099254633411389908629210001248929766460784558648202516567148742773847131544238250158003637715876672363020995468197328337403017005173036804288584735292109344413531827802741378104195460517349552908790412787402879784278 0 0 0 0 0 0 0 1 0 0 0 0 0 0 0 0 0 0 0 0 0 0 0 0 0 0 0 0 0 0 0 0 0 0 0 0 0 0 0 0 0 0 0 0 0 0 0 0 0 0 0 0 0 0 0 0 0 0 0 0 0 0 0 0 0 0 0 0 0 0 0 0 0 0 0 0 0 0 0 0 0 0 0 0 0 0 0 0 0 0 0 0 0 0 0 0 0 0 0 0 0 0 0 0]
[1566284201498530842850533704248601106501870534153701264799675617512421646499971507005061184726820810890594053335594758963217838891079899630308096024161049719002308913127643172440403029105093416402685843054941772514115849845112587292949750834978349495937013916752199111211793026837651330838032674155896337145682594036 0 0 0 0 0 0 0 0 1 0 0 0 0 0 0 0 0 0 0 0 0 0 0 0 0 0 0 0 0 0 0 0 0 0 0 0 0 0 0 0 0 0 0 0 0 0 0 0 0 0 0 0 0 0 0 0 0 0 0 0 0 0 0 0 0 0 0 0 0 0 0 0 0 0 0 0 0 0 0 0 0 0 0 0 0 0 0 0 0 0 0 0 0 0 0 0 0 0 0 0 0 0 0 0]
[3202096266394572905247022277890372568868718559788860978073974591932884847177149573221209652898219679406323554506510959880072780325712567029121466187320147110349448562148418036752420742072860615115293692086991443135780755492071551146160479633685582089561573077550879151218389115032774523812576977811373212634073178854 0 0 0 0 0 0 0 0 0 1 0 0 0 0 0 0 0 0 0 0 0 0 0 0 0 0 0 0 0 0 0 0 0 0 0 0 0 0 0 0 0 0 0 0 0 0 0 0 0 0 0 0 0 0 0 0 0 0 0 0 0 0 0 0 0 0 0 0 0 0 0 0 0 0 0 0 0 0 0 0 0 0 0 0 0 0 0 0 0 0 0 0 0 0 0 0 0 0 0 0 0 0 0 0]
[6701479660771259521048907324014003377997849549306083885968467375447484604853798532346509630499134525942337529927553088687360715788192588871067028777266279826500319666682189756125220847109919798568456759854415358863483074186075534017720496855874654226700736085777894272506207720974734577972551688363450641939256502005 0 0 0 0 0 0 0 0 0 0 1 0 0 0 0 0 0 0 0 0 0 0 0 0 0 0 0 0 0 0 0 0 0 0 0 0 0 0 0 0 0 0 0 0 0 0 0 0 0 0 0 0 0 0 0 0 0 0 0 0 0 0 0 0 0 0 0 0 0 0 0 0 0 0 0 0 0 0 0 0 0 0 0 0 0 0 0 0 0 0 0 0 0 0 0 0 0 0 0 0 0 0 0 0]
[4672558984133360170655916034426929280345926475379631180967070014684891209710749021082545092999254217388885051886735296455632966276641603661095325435857722876531594897074287881181107633471471278214972819569631230086690840439171779961001011732448211539436688913987594322776170943903051789710966393371267774781313302048 0 0 0 0 0 0 0 0 0 0 0 1 0 0 0 0 0 0 0 0 0 0 0 0 0 0 0 0 0 0 0 0 0 0 0 0 0 0 0 0 0 0 0 0 0 0 0 0 0 0 0 0 0 0 0 0 0 0 0 0 0 0 0 0 0 0 0 0 0 0 0 0 0 0 0 0 0 0 0 0 0 0 0 0 0 0 0 0 0 0 0 0 0 0 0 0 0 0 0 0 0 0 0 0]
[1341622457539487693011592004354059985715633486136650983278971891952740730045079460048012011221309231052025127345987920083777067493879555599556750103698557913256533188565898981857679984164280268070665159154864893631036158801913728019922387036278878110145324753217601094141597580537366515406596912344007111468989420734 0 0 0 0 0 0 0 0 0 0 0 0 1 0 0 0 0 0 0 0 0 0 0 0 0 0 0 0 0 0 0 0 0 0 0 0 0 0 0 0 0 0 0 0 0 0 0 0 0 0 0 0 0 0 0 0 0 0 0 0 0 0 0 0 0 0 0 0 0 0 0 0 0 0 0 0 0 0 0 0 0 0 0 0 0 0 0 0 0 0 0 0 0 0 0 0 0 0 0 0 0 0 0 0]
[3891319772602791380293847969682616385436836869551962964680775766213118246325154232176423811026828600828010120803512902498123367176086359927300043381182875402652378062502183076176581201133905112772995282484159689344557360234533184003035123700371998231802654187748276902359101140318882784007550744050493176134053667367 0 0 0 0 0 0 0 0 0 0 0 0 0 1 0 0 0 0 0 0 0 0 0 0 0 0 0 0 0 0 0 0 0 0 0 0 0 0 0 0 0 0 0 0 0 0 0 0 0 0 0 0 0 0 0 0 0 0 0 0 0 0 0 0 0 0 0 0 0 0 0 0 0 0 0 0 0 0 0 0 0 0 0 0 0 0 0 0 0 0 0 0 0 0 0 0 0 0 0 0 0 0 0 0]
[5238462312237829058529282893507087560327644256608839124508746997197453057380073747391183369955756510504278152706119659169148219885024844197339280483815980267016093248875088256616027116132915956093134468713563657062725713774664590176246660040830835373703495523548658824998194664718697578849074631083495743554725627604 0 0 0 0 0 0 0 0 0 0 0 0 0 0 1 0 0 0 0 0 0 0 0 0 0 0 0 0 0 0 0 0 0 0 0 0 0 0 0 0 0 0 0 0 0 0 0 0 0 0 0 0 0 0 0 0 0 0 0 0 0 0 0 0 0 0 0 0 0 0 0 0 0 0 0 0 0 0 0 0 0 0 0 0 0 0 0 0 0 0 0 0 0 0 0 0 0 0 0 0 0 0 0 0]
[2619440223447491769641416213917578657453322254014991502430429383875051518420378024066747055949392458829335357015329426152756005675572339517904747011120187140369964970459268842027879807395360050284766469640904824039782993602244163860042002003703157869125786742647977090684046409845351819208605415084641549474330514501 0 0 0 0 0 0 0 0 0 0 0 0 0 0 0 1 0 0 0 0 0 0 0 0 0 0 0 0 0 0 0 0 0 0 0 0 0 0 0 0 0 0 0 0 0 0 0 0 0 0 0 0 0 0 0 0 0 0 0 0 0 0 0 0 0 0 0 0 0 0 0 0 0 0 0 0 0 0 0 0 0 0 0 0 0 0 0 0 0 0 0 0 0 0 0 0 0 0 0 0 0 0 0 0]
[3249661765885360788777825383813302950392805537230070551852706617360329534388759979524439314566413733257728474213847306916902541189786659209750289746015249689635642932600296257567014939274292057582740506231901646920933194641742595481081605029947294934465577264437755531365553299664873748786642626692692155103947221758 0 0 0 0 0 0 0 0 0 0 0 0 0 0 0 0 1 0 0 0 0 0 0 0 0 0 0 0 0 0 0 0 0 0 0 0 0 0 0 0 0 0 0 0 0 0 0 0 0 0 0 0 0 0 0 0 0 0 0 0 0 0 0 0 0 0 0 0 0 0 0 0 0 0 0 0 0 0 0 0 0 0 0 0 0 0 0 0 0 0 0 0 0 0 0 0 0 0 0 0 0 0 0 0]
[751425256388666093220209914238753187115090140509758257371631907670962578631182630258917058570301285445526510503535447199257478329211279861369443210299614312763752650214758588256953504550952643700958778582843886453148624302676019175715640950388331072847025781222001227059320255274929135816658059196820409738515128019 0 0 0 0 0 0 0 0 0 0 0 0 0 0 0 0 0 1 0 0 0 0 0 0 0 0 0 0 0 0 0 0 0 0 0 0 0 0 0 0 0 0 0 0 0 0 0 0 0 0 0 0 0 0 0 0 0 0 0 0 0 0 0 0 0 0 0 0 0 0 0 0 0 0 0 0 0 0 0 0 0 0 0 0 0 0 0 0 0 0 0 0 0 0 0 0 0 0 0 0 0 0 0 0]
[5788130950389274444132107336782055405221657561158520725300158829029911642709437482496006221302567532963121074227570516133874009512658864294810430771319835084965309758899241813491988026161244620318508664677040503979234590881028351150545129986020353412453968024000980281028232968801710407669306419945403427451051542688 0 0 0 0 0 0 0 0 0 0 0 0 0 0 0 0 0 0 1 0 0 0 0 0 0 0 0 0 0 0 0 0 0 0 0 0 0 0 0 0 0 0 0 0 0 0 0 0 0 0 0 0 0 0 0 0 0 0 0 0 0 0 0 0 0 0 0 0 0 0 0 0 0 0 0 0 0 0 0 0 0 0 0 0 0 0 0 0 0 0 0 0 0 0 0 0 0 0 0 0 0 0 0 0]
[982340040348798846313381113207242042770009231751422277786789552435950993890873652102545536559973795419225615866914261802245579051339217168194871230110799433075158385964762643353111132846254916981084076620857415534016994657350308607881969218647342428568667402054659801432508900540647365991671479775607573280361695640 0 0 0 0 0 0 0 0 0 0 0 0 0 0 0 0 0 0 0 1 0 0 0 0 0 0 0 0 0 0 0 0 0 0 0 0 0 0 0 0 0 0 0 0 0 0 0 0 0 0 0 0 0 0 0 0 0 0 0 0 0 0 0 0 0 0 0 0 0 0 0 0 0 0 0 0 0 0 0 0 0 0 0 0 0 0 0 0 0 0 0 0 0 0 0 0 0 0 0 0 0 0 0 0]
[4808904331011138386274124659938375150559143370976596883611117589562290188169362119582986181804365587078188429853187920267917479184553120666416222279948058942185275598638238824064364901544140915888040373467886197885387153482174295798768099232915520316788199951129314379509078762053620859391397030849634977267200251433 0 0 0 0 0 0 0 0 0 0 0 0 0 0 0 0 0 0 0 0 1 0 0 0 0 0 0 0 0 0 0 0 0 0 0 0 0 0 0 0 0 0 0 0 0 0 0 0 0 0 0 0 0 0 0 0 0 0 0 0 0 0 0 0 0 0 0 0 0 0 0 0 0 0 0 0 0 0 0 0 0 0 0 0 0 0 0 0 0 0 0 0 0 0 0 0 0 0 0 0 0 0 0 0]
[7138892491361557151866743281518157726369914739510090393436842097360112828939596482374903176004635180974252457905554381662353064711711226417222302315647921734556226909392550589893161311021492373022786829694143594144272024384632361226035153142134511716718710828024007178981877265064959466415805984732303831260411492117 0 0 0 0 0 0 0 0 0 0 0 0 0 0 0 0 0 0 0 0 0 1 0 0 0 0 0 0 0 0 0 0 0 0 0 0 0 0 0 0 0 0 0 0 0 0 0 0 0 0 0 0 0 0 0 0 0 0 0 0 0 0 0 0 0 0 0 0 0 0 0 0 0 0 0 0 0 0 0 0 0 0 0 0 0 0 0 0 0 0 0 0 0 0 0 0 0 0 0 0 0 0 0 0]
[850147340695618660648626243984195241466134393000028641998652514989303024450854302947959524779913743189418972183037056480313469597844705630131083655701368344713946903842823740248086302779141037310390959750021774313990726567731391994580472534628413362655362727015693736360907370593813263090388752274380170835331936682 0 0 0 0 0 0 0 0 0 0 0 0 0 0 0 0 0 0 0 0 0 0 1 0 0 0 0 0 0 0 0 0 0 0 0 0 0 0 0 0 0 0 0 0 0 0 0 0 0 0 0 0 0 0 0 0 0 0 0 0 0 0 0 0 0 0 0 0 0 0 0 0 0 0 0 0 0 0 0 0 0 0 0 0 0 0 0 0 0 0 0 0 0 0 0 0 0 0 0 0 0 0 0 0]
[6738224722054979799358025817400105196467859708388849219759505808816591960028020311198747583802947428373722665676017298993725086746544708538153075109100842000939315502294306752794265097716239987405418439718268433383959229481078791412469325062225748374800929584693767630494759529099847613572453814880588877715453283948 0 0 0 0 0 0 0 0 0 0 0 0 0 0 0 0 0 0 0 0 0 0 0 1 0 0 0 0 0 0 0 0 0 0 0 0 0 0 0 0 0 0 0 0 0 0 0 0 0 0 0 0 0 0 0 0 0 0 0 0 0 0 0 0 0 0 0 0 0 0 0 0 0 0 0 0 0 0 0 0 0 0 0 0 0 0 0 0 0 0 0 0 0 0 0 0 0 0 0 0 0 0 0 0]
[7165859524701221278539736724739460520900753094961668393494826341753503573065563597570787993363108214949648588650309870850271990833121317296761575780637113845613584301020213638976102574836328671358422108132005596911989106116033959009550439320832897978303702834398326401137351875466745395362426580574792876211175777728 0 0 0 0 0 0 0 0 0 0 0 0 0 0 0 0 0 0 0 0 0 0 0 0 1 0 0 0 0 0 0 0 0 0 0 0 0 0 0 0 0 0 0 0 0 0 0 0 0 0 0 0 0 0 0 0 0 0 0 0 0 0 0 0 0 0 0 0 0 0 0 0 0 0 0 0 0 0 0 0 0 0 0 0 0 0 0 0 0 0 0 0 0 0 0 0 0 0 0 0 0 0 0 0]
[7396800133353245204826550899038811257263172928988353227500527415790290576433378300421656366606151511362836996978626604255992075864254370177863187869448273573477633040746178956716581828632894874255384472735691034668664830973662726110175056500046139889634506581325931353796095659858942672874888134328425404822597462755 0 0 0 0 0 0 0 0 0 0 0 0 0 0 0 0 0 0 0 0 0 0 0 0 0 1 0 0 0 0 0 0 0 0 0 0 0 0 0 0 0 0 0 0 0 0 0 0 0 0 0 0 0 0 0 0 0 0 0 0 0 0 0 0 0 0 0 0 0 0 0 0 0 0 0 0 0 0 0 0 0 0 0 0 0 0 0 0 0 0 0 0 0 0 0 0 0 0 0 0 0 0 0 0]
[1070828246677559273229871838112832326663002836274034094814923099365334366970973172207180582604434862784068313347970696968732532409512132226848111881289293970067557220120601463376329182242752746042110865986410277283709166886479380258777931747617952318015397740997611810987729201560809910194814780496761844202756019093 0 0 0 0 0 0 0 0 0 0 0 0 0 0 0 0 0 0 0 0 0 0 0 0 0 0 1 0 0 0 0 0 0 0 0 0 0 0 0 0 0 0 0 0 0 0 0 0 0 0 0 0 0 0 0 0 0 0 0 0 0 0 0 0 0 0 0 0 0 0 0 0 0 0 0 0 0 0 0 0 0 0 0 0 0 0 0 0 0 0 0 0 0 0 0 0 0 0 0 0 0 0 0 0]
[5889658464773287741936640304947581466592549610092140346040298652429691803293794775140152277205392927942157263486485849107049616214616730011251689318410236158911139127147017935518161489833151613360287062676897147563373061817813013613499148014765491423981213849073525493479367426840945050278241173723048983678386126691 0 0 0 0 0 0 0 0 0 0 0 0 0 0 0 0 0 0 0 0 0 0 0 0 0 0 0 1 0 0 0 0 0 0 0 0 0 0 0 0 0 0 0 0 0 0 0 0 0 0 0 0 0 0 0 0 0 0 0 0 0 0 0 0 0 0 0 0 0 0 0 0 0 0 0 0 0 0 0 0 0 0 0 0 0 0 0 0 0 0 0 0 0 0 0 0 0 0 0 0 0 0 0 0]
[2691830396532459392418189512911149741147780451583224333424209244205882824103100428979462458810821070164437581021042004416519303852798714637437816343408974331119707876735263328230583863277269848735989109976360691637622055249294967190222334195751998929299497358461837662277633366232947718849320848563892579256716568985 0 0 0 0 0 0 0 0 0 0 0 0 0 0 0 0 0 0 0 0 0 0 0 0 0 0 0 0 1 0 0 0 0 0 0 0 0 0 0 0 0 0 0 0 0 0 0 0 0 0 0 0 0 0 0 0 0 0 0 0 0 0 0 0 0 0 0 0 0 0 0 0 0 0 0 0 0 0 0 0 0 0 0 0 0 0 0 0 0 0 0 0 0 0 0 0 0 0 0 0 0 0 0 0]
[3004025306909143536440881779818600970892516416583155316348107997917988186765129718242283632505164285919261294612080127915526757152663574594298907962627862993286875505852436552837742011067528717235227375795432349872414695474846976440391513962128375970742132657480562173458676591026616934744631434993065496923785730782 0 0 0 0 0 0 0 0 0 0 0 0 0 0 0 0 0 0 0 0 0 0 0 0 0 0 0 0 0 1 0 0 0 0 0 0 0 0 0 0 0 0 0 0 0 0 0 0 0 0 0 0 0 0 0 0 0 0 0 0 0 0 0 0 0 0 0 0 0 0 0 0 0 0 0 0 0 0 0 0 0 0 0 0 0 0 0 0 0 0 0 0 0 0 0 0 0 0 0 0 0 0 0 0]
[5402168210583358363339111312845954406883967611583490764168561549933051497172571724905540240129229806928644530768996555532201046709375849939641924060278390062562555119360046440751390133294963863292077593433544818049134021674678273515838383610994597675315552358103456531674940459324289726649729083547818460143181112237 0 0 0 0 0 0 0 0 0 0 0 0 0 0 0 0 0 0 0 0 0 0 0 0 0 0 0 0 0 0 1 0 0 0 0 0 0 0 0 0 0 0 0 0 0 0 0 0 0 0 0 0 0 0 0 0 0 0 0 0 0 0 0 0 0 0 0 0 0 0 0 0 0 0 0 0 0 0 0 0 0 0 0 0 0 0 0 0 0 0 0 0 0 0 0 0 0 0 0 0 0 0 0 0]
[6043844688535494407814527436371614222730452861379854399675924415607421268290710893735185736353115776093243730169879407719043812858929301834782087708543637919336644496769487756788037631764168235629073072336252866162945540704868506134627650591752952210175922083175872499825091792861574204556091344886696961112912102178 0 0 0 0 0 0 0 0 0 0 0 0 0 0 0 0 0 0 0 0 0 0 0 0 0 0 0 0 0 0 0 1 0 0 0 0 0 0 0 0 0 0 0 0 0 0 0 0 0 0 0 0 0 0 0 0 0 0 0 0 0 0 0 0 0 0 0 0 0 0 0 0 0 0 0 0 0 0 0 0 0 0 0 0 0 0 0 0 0 0 0 0 0 0 0 0 0 0 0 0 0 0 0 0]
[758031494343045545836898661338021033879329887608455455759600053803339670485504074145472476373935304615058034093222802898062229789935384144652209532793687370625906703594409361078537049132069269244479599383372744336944291543303583572402634116246396803615089968020847372897815373441963291889814270008516336699133468224 0 0 0 0 0 0 0 0 0 0 0 0 0 0 0 0 0 0 0 0 0 0 0 0 0 0 0 0 0 0 0 0 1 0 0 0 0 0 0 0 0 0 0 0 0 0 0 0 0 0 0 0 0 0 0 0 0 0 0 0 0 0 0 0 0 0 0 0 0 0 0 0 0 0 0 0 0 0 0 0 0 0 0 0 0 0 0 0 0 0 0 0 0 0 0 0 0 0 0 0 0 0 0 0]
[67474685251352351875026015505561362257845099216272719890688123008224309920701876850977467558487531476850226231605843463856130409321930999580290050338193273485207901304603679010091147009365958309303738198222217572718288729426486076237939667355213213064367912458444998021650940983343009221774532015344492808494054753 0 0 0 0 0 0 0 0 0 0 0 0 0 0 0 0 0 0 0 0 0 0 0 0 0 0 0 0 0 0 0 0 0 1 0 0 0 0 0 0 0 0 0 0 0 0 0 0 0 0 0 0 0 0 0 0 0 0 0 0 0 0 0 0 0 0 0 0 0 0 0 0 0 0 0 0 0 0 0 0 0 0 0 0 0 0 0 0 0 0 0 0 0 0 0 0 0 0 0 0 0 0 0 0]
[4360854413151040580599391582827836652949114248796827539297573651465249137516513184604922787128232691557091066399894463598801336572383536019635618995313593238816541283694383616944151003333706314723132214397300679665696160552779395942871168780377252733761491265251794856622016784580982554397194036733698940276726193286 0 0 0 0 0 0 0 0 0 0 0 0 0 0 0 0 0 0 0 0 0 0 0 0 0 0 0 0 0 0 0 0 0 0 1 0 0 0 0 0 0 0 0 0 0 0 0 0 0 0 0 0 0 0 0 0 0 0 0 0 0 0 0 0 0 0 0 0 0 0 0 0 0 0 0 0 0 0 0 0 0 0 0 0 0 0 0 0 0 0 0 0 0 0 0 0 0 0 0 0 0 0 0 0]
[3906157119320560046145558023273856045942815242604035801375341622583779055692640871210969128842268269660727813149939412040345222034758261929066672490267444126630557401200778957081404952138418756451219441554031149085278726844354758334219509133279602612170579789152989869218853708408308576085575143888115577668306543520 0 0 0 0 0 0 0 0 0 0 0 0 0 0 0 0 0 0 0 0 0 0 0 0 0 0 0 0 0 0 0 0 0 0 0 1 0 0 0 0 0 0 0 0 0 0 0 0 0 0 0 0 0 0 0 0 0 0 0 0 0 0 0 0 0 0 0 0 0 0 0 0 0 0 0 0 0 0 0 0 0 0 0 0 0 0 0 0 0 0 0 0 0 0 0 0 0 0 0 0 0 0 0 0]
[1634492600460606412435307406820771291299551023067179342053607877319615848437908634146503241236928070203991897489526979980422023950833951959600906366085402938048293875050283571950989098128686250969116957437230980520236863261234437028493296137173051424032070188089384287969506798721751292465876185459905128920262660910 0 0 0 0 0 0 0 0 0 0 0 0 0 0 0 0 0 0 0 0 0 0 0 0 0 0 0 0 0 0 0 0 0 0 0 0 1 0 0 0 0 0 0 0 0 0 0 0 0 0 0 0 0 0 0 0 0 0 0 0 0 0 0 0 0 0 0 0 0 0 0 0 0 0 0 0 0 0 0 0 0 0 0 0 0 0 0 0 0 0 0 0 0 0 0 0 0 0 0 0 0 0 0 0]
[1876346009787709491577655359066594020130764432400768479443001260051475161509721233829601855350927462028636732111445637670217156633281310149789193738440381093072253802151973754476006180458882698310238700878757808521552040157092269711407543048309745960124242918458891978258454286257644922301504060338498782475506877251 0 0 0 0 0 0 0 0 0 0 0 0 0 0 0 0 0 0 0 0 0 0 0 0 0 0 0 0 0 0 0 0 0 0 0 0 0 1 0 0 0 0 0 0 0 0 0 0 0 0 0 0 0 0 0 0 0 0 0 0 0 0 0 0 0 0 0 0 0 0 0 0 0 0 0 0 0 0 0 0 0 0 0 0 0 0 0 0 0 0 0 0 0 0 0 0 0 0 0 0 0 0 0 0]
[5141207680110328124291418733379424951012534942361496348889599363193124230831385921894564629594456892870103557006894072405542898681953525982049735902532051948419387218223902632780951604544516332403913329411602511905358080062556136958997624949769652258090505267844956096366631151151858580703133331109309372957127488454 0 0 0 0 0 0 0 0 0 0 0 0 0 0 0 0 0 0 0 0 0 0 0 0 0 0 0 0 0 0 0 0 0 0 0 0 0 0 1 0 0 0 0 0 0 0 0 0 0 0 0 0 0 0 0 0 0 0 0 0 0 0 0 0 0 0 0 0 0 0 0 0 0 0 0 0 0 0 0 0 0 0 0 0 0 0 0 0 0 0 0 0 0 0 0 0 0 0 0 0 0 0 0 0]
[2419452667981183508149998130537808199293525077855373341190746449273537226651624661877443148329555546182452137615311914237940669345444023712988272346960651405506291297051005918398197307027357940359008010902657352080191117798353073316407079114663994624056233632325930917814699315969611480209079176397146415335315700837 0 0 0 0 0 0 0 0 0 0 0 0 0 0 0 0 0 0 0 0 0 0 0 0 0 0 0 0 0 0 0 0 0 0 0 0 0 0 0 1 0 0 0 0 0 0 0 0 0 0 0 0 0 0 0 0 0 0 0 0 0 0 0 0 0 0 0 0 0 0 0 0 0 0 0 0 0 0 0 0 0 0 0 0 0 0 0 0 0 0 0 0 0 0 0 0 0 0 0 0 0 0 0 0]
[1997017150750824521074130246277849800980313514612739195022560789344477759590721220971774845783932385521562869506490114692330732595140145276993366455984962203449904526913359526168046976081564735398610254419067498799649893743191038504379091546316020339348674391500034886085765428678444451556549276405689416858915197471 0 0 0 0 0 0 0 0 0 0 0 0 0 0 0 0 0 0 0 0 0 0 0 0 0 0 0 0 0 0 0 0 0 0 0 0 0 0 0 0 1 0 0 0 0 0 0 0 0 0 0 0 0 0 0 0 0 0 0 0 0 0 0 0 0 0 0 0 0 0 0 0 0 0 0 0 0 0 0 0 0 0 0 0 0 0 0 0 0 0 0 0 0 0 0 0 0 0 0 0 0 0 0 0]
[5468837856221233626626600503828447294811994374503245523361586045317542330561772806361172627371757294732403842965287222961229296934484490841447856710274072351059108702807948122130298160709700797251209985055248392980880676760340595458279630974633522975716112933695882555276028617973092490027806597016841441705974480444 0 0 0 0 0 0 0 0 0 0 0 0 0 0 0 0 0 0 0 0 0 0 0 0 0 0 0 0 0 0 0 0 0 0 0 0 0 0 0 0 0 1 0 0 0 0 0 0 0 0 0 0 0 0 0 0 0 0 0 0 0 0 0 0 0 0 0 0 0 0 0 0 0 0 0 0 0 0 0 0 0 0 0 0 0 0 0 0 0 0 0 0 0 0 0 0 0 0 0 0 0 0 0 0]
[6671944024573133061703902128944757499001109828064565416260390076733391899037902657518017188076858116555377559495602593090940227874978735793785968846016552111944310169101591934262302089779634199008729489293026002339025486286488357296458150638905302277907891105103059059580648189713274461291656453102223998214416319460 0 0 0 0 0 0 0 0 0 0 0 0 0 0 0 0 0 0 0 0 0 0 0 0 0 0 0 0 0 0 0 0 0 0 0 0 0 0 0 0 0 0 1 0 0 0 0 0 0 0 0 0 0 0 0 0 0 0 0 0 0 0 0 0 0 0 0 0 0 0 0 0 0 0 0 0 0 0 0 0 0 0 0 0 0 0 0 0 0 0 0 0 0 0 0 0 0 0 0 0 0 0 0 0]
[6908023654358484937406514582811545805364145214638294515332983427694982380274070352077955972392825640343422863187552274077811285049570162512064888688056766316826043221227983679399923946972308652265043217833595213840131701258682991435078779159438460493622355315475175428245385507769331582352824528111395084051326883794 0 0 0 0 0 0 0 0 0 0 0 0 0 0 0 0 0 0 0 0 0 0 0 0 0 0 0 0 0 0 0 0 0 0 0 0 0 0 0 0 0 0 0 1 0 0 0 0 0 0 0 0 0 0 0 0 0 0 0 0 0 0 0 0 0 0 0 0 0 0 0 0 0 0 0 0 0 0 0 0 0 0 0 0 0 0 0 0 0 0 0 0 0 0 0 0 0 0 0 0 0 0 0 0]
[2150259047268136980256325709580065748731749609402520171929110579445443013115348956071108089134356270624193663605753500028477441652186090497391756890955621685675728775242575774014667279351258043714466801536852317949765747632488359504091104743256121355717798973492530677879363362173864692550107662666269433260866525810 0 0 0 0 0 0 0 0 0 0 0 0 0 0 0 0 0 0 0 0 0 0 0 0 0 0 0 0 0 0 0 0 0 0 0 0 0 0 0 0 0 0 0 0 1 0 0 0 0 0 0 0 0 0 0 0 0 0 0 0 0 0 0 0 0 0 0 0 0 0 0 0 0 0 0 0 0 0 0 0 0 0 0 0 0 0 0 0 0 0 0 0 0 0 0 0 0 0 0 0 0 0 0 0]
[2096466214190139262291931160196680673446253952250476262239172009373503430636135397013017662762819939998407919968770742812766732966892551193636796321689039849227266275921624630231218385150862762820225805769030112426774587480327661291511897591318025383562314266615486791213843503804280632548411223363670993714417344911 0 0 0 0 0 0 0 0 0 0 0 0 0 0 0 0 0 0 0 0 0 0 0 0 0 0 0 0 0 0 0 0 0 0 0 0 0 0 0 0 0 0 0 0 0 1 0 0 0 0 0 0 0 0 0 0 0 0 0 0 0 0 0 0 0 0 0 0 0 0 0 0 0 0 0 0 0 0 0 0 0 0 0 0 0 0 0 0 0 0 0 0 0 0 0 0 0 0 0 0 0 0 0 0]
[6495749347440821021640394580145463603301606883334850034837137668068582525432278639160821088195361428836285026424827624349849891257831984435631104072976677734417964654119244248341392012451185049946357392232220016715995756902017709944527435189060847561987238481769268958407620747174928363169466359873657245172091153306 0 0 0 0 0 0 0 0 0 0 0 0 0 0 0 0 0 0 0 0 0 0 0 0 0 0 0 0 0 0 0 0 0 0 0 0 0 0 0 0 0 0 0 0 0 0 1 0 0 0 0 0 0 0 0 0 0 0 0 0 0 0 0 0 0 0 0 0 0 0 0 0 0 0 0 0 0 0 0 0 0 0 0 0 0 0 0 0 0 0 0 0 0 0 0 0 0 0 0 0 0 0 0 0]
[1975120268639878879189728087925779645555936600347826000704324435048048870599692776421887396066123893160174412728361921807701535501582143073843592726861982491813097682640103281441055489737919714958750585236635803667928265078162173558424480535214177131537710456428700203610956401367170736036487270976077334413747055581 0 0 0 0 0 0 0 0 0 0 0 0 0 0 0 0 0 0 0 0 0 0 0 0 0 0 0 0 0 0 0 0 0 0 0 0 0 0 0 0 0 0 0 0 0 0 0 1 0 0 0 0 0 0 0 0 0 0 0 0 0 0 0 0 0 0 0 0 0 0 0 0 0 0 0 0 0 0 0 0 0 0 0 0 0 0 0 0 0 0 0 0 0 0 0 0 0 0 0 0 0 0 0 0]
[6327417241662815681497143225941439950015691096841454630905871827979983677512264316449458912645594148204892675352773066588857706341840570965423454324459984043721651901332454520548988069911797547246206789262626959188598786640688820342268103574649320166451895560446683804623234533738103330424123171974443023381043579615 0 0 0 0 0 0 0 0 0 0 0 0 0 0 0 0 0 0 0 0 0 0 0 0 0 0 0 0 0 0 0 0 0 0 0 0 0 0 0 0 0 0 0 0 0 0 0 0 1 0 0 0 0 0 0 0 0 0 0 0 0 0 0 0 0 0 0 0 0 0 0 0 0 0 0 0 0 0 0 0 0 0 0 0 0 0 0 0 0 0 0 0 0 0 0 0 0 0 0 0 0 0 0 0]
[2236515738365124479146078117881839625634849911828099428406372143464877135230034473397703275450686482970559761930626506352502948159952619637114619824225432780421262267805420196571449304372313886908988436246814993041071311006668977836005370865445966095522764631819446294507069700336562555445501871154832183940396405279 0 0 0 0 0 0 0 0 0 0 0 0 0 0 0 0 0 0 0 0 0 0 0 0 0 0 0 0 0 0 0 0 0 0 0 0 0 0 0 0 0 0 0 0 0 0 0 0 0 1 0 0 0 0 0 0 0 0 0 0 0 0 0 0 0 0 0 0 0 0 0 0 0 0 0 0 0 0 0 0 0 0 0 0 0 0 0 0 0 0 0 0 0 0 0 0 0 0 0 0 0 0 0 0]
[361901843830515297130552466459846449213583744260656666184626993670977782434937107348751232064631738606849715894403117325930715565119953462558636598577862734603316042374720134175554822363119488957428690418094538902150240847071482263331415606075630373286905628033336352975891589693734686390436697843060613706021009523 0 0 0 0 0 0 0 0 0 0 0 0 0 0 0 0 0 0 0 0 0 0 0 0 0 0 0 0 0 0 0 0 0 0 0 0 0 0 0 0 0 0 0 0 0 0 0 0 0 0 1 0 0 0 0 0 0 0 0 0 0 0 0 0 0 0 0 0 0 0 0 0 0 0 0 0 0 0 0 0 0 0 0 0 0 0 0 0 0 0 0 0 0 0 0 0 0 0 0 0 0 0 0 0]
[2335712895406953202867423569333791720305165234622578233177996639807706054148284799759223357800037166734020152077147498804398864037590206265303267823209556675961524948229299934533612702060175150717765013506052406099814465463335838214092694326550093911548503680799234433916859063693198612557613101253746616123578449174 0 0 0 0 0 0 0 0 0 0 0 0 0 0 0 0 0 0 0 0 0 0 0 0 0 0 0 0 0 0 0 0 0 0 0 0 0 0 0 0 0 0 0 0 0 0 0 0 0 0 0 1 0 0 0 0 0 0 0 0 0 0 0 0 0 0 0 0 0 0 0 0 0 0 0 0 0 0 0 0 0 0 0 0 0 0 0 0 0 0 0 0 0 0 0 0 0 0 0 0 0 0 0 0]
[1316746323068460032335655468304648076811638235296588474815228108202885249165429428608230711080478424457237431628247793806648282922952430637450377044580353555323198011423994730603274386457494443442213873660328226073859512701284253602048692752620534336830821361864919268742287412458433385810515622766126046287656051381 0 0 0 0 0 0 0 0 0 0 0 0 0 0 0 0 0 0 0 0 0 0 0 0 0 0 0 0 0 0 0 0 0 0 0 0 0 0 0 0 0 0 0 0 0 0 0 0 0 0 0 0 1 0 0 0 0 0 0 0 0 0 0 0 0 0 0 0 0 0 0 0 0 0 0 0 0 0 0 0 0 0 0 0 0 0 0 0 0 0 0 0 0 0 0 0 0 0 0 0 0 0 0 0]
[3451537214688705837642493188741534746695409534472049240485651449797901160929065159498849465013693591250872829532778606152192880875673497922090396170761929445597124195167096912011772540365242724243632560616044756574594873457508053639723662712752257007106700797268391846598264161868731607548767613311370807562260853104 0 0 0 0 0 0 0 0 0 0 0 0 0 0 0 0 0 0 0 0 0 0 0 0 0 0 0 0 0 0 0 0 0 0 0 0 0 0 0 0 0 0 0 0 0 0 0 0 0 0 0 0 0 1 0 0 0 0 0 0 0 0 0 0 0 0 0 0 0 0 0 0 0 0 0 0 0 0 0 0 0 0 0 0 0 0 0 0 0 0 0 0 0 0 0 0 0 0 0 0 0 0 0 0]
[1337399020233526842188598323161389127975338175919766755027313621506982084436938819537067899793868861033444971253825124513983861620883182924899739527846958894324100660387239852055944202475203185983175859924473686803648831019556538793483985633517761235597790958773516846909769107675341994038043407861730072314313110151 0 0 0 0 0 0 0 0 0 0 0 0 0 0 0 0 0 0 0 0 0 0 0 0 0 0 0 0 0 0 0 0 0 0 0 0 0 0 0 0 0 0 0 0 0 0 0 0 0 0 0 0 0 0 1 0 0 0 0 0 0 0 0 0 0 0 0 0 0 0 0 0 0 0 0 0 0 0 0 0 0 0 0 0 0 0 0 0 0 0 0 0 0 0 0 0 0 0 0 0 0 0 0 0]
[2848605595199875967848423210743196131604746047695922470015825616605237488639373795181106711520184195653645160379011686916655979843344814784757163561532496996105418977075950846725471162199688483801029749224723869146509096430689392600766104291521295423831892969275021775575392041278957988879515797935035297078369183183 0 0 0 0 0 0 0 0 0 0 0 0 0 0 0 0 0 0 0 0 0 0 0 0 0 0 0 0 0 0 0 0 0 0 0 0 0 0 0 0 0 0 0 0 0 0 0 0 0 0 0 0 0 0 0 1 0 0 0 0 0 0 0 0 0 0 0 0 0 0 0 0 0 0 0 0 0 0 0 0 0 0 0 0 0 0 0 0 0 0 0 0 0 0 0 0 0 0 0 0 0 0 0 0]
[7584078309542010056769730187545742824437668764000405138861841926159297396337984492154040284657018401556162989413482611562087300625346042913133223238368019319736607466843955326331363738906218187053452255478780853403291586302324360226501604464656023485504315512022731307049648817363576789509779528570741497086766812834 0 0 0 0 0 0 0 0 0 0 0 0 0 0 0 0 0 0 0 0 0 0 0 0 0 0 0 0 0 0 0 0 0 0 0 0 0 0 0 0 0 0 0 0 0 0 0 0 0 0 0 0 0 0 0 0 1 0 0 0 0 0 0 0 0 0 0 0 0 0 0 0 0 0 0 0 0 0 0 0 0 0 0 0 0 0 0 0 0 0 0 0 0 0 0 0 0 0 0 0 0 0 0 0]
[6793505692514472941192008157286914611185965655148660893565280015913228555320958485371770893248593849359045236035613614071713880550701038874731855272620676202819268532829795238844289954920370087258134393220013490542387883720189294257022198010802042981861997084742636171705334657189790908264414947757451396106039682816 0 0 0 0 0 0 0 0 0 0 0 0 0 0 0 0 0 0 0 0 0 0 0 0 0 0 0 0 0 0 0 0 0 0 0 0 0 0 0 0 0 0 0 0 0 0 0 0 0 0 0 0 0 0 0 0 0 1 0 0 0 0 0 0 0 0 0 0 0 0 0 0 0 0 0 0 0 0 0 0 0 0 0 0 0 0 0 0 0 0 0 0 0 0 0 0 0 0 0 0 0 0 0 0]
[4857058504366210099569801890843819005806938300795961018273590417158413735341831275150850004543475467674532809675167380416371759945111109158247708925914652577199763567836312141512632771466986686989776931321046819316292858114677854857029594697841806683239864096885998250480117478367875305253580374022190137376685064518 0 0 0 0 0 0 0 0 0 0 0 0 0 0 0 0 0 0 0 0 0 0 0 0 0 0 0 0 0 0 0 0 0 0 0 0 0 0 0 0 0 0 0 0 0 0 0 0 0 0 0 0 0 0 0 0 0 0 1 0 0 0 0 0 0 0 0 0 0 0 0 0 0 0 0 0 0 0 0 0 0 0 0 0 0 0 0 0 0 0 0 0 0 0 0 0 0 0 0 0 0 0 0 0]
[671477452765924132902753879411381118485744426954945583574480295977298912421571347379708860587662698661303950002736005923418785784489129013548603296426279342767087290133932601855988726360997556276274842013373264010463141167041818509172818803640723266700659841916839419009992402028697405598829880143297552907759830294 0 0 0 0 0 0 0 0 0 0 0 0 0 0 0 0 0 0 0 0 0 0 0 0 0 0 0 0 0 0 0 0 0 0 0 0 0 0 0 0 0 0 0 0 0 0 0 0 0 0 0 0 0 0 0 0 0 0 0 1 0 0 0 0 0 0 0 0 0 0 0 0 0 0 0 0 0 0 0 0 0 0 0 0 0 0 0 0 0 0 0 0 0 0 0 0 0 0 0 0 0 0 0 0]
[1904754968026994763411184905967151684474310854899576073436440654805927183695804900998104578170659030336189081863858268497579543121116603243906821454238714740165188684222850207719555981721812563964395514226062238049093741260730239816208163474706875902565523076463957426030237509395474394554099310782634090887216270544 0 0 0 0 0 0 0 0 0 0 0 0 0 0 0 0 0 0 0 0 0 0 0 0 0 0 0 0 0 0 0 0 0 0 0 0 0 0 0 0 0 0 0 0 0 0 0 0 0 0 0 0 0 0 0 0 0 0 0 0 1 0 0 0 0 0 0 0 0 0 0 0 0 0 0 0 0 0 0 0 0 0 0 0 0 0 0 0 0 0 0 0 0 0 0 0 0 0 0 0 0 0 0 0]
[6466905315099814867259551022626094102315198788697837749449474374908668715991878824299341275029179084524070584200549078827455705777142849353492004371198200988068705772109117519994504311011436816977242377767320404749370541148564181511983260910851009644445267364140414169730974524677440770446972864387421650748209691460 0 0 0 0 0 0 0 0 0 0 0 0 0 0 0 0 0 0 0 0 0 0 0 0 0 0 0 0 0 0 0 0 0 0 0 0 0 0 0 0 0 0 0 0 0 0 0 0 0 0 0 0 0 0 0 0 0 0 0 0 0 1 0 0 0 0 0 0 0 0 0 0 0 0 0 0 0 0 0 0 0 0 0 0 0 0 0 0 0 0 0 0 0 0 0 0 0 0 0 0 0 0 0 0]
[469720647259699871706814954068775184026713283750045467219907969649052366191728067175830716608455742750361740439653818683782761125826778519807619581507828508457046239614849232411096059907308136845565835705361945949526527775165829716796229099429652914788913379851127246990388668374147985227489006604436424322029134026 0 0 0 0 0 0 0 0 0 0 0 0 0 0 0 0 0 0 0 0 0 0 0 0 0 0 0 0 0 0 0 0 0 0 0 0 0 0 0 0 0 0 0 0 0 0 0 0 0 0 0 0 0 0 0 0 0 0 0 0 0 0 1 0 0 0 0 0 0 0 0 0 0 0 0 0 0 0 0 0 0 0 0 0 0 0 0 0 0 0 0 0 0 0 0 0 0 0 0 0 0 0 0 0]
[3363137722250558692624050496170475604488859039698296769680460055891429240004547551173286770642662610120681964091285375159296603254951688575650999785785792418380449737805826025917844836076735109747212784409796982521132783653761500784854631579199984983290615519153496438838805993874722230699057212537890279170243778731 0 0 0 0 0 0 0 0 0 0 0 0 0 0 0 0 0 0 0 0 0 0 0 0 0 0 0 0 0 0 0 0 0 0 0 0 0 0 0 0 0 0 0 0 0 0 0 0 0 0 0 0 0 0 0 0 0 0 0 0 0 0 0 1 0 0 0 0 0 0 0 0 0 0 0 0 0 0 0 0 0 0 0 0 0 0 0 0 0 0 0 0 0 0 0 0 0 0 0 0 0 0 0 0]
[1367522497592804189628002652757631868860712643101847583038918221183970908559462745984666239652049463930776302205823725785452411134869052366885194049744547930056848804861707079386482291832132228116531952958538277354190726845515885496065082301492340431280771965829224620333287620534592271495377803611760149163426626928 0 0 0 0 0 0 0 0 0 0 0 0 0 0 0 0 0 0 0 0 0 0 0 0 0 0 0 0 0 0 0 0 0 0 0 0 0 0 0 0 0 0 0 0 0 0 0 0 0 0 0 0 0 0 0 0 0 0 0 0 0 0 0 0 1 0 0 0 0 0 0 0 0 0 0 0 0 0 0 0 0 0 0 0 0 0 0 0 0 0 0 0 0 0 0 0 0 0 0 0 0 0 0 0]
[7434533523138193107277979059164852339408694489759145323477693304578709044842939171240735190809445928979942328014604332821636396718599423154984290672005061383362949030727166406680593935346816306582864852872001334102267295505012998162402617233621975726926379610450224795846175849015001672031250776713365486410926568076 0 0 0 0 0 0 0 0 0 0 0 0 0 0 0 0 0 0 0 0 0 0 0 0 0 0 0 0 0 0 0 0 0 0 0 0 0 0 0 0 0 0 0 0 0 0 0 0 0 0 0 0 0 0 0 0 0 0 0 0 0 0 0 0 0 1 0 0 0 0 0 0 0 0 0 0 0 0 0 0 0 0 0 0 0 0 0 0 0 0 0 0 0 0 0 0 0 0 0 0 0 0 0 0]
[5873112789468952656586920329643326793736308060168491196471264490136320982291972321780422338844929536766865011898431885095026860728941044154477365646228895194284717753622253388168464050581676057656644008351633561254344118230891817344362081891083484155725766029388263056577282589702486620511077942458979620224367244616 0 0 0 0 0 0 0 0 0 0 0 0 0 0 0 0 0 0 0 0 0 0 0 0 0 0 0 0 0 0 0 0 0 0 0 0 0 0 0 0 0 0 0 0 0 0 0 0 0 0 0 0 0 0 0 0 0 0 0 0 0 0 0 0 0 0 1 0 0 0 0 0 0 0 0 0 0 0 0 0 0 0 0 0 0 0 0 0 0 0 0 0 0 0 0 0 0 0 0 0 0 0 0 0]
[1859217134882162214498647512303746420749136685160687861948136828105044878187761307917293532843015615003366947022282123574454109070867745625605140720690520913568520375088734635721769777588930474563092329267455417232861084649115560883964202273846942984943265771312541308926336661080470460620232833386101781083124298435 0 0 0 0 0 0 0 0 0 0 0 0 0 0 0 0 0 0 0 0 0 0 0 0 0 0 0 0 0 0 0 0 0 0 0 0 0 0 0 0 0 0 0 0 0 0 0 0 0 0 0 0 0 0 0 0 0 0 0 0 0 0 0 0 0 0 0 1 0 0 0 0 0 0 0 0 0 0 0 0 0 0 0 0 0 0 0 0 0 0 0 0 0 0 0 0 0 0 0 0 0 0 0 0]
[324994904304740661237148405475528333107373776619859718812512383915187420203899943838321745252877963757321021639288178163618075986283937618883442888534019597200837881790757346935312315139208783673228801293215228602232845778627738086538460582305885005497478673793138883875459996474285068035726873288051532778477488248 0 0 0 0 0 0 0 0 0 0 0 0 0 0 0 0 0 0 0 0 0 0 0 0 0 0 0 0 0 0 0 0 0 0 0 0 0 0 0 0 0 0 0 0 0 0 0 0 0 0 0 0 0 0 0 0 0 0 0 0 0 0 0 0 0 0 0 0 1 0 0 0 0 0 0 0 0 0 0 0 0 0 0 0 0 0 0 0 0 0 0 0 0 0 0 0 0 0 0 0 0 0 0 0]
[4585037030450750091857156217786983986967234159063486861310798475459376214174826015906474849831066145504192516004686760052851393246750266531602332628362239783662079230708448195649788224816844802303443187293454304583824586412173979031260920313804204530164603988191016797181819941127517615992566621946246753776865251927 0 0 0 0 0 0 0 0 0 0 0 0 0 0 0 0 0 0 0 0 0 0 0 0 0 0 0 0 0 0 0 0 0 0 0 0 0 0 0 0 0 0 0 0 0 0 0 0 0 0 0 0 0 0 0 0 0 0 0 0 0 0 0 0 0 0 0 0 0 1 0 0 0 0 0 0 0 0 0 0 0 0 0 0 0 0 0 0 0 0 0 0 0 0 0 0 0 0 0 0 0 0 0 0]
[173698124288064575380661891878282777219365653549526202780209608036040885098328154698696701072558950507894930629442627629352430317057794507788571464395793495774283095014883471504010235763168775106298063688581259277808376809141149617041116652712548982067674197347700867970577400090237442012485293304327626167224373161 0 0 0 0 0 0 0 0 0 0 0 0 0 0 0 0 0 0 0 0 0 0 0 0 0 0 0 0 0 0 0 0 0 0 0 0 0 0 0 0 0 0 0 0 0 0 0 0 0 0 0 0 0 0 0 0 0 0 0 0 0 0 0 0 0 0 0 0 0 0 1 0 0 0 0 0 0 0 0 0 0 0 0 0 0 0 0 0 0 0 0 0 0 0 0 0 0 0 0 0 0 0 0 0]
[2306765734263298560634013419862431561755035855845840194751136596204586134203394165398811975976449131394471441113729441807268178134689766917208341889835317704310817437386418674012725858854043021219001752231292608228516527522620730619209306580393428509946514750937320120788551039593329813956979476844743313297382249408 0 0 0 0 0 0 0 0 0 0 0 0 0 0 0 0 0 0 0 0 0 0 0 0 0 0 0 0 0 0 0 0 0 0 0 0 0 0 0 0 0 0 0 0 0 0 0 0 0 0 0 0 0 0 0 0 0 0 0 0 0 0 0 0 0 0 0 0 0 0 0 1 0 0 0 0 0 0 0 0 0 0 0 0 0 0 0 0 0 0 0 0 0 0 0 0 0 0 0 0 0 0 0 0]
[6416664963919236312632230271785993193103036881901730722485353360824668558265491572935717022431703440665593592023975993787439934398525924846581681808902112703571974137616461842973104441918026298186383584725324200766211476632093318899893323477441044953309888178794929177195287524759689725008840262435603250119974022777 0 0 0 0 0 0 0 0 0 0 0 0 0 0 0 0 0 0 0 0 0 0 0 0 0 0 0 0 0 0 0 0 0 0 0 0 0 0 0 0 0 0 0 0 0 0 0 0 0 0 0 0 0 0 0 0 0 0 0 0 0 0 0 0 0 0 0 0 0 0 0 0 1 0 0 0 0 0 0 0 0 0 0 0 0 0 0 0 0 0 0 0 0 0 0 0 0 0 0 0 0 0 0 0]
[4863629799817787727166718738538302594553812270511409905995726729325638597896235368313838578778623660580835170945300873424859811048050168850840392220412854829473674171416376199337476718391652182313494714427863540994933008003640310952286260004283786184724365948027996910903141036673315478165670248890604899167727172340 0 0 0 0 0 0 0 0 0 0 0 0 0 0 0 0 0 0 0 0 0 0 0 0 0 0 0 0 0 0 0 0 0 0 0 0 0 0 0 0 0 0 0 0 0 0 0 0 0 0 0 0 0 0 0 0 0 0 0 0 0 0 0 0 0 0 0 0 0 0 0 0 0 1 0 0 0 0 0 0 0 0 0 0 0 0 0 0 0 0 0 0 0 0 0 0 0 0 0 0 0 0 0 0]
[4581427502627438389758109544540977956619630256917528687195362095500807206713567077914326276049060226173804465889134816152434749908345172134167092720981698547622604088564179490340192877983615397659828429547584879004916553370925041178206606006012412981750092338311872319358717304585837376079599038360702343096592804230 0 0 0 0 0 0 0 0 0 0 0 0 0 0 0 0 0 0 0 0 0 0 0 0 0 0 0 0 0 0 0 0 0 0 0 0 0 0 0 0 0 0 0 0 0 0 0 0 0 0 0 0 0 0 0 0 0 0 0 0 0 0 0 0 0 0 0 0 0 0 0 0 0 0 1 0 0 0 0 0 0 0 0 0 0 0 0 0 0 0 0 0 0 0 0 0 0 0 0 0 0 0 0 0]
[61791170261733246419697675332113827619002883542611206113870572836968095220174428199878355005147635294219693582503630059326896656470544702929580467744462031088550941618758548278562275284767403569734402743361612409606895601788202984058043267893693235277463561432750773818085008359144947183909218549216208385617456431 0 0 0 0 0 0 0 0 0 0 0 0 0 0 0 0 0 0 0 0 0 0 0 0 0 0 0 0 0 0 0 0 0 0 0 0 0 0 0 0 0 0 0 0 0 0 0 0 0 0 0 0 0 0 0 0 0 0 0 0 0 0 0 0 0 0 0 0 0 0 0 0 0 0 0 1 0 0 0 0 0 0 0 0 0 0 0 0 0 0 0 0 0 0 0 0 0 0 0 0 0 0 0 0]
[3367916218127432155784825608725698732694782584504515155845936640631217608509368619386518756779200759863880290319790081974841532043814822876061114656440535416920281138777297195663314817052346098993690353070687950796132091385634387665405617561446862571889372425227834897707787295166629885919474485847820292280603810155 0 0 0 0 0 0 0 0 0 0 0 0 0 0 0 0 0 0 0 0 0 0 0 0 0 0 0 0 0 0 0 0 0 0 0 0 0 0 0 0 0 0 0 0 0 0 0 0 0 0 0 0 0 0 0 0 0 0 0 0 0 0 0 0 0 0 0 0 0 0 0 0 0 0 0 0 1 0 0 0 0 0 0 0 0 0 0 0 0 0 0 0 0 0 0 0 0 0 0 0 0 0 0 0]
[6465208571132362809509197734033054713597928317803783250861708740978899715995597527367164281331346672854653563671433158088190517816533097747654837503613242868633333879178786199022893926997907216793346863014317204432930528946731044083475191802435315412361595264260639917123003765507835663446082715040319386664412785344 0 0 0 0 0 0 0 0 0 0 0 0 0 0 0 0 0 0 0 0 0 0 0 0 0 0 0 0 0 0 0 0 0 0 0 0 0 0 0 0 0 0 0 0 0 0 0 0 0 0 0 0 0 0 0 0 0 0 0 0 0 0 0 0 0 0 0 0 0 0 0 0 0 0 0 0 0 1 0 0 0 0 0 0 0 0 0 0 0 0 0 0 0 0 0 0 0 0 0 0 0 0 0 0]
[511609504141938618487571418177158010991819359331511951349122357788890295891297487476431655936851759221447060911435225754239293779635795139702769761753638847489806084041656184405027832336523953350954830934158276778143005810438386788518156180286591824669733308645650389930427457646774931681992102857736182079580688683 0 0 0 0 0 0 0 0 0 0 0 0 0 0 0 0 0 0 0 0 0 0 0 0 0 0 0 0 0 0 0 0 0 0 0 0 0 0 0 0 0 0 0 0 0 0 0 0 0 0 0 0 0 0 0 0 0 0 0 0 0 0 0 0 0 0 0 0 0 0 0 0 0 0 0 0 0 0 1 0 0 0 0 0 0 0 0 0 0 0 0 0 0 0 0 0 0 0 0 0 0 0 0 0]
[3572439824662400705877223633182645566964914147996054531891611746959632531372380666046357458187643964604493691311562521657765786592254342095538228114124402162075890664308269994850343106024379032044782200486510957116232039165126369975417166224381655286200431330136271386529358441528100473384806260573019496049948022262 0 0 0 0 0 0 0 0 0 0 0 0 0 0 0 0 0 0 0 0 0 0 0 0 0 0 0 0 0 0 0 0 0 0 0 0 0 0 0 0 0 0 0 0 0 0 0 0 0 0 0 0 0 0 0 0 0 0 0 0 0 0 0 0 0 0 0 0 0 0 0 0 0 0 0 0 0 0 0 1 0 0 0 0 0 0 0 0 0 0 0 0 0 0 0 0 0 0 0 0 0 0 0 0]
[7130927477006817754798412397043413350370297311436718908599545725856149043923391636349852202146147809282760362149880703597554591886724940449339328278377244615924738433949382445614387546039210405017133828334434881614387302227060616089215706535782901292308533109780973856738418428878672173691152203359411281035536220874 0 0 0 0 0 0 0 0 0 0 0 0 0 0 0 0 0 0 0 0 0 0 0 0 0 0 0 0 0 0 0 0 0 0 0 0 0 0 0 0 0 0 0 0 0 0 0 0 0 0 0 0 0 0 0 0 0 0 0 0 0 0 0 0 0 0 0 0 0 0 0 0 0 0 0 0 0 0 0 0 1 0 0 0 0 0 0 0 0 0 0 0 0 0 0 0 0 0 0 0 0 0 0 0]
[4543481025038033406796566624973917701982705159675537852529104436335590328233009378916864645855429416862166257636739833411602684280565417497453048507168359581134532477948746605419413093080542269212277561675922177444507530884883437129049900478802554084561489546350622348539465410534303483724647016718927317985405525548 0 0 0 0 0 0 0 0 0 0 0 0 0 0 0 0 0 0 0 0 0 0 0 0 0 0 0 0 0 0 0 0 0 0 0 0 0 0 0 0 0 0 0 0 0 0 0 0 0 0 0 0 0 0 0 0 0 0 0 0 0 0 0 0 0 0 0 0 0 0 0 0 0 0 0 0 0 0 0 0 0 1 0 0 0 0 0 0 0 0 0 0 0 0 0 0 0 0 0 0 0 0 0 0]
[5846507655210018988186772244748584048196450155042516044173443140332570352142580483570846459165510054954056666421373443269302130759373433148869983143205408759781200018229642473919548134127748973313375112987742387838259651145967335735408494556142041379485882266657535611936579303239894086159113088220284052101499093669 0 0 0 0 0 0 0 0 0 0 0 0 0 0 0 0 0 0 0 0 0 0 0 0 0 0 0 0 0 0 0 0 0 0 0 0 0 0 0 0 0 0 0 0 0 0 0 0 0 0 0 0 0 0 0 0 0 0 0 0 0 0 0 0 0 0 0 0 0 0 0 0 0 0 0 0 0 0 0 0 0 0 1 0 0 0 0 0 0 0 0 0 0 0 0 0 0 0 0 0 0 0 0 0]
[1726012148599044543572282388599281491257040732094189185995612778567261608776447823402886016235184235237064421315041716086490075460825531930793135423673141106733584371458833993583813829551375016283497694222727820844574021976865929188004284003564350237945813390531975772025078032978905970761726586761051090375861500708 0 0 0 0 0 0 0 0 0 0 0 0 0 0 0 0 0 0 0 0 0 0 0 0 0 0 0 0 0 0 0 0 0 0 0 0 0 0 0 0 0 0 0 0 0 0 0 0 0 0 0 0 0 0 0 0 0 0 0 0 0 0 0 0 0 0 0 0 0 0 0 0 0 0 0 0 0 0 0 0 0 0 0 1 0 0 0 0 0 0 0 0 0 0 0 0 0 0 0 0 0 0 0 0]
[2263509200101529690559814261992771270336851735567408721739503167162601112579319763195694895752196786883374399102885174137319887228087165050924376073775161485505141573728723075842226025184957468203086846688787565257370893570076443971029142813618442259284530871189066525422209887781973921805141146703139850213265338121 0 0 0 0 0 0 0 0 0 0 0 0 0 0 0 0 0 0 0 0 0 0 0 0 0 0 0 0 0 0 0 0 0 0 0 0 0 0 0 0 0 0 0 0 0 0 0 0 0 0 0 0 0 0 0 0 0 0 0 0 0 0 0 0 0 0 0 0 0 0 0 0 0 0 0 0 0 0 0 0 0 0 0 0 1 0 0 0 0 0 0 0 0 0 0 0 0 0 0 0 0 0 0 0]
[1529490534988997849950431990651696015274948281835338117449560489579291188007437834274643766462769835508940001947050742516178176981673813234833532592270405689749729868428718250526390828149174295684700243569799203160432197755848515539471420753241668192716505200648212799704634124381947341916541579015856645008822921870 0 0 0 0 0 0 0 0 0 0 0 0 0 0 0 0 0 0 0 0 0 0 0 0 0 0 0 0 0 0 0 0 0 0 0 0 0 0 0 0 0 0 0 0 0 0 0 0 0 0 0 0 0 0 0 0 0 0 0 0 0 0 0 0 0 0 0 0 0 0 0 0 0 0 0 0 0 0 0 0 0 0 0 0 0 1 0 0 0 0 0 0 0 0 0 0 0 0 0 0 0 0 0 0]
[4465769329142244137186566591543645220203323312115058860554117368499347597166392891646364883603562775371608927565090278614370549029682030541713729901421888700152399166427015269582433777644183731376426865481439850214357130534791591408760619142095672622698883349999016004659056014460754998325900080027928267401662765221 0 0 0 0 0 0 0 0 0 0 0 0 0 0 0 0 0 0 0 0 0 0 0 0 0 0 0 0 0 0 0 0 0 0 0 0 0 0 0 0 0 0 0 0 0 0 0 0 0 0 0 0 0 0 0 0 0 0 0 0 0 0 0 0 0 0 0 0 0 0 0 0 0 0 0 0 0 0 0 0 0 0 0 0 0 0 1 0 0 0 0 0 0 0 0 0 0 0 0 0 0 0 0 0]
[3353492082219372050883947545107997198218874774237597975003326261366735298889172016218811570978848753298896067731656621712869781544811609259651765168842434545603434562787711006858098563821678095889263305022315220393399015256053063552756957430319147247229893655341274459889076363206231796338348598733400279765996822620 0 0 0 0 0 0 0 0 0 0 0 0 0 0 0 0 0 0 0 0 0 0 0 0 0 0 0 0 0 0 0 0 0 0 0 0 0 0 0 0 0 0 0 0 0 0 0 0 0 0 0 0 0 0 0 0 0 0 0 0 0 0 0 0 0 0 0 0 0 0 0 0 0 0 0 0 0 0 0 0 0 0 0 0 0 0 0 1 0 0 0 0 0 0 0 0 0 0 0 0 0 0 0 0]
[6117017316141339719946025439025481881670699678967691427554936176916511215095538247038514153572306374271086032518284164922091357595946848722102328888693101555961395182778096658063540622998364333551922296356079647995907217646168043113835951663212504001785000398676618701109010953883943853182651240573433635374160921852 0 0 0 0 0 0 0 0 0 0 0 0 0 0 0 0 0 0 0 0 0 0 0 0 0 0 0 0 0 0 0 0 0 0 0 0 0 0 0 0 0 0 0 0 0 0 0 0 0 0 0 0 0 0 0 0 0 0 0 0 0 0 0 0 0 0 0 0 0 0 0 0 0 0 0 0 0 0 0 0 0 0 0 0 0 0 0 0 1 0 0 0 0 0 0 0 0 0 0 0 0 0 0 0]
[434176046597241323367257276921313365293474746704241811694866011429746845068596832139787360326476182493104007064350092975049491649152925924024878874453055554669270763309663414449356363340239006917519963746939243865260375263580671718174272199879604630305449853539444848245620903236200572426516085558332118184042776803 0 0 0 0 0 0 0 0 0 0 0 0 0 0 0 0 0 0 0 0 0 0 0 0 0 0 0 0 0 0 0 0 0 0 0 0 0 0 0 0 0 0 0 0 0 0 0 0 0 0 0 0 0 0 0 0 0 0 0 0 0 0 0 0 0 0 0 0 0 0 0 0 0 0 0 0 0 0 0 0 0 0 0 0 0 0 0 0 0 1 0 0 0 0 0 0 0 0 0 0 0 0 0 0]
[3009306138875063389881751091327912649450823062890002928595556872399471301581732633062841291504770976446518004152014667167603420990038538631717422325182056316620755042098136425688674797209055287311921137024127991598535630421081705425844196420463819644150590228410347556808414098502748621762217404366648298824127584754 0 0 0 0 0 0 0 0 0 0 0 0 0 0 0 0 0 0 0 0 0 0 0 0 0 0 0 0 0 0 0 0 0 0 0 0 0 0 0 0 0 0 0 0 0 0 0 0 0 0 0 0 0 0 0 0 0 0 0 0 0 0 0 0 0 0 0 0 0 0 0 0 0 0 0 0 0 0 0 0 0 0 0 0 0 0 0 0 0 0 1 0 0 0 0 0 0 0 0 0 0 0 0 0]
[3684120380779461223313114608871997312543216642992859373376908720663257716845444643022636193585406510712811807626568809732780259185964356480228743425881392517614489810531651669603323887066240187793546648696172846753237160522540998142863470047852829053589574343133608508577023245125066721676010421116492900883985715071 0 0 0 0 0 0 0 0 0 0 0 0 0 0 0 0 0 0 0 0 0 0 0 0 0 0 0 0 0 0 0 0 0 0 0 0 0 0 0 0 0 0 0 0 0 0 0 0 0 0 0 0 0 0 0 0 0 0 0 0 0 0 0 0 0 0 0 0 0 0 0 0 0 0 0 0 0 0 0 0 0 0 0 0 0 0 0 0 0 0 0 1 0 0 0 0 0 0 0 0 0 0 0 0]
[2105723826934304996115346360933013634016875729214227163030153005213042003472851077227136836106428015859559312820925047896560831831165163243421741210109661478020384390191979477518801566522382329968230243412505855224615958124750568290982723579990070604719138315208581841509322720534182827932163937401394192694069723137 0 0 0 0 0 0 0 0 0 0 0 0 0 0 0 0 0 0 0 0 0 0 0 0 0 0 0 0 0 0 0 0 0 0 0 0 0 0 0 0 0 0 0 0 0 0 0 0 0 0 0 0 0 0 0 0 0 0 0 0 0 0 0 0 0 0 0 0 0 0 0 0 0 0 0 0 0 0 0 0 0 0 0 0 0 0 0 0 0 0 0 0 1 0 0 0 0 0 0 0 0 0 0 0]
[1815156050544958316178586780969896654586856657056824954353631403322030499821622398795397747786802191520268548033871033428333419759282787391260578544518961798387915237497303177376648725847714921258342995963015051713091710070894069848198403658450553799237512605516300991271102322257386130885639986381420919954905993512 0 0 0 0 0 0 0 0 0 0 0 0 0 0 0 0 0 0 0 0 0 0 0 0 0 0 0 0 0 0 0 0 0 0 0 0 0 0 0 0 0 0 0 0 0 0 0 0 0 0 0 0 0 0 0 0 0 0 0 0 0 0 0 0 0 0 0 0 0 0 0 0 0 0 0 0 0 0 0 0 0 0 0 0 0 0 0 0 0 0 0 0 0 1 0 0 0 0 0 0 0 0 0 0]
[6472357282453850629834824876893288102216229463680223844542522014310843294291342650856139790663840914803084444001466601476249950262550577873198631517237949788904247444316448404708373592745559009676349068113942892107165916479757089165197086526158652287331130962452042140795497530098994882353224469255656041822880597418 0 0 0 0 0 0 0 0 0 0 0 0 0 0 0 0 0 0 0 0 0 0 0 0 0 0 0 0 0 0 0 0 0 0 0 0 0 0 0 0 0 0 0 0 0 0 0 0 0 0 0 0 0 0 0 0 0 0 0 0 0 0 0 0 0 0 0 0 0 0 0 0 0 0 0 0 0 0 0 0 0 0 0 0 0 0 0 0 0 0 0 0 0 0 1 0 0 0 0 0 0 0 0 0]
[714331788723135822214618320512611524363854515002346678236693827766908692375327863297517247781544987966304662859028897337661116585427911883128749745000476588993063388226755462025587063656331517453752376734014671779812789059042227039460148654049295250300473354022392830570444938932620845865444470201936567681302608715 0 0 0 0 0 0 0 0 0 0 0 0 0 0 0 0 0 0 0 0 0 0 0 0 0 0 0 0 0 0 0 0 0 0 0 0 0 0 0 0 0 0 0 0 0 0 0 0 0 0 0 0 0 0 0 0 0 0 0 0 0 0 0 0 0 0 0 0 0 0 0 0 0 0 0 0 0 0 0 0 0 0 0 0 0 0 0 0 0 0 0 0 0 0 0 1 0 0 0 0 0 0 0 0]
[2317853825312754202546309167178097852669568242370479699741385324035710520540130136940803200503564114123110435726738515233264204155679694519642924919479387794132911505695843096488847351409030725682242885693519292464505135718356981791238908791635897681013038923445635981552306938004283654263403899815371232042612721543 0 0 0 0 0 0 0 0 0 0 0 0 0 0 0 0 0 0 0 0 0 0 0 0 0 0 0 0 0 0 0 0 0 0 0 0 0 0 0 0 0 0 0 0 0 0 0 0 0 0 0 0 0 0 0 0 0 0 0 0 0 0 0 0 0 0 0 0 0 0 0 0 0 0 0 0 0 0 0 0 0 0 0 0 0 0 0 0 0 0 0 0 0 0 0 0 1 0 0 0 0 0 0 0]
[2057500349717687147772798111818298699617316121166830406385632241789800370274467538489428484384138924606315249885825963046751063626725575197587059571573790244916683824218684745399797249352745619757972800761457458463731577865163021209245991067209649608046700157308405363849289798464899472078942852666106895664216423541 0 0 0 0 0 0 0 0 0 0 0 0 0 0 0 0 0 0 0 0 0 0 0 0 0 0 0 0 0 0 0 0 0 0 0 0 0 0 0 0 0 0 0 0 0 0 0 0 0 0 0 0 0 0 0 0 0 0 0 0 0 0 0 0 0 0 0 0 0 0 0 0 0 0 0 0 0 0 0 0 0 0 0 0 0 0 0 0 0 0 0 0 0 0 0 0 0 1 0 0 0 0 0 0]
[3904762995377371507723692269428772981249443170916301367426082790541327169330204963406101657970752596233240219417186073352316013286718642850652189746513045581524095006845222295123114880352864284571406030346570003191775169880067192418014558981837961692597029694707490789720707911876842887150955775533955905060069584914 0 0 0 0 0 0 0 0 0 0 0 0 0 0 0 0 0 0 0 0 0 0 0 0 0 0 0 0 0 0 0 0 0 0 0 0 0 0 0 0 0 0 0 0 0 0 0 0 0 0 0 0 0 0 0 0 0 0 0 0 0 0 0 0 0 0 0 0 0 0 0 0 0 0 0 0 0 0 0 0 0 0 0 0 0 0 0 0 0 0 0 0 0 0 0 0 0 0 1 0 0 0 0 0]
[7194650682607229827119712484980801889993495942819215254958314543129734321295922611354469960429356375870429616998679131362717079750527597875492624339707722375762533157073623246999149801433042491565232644980654966104557309750556561494492128763676799167233066694517428541766686270034257378311813180361075920153460532528 0 0 0 0 0 0 0 0 0 0 0 0 0 0 0 0 0 0 0 0 0 0 0 0 0 0 0 0 0 0 0 0 0 0 0 0 0 0 0 0 0 0 0 0 0 0 0 0 0 0 0 0 0 0 0 0 0 0 0 0 0 0 0 0 0 0 0 0 0 0 0 0 0 0 0 0 0 0 0 0 0 0 0 0 0 0 0 0 0 0 0 0 0 0 0 0 0 0 0 1 0 0 0 0]
[6038288580669283292019762469938304625685681796623266988742566656128171494617382685985780883808750547012423943218825629608673890732050253998553254349767715326141836391116319392776716912247644330459492415475187579058172962150743462110677392918575662442399693017843600666877712023961485039035084708620560245754249979272 0 0 0 0 0 0 0 0 0 0 0 0 0 0 0 0 0 0 0 0 0 0 0 0 0 0 0 0 0 0 0 0 0 0 0 0 0 0 0 0 0 0 0 0 0 0 0 0 0 0 0 0 0 0 0 0 0 0 0 0 0 0 0 0 0 0 0 0 0 0 0 0 0 0 0 0 0 0 0 0 0 0 0 0 0 0 0 0 0 0 0 0 0 0 0 0 0 0 0 0 1 0 0 0]
[7399058729728290363552291786130247867184948029829480443843631762680829974041210749331717398081090551214727333212333104464903212127747884644592434351338794041798204781623987099643896451342476049949281930310732289148035048858964611007033720359978743055879164145962337919447891990136615554931823303773450742279215669444 0 0 0 0 0 0 0 0 0 0 0 0 0 0 0 0 0 0 0 0 0 0 0 0 0 0 0 0 0 0 0 0 0 0 0 0 0 0 0 0 0 0 0 0 0 0 0 0 0 0 0 0 0 0 0 0 0 0 0 0 0 0 0 0 0 0 0 0 0 0 0 0 0 0 0 0 0 0 0 0 0 0 0 0 0 0 0 0 0 0 0 0 0 0 0 0 0 0 0 0 0 1 0 0]
[6485503336714784182274088670883071184600523775449366128228157042459401034994710664639850942751889884002373754899319172041232179596211839184133027169729517198423980076749151569379606214820549139420424595562708245248733994104373047738926121221035040873395425350358561737074639028499172335335600483335307567278319038404 0 0 0 0 0 0 0 0 0 0 0 0 0 0 0 0 0 0 0 0 0 0 0 0 0 0 0 0 0 0 0 0 0 0 0 0 0 0 0 0 0 0 0 0 0 0 0 0 0 0 0 0 0 0 0 0 0 0 0 0 0 0 0 0 0 0 0 0 0 0 0 0 0 0 0 0 0 0 0 0 0 0 0 0 0 0 0 0 0 0 0 0 0 0 0 0 0 0 0 0 0 0 1 0]
[3632255840690701986579168045607154567871090010201262150121171300119657839812390148664706005177799782653264325959939785065420818983188927029642137621071880550805595293449835596354818049539569293730362906387020521288768802392224352935051437712151256596791772253968162935297024134292119232441841625314889633764280603912 0 0 0 0 0 0 0 0 0 0 0 0 0 0 0 0 0 0 0 0 0 0 0 0 0 0 0 0 0 0 0 0 0 0 0 0 0 0 0 0 0 0 0 0 0 0 0 0 0 0 0 0 0 0 0 0 0 0 0 0 0 0 0 0 0 0 0 0 0 0 0 0 0 0 0 0 0 0 0 0 0 0 0 0 0 0 0 0 0 0 0 0 0 0 0 0 0 0 0 0 0 0 0 1]
]
