[[10397641863129361188346622272355276116110151996520023390678934386789240512177894869338946956068394686338719713640428843636410728596850803036712413727359040155254002230487150344902629361632889651878336336570652901161165496315474271499972080316406340394115461606224610069629734869481849248280182943905008176290137 0 0 0 0 0 0 0 0 0 0 0 0 0 0 0 0 0 0 0 0 0 0 0 0 0 0 0 0 0 0 0 0 0 0 0 0 0 0 0 0 0 0 0 0 0 0 0 0 0 0 0 0 0 0 0 0 0 0 0 0 0 0 0 0 0 0 0 0 0 0 0 0 0 0 0 0 0 0 0 0 0 0 0 0 0 0 0 0 0 0 0 0 0 0 0 0 0 0 0 0 0 0]
[10358004921958206312774241069935985995760340492594197123062738936965956812128494317774346089139341335493573015980201410147779250668924935949119740442519800442252934177807952040313961418414242834637623631099894970897193150041387842051777982792060018493899163891261972612996613187552786646384727664338817997462544 1 0 0 0 0 0 0 0 0 0 0 0 0 0 0 0 0 0 0 0 0 0 0 0 0 0 0 0 0 0 0 0 0 0 0 0 0 0 0 0 0 0 0 0 0 0 0 0 0 0 0 0 0 0 0 0 0 0 0 0 0 0 0 0 0 0 0 0 0 0 0 0 0 0 0 0 0 0 0 0 0 0 0 0 0 0 0 0 0 0 0 0 0 0 0 0 0 0 0 0 0 0]
[9956573999265932828478839185064513140269612977525342650029291039721429304319468928365886703834109157254608953518957084160825570647794352299834273524181282356615704678456769841848446853390498798573872824139244296384431062159062536179807090457450060363953544835374386559883863075170794045773075082598286249856424 0 1 0 0 0 0 0 0 0 0 0 0 0 0 0 0 0 0 0 0 0 0 0 0 0 0 0 0 0 0 0 0 0 0 0 0 0 0 0 0 0 0 0 0 0 0 0 0 0 0 0 0 0 0 0 0 0 0 0 0 0 0 0 0 0 0 0 0 0 0 0 0 0 0 0 0 0 0 0 0 0 0 0 0 0 0 0 0 0 0 0 0 0 0 0 0 0 0 0 0 0 0]
[7226676420928787718425326900150220077515360369302692921464021484345917835924466899832281051427327585086044481351298678827280864175874750203993754894993829987132070088619550457180489589080353719179055720497195461066161809874035374319430739190075706382774544895409371470819025730164833804462944403874148764532150 0 0 1 0 0 0 0 0 0 0 0 0 0 0 0 0 0 0 0 0 0 0 0 0 0 0 0 0 0 0 0 0 0 0 0 0 0 0 0 0 0 0 0 0 0 0 0 0 0 0 0 0 0 0 0 0 0 0 0 0 0 0 0 0 0 0 0 0 0 0 0 0 0 0 0 0 0 0 0 0 0 0 0 0 0 0 0 0 0 0 0 0 0 0 0 0 0 0 0 0 0 0]
[459898561474981227659494534658129194240290192565224781093754138512523218335932219939795399247334460900580930832338987945549091829847511759407535188859683851994052267855796620218434488705082907565115853523311442777098619004564301992742722125025801202442456139743420439858130919685858669128152966914756565866560 0 0 0 1 0 0 0 0 0 0 0 0 0 0 0 0 0 0 0 0 0 0 0 0 0 0 0 0 0 0 0 0 0 0 0 0 0 0 0 0 0 0 0 0 0 0 0 0 0 0 0 0 0 0 0 0 0 0 0 0 0 0 0 0 0 0 0 0 0 0 0 0 0 0 0 0 0 0 0 0 0 0 0 0 0 0 0 0 0 0 0 0 0 0 0 0 0 0 0 0 0 0]
[279454282961788125494565931555142204849619816687890123687024038893844349552227061887887430148902208336565741154717438816086216153306935306732788404659669842012422050559305467531284874468887613837145767947037268765979171772153857814405805532071148725542758838816401689385348699221980659691282463381805560535864 0 0 0 0 1 0 0 0 0 0 0 0 0 0 0 0 0 0 0 0 0 0 0 0 0 0 0 0 0 0 0 0 0 0 0 0 0 0 0 0 0 0 0 0 0 0 0 0 0 0 0 0 0 0 0 0 0 0 0 0 0 0 0 0 0 0 0 0 0 0 0 0 0 0 0 0 0 0 0 0 0 0 0 0 0 0 0 0 0 0 0 0 0 0 0 0 0 0 0 0 0 0]
[6844939263921747215654661945157232276140821914760385089342790953586531169910544652781211267693826626096150004395293658325675337143577241957810114912776458434084105534031925744329486768648013970829527142460038348453360280402656998076833659654087950113345969051444832619747391198731675716731026093959354954407756 0 0 0 0 0 1 0 0 0 0 0 0 0 0 0 0 0 0 0 0 0 0 0 0 0 0 0 0 0 0 0 0 0 0 0 0 0 0 0 0 0 0 0 0 0 0 0 0 0 0 0 0 0 0 0 0 0 0 0 0 0 0 0 0 0 0 0 0 0 0 0 0 0 0 0 0 0 0 0 0 0 0 0 0 0 0 0 0 0 0 0 0 0 0 0 0 0 0 0 0 0 0]
[1236608827787789684092555032646930401782457629807712795216450896387623312483125490516178135687214933766101877735649265393630917396348723578997420866586972463365363673445761835069604835492210603968822106643311126099434356474795881139613406243734709026576745917875961812083040986601420611617222581974833792836407 0 0 0 0 0 0 1 0 0 0 0 0 0 0 0 0 0 0 0 0 0 0 0 0 0 0 0 0 0 0 0 0 0 0 0 0 0 0 0 0 0 0 0 0 0 0 0 0 0 0 0 0 0 0 0 0 0 0 0 0 0 0 0 0 0 0 0 0 0 0 0 0 0 0 0 0 0 0 0 0 0 0 0 0 0 0 0 0 0 0 0 0 0 0 0 0 0 0 0 0 0 0]
[2318205942612077111553464036715355784860273495616304568204962846617272012121245861616384773087632018035306602994387312767473305798416106732215341830919873326264355489995502785085105443434836448931379702149962188533610170407878815964185934529723093671015875958563507720826141958813312415359133816692565245273574 0 0 0 0 0 0 0 1 0 0 0 0 0 0 0 0 0 0 0 0 0 0 0 0 0 0 0 0 0 0 0 0 0 0 0 0 0 0 0 0 0 0 0 0 0 0 0 0 0 0 0 0 0 0 0 0 0 0 0 0 0 0 0 0 0 0 0 0 0 0 0 0 0 0 0 0 0 0 0 0 0 0 0 0 0 0 0 0 0 0 0 0 0 0 0 0 0 0 0 0 0 0]
[3850297866959395798872697299513362685348817691256510993861402219598569849008435440790019782538332572694854387341028881665644693817458397951115966787148092092993608222153322542385681173996771443483430172813514267219084496876584275262015899475006873864214108025338653924959609497616495119941051398650957819384676 0 0 0 0 0 0 0 0 1 0 0 0 0 0 0 0 0 0 0 0 0 0 0 0 0 0 0 0 0 0 0 0 0 0 0 0 0 0 0 0 0 0 0 0 0 0 0 0 0 0 0 0 0 0 0 0 0 0 0 0 0 0 0 0 0 0 0 0 0 0 0 0 0 0 0 0 0 0 0 0 0 0 0 0 0 0 0 0 0 0 0 0 0 0 0 0 0 0 0 0 0 0]
[10345271247965061238283334535596289874044910495117118768177762256131724637878885101453424395330310291230891995800515623189323008470492703499267983631772834353592117217433219478996177540037181174739746180947479874591487381371762685942670914899794028721408455679567906792495943267193296840695078362971762374040695 0 0 0 0 0 0 0 0 0 1 0 0 0 0 0 0 0 0 0 0 0 0 0 0 0 0 0 0 0 0 0 0 0 0 0 0 0 0 0 0 0 0 0 0 0 0 0 0 0 0 0 0 0 0 0 0 0 0 0 0 0 0 0 0 0 0 0 0 0 0 0 0 0 0 0 0 0 0 0 0 0 0 0 0 0 0 0 0 0 0 0 0 0 0 0 0 0 0 0 0 0 0]
[5350100128389467299218089774102143582925667303056792053835621809355051872292230924743726609012785614060179403514012506958353394546137236161419151797462230372756392639569949388735530553717942758708901868695858665036893760989593086305681648923028375137608745817579882728558447260752127483541427246716655411869185 0 0 0 0 0 0 0 0 0 0 1 0 0 0 0 0 0 0 0 0 0 0 0 0 0 0 0 0 0 0 0 0 0 0 0 0 0 0 0 0 0 0 0 0 0 0 0 0 0 0 0 0 0 0 0 0 0 0 0 0 0 0 0 0 0 0 0 0 0 0 0 0 0 0 0 0 0 0 0 0 0 0 0 0 0 0 0 0 0 0 0 0 0 0 0 0 0 0 0 0 0 0]
[5340115187614343686656606068495919468236542560230044566339938018179838118500498715087710337229419917022087595003971020831321785315076428355335630340052007048411807998097270864738259952704782034231032247144329171434951567936294207969365950776329088338216212579240672059010298227280085914625096786886354227241842 0 0 0 0 0 0 0 0 0 0 0 1 0 0 0 0 0 0 0 0 0 0 0 0 0 0 0 0 0 0 0 0 0 0 0 0 0 0 0 0 0 0 0 0 0 0 0 0 0 0 0 0 0 0 0 0 0 0 0 0 0 0 0 0 0 0 0 0 0 0 0 0 0 0 0 0 0 0 0 0 0 0 0 0 0 0 0 0 0 0 0 0 0 0 0 0 0 0 0 0 0 0]
[9108273347871603351331604756956241172175794201345781720333276166457222042706148320136859609772739490170229890877743726663068787710621963564788896674049987928169242333350250052365341616754368127290231945437381405939083963123361200204331209183666031689285014443390700037595501905021189335949819188179244832893829 0 0 0 0 0 0 0 0 0 0 0 0 1 0 0 0 0 0 0 0 0 0 0 0 0 0 0 0 0 0 0 0 0 0 0 0 0 0 0 0 0 0 0 0 0 0 0 0 0 0 0 0 0 0 0 0 0 0 0 0 0 0 0 0 0 0 0 0 0 0 0 0 0 0 0 0 0 0 0 0 0 0 0 0 0 0 0 0 0 0 0 0 0 0 0 0 0 0 0 0 0 0]
[5508660015603731491131533428405900102216575570364359481116615840609359181318815904854086439687691239138689156750558889930855383241736831255166826887899329097416850151434577399952538778063834629036362913370609883250729756402751505603261589141793478943153378210826982707875239411454367325629906709318647649531259 0 0 0 0 0 0 0 0 0 0 0 0 0 1 0 0 0 0 0 0 0 0 0 0 0 0 0 0 0 0 0 0 0 0 0 0 0 0 0 0 0 0 0 0 0 0 0 0 0 0 0 0 0 0 0 0 0 0 0 0 0 0 0 0 0 0 0 0 0 0 0 0 0 0 0 0 0 0 0 0 0 0 0 0 0 0 0 0 0 0 0 0 0 0 0 0 0 0 0 0 0 0]
[8831572202118196526577601879357630412371005370064411022351666115883940003834176137943557855798071921037550723373749090706246036956176650090914338827180285693128291445987752665810690238864217775474927914152588172367861725404867714801543268867534876280388789636745091751271813058074112451075428985923981176538811 0 0 0 0 0 0 0 0 0 0 0 0 0 0 1 0 0 0 0 0 0 0 0 0 0 0 0 0 0 0 0 0 0 0 0 0 0 0 0 0 0 0 0 0 0 0 0 0 0 0 0 0 0 0 0 0 0 0 0 0 0 0 0 0 0 0 0 0 0 0 0 0 0 0 0 0 0 0 0 0 0 0 0 0 0 0 0 0 0 0 0 0 0 0 0 0 0 0 0 0 0 0]
[3279970810306754871614452809215231794768152448477866236408781417109496441523797809725867573567108447720676438242841601283445348255553841488512917445757188199802717625719691129878782609401578338256411382700695692380201218912623226022973343424504540486392438435314851359852119962499220350331239103553223971121414 0 0 0 0 0 0 0 0 0 0 0 0 0 0 0 1 0 0 0 0 0 0 0 0 0 0 0 0 0 0 0 0 0 0 0 0 0 0 0 0 0 0 0 0 0 0 0 0 0 0 0 0 0 0 0 0 0 0 0 0 0 0 0 0 0 0 0 0 0 0 0 0 0 0 0 0 0 0 0 0 0 0 0 0 0 0 0 0 0 0 0 0 0 0 0 0 0 0 0 0 0 0]
[6366650349041557117668953343960921041722234268908306836995182611118386767353581696645723678607295308939516318659649375701330547947288019013581951014237976200693153091246530765802470301920830303788029647276301499662962972606670505057705356858097047891150467596277315115609468273942752163900109639044536203752165 0 0 0 0 0 0 0 0 0 0 0 0 0 0 0 0 1 0 0 0 0 0 0 0 0 0 0 0 0 0 0 0 0 0 0 0 0 0 0 0 0 0 0 0 0 0 0 0 0 0 0 0 0 0 0 0 0 0 0 0 0 0 0 0 0 0 0 0 0 0 0 0 0 0 0 0 0 0 0 0 0 0 0 0 0 0 0 0 0 0 0 0 0 0 0 0 0 0 0 0 0 0]
[6582282140894278802468444335702601315733978331200765141584438655611398189733120313978584390125431960500045519063894347893260327452690321501227406385163561478312627455808490237328030793259324262221728810342258970548510643691115854256235931078723265445482978615522722360315650256263315337895602342148541907741984 0 0 0 0 0 0 0 0 0 0 0 0 0 0 0 0 0 1 0 0 0 0 0 0 0 0 0 0 0 0 0 0 0 0 0 0 0 0 0 0 0 0 0 0 0 0 0 0 0 0 0 0 0 0 0 0 0 0 0 0 0 0 0 0 0 0 0 0 0 0 0 0 0 0 0 0 0 0 0 0 0 0 0 0 0 0 0 0 0 0 0 0 0 0 0 0 0 0 0 0 0 0]
[5249880505685132399055840040766417187171818911612887684030418813043965065214904419437368464521417277473775789279787858279891869012944454393380444695147000140783281211892248664234084949912973198660835423775118761132911682981486407973975768512122074123292589822346879883482991442156946292547353286765601178736147 0 0 0 0 0 0 0 0 0 0 0 0 0 0 0 0 0 0 1 0 0 0 0 0 0 0 0 0 0 0 0 0 0 0 0 0 0 0 0 0 0 0 0 0 0 0 0 0 0 0 0 0 0 0 0 0 0 0 0 0 0 0 0 0 0 0 0 0 0 0 0 0 0 0 0 0 0 0 0 0 0 0 0 0 0 0 0 0 0 0 0 0 0 0 0 0 0 0 0 0 0 0]
[20036272140980791024692969708339314697106617737231897656469213006513604932598057304907047910360872432578642206099642338934926080082715258503895833093970912812395030512797320102569139509665240013549919577029525102772747511179902061874930534995701369727938044595524455738879013226091919541858972043934876339845 0 0 0 0 0 0 0 0 0 0 0 0 0 0 0 0 0 0 0 1 0 0 0 0 0 0 0 0 0 0 0 0 0 0 0 0 0 0 0 0 0 0 0 0 0 0 0 0 0 0 0 0 0 0 0 0 0 0 0 0 0 0 0 0 0 0 0 0 0 0 0 0 0 0 0 0 0 0 0 0 0 0 0 0 0 0 0 0 0 0 0 0 0 0 0 0 0 0 0 0 0 0]
[8690352023147350899242385504497466164966991953850184473469253973780485924124175898392339984067131177890300617099158750183844348537991194158726383268725794198519651961554744389822616003461458479071315016187228166780551898256600601844109076080791356942238107623465774769303781528782415398544756211344946661286246 0 0 0 0 0 0 0 0 0 0 0 0 0 0 0 0 0 0 0 0 1 0 0 0 0 0 0 0 0 0 0 0 0 0 0 0 0 0 0 0 0 0 0 0 0 0 0 0 0 0 0 0 0 0 0 0 0 0 0 0 0 0 0 0 0 0 0 0 0 0 0 0 0 0 0 0 0 0 0 0 0 0 0 0 0 0 0 0 0 0 0 0 0 0 0 0 0 0 0 0 0 0]
[2596720028514483283846192757452778048495227555285712776374182609662686580713294293391827270723452578575422021439543073446300939747751675327545974069868632139824463159877384543454644184660723190994760750869512492621354246498173298559219193950802033223135291894225880645797771298955114773823037554944447817118664 0 0 0 0 0 0 0 0 0 0 0 0 0 0 0 0 0 0 0 0 0 1 0 0 0 0 0 0 0 0 0 0 0 0 0 0 0 0 0 0 0 0 0 0 0 0 0 0 0 0 0 0 0 0 0 0 0 0 0 0 0 0 0 0 0 0 0 0 0 0 0 0 0 0 0 0 0 0 0 0 0 0 0 0 0 0 0 0 0 0 0 0 0 0 0 0 0 0 0 0 0 0]
[1383403905717521167450461260857795358578346076309569557855661452830599660698869818635920541770735760985439524987684992577764708497738202706445723640093652982159454712355627480518328448946940432894131952181743691692945720144793947653605367421588065077830211870557171753994937672348299764055285537508501547260255 0 0 0 0 0 0 0 0 0 0 0 0 0 0 0 0 0 0 0 0 0 0 1 0 0 0 0 0 0 0 0 0 0 0 0 0 0 0 0 0 0 0 0 0 0 0 0 0 0 0 0 0 0 0 0 0 0 0 0 0 0 0 0 0 0 0 0 0 0 0 0 0 0 0 0 0 0 0 0 0 0 0 0 0 0 0 0 0 0 0 0 0 0 0 0 0 0 0 0 0 0 0]
[3977330336677174604503257463312730580135858649277202154155824658320095500981750777529866798387046720927844320831674773581661509390976649510903735755253363203887575773279711466908399348726932582984218272512731265828203152653508001093228321808156489977414764758595426113596232278898004032507356628297983708972195 0 0 0 0 0 0 0 0 0 0 0 0 0 0 0 0 0 0 0 0 0 0 0 1 0 0 0 0 0 0 0 0 0 0 0 0 0 0 0 0 0 0 0 0 0 0 0 0 0 0 0 0 0 0 0 0 0 0 0 0 0 0 0 0 0 0 0 0 0 0 0 0 0 0 0 0 0 0 0 0 0 0 0 0 0 0 0 0 0 0 0 0 0 0 0 0 0 0 0 0 0 0]
[6403814467769167657515481154875067456914933029917517118841255254805032923471451746916924856545628529819530003620693298992610439244739744897015430096637871776938827741331120982919430462209019922773828153824144676814247705665251976378624297867375786642376666992437961608988528882403171414422204964753680624401900 0 0 0 0 0 0 0 0 0 0 0 0 0 0 0 0 0 0 0 0 0 0 0 0 1 0 0 0 0 0 0 0 0 0 0 0 0 0 0 0 0 0 0 0 0 0 0 0 0 0 0 0 0 0 0 0 0 0 0 0 0 0 0 0 0 0 0 0 0 0 0 0 0 0 0 0 0 0 0 0 0 0 0 0 0 0 0 0 0 0 0 0 0 0 0 0 0 0 0 0 0 0]
[4135053727294739687351582283320881738934739334472485310756010483710439930660312515548505729140833167640170380722186532204606247685264096486408713344326037877086073247548877861525667764563585563417434575769454788938730523849511393663422777870355957548203980012744769356822797773127277759187832192174335861000985 0 0 0 0 0 0 0 0 0 0 0 0 0 0 0 0 0 0 0 0 0 0 0 0 0 1 0 0 0 0 0 0 0 0 0 0 0 0 0 0 0 0 0 0 0 0 0 0 0 0 0 0 0 0 0 0 0 0 0 0 0 0 0 0 0 0 0 0 0 0 0 0 0 0 0 0 0 0 0 0 0 0 0 0 0 0 0 0 0 0 0 0 0 0 0 0 0 0 0 0 0 0]
[10308359497666989266732682400648050927575553515819560931813873537670012205535010681473776497276921380917733412072213042684272282699367473936181022525763286927071884351770028217173343607863839107496954416856859579169026295410359443252964959278906063612558453619460201224362455191358479784508068487974993092576755 0 0 0 0 0 0 0 0 0 0 0 0 0 0 0 0 0 0 0 0 0 0 0 0 0 0 1 0 0 0 0 0 0 0 0 0 0 0 0 0 0 0 0 0 0 0 0 0 0 0 0 0 0 0 0 0 0 0 0 0 0 0 0 0 0 0 0 0 0 0 0 0 0 0 0 0 0 0 0 0 0 0 0 0 0 0 0 0 0 0 0 0 0 0 0 0 0 0 0 0 0 0]
[7884608526490489588380862000485395953802262895421506797088310002240218652088839941437045193371433732454661228147870017449862765808394543019531388274503268720819476162202936984620527703316650984023256862531877942050938162460935251893716113836232776163987937504620496345901202095173251586175472730646179966732862 0 0 0 0 0 0 0 0 0 0 0 0 0 0 0 0 0 0 0 0 0 0 0 0 0 0 0 1 0 0 0 0 0 0 0 0 0 0 0 0 0 0 0 0 0 0 0 0 0 0 0 0 0 0 0 0 0 0 0 0 0 0 0 0 0 0 0 0 0 0 0 0 0 0 0 0 0 0 0 0 0 0 0 0 0 0 0 0 0 0 0 0 0 0 0 0 0 0 0 0 0 0]
[3301541223022241503752018594876060292655600928609845212868800275343249638518168408497839826535059701921807940208312163858003454815860053663123376824733218313556331728424702013917857546737009126614417395270201604632361662816474341202941686559397432050401958887863340989804051675617702545558241713994977682278652 0 0 0 0 0 0 0 0 0 0 0 0 0 0 0 0 0 0 0 0 0 0 0 0 0 0 0 0 1 0 0 0 0 0 0 0 0 0 0 0 0 0 0 0 0 0 0 0 0 0 0 0 0 0 0 0 0 0 0 0 0 0 0 0 0 0 0 0 0 0 0 0 0 0 0 0 0 0 0 0 0 0 0 0 0 0 0 0 0 0 0 0 0 0 0 0 0 0 0 0 0 0]
[3980317520690085161718416624390623784968444601598185096465252199115923930621946718494039096501031972605105799312186857371238417112472379550786709010354648114986853591859563711003197341847467511983942639720936114051842223753139599494855064105964265083032725259273486743896248197320242472945374623722541578202125 0 0 0 0 0 0 0 0 0 0 0 0 0 0 0 0 0 0 0 0 0 0 0 0 0 0 0 0 0 1 0 0 0 0 0 0 0 0 0 0 0 0 0 0 0 0 0 0 0 0 0 0 0 0 0 0 0 0 0 0 0 0 0 0 0 0 0 0 0 0 0 0 0 0 0 0 0 0 0 0 0 0 0 0 0 0 0 0 0 0 0 0 0 0 0 0 0 0 0 0 0 0]
[518407620895486871445965136196950062786886838594552593767367112539414111473869330477934409488286222559930047903058265191066068448886767232214525423234650208277107796267207517285943116314651553294288988228447296103137141301013548499373080597412557760014532680686053905134044256321877049869266798264968841546807 0 0 0 0 0 0 0 0 0 0 0 0 0 0 0 0 0 0 0 0 0 0 0 0 0 0 0 0 0 0 1 0 0 0 0 0 0 0 0 0 0 0 0 0 0 0 0 0 0 0 0 0 0 0 0 0 0 0 0 0 0 0 0 0 0 0 0 0 0 0 0 0 0 0 0 0 0 0 0 0 0 0 0 0 0 0 0 0 0 0 0 0 0 0 0 0 0 0 0 0 0 0]
[5975701608502412778460054338954848658103676010865746295078435473459476120750575158991864306463840643579200333046538129462054908966941840516602948407343969451344027786928114898544617390735314792000774556475254352311395006736040071664471906185882221570890363464067311340855452493065280126450947277263264598084348 0 0 0 0 0 0 0 0 0 0 0 0 0 0 0 0 0 0 0 0 0 0 0 0 0 0 0 0 0 0 0 1 0 0 0 0 0 0 0 0 0 0 0 0 0 0 0 0 0 0 0 0 0 0 0 0 0 0 0 0 0 0 0 0 0 0 0 0 0 0 0 0 0 0 0 0 0 0 0 0 0 0 0 0 0 0 0 0 0 0 0 0 0 0 0 0 0 0 0 0 0 0]
[8774912334505854542210220940553773042776246246260974274323696031860180420358309804045412164701061101633528969591534682475822816651972151626895342273221940614546585027769680426108515128103274358416739851689939722649065418930620885482982700945233765872469997909135112515267887806384333321487560197980954125696921 0 0 0 0 0 0 0 0 0 0 0 0 0 0 0 0 0 0 0 0 0 0 0 0 0 0 0 0 0 0 0 0 1 0 0 0 0 0 0 0 0 0 0 0 0 0 0 0 0 0 0 0 0 0 0 0 0 0 0 0 0 0 0 0 0 0 0 0 0 0 0 0 0 0 0 0 0 0 0 0 0 0 0 0 0 0 0 0 0 0 0 0 0 0 0 0 0 0 0 0 0 0]
[7232718688835194498430333810874847141753724241467920766615817107663882120371496975752845743975095742216548329076927574404336185675605260672820407457041030941382933932906836532125962292162479500307554596153003470552049552722400347637434355867917918863776635001343181847981287459009505427560990867656867314131738 0 0 0 0 0 0 0 0 0 0 0 0 0 0 0 0 0 0 0 0 0 0 0 0 0 0 0 0 0 0 0 0 0 1 0 0 0 0 0 0 0 0 0 0 0 0 0 0 0 0 0 0 0 0 0 0 0 0 0 0 0 0 0 0 0 0 0 0 0 0 0 0 0 0 0 0 0 0 0 0 0 0 0 0 0 0 0 0 0 0 0 0 0 0 0 0 0 0 0 0 0 0]
[2483199485504226357825910973582558148807518013547645793954063053393421526199103950391840743625970653900315494724594120905335351740692194457114299062899199487396484266097226641207927490557563933948847143377743017397020242683588662675831312914725970375237902976518726054086745410590716797706231362227453262169428 0 0 0 0 0 0 0 0 0 0 0 0 0 0 0 0 0 0 0 0 0 0 0 0 0 0 0 0 0 0 0 0 0 0 1 0 0 0 0 0 0 0 0 0 0 0 0 0 0 0 0 0 0 0 0 0 0 0 0 0 0 0 0 0 0 0 0 0 0 0 0 0 0 0 0 0 0 0 0 0 0 0 0 0 0 0 0 0 0 0 0 0 0 0 0 0 0 0 0 0 0 0]
[6990127177218597060181495110066718202365949581376496978799342044839277885633536970501797093318887663538870593338933095102820350678289694017194668419274697237814372120040716168966665531410142320054947652733817708342277697040427755366531102013877124039022832949645758927669978622761455712123588520446835351115960 0 0 0 0 0 0 0 0 0 0 0 0 0 0 0 0 0 0 0 0 0 0 0 0 0 0 0 0 0 0 0 0 0 0 0 1 0 0 0 0 0 0 0 0 0 0 0 0 0 0 0 0 0 0 0 0 0 0 0 0 0 0 0 0 0 0 0 0 0 0 0 0 0 0 0 0 0 0 0 0 0 0 0 0 0 0 0 0 0 0 0 0 0 0 0 0 0 0 0 0 0 0]
[2778770902789980723001587720061065407375742123555848651450116024063857452039417675874757949669041021641476295507981329856358788435218881619180930570020107360918387457071146153615801575250035969398587409210841721420045670190983256484185142686817699201379820023340439886543244963614073892032744667464201385107931 0 0 0 0 0 0 0 0 0 0 0 0 0 0 0 0 0 0 0 0 0 0 0 0 0 0 0 0 0 0 0 0 0 0 0 0 1 0 0 0 0 0 0 0 0 0 0 0 0 0 0 0 0 0 0 0 0 0 0 0 0 0 0 0 0 0 0 0 0 0 0 0 0 0 0 0 0 0 0 0 0 0 0 0 0 0 0 0 0 0 0 0 0 0 0 0 0 0 0 0 0 0]
[844868456427446479772102044015029957880642307062352156841391735448195022717247168948751679364925817341696956625617154938797132627386220559739643562076168797705495797239495790517422436773691087441506936886666858514254575407464282239970649475186459738867496582419840993089757155758854646768073009183540389573952 0 0 0 0 0 0 0 0 0 0 0 0 0 0 0 0 0 0 0 0 0 0 0 0 0 0 0 0 0 0 0 0 0 0 0 0 0 1 0 0 0 0 0 0 0 0 0 0 0 0 0 0 0 0 0 0 0 0 0 0 0 0 0 0 0 0 0 0 0 0 0 0 0 0 0 0 0 0 0 0 0 0 0 0 0 0 0 0 0 0 0 0 0 0 0 0 0 0 0 0 0 0]
[4093911791053546970563280445200967220310961191979805179977254302794166807686429370693806740199884549174292601170282306017762080048482415723044179335378771286541057045316779150691694111473663436602710364214787915751887243349798644175239742457308694666215030757257044920057291953282467357196865048882270944828368 0 0 0 0 0 0 0 0 0 0 0 0 0 0 0 0 0 0 0 0 0 0 0 0 0 0 0 0 0 0 0 0 0 0 0 0 0 0 1 0 0 0 0 0 0 0 0 0 0 0 0 0 0 0 0 0 0 0 0 0 0 0 0 0 0 0 0 0 0 0 0 0 0 0 0 0 0 0 0 0 0 0 0 0 0 0 0 0 0 0 0 0 0 0 0 0 0 0 0 0 0 0]
[4663633505894717195155429375881081953694053818700387602401317903189569270467902567072355402262075253426589856620132956445072353511119054060053441886111395521323764351990538552265453130188174067308053677964707018843164234877020525917883183529819960828724807766466890602460463561491964496065518182755472081462579 0 0 0 0 0 0 0 0 0 0 0 0 0 0 0 0 0 0 0 0 0 0 0 0 0 0 0 0 0 0 0 0 0 0 0 0 0 0 0 1 0 0 0 0 0 0 0 0 0 0 0 0 0 0 0 0 0 0 0 0 0 0 0 0 0 0 0 0 0 0 0 0 0 0 0 0 0 0 0 0 0 0 0 0 0 0 0 0 0 0 0 0 0 0 0 0 0 0 0 0 0 0]
[378030415865472127471491061699826042506909112848016840564765234515687488273327900725120257717060135573069479505430889031628452566682405828473571760183228328768427262463063978995695550344516920532120532621120983785783552520756873746477709825196979465354441314793815818655421578681824501719858874915630246365869 0 0 0 0 0 0 0 0 0 0 0 0 0 0 0 0 0 0 0 0 0 0 0 0 0 0 0 0 0 0 0 0 0 0 0 0 0 0 0 0 1 0 0 0 0 0 0 0 0 0 0 0 0 0 0 0 0 0 0 0 0 0 0 0 0 0 0 0 0 0 0 0 0 0 0 0 0 0 0 0 0 0 0 0 0 0 0 0 0 0 0 0 0 0 0 0 0 0 0 0 0 0]
[6980853296370747240279520986857951104270183079997240150676168016404186625073919019171810135595367872729421549717453205098671027122456180309764639569834100996649237280171181057952171828973161687221893440689479586322678299685069662616415454230764077647504303918297694031400596190397724196657426253565761248549829 0 0 0 0 0 0 0 0 0 0 0 0 0 0 0 0 0 0 0 0 0 0 0 0 0 0 0 0 0 0 0 0 0 0 0 0 0 0 0 0 0 1 0 0 0 0 0 0 0 0 0 0 0 0 0 0 0 0 0 0 0 0 0 0 0 0 0 0 0 0 0 0 0 0 0 0 0 0 0 0 0 0 0 0 0 0 0 0 0 0 0 0 0 0 0 0 0 0 0 0 0 0]
[1613827452519694141961668281696129592492476507039299014567032249576570332314774073022996483562942567419113087247685716427408064589038398461605133909153109108721851053343986089914231778580469069993038834621479691979914693917311322204021191067178153233126116940736423817128546250210425242410325629478693103382300 0 0 0 0 0 0 0 0 0 0 0 0 0 0 0 0 0 0 0 0 0 0 0 0 0 0 0 0 0 0 0 0 0 0 0 0 0 0 0 0 0 0 1 0 0 0 0 0 0 0 0 0 0 0 0 0 0 0 0 0 0 0 0 0 0 0 0 0 0 0 0 0 0 0 0 0 0 0 0 0 0 0 0 0 0 0 0 0 0 0 0 0 0 0 0 0 0 0 0 0 0 0]
[223333690250732671184508562398216277980095845243271804702089992411202485283946788731530303279751541799765941046885633105944514053764733686130866592510278776636407798744350407896903921968331421941201642386120858763890526183770233019631846086616864925674328563323582008601388734546624499549786372142476626217197 0 0 0 0 0 0 0 0 0 0 0 0 0 0 0 0 0 0 0 0 0 0 0 0 0 0 0 0 0 0 0 0 0 0 0 0 0 0 0 0 0 0 0 1 0 0 0 0 0 0 0 0 0 0 0 0 0 0 0 0 0 0 0 0 0 0 0 0 0 0 0 0 0 0 0 0 0 0 0 0 0 0 0 0 0 0 0 0 0 0 0 0 0 0 0 0 0 0 0 0 0 0]
[6365599257008745898486480504103977796783283433404143866130971244905923745518877067062808654350494078162697925002739033350727066904899234353634579808628323040298918697439161509348679581439567765837090709981508526297409141465083371639342645069144535130007674217705831971255472458847742463676173391169940503400690 0 0 0 0 0 0 0 0 0 0 0 0 0 0 0 0 0 0 0 0 0 0 0 0 0 0 0 0 0 0 0 0 0 0 0 0 0 0 0 0 0 0 0 0 1 0 0 0 0 0 0 0 0 0 0 0 0 0 0 0 0 0 0 0 0 0 0 0 0 0 0 0 0 0 0 0 0 0 0 0 0 0 0 0 0 0 0 0 0 0 0 0 0 0 0 0 0 0 0 0 0 0]
[4633783922468027562726486732828094269731633935125461871554525224825310195724379558495670484581633177094426958561970261420735380022154100603945973188432671466944455100530854434468214034813513602925211932620491153282610010188933492793659098586962492952895825503670312961260064033735247129027197934393076335244477 0 0 0 0 0 0 0 0 0 0 0 0 0 0 0 0 0 0 0 0 0 0 0 0 0 0 0 0 0 0 0 0 0 0 0 0 0 0 0 0 0 0 0 0 0 1 0 0 0 0 0 0 0 0 0 0 0 0 0 0 0 0 0 0 0 0 0 0 0 0 0 0 0 0 0 0 0 0 0 0 0 0 0 0 0 0 0 0 0 0 0 0 0 0 0 0 0 0 0 0 0 0]
[5612277077219321562032548692231621848845034618735742242767004492810285181645775236180299732684504685431100579938809249515779026655224077534052129269924571084887079987143186837874339779453365205021257216170378156224566568106554158919960846218222491975800639036681688466635063855038002265886086999374804072455058 0 0 0 0 0 0 0 0 0 0 0 0 0 0 0 0 0 0 0 0 0 0 0 0 0 0 0 0 0 0 0 0 0 0 0 0 0 0 0 0 0 0 0 0 0 0 1 0 0 0 0 0 0 0 0 0 0 0 0 0 0 0 0 0 0 0 0 0 0 0 0 0 0 0 0 0 0 0 0 0 0 0 0 0 0 0 0 0 0 0 0 0 0 0 0 0 0 0 0 0 0 0]
[979835561992005699114391642467397863501226279411678922454699003609444279580330696909215842454748918680366650542920558155908321952687504547636981149930396515163714479365246534690502556301481714270339399421019980275815249101238482672212239968728463915966547355627267327837112806932779028401287420069181825913239 0 0 0 0 0 0 0 0 0 0 0 0 0 0 0 0 0 0 0 0 0 0 0 0 0 0 0 0 0 0 0 0 0 0 0 0 0 0 0 0 0 0 0 0 0 0 0 1 0 0 0 0 0 0 0 0 0 0 0 0 0 0 0 0 0 0 0 0 0 0 0 0 0 0 0 0 0 0 0 0 0 0 0 0 0 0 0 0 0 0 0 0 0 0 0 0 0 0 0 0 0 0]
[1268348232691083102853768374671625865866371179866444318191986007397288027258415833811469556878105123519272769601124312306576251867981092952933678253618393766824042312094838669718876103705031880139859267863203816148608541355290367057396838408067120796978540516132051952115554688233826070398187439426358306017039 0 0 0 0 0 0 0 0 0 0 0 0 0 0 0 0 0 0 0 0 0 0 0 0 0 0 0 0 0 0 0 0 0 0 0 0 0 0 0 0 0 0 0 0 0 0 0 0 1 0 0 0 0 0 0 0 0 0 0 0 0 0 0 0 0 0 0 0 0 0 0 0 0 0 0 0 0 0 0 0 0 0 0 0 0 0 0 0 0 0 0 0 0 0 0 0 0 0 0 0 0 0]
[411527815623111292264986524373770614658574336295311723571035912135372925150547091659390690146551494365228817105905544745932545914299930836868717564146107363437010702196884036286475603192409656059656127503532157104317427402278197436036393523140506440802829280686183803315878401440318686886531766084665598697326 0 0 0 0 0 0 0 0 0 0 0 0 0 0 0 0 0 0 0 0 0 0 0 0 0 0 0 0 0 0 0 0 0 0 0 0 0 0 0 0 0 0 0 0 0 0 0 0 0 1 0 0 0 0 0 0 0 0 0 0 0 0 0 0 0 0 0 0 0 0 0 0 0 0 0 0 0 0 0 0 0 0 0 0 0 0 0 0 0 0 0 0 0 0 0 0 0 0 0 0 0 0]
[5088677098298508119862510759731099647302133387094547270900624569030722495073219055802795517476977652156689536607006529821680804063431477307752449080774105572029380336496592582469667492769767783381706514802264090043926074269360254942678535588985192130799790711899907939601418367165747386219731635641682907267168 0 0 0 0 0 0 0 0 0 0 0 0 0 0 0 0 0 0 0 0 0 0 0 0 0 0 0 0 0 0 0 0 0 0 0 0 0 0 0 0 0 0 0 0 0 0 0 0 0 0 1 0 0 0 0 0 0 0 0 0 0 0 0 0 0 0 0 0 0 0 0 0 0 0 0 0 0 0 0 0 0 0 0 0 0 0 0 0 0 0 0 0 0 0 0 0 0 0 0 0 0 0]
[3823769247346326038545232373729486747452406171590788112728083741071382401989252510764423061885218000258604563119341334573583977314490708893067234302113424698600747995101363505170001030739767137088978664994162009889431241876770059235543102337914441091073114159807137143068507418837953448293223374146307288593856 0 0 0 0 0 0 0 0 0 0 0 0 0 0 0 0 0 0 0 0 0 0 0 0 0 0 0 0 0 0 0 0 0 0 0 0 0 0 0 0 0 0 0 0 0 0 0 0 0 0 0 1 0 0 0 0 0 0 0 0 0 0 0 0 0 0 0 0 0 0 0 0 0 0 0 0 0 0 0 0 0 0 0 0 0 0 0 0 0 0 0 0 0 0 0 0 0 0 0 0 0 0]
[10294181907537966063819600120103305084025561141865785100636342347606754341128871179868844573287013274877737700447447620948084152896320944355976642232905028414242558204545529441863064630456853773642762575968085238258883346104841920280041035830464539583039376468962498606062709968407215515169905111963873031114454 0 0 0 0 0 0 0 0 0 0 0 0 0 0 0 0 0 0 0 0 0 0 0 0 0 0 0 0 0 0 0 0 0 0 0 0 0 0 0 0 0 0 0 0 0 0 0 0 0 0 0 0 1 0 0 0 0 0 0 0 0 0 0 0 0 0 0 0 0 0 0 0 0 0 0 0 0 0 0 0 0 0 0 0 0 0 0 0 0 0 0 0 0 0 0 0 0 0 0 0 0 0]
[5481886676734367729740961568143699719625369532241546450241807687272446404012267395449430556305565977431982224394864204993141279754918507014793244585431039628257622650166615803800535674593961398359377729244302917142108014587446520697220050070064547151187624413243847228170422631924665072157750110218296540010498 0 0 0 0 0 0 0 0 0 0 0 0 0 0 0 0 0 0 0 0 0 0 0 0 0 0 0 0 0 0 0 0 0 0 0 0 0 0 0 0 0 0 0 0 0 0 0 0 0 0 0 0 0 1 0 0 0 0 0 0 0 0 0 0 0 0 0 0 0 0 0 0 0 0 0 0 0 0 0 0 0 0 0 0 0 0 0 0 0 0 0 0 0 0 0 0 0 0 0 0 0 0]
[3032354585245692267730285481279373270542367924572709971861786639768448163935316546236770483036879576631933337474334599333839351497971513712617325511412749037915100158108162569293356272357600175815934166255164332121682851763932132569092680509946221204833590311696311830401291448821914491327240425072179188670839 0 0 0 0 0 0 0 0 0 0 0 0 0 0 0 0 0 0 0 0 0 0 0 0 0 0 0 0 0 0 0 0 0 0 0 0 0 0 0 0 0 0 0 0 0 0 0 0 0 0 0 0 0 0 1 0 0 0 0 0 0 0 0 0 0 0 0 0 0 0 0 0 0 0 0 0 0 0 0 0 0 0 0 0 0 0 0 0 0 0 0 0 0 0 0 0 0 0 0 0 0 0]
[7680819976589788661112104349243467388889384787515222525442930160401457808148738680070266933029010412944096612559769033962863937463399763308103675906437349921968007748704913503573932754234634329135905831793684232392894253633453037778977735029569375050038108943032756330276509222226873725084559240679812192633461 0 0 0 0 0 0 0 0 0 0 0 0 0 0 0 0 0 0 0 0 0 0 0 0 0 0 0 0 0 0 0 0 0 0 0 0 0 0 0 0 0 0 0 0 0 0 0 0 0 0 0 0 0 0 0 1 0 0 0 0 0 0 0 0 0 0 0 0 0 0 0 0 0 0 0 0 0 0 0 0 0 0 0 0 0 0 0 0 0 0 0 0 0 0 0 0 0 0 0 0 0 0]
[923553132022720486868783763585878888773534056397176484273563424352824803301355397699281448053637408680291648316969513584401629653580033124552221679472828318440208280320867336853195976204881729724656324995283914551763506808521535279604289253232146391722218964963986530876001350022261112255379249929572630930983 0 0 0 0 0 0 0 0 0 0 0 0 0 0 0 0 0 0 0 0 0 0 0 0 0 0 0 0 0 0 0 0 0 0 0 0 0 0 0 0 0 0 0 0 0 0 0 0 0 0 0 0 0 0 0 0 1 0 0 0 0 0 0 0 0 0 0 0 0 0 0 0 0 0 0 0 0 0 0 0 0 0 0 0 0 0 0 0 0 0 0 0 0 0 0 0 0 0 0 0 0 0]
[8110264543246599280277883791622726521361514392638888036341997573133781818331915411877984784880249155838440653807069618351776440498000524999853134992340183349450962819321499441000430972932628916962687744314895542456887372164983403067731369300710971036362115485185655691228217825214210762904600595747205280639954 0 0 0 0 0 0 0 0 0 0 0 0 0 0 0 0 0 0 0 0 0 0 0 0 0 0 0 0 0 0 0 0 0 0 0 0 0 0 0 0 0 0 0 0 0 0 0 0 0 0 0 0 0 0 0 0 0 1 0 0 0 0 0 0 0 0 0 0 0 0 0 0 0 0 0 0 0 0 0 0 0 0 0 0 0 0 0 0 0 0 0 0 0 0 0 0 0 0 0 0 0 0]
[1325409602151581503234728949182083374359440609676732008697317927413041331124651436354333089699329540970954808209747726484818111224842644042472817962476208635315309511547420393332985597229107454509634177159720632090206969238631313718214293378985066087469272396852693285128384067476962048543298008194562093612697 0 0 0 0 0 0 0 0 0 0 0 0 0 0 0 0 0 0 0 0 0 0 0 0 0 0 0 0 0 0 0 0 0 0 0 0 0 0 0 0 0 0 0 0 0 0 0 0 0 0 0 0 0 0 0 0 0 0 1 0 0 0 0 0 0 0 0 0 0 0 0 0 0 0 0 0 0 0 0 0 0 0 0 0 0 0 0 0 0 0 0 0 0 0 0 0 0 0 0 0 0 0]
[6860217475315369667710669993780477055133022785665092838764283480033562248882297379058359598218094270849858797358385101734975142097090377818352608399547765734308595635628354508601975367678836812601884323987552001572021796203356058942843155789352278967854479948947320817692264281833934556919940475817290342745065 0 0 0 0 0 0 0 0 0 0 0 0 0 0 0 0 0 0 0 0 0 0 0 0 0 0 0 0 0 0 0 0 0 0 0 0 0 0 0 0 0 0 0 0 0 0 0 0 0 0 0 0 0 0 0 0 0 0 0 1 0 0 0 0 0 0 0 0 0 0 0 0 0 0 0 0 0 0 0 0 0 0 0 0 0 0 0 0 0 0 0 0 0 0 0 0 0 0 0 0 0 0]
[5639117222921370898926577587244231394333582946041952025179177803581273506864547285525341897978483592356811978640037496220975264489364951667428821064440620157923810468601762724752772222946194283966422071143910899937799348244878316046577154954621933278921117938498657561004558849763241824602846420129613453861565 0 0 0 0 0 0 0 0 0 0 0 0 0 0 0 0 0 0 0 0 0 0 0 0 0 0 0 0 0 0 0 0 0 0 0 0 0 0 0 0 0 0 0 0 0 0 0 0 0 0 0 0 0 0 0 0 0 0 0 0 1 0 0 0 0 0 0 0 0 0 0 0 0 0 0 0 0 0 0 0 0 0 0 0 0 0 0 0 0 0 0 0 0 0 0 0 0 0 0 0 0 0]
[9368004053323647987918121178703523515714500164404229611392188192887722779476334448954660936809895477812834218329883248957769340227138103007688529244406507790073280619304949174992283990333107564929010732734535738800732897781567862548595880846398185857175082476104169042762704728692313129873699560100955951860822 0 0 0 0 0 0 0 0 0 0 0 0 0 0 0 0 0 0 0 0 0 0 0 0 0 0 0 0 0 0 0 0 0 0 0 0 0 0 0 0 0 0 0 0 0 0 0 0 0 0 0 0 0 0 0 0 0 0 0 0 0 1 0 0 0 0 0 0 0 0 0 0 0 0 0 0 0 0 0 0 0 0 0 0 0 0 0 0 0 0 0 0 0 0 0 0 0 0 0 0 0 0]
[2308068516198995164256059839960305300846152776910044913119636488613508273957416727928725253800567890593955673694095405872683017237887525090423379714922308780783519690896636451573003707767039922942341838534091935066201162865834393135026895469892007624649166997955595589713743391496693061883912857522531723968861 0 0 0 0 0 0 0 0 0 0 0 0 0 0 0 0 0 0 0 0 0 0 0 0 0 0 0 0 0 0 0 0 0 0 0 0 0 0 0 0 0 0 0 0 0 0 0 0 0 0 0 0 0 0 0 0 0 0 0 0 0 0 1 0 0 0 0 0 0 0 0 0 0 0 0 0 0 0 0 0 0 0 0 0 0 0 0 0 0 0 0 0 0 0 0 0 0 0 0 0 0 0]
[8285012044321021188344526289850605976231145671264035822338701264916162229742058423803257560878895459278690372263410541496292933357446105602547942877988243952275179371414581457182194574114230560801988901630887020468074399654870446341258852906491061001093498279197559179777296627187183935020511569505596483218969 0 0 0 0 0 0 0 0 0 0 0 0 0 0 0 0 0 0 0 0 0 0 0 0 0 0 0 0 0 0 0 0 0 0 0 0 0 0 0 0 0 0 0 0 0 0 0 0 0 0 0 0 0 0 0 0 0 0 0 0 0 0 0 1 0 0 0 0 0 0 0 0 0 0 0 0 0 0 0 0 0 0 0 0 0 0 0 0 0 0 0 0 0 0 0 0 0 0 0 0 0 0]
[9335784383966085467927350184862202565802014803824108864565274679096660744186716111027883675136748043071947904380400351208621232510548863076834150033965627293033019579624938651247909549429114958292746533046868360289721433965059751316542959509944454231762793567626871806257689131203251319309932681607566055475995 0 0 0 0 0 0 0 0 0 0 0 0 0 0 0 0 0 0 0 0 0 0 0 0 0 0 0 0 0 0 0 0 0 0 0 0 0 0 0 0 0 0 0 0 0 0 0 0 0 0 0 0 0 0 0 0 0 0 0 0 0 0 0 0 1 0 0 0 0 0 0 0 0 0 0 0 0 0 0 0 0 0 0 0 0 0 0 0 0 0 0 0 0 0 0 0 0 0 0 0 0 0]
[1201069118900889576170496959434183334442186333140860105628801862733488334077265602627675229612027649986732908865884641588442946654820447460689122954395059798993285604877957062882849420409976196184775949808865867167055725447718885713038556203276545012279343585487242521659481303585070360717898196170474402575914 0 0 0 0 0 0 0 0 0 0 0 0 0 0 0 0 0 0 0 0 0 0 0 0 0 0 0 0 0 0 0 0 0 0 0 0 0 0 0 0 0 0 0 0 0 0 0 0 0 0 0 0 0 0 0 0 0 0 0 0 0 0 0 0 0 1 0 0 0 0 0 0 0 0 0 0 0 0 0 0 0 0 0 0 0 0 0 0 0 0 0 0 0 0 0 0 0 0 0 0 0 0]
[8029052790640601585249737834658067252674048111225602739945970713239610197733944522738979508373712606963340104121196938952722874910870718734809509581063481612846377587920511727207828938937809360018500036300165453137314146007248765682545516875749977690930369678913906649607731118499786398003805490019417911953480 0 0 0 0 0 0 0 0 0 0 0 0 0 0 0 0 0 0 0 0 0 0 0 0 0 0 0 0 0 0 0 0 0 0 0 0 0 0 0 0 0 0 0 0 0 0 0 0 0 0 0 0 0 0 0 0 0 0 0 0 0 0 0 0 0 0 1 0 0 0 0 0 0 0 0 0 0 0 0 0 0 0 0 0 0 0 0 0 0 0 0 0 0 0 0 0 0 0 0 0 0 0]
[7359158788911396624686503158806219040947503369529799753226944938867284552796057269826307324285533536957298018288487201935832313519641060578237537890017200024169604939131993518341148337872474982053495165479858268849064478244277344302111934938477471107887761219225174667596194964037526523261426678738213286848303 0 0 0 0 0 0 0 0 0 0 0 0 0 0 0 0 0 0 0 0 0 0 0 0 0 0 0 0 0 0 0 0 0 0 0 0 0 0 0 0 0 0 0 0 0 0 0 0 0 0 0 0 0 0 0 0 0 0 0 0 0 0 0 0 0 0 0 1 0 0 0 0 0 0 0 0 0 0 0 0 0 0 0 0 0 0 0 0 0 0 0 0 0 0 0 0 0 0 0 0 0 0]
[4366247111756482267579830549862133742019584126254287094189489840954314313084758069213441031786717260985547924036950775631126001858615712806415836807125438189733492741595082825172976506280785515478330054467935915028316867147175854407750854601819924577766221005156681377391761533989744970323892209132336970630973 0 0 0 0 0 0 0 0 0 0 0 0 0 0 0 0 0 0 0 0 0 0 0 0 0 0 0 0 0 0 0 0 0 0 0 0 0 0 0 0 0 0 0 0 0 0 0 0 0 0 0 0 0 0 0 0 0 0 0 0 0 0 0 0 0 0 0 0 1 0 0 0 0 0 0 0 0 0 0 0 0 0 0 0 0 0 0 0 0 0 0 0 0 0 0 0 0 0 0 0 0 0]
[6309894146751406325163330373178780050933514525303864158308610242264065691278865800730943365455878441498732616764424813498358545414377666163904472835732884479968352933211347560103129829812065709616212727707688408488037860364410515122190261860174492482493350957903593614469749868610824874674270827606030218146981 0 0 0 0 0 0 0 0 0 0 0 0 0 0 0 0 0 0 0 0 0 0 0 0 0 0 0 0 0 0 0 0 0 0 0 0 0 0 0 0 0 0 0 0 0 0 0 0 0 0 0 0 0 0 0 0 0 0 0 0 0 0 0 0 0 0 0 0 0 1 0 0 0 0 0 0 0 0 0 0 0 0 0 0 0 0 0 0 0 0 0 0 0 0 0 0 0 0 0 0 0 0]
[6587106711044695341971121196894140995219483508418858774209644359557096865534669845413843783231096760664831999035962096399201563672672940254278663484875040094937525695146496746230056414154597505773686507817675840661568236850644320176916214808602210224324843538262350148925173950782752570299875659755558559148049 0 0 0 0 0 0 0 0 0 0 0 0 0 0 0 0 0 0 0 0 0 0 0 0 0 0 0 0 0 0 0 0 0 0 0 0 0 0 0 0 0 0 0 0 0 0 0 0 0 0 0 0 0 0 0 0 0 0 0 0 0 0 0 0 0 0 0 0 0 0 1 0 0 0 0 0 0 0 0 0 0 0 0 0 0 0 0 0 0 0 0 0 0 0 0 0 0 0 0 0 0 0]
[6271574561688729845984196766937342104719100777525553253467002213098490304701850130302763032107748163348395273418522675071208063616093560416212216778460758627913094844266673729352851228607768116328104835731910342064765442210071730353146397923282725308858291407070714768613612011265902454038822063813519868773288 0 0 0 0 0 0 0 0 0 0 0 0 0 0 0 0 0 0 0 0 0 0 0 0 0 0 0 0 0 0 0 0 0 0 0 0 0 0 0 0 0 0 0 0 0 0 0 0 0 0 0 0 0 0 0 0 0 0 0 0 0 0 0 0 0 0 0 0 0 0 0 1 0 0 0 0 0 0 0 0 0 0 0 0 0 0 0 0 0 0 0 0 0 0 0 0 0 0 0 0 0 0]
[2001638170608162232304381680631365062867008500791150844166198341495136264979554940841039963161221788488768825345181663423897624968402030591733013181533513514310268564321789163457533390811837613027408397436588091922034586560779294307009899699779314952741081635141752736545932204816644180164659594530547384329732 0 0 0 0 0 0 0 0 0 0 0 0 0 0 0 0 0 0 0 0 0 0 0 0 0 0 0 0 0 0 0 0 0 0 0 0 0 0 0 0 0 0 0 0 0 0 0 0 0 0 0 0 0 0 0 0 0 0 0 0 0 0 0 0 0 0 0 0 0 0 0 0 1 0 0 0 0 0 0 0 0 0 0 0 0 0 0 0 0 0 0 0 0 0 0 0 0 0 0 0 0 0]
[2226698790347046618743158421100167121328703637246526151942185155826852627401753779146994352938529201466875885552344142726046865424451754984625358420663731114762500801136412382354546818563463091597837223229113991992438564748041169552926671270788917499941622935463492780225215897863910153680727401789391906177820 0 0 0 0 0 0 0 0 0 0 0 0 0 0 0 0 0 0 0 0 0 0 0 0 0 0 0 0 0 0 0 0 0 0 0 0 0 0 0 0 0 0 0 0 0 0 0 0 0 0 0 0 0 0 0 0 0 0 0 0 0 0 0 0 0 0 0 0 0 0 0 0 0 1 0 0 0 0 0 0 0 0 0 0 0 0 0 0 0 0 0 0 0 0 0 0 0 0 0 0 0 0]
[8334920969429532046665521097023349639237493843725195503430324946704368504952778042731105038478661160378755528667518467887660481293914612302349964172944472665749789716226691429719186214095418171460743516092667899088986617769863767218113845767806581095483672633706149270215250963923199037881289761923490727026570 0 0 0 0 0 0 0 0 0 0 0 0 0 0 0 0 0 0 0 0 0 0 0 0 0 0 0 0 0 0 0 0 0 0 0 0 0 0 0 0 0 0 0 0 0 0 0 0 0 0 0 0 0 0 0 0 0 0 0 0 0 0 0 0 0 0 0 0 0 0 0 0 0 0 1 0 0 0 0 0 0 0 0 0 0 0 0 0 0 0 0 0 0 0 0 0 0 0 0 0 0 0]
[111973222694098555785121323636992604466725616402721718186043285857310070603493047327353008458777898578530249173235003631413118116978486251241072276073874560315351502458688107654743223068731241476890328669296187195721503004342944603848452808663187425040796724703449819446116116612464546855558332000033163897909 0 0 0 0 0 0 0 0 0 0 0 0 0 0 0 0 0 0 0 0 0 0 0 0 0 0 0 0 0 0 0 0 0 0 0 0 0 0 0 0 0 0 0 0 0 0 0 0 0 0 0 0 0 0 0 0 0 0 0 0 0 0 0 0 0 0 0 0 0 0 0 0 0 0 0 1 0 0 0 0 0 0 0 0 0 0 0 0 0 0 0 0 0 0 0 0 0 0 0 0 0 0]
[8378078842901632976734583307378663150332795213865750734916213647206453727325413985132940268197899943886519216967366919915215175354077446610750403733232713234294795566992965865071607455347705105550326584891227449345775535722452740147007620857367881978062882227442367191553327676642113141388275308210962051679706 0 0 0 0 0 0 0 0 0 0 0 0 0 0 0 0 0 0 0 0 0 0 0 0 0 0 0 0 0 0 0 0 0 0 0 0 0 0 0 0 0 0 0 0 0 0 0 0 0 0 0 0 0 0 0 0 0 0 0 0 0 0 0 0 0 0 0 0 0 0 0 0 0 0 0 0 1 0 0 0 0 0 0 0 0 0 0 0 0 0 0 0 0 0 0 0 0 0 0 0 0 0]
[559370940826274081216116738572747200828611121871750072974591240290844189046070228104289406789802621942351036171426987100395057163189537651777653606787492924788660461366954912402339696657510291024643972082548693619767181177776314038428953962080513616458246592789532905417366847828005655324530529409680848330155 0 0 0 0 0 0 0 0 0 0 0 0 0 0 0 0 0 0 0 0 0 0 0 0 0 0 0 0 0 0 0 0 0 0 0 0 0 0 0 0 0 0 0 0 0 0 0 0 0 0 0 0 0 0 0 0 0 0 0 0 0 0 0 0 0 0 0 0 0 0 0 0 0 0 0 0 0 1 0 0 0 0 0 0 0 0 0 0 0 0 0 0 0 0 0 0 0 0 0 0 0 0]
[10091561006647795382012582722395157699038588455791661048493647292903417628905871602800473395523152053980879855181032491245670053863656884155094613320082923244435916733898916653562229842561754549248374528395387636691301813198448292046042724208121141748743735961787075919029635980732611109147738332112922533764767 0 0 0 0 0 0 0 0 0 0 0 0 0 0 0 0 0 0 0 0 0 0 0 0 0 0 0 0 0 0 0 0 0 0 0 0 0 0 0 0 0 0 0 0 0 0 0 0 0 0 0 0 0 0 0 0 0 0 0 0 0 0 0 0 0 0 0 0 0 0 0 0 0 0 0 0 0 0 1 0 0 0 0 0 0 0 0 0 0 0 0 0 0 0 0 0 0 0 0 0 0 0]
[9651311811877093269774767168597352463738518030658078897759986039537507496578594371477523072054444362643334250945076673464945836240681292710034566952753606973602410768826341796812929104748494877889447601162731130718715851245433798861424926405960528825485334864038659866979685179046619774509373493941528292256883 0 0 0 0 0 0 0 0 0 0 0 0 0 0 0 0 0 0 0 0 0 0 0 0 0 0 0 0 0 0 0 0 0 0 0 0 0 0 0 0 0 0 0 0 0 0 0 0 0 0 0 0 0 0 0 0 0 0 0 0 0 0 0 0 0 0 0 0 0 0 0 0 0 0 0 0 0 0 0 1 0 0 0 0 0 0 0 0 0 0 0 0 0 0 0 0 0 0 0 0 0 0]
[7059565045792609152910687543419172722222109011081677398615260896694479517523350512977911590816414263836933623315574864400737298032309172641446920220848443814050466638307460929574193133599683961848318106022296788975998797837671056753685878733426157674769249082460147824729537938523928815880764798730614817318563 0 0 0 0 0 0 0 0 0 0 0 0 0 0 0 0 0 0 0 0 0 0 0 0 0 0 0 0 0 0 0 0 0 0 0 0 0 0 0 0 0 0 0 0 0 0 0 0 0 0 0 0 0 0 0 0 0 0 0 0 0 0 0 0 0 0 0 0 0 0 0 0 0 0 0 0 0 0 0 0 1 0 0 0 0 0 0 0 0 0 0 0 0 0 0 0 0 0 0 0 0 0]
[6137932948666728688281004227548475949594983948331277449197673574700490658812914015733872456891088525818148952606240583812433570664238739133730515557215708739986651024963816176204184360016979281913536465871890834644178011671138925581424904575711999519806557478290448777338273247871393841004102148930546738913625 0 0 0 0 0 0 0 0 0 0 0 0 0 0 0 0 0 0 0 0 0 0 0 0 0 0 0 0 0 0 0 0 0 0 0 0 0 0 0 0 0 0 0 0 0 0 0 0 0 0 0 0 0 0 0 0 0 0 0 0 0 0 0 0 0 0 0 0 0 0 0 0 0 0 0 0 0 0 0 0 0 1 0 0 0 0 0 0 0 0 0 0 0 0 0 0 0 0 0 0 0 0]
[1635448000408543703609580469353234131328856772049448006790704081193796387497071288353056143365944753592126503742024520826198629479683800268112766471520050431285240172376424705403590596938574934723561731890653936905801235897999307831265789701033054404991284930824115246666380917288472628366171333570947227161375 0 0 0 0 0 0 0 0 0 0 0 0 0 0 0 0 0 0 0 0 0 0 0 0 0 0 0 0 0 0 0 0 0 0 0 0 0 0 0 0 0 0 0 0 0 0 0 0 0 0 0 0 0 0 0 0 0 0 0 0 0 0 0 0 0 0 0 0 0 0 0 0 0 0 0 0 0 0 0 0 0 0 1 0 0 0 0 0 0 0 0 0 0 0 0 0 0 0 0 0 0 0]
[9898507828824794398057125356675067391306600798266580632058407574014885453707078604236521093184652802527374804299894341637609628597802156026553902005557687692795305307442538243266812495330523031750504926515701871103783445141776678483008223725112938132907528507149496851349566570271190443522484020685153544169614 0 0 0 0 0 0 0 0 0 0 0 0 0 0 0 0 0 0 0 0 0 0 0 0 0 0 0 0 0 0 0 0 0 0 0 0 0 0 0 0 0 0 0 0 0 0 0 0 0 0 0 0 0 0 0 0 0 0 0 0 0 0 0 0 0 0 0 0 0 0 0 0 0 0 0 0 0 0 0 0 0 0 0 1 0 0 0 0 0 0 0 0 0 0 0 0 0 0 0 0 0 0]
[9398593755825818829498846622680757978939834362989117175694584949758576264341258034458851677685428582261672320450217337614170776260813074472770210375628820205706642989277012215755822780553080719914222562152828348828252361657532446580782008266581562734083217111468527703053617572916124952502852413787924789047927 0 0 0 0 0 0 0 0 0 0 0 0 0 0 0 0 0 0 0 0 0 0 0 0 0 0 0 0 0 0 0 0 0 0 0 0 0 0 0 0 0 0 0 0 0 0 0 0 0 0 0 0 0 0 0 0 0 0 0 0 0 0 0 0 0 0 0 0 0 0 0 0 0 0 0 0 0 0 0 0 0 0 0 0 1 0 0 0 0 0 0 0 0 0 0 0 0 0 0 0 0 0]
[7947033788291208460381824557250174325594304046170044730435051100765681522760766830998238800725181339927203940250011747323755610946872428796211860685211961669027933151843922829751334885721251666944760861434536568756075187008229888161326898786244247885309168270989401750138182865077431159846854138560352394980812 0 0 0 0 0 0 0 0 0 0 0 0 0 0 0 0 0 0 0 0 0 0 0 0 0 0 0 0 0 0 0 0 0 0 0 0 0 0 0 0 0 0 0 0 0 0 0 0 0 0 0 0 0 0 0 0 0 0 0 0 0 0 0 0 0 0 0 0 0 0 0 0 0 0 0 0 0 0 0 0 0 0 0 0 0 1 0 0 0 0 0 0 0 0 0 0 0 0 0 0 0 0]
[3633797224560049260661845188733830630510189967923688645514331253241577676885193543586848204023553623115808449789607371569132690253659090385638848653953161266354361504131188471140272742866527218158742013371559628156535726238118832474345991889241858382814954478828400135476086137563429484050029794946557325795301 0 0 0 0 0 0 0 0 0 0 0 0 0 0 0 0 0 0 0 0 0 0 0 0 0 0 0 0 0 0 0 0 0 0 0 0 0 0 0 0 0 0 0 0 0 0 0 0 0 0 0 0 0 0 0 0 0 0 0 0 0 0 0 0 0 0 0 0 0 0 0 0 0 0 0 0 0 0 0 0 0 0 0 0 0 0 1 0 0 0 0 0 0 0 0 0 0 0 0 0 0 0]
[7918335184232229538433649340312567949062036241136313572570414882164539029430905246099922733690752539278962539208748745680124158582478045543490098000166638296578402598529637837030868125102824441930106454604542629700658783787364975703428902991599006020349076530667950456856905781680174751704145203568083912639180 0 0 0 0 0 0 0 0 0 0 0 0 0 0 0 0 0 0 0 0 0 0 0 0 0 0 0 0 0 0 0 0 0 0 0 0 0 0 0 0 0 0 0 0 0 0 0 0 0 0 0 0 0 0 0 0 0 0 0 0 0 0 0 0 0 0 0 0 0 0 0 0 0 0 0 0 0 0 0 0 0 0 0 0 0 0 0 1 0 0 0 0 0 0 0 0 0 0 0 0 0 0]
[1460058868770553127496191981591707384513520926159081320127462338211365054370373971505566243378396264743789651692581265114636239656436673642964653153913519267328763140321077990514944184329396302789927927628014977840413836484316299077539102626685746555577656288860328288944552854521877314858793925602980112707771 0 0 0 0 0 0 0 0 0 0 0 0 0 0 0 0 0 0 0 0 0 0 0 0 0 0 0 0 0 0 0 0 0 0 0 0 0 0 0 0 0 0 0 0 0 0 0 0 0 0 0 0 0 0 0 0 0 0 0 0 0 0 0 0 0 0 0 0 0 0 0 0 0 0 0 0 0 0 0 0 0 0 0 0 0 0 0 0 1 0 0 0 0 0 0 0 0 0 0 0 0 0]
[2523745368501153629411327838276527029977578948583752965636096469089442804824811774863089079743191768195345134811422135610420396673789140216857222993317185509802262488145909484041557888538043129781518943816495392326316754696773938841348222717445134426206145542183595177262234872835221475613077851669590238291523 0 0 0 0 0 0 0 0 0 0 0 0 0 0 0 0 0 0 0 0 0 0 0 0 0 0 0 0 0 0 0 0 0 0 0 0 0 0 0 0 0 0 0 0 0 0 0 0 0 0 0 0 0 0 0 0 0 0 0 0 0 0 0 0 0 0 0 0 0 0 0 0 0 0 0 0 0 0 0 0 0 0 0 0 0 0 0 0 0 1 0 0 0 0 0 0 0 0 0 0 0 0]
[2247924024093424231578960347539602799650967344918218642752668595957163599384291023949322794037932551428751570114354913514563644269826058192303935194066712586720240775072909439433756638129904682925359951846584168312348302466441668279587623951638420474848704454552534913007935079504830684562213469494120301099141 0 0 0 0 0 0 0 0 0 0 0 0 0 0 0 0 0 0 0 0 0 0 0 0 0 0 0 0 0 0 0 0 0 0 0 0 0 0 0 0 0 0 0 0 0 0 0 0 0 0 0 0 0 0 0 0 0 0 0 0 0 0 0 0 0 0 0 0 0 0 0 0 0 0 0 0 0 0 0 0 0 0 0 0 0 0 0 0 0 0 1 0 0 0 0 0 0 0 0 0 0 0]
[7868676248943146345479703876954191295644219790824442584581263769052445037600918220282596501154708034635356408373538820577725532674325780439006771260091183801435507680491541720252613363797245430403501071080043318978840909017042599507186494749650740107090179302605414745926840028149694357840722241219944718810951 0 0 0 0 0 0 0 0 0 0 0 0 0 0 0 0 0 0 0 0 0 0 0 0 0 0 0 0 0 0 0 0 0 0 0 0 0 0 0 0 0 0 0 0 0 0 0 0 0 0 0 0 0 0 0 0 0 0 0 0 0 0 0 0 0 0 0 0 0 0 0 0 0 0 0 0 0 0 0 0 0 0 0 0 0 0 0 0 0 0 0 1 0 0 0 0 0 0 0 0 0 0]
[3456087666591978572060104258755504244118009797389202446712936061299756374854301937535269804430915975333014821892775850935231365277818546020825016592005045423941020361071167198978929887168759589829731042191043587612924420248711674155295836537826811594913282867655253303338217457053410506725993032061733365976809 0 0 0 0 0 0 0 0 0 0 0 0 0 0 0 0 0 0 0 0 0 0 0 0 0 0 0 0 0 0 0 0 0 0 0 0 0 0 0 0 0 0 0 0 0 0 0 0 0 0 0 0 0 0 0 0 0 0 0 0 0 0 0 0 0 0 0 0 0 0 0 0 0 0 0 0 0 0 0 0 0 0 0 0 0 0 0 0 0 0 0 0 1 0 0 0 0 0 0 0 0 0]
[9579592639176682063867109213938251037270092218542581154716618971004894703240042410588132402919790155842937486892451533636250342609154719256374301425293957632312095802688147503789249296228056828627678683309910717442089889182721550877377562521941580561832105053883019417988941237704173396529487304788629634259994 0 0 0 0 0 0 0 0 0 0 0 0 0 0 0 0 0 0 0 0 0 0 0 0 0 0 0 0 0 0 0 0 0 0 0 0 0 0 0 0 0 0 0 0 0 0 0 0 0 0 0 0 0 0 0 0 0 0 0 0 0 0 0 0 0 0 0 0 0 0 0 0 0 0 0 0 0 0 0 0 0 0 0 0 0 0 0 0 0 0 0 0 0 1 0 0 0 0 0 0 0 0]
[7285638966985793476086319533489482424121241340787827512129919925325971816420156997107546251629533229620990141976914508807363941035097600364125023314392300074806029050837483115328784090370510970821219196191304231557766687117904408943341430018009677380933346147331018948351109929388054067771677112667018238123480 0 0 0 0 0 0 0 0 0 0 0 0 0 0 0 0 0 0 0 0 0 0 0 0 0 0 0 0 0 0 0 0 0 0 0 0 0 0 0 0 0 0 0 0 0 0 0 0 0 0 0 0 0 0 0 0 0 0 0 0 0 0 0 0 0 0 0 0 0 0 0 0 0 0 0 0 0 0 0 0 0 0 0 0 0 0 0 0 0 0 0 0 0 0 1 0 0 0 0 0 0 0]
[9437158421813776148861665490665083645211114129821450832546757315133116258245624142573629778631209538482307609659508273016036280060135053717353649524120961352960529257747283279339207715015826735753971305937818900410159867317454811198080121956003438574609461233350001581597991453135186372632397362594631196143614 0 0 0 0 0 0 0 0 0 0 0 0 0 0 0 0 0 0 0 0 0 0 0 0 0 0 0 0 0 0 0 0 0 0 0 0 0 0 0 0 0 0 0 0 0 0 0 0 0 0 0 0 0 0 0 0 0 0 0 0 0 0 0 0 0 0 0 0 0 0 0 0 0 0 0 0 0 0 0 0 0 0 0 0 0 0 0 0 0 0 0 0 0 0 0 1 0 0 0 0 0 0]
[3046337484344936505029433865674697956647238906370321109149399143520513030966764228014771060965210036724885594022491763749234891274221012832523615722992751083604944232525851069069932555915204692005723028958164200344008420835523327825032650848830914203599088717720329421093874231258013066993744673221114018950083 0 0 0 0 0 0 0 0 0 0 0 0 0 0 0 0 0 0 0 0 0 0 0 0 0 0 0 0 0 0 0 0 0 0 0 0 0 0 0 0 0 0 0 0 0 0 0 0 0 0 0 0 0 0 0 0 0 0 0 0 0 0 0 0 0 0 0 0 0 0 0 0 0 0 0 0 0 0 0 0 0 0 0 0 0 0 0 0 0 0 0 0 0 0 0 0 1 0 0 0 0 0]
[5494186515041203282599645460324174164241176509473344692997682043063990854119188416513462340288359355067814251153393080040599805585760361999346367704012980609171243065387180304890755764154389930221152783080252636469287700600895525985780644592840437382478985111107819137698082909415318097150213194758053911907151 0 0 0 0 0 0 0 0 0 0 0 0 0 0 0 0 0 0 0 0 0 0 0 0 0 0 0 0 0 0 0 0 0 0 0 0 0 0 0 0 0 0 0 0 0 0 0 0 0 0 0 0 0 0 0 0 0 0 0 0 0 0 0 0 0 0 0 0 0 0 0 0 0 0 0 0 0 0 0 0 0 0 0 0 0 0 0 0 0 0 0 0 0 0 0 0 0 1 0 0 0 0]
[5588221325621906457714385417116182482839664637449068484773510516111985298284019288467798134465806328353360369175762529997093730270436663229694797453169522672247431535328127656389950882402469978063581540375817831349220781204217808967391747746746778582537543828972282239611949627782578587349573231862471832633601 0 0 0 0 0 0 0 0 0 0 0 0 0 0 0 0 0 0 0 0 0 0 0 0 0 0 0 0 0 0 0 0 0 0 0 0 0 0 0 0 0 0 0 0 0 0 0 0 0 0 0 0 0 0 0 0 0 0 0 0 0 0 0 0 0 0 0 0 0 0 0 0 0 0 0 0 0 0 0 0 0 0 0 0 0 0 0 0 0 0 0 0 0 0 0 0 0 0 1 0 0 0]
[5823132185489835752236039888684284973166803664198512307301273515454968504601958860638767746671365407018869082445331985199658660651162330895915268836006438502292890730708253695524623342696779442084392479624831489509012211468934815567332761995501468605150103411849196232646124511817922818303400883523875747492327 0 0 0 0 0 0 0 0 0 0 0 0 0 0 0 0 0 0 0 0 0 0 0 0 0 0 0 0 0 0 0 0 0 0 0 0 0 0 0 0 0 0 0 0 0 0 0 0 0 0 0 0 0 0 0 0 0 0 0 0 0 0 0 0 0 0 0 0 0 0 0 0 0 0 0 0 0 0 0 0 0 0 0 0 0 0 0 0 0 0 0 0 0 0 0 0 0 0 0 1 0 0]
[9080630007463852659920000480000289973011516541460048312391164818185296565692331803952055541502789204837463435651475598114874715246016872427744638748294108950344559307036880966523234081179048885857946858244465668896276176963732247223215664074263481466850751158041425402990191750339798190617935961781479345050760 0 0 0 0 0 0 0 0 0 0 0 0 0 0 0 0 0 0 0 0 0 0 0 0 0 0 0 0 0 0 0 0 0 0 0 0 0 0 0 0 0 0 0 0 0 0 0 0 0 0 0 0 0 0 0 0 0 0 0 0 0 0 0 0 0 0 0 0 0 0 0 0 0 0 0 0 0 0 0 0 0 0 0 0 0 0 0 0 0 0 0 0 0 0 0 0 0 0 0 0 1 0]
[2428573876541108183396407808530801166614469624975823083072917658497834942547679830189990420962328695299859816675760486105900569174931608760290755191994027342758302991604753060014262059567671979698397239273352957046224081342187123708848546722396576818427550363686607200269863346499465092629834103382054841664583 0 0 0 0 0 0 0 0 0 0 0 0 0 0 0 0 0 0 0 0 0 0 0 0 0 0 0 0 0 0 0 0 0 0 0 0 0 0 0 0 0 0 0 0 0 0 0 0 0 0 0 0 0 0 0 0 0 0 0 0 0 0 0 0 0 0 0 0 0 0 0 0 0 0 0 0 0 0 0 0 0 0 0 0 0 0 0 0 0 0 0 0 0 0 0 0 0 0 0 0 0 1]
]
