[[6628125767501418884964503501149321919870125915149178692692477250941868389513101752352953687326397747381955502091998190029333720997283693567556158437162860975014533679482241075679225903019762604436849349489645724116650534313402167797424586148799664033326315325400372109267876978946554813680836675669466466109407 0 0 0 0 0 0 0 0 0 0 0 0 0 0 0 0 0 0 0 0 0 0 0 0 0 0 0 0 0 0 0 0 0 0 0 0 0 0 0 0 0 0 0 0 0 0 0 0 0 0 0 0 0 0 0 0 0 0 0 0 0 0 0 0 0 0 0 0 0 0 0 0 0 0 0 0 0 0 0 0 0 0 0 0 0 0 0 0 0 0 0 0 0 0 0 0 0 0 0 0 0 0]
[5097503851023221906614008512435864982172016706365894397408283201688770030207540848221562921125462018750529533305120037269001368656920675274245000874272338850388201327077252970043504578589023129185445409039547092432472150080712870870532375041568189424828189037216187982684351466086925073315592999946430526844961 1 0 0 0 0 0 0 0 0 0 0 0 0 0 0 0 0 0 0 0 0 0 0 0 0 0 0 0 0 0 0 0 0 0 0 0 0 0 0 0 0 0 0 0 0 0 0 0 0 0 0 0 0 0 0 0 0 0 0 0 0 0 0 0 0 0 0 0 0 0 0 0 0 0 0 0 0 0 0 0 0 0 0 0 0 0 0 0 0 0 0 0 0 0 0 0 0 0 0 0 0 0]
[3976218006975899246550232384428979525266583973996102300234139926121376592429665426276796825659047924946710396047092895116232868155957011388177458049944081517848637865374738226028043522490588939659578615864953634043965025502329470892542231567556349557198585148793510764454881297263668441334421047112491953495124 0 1 0 0 0 0 0 0 0 0 0 0 0 0 0 0 0 0 0 0 0 0 0 0 0 0 0 0 0 0 0 0 0 0 0 0 0 0 0 0 0 0 0 0 0 0 0 0 0 0 0 0 0 0 0 0 0 0 0 0 0 0 0 0 0 0 0 0 0 0 0 0 0 0 0 0 0 0 0 0 0 0 0 0 0 0 0 0 0 0 0 0 0 0 0 0 0 0 0 0 0 0]
[5975436655110200872618651460989906309687605843228283231501816463484717450621226386590808186346012595020770745884563859902543052791810845282753155294744159894238559706134959266283932294080941346675288808205450911558655624889117594581444497712880122209496709248256954332993915013871438933518328366225929716822623 0 0 1 0 0 0 0 0 0 0 0 0 0 0 0 0 0 0 0 0 0 0 0 0 0 0 0 0 0 0 0 0 0 0 0 0 0 0 0 0 0 0 0 0 0 0 0 0 0 0 0 0 0 0 0 0 0 0 0 0 0 0 0 0 0 0 0 0 0 0 0 0 0 0 0 0 0 0 0 0 0 0 0 0 0 0 0 0 0 0 0 0 0 0 0 0 0 0 0 0 0 0]
[1755222961063952496613750730786139648748701418041483746560858686099712988246906928010750023651600660095205241715542213332983170813128367674301653477444639746397194722039985643657820363439159448762134136614504455241530099367924485159376626900579466100094472182884730760881547746135935597428088228789789600754489 0 0 0 1 0 0 0 0 0 0 0 0 0 0 0 0 0 0 0 0 0 0 0 0 0 0 0 0 0 0 0 0 0 0 0 0 0 0 0 0 0 0 0 0 0 0 0 0 0 0 0 0 0 0 0 0 0 0 0 0 0 0 0 0 0 0 0 0 0 0 0 0 0 0 0 0 0 0 0 0 0 0 0 0 0 0 0 0 0 0 0 0 0 0 0 0 0 0 0 0 0 0]
[5366612747188019741262344502788976152189415075991697042994070956234952768606029264510692704367048334450634797431886464639966417522592722113680034070759453076942568111357646571878654556297816898495564864996829449636015743611256753860032286399113975647719439373823412638805887247582661215278840932127433570575069 0 0 0 0 1 0 0 0 0 0 0 0 0 0 0 0 0 0 0 0 0 0 0 0 0 0 0 0 0 0 0 0 0 0 0 0 0 0 0 0 0 0 0 0 0 0 0 0 0 0 0 0 0 0 0 0 0 0 0 0 0 0 0 0 0 0 0 0 0 0 0 0 0 0 0 0 0 0 0 0 0 0 0 0 0 0 0 0 0 0 0 0 0 0 0 0 0 0 0 0 0 0]
[4068594536031308727983999080479448362845240602318536614206765028178691896053243930447962840603397695878001618901828695368294084896680212524017943022012817647416684841715419209504859813463102995073156522995998764885412136402316422966683494858743407625019307629503918679199140578839786536318536031091873541980664 0 0 0 0 0 1 0 0 0 0 0 0 0 0 0 0 0 0 0 0 0 0 0 0 0 0 0 0 0 0 0 0 0 0 0 0 0 0 0 0 0 0 0 0 0 0 0 0 0 0 0 0 0 0 0 0 0 0 0 0 0 0 0 0 0 0 0 0 0 0 0 0 0 0 0 0 0 0 0 0 0 0 0 0 0 0 0 0 0 0 0 0 0 0 0 0 0 0 0 0 0 0]
[1238090218364151005256984144222164196889379827862219256885678683462258188416624558152847275976505672709468118879217809323701292860283351585129531456659356559949025496815300805278140360375122836168071299456248731758210625399385238156411435077084111384254532966388089312729446788653806859460277991420694838164894 0 0 0 0 0 0 1 0 0 0 0 0 0 0 0 0 0 0 0 0 0 0 0 0 0 0 0 0 0 0 0 0 0 0 0 0 0 0 0 0 0 0 0 0 0 0 0 0 0 0 0 0 0 0 0 0 0 0 0 0 0 0 0 0 0 0 0 0 0 0 0 0 0 0 0 0 0 0 0 0 0 0 0 0 0 0 0 0 0 0 0 0 0 0 0 0 0 0 0 0 0 0]
[665334866390453714583434043277663506644156781018981377881114035767558296245404647553242175368483244679024943935906832784417997976463185319955051494641679816500654764498502800507469313152605291657204133398371239072654359543247120965334048166217028054989776401227156174734049574645302874266513345104181956488147 0 0 0 0 0 0 0 1 0 0 0 0 0 0 0 0 0 0 0 0 0 0 0 0 0 0 0 0 0 0 0 0 0 0 0 0 0 0 0 0 0 0 0 0 0 0 0 0 0 0 0 0 0 0 0 0 0 0 0 0 0 0 0 0 0 0 0 0 0 0 0 0 0 0 0 0 0 0 0 0 0 0 0 0 0 0 0 0 0 0 0 0 0 0 0 0 0 0 0 0 0 0]
[763974925148688746477390821736806879696271428771395421631682964430187360879277967494026564391029147419761488253971543605102974834838597426464900694588708708975546412966472772522891126231484880065338319420991324665926518725933676211750927626077756187411759165458898335169042304368500667730993125209234594947374 0 0 0 0 0 0 0 0 1 0 0 0 0 0 0 0 0 0 0 0 0 0 0 0 0 0 0 0 0 0 0 0 0 0 0 0 0 0 0 0 0 0 0 0 0 0 0 0 0 0 0 0 0 0 0 0 0 0 0 0 0 0 0 0 0 0 0 0 0 0 0 0 0 0 0 0 0 0 0 0 0 0 0 0 0 0 0 0 0 0 0 0 0 0 0 0 0 0 0 0 0 0]
[2200170625315388375193021027061455033255149322968763568881976375310276201993397363036093373067875617249076654459687255555067831698547814728584644184778260615960357319289613104593270066669878392420022376179374085952065097791703692740767633747265491164361942539297749666657162427710377522838435426401869868411581 0 0 0 0 0 0 0 0 0 1 0 0 0 0 0 0 0 0 0 0 0 0 0 0 0 0 0 0 0 0 0 0 0 0 0 0 0 0 0 0 0 0 0 0 0 0 0 0 0 0 0 0 0 0 0 0 0 0 0 0 0 0 0 0 0 0 0 0 0 0 0 0 0 0 0 0 0 0 0 0 0 0 0 0 0 0 0 0 0 0 0 0 0 0 0 0 0 0 0 0 0 0]
[997521190666994551324464540912976509842084076220549498692412396588551131424947483562547026448141594528509709483815377730774419726668150213899940780288708137546887914862145201506530467270424980316051787685619894878340908066543697636944226725526569385274745744755936824449873340325086615826268075445883384854901 0 0 0 0 0 0 0 0 0 0 1 0 0 0 0 0 0 0 0 0 0 0 0 0 0 0 0 0 0 0 0 0 0 0 0 0 0 0 0 0 0 0 0 0 0 0 0 0 0 0 0 0 0 0 0 0 0 0 0 0 0 0 0 0 0 0 0 0 0 0 0 0 0 0 0 0 0 0 0 0 0 0 0 0 0 0 0 0 0 0 0 0 0 0 0 0 0 0 0 0 0 0]
[2062870068568596006206142063759442616894073388862762219020907861349176470134251631986464541450924022416073003584820311750188525528236857907997887904844281319299330866103371351777046028553399660484529634432396406149600549815735349562870891579800958353505731158075579229301606313254567917230074822062092334453500 0 0 0 0 0 0 0 0 0 0 0 1 0 0 0 0 0 0 0 0 0 0 0 0 0 0 0 0 0 0 0 0 0 0 0 0 0 0 0 0 0 0 0 0 0 0 0 0 0 0 0 0 0 0 0 0 0 0 0 0 0 0 0 0 0 0 0 0 0 0 0 0 0 0 0 0 0 0 0 0 0 0 0 0 0 0 0 0 0 0 0 0 0 0 0 0 0 0 0 0 0 0]
[4357942623050107435129008540476636005914418351086417761315004423313806264726005642159029126781981164642992434032992430944902239308758886662859046542752196398941241273164676217301907557565607129439708924483690963687043589705451354029474534308106066138947022930731363813808975188891857975590334068074587680269848 0 0 0 0 0 0 0 0 0 0 0 0 1 0 0 0 0 0 0 0 0 0 0 0 0 0 0 0 0 0 0 0 0 0 0 0 0 0 0 0 0 0 0 0 0 0 0 0 0 0 0 0 0 0 0 0 0 0 0 0 0 0 0 0 0 0 0 0 0 0 0 0 0 0 0 0 0 0 0 0 0 0 0 0 0 0 0 0 0 0 0 0 0 0 0 0 0 0 0 0 0 0]
[4927026575526254623056331076658321367391063534646379026649908205071865573447621385681315962676043716604834673238448124441442976601875046137604090058375072969255083515766544758292288954264519402492195582794677358200759395606572966161370462819470464500288934311411901281342689841851402242527884087899769761628400 0 0 0 0 0 0 0 0 0 0 0 0 0 1 0 0 0 0 0 0 0 0 0 0 0 0 0 0 0 0 0 0 0 0 0 0 0 0 0 0 0 0 0 0 0 0 0 0 0 0 0 0 0 0 0 0 0 0 0 0 0 0 0 0 0 0 0 0 0 0 0 0 0 0 0 0 0 0 0 0 0 0 0 0 0 0 0 0 0 0 0 0 0 0 0 0 0 0 0 0 0 0]
[1370406309752544756368376215248961210841324139127656354962682864431793321884777913683396880331301407936833234617466126657091829822457347972079294904207281703051801479507918599246850454948564212030473170088602289555361924926251247335055942915284850370932243055911771883715647500246922830581655977017843027994949 0 0 0 0 0 0 0 0 0 0 0 0 0 0 1 0 0 0 0 0 0 0 0 0 0 0 0 0 0 0 0 0 0 0 0 0 0 0 0 0 0 0 0 0 0 0 0 0 0 0 0 0 0 0 0 0 0 0 0 0 0 0 0 0 0 0 0 0 0 0 0 0 0 0 0 0 0 0 0 0 0 0 0 0 0 0 0 0 0 0 0 0 0 0 0 0 0 0 0 0 0 0]
[1896515194187990340747025887038551515703735102986936136764665226924960583363219377068554029279231116020924858760823440661958403827063015087767634674579479263907875761976498124900714353308276428137132164014853801874618764422321286168717138971626348946335704737230259582533680049477987743501106152527335314856236 0 0 0 0 0 0 0 0 0 0 0 0 0 0 0 1 0 0 0 0 0 0 0 0 0 0 0 0 0 0 0 0 0 0 0 0 0 0 0 0 0 0 0 0 0 0 0 0 0 0 0 0 0 0 0 0 0 0 0 0 0 0 0 0 0 0 0 0 0 0 0 0 0 0 0 0 0 0 0 0 0 0 0 0 0 0 0 0 0 0 0 0 0 0 0 0 0 0 0 0 0 0]
[3794246703560957863445047271946036543479912864980823633885991877466982937563989921595106236723113530800531400361521458458456424379691747329646450048800306925441779581234405117182134681268316854597862562768486000995056856397417290064423708924891156424994436152186387240035886864136514896460809694536399353484768 0 0 0 0 0 0 0 0 0 0 0 0 0 0 0 0 1 0 0 0 0 0 0 0 0 0 0 0 0 0 0 0 0 0 0 0 0 0 0 0 0 0 0 0 0 0 0 0 0 0 0 0 0 0 0 0 0 0 0 0 0 0 0 0 0 0 0 0 0 0 0 0 0 0 0 0 0 0 0 0 0 0 0 0 0 0 0 0 0 0 0 0 0 0 0 0 0 0 0 0 0 0]
[64531798005682495801993381863931664764885385434000306771799649434502931989956721823801017684329639264441690508432043917231237689198420798774236303589269577196353722058054142695624938078897685133874205711387685311561915959178239907886318829165347712438768432567530985362734717776307429165304372002881940006865 0 0 0 0 0 0 0 0 0 0 0 0 0 0 0 0 0 1 0 0 0 0 0 0 0 0 0 0 0 0 0 0 0 0 0 0 0 0 0 0 0 0 0 0 0 0 0 0 0 0 0 0 0 0 0 0 0 0 0 0 0 0 0 0 0 0 0 0 0 0 0 0 0 0 0 0 0 0 0 0 0 0 0 0 0 0 0 0 0 0 0 0 0 0 0 0 0 0 0 0 0 0]
[6351048148376533555197379339733169071949892200934411043435675738926841087867636556465716297420699748646525012161836084887528620359444076741743100095530301063595013797858607992025830799837239424858779947437388338946646806830214241491336775029162827864992690370175900007718312652575143299605040111924100015850462 0 0 0 0 0 0 0 0 0 0 0 0 0 0 0 0 0 0 1 0 0 0 0 0 0 0 0 0 0 0 0 0 0 0 0 0 0 0 0 0 0 0 0 0 0 0 0 0 0 0 0 0 0 0 0 0 0 0 0 0 0 0 0 0 0 0 0 0 0 0 0 0 0 0 0 0 0 0 0 0 0 0 0 0 0 0 0 0 0 0 0 0 0 0 0 0 0 0 0 0 0 0]
[1650533920238227729645866080298258784721829885977614728703087832941769031446094005854210324531077283107554510647273175997562990979741398584930452895672688428869868531317247774258691507720583511651226918943484469536498282408791909877121804211007867374898391644629032796390752853537150606171225011527050970840362 0 0 0 0 0 0 0 0 0 0 0 0 0 0 0 0 0 0 0 1 0 0 0 0 0 0 0 0 0 0 0 0 0 0 0 0 0 0 0 0 0 0 0 0 0 0 0 0 0 0 0 0 0 0 0 0 0 0 0 0 0 0 0 0 0 0 0 0 0 0 0 0 0 0 0 0 0 0 0 0 0 0 0 0 0 0 0 0 0 0 0 0 0 0 0 0 0 0 0 0 0 0]
[512264276513827094601606971254665572149607201509166415807978380384952454884904903842766734048012061667703572706441631897806555282356552279774715950790258780692438484400493144524434251093894970052140567006642499421641551029608480684436716068185881210995790405437343763952912433017295768367398198935147470312025 0 0 0 0 0 0 0 0 0 0 0 0 0 0 0 0 0 0 0 0 1 0 0 0 0 0 0 0 0 0 0 0 0 0 0 0 0 0 0 0 0 0 0 0 0 0 0 0 0 0 0 0 0 0 0 0 0 0 0 0 0 0 0 0 0 0 0 0 0 0 0 0 0 0 0 0 0 0 0 0 0 0 0 0 0 0 0 0 0 0 0 0 0 0 0 0 0 0 0 0 0 0]
[1121042198301753540836741275745085823596546922285683028378378564596215988070022433652528665473759475840730515031607994394463351706900619736487729702157333866407691203643650127929062031518022907850738690749720027067358582153440322671504271839025401673579945696159620301493161137904671627356728158052147452456857 0 0 0 0 0 0 0 0 0 0 0 0 0 0 0 0 0 0 0 0 0 1 0 0 0 0 0 0 0 0 0 0 0 0 0 0 0 0 0 0 0 0 0 0 0 0 0 0 0 0 0 0 0 0 0 0 0 0 0 0 0 0 0 0 0 0 0 0 0 0 0 0 0 0 0 0 0 0 0 0 0 0 0 0 0 0 0 0 0 0 0 0 0 0 0 0 0 0 0 0 0 0]
[523876194395733317087882338918117392787250156092094179399868813525377405414482931205305940735250536413785666566085042860656346338149542400664989054354459149309136588934687719196592147633575300547851536357039159090822036064437258004901012813443265971963549527267722501204821660466834092168074814549613003026678 0 0 0 0 0 0 0 0 0 0 0 0 0 0 0 0 0 0 0 0 0 0 1 0 0 0 0 0 0 0 0 0 0 0 0 0 0 0 0 0 0 0 0 0 0 0 0 0 0 0 0 0 0 0 0 0 0 0 0 0 0 0 0 0 0 0 0 0 0 0 0 0 0 0 0 0 0 0 0 0 0 0 0 0 0 0 0 0 0 0 0 0 0 0 0 0 0 0 0 0 0 0]
[4820150857841508943739225975800266588076686360794147273853551086657573342894203733170949141684649853819703255321706279810481641578074370611095569327575364521558293045282233442180823560085377529951161449872959096456087972631452209199031242220390112192367475615261938790049791006698352990923228016102278131934079 0 0 0 0 0 0 0 0 0 0 0 0 0 0 0 0 0 0 0 0 0 0 0 1 0 0 0 0 0 0 0 0 0 0 0 0 0 0 0 0 0 0 0 0 0 0 0 0 0 0 0 0 0 0 0 0 0 0 0 0 0 0 0 0 0 0 0 0 0 0 0 0 0 0 0 0 0 0 0 0 0 0 0 0 0 0 0 0 0 0 0 0 0 0 0 0 0 0 0 0 0 0]
[6193107148701329096657776376262011269240608100176754681226783432509685525904462873503399149887831788101361365319222827823694411507141908863330872170934759106875328766282639018988896950627446199494199091304668364961713831690551542926446019048837554708284028832352754273520699059626915946871633052481218406710957 0 0 0 0 0 0 0 0 0 0 0 0 0 0 0 0 0 0 0 0 0 0 0 0 1 0 0 0 0 0 0 0 0 0 0 0 0 0 0 0 0 0 0 0 0 0 0 0 0 0 0 0 0 0 0 0 0 0 0 0 0 0 0 0 0 0 0 0 0 0 0 0 0 0 0 0 0 0 0 0 0 0 0 0 0 0 0 0 0 0 0 0 0 0 0 0 0 0 0 0 0 0]
[6317073357162231095271893949484558255644575941333479232861656737256491287410243713152562206862439377743875896762471892775896256122962521335546438764520515179512926994156377529503853244767331657011399016449371652365455443763744708932480785760948612995332481546566310640166003416564332537444702837126177074880217 0 0 0 0 0 0 0 0 0 0 0 0 0 0 0 0 0 0 0 0 0 0 0 0 0 1 0 0 0 0 0 0 0 0 0 0 0 0 0 0 0 0 0 0 0 0 0 0 0 0 0 0 0 0 0 0 0 0 0 0 0 0 0 0 0 0 0 0 0 0 0 0 0 0 0 0 0 0 0 0 0 0 0 0 0 0 0 0 0 0 0 0 0 0 0 0 0 0 0 0 0 0]
[3535927326546309468523217890501893399427877880024454126086021317612376497887653800389805234427513782133022646084729346084021582501519752397937890852576830331257501648732123209700979677712991135165788323417811564133969315853820803454127735465103336760991795424019119037798814879769798518730405620798786554127560 0 0 0 0 0 0 0 0 0 0 0 0 0 0 0 0 0 0 0 0 0 0 0 0 0 0 1 0 0 0 0 0 0 0 0 0 0 0 0 0 0 0 0 0 0 0 0 0 0 0 0 0 0 0 0 0 0 0 0 0 0 0 0 0 0 0 0 0 0 0 0 0 0 0 0 0 0 0 0 0 0 0 0 0 0 0 0 0 0 0 0 0 0 0 0 0 0 0 0 0 0 0]
[204201617284143157344876469216383209470914357295362919002911097678115702820302939115886251174379098301316314233526513860993847928348996865028131559715576119845860003547747511976660367019061176558439017673735434605892922380283911117635129485614075475588809979746803898824464551487043734820442854997472369933315 0 0 0 0 0 0 0 0 0 0 0 0 0 0 0 0 0 0 0 0 0 0 0 0 0 0 0 1 0 0 0 0 0 0 0 0 0 0 0 0 0 0 0 0 0 0 0 0 0 0 0 0 0 0 0 0 0 0 0 0 0 0 0 0 0 0 0 0 0 0 0 0 0 0 0 0 0 0 0 0 0 0 0 0 0 0 0 0 0 0 0 0 0 0 0 0 0 0 0 0 0 0]
[2430598115395912702713454354085299876277373742490870042621094544544231247343398893394486610297142849188352941236702490385053480532927949938560384093462654723735114536488267040992285131083075577735197568344106011911977775412730249672891118401276171472710572890777099051134291638994732580714832326939521761495586 0 0 0 0 0 0 0 0 0 0 0 0 0 0 0 0 0 0 0 0 0 0 0 0 0 0 0 0 1 0 0 0 0 0 0 0 0 0 0 0 0 0 0 0 0 0 0 0 0 0 0 0 0 0 0 0 0 0 0 0 0 0 0 0 0 0 0 0 0 0 0 0 0 0 0 0 0 0 0 0 0 0 0 0 0 0 0 0 0 0 0 0 0 0 0 0 0 0 0 0 0 0]
[4291883068619910607165926352805047504878702033690670156464508783929088931781915886165937801608084206361281293379840716869437381260849437953865642027948940974995527022642614600801942978942989402880263483226905342673415135711339334856418457269393809910029853487021872015946212985843791240491376778288933484285261 0 0 0 0 0 0 0 0 0 0 0 0 0 0 0 0 0 0 0 0 0 0 0 0 0 0 0 0 0 1 0 0 0 0 0 0 0 0 0 0 0 0 0 0 0 0 0 0 0 0 0 0 0 0 0 0 0 0 0 0 0 0 0 0 0 0 0 0 0 0 0 0 0 0 0 0 0 0 0 0 0 0 0 0 0 0 0 0 0 0 0 0 0 0 0 0 0 0 0 0 0 0]
[5651550427506437405522732857339301493644790646500976842443105012048676658762066215103344995654391426263808024044941477348752783432100693590017420153115866409535372485342484882373053226059415000629022173545096663551411500922072675285403918355170534673887603576126501897153386137709281069377708967208141153310403 0 0 0 0 0 0 0 0 0 0 0 0 0 0 0 0 0 0 0 0 0 0 0 0 0 0 0 0 0 0 1 0 0 0 0 0 0 0 0 0 0 0 0 0 0 0 0 0 0 0 0 0 0 0 0 0 0 0 0 0 0 0 0 0 0 0 0 0 0 0 0 0 0 0 0 0 0 0 0 0 0 0 0 0 0 0 0 0 0 0 0 0 0 0 0 0 0 0 0 0 0 0]
[2660667251041095717258577689386646049823602790657317556328803129750359923071285367755920932189267669624864610924020492398322363194165667881702774970577764219557303335924542009633587622958783530242949246729026958159086306162765687249768885978507879057594890872831861027198097287916619217451388484405425787558022 0 0 0 0 0 0 0 0 0 0 0 0 0 0 0 0 0 0 0 0 0 0 0 0 0 0 0 0 0 0 0 1 0 0 0 0 0 0 0 0 0 0 0 0 0 0 0 0 0 0 0 0 0 0 0 0 0 0 0 0 0 0 0 0 0 0 0 0 0 0 0 0 0 0 0 0 0 0 0 0 0 0 0 0 0 0 0 0 0 0 0 0 0 0 0 0 0 0 0 0 0 0]
[2448789344898126155798437010201378957166122367085607911442993140847651637197370455126776286710991799069547714312426917516474175505371369767495175245641671321448569776720184431753073504684545406785265243880033705810197877847073768592489680685090494768308273610634011241917109909307034739307160090801093044070350 0 0 0 0 0 0 0 0 0 0 0 0 0 0 0 0 0 0 0 0 0 0 0 0 0 0 0 0 0 0 0 0 1 0 0 0 0 0 0 0 0 0 0 0 0 0 0 0 0 0 0 0 0 0 0 0 0 0 0 0 0 0 0 0 0 0 0 0 0 0 0 0 0 0 0 0 0 0 0 0 0 0 0 0 0 0 0 0 0 0 0 0 0 0 0 0 0 0 0 0 0 0]
[3923661372265937527261000528523082164359942194770724652657680008740994119076238444393554585852497326732546315989244095928895596537781477861039416505317690449120919687742600288503474045847254875281058939979090781625925444486517448791761328215412723900661651016512912478303450765675691064184170147885690009750553 0 0 0 0 0 0 0 0 0 0 0 0 0 0 0 0 0 0 0 0 0 0 0 0 0 0 0 0 0 0 0 0 0 1 0 0 0 0 0 0 0 0 0 0 0 0 0 0 0 0 0 0 0 0 0 0 0 0 0 0 0 0 0 0 0 0 0 0 0 0 0 0 0 0 0 0 0 0 0 0 0 0 0 0 0 0 0 0 0 0 0 0 0 0 0 0 0 0 0 0 0 0]
[4915234865607012139463848894590476863610895968231139177956026821489303578708828788525785626676184134940023326831100325761224801252667962594521741569716359913125482895311624449549712569373927380465870005340844701823886923790187837223365220347245104414845316367398551677184065714498366406464420274881114815119567 0 0 0 0 0 0 0 0 0 0 0 0 0 0 0 0 0 0 0 0 0 0 0 0 0 0 0 0 0 0 0 0 0 0 1 0 0 0 0 0 0 0 0 0 0 0 0 0 0 0 0 0 0 0 0 0 0 0 0 0 0 0 0 0 0 0 0 0 0 0 0 0 0 0 0 0 0 0 0 0 0 0 0 0 0 0 0 0 0 0 0 0 0 0 0 0 0 0 0 0 0 0]
[1788418245403986066054015109907077852620363670741480228228887492993284244789751926371530448552980347487953382421476446431965465510745265170491559667777287165760097445038988605761211926024722845154101500720653865236550324992072130757461963141901537414016610047280670681096726106361113961531595319269056090096382 0 0 0 0 0 0 0 0 0 0 0 0 0 0 0 0 0 0 0 0 0 0 0 0 0 0 0 0 0 0 0 0 0 0 0 1 0 0 0 0 0 0 0 0 0 0 0 0 0 0 0 0 0 0 0 0 0 0 0 0 0 0 0 0 0 0 0 0 0 0 0 0 0 0 0 0 0 0 0 0 0 0 0 0 0 0 0 0 0 0 0 0 0 0 0 0 0 0 0 0 0 0]
[563423084331360191468532166288886014425741215001557524961754488401094509751732892124142703101297200818378064271175481663775259388444873723941289626276219565604621287564804602536803147650023032043602531468582874512556531381868742214845860899165292982836682911610159954146856914170929163818690035428753973572333 0 0 0 0 0 0 0 0 0 0 0 0 0 0 0 0 0 0 0 0 0 0 0 0 0 0 0 0 0 0 0 0 0 0 0 0 1 0 0 0 0 0 0 0 0 0 0 0 0 0 0 0 0 0 0 0 0 0 0 0 0 0 0 0 0 0 0 0 0 0 0 0 0 0 0 0 0 0 0 0 0 0 0 0 0 0 0 0 0 0 0 0 0 0 0 0 0 0 0 0 0 0]
[4587354167109189546990990825323936930911919093824606008861848432544872131983737404823933180289020699286390893652414995226315738064059656296433440736834534046339999366578116954521964100778857414932012236025318057677086890771013737293593358360982283835901165458272839768586724400997928266533570337732815978086841 0 0 0 0 0 0 0 0 0 0 0 0 0 0 0 0 0 0 0 0 0 0 0 0 0 0 0 0 0 0 0 0 0 0 0 0 0 1 0 0 0 0 0 0 0 0 0 0 0 0 0 0 0 0 0 0 0 0 0 0 0 0 0 0 0 0 0 0 0 0 0 0 0 0 0 0 0 0 0 0 0 0 0 0 0 0 0 0 0 0 0 0 0 0 0 0 0 0 0 0 0 0]
[4609275831187023304653589335050495804855405574185841348141194682919183133063256676842067075369458332391430666778226468133810074188131064925922695853275330699285915928096223054607480987159028832238066556290709244392113564039359946268069037855007971323295619343726163933473466342380451236518879463010481686175815 0 0 0 0 0 0 0 0 0 0 0 0 0 0 0 0 0 0 0 0 0 0 0 0 0 0 0 0 0 0 0 0 0 0 0 0 0 0 1 0 0 0 0 0 0 0 0 0 0 0 0 0 0 0 0 0 0 0 0 0 0 0 0 0 0 0 0 0 0 0 0 0 0 0 0 0 0 0 0 0 0 0 0 0 0 0 0 0 0 0 0 0 0 0 0 0 0 0 0 0 0 0]
[3160449410545543866787876477112294646566982450583747897445107782153345123472889215029998629515614589893263468726574483289088831924856152029544854529040070780600307853531649285741339250511003014607684248937716945224298698488198932817991985300660208478895724899801010006665144990122966298244937178459960268705355 0 0 0 0 0 0 0 0 0 0 0 0 0 0 0 0 0 0 0 0 0 0 0 0 0 0 0 0 0 0 0 0 0 0 0 0 0 0 0 1 0 0 0 0 0 0 0 0 0 0 0 0 0 0 0 0 0 0 0 0 0 0 0 0 0 0 0 0 0 0 0 0 0 0 0 0 0 0 0 0 0 0 0 0 0 0 0 0 0 0 0 0 0 0 0 0 0 0 0 0 0 0]
[3543770982053684048450137095266450975653107857967525831811673084560131964918745489951405464923129662555896393173251845003110829616909880984086057502420778306993475834974485725445543305457399209432760136094254872674795701237886133157566945681655726129204229496882636750183561765621948017022196775333818582836546 0 0 0 0 0 0 0 0 0 0 0 0 0 0 0 0 0 0 0 0 0 0 0 0 0 0 0 0 0 0 0 0 0 0 0 0 0 0 0 0 1 0 0 0 0 0 0 0 0 0 0 0 0 0 0 0 0 0 0 0 0 0 0 0 0 0 0 0 0 0 0 0 0 0 0 0 0 0 0 0 0 0 0 0 0 0 0 0 0 0 0 0 0 0 0 0 0 0 0 0 0 0]
[142070971286616243136936532090144433597819378747515586333204271482165445500241643965729076001291691508397091184907210721379452913965559658699667363024008808401338062632309494830834974129468613960190806382246343685123707297411034180597036567989351889508708531617512111987133115157092177614408829243442702115102 0 0 0 0 0 0 0 0 0 0 0 0 0 0 0 0 0 0 0 0 0 0 0 0 0 0 0 0 0 0 0 0 0 0 0 0 0 0 0 0 0 1 0 0 0 0 0 0 0 0 0 0 0 0 0 0 0 0 0 0 0 0 0 0 0 0 0 0 0 0 0 0 0 0 0 0 0 0 0 0 0 0 0 0 0 0 0 0 0 0 0 0 0 0 0 0 0 0 0 0 0 0]
[5163939191661639081354479939892393932312670242188235491070965086055777849362652099980617736318638821583072714948116547879176461313980345931381320057879972510780740009810972792181750209966888095828898342910962497472515863599866955546191394855830107690644361701452869238825740911677036333905176698485475833790840 0 0 0 0 0 0 0 0 0 0 0 0 0 0 0 0 0 0 0 0 0 0 0 0 0 0 0 0 0 0 0 0 0 0 0 0 0 0 0 0 0 0 1 0 0 0 0 0 0 0 0 0 0 0 0 0 0 0 0 0 0 0 0 0 0 0 0 0 0 0 0 0 0 0 0 0 0 0 0 0 0 0 0 0 0 0 0 0 0 0 0 0 0 0 0 0 0 0 0 0 0 0]
[4660673712571946376786078790811469015809474127338153152431050869985559226947091661930413981166723545371024187854322508787390947612113973635609293112247165247475204472375363940084856391993592176739345551024423659841578526778635454215474759009775168685559815969448319354082621170050557503696762401172480589719185 0 0 0 0 0 0 0 0 0 0 0 0 0 0 0 0 0 0 0 0 0 0 0 0 0 0 0 0 0 0 0 0 0 0 0 0 0 0 0 0 0 0 0 1 0 0 0 0 0 0 0 0 0 0 0 0 0 0 0 0 0 0 0 0 0 0 0 0 0 0 0 0 0 0 0 0 0 0 0 0 0 0 0 0 0 0 0 0 0 0 0 0 0 0 0 0 0 0 0 0 0 0]
[2200840876181258405521316926359761110623078858125697927174013019015620566792432107690679644899451276876466752589731275798712064379619070246008924053064396394394615667408824928357031991736110512097393967625325595799713208373739632142568621216293116006475459172710420176706236197250817021243670522083456750034569 0 0 0 0 0 0 0 0 0 0 0 0 0 0 0 0 0 0 0 0 0 0 0 0 0 0 0 0 0 0 0 0 0 0 0 0 0 0 0 0 0 0 0 0 1 0 0 0 0 0 0 0 0 0 0 0 0 0 0 0 0 0 0 0 0 0 0 0 0 0 0 0 0 0 0 0 0 0 0 0 0 0 0 0 0 0 0 0 0 0 0 0 0 0 0 0 0 0 0 0 0 0]
[346149917993688847071513371858976524179850090895974621464068366001182580815079269159161767117021624017989717039646815936945775695765175935016869777859335167122359538091260486604995176345243411027847357342669038890358045770001200828939088961975801892227698813383491578384667141211258626140802249656607453065931 0 0 0 0 0 0 0 0 0 0 0 0 0 0 0 0 0 0 0 0 0 0 0 0 0 0 0 0 0 0 0 0 0 0 0 0 0 0 0 0 0 0 0 0 0 1 0 0 0 0 0 0 0 0 0 0 0 0 0 0 0 0 0 0 0 0 0 0 0 0 0 0 0 0 0 0 0 0 0 0 0 0 0 0 0 0 0 0 0 0 0 0 0 0 0 0 0 0 0 0 0 0]
[2143816593640565725757431241647940812244839339886027454723071713395287338593163557611570795459002744844840454452350739325244047079115212121392910634497729426833807959957994074291271768406815480926515562379595053520363286706136177981949849616446415884977079669919953311690079467626782711721834495401633769230773 0 0 0 0 0 0 0 0 0 0 0 0 0 0 0 0 0 0 0 0 0 0 0 0 0 0 0 0 0 0 0 0 0 0 0 0 0 0 0 0 0 0 0 0 0 0 1 0 0 0 0 0 0 0 0 0 0 0 0 0 0 0 0 0 0 0 0 0 0 0 0 0 0 0 0 0 0 0 0 0 0 0 0 0 0 0 0 0 0 0 0 0 0 0 0 0 0 0 0 0 0 0]
[5941653852585014128906081396680701270516701276270639979887649440945472473105627316062532388778922168057474084089071153317427785880837292747435088994230140648113214593743081732752493119840571810509290869406170391572577417299510496858801410972284750292539466279315686904517642087946835205895379796186402867534997 0 0 0 0 0 0 0 0 0 0 0 0 0 0 0 0 0 0 0 0 0 0 0 0 0 0 0 0 0 0 0 0 0 0 0 0 0 0 0 0 0 0 0 0 0 0 0 1 0 0 0 0 0 0 0 0 0 0 0 0 0 0 0 0 0 0 0 0 0 0 0 0 0 0 0 0 0 0 0 0 0 0 0 0 0 0 0 0 0 0 0 0 0 0 0 0 0 0 0 0 0 0]
[1526180425339247494501818977986435460512609054737853438612367679989939416438426116995810932148180658594101704505943419230441318845882800824462429572293442535359273603592302043933270782905617094900859687317146507536345324089880067875211995106125163293789726552754240659133612390826815728507704488097514855495285 0 0 0 0 0 0 0 0 0 0 0 0 0 0 0 0 0 0 0 0 0 0 0 0 0 0 0 0 0 0 0 0 0 0 0 0 0 0 0 0 0 0 0 0 0 0 0 0 1 0 0 0 0 0 0 0 0 0 0 0 0 0 0 0 0 0 0 0 0 0 0 0 0 0 0 0 0 0 0 0 0 0 0 0 0 0 0 0 0 0 0 0 0 0 0 0 0 0 0 0 0 0]
[5162841329515111480927415062224760592484189792106721839154963864915711061545706645769525478709343360581690368479654936257663959306715494541303625151071610220118109872489584341440591017731596826563126451255247780696415560940362709452539313959771046161539116390317081090626394721857678130546353799549949040629309 0 0 0 0 0 0 0 0 0 0 0 0 0 0 0 0 0 0 0 0 0 0 0 0 0 0 0 0 0 0 0 0 0 0 0 0 0 0 0 0 0 0 0 0 0 0 0 0 0 1 0 0 0 0 0 0 0 0 0 0 0 0 0 0 0 0 0 0 0 0 0 0 0 0 0 0 0 0 0 0 0 0 0 0 0 0 0 0 0 0 0 0 0 0 0 0 0 0 0 0 0 0]
[537680021891373924474577644256515443126259352539435639324644944659455244663989381043416549290334246219991560464921279686635994816649781742617353337656737887278087583813622127226864533494484170743846918026085041327571130427275268416866890792313766985757420203889952108420488152857622376378757111557868970493415 0 0 0 0 0 0 0 0 0 0 0 0 0 0 0 0 0 0 0 0 0 0 0 0 0 0 0 0 0 0 0 0 0 0 0 0 0 0 0 0 0 0 0 0 0 0 0 0 0 0 1 0 0 0 0 0 0 0 0 0 0 0 0 0 0 0 0 0 0 0 0 0 0 0 0 0 0 0 0 0 0 0 0 0 0 0 0 0 0 0 0 0 0 0 0 0 0 0 0 0 0 0]
[1524515432165718019706637229820637668401067482292650429701857072208530336497342854226124569801020005763471394702398029328121920058454473929409760950590621779449785034273648769469823220430518326898704824831299600252662787374340012621351651919749179523911461505075738552666403774789278237619814490293853033707463 0 0 0 0 0 0 0 0 0 0 0 0 0 0 0 0 0 0 0 0 0 0 0 0 0 0 0 0 0 0 0 0 0 0 0 0 0 0 0 0 0 0 0 0 0 0 0 0 0 0 0 1 0 0 0 0 0 0 0 0 0 0 0 0 0 0 0 0 0 0 0 0 0 0 0 0 0 0 0 0 0 0 0 0 0 0 0 0 0 0 0 0 0 0 0 0 0 0 0 0 0 0]
[1768802270950882536790141182629289792050415878087696904917391472720086829632284075020725108972777705795805299510313958236233048143438586456208373962852224826847959065297312104794528514250885122375702382804906050218037998153177134638199980694389615851158037026768313685118643820231137858165993699528141329989299 0 0 0 0 0 0 0 0 0 0 0 0 0 0 0 0 0 0 0 0 0 0 0 0 0 0 0 0 0 0 0 0 0 0 0 0 0 0 0 0 0 0 0 0 0 0 0 0 0 0 0 0 1 0 0 0 0 0 0 0 0 0 0 0 0 0 0 0 0 0 0 0 0 0 0 0 0 0 0 0 0 0 0 0 0 0 0 0 0 0 0 0 0 0 0 0 0 0 0 0 0 0]
[915959266083223403135722757970115828616748242570009683211637003243603392516596655757704922514543453778542654077703917449082944668992892963091534659688355719349010530449836884126977397738316374890347082328615530355419878911132964875435219018079923384578958217316935538055093334786161710710294473030507872777306 0 0 0 0 0 0 0 0 0 0 0 0 0 0 0 0 0 0 0 0 0 0 0 0 0 0 0 0 0 0 0 0 0 0 0 0 0 0 0 0 0 0 0 0 0 0 0 0 0 0 0 0 0 1 0 0 0 0 0 0 0 0 0 0 0 0 0 0 0 0 0 0 0 0 0 0 0 0 0 0 0 0 0 0 0 0 0 0 0 0 0 0 0 0 0 0 0 0 0 0 0 0]
[2363138845732496698274120196100235663768017678576128906110202469781449397937175568584574276512769659001253466276482304247521468254603030572633417622345274061023017332529820075452638852046971776796849615992324492011648108242470873069627533804582164922664388097009749155604830534966731374890558012732994591005672 0 0 0 0 0 0 0 0 0 0 0 0 0 0 0 0 0 0 0 0 0 0 0 0 0 0 0 0 0 0 0 0 0 0 0 0 0 0 0 0 0 0 0 0 0 0 0 0 0 0 0 0 0 0 1 0 0 0 0 0 0 0 0 0 0 0 0 0 0 0 0 0 0 0 0 0 0 0 0 0 0 0 0 0 0 0 0 0 0 0 0 0 0 0 0 0 0 0 0 0 0 0]
[4169764771190507698660434985406648560761895719878645065791059581710023680519000080586436685443134740305567558206571904204669319554105864116116002078681080902850264610226318096697879334536589208357887680286799848601769809143617802785444227550613676026407649463913388926164693151778889215261204920272039645714513 0 0 0 0 0 0 0 0 0 0 0 0 0 0 0 0 0 0 0 0 0 0 0 0 0 0 0 0 0 0 0 0 0 0 0 0 0 0 0 0 0 0 0 0 0 0 0 0 0 0 0 0 0 0 0 1 0 0 0 0 0 0 0 0 0 0 0 0 0 0 0 0 0 0 0 0 0 0 0 0 0 0 0 0 0 0 0 0 0 0 0 0 0 0 0 0 0 0 0 0 0 0]
[5561922639971144256543601138146611812719035770008464883393769647606339670917655226159345824099944069529433431903204646634175493613196211938922365054053849940648793555875943650021827205413315526562184553125701921152003176247627474499026182845730934481841132506482731055627567207858445804691916964396616579388828 0 0 0 0 0 0 0 0 0 0 0 0 0 0 0 0 0 0 0 0 0 0 0 0 0 0 0 0 0 0 0 0 0 0 0 0 0 0 0 0 0 0 0 0 0 0 0 0 0 0 0 0 0 0 0 0 1 0 0 0 0 0 0 0 0 0 0 0 0 0 0 0 0 0 0 0 0 0 0 0 0 0 0 0 0 0 0 0 0 0 0 0 0 0 0 0 0 0 0 0 0 0]
[2982754045761618509007817626519945896935650532970925810077516116068598478750256698424363403547464967857224422342694921393124543784854829014081334310567742217410236707511546744193599003897349554499881793423194026114156108038416991558302918345697811553815142617619996014146424254431538971111028404294330758389671 0 0 0 0 0 0 0 0 0 0 0 0 0 0 0 0 0 0 0 0 0 0 0 0 0 0 0 0 0 0 0 0 0 0 0 0 0 0 0 0 0 0 0 0 0 0 0 0 0 0 0 0 0 0 0 0 0 1 0 0 0 0 0 0 0 0 0 0 0 0 0 0 0 0 0 0 0 0 0 0 0 0 0 0 0 0 0 0 0 0 0 0 0 0 0 0 0 0 0 0 0 0]
[1633348799373645752077409442926726157439426424663573617233381412293602869755547686294894434128390025578682356721949807014666514617605717776161662203920677412454479434368354760598530550822574916729779337827712550601829917545121771524638844585280773346753435653313246470419247996388663529910956725484482939415479 0 0 0 0 0 0 0 0 0 0 0 0 0 0 0 0 0 0 0 0 0 0 0 0 0 0 0 0 0 0 0 0 0 0 0 0 0 0 0 0 0 0 0 0 0 0 0 0 0 0 0 0 0 0 0 0 0 0 1 0 0 0 0 0 0 0 0 0 0 0 0 0 0 0 0 0 0 0 0 0 0 0 0 0 0 0 0 0 0 0 0 0 0 0 0 0 0 0 0 0 0 0]
[5314816014374938778134127663091300230388490949021824903854007250140121768929267804117872570559146848559007536892598738732028434792226475752552852607877527591406574188832647537551956539413677621796259194076482339475593330099212338929543482982201574554985283171219732667001204739758182387588135978226557272865955 0 0 0 0 0 0 0 0 0 0 0 0 0 0 0 0 0 0 0 0 0 0 0 0 0 0 0 0 0 0 0 0 0 0 0 0 0 0 0 0 0 0 0 0 0 0 0 0 0 0 0 0 0 0 0 0 0 0 0 1 0 0 0 0 0 0 0 0 0 0 0 0 0 0 0 0 0 0 0 0 0 0 0 0 0 0 0 0 0 0 0 0 0 0 0 0 0 0 0 0 0 0]
[5384689902439200432670031852988359107278723710012214863462714518980947328627795596816836471799910658351407650323957369964745284839038960501367239165792646571011247447019071584981772024464835777906988988837214709147115545152939678473763679213591748660818617097116044334455581036166880418278265522645007627970316 0 0 0 0 0 0 0 0 0 0 0 0 0 0 0 0 0 0 0 0 0 0 0 0 0 0 0 0 0 0 0 0 0 0 0 0 0 0 0 0 0 0 0 0 0 0 0 0 0 0 0 0 0 0 0 0 0 0 0 0 1 0 0 0 0 0 0 0 0 0 0 0 0 0 0 0 0 0 0 0 0 0 0 0 0 0 0 0 0 0 0 0 0 0 0 0 0 0 0 0 0 0]
[3791514863016124398684335711015166135909849650798891671035425462393243893150786301402785227967274705994232147989405188948446790763198037147580367955136770302653382733321592583511423708206065214917429149747514919777045334581850426000789866836545360330603995688028575618242072406731900410634385711120953526922573 0 0 0 0 0 0 0 0 0 0 0 0 0 0 0 0 0 0 0 0 0 0 0 0 0 0 0 0 0 0 0 0 0 0 0 0 0 0 0 0 0 0 0 0 0 0 0 0 0 0 0 0 0 0 0 0 0 0 0 0 0 1 0 0 0 0 0 0 0 0 0 0 0 0 0 0 0 0 0 0 0 0 0 0 0 0 0 0 0 0 0 0 0 0 0 0 0 0 0 0 0 0]
[89604803604035693966286689642938063078016345113484198000185108868977471623589525823835024619309689601840671272797541169944916547965751649846332049774287335569967061987786263239865251594329098190671365368337803948410774940303650559622823716265699829186894988406844797887013094720771889133591856447947708070009 0 0 0 0 0 0 0 0 0 0 0 0 0 0 0 0 0 0 0 0 0 0 0 0 0 0 0 0 0 0 0 0 0 0 0 0 0 0 0 0 0 0 0 0 0 0 0 0 0 0 0 0 0 0 0 0 0 0 0 0 0 0 1 0 0 0 0 0 0 0 0 0 0 0 0 0 0 0 0 0 0 0 0 0 0 0 0 0 0 0 0 0 0 0 0 0 0 0 0 0 0 0]
[491908507527127470865966988905866791481506377754247369529591289590259832009763882753274222497609565082881368037778938797178096000101188287668148587203719523574709488418403151992698843639461658423580561573172080587240199459830391431558275275673009112192392870399056718185031182918940594713618975069114493487547 0 0 0 0 0 0 0 0 0 0 0 0 0 0 0 0 0 0 0 0 0 0 0 0 0 0 0 0 0 0 0 0 0 0 0 0 0 0 0 0 0 0 0 0 0 0 0 0 0 0 0 0 0 0 0 0 0 0 0 0 0 0 0 1 0 0 0 0 0 0 0 0 0 0 0 0 0 0 0 0 0 0 0 0 0 0 0 0 0 0 0 0 0 0 0 0 0 0 0 0 0 0]
[4835866731057940832028398426953594538623820536997737741256263003626657925351157086099945522004411808033530143270091654263768535670346654969504979214161970574861123240393716359292021272330542641932128370968008041378653992133731191284141263779019169458908697094061604150819536345567838082899991084173762819889905 0 0 0 0 0 0 0 0 0 0 0 0 0 0 0 0 0 0 0 0 0 0 0 0 0 0 0 0 0 0 0 0 0 0 0 0 0 0 0 0 0 0 0 0 0 0 0 0 0 0 0 0 0 0 0 0 0 0 0 0 0 0 0 0 1 0 0 0 0 0 0 0 0 0 0 0 0 0 0 0 0 0 0 0 0 0 0 0 0 0 0 0 0 0 0 0 0 0 0 0 0 0]
[5405206323972411895519721890454799361000240746975846576232166382956158763713779430345671671761717318260962423010829723041962658877419821945338973311184354275847396279528890321559059591642950538278099908026595530085016908263257512119991086735187765430992599074864755845720199769777802078509422184362793487064860 0 0 0 0 0 0 0 0 0 0 0 0 0 0 0 0 0 0 0 0 0 0 0 0 0 0 0 0 0 0 0 0 0 0 0 0 0 0 0 0 0 0 0 0 0 0 0 0 0 0 0 0 0 0 0 0 0 0 0 0 0 0 0 0 0 1 0 0 0 0 0 0 0 0 0 0 0 0 0 0 0 0 0 0 0 0 0 0 0 0 0 0 0 0 0 0 0 0 0 0 0 0]
[571936592533648872274651781671803194369685162208367317405460189910190973940254026784595102231039804175162186662689196998765285405561818683850883061431218639785114883487892031853737252295671828771716975714169945322679139925086237131462979894402763431315314622498233403063723798813810858957245187282349624525875 0 0 0 0 0 0 0 0 0 0 0 0 0 0 0 0 0 0 0 0 0 0 0 0 0 0 0 0 0 0 0 0 0 0 0 0 0 0 0 0 0 0 0 0 0 0 0 0 0 0 0 0 0 0 0 0 0 0 0 0 0 0 0 0 0 0 1 0 0 0 0 0 0 0 0 0 0 0 0 0 0 0 0 0 0 0 0 0 0 0 0 0 0 0 0 0 0 0 0 0 0 0]
[3479928856684255084275281152646181682699334610556429852104512569962019688672095049629394797535266879293431037489918449046674741051047259406260723868876622455975804766146177009105078541227441067040266076951530193943514648520544929272715933188884378875712499110985678794708672953507394099417868762632101061893493 0 0 0 0 0 0 0 0 0 0 0 0 0 0 0 0 0 0 0 0 0 0 0 0 0 0 0 0 0 0 0 0 0 0 0 0 0 0 0 0 0 0 0 0 0 0 0 0 0 0 0 0 0 0 0 0 0 0 0 0 0 0 0 0 0 0 0 1 0 0 0 0 0 0 0 0 0 0 0 0 0 0 0 0 0 0 0 0 0 0 0 0 0 0 0 0 0 0 0 0 0 0]
[2255130276708591379609147502188864295918423096437524746747895854915578006175628810601380204914483397449067369269386153976632958683526649997946810055138043054749167384082154488523234046634308674924313885479757747696930370990675657179218909910727023642395918789360917080572276182145037833858215512060208776029740 0 0 0 0 0 0 0 0 0 0 0 0 0 0 0 0 0 0 0 0 0 0 0 0 0 0 0 0 0 0 0 0 0 0 0 0 0 0 0 0 0 0 0 0 0 0 0 0 0 0 0 0 0 0 0 0 0 0 0 0 0 0 0 0 0 0 0 0 1 0 0 0 0 0 0 0 0 0 0 0 0 0 0 0 0 0 0 0 0 0 0 0 0 0 0 0 0 0 0 0 0 0]
[1385887530260692738450036129393645975944047182991747548084101405590324636254172470477932258079840420660857941701134309249687844820169733157547363335140702677526166288655387274019198331575615298845720015254747452068498590950216084224817553443911444745736102247442582409047770228654453330522269923300556638025032 0 0 0 0 0 0 0 0 0 0 0 0 0 0 0 0 0 0 0 0 0 0 0 0 0 0 0 0 0 0 0 0 0 0 0 0 0 0 0 0 0 0 0 0 0 0 0 0 0 0 0 0 0 0 0 0 0 0 0 0 0 0 0 0 0 0 0 0 0 1 0 0 0 0 0 0 0 0 0 0 0 0 0 0 0 0 0 0 0 0 0 0 0 0 0 0 0 0 0 0 0 0]
[1743421992762433548321579845965796203683375753177905013832186521190791056977189266344898582238985390444916001329765138148763000428928230863896732940709895299611259116029884296806394289782196593739550074849336468030444206800612646893674447505426043724716990534212317619228534245442505283059678342529082026306900 0 0 0 0 0 0 0 0 0 0 0 0 0 0 0 0 0 0 0 0 0 0 0 0 0 0 0 0 0 0 0 0 0 0 0 0 0 0 0 0 0 0 0 0 0 0 0 0 0 0 0 0 0 0 0 0 0 0 0 0 0 0 0 0 0 0 0 0 0 0 1 0 0 0 0 0 0 0 0 0 0 0 0 0 0 0 0 0 0 0 0 0 0 0 0 0 0 0 0 0 0 0]
[148409368870528708736967575135966591450209253056742306118920132030370031332691428865299802662787574157528277300018341383771701717851200554007014572361331027006559573305708386144780637670416423089372739832962431978090361143466050417374748124309225705414845701062051879989239177604003608322212826296423410305560 0 0 0 0 0 0 0 0 0 0 0 0 0 0 0 0 0 0 0 0 0 0 0 0 0 0 0 0 0 0 0 0 0 0 0 0 0 0 0 0 0 0 0 0 0 0 0 0 0 0 0 0 0 0 0 0 0 0 0 0 0 0 0 0 0 0 0 0 0 0 0 1 0 0 0 0 0 0 0 0 0 0 0 0 0 0 0 0 0 0 0 0 0 0 0 0 0 0 0 0 0 0]
[2684961872386060937390643007302828329564804159857812903180371550568879302167767138536281839126903871871285063514793273570030864195756190726725838205111604439065681918240498735074070776801424242855330306200603173358115001492736507602207887278562876657009880660899468732475270921923856528882865657995954918607897 0 0 0 0 0 0 0 0 0 0 0 0 0 0 0 0 0 0 0 0 0 0 0 0 0 0 0 0 0 0 0 0 0 0 0 0 0 0 0 0 0 0 0 0 0 0 0 0 0 0 0 0 0 0 0 0 0 0 0 0 0 0 0 0 0 0 0 0 0 0 0 0 1 0 0 0 0 0 0 0 0 0 0 0 0 0 0 0 0 0 0 0 0 0 0 0 0 0 0 0 0 0]
[1203562588086731691753598246214903146783239151471616360734138005281946742295934626108349677704465665212099587524534599052480518776950867061024085738456684120759615706697157904025574907019827882256499233542944568602776393229054688201451845085750334117463754853556585481782485528939117130347405151610022369263787 0 0 0 0 0 0 0 0 0 0 0 0 0 0 0 0 0 0 0 0 0 0 0 0 0 0 0 0 0 0 0 0 0 0 0 0 0 0 0 0 0 0 0 0 0 0 0 0 0 0 0 0 0 0 0 0 0 0 0 0 0 0 0 0 0 0 0 0 0 0 0 0 0 1 0 0 0 0 0 0 0 0 0 0 0 0 0 0 0 0 0 0 0 0 0 0 0 0 0 0 0 0]
[6428512612063492643019901482239142897813441305947254465222227505347296323772376917599607265485072539204379599791644214214471036736018696368764794512735058670074260346919981271466600163416403318621911926707522771721161816166307742203786265215802310441699889573580029423375656252081565289083342501591444554680970 0 0 0 0 0 0 0 0 0 0 0 0 0 0 0 0 0 0 0 0 0 0 0 0 0 0 0 0 0 0 0 0 0 0 0 0 0 0 0 0 0 0 0 0 0 0 0 0 0 0 0 0 0 0 0 0 0 0 0 0 0 0 0 0 0 0 0 0 0 0 0 0 0 0 1 0 0 0 0 0 0 0 0 0 0 0 0 0 0 0 0 0 0 0 0 0 0 0 0 0 0 0]
[5067060792559678943582860958037601506802337787092314674536851303396588369528724089694850989920278938985715692423984745877825114286621022527761211869589092983515532085251102449768739990601006543526875822744008384303478319256172085159526329793031047859548546819802685172580575161858485078467966303604731878576662 0 0 0 0 0 0 0 0 0 0 0 0 0 0 0 0 0 0 0 0 0 0 0 0 0 0 0 0 0 0 0 0 0 0 0 0 0 0 0 0 0 0 0 0 0 0 0 0 0 0 0 0 0 0 0 0 0 0 0 0 0 0 0 0 0 0 0 0 0 0 0 0 0 0 0 1 0 0 0 0 0 0 0 0 0 0 0 0 0 0 0 0 0 0 0 0 0 0 0 0 0 0]
[6284239869722666350693176322635368808556604970807593543866227406831689509649134479504007192843419474821445624608029835469152032442565241839732932402827591479575464652620500495268086637046725782862416387847067236673649199005046423977782096679982602081384593052790348295929979838669418310185005341036707660923094 0 0 0 0 0 0 0 0 0 0 0 0 0 0 0 0 0 0 0 0 0 0 0 0 0 0 0 0 0 0 0 0 0 0 0 0 0 0 0 0 0 0 0 0 0 0 0 0 0 0 0 0 0 0 0 0 0 0 0 0 0 0 0 0 0 0 0 0 0 0 0 0 0 0 0 0 1 0 0 0 0 0 0 0 0 0 0 0 0 0 0 0 0 0 0 0 0 0 0 0 0 0]
[5780685804515834306584430275743124368695309334793706135879166855557395642972861489355537325404355682262544583985342043602435414515027151037371428770413989400273369215711566338250543829790188450185131205282363996741542543512200124451509093632186866469642511978608515205393874715627878670963059124695677488103878 0 0 0 0 0 0 0 0 0 0 0 0 0 0 0 0 0 0 0 0 0 0 0 0 0 0 0 0 0 0 0 0 0 0 0 0 0 0 0 0 0 0 0 0 0 0 0 0 0 0 0 0 0 0 0 0 0 0 0 0 0 0 0 0 0 0 0 0 0 0 0 0 0 0 0 0 0 1 0 0 0 0 0 0 0 0 0 0 0 0 0 0 0 0 0 0 0 0 0 0 0 0]
[2914490911983737730155473012909661374712638646606847152840939465768436468014253324292104011794741431731418300747166164915772568742875011008357468331445131777791177226789137801208735458616839401052200770253079010515772390851949015801500865037763347065797776635196978360262180570549568887413663645439558710522555 0 0 0 0 0 0 0 0 0 0 0 0 0 0 0 0 0 0 0 0 0 0 0 0 0 0 0 0 0 0 0 0 0 0 0 0 0 0 0 0 0 0 0 0 0 0 0 0 0 0 0 0 0 0 0 0 0 0 0 0 0 0 0 0 0 0 0 0 0 0 0 0 0 0 0 0 0 0 1 0 0 0 0 0 0 0 0 0 0 0 0 0 0 0 0 0 0 0 0 0 0 0]
[5629059247339220012761690577382172470100416824678696001785087299743169987018825865299601377640455621240769034599152702414652490649540510782257417046209003056335061871889484579779556455465863774866371015104035614104697459554834524366762113788588495475943293776732686651344926452348722493424469354544275288567719 0 0 0 0 0 0 0 0 0 0 0 0 0 0 0 0 0 0 0 0 0 0 0 0 0 0 0 0 0 0 0 0 0 0 0 0 0 0 0 0 0 0 0 0 0 0 0 0 0 0 0 0 0 0 0 0 0 0 0 0 0 0 0 0 0 0 0 0 0 0 0 0 0 0 0 0 0 0 0 1 0 0 0 0 0 0 0 0 0 0 0 0 0 0 0 0 0 0 0 0 0 0]
[2161733296904350964511057074599994737555346336526964344067836549635876914158030607295708223103651394773533860809733444816613828780030160690878024725370006446470447633867013159666672348428987909463884573534383122402551956682222646629461862680222941189760039131601629734428576470653821044890009536594084894391158 0 0 0 0 0 0 0 0 0 0 0 0 0 0 0 0 0 0 0 0 0 0 0 0 0 0 0 0 0 0 0 0 0 0 0 0 0 0 0 0 0 0 0 0 0 0 0 0 0 0 0 0 0 0 0 0 0 0 0 0 0 0 0 0 0 0 0 0 0 0 0 0 0 0 0 0 0 0 0 0 1 0 0 0 0 0 0 0 0 0 0 0 0 0 0 0 0 0 0 0 0 0]
[3742801352539008807774527032919377480272427473342177026977182175117731271532270540869063662571578988296059320955124103148361802534815767476146295982319050405659392367202603422468746274410976614806039406024845708108874052457335351127825553261755372272971047718224344984876346629288073804192597593602029681469334 0 0 0 0 0 0 0 0 0 0 0 0 0 0 0 0 0 0 0 0 0 0 0 0 0 0 0 0 0 0 0 0 0 0 0 0 0 0 0 0 0 0 0 0 0 0 0 0 0 0 0 0 0 0 0 0 0 0 0 0 0 0 0 0 0 0 0 0 0 0 0 0 0 0 0 0 0 0 0 0 0 1 0 0 0 0 0 0 0 0 0 0 0 0 0 0 0 0 0 0 0 0]
[1794142094108141768110794408009702041276986711125057489341427789768783130237011368295635107812588809402268746025710166240048472769065890297611835412767730588262187218269753870397991981696326498229200965055172585346423691712434687316377991701687841277429310212901199169716709809281603836917897461035910869843189 0 0 0 0 0 0 0 0 0 0 0 0 0 0 0 0 0 0 0 0 0 0 0 0 0 0 0 0 0 0 0 0 0 0 0 0 0 0 0 0 0 0 0 0 0 0 0 0 0 0 0 0 0 0 0 0 0 0 0 0 0 0 0 0 0 0 0 0 0 0 0 0 0 0 0 0 0 0 0 0 0 0 1 0 0 0 0 0 0 0 0 0 0 0 0 0 0 0 0 0 0 0]
[5096730723284480373767189720616888694683514228350062471701818169375952445857224826661000128338206021827034791062391943804179602036105424139301080422854486798191288645982106134459737076679474496127783961932139191858908911501911024999910109222157004430629361953644864413765463007210574292082511620015692653488250 0 0 0 0 0 0 0 0 0 0 0 0 0 0 0 0 0 0 0 0 0 0 0 0 0 0 0 0 0 0 0 0 0 0 0 0 0 0 0 0 0 0 0 0 0 0 0 0 0 0 0 0 0 0 0 0 0 0 0 0 0 0 0 0 0 0 0 0 0 0 0 0 0 0 0 0 0 0 0 0 0 0 0 1 0 0 0 0 0 0 0 0 0 0 0 0 0 0 0 0 0 0]
[3102262602458148677287925816305725955946121241878489095422848493595813308691044302695878726013670852784801890495152721711264164236624229469364390192707549194958545305773136313462213061228852062335825896710216901934654760627801752137621954525876216193576499910553473449713916360836419446228185844812862519542172 0 0 0 0 0 0 0 0 0 0 0 0 0 0 0 0 0 0 0 0 0 0 0 0 0 0 0 0 0 0 0 0 0 0 0 0 0 0 0 0 0 0 0 0 0 0 0 0 0 0 0 0 0 0 0 0 0 0 0 0 0 0 0 0 0 0 0 0 0 0 0 0 0 0 0 0 0 0 0 0 0 0 0 0 1 0 0 0 0 0 0 0 0 0 0 0 0 0 0 0 0 0]
[5238006349104235338988102224282160766558193644335592035380747948808291702501975379920041436997946827180615821203674456098023433704476739023959525423923495319192933478840369863109862456531047317217393213861311178697278581077541303166118791751738625023197433113462577652432225323091604296095354037375463196551826 0 0 0 0 0 0 0 0 0 0 0 0 0 0 0 0 0 0 0 0 0 0 0 0 0 0 0 0 0 0 0 0 0 0 0 0 0 0 0 0 0 0 0 0 0 0 0 0 0 0 0 0 0 0 0 0 0 0 0 0 0 0 0 0 0 0 0 0 0 0 0 0 0 0 0 0 0 0 0 0 0 0 0 0 0 1 0 0 0 0 0 0 0 0 0 0 0 0 0 0 0 0]
[2786517423098570047989084778743257830707486349270525253275494545681871183831330667992334723441250542384723179878710273620520392497358479042784588725605863936806183740700458738945767136888485356083190318925191158303334729313044329059519250573773189445236257184606970628007997876163823327664245629323659661642371 0 0 0 0 0 0 0 0 0 0 0 0 0 0 0 0 0 0 0 0 0 0 0 0 0 0 0 0 0 0 0 0 0 0 0 0 0 0 0 0 0 0 0 0 0 0 0 0 0 0 0 0 0 0 0 0 0 0 0 0 0 0 0 0 0 0 0 0 0 0 0 0 0 0 0 0 0 0 0 0 0 0 0 0 0 0 1 0 0 0 0 0 0 0 0 0 0 0 0 0 0 0]
[3576836518289946525333323641670605481114053637378574768958859546829030551136012564777054907168991316895994256251361005758414497138688793955853604399768229813382754913055927497580611289178705187569016254715152158883564726915555576528066954196886050014852519681173133380049888140777263268616098127073760189178838 0 0 0 0 0 0 0 0 0 0 0 0 0 0 0 0 0 0 0 0 0 0 0 0 0 0 0 0 0 0 0 0 0 0 0 0 0 0 0 0 0 0 0 0 0 0 0 0 0 0 0 0 0 0 0 0 0 0 0 0 0 0 0 0 0 0 0 0 0 0 0 0 0 0 0 0 0 0 0 0 0 0 0 0 0 0 0 1 0 0 0 0 0 0 0 0 0 0 0 0 0 0]
[2678086967710357549625050647185995547970393755430731259923381797091732798769559248280987355737939624689756772211619046581059201099828450373897473708984392733162661008755292957656724880840435881543440523379173392784156375627718062441756160356250716017810932866541338242636558666644015588558508890127752785078252 0 0 0 0 0 0 0 0 0 0 0 0 0 0 0 0 0 0 0 0 0 0 0 0 0 0 0 0 0 0 0 0 0 0 0 0 0 0 0 0 0 0 0 0 0 0 0 0 0 0 0 0 0 0 0 0 0 0 0 0 0 0 0 0 0 0 0 0 0 0 0 0 0 0 0 0 0 0 0 0 0 0 0 0 0 0 0 0 1 0 0 0 0 0 0 0 0 0 0 0 0 0]
[1285745076973703249748850657640276555562704456713216540419335673531490531394148336844998232822137336963006029488280860142926748695446948855804521695023785898182164573912045687798783045763089228179333648890312106818985781615383145413214878673044529690233438094627716677115373876030210373140741622964995932870698 0 0 0 0 0 0 0 0 0 0 0 0 0 0 0 0 0 0 0 0 0 0 0 0 0 0 0 0 0 0 0 0 0 0 0 0 0 0 0 0 0 0 0 0 0 0 0 0 0 0 0 0 0 0 0 0 0 0 0 0 0 0 0 0 0 0 0 0 0 0 0 0 0 0 0 0 0 0 0 0 0 0 0 0 0 0 0 0 0 1 0 0 0 0 0 0 0 0 0 0 0 0]
[3780434813653190553664092404545374295182184426678416936234326156287570798529176650966776599602370570007732048423355980981226960039188189809691237694917993701754633459958313166354194284741406591320921124350622063829899690518428990365080823649044832906416985550166804778570365994544672369044377305267774955308476 0 0 0 0 0 0 0 0 0 0 0 0 0 0 0 0 0 0 0 0 0 0 0 0 0 0 0 0 0 0 0 0 0 0 0 0 0 0 0 0 0 0 0 0 0 0 0 0 0 0 0 0 0 0 0 0 0 0 0 0 0 0 0 0 0 0 0 0 0 0 0 0 0 0 0 0 0 0 0 0 0 0 0 0 0 0 0 0 0 0 1 0 0 0 0 0 0 0 0 0 0 0]
[3390691167919814306550701417632148022333673009591955183740917747466782703089683239321907814254103068136157820569611138017167412120790601304171735916401663052304533852366451772305068187973669069445275334832128613212600406905896980201066992066603811163717510292179676566758772854858939084074254676446159636439688 0 0 0 0 0 0 0 0 0 0 0 0 0 0 0 0 0 0 0 0 0 0 0 0 0 0 0 0 0 0 0 0 0 0 0 0 0 0 0 0 0 0 0 0 0 0 0 0 0 0 0 0 0 0 0 0 0 0 0 0 0 0 0 0 0 0 0 0 0 0 0 0 0 0 0 0 0 0 0 0 0 0 0 0 0 0 0 0 0 0 0 1 0 0 0 0 0 0 0 0 0 0]
[3110925732618193210522559402987314167364538689469459188787661225091814485835583639921431682918745924341159715517690596381484465021996904239600402067553987595450263235436601575095353541151488254282576396830806446668192412765043010609264790913311352887507893426547943984054058058832825833104816570247700100850244 0 0 0 0 0 0 0 0 0 0 0 0 0 0 0 0 0 0 0 0 0 0 0 0 0 0 0 0 0 0 0 0 0 0 0 0 0 0 0 0 0 0 0 0 0 0 0 0 0 0 0 0 0 0 0 0 0 0 0 0 0 0 0 0 0 0 0 0 0 0 0 0 0 0 0 0 0 0 0 0 0 0 0 0 0 0 0 0 0 0 0 0 1 0 0 0 0 0 0 0 0 0]
[2105712105344643600468643686463932090655532460039408264826319621052327744081450224032131690998243752604882113553231037240968322987561721816811487947368725264032461905925965886731949295452166236456688164144654796914069830676216429174663515663682031897034863208647447252558524565225444149651534982687780377135855 0 0 0 0 0 0 0 0 0 0 0 0 0 0 0 0 0 0 0 0 0 0 0 0 0 0 0 0 0 0 0 0 0 0 0 0 0 0 0 0 0 0 0 0 0 0 0 0 0 0 0 0 0 0 0 0 0 0 0 0 0 0 0 0 0 0 0 0 0 0 0 0 0 0 0 0 0 0 0 0 0 0 0 0 0 0 0 0 0 0 0 0 0 1 0 0 0 0 0 0 0 0]
[3464433893381293935302608502295213697791569190154159669712179619320555234711891535482630149969160505790542171991087089861383020145149357871285417806105959515975056751623687049339512955027234163623362554297142474089350852970214338929967222104052909457647542340218450569581865221913359670663176263661623400178912 0 0 0 0 0 0 0 0 0 0 0 0 0 0 0 0 0 0 0 0 0 0 0 0 0 0 0 0 0 0 0 0 0 0 0 0 0 0 0 0 0 0 0 0 0 0 0 0 0 0 0 0 0 0 0 0 0 0 0 0 0 0 0 0 0 0 0 0 0 0 0 0 0 0 0 0 0 0 0 0 0 0 0 0 0 0 0 0 0 0 0 0 0 0 1 0 0 0 0 0 0 0]
[3352558172573216861754459135999059907426985597993447892097925752442399514637511605333075953648873238121118934519918913358670743491162855813802258000157822459676279558684231530903988716931591632902138757219016357077361653656389570338034957569718794741667251991699627587931881751139637120498252434880758976520783 0 0 0 0 0 0 0 0 0 0 0 0 0 0 0 0 0 0 0 0 0 0 0 0 0 0 0 0 0 0 0 0 0 0 0 0 0 0 0 0 0 0 0 0 0 0 0 0 0 0 0 0 0 0 0 0 0 0 0 0 0 0 0 0 0 0 0 0 0 0 0 0 0 0 0 0 0 0 0 0 0 0 0 0 0 0 0 0 0 0 0 0 0 0 0 1 0 0 0 0 0 0]
[5003789443120036392495678146923270225030403255037579161643532954614487620381160751773924842553738621493605661016649467399969903390159303383599454606434418431206293371329266476946825577311803455062271781453320485664146128529042325941974669359189559988017528606253225225478219596760023832480884949307964787092602 0 0 0 0 0 0 0 0 0 0 0 0 0 0 0 0 0 0 0 0 0 0 0 0 0 0 0 0 0 0 0 0 0 0 0 0 0 0 0 0 0 0 0 0 0 0 0 0 0 0 0 0 0 0 0 0 0 0 0 0 0 0 0 0 0 0 0 0 0 0 0 0 0 0 0 0 0 0 0 0 0 0 0 0 0 0 0 0 0 0 0 0 0 0 0 0 1 0 0 0 0 0]
[5034371093286150049002562468178728931735030588009828488081905678890960513452946826543892601123453678534047664832462678212775411112107647422171287970749265890626450488363731029340600012560989679747394286306973749392802282420277147546310741904506038936470498970170142542494680797148315014134805367762981642105912 0 0 0 0 0 0 0 0 0 0 0 0 0 0 0 0 0 0 0 0 0 0 0 0 0 0 0 0 0 0 0 0 0 0 0 0 0 0 0 0 0 0 0 0 0 0 0 0 0 0 0 0 0 0 0 0 0 0 0 0 0 0 0 0 0 0 0 0 0 0 0 0 0 0 0 0 0 0 0 0 0 0 0 0 0 0 0 0 0 0 0 0 0 0 0 0 0 1 0 0 0 0]
[5599944895719100443410357697513298483523977226553222068585719929306275731400635294431016167491514076929028413788467975898178036679848421233176913699637826048288532638302715023217580486353370090701685048035050582917929972047465788233715107418188960932092511471535609100663270306685222974700261847829333038131771 0 0 0 0 0 0 0 0 0 0 0 0 0 0 0 0 0 0 0 0 0 0 0 0 0 0 0 0 0 0 0 0 0 0 0 0 0 0 0 0 0 0 0 0 0 0 0 0 0 0 0 0 0 0 0 0 0 0 0 0 0 0 0 0 0 0 0 0 0 0 0 0 0 0 0 0 0 0 0 0 0 0 0 0 0 0 0 0 0 0 0 0 0 0 0 0 0 0 1 0 0 0]
[4865522592970303147784866966611004036989650319522075983448173631783297040720682710040821924081419762298082105691843918608425807138986497296223794002125307486216663415518740121278642340305864905863320920282395695852705524756160476192566813027428958596139010725307042164182102418341120098782135280369345470635331 0 0 0 0 0 0 0 0 0 0 0 0 0 0 0 0 0 0 0 0 0 0 0 0 0 0 0 0 0 0 0 0 0 0 0 0 0 0 0 0 0 0 0 0 0 0 0 0 0 0 0 0 0 0 0 0 0 0 0 0 0 0 0 0 0 0 0 0 0 0 0 0 0 0 0 0 0 0 0 0 0 0 0 0 0 0 0 0 0 0 0 0 0 0 0 0 0 0 0 1 0 0]
[4153846934591733677626995610861213384276020290696057383952694130180117035503718600174899028601390823373650198394933626855531352947377173208058755256976285493045960529423488956507758734583733967636671913148341071383494975570912224333823799559711622832259114866030002883015673319688953620499304685335567104594592 0 0 0 0 0 0 0 0 0 0 0 0 0 0 0 0 0 0 0 0 0 0 0 0 0 0 0 0 0 0 0 0 0 0 0 0 0 0 0 0 0 0 0 0 0 0 0 0 0 0 0 0 0 0 0 0 0 0 0 0 0 0 0 0 0 0 0 0 0 0 0 0 0 0 0 0 0 0 0 0 0 0 0 0 0 0 0 0 0 0 0 0 0 0 0 0 0 0 0 0 1 0]
[5677736211242359748716703080370108734776485830887814287063029353433324096910208248325122523004728946597470356140058778164961733783157991191461606732610508536636794760312063046312499792715007690417062330419843110416636224076449822154675968579410981325407006176362801746840745743407380999069229381346923688203857 0 0 0 0 0 0 0 0 0 0 0 0 0 0 0 0 0 0 0 0 0 0 0 0 0 0 0 0 0 0 0 0 0 0 0 0 0 0 0 0 0 0 0 0 0 0 0 0 0 0 0 0 0 0 0 0 0 0 0 0 0 0 0 0 0 0 0 0 0 0 0 0 0 0 0 0 0 0 0 0 0 0 0 0 0 0 0 0 0 0 0 0 0 0 0 0 0 0 0 0 0 1]
]
