[[2622531348357196556378432775877730927329949963752656349585692019404112164831137480645263314255090485945125935146627959483162902104981629279315115364649762696661394178421 0 0 0 0 0 0 0 0 0 0 0 0 0 0 0 0 0 0 0 0 0 0 0 0 0 0 0 0 0 0 0 0 0 0 0 0 0 0 0 0 0 0 0 0 0 0 0 0 0 0 0 0 0 0 0]
[734684474251405581087548534217379962076200543878246337598788415123690469367676823680000718220288454292741975148044895827572463239787843282223588748690956366952075650850 1 0 0 0 0 0 0 0 0 0 0 0 0 0 0 0 0 0 0 0 0 0 0 0 0 0 0 0 0 0 0 0 0 0 0 0 0 0 0 0 0 0 0 0 0 0 0 0 0 0 0 0 0 0 0]
[1476055676978999687743445560910723979080791999663133479591089421582326824547702391181193421887865032436207123684152124757343675055806590669486773435774409023108597320746 0 1 0 0 0 0 0 0 0 0 0 0 0 0 0 0 0 0 0 0 0 0 0 0 0 0 0 0 0 0 0 0 0 0 0 0 0 0 0 0 0 0 0 0 0 0 0 0 0 0 0 0 0 0 0]
[2320182866095219523284449347194512624708330798795007470361718556171595164279224699491364550442258894704046265930861679669211451859213716405263565020580468736280480011284 0 0 1 0 0 0 0 0 0 0 0 0 0 0 0 0 0 0 0 0 0 0 0 0 0 0 0 0 0 0 0 0 0 0 0 0 0 0 0 0 0 0 0 0 0 0 0 0 0 0 0 0 0 0 0]
[771725330171969116011947542504017859189274419820365103413691640685984417876709680060434360282958009984847239990785743235240376744114665650194312952499497712048727279548 0 0 0 1 0 0 0 0 0 0 0 0 0 0 0 0 0 0 0 0 0 0 0 0 0 0 0 0 0 0 0 0 0 0 0 0 0 0 0 0 0 0 0 0 0 0 0 0 0 0 0 0 0 0 0]
[1306773548553733690713541256985636968655117963370089305800901309344660524320795314937744406782674893850780273573716759269887169724031274682112930787329148454926944583628 0 0 0 0 1 0 0 0 0 0 0 0 0 0 0 0 0 0 0 0 0 0 0 0 0 0 0 0 0 0 0 0 0 0 0 0 0 0 0 0 0 0 0 0 0 0 0 0 0 0 0 0 0 0 0]
[1037106453316998133904057446959857308701199182379702287934335354450412676680889983104202900468818454039996114282461373083881392741046752195232477355656629417191949019406 0 0 0 0 0 1 0 0 0 0 0 0 0 0 0 0 0 0 0 0 0 0 0 0 0 0 0 0 0 0 0 0 0 0 0 0 0 0 0 0 0 0 0 0 0 0 0 0 0 0 0 0 0 0 0]
[2068259065373284418303493813427440176975269028673420118526070081155197018486069993925641327438682303545542192211364207040738202098404527501808177379883845034580625226869 0 0 0 0 0 0 1 0 0 0 0 0 0 0 0 0 0 0 0 0 0 0 0 0 0 0 0 0 0 0 0 0 0 0 0 0 0 0 0 0 0 0 0 0 0 0 0 0 0 0 0 0 0 0 0]
[1722628836383088023108233453008649795078434932031876393757426934166634683168904499095964616340263809977444329477795948098424916824639743525008799566864430348656651511174 0 0 0 0 0 0 0 1 0 0 0 0 0 0 0 0 0 0 0 0 0 0 0 0 0 0 0 0 0 0 0 0 0 0 0 0 0 0 0 0 0 0 0 0 0 0 0 0 0 0 0 0 0 0 0]
[2538424309904991090712564819243665560284702071958283305727258090671934652656026277071126736879688519636013407478107375507122962824602839891403119541919142252283163060781 0 0 0 0 0 0 0 0 1 0 0 0 0 0 0 0 0 0 0 0 0 0 0 0 0 0 0 0 0 0 0 0 0 0 0 0 0 0 0 0 0 0 0 0 0 0 0 0 0 0 0 0 0 0 0]
[1419250466929520588577331772109937316837342221532156690134986182686105842766929556966323473612183238124335933511475856280802275332280659887726860876286780379068353225490 0 0 0 0 0 0 0 0 0 1 0 0 0 0 0 0 0 0 0 0 0 0 0 0 0 0 0 0 0 0 0 0 0 0 0 0 0 0 0 0 0 0 0 0 0 0 0 0 0 0 0 0 0 0 0]
[717761962313122292094508387500221817863499764792322862977657559170820826726938461557932728848822550979130380107107578271635700550101680102608691348130146633537560238279 0 0 0 0 0 0 0 0 0 0 1 0 0 0 0 0 0 0 0 0 0 0 0 0 0 0 0 0 0 0 0 0 0 0 0 0 0 0 0 0 0 0 0 0 0 0 0 0 0 0 0 0 0 0 0]
[408255682782986475198664799074146356729100547042383369183696673221483291435590283456907452912565735415393378699332570177816844760733605043827188762648466986791220825970 0 0 0 0 0 0 0 0 0 0 0 1 0 0 0 0 0 0 0 0 0 0 0 0 0 0 0 0 0 0 0 0 0 0 0 0 0 0 0 0 0 0 0 0 0 0 0 0 0 0 0 0 0 0 0]
[1585693383885368672196433240040909079733965088418168720922081443604281117615317042022235021761826995646426180514973827104072244699813315352895243807357802629885229573375 0 0 0 0 0 0 0 0 0 0 0 0 1 0 0 0 0 0 0 0 0 0 0 0 0 0 0 0 0 0 0 0 0 0 0 0 0 0 0 0 0 0 0 0 0 0 0 0 0 0 0 0 0 0 0]
[310546791508918436900879032272606147096613191268203491473936246020714921322292732963750998356285917091608758901878036458712902734791914430035258570383959768035674333518 0 0 0 0 0 0 0 0 0 0 0 0 0 1 0 0 0 0 0 0 0 0 0 0 0 0 0 0 0 0 0 0 0 0 0 0 0 0 0 0 0 0 0 0 0 0 0 0 0 0 0 0 0 0 0]
[1074820947472144623920230595062242179996851278026189624964387133475764338004351881424231736888382561935461802659361940085338381045260242407408200155867316757393182192869 0 0 0 0 0 0 0 0 0 0 0 0 0 0 1 0 0 0 0 0 0 0 0 0 0 0 0 0 0 0 0 0 0 0 0 0 0 0 0 0 0 0 0 0 0 0 0 0 0 0 0 0 0 0 0]
[2352716060895040548530234746171287225060545443844536884627105479594372300458757835510062878965068166897840584387707703577387163017550273881509877655344816462859184543601 0 0 0 0 0 0 0 0 0 0 0 0 0 0 0 1 0 0 0 0 0 0 0 0 0 0 0 0 0 0 0 0 0 0 0 0 0 0 0 0 0 0 0 0 0 0 0 0 0 0 0 0 0 0 0]
[1019014005123782991662758712438011766122355852153810997004368455584871585735081166918481527067653168229891324605670826675044023207056285874535779358893020747674853959555 0 0 0 0 0 0 0 0 0 0 0 0 0 0 0 0 1 0 0 0 0 0 0 0 0 0 0 0 0 0 0 0 0 0 0 0 0 0 0 0 0 0 0 0 0 0 0 0 0 0 0 0 0 0 0]
[1505788329735890334168486556888455939617137684815914273437718861439095534654423971314241121226044642048401440901395866887189860518401814395626823893931814446086234763363 0 0 0 0 0 0 0 0 0 0 0 0 0 0 0 0 0 1 0 0 0 0 0 0 0 0 0 0 0 0 0 0 0 0 0 0 0 0 0 0 0 0 0 0 0 0 0 0 0 0 0 0 0 0 0]
[1958191684586708453463534529197444948254380578838239910452005135556087041579533658750511712196987254521947368453807612380923446776434539443177008742501913153733493813180 0 0 0 0 0 0 0 0 0 0 0 0 0 0 0 0 0 0 1 0 0 0 0 0 0 0 0 0 0 0 0 0 0 0 0 0 0 0 0 0 0 0 0 0 0 0 0 0 0 0 0 0 0 0 0]
[1140667958527127546106506102725972558422408320854175418527592650749737594154549061438762159390320803919059465414338581510259478603708929832416970011105375262586577195337 0 0 0 0 0 0 0 0 0 0 0 0 0 0 0 0 0 0 0 1 0 0 0 0 0 0 0 0 0 0 0 0 0 0 0 0 0 0 0 0 0 0 0 0 0 0 0 0 0 0 0 0 0 0 0]
[2503901859597495525934798344798371513993607273575870517021382255367396193856380603210754206397866545618776277225889521761930217306598086790632100792881655276377925806414 0 0 0 0 0 0 0 0 0 0 0 0 0 0 0 0 0 0 0 0 1 0 0 0 0 0 0 0 0 0 0 0 0 0 0 0 0 0 0 0 0 0 0 0 0 0 0 0 0 0 0 0 0 0 0]
[486398991868117866962174645210209159481323216164423329421914094150064316555751075801404447301684759161149371870759327075318030416016964238377252164595368816611996853899 0 0 0 0 0 0 0 0 0 0 0 0 0 0 0 0 0 0 0 0 0 1 0 0 0 0 0 0 0 0 0 0 0 0 0 0 0 0 0 0 0 0 0 0 0 0 0 0 0 0 0 0 0 0 0]
[1323840119473929247839990906090954284980086222835866081154004647231966113792392908626753073716499548887026627411712638338071329238478383988625550577174522084649117783157 0 0 0 0 0 0 0 0 0 0 0 0 0 0 0 0 0 0 0 0 0 0 1 0 0 0 0 0 0 0 0 0 0 0 0 0 0 0 0 0 0 0 0 0 0 0 0 0 0 0 0 0 0 0 0]
[995967130480920985268786940531405879329915185236438574024183968232761749783752129802971965360055132026661514513396011927540499441520431068051112922049257928331700984860 0 0 0 0 0 0 0 0 0 0 0 0 0 0 0 0 0 0 0 0 0 0 0 1 0 0 0 0 0 0 0 0 0 0 0 0 0 0 0 0 0 0 0 0 0 0 0 0 0 0 0 0 0 0 0]
[1701757698498097632268368672413741213062771300710421630084364898529960159502797491293711911635832174023438341486439380711973551930780760263464384156619194645296992397018 0 0 0 0 0 0 0 0 0 0 0 0 0 0 0 0 0 0 0 0 0 0 0 0 1 0 0 0 0 0 0 0 0 0 0 0 0 0 0 0 0 0 0 0 0 0 0 0 0 0 0 0 0 0 0]
[1391137174369950915563345984844625736845063741800739091347843980885697985978237319759274703093829360443123714430187027559468420400723906380595955897185318271001159944167 0 0 0 0 0 0 0 0 0 0 0 0 0 0 0 0 0 0 0 0 0 0 0 0 0 1 0 0 0 0 0 0 0 0 0 0 0 0 0 0 0 0 0 0 0 0 0 0 0 0 0 0 0 0 0]
[243763681922912168944824313425626960036978080479631213968493682428186977003823513791780220451304763330335259166287644872432523304748281727418686061874910845160142524767 0 0 0 0 0 0 0 0 0 0 0 0 0 0 0 0 0 0 0 0 0 0 0 0 0 0 1 0 0 0 0 0 0 0 0 0 0 0 0 0 0 0 0 0 0 0 0 0 0 0 0 0 0 0 0]
[2383410112400499775448536714181663143227360008426183413196869788960697096290841105026493172821690148907095461306955364436683138924067446023199658590817058535285221741577 0 0 0 0 0 0 0 0 0 0 0 0 0 0 0 0 0 0 0 0 0 0 0 0 0 0 0 1 0 0 0 0 0 0 0 0 0 0 0 0 0 0 0 0 0 0 0 0 0 0 0 0 0 0 0]
[1139544126923972906067250169008150376962155076231810485728529447762224352449173469382359709179095300050496521335842594545575720140250949049580255971496399408968167994419 0 0 0 0 0 0 0 0 0 0 0 0 0 0 0 0 0 0 0 0 0 0 0 0 0 0 0 0 1 0 0 0 0 0 0 0 0 0 0 0 0 0 0 0 0 0 0 0 0 0 0 0 0 0 0]
[2568567031492036034141736042644147982696457255062880294528982680970662774777785335421549749790569454766391612871158266009041053857692709679136035294328043219445050381099 0 0 0 0 0 0 0 0 0 0 0 0 0 0 0 0 0 0 0 0 0 0 0 0 0 0 0 0 0 1 0 0 0 0 0 0 0 0 0 0 0 0 0 0 0 0 0 0 0 0 0 0 0 0 0]
[1939321222580256262698199079448305989436018036415614709430814172486831013959925852471690033135157085257845720281442835092341338766421297062350454325680210846350963975666 0 0 0 0 0 0 0 0 0 0 0 0 0 0 0 0 0 0 0 0 0 0 0 0 0 0 0 0 0 0 1 0 0 0 0 0 0 0 0 0 0 0 0 0 0 0 0 0 0 0 0 0 0 0 0]
[1247190174177948747327243193527220915666368461619883069593922689785675168794990415649237640886421253317520704690793635126688731792642038910078409676913963980411825967915 0 0 0 0 0 0 0 0 0 0 0 0 0 0 0 0 0 0 0 0 0 0 0 0 0 0 0 0 0 0 0 1 0 0 0 0 0 0 0 0 0 0 0 0 0 0 0 0 0 0 0 0 0 0 0]
[1430560375230501016285306099422151299539160111558782785760802782933443386582209177367882199990547991779964239784942400434159274500174367791357768987592907160926558333865 0 0 0 0 0 0 0 0 0 0 0 0 0 0 0 0 0 0 0 0 0 0 0 0 0 0 0 0 0 0 0 0 1 0 0 0 0 0 0 0 0 0 0 0 0 0 0 0 0 0 0 0 0 0 0]
[1641196276278840904989467149496663911588217557860960653617808503310881718121489823709338497729549209218961120230676575440180942685971094031720223627181645100075437806986 0 0 0 0 0 0 0 0 0 0 0 0 0 0 0 0 0 0 0 0 0 0 0 0 0 0 0 0 0 0 0 0 0 1 0 0 0 0 0 0 0 0 0 0 0 0 0 0 0 0 0 0 0 0 0]
[2059112376424132713280579587992839055688444234910852406023272638445936847586380317015656212126191320063499478849455076427626148410669863478664838512712592654291577529012 0 0 0 0 0 0 0 0 0 0 0 0 0 0 0 0 0 0 0 0 0 0 0 0 0 0 0 0 0 0 0 0 0 0 1 0 0 0 0 0 0 0 0 0 0 0 0 0 0 0 0 0 0 0 0]
[905753703037724228914428621876457545720724291464574430144446281005196769182519903644000869348030022009207751848492490073832869347551190874668043987109909020569276964717 0 0 0 0 0 0 0 0 0 0 0 0 0 0 0 0 0 0 0 0 0 0 0 0 0 0 0 0 0 0 0 0 0 0 0 1 0 0 0 0 0 0 0 0 0 0 0 0 0 0 0 0 0 0 0]
[1436211952617678085630062974296581017209285091664510183854961386983720873611672814644136615485250372507370740498066001285784697157372419480844797978949826419277034638398 0 0 0 0 0 0 0 0 0 0 0 0 0 0 0 0 0 0 0 0 0 0 0 0 0 0 0 0 0 0 0 0 0 0 0 0 1 0 0 0 0 0 0 0 0 0 0 0 0 0 0 0 0 0 0]
[777482481103093963837050570029252521890149199784969333212711920074924473472380039507499222008506896862000860751968304692911633982132497122724731197053380855970238601960 0 0 0 0 0 0 0 0 0 0 0 0 0 0 0 0 0 0 0 0 0 0 0 0 0 0 0 0 0 0 0 0 0 0 0 0 0 1 0 0 0 0 0 0 0 0 0 0 0 0 0 0 0 0 0]
[1245206697125240994071145432076674112785462367180514169028685522304896152346493751986106874821746144269540535972672141397990640451558631143629883324245727767467661176296 0 0 0 0 0 0 0 0 0 0 0 0 0 0 0 0 0 0 0 0 0 0 0 0 0 0 0 0 0 0 0 0 0 0 0 0 0 0 1 0 0 0 0 0 0 0 0 0 0 0 0 0 0 0 0]
[2295660601731216514843009672273434127044326014887668218982899271332750031152065799031560057110171434470052860735306071792767858981510239372484257896430355993458255787429 0 0 0 0 0 0 0 0 0 0 0 0 0 0 0 0 0 0 0 0 0 0 0 0 0 0 0 0 0 0 0 0 0 0 0 0 0 0 0 1 0 0 0 0 0 0 0 0 0 0 0 0 0 0 0]
[1916940105888564020286953680915959948725493146362230321868725631599340059724175033736296705449383065497668821241437842816477927668987563243814131539640080531608621666313 0 0 0 0 0 0 0 0 0 0 0 0 0 0 0 0 0 0 0 0 0 0 0 0 0 0 0 0 0 0 0 0 0 0 0 0 0 0 0 0 1 0 0 0 0 0 0 0 0 0 0 0 0 0 0]
[2270613809577360697000767777130395362404283965121598379332642590054093957036537903763310247575118992798049903181150909536197931162838086633466146251325985629001330642033 0 0 0 0 0 0 0 0 0 0 0 0 0 0 0 0 0 0 0 0 0 0 0 0 0 0 0 0 0 0 0 0 0 0 0 0 0 0 0 0 0 1 0 0 0 0 0 0 0 0 0 0 0 0 0]
[566878215804704883209096713765065901966006362809716543338129586073705412425926811343760031212929816757638995235410190496412899949249746356499879733631857953998411819719 0 0 0 0 0 0 0 0 0 0 0 0 0 0 0 0 0 0 0 0 0 0 0 0 0 0 0 0 0 0 0 0 0 0 0 0 0 0 0 0 0 0 1 0 0 0 0 0 0 0 0 0 0 0 0]
[2449140802680456496736683057012264785947683777912008110081375537226384029243406262352203868969494265701367780154769225335864163050029036146586001808754241096221597978701 0 0 0 0 0 0 0 0 0 0 0 0 0 0 0 0 0 0 0 0 0 0 0 0 0 0 0 0 0 0 0 0 0 0 0 0 0 0 0 0 0 0 0 1 0 0 0 0 0 0 0 0 0 0 0]
[2396550211821332552281517004490735698202216790308367396865748701688759494102277284932635396890392289816604855433402654869578147845635812050076895753144387656768255096888 0 0 0 0 0 0 0 0 0 0 0 0 0 0 0 0 0 0 0 0 0 0 0 0 0 0 0 0 0 0 0 0 0 0 0 0 0 0 0 0 0 0 0 0 1 0 0 0 0 0 0 0 0 0 0]
[1113444858353974485822557786095162996480756361286910303895705271673099712075167691310391620520976793520713503105985358444054558577948903985501764770333020219975299181697 0 0 0 0 0 0 0 0 0 0 0 0 0 0 0 0 0 0 0 0 0 0 0 0 0 0 0 0 0 0 0 0 0 0 0 0 0 0 0 0 0 0 0 0 0 1 0 0 0 0 0 0 0 0 0]
[1597481290356974720342036731384699344731735427533398750571055522265806879192982635430544603403389584579079262640272580134905536483539341737521047786731017221592057876838 0 0 0 0 0 0 0 0 0 0 0 0 0 0 0 0 0 0 0 0 0 0 0 0 0 0 0 0 0 0 0 0 0 0 0 0 0 0 0 0 0 0 0 0 0 0 1 0 0 0 0 0 0 0 0]
[1293839595996119265906952398416183415126722879709306637107628720996544744000805280603291981782398010907344938469816255922420597791628338956045554859564561021614387500901 0 0 0 0 0 0 0 0 0 0 0 0 0 0 0 0 0 0 0 0 0 0 0 0 0 0 0 0 0 0 0 0 0 0 0 0 0 0 0 0 0 0 0 0 0 0 0 1 0 0 0 0 0 0 0]
[1187931127445977036901640599995602589328740154724947958284434671681728821413150984449872279448450374856444710706626665798317038228430960768238590680335313718344939153716 0 0 0 0 0 0 0 0 0 0 0 0 0 0 0 0 0 0 0 0 0 0 0 0 0 0 0 0 0 0 0 0 0 0 0 0 0 0 0 0 0 0 0 0 0 0 0 0 1 0 0 0 0 0 0]
[692693008281941534421616868945884093325568557521876807373234991759429489561082463398990295722442126528972201198677429538649008297978582608372700419006208922208032913394 0 0 0 0 0 0 0 0 0 0 0 0 0 0 0 0 0 0 0 0 0 0 0 0 0 0 0 0 0 0 0 0 0 0 0 0 0 0 0 0 0 0 0 0 0 0 0 0 0 1 0 0 0 0 0]
[826222630949653383179977202175861008240340953546033773982931768127121782886114468443654780058369547057901041432176333180220238328880786119104056193748632009257260153726 0 0 0 0 0 0 0 0 0 0 0 0 0 0 0 0 0 0 0 0 0 0 0 0 0 0 0 0 0 0 0 0 0 0 0 0 0 0 0 0 0 0 0 0 0 0 0 0 0 0 1 0 0 0 0]
[1968240729756347260318879101396276161629525478787687333779577884361338973995009420254280467967672284955161889909882174462632306703642751951011710155639649461561546726792 0 0 0 0 0 0 0 0 0 0 0 0 0 0 0 0 0 0 0 0 0 0 0 0 0 0 0 0 0 0 0 0 0 0 0 0 0 0 0 0 0 0 0 0 0 0 0 0 0 0 0 1 0 0 0]
[2308877050934609403524337903460146978961237534054089240282422609979746724208185661545856935503040740833943223761387036195837347879661891471532786965714587146708743169610 0 0 0 0 0 0 0 0 0 0 0 0 0 0 0 0 0 0 0 0 0 0 0 0 0 0 0 0 0 0 0 0 0 0 0 0 0 0 0 0 0 0 0 0 0 0 0 0 0 0 0 0 1 0 0]
[1796594375589242911262264322002076408084526348462873528453059472052074778770873751655465033142723762632017455284478062248657081194914542581689156021417006815923605763891 0 0 0 0 0 0 0 0 0 0 0 0 0 0 0 0 0 0 0 0 0 0 0 0 0 0 0 0 0 0 0 0 0 0 0 0 0 0 0 0 0 0 0 0 0 0 0 0 0 0 0 0 0 1 0]
[44337181340519831303442716898557581919516601906373587237741068678221602616465950023774752656058692416655570527542382278144209816311491646400865386657247962487097327362 0 0 0 0 0 0 0 0 0 0 0 0 0 0 0 0 0 0 0 0 0 0 0 0 0 0 0 0 0 0 0 0 0 0 0 0 0 0 0 0 0 0 0 0 0 0 0 0 0 0 0 0 0 0 1]
]
