[[2219775961038626468085733595152127164414487885083296240602900161110053996237569735033183285226796487497018789311781069874480917793134590235810472011526795623994055144249 0 0 0 0 0 0 0 0 0 0 0 0 0 0 0 0 0 0 0 0 0 0 0 0 0 0 0 0 0 0 0 0 0 0 0 0 0 0 0 0 0 0 0 0 0 0 0 0 0 0 0 0 0 0 0]
[1189748630345280802547033116854915345651606821256279097888956695029955447381690176969041273792454715387105565287937335266722473407747873753305813739890230527858165684165 1 0 0 0 0 0 0 0 0 0 0 0 0 0 0 0 0 0 0 0 0 0 0 0 0 0 0 0 0 0 0 0 0 0 0 0 0 0 0 0 0 0 0 0 0 0 0 0 0 0 0 0 0 0 0]
[2015406674496259739411690026638162039888481618908002991238251231287286378265066038216705079440058297112325366010655906315374663748953154038827802087646790884361731621698 0 1 0 0 0 0 0 0 0 0 0 0 0 0 0 0 0 0 0 0 0 0 0 0 0 0 0 0 0 0 0 0 0 0 0 0 0 0 0 0 0 0 0 0 0 0 0 0 0 0 0 0 0 0 0]
[769303869908921327358071284186673252517432980302376660870810589148616018948046179394680320268784316779052038012698362151904014072573896406657925195753064873549908386242 0 0 1 0 0 0 0 0 0 0 0 0 0 0 0 0 0 0 0 0 0 0 0 0 0 0 0 0 0 0 0 0 0 0 0 0 0 0 0 0 0 0 0 0 0 0 0 0 0 0 0 0 0 0 0]
[537313387637799022848203594577431114957438003285779657372737991027043176982624233954507219825022904297029693339203895602914328876236981529918840788950329708031667459051 0 0 0 1 0 0 0 0 0 0 0 0 0 0 0 0 0 0 0 0 0 0 0 0 0 0 0 0 0 0 0 0 0 0 0 0 0 0 0 0 0 0 0 0 0 0 0 0 0 0 0 0 0 0 0]
[1154159907598588344197215420329109000079143675342299139402717025241748373145127172281489924091459966434078633143486313433821875902383359556851477466144469172586319316814 0 0 0 0 1 0 0 0 0 0 0 0 0 0 0 0 0 0 0 0 0 0 0 0 0 0 0 0 0 0 0 0 0 0 0 0 0 0 0 0 0 0 0 0 0 0 0 0 0 0 0 0 0 0 0]
[1003025457776278048656846909151052683570932648958670565964117652308335595466900114783139911688663012808555598130011279802824076822140217655029486784897525668869202502781 0 0 0 0 0 1 0 0 0 0 0 0 0 0 0 0 0 0 0 0 0 0 0 0 0 0 0 0 0 0 0 0 0 0 0 0 0 0 0 0 0 0 0 0 0 0 0 0 0 0 0 0 0 0 0]
[1725965216467389034777141378665407980081580283129072198765770059138458835158604495651904272954026978808264821695441793960367505298762246407402139023650121381667781652315 0 0 0 0 0 0 1 0 0 0 0 0 0 0 0 0 0 0 0 0 0 0 0 0 0 0 0 0 0 0 0 0 0 0 0 0 0 0 0 0 0 0 0 0 0 0 0 0 0 0 0 0 0 0 0]
[1791471925046644888428261675065244603564260423278299427436159378855997849707275615581699344271344601468671757859416390199274666238949395879250311498703374516727721446881 0 0 0 0 0 0 0 1 0 0 0 0 0 0 0 0 0 0 0 0 0 0 0 0 0 0 0 0 0 0 0 0 0 0 0 0 0 0 0 0 0 0 0 0 0 0 0 0 0 0 0 0 0 0 0]
[1107343182841540482094575852840139423266588728698682609300061632765924213118935434062963124698966665053977306503980026542985646473039342672093004479665680740889535592373 0 0 0 0 0 0 0 0 1 0 0 0 0 0 0 0 0 0 0 0 0 0 0 0 0 0 0 0 0 0 0 0 0 0 0 0 0 0 0 0 0 0 0 0 0 0 0 0 0 0 0 0 0 0 0]
[696740703954853557090522951568919497045870392477941340864997762974826068111197271583424701480444178073493062625885333198090467994317977793393844112800985471894883036032 0 0 0 0 0 0 0 0 0 1 0 0 0 0 0 0 0 0 0 0 0 0 0 0 0 0 0 0 0 0 0 0 0 0 0 0 0 0 0 0 0 0 0 0 0 0 0 0 0 0 0 0 0 0 0]
[763974393969171289415740093553258087026225664451578558792144596666156964362871384607358857994490573731664749865776355281426846251391139469665323317899542684095583760142 0 0 0 0 0 0 0 0 0 0 1 0 0 0 0 0 0 0 0 0 0 0 0 0 0 0 0 0 0 0 0 0 0 0 0 0 0 0 0 0 0 0 0 0 0 0 0 0 0 0 0 0 0 0 0]
[1182791144416396245921709333564947042540384927029202810369290583777137253712646613756046079620534091999731607052728272695572632628510636693359449134498718067014072211506 0 0 0 0 0 0 0 0 0 0 0 1 0 0 0 0 0 0 0 0 0 0 0 0 0 0 0 0 0 0 0 0 0 0 0 0 0 0 0 0 0 0 0 0 0 0 0 0 0 0 0 0 0 0 0]
[1910830577091577613146082622368769106951017546480494157793990803783551752203000748987119944614112196888596247640238885101023444783847137283782134872895399437575086461840 0 0 0 0 0 0 0 0 0 0 0 0 1 0 0 0 0 0 0 0 0 0 0 0 0 0 0 0 0 0 0 0 0 0 0 0 0 0 0 0 0 0 0 0 0 0 0 0 0 0 0 0 0 0 0]
[1651470335332963946433243811003424023428350057465085137906451386647791342014251158612641983860627734583743228840236158545885121026218302312389061664376100722920169839614 0 0 0 0 0 0 0 0 0 0 0 0 0 1 0 0 0 0 0 0 0 0 0 0 0 0 0 0 0 0 0 0 0 0 0 0 0 0 0 0 0 0 0 0 0 0 0 0 0 0 0 0 0 0 0]
[2029345142264733144284208038054410740162274741870228697122566494394605563760184026983001238509910577022265583554590956132286515253758991545992479061789490746164155955030 0 0 0 0 0 0 0 0 0 0 0 0 0 0 1 0 0 0 0 0 0 0 0 0 0 0 0 0 0 0 0 0 0 0 0 0 0 0 0 0 0 0 0 0 0 0 0 0 0 0 0 0 0 0 0]
[1863230396157325945504035396129599419934931590180213177153487950195205713369084060191609563210937886694206589530619379846858249119658621509571839516353638800292462750651 0 0 0 0 0 0 0 0 0 0 0 0 0 0 0 1 0 0 0 0 0 0 0 0 0 0 0 0 0 0 0 0 0 0 0 0 0 0 0 0 0 0 0 0 0 0 0 0 0 0 0 0 0 0 0]
[90353258038751330272405671779273832967317168874836356536457495054147480512097183645226362509149167474509918254472494357029413673471217770763011983835683585266168803036 0 0 0 0 0 0 0 0 0 0 0 0 0 0 0 0 1 0 0 0 0 0 0 0 0 0 0 0 0 0 0 0 0 0 0 0 0 0 0 0 0 0 0 0 0 0 0 0 0 0 0 0 0 0 0]
[187886131078392780772248305937018871499700721201328770882233946281443632691504997567235135668564170686793505147835346655794768083217503131107467042403613308668948203902 0 0 0 0 0 0 0 0 0 0 0 0 0 0 0 0 0 1 0 0 0 0 0 0 0 0 0 0 0 0 0 0 0 0 0 0 0 0 0 0 0 0 0 0 0 0 0 0 0 0 0 0 0 0 0]
[2166998233335087125459595154567393086806682376946895846548442527018850343388915505785540188784897141472678937518151131803210083366820197162652687116208148156301946635253 0 0 0 0 0 0 0 0 0 0 0 0 0 0 0 0 0 0 1 0 0 0 0 0 0 0 0 0 0 0 0 0 0 0 0 0 0 0 0 0 0 0 0 0 0 0 0 0 0 0 0 0 0 0 0]
[1093945028355420027442735475991994695251706807753919592172455759256849408724092917535090012196083058745121848309724906095577166881013026184496256115169636597574683395075 0 0 0 0 0 0 0 0 0 0 0 0 0 0 0 0 0 0 0 1 0 0 0 0 0 0 0 0 0 0 0 0 0 0 0 0 0 0 0 0 0 0 0 0 0 0 0 0 0 0 0 0 0 0 0]
[1463545273942265049331901968877654337110208679013351788749554921192624244367532556052136747408703959739082391803148355751081461182763284622911130907359589542909130817562 0 0 0 0 0 0 0 0 0 0 0 0 0 0 0 0 0 0 0 0 1 0 0 0 0 0 0 0 0 0 0 0 0 0 0 0 0 0 0 0 0 0 0 0 0 0 0 0 0 0 0 0 0 0 0]
[311292873338783573514136350209232058000085944917149943239390459423372742164549557362986534223862438827867931140614966450116047301045697105000076606040562615534236517776 0 0 0 0 0 0 0 0 0 0 0 0 0 0 0 0 0 0 0 0 0 1 0 0 0 0 0 0 0 0 0 0 0 0 0 0 0 0 0 0 0 0 0 0 0 0 0 0 0 0 0 0 0 0 0]
[21802961260721291593153340396353229488153530292261592016143408360229411112490397068718091284276968986955143182061358833434485790456192301936352987072356197939451097930 0 0 0 0 0 0 0 0 0 0 0 0 0 0 0 0 0 0 0 0 0 0 1 0 0 0 0 0 0 0 0 0 0 0 0 0 0 0 0 0 0 0 0 0 0 0 0 0 0 0 0 0 0 0 0]
[627109754258589088758160605981162704307436993052511547248525206322035564353049595328323456582188157465394522646284880700308764816577406267843039297641068850329370981941 0 0 0 0 0 0 0 0 0 0 0 0 0 0 0 0 0 0 0 0 0 0 0 1 0 0 0 0 0 0 0 0 0 0 0 0 0 0 0 0 0 0 0 0 0 0 0 0 0 0 0 0 0 0 0]
[1377590915984641189041485243718429029617268306909234785907368855390602246147709106246052497317505217344201537112453021983363287448095852792963519865622119679886676592262 0 0 0 0 0 0 0 0 0 0 0 0 0 0 0 0 0 0 0 0 0 0 0 0 1 0 0 0 0 0 0 0 0 0 0 0 0 0 0 0 0 0 0 0 0 0 0 0 0 0 0 0 0 0 0]
[1917145729939391330335224820388720885836956352304005261350523460219785933525505703771107200884721848252566185418721547320434028607628157327647106744710077146569407982530 0 0 0 0 0 0 0 0 0 0 0 0 0 0 0 0 0 0 0 0 0 0 0 0 0 1 0 0 0 0 0 0 0 0 0 0 0 0 0 0 0 0 0 0 0 0 0 0 0 0 0 0 0 0 0]
[2179915836249555027392691315640984657743947794448221038115543559559476861657660142241498251977057143024113443501572984907850589113203819190042601082519133282605553603035 0 0 0 0 0 0 0 0 0 0 0 0 0 0 0 0 0 0 0 0 0 0 0 0 0 0 1 0 0 0 0 0 0 0 0 0 0 0 0 0 0 0 0 0 0 0 0 0 0 0 0 0 0 0 0]
[987536794539183844003220501200860318455303424695213151091691012216403663396468476946755044059984489731656857427355059570742083105629991939539290111126436275518699362172 0 0 0 0 0 0 0 0 0 0 0 0 0 0 0 0 0 0 0 0 0 0 0 0 0 0 0 1 0 0 0 0 0 0 0 0 0 0 0 0 0 0 0 0 0 0 0 0 0 0 0 0 0 0 0]
[2135910391168964363637051871820106852065604752099792463871142951132066166800297652056988190041470235332545967234267407645116050806136538433012251301773036792674591426958 0 0 0 0 0 0 0 0 0 0 0 0 0 0 0 0 0 0 0 0 0 0 0 0 0 0 0 0 1 0 0 0 0 0 0 0 0 0 0 0 0 0 0 0 0 0 0 0 0 0 0 0 0 0 0]
[1709592398545536713238003248440791316427312468691974133145961843376908520805488987004860749035889209606128289276083472352537208343298733229849393146291738124610021500404 0 0 0 0 0 0 0 0 0 0 0 0 0 0 0 0 0 0 0 0 0 0 0 0 0 0 0 0 0 1 0 0 0 0 0 0 0 0 0 0 0 0 0 0 0 0 0 0 0 0 0 0 0 0 0]
[41302336440633569801853698811208704865314994096425144287211172452494329208021324549498538494662676149581963684886177145666597056335830918766057827079988052433166913098 0 0 0 0 0 0 0 0 0 0 0 0 0 0 0 0 0 0 0 0 0 0 0 0 0 0 0 0 0 0 1 0 0 0 0 0 0 0 0 0 0 0 0 0 0 0 0 0 0 0 0 0 0 0 0]
[782034948237918383626670031246623586198706619535269536013222505819659952208269274516473281192303391772316362341189341676252644907786821930546828925315815815410943115662 0 0 0 0 0 0 0 0 0 0 0 0 0 0 0 0 0 0 0 0 0 0 0 0 0 0 0 0 0 0 0 1 0 0 0 0 0 0 0 0 0 0 0 0 0 0 0 0 0 0 0 0 0 0 0]
[1309452213134407408064347535098488614858610726018741329731160876929869545941616610030513946815970764509276990564018864469500012350936281735804222419128725392121483693910 0 0 0 0 0 0 0 0 0 0 0 0 0 0 0 0 0 0 0 0 0 0 0 0 0 0 0 0 0 0 0 0 1 0 0 0 0 0 0 0 0 0 0 0 0 0 0 0 0 0 0 0 0 0 0]
[228213644847123331286978877687525414684416594279106325289136254447529273931423962404215028849377461386073628710237610729877055578402990660048118605054961693690418252659 0 0 0 0 0 0 0 0 0 0 0 0 0 0 0 0 0 0 0 0 0 0 0 0 0 0 0 0 0 0 0 0 0 1 0 0 0 0 0 0 0 0 0 0 0 0 0 0 0 0 0 0 0 0 0]
[2028119488270273936679824509275906883660051007877925709407774508554966090486844496408646799309918488569125405933515782304615440098961113402855289232340325045875220710110 0 0 0 0 0 0 0 0 0 0 0 0 0 0 0 0 0 0 0 0 0 0 0 0 0 0 0 0 0 0 0 0 0 0 1 0 0 0 0 0 0 0 0 0 0 0 0 0 0 0 0 0 0 0 0]
[1124447035061587512237973707522912842130620107949481738659598830087775721738366276455278881624226037645498008312929127148221379862168402537676413956476812846355617745146 0 0 0 0 0 0 0 0 0 0 0 0 0 0 0 0 0 0 0 0 0 0 0 0 0 0 0 0 0 0 0 0 0 0 0 1 0 0 0 0 0 0 0 0 0 0 0 0 0 0 0 0 0 0 0]
[565261414350816217946230171135305829884751731811502887098853923186865852582199897059948105980566586471760119411172518702194856882735915085713054208658007685112641352301 0 0 0 0 0 0 0 0 0 0 0 0 0 0 0 0 0 0 0 0 0 0 0 0 0 0 0 0 0 0 0 0 0 0 0 0 1 0 0 0 0 0 0 0 0 0 0 0 0 0 0 0 0 0 0]
[1522462853600726710518494546089578715484175938910981115197174025093613982435313332042828680695514495050524298053995657951100944945700275282485757429480711449333606198425 0 0 0 0 0 0 0 0 0 0 0 0 0 0 0 0 0 0 0 0 0 0 0 0 0 0 0 0 0 0 0 0 0 0 0 0 0 1 0 0 0 0 0 0 0 0 0 0 0 0 0 0 0 0 0]
[11152380365804378189428092485280031588487646852591536301791252615970262375633994054555204439485396383508221291078997506238217172483472151515322411263212710111510600989 0 0 0 0 0 0 0 0 0 0 0 0 0 0 0 0 0 0 0 0 0 0 0 0 0 0 0 0 0 0 0 0 0 0 0 0 0 0 1 0 0 0 0 0 0 0 0 0 0 0 0 0 0 0 0]
[113501150954712548022538006225666806401959732578374635659112583178973206713456410307591756526857181768098512020698110610457586213230279133481497276542490708645174301834 0 0 0 0 0 0 0 0 0 0 0 0 0 0 0 0 0 0 0 0 0 0 0 0 0 0 0 0 0 0 0 0 0 0 0 0 0 0 0 1 0 0 0 0 0 0 0 0 0 0 0 0 0 0 0]
[1160614731942902864703069534357556725870185605977937011343404318334022687498209614979900411164295607478541296125872678001198484980095594841269456771438416457567734890175 0 0 0 0 0 0 0 0 0 0 0 0 0 0 0 0 0 0 0 0 0 0 0 0 0 0 0 0 0 0 0 0 0 0 0 0 0 0 0 0 1 0 0 0 0 0 0 0 0 0 0 0 0 0 0]
[462781899301552819305798662139517299171258265507153307366550547927736505713378190981692326560200498469507547908934626256081753164647912111694979481440136135868653060408 0 0 0 0 0 0 0 0 0 0 0 0 0 0 0 0 0 0 0 0 0 0 0 0 0 0 0 0 0 0 0 0 0 0 0 0 0 0 0 0 0 1 0 0 0 0 0 0 0 0 0 0 0 0 0]
[606086701902159140271892850139770964141097091170237353766641787535174237984080782535385547923046848802354369706204885430527990269318191930859174138981163766698480618764 0 0 0 0 0 0 0 0 0 0 0 0 0 0 0 0 0 0 0 0 0 0 0 0 0 0 0 0 0 0 0 0 0 0 0 0 0 0 0 0 0 0 1 0 0 0 0 0 0 0 0 0 0 0 0]
[237441507757655070332467728218192700241471865757359870184563405299074274233052881103873350282803853166021306584904472734387217519956779042037028352938485156036408035236 0 0 0 0 0 0 0 0 0 0 0 0 0 0 0 0 0 0 0 0 0 0 0 0 0 0 0 0 0 0 0 0 0 0 0 0 0 0 0 0 0 0 0 1 0 0 0 0 0 0 0 0 0 0 0]
[2204687891248953156447395662535648594330237881731848186241403603146865133555683846812623633096805655782928631297580597734021265256369608353628617996327030031023969466152 0 0 0 0 0 0 0 0 0 0 0 0 0 0 0 0 0 0 0 0 0 0 0 0 0 0 0 0 0 0 0 0 0 0 0 0 0 0 0 0 0 0 0 0 1 0 0 0 0 0 0 0 0 0 0]
[1999903587343917910077227822068082497265663683191606642944907496022288878724866798378357531642041784317358833599695412055533997050471422769692379024812340366805680432385 0 0 0 0 0 0 0 0 0 0 0 0 0 0 0 0 0 0 0 0 0 0 0 0 0 0 0 0 0 0 0 0 0 0 0 0 0 0 0 0 0 0 0 0 0 1 0 0 0 0 0 0 0 0 0]
[1051795957254559440422876210695035903092663483755138297970053438194052431207704411478953211618423960205089922728052659660519015746846094900541608083909060669135019066947 0 0 0 0 0 0 0 0 0 0 0 0 0 0 0 0 0 0 0 0 0 0 0 0 0 0 0 0 0 0 0 0 0 0 0 0 0 0 0 0 0 0 0 0 0 0 1 0 0 0 0 0 0 0 0]
[818686454264487650989694780790497618740810332231879001738837266471053528820028866194652649339001216308171756867447538436662114355291327339954041852927105080150187345679 0 0 0 0 0 0 0 0 0 0 0 0 0 0 0 0 0 0 0 0 0 0 0 0 0 0 0 0 0 0 0 0 0 0 0 0 0 0 0 0 0 0 0 0 0 0 0 1 0 0 0 0 0 0 0]
[1990474078940766553501955237983952987699705057483737770388799076569777781928106689083876813704762051855214602089259941487205777541571354270829084139322602390487829196246 0 0 0 0 0 0 0 0 0 0 0 0 0 0 0 0 0 0 0 0 0 0 0 0 0 0 0 0 0 0 0 0 0 0 0 0 0 0 0 0 0 0 0 0 0 0 0 0 1 0 0 0 0 0 0]
[1397946272866723684538302829481129844892174052072375779013248541838115056404370284691073657275533971179734605809905116888037813064753066678533643950743108777214983510785 0 0 0 0 0 0 0 0 0 0 0 0 0 0 0 0 0 0 0 0 0 0 0 0 0 0 0 0 0 0 0 0 0 0 0 0 0 0 0 0 0 0 0 0 0 0 0 0 0 1 0 0 0 0 0]
[531130608819915841934809117308968739257967127179445457609447178878534908246582232849601123384640372079756818621140817019732939162635410908896951516618478222117163077096 0 0 0 0 0 0 0 0 0 0 0 0 0 0 0 0 0 0 0 0 0 0 0 0 0 0 0 0 0 0 0 0 0 0 0 0 0 0 0 0 0 0 0 0 0 0 0 0 0 0 1 0 0 0 0]
[168456997328882503710868678089138898473640878583011033877147678207564494684766353798474794679573213441511428333709863068558035443472759504153898007973985236263748676735 0 0 0 0 0 0 0 0 0 0 0 0 0 0 0 0 0 0 0 0 0 0 0 0 0 0 0 0 0 0 0 0 0 0 0 0 0 0 0 0 0 0 0 0 0 0 0 0 0 0 0 1 0 0 0]
[986658611837472504618718003994608692577170513483610887870715415030715170021241779421759411957076755304568085095200333855347468197749966049590149307001772039971849584204 0 0 0 0 0 0 0 0 0 0 0 0 0 0 0 0 0 0 0 0 0 0 0 0 0 0 0 0 0 0 0 0 0 0 0 0 0 0 0 0 0 0 0 0 0 0 0 0 0 0 0 0 1 0 0]
[1323309742552015238996049032929399379058948126635777836803529108612445733658513633340822619260636656948699685181065570451826457410848060151700369877267010208160952009036 0 0 0 0 0 0 0 0 0 0 0 0 0 0 0 0 0 0 0 0 0 0 0 0 0 0 0 0 0 0 0 0 0 0 0 0 0 0 0 0 0 0 0 0 0 0 0 0 0 0 0 0 0 1 0]
[922888295312461095902004247253185711985511182829311197654655631033114911068126213858658376712135484563102395112426328192540603627511999021443607430699297678574830129225 0 0 0 0 0 0 0 0 0 0 0 0 0 0 0 0 0 0 0 0 0 0 0 0 0 0 0 0 0 0 0 0 0 0 0 0 0 0 0 0 0 0 0 0 0 0 0 0 0 0 0 0 0 0 1]
]
