[[3566825793783302168835137013097483491301507187814165881424107783717325916778435165679595246694485736410727550462980618933078474834572351773121419382961180900966349521213 0 0 0 0 0 0 0 0 0 0 0 0 0 0 0 0 0 0 0 0 0 0 0 0 0 0 0 0 0 0 0 0 0 0 0 0 0 0 0 0 0 0 0 0 0 0 0 0 0 0 0 0 0 0 0]
[2266105204688551474514930633219586104076993285330855155188657197667851331472454693864718493383215931415517957983150660260445320341806299569014458103396462815467071051808 1 0 0 0 0 0 0 0 0 0 0 0 0 0 0 0 0 0 0 0 0 0 0 0 0 0 0 0 0 0 0 0 0 0 0 0 0 0 0 0 0 0 0 0 0 0 0 0 0 0 0 0 0 0 0]
[3564602310682696895412434654741893726995594462495127643950854158552224509544065901051404340549612800098261303224304873974523124964344511720492643273448253371707271141054 0 1 0 0 0 0 0 0 0 0 0 0 0 0 0 0 0 0 0 0 0 0 0 0 0 0 0 0 0 0 0 0 0 0 0 0 0 0 0 0 0 0 0 0 0 0 0 0 0 0 0 0 0 0 0]
[1422178240669555954625879476378280603540971014876437637809107421703188045623189074662526338146639249479833896247810349423773624103194725779806725734082383928027146086795 0 0 1 0 0 0 0 0 0 0 0 0 0 0 0 0 0 0 0 0 0 0 0 0 0 0 0 0 0 0 0 0 0 0 0 0 0 0 0 0 0 0 0 0 0 0 0 0 0 0 0 0 0 0 0]
[199840088161426985210802564342923684284512066250825053157074619263279380445492866721490893547619003209195134078879312086185698078425471915181373987280424289555668575079 0 0 0 1 0 0 0 0 0 0 0 0 0 0 0 0 0 0 0 0 0 0 0 0 0 0 0 0 0 0 0 0 0 0 0 0 0 0 0 0 0 0 0 0 0 0 0 0 0 0 0 0 0 0 0]
[1628071934666476837136481016989336191029689329515522415821169822054314472507351738012577592436135438183755784240486360425285715877036676596181270284846094053971406101792 0 0 0 0 1 0 0 0 0 0 0 0 0 0 0 0 0 0 0 0 0 0 0 0 0 0 0 0 0 0 0 0 0 0 0 0 0 0 0 0 0 0 0 0 0 0 0 0 0 0 0 0 0 0 0]
[1960681580490500178809507348009733316544460729519009158714000320962737708933975917399155895703946904011800644575404492083441080228457609490744761908346411136972656886306 0 0 0 0 0 1 0 0 0 0 0 0 0 0 0 0 0 0 0 0 0 0 0 0 0 0 0 0 0 0 0 0 0 0 0 0 0 0 0 0 0 0 0 0 0 0 0 0 0 0 0 0 0 0 0]
[355558700505248372251347141769760085024368893209870325050853630415534532940476616274787611779247053799481574855793688425773862087347729420951149701250138147358017052632 0 0 0 0 0 0 1 0 0 0 0 0 0 0 0 0 0 0 0 0 0 0 0 0 0 0 0 0 0 0 0 0 0 0 0 0 0 0 0 0 0 0 0 0 0 0 0 0 0 0 0 0 0 0 0]
[113169703444021547685773552767670021506764544365968507054232835232848606988732782941010520965708337013423282438967011182483103985460343599960610355256019840008536386381 0 0 0 0 0 0 0 1 0 0 0 0 0 0 0 0 0 0 0 0 0 0 0 0 0 0 0 0 0 0 0 0 0 0 0 0 0 0 0 0 0 0 0 0 0 0 0 0 0 0 0 0 0 0 0]
[1517949662471564026879232527823833461363065492584701283303837786394332935153889797541255230713598795723659346606118283806597357547844326869395467818820775572130603606968 0 0 0 0 0 0 0 0 1 0 0 0 0 0 0 0 0 0 0 0 0 0 0 0 0 0 0 0 0 0 0 0 0 0 0 0 0 0 0 0 0 0 0 0 0 0 0 0 0 0 0 0 0 0 0]
[518792004107443924077106929269619567561375881827733841343475263845478671971987218765767941944765405526360430924315733107278953958204003849879297178935540551059216358562 0 0 0 0 0 0 0 0 0 1 0 0 0 0 0 0 0 0 0 0 0 0 0 0 0 0 0 0 0 0 0 0 0 0 0 0 0 0 0 0 0 0 0 0 0 0 0 0 0 0 0 0 0 0 0]
[3383697443517625853168182105367431942605558369547483537498704035270464594731425351990076747480539916153442868450521061701903313876743403533964150106452974425401616586583 0 0 0 0 0 0 0 0 0 0 1 0 0 0 0 0 0 0 0 0 0 0 0 0 0 0 0 0 0 0 0 0 0 0 0 0 0 0 0 0 0 0 0 0 0 0 0 0 0 0 0 0 0 0 0]
[3533473778756175729739501277619972429102441368069216577814550947417071513809422924997514026891761965990724984364503781043635178390277285168377192966291660210998534059788 0 0 0 0 0 0 0 0 0 0 0 1 0 0 0 0 0 0 0 0 0 0 0 0 0 0 0 0 0 0 0 0 0 0 0 0 0 0 0 0 0 0 0 0 0 0 0 0 0 0 0 0 0 0 0]
[276487552900881048265436808130563620571339361467257439624068966449689428122479339084562055833371179267692390832215027060403162634046295300367174065673822145188653966664 0 0 0 0 0 0 0 0 0 0 0 0 1 0 0 0 0 0 0 0 0 0 0 0 0 0 0 0 0 0 0 0 0 0 0 0 0 0 0 0 0 0 0 0 0 0 0 0 0 0 0 0 0 0 0]
[2276844993697357737744655502901481091618904272911303759055742991275880801898711890771459207262317064031099737317389381394744906135572323647880101006395325916660054885011 0 0 0 0 0 0 0 0 0 0 0 0 0 1 0 0 0 0 0 0 0 0 0 0 0 0 0 0 0 0 0 0 0 0 0 0 0 0 0 0 0 0 0 0 0 0 0 0 0 0 0 0 0 0 0]
[2813060698473754575674557023429034744513209350223914531743785171731055661340241705168207099360870040394532239673462054591118174109645999697796791285348966964151637622330 0 0 0 0 0 0 0 0 0 0 0 0 0 0 1 0 0 0 0 0 0 0 0 0 0 0 0 0 0 0 0 0 0 0 0 0 0 0 0 0 0 0 0 0 0 0 0 0 0 0 0 0 0 0 0]
[2782607844427904532052689277648229302188648947390386501650603325922969276945156555285094256506479539065007344680309446569713143345803399114906498242479392738160020271974 0 0 0 0 0 0 0 0 0 0 0 0 0 0 0 1 0 0 0 0 0 0 0 0 0 0 0 0 0 0 0 0 0 0 0 0 0 0 0 0 0 0 0 0 0 0 0 0 0 0 0 0 0 0 0]
[3323591197283433653357364091629295738590498431938539867143450489949497860979319962179589275320983743736232063453456688343282418779083311336683452323397557143407177041063 0 0 0 0 0 0 0 0 0 0 0 0 0 0 0 0 1 0 0 0 0 0 0 0 0 0 0 0 0 0 0 0 0 0 0 0 0 0 0 0 0 0 0 0 0 0 0 0 0 0 0 0 0 0 0]
[311250812908429941859807153835923533723311653068328895099891187055251313002040178616508599889476972507549269719968876048592946632746604060065000528129849474798693564935 0 0 0 0 0 0 0 0 0 0 0 0 0 0 0 0 0 1 0 0 0 0 0 0 0 0 0 0 0 0 0 0 0 0 0 0 0 0 0 0 0 0 0 0 0 0 0 0 0 0 0 0 0 0 0]
[3006242639231028636262018148311818165164324555264049179522341765917531533262874764556219853697639193799549101875533416856168987670068856583958590719820347625017515094153 0 0 0 0 0 0 0 0 0 0 0 0 0 0 0 0 0 0 1 0 0 0 0 0 0 0 0 0 0 0 0 0 0 0 0 0 0 0 0 0 0 0 0 0 0 0 0 0 0 0 0 0 0 0 0]
[1239939661854184605093050632709040932426510760632638440169487326576149966291403794773294179054142704169846071909295163890545857682814420999698802211394107155279285854148 0 0 0 0 0 0 0 0 0 0 0 0 0 0 0 0 0 0 0 1 0 0 0 0 0 0 0 0 0 0 0 0 0 0 0 0 0 0 0 0 0 0 0 0 0 0 0 0 0 0 0 0 0 0 0]
[1624581855994384315969122273316942392531322726835012325146168061324414603844908157287361401407316592749023543702740439183259119843752393740349483983800031392470799311101 0 0 0 0 0 0 0 0 0 0 0 0 0 0 0 0 0 0 0 0 1 0 0 0 0 0 0 0 0 0 0 0 0 0 0 0 0 0 0 0 0 0 0 0 0 0 0 0 0 0 0 0 0 0 0]
[3002157045274702297257393543237012100709558200748754663707051311390329863779358535627685314821986796205196547931883211480432596688310823161158685654773854297305165018159 0 0 0 0 0 0 0 0 0 0 0 0 0 0 0 0 0 0 0 0 0 1 0 0 0 0 0 0 0 0 0 0 0 0 0 0 0 0 0 0 0 0 0 0 0 0 0 0 0 0 0 0 0 0 0]
[2440125444351703824060606967603146099128451582457921905635389925725109123139460413795561620472673023913698167878250923330277910477287103164375412038915553195119534052104 0 0 0 0 0 0 0 0 0 0 0 0 0 0 0 0 0 0 0 0 0 0 1 0 0 0 0 0 0 0 0 0 0 0 0 0 0 0 0 0 0 0 0 0 0 0 0 0 0 0 0 0 0 0 0]
[1978773010885575283369043429568864026284530653648242189467256869667828809398915875885190258753661929182475294089222075044454678160165751531116324797838304393517814563700 0 0 0 0 0 0 0 0 0 0 0 0 0 0 0 0 0 0 0 0 0 0 0 1 0 0 0 0 0 0 0 0 0 0 0 0 0 0 0 0 0 0 0 0 0 0 0 0 0 0 0 0 0 0 0]
[1849872454679564771524657103598812875740406311086044714335877502413763573395700929803201598802999184424579075321906325928807896520782723487869993753158421652828126031701 0 0 0 0 0 0 0 0 0 0 0 0 0 0 0 0 0 0 0 0 0 0 0 0 1 0 0 0 0 0 0 0 0 0 0 0 0 0 0 0 0 0 0 0 0 0 0 0 0 0 0 0 0 0 0]
[1167444169577570228952251701036365078828201998003969046551606771820501640663911947426856432103901271961882258204405939230836056635789612723878350058889924524472541085220 0 0 0 0 0 0 0 0 0 0 0 0 0 0 0 0 0 0 0 0 0 0 0 0 0 1 0 0 0 0 0 0 0 0 0 0 0 0 0 0 0 0 0 0 0 0 0 0 0 0 0 0 0 0 0]
[3561136806253387250947596858699723452783629298702004205866593760005286058832746793803349126689725687780618877941496779993166799691438760972577226252245870691184765572073 0 0 0 0 0 0 0 0 0 0 0 0 0 0 0 0 0 0 0 0 0 0 0 0 0 0 1 0 0 0 0 0 0 0 0 0 0 0 0 0 0 0 0 0 0 0 0 0 0 0 0 0 0 0 0]
[1194744144620367630384709604013254666596591555725634035303487999410020243545409390126275206940088358796562309138272410793372330785459336772841187697708695799947553288461 0 0 0 0 0 0 0 0 0 0 0 0 0 0 0 0 0 0 0 0 0 0 0 0 0 0 0 1 0 0 0 0 0 0 0 0 0 0 0 0 0 0 0 0 0 0 0 0 0 0 0 0 0 0 0]
[3273834410651246213408489735128269758573975394185441387328530439086353628780971908094845807361908803609623153502481431297511714244476049534650030730161259017874392108912 0 0 0 0 0 0 0 0 0 0 0 0 0 0 0 0 0 0 0 0 0 0 0 0 0 0 0 0 1 0 0 0 0 0 0 0 0 0 0 0 0 0 0 0 0 0 0 0 0 0 0 0 0 0 0]
[2246694632977283637346719696954703933507957761208039251582420003544431267851937988120348443544045855008546817370774699114376531495792310042866044963674279069206614964888 0 0 0 0 0 0 0 0 0 0 0 0 0 0 0 0 0 0 0 0 0 0 0 0 0 0 0 0 0 1 0 0 0 0 0 0 0 0 0 0 0 0 0 0 0 0 0 0 0 0 0 0 0 0 0]
[3277857616099902267341395656061816889773663026742835549566673400797859444003570807315237652854433930043405782925717645333238028404454370945231913903664048623269531876958 0 0 0 0 0 0 0 0 0 0 0 0 0 0 0 0 0 0 0 0 0 0 0 0 0 0 0 0 0 0 1 0 0 0 0 0 0 0 0 0 0 0 0 0 0 0 0 0 0 0 0 0 0 0 0]
[2024920909512133387895717411898422553373041463509223610876633171016823806877008341082682935758551907454276837466556441859840452464443884327391573034969280392820529296408 0 0 0 0 0 0 0 0 0 0 0 0 0 0 0 0 0 0 0 0 0 0 0 0 0 0 0 0 0 0 0 1 0 0 0 0 0 0 0 0 0 0 0 0 0 0 0 0 0 0 0 0 0 0 0]
[587137242719206319967647958987759852803110685774876451824968219018026384138593815520295363916464401618711605760905473126224501296149377478710309515203948513339412169460 0 0 0 0 0 0 0 0 0 0 0 0 0 0 0 0 0 0 0 0 0 0 0 0 0 0 0 0 0 0 0 0 1 0 0 0 0 0 0 0 0 0 0 0 0 0 0 0 0 0 0 0 0 0 0]
[1670870612181685884843512176815386888253793837541175862938834239447998847449722875103229771262130508017299194297733923706232908303732896271274430231261001949521196068134 0 0 0 0 0 0 0 0 0 0 0 0 0 0 0 0 0 0 0 0 0 0 0 0 0 0 0 0 0 0 0 0 0 1 0 0 0 0 0 0 0 0 0 0 0 0 0 0 0 0 0 0 0 0 0]
[1056126903861827524923289023014414598303015676465092262105886575362224213917439189997758915522842916975528881057804539141759820113091850313185678271139069833614232770926 0 0 0 0 0 0 0 0 0 0 0 0 0 0 0 0 0 0 0 0 0 0 0 0 0 0 0 0 0 0 0 0 0 0 1 0 0 0 0 0 0 0 0 0 0 0 0 0 0 0 0 0 0 0 0]
[2954261980601522494909911991649967584440222140563893089497611746818053766463773546730037494336868954048916655446601257864899716770021982476256378536310387869589954858589 0 0 0 0 0 0 0 0 0 0 0 0 0 0 0 0 0 0 0 0 0 0 0 0 0 0 0 0 0 0 0 0 0 0 0 1 0 0 0 0 0 0 0 0 0 0 0 0 0 0 0 0 0 0 0]
[43223161638849213958133241421938192886697107843163575351204340656630609227216329721594039275304400301031790291300734400740395094425790135267142829087768174935048831448 0 0 0 0 0 0 0 0 0 0 0 0 0 0 0 0 0 0 0 0 0 0 0 0 0 0 0 0 0 0 0 0 0 0 0 0 1 0 0 0 0 0 0 0 0 0 0 0 0 0 0 0 0 0 0]
[631250387302341982584188301253419137712705566481097455857923774979848221685190634516414360787799766172412907598706695825050533588316047155887250165874875756865650377813 0 0 0 0 0 0 0 0 0 0 0 0 0 0 0 0 0 0 0 0 0 0 0 0 0 0 0 0 0 0 0 0 0 0 0 0 0 1 0 0 0 0 0 0 0 0 0 0 0 0 0 0 0 0 0]
[2826882758105417204122454477866179104092437463697302473748301328341991414019120686194407477382203232527009967293845943058119076110574581278954262891851650294616558812767 0 0 0 0 0 0 0 0 0 0 0 0 0 0 0 0 0 0 0 0 0 0 0 0 0 0 0 0 0 0 0 0 0 0 0 0 0 0 1 0 0 0 0 0 0 0 0 0 0 0 0 0 0 0 0]
[434754874521612082314959167570073827799662282986601212211966754619930178909806314391856690529108728911744329113405048736396087029421150359575354259457161723887524377840 0 0 0 0 0 0 0 0 0 0 0 0 0 0 0 0 0 0 0 0 0 0 0 0 0 0 0 0 0 0 0 0 0 0 0 0 0 0 0 1 0 0 0 0 0 0 0 0 0 0 0 0 0 0 0]
[171626248199562208004852313627147865240219470717753321451534446852690290981224737842159372179552925763537679761974701406074343356838896158977580261612451976893226486131 0 0 0 0 0 0 0 0 0 0 0 0 0 0 0 0 0 0 0 0 0 0 0 0 0 0 0 0 0 0 0 0 0 0 0 0 0 0 0 0 1 0 0 0 0 0 0 0 0 0 0 0 0 0 0]
[785637232147890830271230142441316123718858101275628389456750717578432361253603030765915116899858004773113566523197248714386931939907399393675082505585730500878417156814 0 0 0 0 0 0 0 0 0 0 0 0 0 0 0 0 0 0 0 0 0 0 0 0 0 0 0 0 0 0 0 0 0 0 0 0 0 0 0 0 0 1 0 0 0 0 0 0 0 0 0 0 0 0 0]
[800735079152178687706893654587118169172741989271178225328938597842566830721362215649904926133620204236179380681883989840490677597807472367447197424077648282846025952761 0 0 0 0 0 0 0 0 0 0 0 0 0 0 0 0 0 0 0 0 0 0 0 0 0 0 0 0 0 0 0 0 0 0 0 0 0 0 0 0 0 0 1 0 0 0 0 0 0 0 0 0 0 0 0]
[3270526852719803583031213463179523178526821104443475407241383417346206408814446029483238829459307193792822176622463926679710837101288453007304479361460297144337383311023 0 0 0 0 0 0 0 0 0 0 0 0 0 0 0 0 0 0 0 0 0 0 0 0 0 0 0 0 0 0 0 0 0 0 0 0 0 0 0 0 0 0 0 1 0 0 0 0 0 0 0 0 0 0 0]
[2408005350734676225223180143374916536790120258008708923961596829417470943749576949071291924618414126194066409970973646147688657622035263429681006500142782311889668176867 0 0 0 0 0 0 0 0 0 0 0 0 0 0 0 0 0 0 0 0 0 0 0 0 0 0 0 0 0 0 0 0 0 0 0 0 0 0 0 0 0 0 0 0 1 0 0 0 0 0 0 0 0 0 0]
[437700907270863196478584343862539314689993176164208964327707073429177249725415739435841265581593102608171618336267600368073995420032949400790094018954326052837819593142 0 0 0 0 0 0 0 0 0 0 0 0 0 0 0 0 0 0 0 0 0 0 0 0 0 0 0 0 0 0 0 0 0 0 0 0 0 0 0 0 0 0 0 0 0 1 0 0 0 0 0 0 0 0 0]
[641105135342714496106217510714337782658476405060446187151615794925520616798280276588030933742732704996037040159626769235016574693805258515622186648600047105562802661932 0 0 0 0 0 0 0 0 0 0 0 0 0 0 0 0 0 0 0 0 0 0 0 0 0 0 0 0 0 0 0 0 0 0 0 0 0 0 0 0 0 0 0 0 0 0 1 0 0 0 0 0 0 0 0]
[1317329455910542046364244104970155979393960721758705170642323181671842964043721485968306798835578923363375888472933759971053483076969633826670713809196853788487497586275 0 0 0 0 0 0 0 0 0 0 0 0 0 0 0 0 0 0 0 0 0 0 0 0 0 0 0 0 0 0 0 0 0 0 0 0 0 0 0 0 0 0 0 0 0 0 0 1 0 0 0 0 0 0 0]
[3400119226750217352827644851647976173884577964250237661843918998199278568784127904381691793434854519635151337041934522683698643249398522793066877026982305591892336869969 0 0 0 0 0 0 0 0 0 0 0 0 0 0 0 0 0 0 0 0 0 0 0 0 0 0 0 0 0 0 0 0 0 0 0 0 0 0 0 0 0 0 0 0 0 0 0 0 1 0 0 0 0 0 0]
[338502325735397369108077004382849533026640736503074941932124785978965193376624966844023538790695019699013981126778862528930610871764970154751729246463751062911774421596 0 0 0 0 0 0 0 0 0 0 0 0 0 0 0 0 0 0 0 0 0 0 0 0 0 0 0 0 0 0 0 0 0 0 0 0 0 0 0 0 0 0 0 0 0 0 0 0 0 1 0 0 0 0 0]
[1446951921595559245966632494562712527572785854593387524170100824087974474674808084738937564770385211242661537012498384525507233407343611664644741977474228785619444081505 0 0 0 0 0 0 0 0 0 0 0 0 0 0 0 0 0 0 0 0 0 0 0 0 0 0 0 0 0 0 0 0 0 0 0 0 0 0 0 0 0 0 0 0 0 0 0 0 0 0 1 0 0 0 0]
[3325824992486886554473301834255796314450710382953928360280332221523777691227509923497191129461586653184008179947728026212543716958219926985049915127010336761498638185396 0 0 0 0 0 0 0 0 0 0 0 0 0 0 0 0 0 0 0 0 0 0 0 0 0 0 0 0 0 0 0 0 0 0 0 0 0 0 0 0 0 0 0 0 0 0 0 0 0 0 0 1 0 0 0]
[2791831620007756825995069302376290081961426226727704085855064630413990742790866713457855755410015145045298412366837573732577581451507447130266816792294799748144101945036 0 0 0 0 0 0 0 0 0 0 0 0 0 0 0 0 0 0 0 0 0 0 0 0 0 0 0 0 0 0 0 0 0 0 0 0 0 0 0 0 0 0 0 0 0 0 0 0 0 0 0 0 1 0 0]
[2693260901075821604260428559146527467577468796815304892285079069216939246886635027924295140173781784528577945891465231001201104402182522874656871875211532923729912581679 0 0 0 0 0 0 0 0 0 0 0 0 0 0 0 0 0 0 0 0 0 0 0 0 0 0 0 0 0 0 0 0 0 0 0 0 0 0 0 0 0 0 0 0 0 0 0 0 0 0 0 0 0 1 0]
[1829881905674038948033550253279799501502216889320317843368151131163942099486958631759563284587933792853176327877246359212458550639258970881308422397745971347602954301901 0 0 0 0 0 0 0 0 0 0 0 0 0 0 0 0 0 0 0 0 0 0 0 0 0 0 0 0 0 0 0 0 0 0 0 0 0 0 0 0 0 0 0 0 0 0 0 0 0 0 0 0 0 0 1]
]
