[[2743407212159334060694144847662728690864177210268707548150601737094121745431293095985640369337799542937694255022280327411660251208154385022731443847195330229216090512171 0 0 0 0 0 0 0 0 0 0 0 0 0 0 0 0 0 0 0 0 0 0 0 0 0 0 0 0 0 0 0 0 0 0 0 0 0 0 0 0 0 0 0 0 0 0 0 0 0 0 0 0 0 0 0]
[2473914120554832462138970409268797760075185810733746523561341384614230326805618409032188380607517215349169247255956691815464301532643164406540341979663547387790871447057 1 0 0 0 0 0 0 0 0 0 0 0 0 0 0 0 0 0 0 0 0 0 0 0 0 0 0 0 0 0 0 0 0 0 0 0 0 0 0 0 0 0 0 0 0 0 0 0 0 0 0 0 0 0 0]
[1415563590774399777158086694340753504694189058154605723311568579337155456819576116424807134051150898622871144596881530564851011848827523476188496419540788384800807669135 0 1 0 0 0 0 0 0 0 0 0 0 0 0 0 0 0 0 0 0 0 0 0 0 0 0 0 0 0 0 0 0 0 0 0 0 0 0 0 0 0 0 0 0 0 0 0 0 0 0 0 0 0 0 0]
[203139363015539798634008194191836290157000511173358219011449906396548383873271737963784611936783393577309931880110379137838785338678074512289382090297860378605349573199 0 0 1 0 0 0 0 0 0 0 0 0 0 0 0 0 0 0 0 0 0 0 0 0 0 0 0 0 0 0 0 0 0 0 0 0 0 0 0 0 0 0 0 0 0 0 0 0 0 0 0 0 0 0 0]
[983765090219645396236732278114705989722022544105672768483770509354950760763135081435472233060773351321603199703948742836597931687726440436368297940539303461696320511976 0 0 0 1 0 0 0 0 0 0 0 0 0 0 0 0 0 0 0 0 0 0 0 0 0 0 0 0 0 0 0 0 0 0 0 0 0 0 0 0 0 0 0 0 0 0 0 0 0 0 0 0 0 0 0]
[1495889522006749986732107314826286020818708808896885562490846816928731211983272643128383401258871721654888193077977213883443215853333157566049958582276977192418662461522 0 0 0 0 1 0 0 0 0 0 0 0 0 0 0 0 0 0 0 0 0 0 0 0 0 0 0 0 0 0 0 0 0 0 0 0 0 0 0 0 0 0 0 0 0 0 0 0 0 0 0 0 0 0 0]
[1409173392196468466970432500050563788420640867475394398141154282728408785479239613337426046989567030667475172730705995188202183958191719831967459632225716611757697994914 0 0 0 0 0 1 0 0 0 0 0 0 0 0 0 0 0 0 0 0 0 0 0 0 0 0 0 0 0 0 0 0 0 0 0 0 0 0 0 0 0 0 0 0 0 0 0 0 0 0 0 0 0 0 0]
[579092852891900022659934916719357007084887932787337959389702051939165566780835212920802959367559735225689818425616859265236086817168921439117236626241622406845633762702 0 0 0 0 0 0 1 0 0 0 0 0 0 0 0 0 0 0 0 0 0 0 0 0 0 0 0 0 0 0 0 0 0 0 0 0 0 0 0 0 0 0 0 0 0 0 0 0 0 0 0 0 0 0 0]
[2027014382056609898041259516182195685726697546961444294131610266067180511496899714351437111927506567672021480553567607649897581675320768817314669833067868576348761469800 0 0 0 0 0 0 0 1 0 0 0 0 0 0 0 0 0 0 0 0 0 0 0 0 0 0 0 0 0 0 0 0 0 0 0 0 0 0 0 0 0 0 0 0 0 0 0 0 0 0 0 0 0 0 0]
[1707208048939527405846030459571040115994005053817375804132714266402380551067175321664225821004507676941729244490830250473792273655119651011082754833406889585424230472164 0 0 0 0 0 0 0 0 1 0 0 0 0 0 0 0 0 0 0 0 0 0 0 0 0 0 0 0 0 0 0 0 0 0 0 0 0 0 0 0 0 0 0 0 0 0 0 0 0 0 0 0 0 0 0]
[1298283173556138072723450009945140634552492626684091826059703318596757853021637123769933654554277911216559801303938037091018473312759194035087675761755970055171630932204 0 0 0 0 0 0 0 0 0 1 0 0 0 0 0 0 0 0 0 0 0 0 0 0 0 0 0 0 0 0 0 0 0 0 0 0 0 0 0 0 0 0 0 0 0 0 0 0 0 0 0 0 0 0 0]
[1124338631753123044985937648461160333253051567561554290607536697618167906221682605314914998927765792779468710304455492868419966176998684823092541064922773879051691417028 0 0 0 0 0 0 0 0 0 0 1 0 0 0 0 0 0 0 0 0 0 0 0 0 0 0 0 0 0 0 0 0 0 0 0 0 0 0 0 0 0 0 0 0 0 0 0 0 0 0 0 0 0 0 0]
[340537659163089431494248861581164459694915002175026881622096021971860170669061183821866641002178249735491130600951978521929071690330187381356954127762651092025272441663 0 0 0 0 0 0 0 0 0 0 0 1 0 0 0 0 0 0 0 0 0 0 0 0 0 0 0 0 0 0 0 0 0 0 0 0 0 0 0 0 0 0 0 0 0 0 0 0 0 0 0 0 0 0 0]
[1873464630527097327200734234142983120254985540114919750931824217540666448302305080358429298241355785810701538376441722166611482516760315792476845782132139021751171059113 0 0 0 0 0 0 0 0 0 0 0 0 1 0 0 0 0 0 0 0 0 0 0 0 0 0 0 0 0 0 0 0 0 0 0 0 0 0 0 0 0 0 0 0 0 0 0 0 0 0 0 0 0 0 0]
[1416250883100864824531303774824470250603511629733574750140773613913271021867048798787817284332445410422284249860348183810802381012805445909359703256664594175964634735740 0 0 0 0 0 0 0 0 0 0 0 0 0 1 0 0 0 0 0 0 0 0 0 0 0 0 0 0 0 0 0 0 0 0 0 0 0 0 0 0 0 0 0 0 0 0 0 0 0 0 0 0 0 0 0]
[216855985563705364734217643116479800880832263483018634617610487426783675596100448442156207654618085218129598308881952252767560240640754990783171711903434680546558632396 0 0 0 0 0 0 0 0 0 0 0 0 0 0 1 0 0 0 0 0 0 0 0 0 0 0 0 0 0 0 0 0 0 0 0 0 0 0 0 0 0 0 0 0 0 0 0 0 0 0 0 0 0 0 0]
[510666801595022264078386036327577651224067863878098646951986423966387591835374637977597055420747482771403686190846807838271664422921519647781291448618569478129149126231 0 0 0 0 0 0 0 0 0 0 0 0 0 0 0 1 0 0 0 0 0 0 0 0 0 0 0 0 0 0 0 0 0 0 0 0 0 0 0 0 0 0 0 0 0 0 0 0 0 0 0 0 0 0 0]
[210868525284673750858821810505773337234540917292126149054215846808902778322468862787378305586711906156161506884356817468456807192624510562756767134940027752291961685495 0 0 0 0 0 0 0 0 0 0 0 0 0 0 0 0 1 0 0 0 0 0 0 0 0 0 0 0 0 0 0 0 0 0 0 0 0 0 0 0 0 0 0 0 0 0 0 0 0 0 0 0 0 0 0]
[1517008152671869260511044387494887707200159496844512177632886885757470292097789278591423860490912603367234368862518724905597930217323302112990528795961552018150236466878 0 0 0 0 0 0 0 0 0 0 0 0 0 0 0 0 0 1 0 0 0 0 0 0 0 0 0 0 0 0 0 0 0 0 0 0 0 0 0 0 0 0 0 0 0 0 0 0 0 0 0 0 0 0 0]
[2575456243164709106510937115248104457720975828815186940125579950276447768226001414137313503344900378047435000434709990694347085754945171160791097406930390397269289763511 0 0 0 0 0 0 0 0 0 0 0 0 0 0 0 0 0 0 1 0 0 0 0 0 0 0 0 0 0 0 0 0 0 0 0 0 0 0 0 0 0 0 0 0 0 0 0 0 0 0 0 0 0 0 0]
[1029849701311989908645624023603790478390831342545742655826822881134202006638753328758202276553920309823427952831602009882110329440257569959806592359262630029243696121695 0 0 0 0 0 0 0 0 0 0 0 0 0 0 0 0 0 0 0 1 0 0 0 0 0 0 0 0 0 0 0 0 0 0 0 0 0 0 0 0 0 0 0 0 0 0 0 0 0 0 0 0 0 0 0]
[1713553539431935895517012978833114639726335385608478758874314732709987333703799681322871308651405610940403474808990382821549428316696738715702604966720409442577734931554 0 0 0 0 0 0 0 0 0 0 0 0 0 0 0 0 0 0 0 0 1 0 0 0 0 0 0 0 0 0 0 0 0 0 0 0 0 0 0 0 0 0 0 0 0 0 0 0 0 0 0 0 0 0 0]
[2625900459262131925497536269196969953878407884487913803976065335388278470914594237609966525335704379161715320999184848647624494187450099603926122661996703031127243348691 0 0 0 0 0 0 0 0 0 0 0 0 0 0 0 0 0 0 0 0 0 1 0 0 0 0 0 0 0 0 0 0 0 0 0 0 0 0 0 0 0 0 0 0 0 0 0 0 0 0 0 0 0 0 0]
[1535272412316497609393733614305887596677445173466418258152245633478276801746037690191516062247238133275892645538250869939330686064861495362120977644507227590910510948426 0 0 0 0 0 0 0 0 0 0 0 0 0 0 0 0 0 0 0 0 0 0 1 0 0 0 0 0 0 0 0 0 0 0 0 0 0 0 0 0 0 0 0 0 0 0 0 0 0 0 0 0 0 0 0]
[2246838787304425123728099217587196853211259981826405705389906209966595934467625696278609437461881426206922829422386682970406816677212326436701492038512688053483603554690 0 0 0 0 0 0 0 0 0 0 0 0 0 0 0 0 0 0 0 0 0 0 0 1 0 0 0 0 0 0 0 0 0 0 0 0 0 0 0 0 0 0 0 0 0 0 0 0 0 0 0 0 0 0 0]
[2607224150667395608662286564464829915845616196908952435234320009793551480987623935517516315604434007164105542244349916952369994056434979357944714146094451994710735953361 0 0 0 0 0 0 0 0 0 0 0 0 0 0 0 0 0 0 0 0 0 0 0 0 1 0 0 0 0 0 0 0 0 0 0 0 0 0 0 0 0 0 0 0 0 0 0 0 0 0 0 0 0 0 0]
[2604945672982296210803797279009349227858255178529982419552197449075666410082833410778171585332197600761867019001623355157855750242210178985560866758400968520360635246153 0 0 0 0 0 0 0 0 0 0 0 0 0 0 0 0 0 0 0 0 0 0 0 0 0 1 0 0 0 0 0 0 0 0 0 0 0 0 0 0 0 0 0 0 0 0 0 0 0 0 0 0 0 0 0]
[485557832754194642877728987602705956443318180725263160373511066551267576102071104566485930890773375196489849024226534377868964787563568520684921982677240167369115613315 0 0 0 0 0 0 0 0 0 0 0 0 0 0 0 0 0 0 0 0 0 0 0 0 0 0 1 0 0 0 0 0 0 0 0 0 0 0 0 0 0 0 0 0 0 0 0 0 0 0 0 0 0 0 0]
[166150346247404843440013100532624359249929422694002761080868454775767395722547319679790920356720083585185524383851917389048284304697771659189727574987751261055347639773 0 0 0 0 0 0 0 0 0 0 0 0 0 0 0 0 0 0 0 0 0 0 0 0 0 0 0 1 0 0 0 0 0 0 0 0 0 0 0 0 0 0 0 0 0 0 0 0 0 0 0 0 0 0 0]
[1322471741917274063065082940035390237332319538218644639286598721807174323267613606385840574751603107266039898101513206371596086222912917422685538559827227211786427102006 0 0 0 0 0 0 0 0 0 0 0 0 0 0 0 0 0 0 0 0 0 0 0 0 0 0 0 0 1 0 0 0 0 0 0 0 0 0 0 0 0 0 0 0 0 0 0 0 0 0 0 0 0 0 0]
[596962761787182918817271965790762127206369873448664570060522978872432069493950775369938771100781086018600667363136407731252968140138838504375925927019651276895742318740 0 0 0 0 0 0 0 0 0 0 0 0 0 0 0 0 0 0 0 0 0 0 0 0 0 0 0 0 0 1 0 0 0 0 0 0 0 0 0 0 0 0 0 0 0 0 0 0 0 0 0 0 0 0 0]
[788499223198110898131698388873920209046088446779817214978726172997782705539220081226296938013380317806270123549745221341407309355636420861210321347922654693547225127279 0 0 0 0 0 0 0 0 0 0 0 0 0 0 0 0 0 0 0 0 0 0 0 0 0 0 0 0 0 0 1 0 0 0 0 0 0 0 0 0 0 0 0 0 0 0 0 0 0 0 0 0 0 0 0]
[907710689232209207042864701097846293004839127052206854164828350580521510934931355923867164793287800592579060339533178660464249932414473189879293524422850158296434033053 0 0 0 0 0 0 0 0 0 0 0 0 0 0 0 0 0 0 0 0 0 0 0 0 0 0 0 0 0 0 0 1 0 0 0 0 0 0 0 0 0 0 0 0 0 0 0 0 0 0 0 0 0 0 0]
[582708571209072271651001524439608178870414820089879930913138721070084202270571022975484512807329028711613666280547084128566779810777019385452859554445804750710971327503 0 0 0 0 0 0 0 0 0 0 0 0 0 0 0 0 0 0 0 0 0 0 0 0 0 0 0 0 0 0 0 0 1 0 0 0 0 0 0 0 0 0 0 0 0 0 0 0 0 0 0 0 0 0 0]
[316346343962217224334303349500455162597586867776565370286011752913002800157367048593780633304147098087627850977805305215512359536739201086823052570605653512225971431743 0 0 0 0 0 0 0 0 0 0 0 0 0 0 0 0 0 0 0 0 0 0 0 0 0 0 0 0 0 0 0 0 0 1 0 0 0 0 0 0 0 0 0 0 0 0 0 0 0 0 0 0 0 0 0]
[2678151677206150174790100759389056001545818608407801072927986783651995480964157244732117054723875840047207650820022422646619310549285395308846482658773701228997127315605 0 0 0 0 0 0 0 0 0 0 0 0 0 0 0 0 0 0 0 0 0 0 0 0 0 0 0 0 0 0 0 0 0 0 1 0 0 0 0 0 0 0 0 0 0 0 0 0 0 0 0 0 0 0 0]
[2184727973295197618869869644589486290011594142452774570118333101303973610778050604661874612728573450231889128016837147047916932218653268543894325217379646002296280714345 0 0 0 0 0 0 0 0 0 0 0 0 0 0 0 0 0 0 0 0 0 0 0 0 0 0 0 0 0 0 0 0 0 0 0 1 0 0 0 0 0 0 0 0 0 0 0 0 0 0 0 0 0 0 0]
[2502043984338477314119724730562224193529834260823840594332567716334474377503180770599798148110026389308782693261747370298529925596771846786467573280361394363854199695414 0 0 0 0 0 0 0 0 0 0 0 0 0 0 0 0 0 0 0 0 0 0 0 0 0 0 0 0 0 0 0 0 0 0 0 0 1 0 0 0 0 0 0 0 0 0 0 0 0 0 0 0 0 0 0]
[1494858494283980874043896568001587792506712000650606800632920195652777884358266774185160716507369206064835188390145164153592998863722184794076747918299558211805392500315 0 0 0 0 0 0 0 0 0 0 0 0 0 0 0 0 0 0 0 0 0 0 0 0 0 0 0 0 0 0 0 0 0 0 0 0 0 1 0 0 0 0 0 0 0 0 0 0 0 0 0 0 0 0 0]
[310924919996344413877138944291430563011176165841747678825542917382470706384975281017445224046864917986855228925747469213134453895924169961954450431331778712430135874521 0 0 0 0 0 0 0 0 0 0 0 0 0 0 0 0 0 0 0 0 0 0 0 0 0 0 0 0 0 0 0 0 0 0 0 0 0 0 1 0 0 0 0 0 0 0 0 0 0 0 0 0 0 0 0]
[1867762375484438486891423467735612020940137219570848518077735454906389987877468910363954139182261781216525217924469168162628619541864311334793650813960922688378871298581 0 0 0 0 0 0 0 0 0 0 0 0 0 0 0 0 0 0 0 0 0 0 0 0 0 0 0 0 0 0 0 0 0 0 0 0 0 0 0 1 0 0 0 0 0 0 0 0 0 0 0 0 0 0 0]
[1347898974659969566402950671028756814625684465679501865700493624684473116225321058816978695089027435895751902793667687504009433758978222621523931823535222546270666883931 0 0 0 0 0 0 0 0 0 0 0 0 0 0 0 0 0 0 0 0 0 0 0 0 0 0 0 0 0 0 0 0 0 0 0 0 0 0 0 0 1 0 0 0 0 0 0 0 0 0 0 0 0 0 0]
[311893105311966936307276792830858322751037182643017020750309753340045090797969166088216043703307430170483213106797660783423786909660054114147354797545744063028018357453 0 0 0 0 0 0 0 0 0 0 0 0 0 0 0 0 0 0 0 0 0 0 0 0 0 0 0 0 0 0 0 0 0 0 0 0 0 0 0 0 0 1 0 0 0 0 0 0 0 0 0 0 0 0 0]
[530916298962901259419759834316979309274499949539516242123825947392454464371427490628915900298932036723923289079680810229770204258856415301803396619637081668496343009720 0 0 0 0 0 0 0 0 0 0 0 0 0 0 0 0 0 0 0 0 0 0 0 0 0 0 0 0 0 0 0 0 0 0 0 0 0 0 0 0 0 0 1 0 0 0 0 0 0 0 0 0 0 0 0]
[500638359167375230869636373831549852806501116046599256327223279001316626727406783197571976531369349852396618124187563088776170231431290185842422814878730735624596296434 0 0 0 0 0 0 0 0 0 0 0 0 0 0 0 0 0 0 0 0 0 0 0 0 0 0 0 0 0 0 0 0 0 0 0 0 0 0 0 0 0 0 0 1 0 0 0 0 0 0 0 0 0 0 0]
[1125909101413918535117892483542852269432615985745248304317092498090584315858806745653935981437215247271158532254417955143258366005954443696023562477321366967053369583652 0 0 0 0 0 0 0 0 0 0 0 0 0 0 0 0 0 0 0 0 0 0 0 0 0 0 0 0 0 0 0 0 0 0 0 0 0 0 0 0 0 0 0 0 1 0 0 0 0 0 0 0 0 0 0]
[1285577156675709992920197244242427353144973432850181332725518274904728397337943677989567772019140069889563210293203175974296774340157976287909598668476457734587495414754 0 0 0 0 0 0 0 0 0 0 0 0 0 0 0 0 0 0 0 0 0 0 0 0 0 0 0 0 0 0 0 0 0 0 0 0 0 0 0 0 0 0 0 0 0 1 0 0 0 0 0 0 0 0 0]
[606181968237583770615481730862025657806501597212881854990129100327466160612939433335683870417011397073112217696965557250566014556097440440422443969487616176458861011470 0 0 0 0 0 0 0 0 0 0 0 0 0 0 0 0 0 0 0 0 0 0 0 0 0 0 0 0 0 0 0 0 0 0 0 0 0 0 0 0 0 0 0 0 0 0 1 0 0 0 0 0 0 0 0]
[1509013106517477912744996064050300936363041260402738758296784156149971950929370018313015271018565736145895301725716912286216195916883572159239493472625416207509330448539 0 0 0 0 0 0 0 0 0 0 0 0 0 0 0 0 0 0 0 0 0 0 0 0 0 0 0 0 0 0 0 0 0 0 0 0 0 0 0 0 0 0 0 0 0 0 0 1 0 0 0 0 0 0 0]
[2034214572696300426270482449262740180337450897789194501014084197608088040670768468246904026485736196610159895499212299056497986921443995076357370232455596610909515902872 0 0 0 0 0 0 0 0 0 0 0 0 0 0 0 0 0 0 0 0 0 0 0 0 0 0 0 0 0 0 0 0 0 0 0 0 0 0 0 0 0 0 0 0 0 0 0 0 1 0 0 0 0 0 0]
[1561500526829178992930221981187300128800404196554398852179243806959986097801232437857707916688032995289303719911733462898549407738238615232675012508328860350477026123670 0 0 0 0 0 0 0 0 0 0 0 0 0 0 0 0 0 0 0 0 0 0 0 0 0 0 0 0 0 0 0 0 0 0 0 0 0 0 0 0 0 0 0 0 0 0 0 0 0 1 0 0 0 0 0]
[871799816570924682792949237989851038592573609231094510393729557795834303922853682782812250002162521218356652223633500208507397843411621224595644484304335390652570325814 0 0 0 0 0 0 0 0 0 0 0 0 0 0 0 0 0 0 0 0 0 0 0 0 0 0 0 0 0 0 0 0 0 0 0 0 0 0 0 0 0 0 0 0 0 0 0 0 0 0 1 0 0 0 0]
[1125303772657678799949763495437073344556166031948767535465144382528481144976785748058997380884708513430391510010021325216749047297216133551450248212363743397552846920378 0 0 0 0 0 0 0 0 0 0 0 0 0 0 0 0 0 0 0 0 0 0 0 0 0 0 0 0 0 0 0 0 0 0 0 0 0 0 0 0 0 0 0 0 0 0 0 0 0 0 0 1 0 0 0]
[96684699328185264045515780379653436510873175127960203910498513476033515343662882974102166089336645047260732907649608351858903070611865561278915758916165403420404438017 0 0 0 0 0 0 0 0 0 0 0 0 0 0 0 0 0 0 0 0 0 0 0 0 0 0 0 0 0 0 0 0 0 0 0 0 0 0 0 0 0 0 0 0 0 0 0 0 0 0 0 0 1 0 0]
[1096568623412984938163518874885118953713994812988229105142736096536642938302899782581310036389087677437976709071523953467724390505427537728084380051358320568188724499736 0 0 0 0 0 0 0 0 0 0 0 0 0 0 0 0 0 0 0 0 0 0 0 0 0 0 0 0 0 0 0 0 0 0 0 0 0 0 0 0 0 0 0 0 0 0 0 0 0 0 0 0 0 1 0]
[2397340988766852665368420516532373583129661211788113071985594261166166872047577004218591023222830812395566348191778458689708856836497949679826549979482290053362107652218 0 0 0 0 0 0 0 0 0 0 0 0 0 0 0 0 0 0 0 0 0 0 0 0 0 0 0 0 0 0 0 0 0 0 0 0 0 0 0 0 0 0 0 0 0 0 0 0 0 0 0 0 0 0 1]
]
