[[5783831250376996600546430687058695302473410866548553669714261431281882938528154757790441045023010566160216255846011976025192473028325263399876908463106454043539703238671723627503628669765515481700317790491771268149237273802932707802733959743204326302245635479668615554776664840837339065772910567581857 0 0 0 0 0 0 0 0 0 0 0 0 0 0 0 0 0 0 0 0 0 0 0 0 0 0 0 0 0 0 0 0 0 0 0 0 0 0 0 0 0 0 0 0 0 0 0 0 0 0 0 0 0 0 0 0 0 0 0 0 0 0 0 0 0 0 0 0 0 0 0 0 0 0 0 0 0 0 0 0 0 0 0 0 0 0 0 0 0 0 0 0 0 0 0 0 0 0 0]
[5109202508971379854260111875559412858790434478126019921903377860307541429857782993086572351439721780634102161022692515699791914466859656434077590037532542714548034431602402658633450344627523258399658723329627019457141916318826769118919485894239571595564817883744681270029102085189363893488479234892708 1 0 0 0 0 0 0 0 0 0 0 0 0 0 0 0 0 0 0 0 0 0 0 0 0 0 0 0 0 0 0 0 0 0 0 0 0 0 0 0 0 0 0 0 0 0 0 0 0 0 0 0 0 0 0 0 0 0 0 0 0 0 0 0 0 0 0 0 0 0 0 0 0 0 0 0 0 0 0 0 0 0 0 0 0 0 0 0 0 0 0 0 0 0 0 0 0 0 0]
[1601139451285409168459334608910789505551999209882986171532259654257124575723411738936794889141928843504702861772965098239622203109953491166912498180099325430286975072383978963967656236128016756924750326308936053209403257822062061210804771021033531094399744624342275071283254668087873473695768560120789 0 1 0 0 0 0 0 0 0 0 0 0 0 0 0 0 0 0 0 0 0 0 0 0 0 0 0 0 0 0 0 0 0 0 0 0 0 0 0 0 0 0 0 0 0 0 0 0 0 0 0 0 0 0 0 0 0 0 0 0 0 0 0 0 0 0 0 0 0 0 0 0 0 0 0 0 0 0 0 0 0 0 0 0 0 0 0 0 0 0 0 0 0 0 0 0 0 0 0]
[2033538278070345885196753743273573282188034228848667178092461761404367307300249325589335755621848393487088152065907301410199991229040065905115712642369839662276259443294361424280367499614234865384375762862874356491508604250289656854649781440253641521853425334198181300178511787251574374095490320921441 0 0 1 0 0 0 0 0 0 0 0 0 0 0 0 0 0 0 0 0 0 0 0 0 0 0 0 0 0 0 0 0 0 0 0 0 0 0 0 0 0 0 0 0 0 0 0 0 0 0 0 0 0 0 0 0 0 0 0 0 0 0 0 0 0 0 0 0 0 0 0 0 0 0 0 0 0 0 0 0 0 0 0 0 0 0 0 0 0 0 0 0 0 0 0 0 0 0 0]
[2671999331669377797221654556257755548634277059481266709045805784809832424653831361653749808626299464407543234302040209669018918449368449031790382945661849515135164997979284784708060846542873804606076091936109725008318418773888747348698462731150559206106324900729299254443259650055019057372189969246355 0 0 0 1 0 0 0 0 0 0 0 0 0 0 0 0 0 0 0 0 0 0 0 0 0 0 0 0 0 0 0 0 0 0 0 0 0 0 0 0 0 0 0 0 0 0 0 0 0 0 0 0 0 0 0 0 0 0 0 0 0 0 0 0 0 0 0 0 0 0 0 0 0 0 0 0 0 0 0 0 0 0 0 0 0 0 0 0 0 0 0 0 0 0 0 0 0 0 0]
[3945654739055865869762105616739843735156422118572064320378228572922255871509738941877028908514654798080513722539454701301214155888174390035049187943449414973551067750053283228083402476661087300819523827194256586209812825993799802662979095211838957043303110673046698301851443870183553765043829256805352 0 0 0 0 1 0 0 0 0 0 0 0 0 0 0 0 0 0 0 0 0 0 0 0 0 0 0 0 0 0 0 0 0 0 0 0 0 0 0 0 0 0 0 0 0 0 0 0 0 0 0 0 0 0 0 0 0 0 0 0 0 0 0 0 0 0 0 0 0 0 0 0 0 0 0 0 0 0 0 0 0 0 0 0 0 0 0 0 0 0 0 0 0 0 0 0 0 0 0]
[3428451979188276861968179453691502449384971412569492372410871412536134588057049385725831969193479184137269859431378407838345420976382468780878132361449094079659236065252152517599175356010604879903131898119073936146221391707544012120887313978676925499134824713585573534593307077197048801389885783072716 0 0 0 0 0 1 0 0 0 0 0 0 0 0 0 0 0 0 0 0 0 0 0 0 0 0 0 0 0 0 0 0 0 0 0 0 0 0 0 0 0 0 0 0 0 0 0 0 0 0 0 0 0 0 0 0 0 0 0 0 0 0 0 0 0 0 0 0 0 0 0 0 0 0 0 0 0 0 0 0 0 0 0 0 0 0 0 0 0 0 0 0 0 0 0 0 0 0 0]
[1399010976881596472524996841770786606451704579157595550625459239839878972287176950159102828378591812267409915905929436533842740137738212293013510458391562502057259594456869400867234365502074426726434511131256534654783962405133572418880215344441894675839937808332479016069634403572705415668424030525251 0 0 0 0 0 0 1 0 0 0 0 0 0 0 0 0 0 0 0 0 0 0 0 0 0 0 0 0 0 0 0 0 0 0 0 0 0 0 0 0 0 0 0 0 0 0 0 0 0 0 0 0 0 0 0 0 0 0 0 0 0 0 0 0 0 0 0 0 0 0 0 0 0 0 0 0 0 0 0 0 0 0 0 0 0 0 0 0 0 0 0 0 0 0 0 0 0 0 0]
[2647307641240146842968924339357432479165963132993308524638097950815798354850760605889920086511454334017895908967107833649177504762088258851783298472480087087052941188298326423167697031518845277809172285553484027644582080334007123795067239753216272450289264947984699377934992524602464826160352246486479 0 0 0 0 0 0 0 1 0 0 0 0 0 0 0 0 0 0 0 0 0 0 0 0 0 0 0 0 0 0 0 0 0 0 0 0 0 0 0 0 0 0 0 0 0 0 0 0 0 0 0 0 0 0 0 0 0 0 0 0 0 0 0 0 0 0 0 0 0 0 0 0 0 0 0 0 0 0 0 0 0 0 0 0 0 0 0 0 0 0 0 0 0 0 0 0 0 0 0]
[720975990677365772873160427323159879557059037981091922486514188288957636927900626382361844273509154767541247589607544039469424587000127159452964636316443817039895109852881414168409316507408866525063465397633241665972917672662829192896417652213155539537833548796038274679296810489074419371467909245135 0 0 0 0 0 0 0 0 1 0 0 0 0 0 0 0 0 0 0 0 0 0 0 0 0 0 0 0 0 0 0 0 0 0 0 0 0 0 0 0 0 0 0 0 0 0 0 0 0 0 0 0 0 0 0 0 0 0 0 0 0 0 0 0 0 0 0 0 0 0 0 0 0 0 0 0 0 0 0 0 0 0 0 0 0 0 0 0 0 0 0 0 0 0 0 0 0 0 0]
[2395950816474957282728695779548201861120648485815468928675162356789334158932355865692278214665078581649442972361150533592812344157597169301516583817628580149466251540475719200525597932041066748422977986756002658922145785275777464269366773560595669252878552124055283612564073574120961032528702715789528 0 0 0 0 0 0 0 0 0 1 0 0 0 0 0 0 0 0 0 0 0 0 0 0 0 0 0 0 0 0 0 0 0 0 0 0 0 0 0 0 0 0 0 0 0 0 0 0 0 0 0 0 0 0 0 0 0 0 0 0 0 0 0 0 0 0 0 0 0 0 0 0 0 0 0 0 0 0 0 0 0 0 0 0 0 0 0 0 0 0 0 0 0 0 0 0 0 0 0]
[3952091816061353865920483974105314403372405124793044096932369792190848881361264389539750416293575502628558847580923762783114392907094096397121873944639650937025726302645283318242127161544338585760376187107026880430016228943134163275191154974333199551438692596953743239816747530430920559909470748472967 0 0 0 0 0 0 0 0 0 0 1 0 0 0 0 0 0 0 0 0 0 0 0 0 0 0 0 0 0 0 0 0 0 0 0 0 0 0 0 0 0 0 0 0 0 0 0 0 0 0 0 0 0 0 0 0 0 0 0 0 0 0 0 0 0 0 0 0 0 0 0 0 0 0 0 0 0 0 0 0 0 0 0 0 0 0 0 0 0 0 0 0 0 0 0 0 0 0 0]
[2258908498865707907308980516364081715383912866726638461069933162463120948619022968551301768149958889588516358713159734604797131542969378483243489010966927480072668132870204047303782870143421495016474909139368978090582385994681084042860885941557059219768668965446742330725765319023404174503942520434839 0 0 0 0 0 0 0 0 0 0 0 1 0 0 0 0 0 0 0 0 0 0 0 0 0 0 0 0 0 0 0 0 0 0 0 0 0 0 0 0 0 0 0 0 0 0 0 0 0 0 0 0 0 0 0 0 0 0 0 0 0 0 0 0 0 0 0 0 0 0 0 0 0 0 0 0 0 0 0 0 0 0 0 0 0 0 0 0 0 0 0 0 0 0 0 0 0 0 0]
[2467324212684034043013033706612897350855019228416337027762703438340913088649976625776188318162787061826814879914136765149516661108819769456510249896658777668481543953153858624920900749449138963392967132130396228521717021945254106386053516690020972037670865829671639026159976098013488284685576556308849 0 0 0 0 0 0 0 0 0 0 0 0 1 0 0 0 0 0 0 0 0 0 0 0 0 0 0 0 0 0 0 0 0 0 0 0 0 0 0 0 0 0 0 0 0 0 0 0 0 0 0 0 0 0 0 0 0 0 0 0 0 0 0 0 0 0 0 0 0 0 0 0 0 0 0 0 0 0 0 0 0 0 0 0 0 0 0 0 0 0 0 0 0 0 0 0 0 0 0]
[4154375754269802707584931076781894763641604085447323630657243494534148362611835674156363202226682397199163423345371121633128685280541190380781012373006983553165157127710133568436231827055203190596077469402579841892157783567547808777392144279404079367832906682126781732979740813644663981283849812612570 0 0 0 0 0 0 0 0 0 0 0 0 0 1 0 0 0 0 0 0 0 0 0 0 0 0 0 0 0 0 0 0 0 0 0 0 0 0 0 0 0 0 0 0 0 0 0 0 0 0 0 0 0 0 0 0 0 0 0 0 0 0 0 0 0 0 0 0 0 0 0 0 0 0 0 0 0 0 0 0 0 0 0 0 0 0 0 0 0 0 0 0 0 0 0 0 0 0 0]
[5006725439765829840193818383269424238941805274355841602831418833204209777932352158761962317087782800113771894309100885797313043523274569540993990324138721728363499590163825790805317450944153802216747679048829525849579450456379661916925097882282663069193130956289041889614544754439868605458217251471920 0 0 0 0 0 0 0 0 0 0 0 0 0 0 1 0 0 0 0 0 0 0 0 0 0 0 0 0 0 0 0 0 0 0 0 0 0 0 0 0 0 0 0 0 0 0 0 0 0 0 0 0 0 0 0 0 0 0 0 0 0 0 0 0 0 0 0 0 0 0 0 0 0 0 0 0 0 0 0 0 0 0 0 0 0 0 0 0 0 0 0 0 0 0 0 0 0 0 0]
[620207841685086660094030130102040021911426849799293276226741029382300800126114076420440863862914173218613388650140431194749285734828893841728123793266315423364296181150183255605355987337225128855456191208384185483656451448750354982698943894267114606129878165975168440982100612135317995796142347632424 0 0 0 0 0 0 0 0 0 0 0 0 0 0 0 1 0 0 0 0 0 0 0 0 0 0 0 0 0 0 0 0 0 0 0 0 0 0 0 0 0 0 0 0 0 0 0 0 0 0 0 0 0 0 0 0 0 0 0 0 0 0 0 0 0 0 0 0 0 0 0 0 0 0 0 0 0 0 0 0 0 0 0 0 0 0 0 0 0 0 0 0 0 0 0 0 0 0 0]
[2518805466115522723608850410829890393515684724408392346492040953152950497032559831601898201069117434112495923551507251862965021748758527846059422061734974221315765205994669682490544455512849064527423039716536186495263514485273469539218732005492940109585715714212684934467656292883990623136346052279202 0 0 0 0 0 0 0 0 0 0 0 0 0 0 0 0 1 0 0 0 0 0 0 0 0 0 0 0 0 0 0 0 0 0 0 0 0 0 0 0 0 0 0 0 0 0 0 0 0 0 0 0 0 0 0 0 0 0 0 0 0 0 0 0 0 0 0 0 0 0 0 0 0 0 0 0 0 0 0 0 0 0 0 0 0 0 0 0 0 0 0 0 0 0 0 0 0 0 0]
[4887262734939475186507370557692904912960149934218201695043296201458542992786632506487409839670043008913560093421152467660628132799020832599772568192180546040619917582999817142205445990098078411135503194947949755829739584742390932126927471242616531637983228741067087849717565692118208896233478303399296 0 0 0 0 0 0 0 0 0 0 0 0 0 0 0 0 0 1 0 0 0 0 0 0 0 0 0 0 0 0 0 0 0 0 0 0 0 0 0 0 0 0 0 0 0 0 0 0 0 0 0 0 0 0 0 0 0 0 0 0 0 0 0 0 0 0 0 0 0 0 0 0 0 0 0 0 0 0 0 0 0 0 0 0 0 0 0 0 0 0 0 0 0 0 0 0 0 0 0]
[3232403369173204900019079948488882332038771639559150400142804024195769209330654399282882115956475347900558213191022451856046891881589305503937564278227822252132132540570934095304130664794351728812461433695170282248473748466604805371436904513975354166651726633773445528300611032982896745584055858836295 0 0 0 0 0 0 0 0 0 0 0 0 0 0 0 0 0 0 1 0 0 0 0 0 0 0 0 0 0 0 0 0 0 0 0 0 0 0 0 0 0 0 0 0 0 0 0 0 0 0 0 0 0 0 0 0 0 0 0 0 0 0 0 0 0 0 0 0 0 0 0 0 0 0 0 0 0 0 0 0 0 0 0 0 0 0 0 0 0 0 0 0 0 0 0 0 0 0 0]
[845435318466854241488769182502356184791133558339653410666469010368338713573759003304597674927978149891172806577842743758777633140951426514539845622980678845094185710644928251366691569702290194740803570207184283624545993600504020445256372125903052127986258687923365180778833872131267221072985983540866 0 0 0 0 0 0 0 0 0 0 0 0 0 0 0 0 0 0 0 1 0 0 0 0 0 0 0 0 0 0 0 0 0 0 0 0 0 0 0 0 0 0 0 0 0 0 0 0 0 0 0 0 0 0 0 0 0 0 0 0 0 0 0 0 0 0 0 0 0 0 0 0 0 0 0 0 0 0 0 0 0 0 0 0 0 0 0 0 0 0 0 0 0 0 0 0 0 0 0]
[2971888877652314275002362876377330748001525457399776313435818868697664834661896449330611920767265762512514977763607237991798783526599983312466597673870379015995855960591157199819766526001045259505781485920574377396418391845298037104492377002281475800417948241633271258521078622661462835559769017874547 0 0 0 0 0 0 0 0 0 0 0 0 0 0 0 0 0 0 0 0 1 0 0 0 0 0 0 0 0 0 0 0 0 0 0 0 0 0 0 0 0 0 0 0 0 0 0 0 0 0 0 0 0 0 0 0 0 0 0 0 0 0 0 0 0 0 0 0 0 0 0 0 0 0 0 0 0 0 0 0 0 0 0 0 0 0 0 0 0 0 0 0 0 0 0 0 0 0 0]
[3543833240845229542489169391413924716767341543102613494498338872946944979983331902776877245353072556423476242413163023948223388903549276719248230743075461419031311041530044379398799849171246877880772957467085426666304494155716186950018695828455052761189271140474914310022475796254101843840546138154165 0 0 0 0 0 0 0 0 0 0 0 0 0 0 0 0 0 0 0 0 0 1 0 0 0 0 0 0 0 0 0 0 0 0 0 0 0 0 0 0 0 0 0 0 0 0 0 0 0 0 0 0 0 0 0 0 0 0 0 0 0 0 0 0 0 0 0 0 0 0 0 0 0 0 0 0 0 0 0 0 0 0 0 0 0 0 0 0 0 0 0 0 0 0 0 0 0 0 0]
[188034836215050373661156114064083253063386293314414325874191635120187154170994783154664606942802711770715762182326971574344230673204912419315391369745733853971821521626060843878289939924662063997500149349004000663181567848942247337682469028884866836513968182384154079962423396511289404202328282611234 0 0 0 0 0 0 0 0 0 0 0 0 0 0 0 0 0 0 0 0 0 0 1 0 0 0 0 0 0 0 0 0 0 0 0 0 0 0 0 0 0 0 0 0 0 0 0 0 0 0 0 0 0 0 0 0 0 0 0 0 0 0 0 0 0 0 0 0 0 0 0 0 0 0 0 0 0 0 0 0 0 0 0 0 0 0 0 0 0 0 0 0 0 0 0 0 0 0 0]
[4328465979356349889976394195990944550839474643541254065644435328894664747154803093658141980725178192390054038587418660249707807126429187484378917090317336139778672056785863843289709976253937390260748083581621841894549281517198192707190812686090698748877216338237493732192889249480503363001747865117526 0 0 0 0 0 0 0 0 0 0 0 0 0 0 0 0 0 0 0 0 0 0 0 1 0 0 0 0 0 0 0 0 0 0 0 0 0 0 0 0 0 0 0 0 0 0 0 0 0 0 0 0 0 0 0 0 0 0 0 0 0 0 0 0 0 0 0 0 0 0 0 0 0 0 0 0 0 0 0 0 0 0 0 0 0 0 0 0 0 0 0 0 0 0 0 0 0 0 0]
[2509817349732037747398424272471393801562064092276067933993622713390297794920555219976346503259650622463867339488645186856998874305416117969156600493246794563804143759577618841687747974681429930766358291942387109443918387658427877079350203443367505332954518883635022170606053882340772217531518352305191 0 0 0 0 0 0 0 0 0 0 0 0 0 0 0 0 0 0 0 0 0 0 0 0 1 0 0 0 0 0 0 0 0 0 0 0 0 0 0 0 0 0 0 0 0 0 0 0 0 0 0 0 0 0 0 0 0 0 0 0 0 0 0 0 0 0 0 0 0 0 0 0 0 0 0 0 0 0 0 0 0 0 0 0 0 0 0 0 0 0 0 0 0 0 0 0 0 0 0]
[5472307623894210875285044862490678334223993852523599640872186197751590279732878426157338754232623056948794832306465513895762293421477800593586846502478929423333397877806370292814467704090482405770517915666475384080045759703052044419313960616414447338240309977830838958452330727409131283563274422244831 0 0 0 0 0 0 0 0 0 0 0 0 0 0 0 0 0 0 0 0 0 0 0 0 0 1 0 0 0 0 0 0 0 0 0 0 0 0 0 0 0 0 0 0 0 0 0 0 0 0 0 0 0 0 0 0 0 0 0 0 0 0 0 0 0 0 0 0 0 0 0 0 0 0 0 0 0 0 0 0 0 0 0 0 0 0 0 0 0 0 0 0 0 0 0 0 0 0 0]
[4390356960306783508610099078543476542884069285007425159628947209502383884821135010495222785675711951688809218517341340577566286008087607436423142736240994095286980323511864299567278118025374872500120410335035847884338434233457391232857482243360081205785078093255681286171221253057496865532160768372503 0 0 0 0 0 0 0 0 0 0 0 0 0 0 0 0 0 0 0 0 0 0 0 0 0 0 1 0 0 0 0 0 0 0 0 0 0 0 0 0 0 0 0 0 0 0 0 0 0 0 0 0 0 0 0 0 0 0 0 0 0 0 0 0 0 0 0 0 0 0 0 0 0 0 0 0 0 0 0 0 0 0 0 0 0 0 0 0 0 0 0 0 0 0 0 0 0 0 0]
[1297831609384397461758693067595029224729382645927159264545343650094196666844891151825121202423069567283423272302480163140712393216802129874247366132767850975172333851048336934345663004367143347006202261074933861064801381280555608268980629549026566432209785564011473317851484826278713051125151556950557 0 0 0 0 0 0 0 0 0 0 0 0 0 0 0 0 0 0 0 0 0 0 0 0 0 0 0 1 0 0 0 0 0 0 0 0 0 0 0 0 0 0 0 0 0 0 0 0 0 0 0 0 0 0 0 0 0 0 0 0 0 0 0 0 0 0 0 0 0 0 0 0 0 0 0 0 0 0 0 0 0 0 0 0 0 0 0 0 0 0 0 0 0 0 0 0 0 0 0]
[974250722338846169168340622195055877704934992343414895786698653389300068532935785518266793090804284817361821704798051478568038905195369216502809124809927926282027499303752038909350402131465002514432753618362891754025558267570398292894025294921289048685218461913497600537048611692030369513709695935736 0 0 0 0 0 0 0 0 0 0 0 0 0 0 0 0 0 0 0 0 0 0 0 0 0 0 0 0 1 0 0 0 0 0 0 0 0 0 0 0 0 0 0 0 0 0 0 0 0 0 0 0 0 0 0 0 0 0 0 0 0 0 0 0 0 0 0 0 0 0 0 0 0 0 0 0 0 0 0 0 0 0 0 0 0 0 0 0 0 0 0 0 0 0 0 0 0 0 0]
[1228237236779845587001007793202408791517783635478210550257073433333778138659315947897843658871785978275248694960149981494752395624196837191660736660185056008897905631450338037545725587264870975479664110946331817190311729454430103799926557385896388492311630344601727122412011913019650413247900728152938 0 0 0 0 0 0 0 0 0 0 0 0 0 0 0 0 0 0 0 0 0 0 0 0 0 0 0 0 0 1 0 0 0 0 0 0 0 0 0 0 0 0 0 0 0 0 0 0 0 0 0 0 0 0 0 0 0 0 0 0 0 0 0 0 0 0 0 0 0 0 0 0 0 0 0 0 0 0 0 0 0 0 0 0 0 0 0 0 0 0 0 0 0 0 0 0 0 0 0]
[1124211134418919876275591928647089600992003152172345247870804663537897903982277459318912803621055216244960190886753883240223720484716638696453062088103721177539937033675500338221255982164191745888812178684685521160031358880873560214024820402225837608461966749209766708706857075623175764548227767232928 0 0 0 0 0 0 0 0 0 0 0 0 0 0 0 0 0 0 0 0 0 0 0 0 0 0 0 0 0 0 1 0 0 0 0 0 0 0 0 0 0 0 0 0 0 0 0 0 0 0 0 0 0 0 0 0 0 0 0 0 0 0 0 0 0 0 0 0 0 0 0 0 0 0 0 0 0 0 0 0 0 0 0 0 0 0 0 0 0 0 0 0 0 0 0 0 0 0 0]
[4205049089262361722729444828645632773067858615929494908851195732740735667611683633017273418853340571421743260878221793886635369330540471903040129605455820032335480006954205793663787392348232835769814155943001245759274508029317226462353659266951544439007439110642812532673681991652614212169946098565725 0 0 0 0 0 0 0 0 0 0 0 0 0 0 0 0 0 0 0 0 0 0 0 0 0 0 0 0 0 0 0 1 0 0 0 0 0 0 0 0 0 0 0 0 0 0 0 0 0 0 0 0 0 0 0 0 0 0 0 0 0 0 0 0 0 0 0 0 0 0 0 0 0 0 0 0 0 0 0 0 0 0 0 0 0 0 0 0 0 0 0 0 0 0 0 0 0 0 0]
[3607866398427006427617156473153761850891463012053439270762641696527757305434912439057211758999572314548567309521809330817384577569268040962442772050264843037783841442754729629931765293490778503257842418063404845165046502454558926711509623753753156598456559469327063742175369786182092598686008712880617 0 0 0 0 0 0 0 0 0 0 0 0 0 0 0 0 0 0 0 0 0 0 0 0 0 0 0 0 0 0 0 0 1 0 0 0 0 0 0 0 0 0 0 0 0 0 0 0 0 0 0 0 0 0 0 0 0 0 0 0 0 0 0 0 0 0 0 0 0 0 0 0 0 0 0 0 0 0 0 0 0 0 0 0 0 0 0 0 0 0 0 0 0 0 0 0 0 0 0]
[2481172738022438486119406551352697935213522211011927068811110723685497393340116406518464388557722344632737539616015862240147699725031711231538780889340496403717506964355238595802530569689853061448021528089007163020758780005927110737809257953522150909506301190717685367215100325853539289270979644180478 0 0 0 0 0 0 0 0 0 0 0 0 0 0 0 0 0 0 0 0 0 0 0 0 0 0 0 0 0 0 0 0 0 1 0 0 0 0 0 0 0 0 0 0 0 0 0 0 0 0 0 0 0 0 0 0 0 0 0 0 0 0 0 0 0 0 0 0 0 0 0 0 0 0 0 0 0 0 0 0 0 0 0 0 0 0 0 0 0 0 0 0 0 0 0 0 0 0 0]
[303304649911151493841685269838723177672063599568026977548395836307558098149863447290387590563213827989272294599625805270411645724960115212805123846167222100018591747547845058707899977169408507741168730529350990969443884894562112480457818127371050160003930325755239740287179710757110642716818810702718 0 0 0 0 0 0 0 0 0 0 0 0 0 0 0 0 0 0 0 0 0 0 0 0 0 0 0 0 0 0 0 0 0 0 1 0 0 0 0 0 0 0 0 0 0 0 0 0 0 0 0 0 0 0 0 0 0 0 0 0 0 0 0 0 0 0 0 0 0 0 0 0 0 0 0 0 0 0 0 0 0 0 0 0 0 0 0 0 0 0 0 0 0 0 0 0 0 0 0]
[4416312867228358376231793415756546173399122742591366137434202619864469812737479337148287732116461991141269579849878337392333420252275907669378242784983408455317871282887914236412476529500759867576552094237736636273188736918802984747099385828183986625305842460263282301962292264270061011314753279027706 0 0 0 0 0 0 0 0 0 0 0 0 0 0 0 0 0 0 0 0 0 0 0 0 0 0 0 0 0 0 0 0 0 0 0 1 0 0 0 0 0 0 0 0 0 0 0 0 0 0 0 0 0 0 0 0 0 0 0 0 0 0 0 0 0 0 0 0 0 0 0 0 0 0 0 0 0 0 0 0 0 0 0 0 0 0 0 0 0 0 0 0 0 0 0 0 0 0 0]
[2869951432496963858364948261132638156701072067583525322952595471013027512426287153863631766246691760696129128284271165740921444762176102839519774436571709099529495484821779277221741562035985969753769142611793618255705256698478380213841473063130311077517853170685762933986378925086630355301773822491061 0 0 0 0 0 0 0 0 0 0 0 0 0 0 0 0 0 0 0 0 0 0 0 0 0 0 0 0 0 0 0 0 0 0 0 0 1 0 0 0 0 0 0 0 0 0 0 0 0 0 0 0 0 0 0 0 0 0 0 0 0 0 0 0 0 0 0 0 0 0 0 0 0 0 0 0 0 0 0 0 0 0 0 0 0 0 0 0 0 0 0 0 0 0 0 0 0 0 0]
[2083028717142027125356504239447283051463546070103837424899902091523520354385538043115181327459842393373028243944420573676945780040734486649273395367437882277101399840458476939434276217560133257248723248332970038267331985146608956064199770952386253284677719053070247282340709873972814634388615256647601 0 0 0 0 0 0 0 0 0 0 0 0 0 0 0 0 0 0 0 0 0 0 0 0 0 0 0 0 0 0 0 0 0 0 0 0 0 1 0 0 0 0 0 0 0 0 0 0 0 0 0 0 0 0 0 0 0 0 0 0 0 0 0 0 0 0 0 0 0 0 0 0 0 0 0 0 0 0 0 0 0 0 0 0 0 0 0 0 0 0 0 0 0 0 0 0 0 0 0]
[5561476859527869127840306993613786111625953608281878774549363854869615046599921138321321907876669271675240902267428722045875355890819677774082144742098418087305592226730475151209581276368228154374297514581606612763839950918174078539887207791247828077337338816789227122275115378427129898126706603705641 0 0 0 0 0 0 0 0 0 0 0 0 0 0 0 0 0 0 0 0 0 0 0 0 0 0 0 0 0 0 0 0 0 0 0 0 0 0 1 0 0 0 0 0 0 0 0 0 0 0 0 0 0 0 0 0 0 0 0 0 0 0 0 0 0 0 0 0 0 0 0 0 0 0 0 0 0 0 0 0 0 0 0 0 0 0 0 0 0 0 0 0 0 0 0 0 0 0 0]
[1128471556819607569665137403828176434830203305374853376368107438906954663509768864028547444560942073651807839915016449594469863308471157162428010463996856407849102590224932129873684948316707142847654325532881507923278612224385610890837072605471129503080679971341671100231126458029309361012108242079756 0 0 0 0 0 0 0 0 0 0 0 0 0 0 0 0 0 0 0 0 0 0 0 0 0 0 0 0 0 0 0 0 0 0 0 0 0 0 0 1 0 0 0 0 0 0 0 0 0 0 0 0 0 0 0 0 0 0 0 0 0 0 0 0 0 0 0 0 0 0 0 0 0 0 0 0 0 0 0 0 0 0 0 0 0 0 0 0 0 0 0 0 0 0 0 0 0 0 0]
[1094417343387671735459765260265750577642350402840881601421782831037601016503024141515462604608217760189374070197089815059268219706015849918003197792134665513043469951778567400814515783473969164785922368878361554004349459098905682313631235357327437405938179114340686999385706448326029590837009125163426 0 0 0 0 0 0 0 0 0 0 0 0 0 0 0 0 0 0 0 0 0 0 0 0 0 0 0 0 0 0 0 0 0 0 0 0 0 0 0 0 1 0 0 0 0 0 0 0 0 0 0 0 0 0 0 0 0 0 0 0 0 0 0 0 0 0 0 0 0 0 0 0 0 0 0 0 0 0 0 0 0 0 0 0 0 0 0 0 0 0 0 0 0 0 0 0 0 0 0]
[2161345779979443901186989019147173354861909181961189145284008936400682565649319134418643548844802041890308516093612614469993107092715839560975258836938587603312477050622298301677303868207039979620650123550988743260405320743734418981817987163858834724947515582993773020110655291184764193481792752418601 0 0 0 0 0 0 0 0 0 0 0 0 0 0 0 0 0 0 0 0 0 0 0 0 0 0 0 0 0 0 0 0 0 0 0 0 0 0 0 0 0 1 0 0 0 0 0 0 0 0 0 0 0 0 0 0 0 0 0 0 0 0 0 0 0 0 0 0 0 0 0 0 0 0 0 0 0 0 0 0 0 0 0 0 0 0 0 0 0 0 0 0 0 0 0 0 0 0 0]
[3949664444584851729829651466078746129303632272937209392020847025149259130064613912368068614990514843571543819174669642426928388886515837347077554582037944772365521984057352120283506496559236824015164960447363555249210782760687348024051200430190564417606087457593584144840363098300669767959647841643615 0 0 0 0 0 0 0 0 0 0 0 0 0 0 0 0 0 0 0 0 0 0 0 0 0 0 0 0 0 0 0 0 0 0 0 0 0 0 0 0 0 0 1 0 0 0 0 0 0 0 0 0 0 0 0 0 0 0 0 0 0 0 0 0 0 0 0 0 0 0 0 0 0 0 0 0 0 0 0 0 0 0 0 0 0 0 0 0 0 0 0 0 0 0 0 0 0 0 0]
[1752497063962629679344397960586330527483701135473316115109927880189641730072702191898917102376576756281390159606321302669143583428254657279619320474993254634913405554536841018779312764628119317433763298989438343291086191315590754758467823522549467060955002996936318068543521049938173210481060733572072 0 0 0 0 0 0 0 0 0 0 0 0 0 0 0 0 0 0 0 0 0 0 0 0 0 0 0 0 0 0 0 0 0 0 0 0 0 0 0 0 0 0 0 1 0 0 0 0 0 0 0 0 0 0 0 0 0 0 0 0 0 0 0 0 0 0 0 0 0 0 0 0 0 0 0 0 0 0 0 0 0 0 0 0 0 0 0 0 0 0 0 0 0 0 0 0 0 0 0]
[4767950235189557436669101104802556165951627545112156703825898857950761117064149349806864875361344205238718545488000833835820232657959476130179826252704232717286310541394743497783994685748374657714002507516747924840012361266984287396849214979368591356696241421644661202202815221973222896325029178306782 0 0 0 0 0 0 0 0 0 0 0 0 0 0 0 0 0 0 0 0 0 0 0 0 0 0 0 0 0 0 0 0 0 0 0 0 0 0 0 0 0 0 0 0 1 0 0 0 0 0 0 0 0 0 0 0 0 0 0 0 0 0 0 0 0 0 0 0 0 0 0 0 0 0 0 0 0 0 0 0 0 0 0 0 0 0 0 0 0 0 0 0 0 0 0 0 0 0 0]
[4020279327813006365537784598622550040818468894967194119267627697045135282446329797295687354354196786132839813498028500112649768774507152973613473953004141871086666781503998226498577158401511461957716520228867130607193402535088055272504321824820798382181746585635972356185529061507130654713478568647134 0 0 0 0 0 0 0 0 0 0 0 0 0 0 0 0 0 0 0 0 0 0 0 0 0 0 0 0 0 0 0 0 0 0 0 0 0 0 0 0 0 0 0 0 0 1 0 0 0 0 0 0 0 0 0 0 0 0 0 0 0 0 0 0 0 0 0 0 0 0 0 0 0 0 0 0 0 0 0 0 0 0 0 0 0 0 0 0 0 0 0 0 0 0 0 0 0 0 0]
[5319493725977416863225844550739021043073475447850132037864171545773232968744721726570090261277184557641093067173295890803857824455857557693673995016908995705391256799593546473637340079283276963030202136391514975622322435671358004886127327835194756457044602283990356094397632827609232486514534010199793 0 0 0 0 0 0 0 0 0 0 0 0 0 0 0 0 0 0 0 0 0 0 0 0 0 0 0 0 0 0 0 0 0 0 0 0 0 0 0 0 0 0 0 0 0 0 1 0 0 0 0 0 0 0 0 0 0 0 0 0 0 0 0 0 0 0 0 0 0 0 0 0 0 0 0 0 0 0 0 0 0 0 0 0 0 0 0 0 0 0 0 0 0 0 0 0 0 0 0]
[5457579728585492548281410571466947676221438117606225240399586149932169620500857708900767739864570109167507628345701822624482216809370468077517233238686503067050939981833986255227990237355652719209679284771972392409855431046498687977051268835970956965603751462916906055401959475199478036826761400682718 0 0 0 0 0 0 0 0 0 0 0 0 0 0 0 0 0 0 0 0 0 0 0 0 0 0 0 0 0 0 0 0 0 0 0 0 0 0 0 0 0 0 0 0 0 0 0 1 0 0 0 0 0 0 0 0 0 0 0 0 0 0 0 0 0 0 0 0 0 0 0 0 0 0 0 0 0 0 0 0 0 0 0 0 0 0 0 0 0 0 0 0 0 0 0 0 0 0 0]
[3510477303506882262718748655690926515629052977689921915211874170909582555996935381478424171682140213105879179858797564611962453870342499341887219093869964739162946098119375259850716231412956407239810164698679789230334848712720331622769278229332560004245664927896789577112518552611504227087002295377434 0 0 0 0 0 0 0 0 0 0 0 0 0 0 0 0 0 0 0 0 0 0 0 0 0 0 0 0 0 0 0 0 0 0 0 0 0 0 0 0 0 0 0 0 0 0 0 0 1 0 0 0 0 0 0 0 0 0 0 0 0 0 0 0 0 0 0 0 0 0 0 0 0 0 0 0 0 0 0 0 0 0 0 0 0 0 0 0 0 0 0 0 0 0 0 0 0 0 0]
[2664434290695464873479076592650399005984050284281507588648595737831588182631876533270987319666524594745553436766880298575467758320919747691069029485451063098250246229929240422207903477732757593076305955643542203693269382672843547665157191023145684042376553443967574466248008756520275366728999319300820 0 0 0 0 0 0 0 0 0 0 0 0 0 0 0 0 0 0 0 0 0 0 0 0 0 0 0 0 0 0 0 0 0 0 0 0 0 0 0 0 0 0 0 0 0 0 0 0 0 1 0 0 0 0 0 0 0 0 0 0 0 0 0 0 0 0 0 0 0 0 0 0 0 0 0 0 0 0 0 0 0 0 0 0 0 0 0 0 0 0 0 0 0 0 0 0 0 0 0]
[5113678298439168869374196400479686074129185917567600369259325445425544030172946977886774609787396891262110817579979942900384920035150528404511988513327095849355894017192615551050699401181840585493717183967969874674953652447355556491045782965278440943469699329943871940985620077588152576801488168990251 0 0 0 0 0 0 0 0 0 0 0 0 0 0 0 0 0 0 0 0 0 0 0 0 0 0 0 0 0 0 0 0 0 0 0 0 0 0 0 0 0 0 0 0 0 0 0 0 0 0 1 0 0 0 0 0 0 0 0 0 0 0 0 0 0 0 0 0 0 0 0 0 0 0 0 0 0 0 0 0 0 0 0 0 0 0 0 0 0 0 0 0 0 0 0 0 0 0 0]
[4475207361805862975015946263931216782643756870095608677979453880811625682279120285430898103869064151272926460808514635014112117362547543389241161010098628822704984787092575741168241875833671309375875626544381789732101799960934906690297280521198771341880322709696125165268255011986201085801476611619902 0 0 0 0 0 0 0 0 0 0 0 0 0 0 0 0 0 0 0 0 0 0 0 0 0 0 0 0 0 0 0 0 0 0 0 0 0 0 0 0 0 0 0 0 0 0 0 0 0 0 0 1 0 0 0 0 0 0 0 0 0 0 0 0 0 0 0 0 0 0 0 0 0 0 0 0 0 0 0 0 0 0 0 0 0 0 0 0 0 0 0 0 0 0 0 0 0 0 0]
[4492448949786135487247107424195781177946155572942749846247093082148394227466058771340983765538901008774849015166584688799156618230769344471528100635588804902922031802861903866855490869356581345386427105846077877868405021768912319567013096287181932606092927312878801639740506698499934160950786118115768 0 0 0 0 0 0 0 0 0 0 0 0 0 0 0 0 0 0 0 0 0 0 0 0 0 0 0 0 0 0 0 0 0 0 0 0 0 0 0 0 0 0 0 0 0 0 0 0 0 0 0 0 1 0 0 0 0 0 0 0 0 0 0 0 0 0 0 0 0 0 0 0 0 0 0 0 0 0 0 0 0 0 0 0 0 0 0 0 0 0 0 0 0 0 0 0 0 0 0]
[4749687438040777689851233847441383154802423828348258140019915382369102994764008750475935102450831609628928278433417398101079069739937781660162226363998240077338941053450188653621905715810487138656694473432909301876967085802994063233872203226633054912248718321967849960570562418653904196331123907469239 0 0 0 0 0 0 0 0 0 0 0 0 0 0 0 0 0 0 0 0 0 0 0 0 0 0 0 0 0 0 0 0 0 0 0 0 0 0 0 0 0 0 0 0 0 0 0 0 0 0 0 0 0 1 0 0 0 0 0 0 0 0 0 0 0 0 0 0 0 0 0 0 0 0 0 0 0 0 0 0 0 0 0 0 0 0 0 0 0 0 0 0 0 0 0 0 0 0 0]
[1136551439496728708846690464576672520377082204204238997022665725058009369645005872681942913207143971411663350623252736010439138802802187586129948198864386561361075939780450479881744978312401033255792506535377066002532763316145663339266095583240989863647735025844385129556844143686077293330166077282670 0 0 0 0 0 0 0 0 0 0 0 0 0 0 0 0 0 0 0 0 0 0 0 0 0 0 0 0 0 0 0 0 0 0 0 0 0 0 0 0 0 0 0 0 0 0 0 0 0 0 0 0 0 0 1 0 0 0 0 0 0 0 0 0 0 0 0 0 0 0 0 0 0 0 0 0 0 0 0 0 0 0 0 0 0 0 0 0 0 0 0 0 0 0 0 0 0 0 0]
[306140519298734156873510851932635428133739374049704611738032468125963209153789883572716085959155898505881036720804307345741438139966220563067526914493811683480230773158027604945355603645798145447710490190781990322604089298693007143924984284943337640746167605292782603733229776287575454870598127300465 0 0 0 0 0 0 0 0 0 0 0 0 0 0 0 0 0 0 0 0 0 0 0 0 0 0 0 0 0 0 0 0 0 0 0 0 0 0 0 0 0 0 0 0 0 0 0 0 0 0 0 0 0 0 0 1 0 0 0 0 0 0 0 0 0 0 0 0 0 0 0 0 0 0 0 0 0 0 0 0 0 0 0 0 0 0 0 0 0 0 0 0 0 0 0 0 0 0 0]
[729626048910798347605975698238202876785263208255278320457039650722624145307363154940299625480408755000810530304120420260469769493019604302786383118091839769070076394522717425062078062393471631916812914002803453039121610859899781411352154200101326040603457120537470695659830699633957223251144400908322 0 0 0 0 0 0 0 0 0 0 0 0 0 0 0 0 0 0 0 0 0 0 0 0 0 0 0 0 0 0 0 0 0 0 0 0 0 0 0 0 0 0 0 0 0 0 0 0 0 0 0 0 0 0 0 0 1 0 0 0 0 0 0 0 0 0 0 0 0 0 0 0 0 0 0 0 0 0 0 0 0 0 0 0 0 0 0 0 0 0 0 0 0 0 0 0 0 0 0]
[1216747830775284907421522757833314632776792983088090147364066932289576234231881693277195992477749913462316467849574404334195308738504773546011333608864644181303635149496723925997839874720688255168754048107622387220612286469724814383175381204588565840723802625037108545036309537574322019108683687903359 0 0 0 0 0 0 0 0 0 0 0 0 0 0 0 0 0 0 0 0 0 0 0 0 0 0 0 0 0 0 0 0 0 0 0 0 0 0 0 0 0 0 0 0 0 0 0 0 0 0 0 0 0 0 0 0 0 1 0 0 0 0 0 0 0 0 0 0 0 0 0 0 0 0 0 0 0 0 0 0 0 0 0 0 0 0 0 0 0 0 0 0 0 0 0 0 0 0 0]
[3508700740925950290079412675079600181084348431123503218770166634861403717590284885165243859328126455983262778434225762723677089803057796799930596148980940667235950844325382037197283040348048201143257863814704253696268256511790805401934113488876670797215756784067514515226737646816068227895692742431803 0 0 0 0 0 0 0 0 0 0 0 0 0 0 0 0 0 0 0 0 0 0 0 0 0 0 0 0 0 0 0 0 0 0 0 0 0 0 0 0 0 0 0 0 0 0 0 0 0 0 0 0 0 0 0 0 0 0 1 0 0 0 0 0 0 0 0 0 0 0 0 0 0 0 0 0 0 0 0 0 0 0 0 0 0 0 0 0 0 0 0 0 0 0 0 0 0 0 0]
[349784715200118354508727768233904792318032328278625028238962516919412562778084667730360478915107228771123263170534513953902806010537780322971527717273286479060876772305731447307055623276280837980791938706198345937829126742694790711788118274440413220794066128556277654931395850479748944443369672986245 0 0 0 0 0 0 0 0 0 0 0 0 0 0 0 0 0 0 0 0 0 0 0 0 0 0 0 0 0 0 0 0 0 0 0 0 0 0 0 0 0 0 0 0 0 0 0 0 0 0 0 0 0 0 0 0 0 0 0 1 0 0 0 0 0 0 0 0 0 0 0 0 0 0 0 0 0 0 0 0 0 0 0 0 0 0 0 0 0 0 0 0 0 0 0 0 0 0 0]
[345138030720775220580345933358094201475635942719323616968182573944779913767508860535702871257317830510517384605344257483509415239124275701205204485667754612680524230085783560751778642469881752477313448517074608114854004466351235609136004762462576134079493856512055447898188820420986961419715937967103 0 0 0 0 0 0 0 0 0 0 0 0 0 0 0 0 0 0 0 0 0 0 0 0 0 0 0 0 0 0 0 0 0 0 0 0 0 0 0 0 0 0 0 0 0 0 0 0 0 0 0 0 0 0 0 0 0 0 0 0 1 0 0 0 0 0 0 0 0 0 0 0 0 0 0 0 0 0 0 0 0 0 0 0 0 0 0 0 0 0 0 0 0 0 0 0 0 0 0]
[2651117740197064812601063013056373105081017697230652193477428370384206098759487167798048103265463038575693555959166061008847463104099834212031499610795324266713285637515098071247579514311388435807641863326882125439267298849984501985108916112513725907583915956399775594813462727122701058305894373698541 0 0 0 0 0 0 0 0 0 0 0 0 0 0 0 0 0 0 0 0 0 0 0 0 0 0 0 0 0 0 0 0 0 0 0 0 0 0 0 0 0 0 0 0 0 0 0 0 0 0 0 0 0 0 0 0 0 0 0 0 0 1 0 0 0 0 0 0 0 0 0 0 0 0 0 0 0 0 0 0 0 0 0 0 0 0 0 0 0 0 0 0 0 0 0 0 0 0 0]
[2038354653150967037377768390284158187859549563027537188837042326477205249559595346862038723636875830025752666147575783981132529634527637277062239909075724172058679605384605456913251706191874372875909785249299200264205821061977682416135648670317400496988785487571411263201058958452922637420115927078002 0 0 0 0 0 0 0 0 0 0 0 0 0 0 0 0 0 0 0 0 0 0 0 0 0 0 0 0 0 0 0 0 0 0 0 0 0 0 0 0 0 0 0 0 0 0 0 0 0 0 0 0 0 0 0 0 0 0 0 0 0 0 1 0 0 0 0 0 0 0 0 0 0 0 0 0 0 0 0 0 0 0 0 0 0 0 0 0 0 0 0 0 0 0 0 0 0 0 0]
[5454483756899331188680728189741882721751217221006722135026802105180123702369503856191940069749611717467517893310857470726135981707986095504366667383232302031905452235271614247854633407042567214809128327559706818694343474244395882142135438337302992820052992348093512872609033909572668639708097907508685 0 0 0 0 0 0 0 0 0 0 0 0 0 0 0 0 0 0 0 0 0 0 0 0 0 0 0 0 0 0 0 0 0 0 0 0 0 0 0 0 0 0 0 0 0 0 0 0 0 0 0 0 0 0 0 0 0 0 0 0 0 0 0 1 0 0 0 0 0 0 0 0 0 0 0 0 0 0 0 0 0 0 0 0 0 0 0 0 0 0 0 0 0 0 0 0 0 0 0]
[2067945945029984585199753251933491547160411195698799952657901053467914955050204931363464671289019093181824280915361077781798967331193516074758610967837886754634217234890508723297660369410870976644326932300121943552348216646526968768684611709835969265983401446367530206527567849724495824286379245435359 0 0 0 0 0 0 0 0 0 0 0 0 0 0 0 0 0 0 0 0 0 0 0 0 0 0 0 0 0 0 0 0 0 0 0 0 0 0 0 0 0 0 0 0 0 0 0 0 0 0 0 0 0 0 0 0 0 0 0 0 0 0 0 0 1 0 0 0 0 0 0 0 0 0 0 0 0 0 0 0 0 0 0 0 0 0 0 0 0 0 0 0 0 0 0 0 0 0 0]
[3113904293135217945707965320467849223883176853273184332108322696447841799071165059588199995459821823768599987747824249034655803433385910168841420521498851315484800378548883910328377996720549419526854169603166271856240611407636223478234300181127363476511431722586042371043790874192446244027065442940359 0 0 0 0 0 0 0 0 0 0 0 0 0 0 0 0 0 0 0 0 0 0 0 0 0 0 0 0 0 0 0 0 0 0 0 0 0 0 0 0 0 0 0 0 0 0 0 0 0 0 0 0 0 0 0 0 0 0 0 0 0 0 0 0 0 1 0 0 0 0 0 0 0 0 0 0 0 0 0 0 0 0 0 0 0 0 0 0 0 0 0 0 0 0 0 0 0 0 0]
[2590345973898466413768403663629085471932509228253240543438694677884529307663338272460851162787981062166135603344004859079524605373736201486014637202944340063791939141061502916962523776635314221094797651147596874451946339864034536484880225581085883335653667476336464758708564799937531403034230507456142 0 0 0 0 0 0 0 0 0 0 0 0 0 0 0 0 0 0 0 0 0 0 0 0 0 0 0 0 0 0 0 0 0 0 0 0 0 0 0 0 0 0 0 0 0 0 0 0 0 0 0 0 0 0 0 0 0 0 0 0 0 0 0 0 0 0 1 0 0 0 0 0 0 0 0 0 0 0 0 0 0 0 0 0 0 0 0 0 0 0 0 0 0 0 0 0 0 0 0]
[1139036689278687871412563040405685913304909611512920110206589251894015893784057533589713979509963114623365447831766002569891427421226600590227278113980504905096894444096679606111026082504162333773510272481693603895907536043646704404615793293021597410642996490638780431897894434438833574343865659225 0 0 0 0 0 0 0 0 0 0 0 0 0 0 0 0 0 0 0 0 0 0 0 0 0 0 0 0 0 0 0 0 0 0 0 0 0 0 0 0 0 0 0 0 0 0 0 0 0 0 0 0 0 0 0 0 0 0 0 0 0 0 0 0 0 0 0 1 0 0 0 0 0 0 0 0 0 0 0 0 0 0 0 0 0 0 0 0 0 0 0 0 0 0 0 0 0 0 0]
[1016986707334863131549293890798857358954507729843506240714380406601057838116080772584024743483274393601636367308003234137735970484673548575821415337838310954149730786833524174395410685008486241310008395918616793383536716652989691861829106526785561834854182440256287770841368706502609754139455482594732 0 0 0 0 0 0 0 0 0 0 0 0 0 0 0 0 0 0 0 0 0 0 0 0 0 0 0 0 0 0 0 0 0 0 0 0 0 0 0 0 0 0 0 0 0 0 0 0 0 0 0 0 0 0 0 0 0 0 0 0 0 0 0 0 0 0 0 0 1 0 0 0 0 0 0 0 0 0 0 0 0 0 0 0 0 0 0 0 0 0 0 0 0 0 0 0 0 0 0]
[2192207830373038631438060537852124873306477040089364432209504840140445149209339979685000853813759932046222869440854039250058010530229664133023319620714890228953036602725605424291874373566029594277454380248204901172370324233794148426381423761548651337745916840584434659511709003267382472799042493012589 0 0 0 0 0 0 0 0 0 0 0 0 0 0 0 0 0 0 0 0 0 0 0 0 0 0 0 0 0 0 0 0 0 0 0 0 0 0 0 0 0 0 0 0 0 0 0 0 0 0 0 0 0 0 0 0 0 0 0 0 0 0 0 0 0 0 0 0 0 1 0 0 0 0 0 0 0 0 0 0 0 0 0 0 0 0 0 0 0 0 0 0 0 0 0 0 0 0 0]
[4998291938304552976248420971678569912040765110357449670422185749390646027739485094103011953120405205528089833791136110686432441484284015100008660002504445500531976580057670543318013617111128879297503712365105035689034571156505097113588063452127844628127069557724375439322207592289229016291548515386355 0 0 0 0 0 0 0 0 0 0 0 0 0 0 0 0 0 0 0 0 0 0 0 0 0 0 0 0 0 0 0 0 0 0 0 0 0 0 0 0 0 0 0 0 0 0 0 0 0 0 0 0 0 0 0 0 0 0 0 0 0 0 0 0 0 0 0 0 0 0 1 0 0 0 0 0 0 0 0 0 0 0 0 0 0 0 0 0 0 0 0 0 0 0 0 0 0 0 0]
[1838673851411330782811264527200650513611989011830353781990526741463298801686750481838909832454626399540890792731348108797861297306526007060807103694171451283948024174513939675031947475075768443561273718929898839080910412412141786116033651446400136610476583090531880761023767303650044388969539586135083 0 0 0 0 0 0 0 0 0 0 0 0 0 0 0 0 0 0 0 0 0 0 0 0 0 0 0 0 0 0 0 0 0 0 0 0 0 0 0 0 0 0 0 0 0 0 0 0 0 0 0 0 0 0 0 0 0 0 0 0 0 0 0 0 0 0 0 0 0 0 0 1 0 0 0 0 0 0 0 0 0 0 0 0 0 0 0 0 0 0 0 0 0 0 0 0 0 0 0]
[1243410158189458735628468478527706629410249219195896474957753157879230899085856044103132142615787056878901591353565893271019281806389346209334418095233458375420427526452757334779837565833520987540907240813812225828550220592289631576109075491246444030073127485608603595435694619309080867374112250163003 0 0 0 0 0 0 0 0 0 0 0 0 0 0 0 0 0 0 0 0 0 0 0 0 0 0 0 0 0 0 0 0 0 0 0 0 0 0 0 0 0 0 0 0 0 0 0 0 0 0 0 0 0 0 0 0 0 0 0 0 0 0 0 0 0 0 0 0 0 0 0 0 1 0 0 0 0 0 0 0 0 0 0 0 0 0 0 0 0 0 0 0 0 0 0 0 0 0 0]
[3084298774483255024873658049839579000703660821511484733715672010562900699435802780846322584570375305671764575169810862020235439573254800653988066475609646144371528269384811682364198501309750159412853785930697433969648543003876543406764469604764684362076893575559758712091565233213513583696425348924076 0 0 0 0 0 0 0 0 0 0 0 0 0 0 0 0 0 0 0 0 0 0 0 0 0 0 0 0 0 0 0 0 0 0 0 0 0 0 0 0 0 0 0 0 0 0 0 0 0 0 0 0 0 0 0 0 0 0 0 0 0 0 0 0 0 0 0 0 0 0 0 0 0 1 0 0 0 0 0 0 0 0 0 0 0 0 0 0 0 0 0 0 0 0 0 0 0 0 0]
[5332326803870842978959834575042827454524135027575763727525495901328253550568283986231329112004637715398923182601066778005379345687328597437374282158569866826657812671579717832576143612932215741278394041331610845249267224784189382149730770715270585683965621306814786589114607739250117154101337535656739 0 0 0 0 0 0 0 0 0 0 0 0 0 0 0 0 0 0 0 0 0 0 0 0 0 0 0 0 0 0 0 0 0 0 0 0 0 0 0 0 0 0 0 0 0 0 0 0 0 0 0 0 0 0 0 0 0 0 0 0 0 0 0 0 0 0 0 0 0 0 0 0 0 0 1 0 0 0 0 0 0 0 0 0 0 0 0 0 0 0 0 0 0 0 0 0 0 0 0]
[1729775442459474784461851337266315504373545700693693858975172323536489367873328764879440470812537314448746271813481091006211194447101262569467352849726861815321136238313295674747549717727909381181826891756017713469206737535824679925292567075087832049941674480071392462941568240606885790349674012538323 0 0 0 0 0 0 0 0 0 0 0 0 0 0 0 0 0 0 0 0 0 0 0 0 0 0 0 0 0 0 0 0 0 0 0 0 0 0 0 0 0 0 0 0 0 0 0 0 0 0 0 0 0 0 0 0 0 0 0 0 0 0 0 0 0 0 0 0 0 0 0 0 0 0 0 1 0 0 0 0 0 0 0 0 0 0 0 0 0 0 0 0 0 0 0 0 0 0 0]
[813791207240998638586253663313226106061214434370614861831837793886277510665058646215858226774581952417482257673962210962211470455410520335286208030033271077222094374257410872707172836242562252445469870226285661368024811916641236137967394073457019805757061953886047346735703938853110671085273771972657 0 0 0 0 0 0 0 0 0 0 0 0 0 0 0 0 0 0 0 0 0 0 0 0 0 0 0 0 0 0 0 0 0 0 0 0 0 0 0 0 0 0 0 0 0 0 0 0 0 0 0 0 0 0 0 0 0 0 0 0 0 0 0 0 0 0 0 0 0 0 0 0 0 0 0 0 1 0 0 0 0 0 0 0 0 0 0 0 0 0 0 0 0 0 0 0 0 0 0]
[3048964644711550219936347632783229580798509511537218967338909065217601885389596576068886548423162366935134145210827302275116611082754382267572395167912913639754483299373892820724873537369397205788802768791086543564871895752512645927711279155736965884013673827166380807841837003592157704769266887698910 0 0 0 0 0 0 0 0 0 0 0 0 0 0 0 0 0 0 0 0 0 0 0 0 0 0 0 0 0 0 0 0 0 0 0 0 0 0 0 0 0 0 0 0 0 0 0 0 0 0 0 0 0 0 0 0 0 0 0 0 0 0 0 0 0 0 0 0 0 0 0 0 0 0 0 0 0 1 0 0 0 0 0 0 0 0 0 0 0 0 0 0 0 0 0 0 0 0 0]
[1480249323132967937628189180739869370481212776121894300708873243775813296546473738413385709540248403100597993451746979945329686335522470210341302995140335166470516144387001403683438067924671182897947717046536602098299804614570126236861457790422118502796390971970961132922107492576976570818385084138977 0 0 0 0 0 0 0 0 0 0 0 0 0 0 0 0 0 0 0 0 0 0 0 0 0 0 0 0 0 0 0 0 0 0 0 0 0 0 0 0 0 0 0 0 0 0 0 0 0 0 0 0 0 0 0 0 0 0 0 0 0 0 0 0 0 0 0 0 0 0 0 0 0 0 0 0 0 0 1 0 0 0 0 0 0 0 0 0 0 0 0 0 0 0 0 0 0 0 0]
[5301283491031831984876338121693365930408810097916311562634104365873624303258927365971448087390710226373169234234216010846127069819501565723599940600694619759741363921755769091710779854522561470233385204482034537770137607920230411368148416980804637611270503824752864690934129434191576434985970572123326 0 0 0 0 0 0 0 0 0 0 0 0 0 0 0 0 0 0 0 0 0 0 0 0 0 0 0 0 0 0 0 0 0 0 0 0 0 0 0 0 0 0 0 0 0 0 0 0 0 0 0 0 0 0 0 0 0 0 0 0 0 0 0 0 0 0 0 0 0 0 0 0 0 0 0 0 0 0 0 1 0 0 0 0 0 0 0 0 0 0 0 0 0 0 0 0 0 0 0]
[1213982652458992672505874468183627386389207762905700253032824413289197616596518785943523889164751914727451401207489944725078967265469607820716682491130303670680868688810908783729710467274454983593573747189329044761219933581733888927208290000975410784162710767995322788058986348384726471264461037978730 0 0 0 0 0 0 0 0 0 0 0 0 0 0 0 0 0 0 0 0 0 0 0 0 0 0 0 0 0 0 0 0 0 0 0 0 0 0 0 0 0 0 0 0 0 0 0 0 0 0 0 0 0 0 0 0 0 0 0 0 0 0 0 0 0 0 0 0 0 0 0 0 0 0 0 0 0 0 0 0 1 0 0 0 0 0 0 0 0 0 0 0 0 0 0 0 0 0 0]
[313220496593517924931048813522555017962332926461245603497537322628160662401427936729373641480931362692667442017955540724873355211360608158373870083776761089029043772091150138144199766553008210390141445212497793048541495547910320369476252726080569946950009087723362045475844002084022592717143450274091 0 0 0 0 0 0 0 0 0 0 0 0 0 0 0 0 0 0 0 0 0 0 0 0 0 0 0 0 0 0 0 0 0 0 0 0 0 0 0 0 0 0 0 0 0 0 0 0 0 0 0 0 0 0 0 0 0 0 0 0 0 0 0 0 0 0 0 0 0 0 0 0 0 0 0 0 0 0 0 0 0 1 0 0 0 0 0 0 0 0 0 0 0 0 0 0 0 0 0]
[673749341062181330296638233878336297058732292795653934895228040846172990370572328606180173755430669392948265352529919261442135843060196974106352307367225356137148368055909124380144412455111745621680921422663431307505710596662515274069298479206415936567789301125087690332533304188353529777868428378856 0 0 0 0 0 0 0 0 0 0 0 0 0 0 0 0 0 0 0 0 0 0 0 0 0 0 0 0 0 0 0 0 0 0 0 0 0 0 0 0 0 0 0 0 0 0 0 0 0 0 0 0 0 0 0 0 0 0 0 0 0 0 0 0 0 0 0 0 0 0 0 0 0 0 0 0 0 0 0 0 0 0 1 0 0 0 0 0 0 0 0 0 0 0 0 0 0 0 0]
[5671014063270887968271895536450176050268712822705275616178289135325269697547821491319361510763664916040414273138979335149266225060600628144136045562009673997650318992199286187706770345363447285682842906911094353278328028076286233590722583614177173136584861148226270410252992545122449093354772721778201 0 0 0 0 0 0 0 0 0 0 0 0 0 0 0 0 0 0 0 0 0 0 0 0 0 0 0 0 0 0 0 0 0 0 0 0 0 0 0 0 0 0 0 0 0 0 0 0 0 0 0 0 0 0 0 0 0 0 0 0 0 0 0 0 0 0 0 0 0 0 0 0 0 0 0 0 0 0 0 0 0 0 0 1 0 0 0 0 0 0 0 0 0 0 0 0 0 0 0]
[128287884119192970272393004763755182869244374759611730707227892257687236621264193578459431130393148342670574359781297496823483073061552702681306361457000948535427835286154658543210552999671058321677311154114537830765747824581755029794599081530245078065617247908229224682271346395846127894915462863865 0 0 0 0 0 0 0 0 0 0 0 0 0 0 0 0 0 0 0 0 0 0 0 0 0 0 0 0 0 0 0 0 0 0 0 0 0 0 0 0 0 0 0 0 0 0 0 0 0 0 0 0 0 0 0 0 0 0 0 0 0 0 0 0 0 0 0 0 0 0 0 0 0 0 0 0 0 0 0 0 0 0 0 0 1 0 0 0 0 0 0 0 0 0 0 0 0 0 0]
[3528827703999542101905463114853333360439588372760201294248240448202418872191096664975962740987264663064792782981107705528064963068187937843019147255545461065955234012782865942204394511931365041371124577192967138073854625425820364555158695934386249662595585740724097402832251855078638103974551845127858 0 0 0 0 0 0 0 0 0 0 0 0 0 0 0 0 0 0 0 0 0 0 0 0 0 0 0 0 0 0 0 0 0 0 0 0 0 0 0 0 0 0 0 0 0 0 0 0 0 0 0 0 0 0 0 0 0 0 0 0 0 0 0 0 0 0 0 0 0 0 0 0 0 0 0 0 0 0 0 0 0 0 0 0 0 1 0 0 0 0 0 0 0 0 0 0 0 0 0]
[2057664276765067683319161092393754500151486094804060507490974830721388317209483947587142384591974232990121840814357707506328207201938732875203105558443226360791510559074366688301017793320152050321166315696435520715254594169983334655546712206229304874374557100971729964962811963936772268180757705343024 0 0 0 0 0 0 0 0 0 0 0 0 0 0 0 0 0 0 0 0 0 0 0 0 0 0 0 0 0 0 0 0 0 0 0 0 0 0 0 0 0 0 0 0 0 0 0 0 0 0 0 0 0 0 0 0 0 0 0 0 0 0 0 0 0 0 0 0 0 0 0 0 0 0 0 0 0 0 0 0 0 0 0 0 0 0 1 0 0 0 0 0 0 0 0 0 0 0 0]
[44109331029481686150709013560234714950338306225299157167466180359445381250532463273141316604264754881489961561064512323674063158422120590127050036110241105983332823405438504662795168053619211661056101015952743143392907272889102979258792320065167787037758978495236767020636096257640864350962714089587 0 0 0 0 0 0 0 0 0 0 0 0 0 0 0 0 0 0 0 0 0 0 0 0 0 0 0 0 0 0 0 0 0 0 0 0 0 0 0 0 0 0 0 0 0 0 0 0 0 0 0 0 0 0 0 0 0 0 0 0 0 0 0 0 0 0 0 0 0 0 0 0 0 0 0 0 0 0 0 0 0 0 0 0 0 0 0 1 0 0 0 0 0 0 0 0 0 0 0]
[5479210135839675080540203267997093899474416044085896466099773945150467648302431656377946814245328359577644501157043209682910115164438019210556753288899598025865784507562217576787266834437221809019895177526213549462575248271059500922861689848757626404149982726785229547634245979808676877794911326565182 0 0 0 0 0 0 0 0 0 0 0 0 0 0 0 0 0 0 0 0 0 0 0 0 0 0 0 0 0 0 0 0 0 0 0 0 0 0 0 0 0 0 0 0 0 0 0 0 0 0 0 0 0 0 0 0 0 0 0 0 0 0 0 0 0 0 0 0 0 0 0 0 0 0 0 0 0 0 0 0 0 0 0 0 0 0 0 0 1 0 0 0 0 0 0 0 0 0 0]
[1534572979148176835893908659728830639568451182201352373152381154055602690832722126041905332093011209480134608191981166632614359432499805796283240905842620258990983567982484826593557279249430343750212562044090097847688337214002033129816121401016153633550004329329454915810525812615319527222479929784203 0 0 0 0 0 0 0 0 0 0 0 0 0 0 0 0 0 0 0 0 0 0 0 0 0 0 0 0 0 0 0 0 0 0 0 0 0 0 0 0 0 0 0 0 0 0 0 0 0 0 0 0 0 0 0 0 0 0 0 0 0 0 0 0 0 0 0 0 0 0 0 0 0 0 0 0 0 0 0 0 0 0 0 0 0 0 0 0 0 1 0 0 0 0 0 0 0 0 0]
[2015704404776407281453799804247392420752533227698912009163314105387172386146781030240205417564343196955638528754669683435895198329483460199749526514179229104862457061677259391108214118761531003204057067190247269151628378118833117047787853189163575004335851907253248263530014100718893640601173767121521 0 0 0 0 0 0 0 0 0 0 0 0 0 0 0 0 0 0 0 0 0 0 0 0 0 0 0 0 0 0 0 0 0 0 0 0 0 0 0 0 0 0 0 0 0 0 0 0 0 0 0 0 0 0 0 0 0 0 0 0 0 0 0 0 0 0 0 0 0 0 0 0 0 0 0 0 0 0 0 0 0 0 0 0 0 0 0 0 0 0 1 0 0 0 0 0 0 0 0]
[5324025264571693245744739712544053504516278937089241983794708300368538830279466014117367262051438834454439659857828633248379304452948563826525575231634720779941887903131594815139248160391598074482374737775544614341235698775654990913535480150206474710606826030297468668525016591285915850300970481811568 0 0 0 0 0 0 0 0 0 0 0 0 0 0 0 0 0 0 0 0 0 0 0 0 0 0 0 0 0 0 0 0 0 0 0 0 0 0 0 0 0 0 0 0 0 0 0 0 0 0 0 0 0 0 0 0 0 0 0 0 0 0 0 0 0 0 0 0 0 0 0 0 0 0 0 0 0 0 0 0 0 0 0 0 0 0 0 0 0 0 0 1 0 0 0 0 0 0 0]
[3153627746683259251053773843574526194313656153292947580583913607213021506148037564297269853664027446775668279295030275053992725240117046153905016093892820833064979024803945786607902519033976713955959340362171299471301154902664407334053309192252743003914164811771937492215025719518634364672854147023161 0 0 0 0 0 0 0 0 0 0 0 0 0 0 0 0 0 0 0 0 0 0 0 0 0 0 0 0 0 0 0 0 0 0 0 0 0 0 0 0 0 0 0 0 0 0 0 0 0 0 0 0 0 0 0 0 0 0 0 0 0 0 0 0 0 0 0 0 0 0 0 0 0 0 0 0 0 0 0 0 0 0 0 0 0 0 0 0 0 0 0 0 1 0 0 0 0 0 0]
[3695503667448867876976198470363153409678645400644405123660123823361141069350548126959159602362709431330220389279003675292128000197339634848115893159668237699426508461747721047579146546363429705384406904284707252909460119803199434135922068171307449404900001053114429999470024957224436195038425301830281 0 0 0 0 0 0 0 0 0 0 0 0 0 0 0 0 0 0 0 0 0 0 0 0 0 0 0 0 0 0 0 0 0 0 0 0 0 0 0 0 0 0 0 0 0 0 0 0 0 0 0 0 0 0 0 0 0 0 0 0 0 0 0 0 0 0 0 0 0 0 0 0 0 0 0 0 0 0 0 0 0 0 0 0 0 0 0 0 0 0 0 0 0 1 0 0 0 0 0]
[2546613500269050973121425805724123480144376312509230962669425598754874742029316615478965906083675403614685953275427774505038339852415772881610931473366538726739929851463816624178382298159788663614683693139956969552477478512522299252608956396908361322880931901865022594152075847811870153259649900639483 0 0 0 0 0 0 0 0 0 0 0 0 0 0 0 0 0 0 0 0 0 0 0 0 0 0 0 0 0 0 0 0 0 0 0 0 0 0 0 0 0 0 0 0 0 0 0 0 0 0 0 0 0 0 0 0 0 0 0 0 0 0 0 0 0 0 0 0 0 0 0 0 0 0 0 0 0 0 0 0 0 0 0 0 0 0 0 0 0 0 0 0 0 0 1 0 0 0 0]
[3812482912485340117890480158930913003639085243814516991061959086281010501492242035404067204681502321886889427237867830623418234268294851892667120979174506975406914651365739558677640270399816914378945462810526029543544022943632715004593458782117578266690933716278725093804235915415141583087750983371928 0 0 0 0 0 0 0 0 0 0 0 0 0 0 0 0 0 0 0 0 0 0 0 0 0 0 0 0 0 0 0 0 0 0 0 0 0 0 0 0 0 0 0 0 0 0 0 0 0 0 0 0 0 0 0 0 0 0 0 0 0 0 0 0 0 0 0 0 0 0 0 0 0 0 0 0 0 0 0 0 0 0 0 0 0 0 0 0 0 0 0 0 0 0 0 1 0 0 0]
[2951753387834334107827429451418441978738502324961579414928001539339435332164930751771515980670535750442702089737570729049965719049499037003429180557348077108803371985436114991725154007704448462294853785538185470279696456594797600100550570544423377789915645795174852666271442847649492990347044554431866 0 0 0 0 0 0 0 0 0 0 0 0 0 0 0 0 0 0 0 0 0 0 0 0 0 0 0 0 0 0 0 0 0 0 0 0 0 0 0 0 0 0 0 0 0 0 0 0 0 0 0 0 0 0 0 0 0 0 0 0 0 0 0 0 0 0 0 0 0 0 0 0 0 0 0 0 0 0 0 0 0 0 0 0 0 0 0 0 0 0 0 0 0 0 0 0 1 0 0]
[2911529787199813781543075608135749370460620695284119664261774885813298383813417592949634164856056507126160262691877787789809542025608339451211971498527496509212338391926659309383104210330074498587922362603085107218406046758242000234639844859867242634453727287639978492822618425181159346732195798006242 0 0 0 0 0 0 0 0 0 0 0 0 0 0 0 0 0 0 0 0 0 0 0 0 0 0 0 0 0 0 0 0 0 0 0 0 0 0 0 0 0 0 0 0 0 0 0 0 0 0 0 0 0 0 0 0 0 0 0 0 0 0 0 0 0 0 0 0 0 0 0 0 0 0 0 0 0 0 0 0 0 0 0 0 0 0 0 0 0 0 0 0 0 0 0 0 0 1 0]
[4985643198224664823752572025535184366254596276071964941094118463553359050744001528398727652515934485753000230079745286783428564136913740726376765967304881983224169742236167082352975429110854184833032815937534461041049557503793774347171386326453092303935385791761485380106351613714716616993701633339200 0 0 0 0 0 0 0 0 0 0 0 0 0 0 0 0 0 0 0 0 0 0 0 0 0 0 0 0 0 0 0 0 0 0 0 0 0 0 0 0 0 0 0 0 0 0 0 0 0 0 0 0 0 0 0 0 0 0 0 0 0 0 0 0 0 0 0 0 0 0 0 0 0 0 0 0 0 0 0 0 0 0 0 0 0 0 0 0 0 0 0 0 0 0 0 0 0 0 1]
]
