[[10688941153703738902948216422670854323315427411698149478290314390752872450508318227853291515378890704359988763485134745733397952456546890571378031200036148706412603768682364997829374750704458734553029303071246352985833236402160814775702612611874440074450041087100272504074250502797509834304757673552161 0 0 0 0 0 0 0 0 0 0 0 0 0 0 0 0 0 0 0 0 0 0 0 0 0 0 0 0 0 0 0 0 0 0 0 0 0 0 0 0 0 0 0 0 0 0 0 0 0 0 0 0 0 0 0 0 0 0 0 0 0 0 0 0 0 0 0 0 0 0 0 0 0 0 0 0 0 0 0 0 0 0 0 0 0 0 0 0 0 0 0 0 0 0 0 0 0 0 0]
[6957441298529788015361627091544900651436305223086401706073118599747541766084732016441617770678126494338409972272327925594008364111850454628504185108567595190753887738428751440973111453959433873175464978838691139996300723191365720197635740362763403008327812149342484797664235479339681469091728037947463 1 0 0 0 0 0 0 0 0 0 0 0 0 0 0 0 0 0 0 0 0 0 0 0 0 0 0 0 0 0 0 0 0 0 0 0 0 0 0 0 0 0 0 0 0 0 0 0 0 0 0 0 0 0 0 0 0 0 0 0 0 0 0 0 0 0 0 0 0 0 0 0 0 0 0 0 0 0 0 0 0 0 0 0 0 0 0 0 0 0 0 0 0 0 0 0 0 0 0]
[1256258823411227086767776736571228920817337319471039238814759901003809577318288545740114683846298107008814401074540580865107074749543722860412790838066839163235821297312098711044931015357142251458546673026268348922311127467703053221560878804533335128996801432441806175377874385270709790709080887226644 0 1 0 0 0 0 0 0 0 0 0 0 0 0 0 0 0 0 0 0 0 0 0 0 0 0 0 0 0 0 0 0 0 0 0 0 0 0 0 0 0 0 0 0 0 0 0 0 0 0 0 0 0 0 0 0 0 0 0 0 0 0 0 0 0 0 0 0 0 0 0 0 0 0 0 0 0 0 0 0 0 0 0 0 0 0 0 0 0 0 0 0 0 0 0 0 0 0 0]
[8999573261537510399426797925006644628974337531880701342059501838250020803899016833712645925361701472764798174176266854190140680366593555501333391493080274875386999914374592774470835562381632265171463500024431106315504711632905442524825203756786133717060631143737648291494213181331049477068814343116067 0 0 1 0 0 0 0 0 0 0 0 0 0 0 0 0 0 0 0 0 0 0 0 0 0 0 0 0 0 0 0 0 0 0 0 0 0 0 0 0 0 0 0 0 0 0 0 0 0 0 0 0 0 0 0 0 0 0 0 0 0 0 0 0 0 0 0 0 0 0 0 0 0 0 0 0 0 0 0 0 0 0 0 0 0 0 0 0 0 0 0 0 0 0 0 0 0 0 0]
[3009592166340447031231995229820695253527483971748168849993187076696081314547939173742028134177769340314842169307479191577005587429840854640936022408211266216695860820310782318898678560426666026536975986997108640958558599724550590158042122500292395956108149056584849495421118886370154373634662319297670 0 0 0 1 0 0 0 0 0 0 0 0 0 0 0 0 0 0 0 0 0 0 0 0 0 0 0 0 0 0 0 0 0 0 0 0 0 0 0 0 0 0 0 0 0 0 0 0 0 0 0 0 0 0 0 0 0 0 0 0 0 0 0 0 0 0 0 0 0 0 0 0 0 0 0 0 0 0 0 0 0 0 0 0 0 0 0 0 0 0 0 0 0 0 0 0 0 0 0]
[4430976744163078749144348777826891149498272614239985477074244264798534855883307144203821037489844936049912853689253815261179541041135523313474037111517105581944029945365976064247657952290818861701643495337281356131208989475037556487194783974054797555531554436257195596130373855217624261743035359297448 0 0 0 0 1 0 0 0 0 0 0 0 0 0 0 0 0 0 0 0 0 0 0 0 0 0 0 0 0 0 0 0 0 0 0 0 0 0 0 0 0 0 0 0 0 0 0 0 0 0 0 0 0 0 0 0 0 0 0 0 0 0 0 0 0 0 0 0 0 0 0 0 0 0 0 0 0 0 0 0 0 0 0 0 0 0 0 0 0 0 0 0 0 0 0 0 0 0 0]
[3546225368691261506457036809174740923415649994270071370248514707586233509055656988602391644365432297083486622276412488428023453833621027856531840668586105151018793785180844300056904153153509164906648093370859565436392454272120209327542015504929955090191536853643653966009103355837254132290922088331451 0 0 0 0 0 1 0 0 0 0 0 0 0 0 0 0 0 0 0 0 0 0 0 0 0 0 0 0 0 0 0 0 0 0 0 0 0 0 0 0 0 0 0 0 0 0 0 0 0 0 0 0 0 0 0 0 0 0 0 0 0 0 0 0 0 0 0 0 0 0 0 0 0 0 0 0 0 0 0 0 0 0 0 0 0 0 0 0 0 0 0 0 0 0 0 0 0 0 0]
[6405403587092530406229780830491337665581249842193662995122615763345641264742900824535592032399816903764028533979306675457822065299747743268628137934971227678726888405070279226272542148440467804031401954068364062849463837329844261945090643760910704828593045365213212695003514390592988454268813031685047 0 0 0 0 0 0 1 0 0 0 0 0 0 0 0 0 0 0 0 0 0 0 0 0 0 0 0 0 0 0 0 0 0 0 0 0 0 0 0 0 0 0 0 0 0 0 0 0 0 0 0 0 0 0 0 0 0 0 0 0 0 0 0 0 0 0 0 0 0 0 0 0 0 0 0 0 0 0 0 0 0 0 0 0 0 0 0 0 0 0 0 0 0 0 0 0 0 0 0]
[207150118230624002495125028513669846468626468275744773011297126799424741709246916980322176467716250395535465861702778034615495969352073419287545744256214242743167045768935360830220334789022022090937475956780370129998632307611947247830280177183283771877199338874597762367720379173178731665673152702488 0 0 0 0 0 0 0 1 0 0 0 0 0 0 0 0 0 0 0 0 0 0 0 0 0 0 0 0 0 0 0 0 0 0 0 0 0 0 0 0 0 0 0 0 0 0 0 0 0 0 0 0 0 0 0 0 0 0 0 0 0 0 0 0 0 0 0 0 0 0 0 0 0 0 0 0 0 0 0 0 0 0 0 0 0 0 0 0 0 0 0 0 0 0 0 0 0 0 0]
[8700631902448799148636153314051291326633500995126492171913780024158987904474638763166196340673142176683424035587593501707770028018798077401749949781044606321329714500086675238077345068218717357332160305489860627939393141080019318474445326754015764179328553441406511593594941136256033234694339654514886 0 0 0 0 0 0 0 0 1 0 0 0 0 0 0 0 0 0 0 0 0 0 0 0 0 0 0 0 0 0 0 0 0 0 0 0 0 0 0 0 0 0 0 0 0 0 0 0 0 0 0 0 0 0 0 0 0 0 0 0 0 0 0 0 0 0 0 0 0 0 0 0 0 0 0 0 0 0 0 0 0 0 0 0 0 0 0 0 0 0 0 0 0 0 0 0 0 0 0]
[36309650141175414465391146197324047945691240810314643830864439015186989687342067226666401864329353490032107435976345120887695592755746014962415542378454509916159969419693539294630479541849739949027129575840514162643545121167160331317161290150533052535455392837968611238136079862086147925798710354903 0 0 0 0 0 0 0 0 0 1 0 0 0 0 0 0 0 0 0 0 0 0 0 0 0 0 0 0 0 0 0 0 0 0 0 0 0 0 0 0 0 0 0 0 0 0 0 0 0 0 0 0 0 0 0 0 0 0 0 0 0 0 0 0 0 0 0 0 0 0 0 0 0 0 0 0 0 0 0 0 0 0 0 0 0 0 0 0 0 0 0 0 0 0 0 0 0 0 0]
[5531367361517401976770986002149129001875039992030835948720044678038863419965414163266941900195744308255851245170064245274955724591022581282024596867157281228200292714646863347708598287280938367779373401706568795473584468740863611482250414191950041792135888753119220923938778405346653885440329218482477 0 0 0 0 0 0 0 0 0 0 1 0 0 0 0 0 0 0 0 0 0 0 0 0 0 0 0 0 0 0 0 0 0 0 0 0 0 0 0 0 0 0 0 0 0 0 0 0 0 0 0 0 0 0 0 0 0 0 0 0 0 0 0 0 0 0 0 0 0 0 0 0 0 0 0 0 0 0 0 0 0 0 0 0 0 0 0 0 0 0 0 0 0 0 0 0 0 0 0]
[5781110423905351598381010046828762163603009557439208509769486677813983395961863868988441587135590025251505270373562266110104180738278000168290987433409890019946437169173725503484761280563294768812633218877539902823257634791095149489092939998254206240802312479233226090112575701920530290656568427632792 0 0 0 0 0 0 0 0 0 0 0 1 0 0 0 0 0 0 0 0 0 0 0 0 0 0 0 0 0 0 0 0 0 0 0 0 0 0 0 0 0 0 0 0 0 0 0 0 0 0 0 0 0 0 0 0 0 0 0 0 0 0 0 0 0 0 0 0 0 0 0 0 0 0 0 0 0 0 0 0 0 0 0 0 0 0 0 0 0 0 0 0 0 0 0 0 0 0 0]
[10586766318045812477324676786130795630078805031961561717488713297180409226016417819573717376539320509265762539152647569057951102650067931229345869678099812179375759772445856292442544998035416983951401279938869025600473033501054736663886412025677478199622960244283686688138900784106484264276142006566298 0 0 0 0 0 0 0 0 0 0 0 0 1 0 0 0 0 0 0 0 0 0 0 0 0 0 0 0 0 0 0 0 0 0 0 0 0 0 0 0 0 0 0 0 0 0 0 0 0 0 0 0 0 0 0 0 0 0 0 0 0 0 0 0 0 0 0 0 0 0 0 0 0 0 0 0 0 0 0 0 0 0 0 0 0 0 0 0 0 0 0 0 0 0 0 0 0 0 0]
[10679027539830287067100606109511551777714454505274958094526378818712090756347264547924742586786184370062497079589207603037944591842877261596888970733600575810129609247366854622978253799518603838862144907153857325473601028221623182706080543175096968976397895238211060129550692646390458703417138071403164 0 0 0 0 0 0 0 0 0 0 0 0 0 1 0 0 0 0 0 0 0 0 0 0 0 0 0 0 0 0 0 0 0 0 0 0 0 0 0 0 0 0 0 0 0 0 0 0 0 0 0 0 0 0 0 0 0 0 0 0 0 0 0 0 0 0 0 0 0 0 0 0 0 0 0 0 0 0 0 0 0 0 0 0 0 0 0 0 0 0 0 0 0 0 0 0 0 0 0]
[7552903592869816652727832719745401910029572354655112381316935865909782745440203920300522081708519955302027293594838796062193770021513901818684907905956635434492910991920148210094666010287210503481240820462642779777368827860701425738145409649535352059956628894866250478065461758090172433876148309685317 0 0 0 0 0 0 0 0 0 0 0 0 0 0 1 0 0 0 0 0 0 0 0 0 0 0 0 0 0 0 0 0 0 0 0 0 0 0 0 0 0 0 0 0 0 0 0 0 0 0 0 0 0 0 0 0 0 0 0 0 0 0 0 0 0 0 0 0 0 0 0 0 0 0 0 0 0 0 0 0 0 0 0 0 0 0 0 0 0 0 0 0 0 0 0 0 0 0 0]
[4171696324074571612056717374013991070385681615954041456738029577193613489764991410301123093482958497807085563957891578716064357765634526826153639976946535986265019879928921647372233705872687533475157444854772862225457444728084572883141839904574209571610235028972581372884297207521100859527877752296442 0 0 0 0 0 0 0 0 0 0 0 0 0 0 0 1 0 0 0 0 0 0 0 0 0 0 0 0 0 0 0 0 0 0 0 0 0 0 0 0 0 0 0 0 0 0 0 0 0 0 0 0 0 0 0 0 0 0 0 0 0 0 0 0 0 0 0 0 0 0 0 0 0 0 0 0 0 0 0 0 0 0 0 0 0 0 0 0 0 0 0 0 0 0 0 0 0 0 0]
[2044918976393092318221300946954082654092631463377670444708915405853536884242532075393929439405143880324455249267886175173789990079386233808974910787898908029770434801755342731286849202017730869385060500505991650801818279274292737516798310570635362251081675545659379692105283362259499237080608475509538 0 0 0 0 0 0 0 0 0 0 0 0 0 0 0 0 1 0 0 0 0 0 0 0 0 0 0 0 0 0 0 0 0 0 0 0 0 0 0 0 0 0 0 0 0 0 0 0 0 0 0 0 0 0 0 0 0 0 0 0 0 0 0 0 0 0 0 0 0 0 0 0 0 0 0 0 0 0 0 0 0 0 0 0 0 0 0 0 0 0 0 0 0 0 0 0 0 0 0]
[5560292834140629905835596895192702597840297390858523555271898446269078991742080647962518878889805524687355195405035833496353727093912343801560739164198489345149480286797356697701202293493890059799001878612139542994427503932287008761082419553418815476607287881070014939371234300415729871865511932365489 0 0 0 0 0 0 0 0 0 0 0 0 0 0 0 0 0 1 0 0 0 0 0 0 0 0 0 0 0 0 0 0 0 0 0 0 0 0 0 0 0 0 0 0 0 0 0 0 0 0 0 0 0 0 0 0 0 0 0 0 0 0 0 0 0 0 0 0 0 0 0 0 0 0 0 0 0 0 0 0 0 0 0 0 0 0 0 0 0 0 0 0 0 0 0 0 0 0 0]
[10647204291730603608354693326500708495241389791187701619961942435681002260695933736400543643521586975375333004974270725585510793884448480897903007597314643576157368009131485822071228294308417457499984244686712945001289992798901847047866889342431257171998363615292215383631873962666595120812682928226480 0 0 0 0 0 0 0 0 0 0 0 0 0 0 0 0 0 0 1 0 0 0 0 0 0 0 0 0 0 0 0 0 0 0 0 0 0 0 0 0 0 0 0 0 0 0 0 0 0 0 0 0 0 0 0 0 0 0 0 0 0 0 0 0 0 0 0 0 0 0 0 0 0 0 0 0 0 0 0 0 0 0 0 0 0 0 0 0 0 0 0 0 0 0 0 0 0 0 0]
[104647179733976337934710785702378694958067146373309367562431663509893305096556334516088004465348090667907940612612637759511417548925824247530501700769543269301260281080097979031001161233612055709307347488101297202081268565112501819185524457240145004965710769491749370912412142455041255621534007524133 0 0 0 0 0 0 0 0 0 0 0 0 0 0 0 0 0 0 0 1 0 0 0 0 0 0 0 0 0 0 0 0 0 0 0 0 0 0 0 0 0 0 0 0 0 0 0 0 0 0 0 0 0 0 0 0 0 0 0 0 0 0 0 0 0 0 0 0 0 0 0 0 0 0 0 0 0 0 0 0 0 0 0 0 0 0 0 0 0 0 0 0 0 0 0 0 0 0 0]
[10433800751576677201659975995775784018053123834914592971000308963650285272397560958762387760548031919288311325504552931792025968595087785999727567329759576238578739091899585333616032338959208139281744453716746400821471016098270116965344302891772540081323924119367110454284664031476037769875968259306744 0 0 0 0 0 0 0 0 0 0 0 0 0 0 0 0 0 0 0 0 1 0 0 0 0 0 0 0 0 0 0 0 0 0 0 0 0 0 0 0 0 0 0 0 0 0 0 0 0 0 0 0 0 0 0 0 0 0 0 0 0 0 0 0 0 0 0 0 0 0 0 0 0 0 0 0 0 0 0 0 0 0 0 0 0 0 0 0 0 0 0 0 0 0 0 0 0 0 0]
[6819162084566288719007367459064358243970573763378357815021760786795047574250473798113976318953446643158032995872818070753304146479468611951189459357166884009361821083874803625576390397705931945364302027138393175490814903667409308311348784167551938424007945846189442460090011742845142008707408077441143 0 0 0 0 0 0 0 0 0 0 0 0 0 0 0 0 0 0 0 0 0 1 0 0 0 0 0 0 0 0 0 0 0 0 0 0 0 0 0 0 0 0 0 0 0 0 0 0 0 0 0 0 0 0 0 0 0 0 0 0 0 0 0 0 0 0 0 0 0 0 0 0 0 0 0 0 0 0 0 0 0 0 0 0 0 0 0 0 0 0 0 0 0 0 0 0 0 0 0]
[4848594117394443542081722498737797448492042517093179446676269479697838100840455415784464520772557235838598815286568061976831067554598199248741704993501136818481549511811018056621314345431158633745148796262884795074690587482431598564196390448531753094339183997897037795767356358001403304891077800903094 0 0 0 0 0 0 0 0 0 0 0 0 0 0 0 0 0 0 0 0 0 0 1 0 0 0 0 0 0 0 0 0 0 0 0 0 0 0 0 0 0 0 0 0 0 0 0 0 0 0 0 0 0 0 0 0 0 0 0 0 0 0 0 0 0 0 0 0 0 0 0 0 0 0 0 0 0 0 0 0 0 0 0 0 0 0 0 0 0 0 0 0 0 0 0 0 0 0 0]
[663283561038931692860864180689328942521155807744774433331117873594935640222978445695167460837836984953661958032850145514471697307107804937695922716028162676471729840479127875324377626497918604615028574583020444251675605702691240590349968255955936921341959764235163580997762768610443879795362198479803 0 0 0 0 0 0 0 0 0 0 0 0 0 0 0 0 0 0 0 0 0 0 0 1 0 0 0 0 0 0 0 0 0 0 0 0 0 0 0 0 0 0 0 0 0 0 0 0 0 0 0 0 0 0 0 0 0 0 0 0 0 0 0 0 0 0 0 0 0 0 0 0 0 0 0 0 0 0 0 0 0 0 0 0 0 0 0 0 0 0 0 0 0 0 0 0 0 0 0]
[7011552355353236571594768176476411480310228422834074444880329683097863326679916909557063050260566578599249432236405608925900364092782607981054499276799996850780048744679878687614922038639009747417061638266838486807609278314399815293939052170633993014224832774177882429100343045509388328921612668473093 0 0 0 0 0 0 0 0 0 0 0 0 0 0 0 0 0 0 0 0 0 0 0 0 1 0 0 0 0 0 0 0 0 0 0 0 0 0 0 0 0 0 0 0 0 0 0 0 0 0 0 0 0 0 0 0 0 0 0 0 0 0 0 0 0 0 0 0 0 0 0 0 0 0 0 0 0 0 0 0 0 0 0 0 0 0 0 0 0 0 0 0 0 0 0 0 0 0 0]
[213931163320468231139488385962646692216498075200573904582514371240504540881680209770468503104044395696004388315118499881999266967111691057195226784571722194011866311755596378011371163386319483730408520376874452326502123867772857248212537409560145930899934419916603267782650861048723934345934888060652 0 0 0 0 0 0 0 0 0 0 0 0 0 0 0 0 0 0 0 0 0 0 0 0 0 1 0 0 0 0 0 0 0 0 0 0 0 0 0 0 0 0 0 0 0 0 0 0 0 0 0 0 0 0 0 0 0 0 0 0 0 0 0 0 0 0 0 0 0 0 0 0 0 0 0 0 0 0 0 0 0 0 0 0 0 0 0 0 0 0 0 0 0 0 0 0 0 0 0]
[3142628725642234737525956192490023430776402402021783686311682746314428034773175672269539860735831650745944617343538244390659844242805389383108314742647972767688182252489801531583112775727065750038215914465364208578116507303534320143516499066295239654021714986696613954978646866586882431678758392425652 0 0 0 0 0 0 0 0 0 0 0 0 0 0 0 0 0 0 0 0 0 0 0 0 0 0 1 0 0 0 0 0 0 0 0 0 0 0 0 0 0 0 0 0 0 0 0 0 0 0 0 0 0 0 0 0 0 0 0 0 0 0 0 0 0 0 0 0 0 0 0 0 0 0 0 0 0 0 0 0 0 0 0 0 0 0 0 0 0 0 0 0 0 0 0 0 0 0 0]
[5231737648754545460574147263075842852923185040117446404202712510288973640721020503199425684244915647261905894370286939318497499934563169902475067579193116256197310371758466071456255735340711572354660715523666487276084757628165003468606060043331884007724835435790698207823600631126526782245112628084967 0 0 0 0 0 0 0 0 0 0 0 0 0 0 0 0 0 0 0 0 0 0 0 0 0 0 0 1 0 0 0 0 0 0 0 0 0 0 0 0 0 0 0 0 0 0 0 0 0 0 0 0 0 0 0 0 0 0 0 0 0 0 0 0 0 0 0 0 0 0 0 0 0 0 0 0 0 0 0 0 0 0 0 0 0 0 0 0 0 0 0 0 0 0 0 0 0 0 0]
[8493748970634295618670485675454271355533681565374186112730513229921335407103493025677683781405907566739161720784694791356952216606152242184663498082559768841122165873739985235766425654445214471815652834807093031421153951081013432945087238672550916539596259062089466327539355049612990001654653597987996 0 0 0 0 0 0 0 0 0 0 0 0 0 0 0 0 0 0 0 0 0 0 0 0 0 0 0 0 1 0 0 0 0 0 0 0 0 0 0 0 0 0 0 0 0 0 0 0 0 0 0 0 0 0 0 0 0 0 0 0 0 0 0 0 0 0 0 0 0 0 0 0 0 0 0 0 0 0 0 0 0 0 0 0 0 0 0 0 0 0 0 0 0 0 0 0 0 0 0]
[8204255378985837502865714478557390635223581674849808612499992375491423041096310185877465877785865454948943825638018310769552278387359936142627921981726786508264714754052370650493999364500268437502958392088085913322161455172122742529827368639239008141943501165177286295503846411524433435914855390226503 0 0 0 0 0 0 0 0 0 0 0 0 0 0 0 0 0 0 0 0 0 0 0 0 0 0 0 0 0 1 0 0 0 0 0 0 0 0 0 0 0 0 0 0 0 0 0 0 0 0 0 0 0 0 0 0 0 0 0 0 0 0 0 0 0 0 0 0 0 0 0 0 0 0 0 0 0 0 0 0 0 0 0 0 0 0 0 0 0 0 0 0 0 0 0 0 0 0 0]
[6776651500910179075180894209584143300352240837537298515737699900606954511594681098822675635713294740540183697364048043342557509609488345303374247119534934681165435230828325679809734150690911585152842178114915190513577634737237381107671252208768452550009150616228974013075438037031143392046229563013012 0 0 0 0 0 0 0 0 0 0 0 0 0 0 0 0 0 0 0 0 0 0 0 0 0 0 0 0 0 0 1 0 0 0 0 0 0 0 0 0 0 0 0 0 0 0 0 0 0 0 0 0 0 0 0 0 0 0 0 0 0 0 0 0 0 0 0 0 0 0 0 0 0 0 0 0 0 0 0 0 0 0 0 0 0 0 0 0 0 0 0 0 0 0 0 0 0 0 0]
[1079752036267048710358473781512755447808486222721721094359306137982541540411730454855259493866293377317212273372867196008314545887185482665999322064935238616906450325923859036460624926305267613628703630146429024608945059317593952820540186246079215718465218929738748207243550423571028219901727848585066 0 0 0 0 0 0 0 0 0 0 0 0 0 0 0 0 0 0 0 0 0 0 0 0 0 0 0 0 0 0 0 1 0 0 0 0 0 0 0 0 0 0 0 0 0 0 0 0 0 0 0 0 0 0 0 0 0 0 0 0 0 0 0 0 0 0 0 0 0 0 0 0 0 0 0 0 0 0 0 0 0 0 0 0 0 0 0 0 0 0 0 0 0 0 0 0 0 0 0]
[5847210774499152309776974996549562958570708145150005801258715245456820218770294411411703368818348834435230442401064270249442345747732508216807009755107775463899794166970342746634235002430571773508527093109616401198141069881986467947514020021626592608147479706812698735252887001888278492373593710875183 0 0 0 0 0 0 0 0 0 0 0 0 0 0 0 0 0 0 0 0 0 0 0 0 0 0 0 0 0 0 0 0 1 0 0 0 0 0 0 0 0 0 0 0 0 0 0 0 0 0 0 0 0 0 0 0 0 0 0 0 0 0 0 0 0 0 0 0 0 0 0 0 0 0 0 0 0 0 0 0 0 0 0 0 0 0 0 0 0 0 0 0 0 0 0 0 0 0 0]
[238413821095272522702552119501340675406910884772595454481460997452343972962618904247100997829788438223521693325547800862109278939847401765693181115835840414978897536365528525600763847418024449583564358893526462692448524718489826659698839996535286541005293414982306793929599056291733334874500221617513 0 0 0 0 0 0 0 0 0 0 0 0 0 0 0 0 0 0 0 0 0 0 0 0 0 0 0 0 0 0 0 0 0 1 0 0 0 0 0 0 0 0 0 0 0 0 0 0 0 0 0 0 0 0 0 0 0 0 0 0 0 0 0 0 0 0 0 0 0 0 0 0 0 0 0 0 0 0 0 0 0 0 0 0 0 0 0 0 0 0 0 0 0 0 0 0 0 0 0]
[2221529690390145582852575367337949033665566302470813054150240737747535754968639640689855376871629179916051667001727289767718281583763918615359351832169986268125482695788446749562687000574051742800184551946752195701347891105885836131595380365963506629748876434880793361177282366374957507313789458768139 0 0 0 0 0 0 0 0 0 0 0 0 0 0 0 0 0 0 0 0 0 0 0 0 0 0 0 0 0 0 0 0 0 0 1 0 0 0 0 0 0 0 0 0 0 0 0 0 0 0 0 0 0 0 0 0 0 0 0 0 0 0 0 0 0 0 0 0 0 0 0 0 0 0 0 0 0 0 0 0 0 0 0 0 0 0 0 0 0 0 0 0 0 0 0 0 0 0 0]
[7721179415735910065277362711452777216127358108227100211865068877587746859962719237614370958057461619762464327527442847680419413812459932662642524606061973455022280198627959630880234782068763798640026858097972653672757219276551413332305519539436778460675802499582357447125547467410348227600437544201977 0 0 0 0 0 0 0 0 0 0 0 0 0 0 0 0 0 0 0 0 0 0 0 0 0 0 0 0 0 0 0 0 0 0 0 1 0 0 0 0 0 0 0 0 0 0 0 0 0 0 0 0 0 0 0 0 0 0 0 0 0 0 0 0 0 0 0 0 0 0 0 0 0 0 0 0 0 0 0 0 0 0 0 0 0 0 0 0 0 0 0 0 0 0 0 0 0 0 0]
[492048771274122380139499698793200430159111229211278618102994520377548397738951171976831850264329849224972201899743331379926224942720186470150461616161522050422722759970410620025332653376426581247712635497520110441937576876899348263380619510200048709087022385802154747720068307153538303610312447691420 0 0 0 0 0 0 0 0 0 0 0 0 0 0 0 0 0 0 0 0 0 0 0 0 0 0 0 0 0 0 0 0 0 0 0 0 1 0 0 0 0 0 0 0 0 0 0 0 0 0 0 0 0 0 0 0 0 0 0 0 0 0 0 0 0 0 0 0 0 0 0 0 0 0 0 0 0 0 0 0 0 0 0 0 0 0 0 0 0 0 0 0 0 0 0 0 0 0 0]
[9777801640773454631667704841101014020840313461022262782977883758009965374878410780329180073867751866915335616246906594045242520723291218127154865514729824526175287557362998847467863590905107283728226779860825390641609685009190355366031518029077109296114956477468343887784618280942897899727491353961205 0 0 0 0 0 0 0 0 0 0 0 0 0 0 0 0 0 0 0 0 0 0 0 0 0 0 0 0 0 0 0 0 0 0 0 0 0 1 0 0 0 0 0 0 0 0 0 0 0 0 0 0 0 0 0 0 0 0 0 0 0 0 0 0 0 0 0 0 0 0 0 0 0 0 0 0 0 0 0 0 0 0 0 0 0 0 0 0 0 0 0 0 0 0 0 0 0 0 0]
[5386505853177714113925380830352328831955136688865520398807608409729215512865368453780351730417938546509592275500295057707229092314208652180202423575166206017442938167992990485513977900447083865494543141054020807997302415589060510757577058959280903302081019764678764301821579759746337305545398214951776 0 0 0 0 0 0 0 0 0 0 0 0 0 0 0 0 0 0 0 0 0 0 0 0 0 0 0 0 0 0 0 0 0 0 0 0 0 0 1 0 0 0 0 0 0 0 0 0 0 0 0 0 0 0 0 0 0 0 0 0 0 0 0 0 0 0 0 0 0 0 0 0 0 0 0 0 0 0 0 0 0 0 0 0 0 0 0 0 0 0 0 0 0 0 0 0 0 0 0]
[7520103366523581077835636590320119484659648130259059485023089806236811538315059941388244154533227374878651144929861071245437627901846384419464331322246309680141268448855262687575195229710931734367294572023055647314065011714778451930158012617329152136869427680990597153984741882325762324189681189091593 0 0 0 0 0 0 0 0 0 0 0 0 0 0 0 0 0 0 0 0 0 0 0 0 0 0 0 0 0 0 0 0 0 0 0 0 0 0 0 1 0 0 0 0 0 0 0 0 0 0 0 0 0 0 0 0 0 0 0 0 0 0 0 0 0 0 0 0 0 0 0 0 0 0 0 0 0 0 0 0 0 0 0 0 0 0 0 0 0 0 0 0 0 0 0 0 0 0 0]
[5024449357335832766740978365930422697560125998614010431262363640633836572480903871164214436133349556243222821231856410743703010515333819704077210098264073119703336407818450735931538315803850266109413509066587071779021635663990328612621561305593021128748204180082245075321690106271962399971946660023934 0 0 0 0 0 0 0 0 0 0 0 0 0 0 0 0 0 0 0 0 0 0 0 0 0 0 0 0 0 0 0 0 0 0 0 0 0 0 0 0 1 0 0 0 0 0 0 0 0 0 0 0 0 0 0 0 0 0 0 0 0 0 0 0 0 0 0 0 0 0 0 0 0 0 0 0 0 0 0 0 0 0 0 0 0 0 0 0 0 0 0 0 0 0 0 0 0 0 0]
[2760426404218928078752626628961074531491239192941977316095870046605246040242203524391641654834086028319473274828199868353861255830206829731989928249300082570407540911941258187715302150449008588870336094525812997418740275936217647506534435555455008221610684735223528987149590687681784158670620541274929 0 0 0 0 0 0 0 0 0 0 0 0 0 0 0 0 0 0 0 0 0 0 0 0 0 0 0 0 0 0 0 0 0 0 0 0 0 0 0 0 0 1 0 0 0 0 0 0 0 0 0 0 0 0 0 0 0 0 0 0 0 0 0 0 0 0 0 0 0 0 0 0 0 0 0 0 0 0 0 0 0 0 0 0 0 0 0 0 0 0 0 0 0 0 0 0 0 0 0]
[4720000760058507046377778565069099916493991632832569789206430440406921191376565347946090562222480840554951850089581603500209734333908339057617560442261214355689206656230873720133208854778503127957729385355555589605031549500844246654145775131753091525578973439412048339345626030569622938814196819890592 0 0 0 0 0 0 0 0 0 0 0 0 0 0 0 0 0 0 0 0 0 0 0 0 0 0 0 0 0 0 0 0 0 0 0 0 0 0 0 0 0 0 1 0 0 0 0 0 0 0 0 0 0 0 0 0 0 0 0 0 0 0 0 0 0 0 0 0 0 0 0 0 0 0 0 0 0 0 0 0 0 0 0 0 0 0 0 0 0 0 0 0 0 0 0 0 0 0 0]
[3289842988717348793580106870076669028474820456759769858101894523383154503920405902895930070596746843454276269188045960618450603170628495070741631818436255129267844408413219007582312160735973175956918255544731427803362412621437936930098320691363052577252588807468221491383067629154751051009286289237880 0 0 0 0 0 0 0 0 0 0 0 0 0 0 0 0 0 0 0 0 0 0 0 0 0 0 0 0 0 0 0 0 0 0 0 0 0 0 0 0 0 0 0 1 0 0 0 0 0 0 0 0 0 0 0 0 0 0 0 0 0 0 0 0 0 0 0 0 0 0 0 0 0 0 0 0 0 0 0 0 0 0 0 0 0 0 0 0 0 0 0 0 0 0 0 0 0 0 0]
[834951762185543472831536838245852390307742262206453982241998788405057584586586315952193201714222085436792081930863698783991023837908245259976726512138672904514279123428250788607823601785753568408441596663509309215577986696432283516912171038815955042456533347609686551834658926959835885433143626249741 0 0 0 0 0 0 0 0 0 0 0 0 0 0 0 0 0 0 0 0 0 0 0 0 0 0 0 0 0 0 0 0 0 0 0 0 0 0 0 0 0 0 0 0 1 0 0 0 0 0 0 0 0 0 0 0 0 0 0 0 0 0 0 0 0 0 0 0 0 0 0 0 0 0 0 0 0 0 0 0 0 0 0 0 0 0 0 0 0 0 0 0 0 0 0 0 0 0 0]
[8826544753661908455255214895385178246518002883050449273728604620862705327241498102869964238979037682778825974097353926077783991895614150863849453718467040011764135050924679428783265858813163228463730673589024186844374916333202035580286182352262859405029528070933006435671797893466011433838775777465516 0 0 0 0 0 0 0 0 0 0 0 0 0 0 0 0 0 0 0 0 0 0 0 0 0 0 0 0 0 0 0 0 0 0 0 0 0 0 0 0 0 0 0 0 0 1 0 0 0 0 0 0 0 0 0 0 0 0 0 0 0 0 0 0 0 0 0 0 0 0 0 0 0 0 0 0 0 0 0 0 0 0 0 0 0 0 0 0 0 0 0 0 0 0 0 0 0 0 0]
[2656736582225740454510783950022029503924172385690061959998146117404578015149721736561336051820780068862831154493998124308684144098668903378363799822496868383729604474120058761268093661327063882136580374906849827973906796996934845991927979004446784923761981975653574067953847944669731349234949701030441 0 0 0 0 0 0 0 0 0 0 0 0 0 0 0 0 0 0 0 0 0 0 0 0 0 0 0 0 0 0 0 0 0 0 0 0 0 0 0 0 0 0 0 0 0 0 1 0 0 0 0 0 0 0 0 0 0 0 0 0 0 0 0 0 0 0 0 0 0 0 0 0 0 0 0 0 0 0 0 0 0 0 0 0 0 0 0 0 0 0 0 0 0 0 0 0 0 0 0]
[3450615235461388766990362868438335239992567328588738870080788970156015562633502173534211926300287855867408829080767627539707170596911590054297563203701362761244695896441183844657016029047528136008293646373287633277094198903481362013628899012148798713095504085871975787134993109596652836335708736703452 0 0 0 0 0 0 0 0 0 0 0 0 0 0 0 0 0 0 0 0 0 0 0 0 0 0 0 0 0 0 0 0 0 0 0 0 0 0 0 0 0 0 0 0 0 0 0 1 0 0 0 0 0 0 0 0 0 0 0 0 0 0 0 0 0 0 0 0 0 0 0 0 0 0 0 0 0 0 0 0 0 0 0 0 0 0 0 0 0 0 0 0 0 0 0 0 0 0 0]
[4102058773494547297435068232135277379802975498610628806164182855249536053259475402179269328152948746177372793644239953911261102619690677780868547148279387189952004686315109927529597796242381890161286631953712086970759207135070814314906881152708601643447490256224016890729207174232783222485159963232225 0 0 0 0 0 0 0 0 0 0 0 0 0 0 0 0 0 0 0 0 0 0 0 0 0 0 0 0 0 0 0 0 0 0 0 0 0 0 0 0 0 0 0 0 0 0 0 0 1 0 0 0 0 0 0 0 0 0 0 0 0 0 0 0 0 0 0 0 0 0 0 0 0 0 0 0 0 0 0 0 0 0 0 0 0 0 0 0 0 0 0 0 0 0 0 0 0 0 0]
[4540332626004707567215411889723520307753823325143446864277756354355413803447386131551002797060482845884524675596622138351256855581170476188194149901018589482284621954585074959574771923105018127540753687738160450728984166917964145688386096188301982392047869605558885854168542653390832302794205805285129 0 0 0 0 0 0 0 0 0 0 0 0 0 0 0 0 0 0 0 0 0 0 0 0 0 0 0 0 0 0 0 0 0 0 0 0 0 0 0 0 0 0 0 0 0 0 0 0 0 1 0 0 0 0 0 0 0 0 0 0 0 0 0 0 0 0 0 0 0 0 0 0 0 0 0 0 0 0 0 0 0 0 0 0 0 0 0 0 0 0 0 0 0 0 0 0 0 0 0]
[9399275770552073516931224767724365930295685689580306341040023053671872951001971569046735737374105313002397669880165533132632124561747142085979907029754415344140074528025408252401123055552093456312906743836017760602776774414003113891892053961309677384526867629488380029410165632296560500863228256795521 0 0 0 0 0 0 0 0 0 0 0 0 0 0 0 0 0 0 0 0 0 0 0 0 0 0 0 0 0 0 0 0 0 0 0 0 0 0 0 0 0 0 0 0 0 0 0 0 0 0 1 0 0 0 0 0 0 0 0 0 0 0 0 0 0 0 0 0 0 0 0 0 0 0 0 0 0 0 0 0 0 0 0 0 0 0 0 0 0 0 0 0 0 0 0 0 0 0 0]
[1115022153715953447279862786105871822910640809468369153135836268546509693213022866159381264510248997615404077775461364234893120653879094448435683926551363642391301673980721556769907988305822325693090454931075672580935796848163677639265886631209076027186551942701205059840754844050919306349173492952944 0 0 0 0 0 0 0 0 0 0 0 0 0 0 0 0 0 0 0 0 0 0 0 0 0 0 0 0 0 0 0 0 0 0 0 0 0 0 0 0 0 0 0 0 0 0 0 0 0 0 0 1 0 0 0 0 0 0 0 0 0 0 0 0 0 0 0 0 0 0 0 0 0 0 0 0 0 0 0 0 0 0 0 0 0 0 0 0 0 0 0 0 0 0 0 0 0 0 0]
[5193315124563770717017133668459427193189633466967141629373636638333967961877312860649001281925579207669339177922427227831398904344749965944537820039414868063991796309292337312067287618068304065154610066852125169809860798879755210114966866258209392868861485103199708575346811874479033160895584123225923 0 0 0 0 0 0 0 0 0 0 0 0 0 0 0 0 0 0 0 0 0 0 0 0 0 0 0 0 0 0 0 0 0 0 0 0 0 0 0 0 0 0 0 0 0 0 0 0 0 0 0 0 1 0 0 0 0 0 0 0 0 0 0 0 0 0 0 0 0 0 0 0 0 0 0 0 0 0 0 0 0 0 0 0 0 0 0 0 0 0 0 0 0 0 0 0 0 0 0]
[327228211306976759431039668520573222768542193012560548058535603078256988807348378789950227318203118470717593424235103079097689369677643613450291044707534986751074028758762512217368681004002320411154665513941164851945919192401354694125003020692417409023753410224455273919332926057079037698391413288753 0 0 0 0 0 0 0 0 0 0 0 0 0 0 0 0 0 0 0 0 0 0 0 0 0 0 0 0 0 0 0 0 0 0 0 0 0 0 0 0 0 0 0 0 0 0 0 0 0 0 0 0 0 1 0 0 0 0 0 0 0 0 0 0 0 0 0 0 0 0 0 0 0 0 0 0 0 0 0 0 0 0 0 0 0 0 0 0 0 0 0 0 0 0 0 0 0 0 0]
[1911444521084511166831313699089246775024577951282521209057113885913993703415142269681929037770587795107511480751941844373631797288353991105829776347630229165283377284871109427432190696625898107773982211889384262780273890360156852158220002997598914527718364641608680464078653391211660036161241365081144 0 0 0 0 0 0 0 0 0 0 0 0 0 0 0 0 0 0 0 0 0 0 0 0 0 0 0 0 0 0 0 0 0 0 0 0 0 0 0 0 0 0 0 0 0 0 0 0 0 0 0 0 0 0 1 0 0 0 0 0 0 0 0 0 0 0 0 0 0 0 0 0 0 0 0 0 0 0 0 0 0 0 0 0 0 0 0 0 0 0 0 0 0 0 0 0 0 0 0]
[5925079906483062762876803033430873487300435375789250265166844038221092491013026774421649184316625095696894167443932049613855386468170301630157031186126859129076995215568782660461012100319184035210322686012149953498296932851497162557834643977939126337406185108639583509251042492782956366320058806945456 0 0 0 0 0 0 0 0 0 0 0 0 0 0 0 0 0 0 0 0 0 0 0 0 0 0 0 0 0 0 0 0 0 0 0 0 0 0 0 0 0 0 0 0 0 0 0 0 0 0 0 0 0 0 0 1 0 0 0 0 0 0 0 0 0 0 0 0 0 0 0 0 0 0 0 0 0 0 0 0 0 0 0 0 0 0 0 0 0 0 0 0 0 0 0 0 0 0 0]
[7031947292300349345156822358396244714487327665648075707389119970353593342358853847599477356947662961670805951441781290152574353182684991786443588524089209908188498656460442931753573350629151356171543202046418551951832672562806153119204871342890677092174257837091464846387539280068981340970278703277606 0 0 0 0 0 0 0 0 0 0 0 0 0 0 0 0 0 0 0 0 0 0 0 0 0 0 0 0 0 0 0 0 0 0 0 0 0 0 0 0 0 0 0 0 0 0 0 0 0 0 0 0 0 0 0 0 1 0 0 0 0 0 0 0 0 0 0 0 0 0 0 0 0 0 0 0 0 0 0 0 0 0 0 0 0 0 0 0 0 0 0 0 0 0 0 0 0 0 0]
[1823798153856996751631749310379992060969367869387058023909954277819697987970103484237363086477454637209468786060071452959649180000531199408794001232786686228264305930198859152981327114129629279064705185919993908080882901040072676794941372893635511915545510116454739820505586305739821680893907438084354 0 0 0 0 0 0 0 0 0 0 0 0 0 0 0 0 0 0 0 0 0 0 0 0 0 0 0 0 0 0 0 0 0 0 0 0 0 0 0 0 0 0 0 0 0 0 0 0 0 0 0 0 0 0 0 0 0 1 0 0 0 0 0 0 0 0 0 0 0 0 0 0 0 0 0 0 0 0 0 0 0 0 0 0 0 0 0 0 0 0 0 0 0 0 0 0 0 0 0]
[5740319302723877569225696736956320012651707311399987909821350091831187277048498432744265896790796384246402334586835729593039855839718642348989487676712287542180621487233370969732403928535162643732677529497965431347857828483147047880453335397762879494990203015411245344699337396251893470056879645262996 0 0 0 0 0 0 0 0 0 0 0 0 0 0 0 0 0 0 0 0 0 0 0 0 0 0 0 0 0 0 0 0 0 0 0 0 0 0 0 0 0 0 0 0 0 0 0 0 0 0 0 0 0 0 0 0 0 0 1 0 0 0 0 0 0 0 0 0 0 0 0 0 0 0 0 0 0 0 0 0 0 0 0 0 0 0 0 0 0 0 0 0 0 0 0 0 0 0 0]
[1113364600851209465900434101499903485696394620687771085021015888265634511934551250869811831420589550298543397362318433091090960580758739919497325085088971152580368349020357938221432037545524537775501209467299998830686255929714101246090176948550701756800095758556976966231847232282816732714428519256014 0 0 0 0 0 0 0 0 0 0 0 0 0 0 0 0 0 0 0 0 0 0 0 0 0 0 0 0 0 0 0 0 0 0 0 0 0 0 0 0 0 0 0 0 0 0 0 0 0 0 0 0 0 0 0 0 0 0 0 1 0 0 0 0 0 0 0 0 0 0 0 0 0 0 0 0 0 0 0 0 0 0 0 0 0 0 0 0 0 0 0 0 0 0 0 0 0 0 0]
[2384395404013150964048026485895611179909626928107762067247473370310197886000794425599223377151701771253723116612219981389761574955381574080741547244921545995463850048845088819710093599960327529592779559453936858390353466635476632155560947996768624315418028625786217525957986444192535275054489386840263 0 0 0 0 0 0 0 0 0 0 0 0 0 0 0 0 0 0 0 0 0 0 0 0 0 0 0 0 0 0 0 0 0 0 0 0 0 0 0 0 0 0 0 0 0 0 0 0 0 0 0 0 0 0 0 0 0 0 0 0 1 0 0 0 0 0 0 0 0 0 0 0 0 0 0 0 0 0 0 0 0 0 0 0 0 0 0 0 0 0 0 0 0 0 0 0 0 0 0]
[1860443190671973274285943438342769752086362045292884816183046037204568122019146387348450991993624808869005465367123733462234438647658358788848810923319274905292006252783419439444263964085604674820229017501913564096082719641063896879158843517948684835622310390235074703684376534490745118650221450247392 0 0 0 0 0 0 0 0 0 0 0 0 0 0 0 0 0 0 0 0 0 0 0 0 0 0 0 0 0 0 0 0 0 0 0 0 0 0 0 0 0 0 0 0 0 0 0 0 0 0 0 0 0 0 0 0 0 0 0 0 0 1 0 0 0 0 0 0 0 0 0 0 0 0 0 0 0 0 0 0 0 0 0 0 0 0 0 0 0 0 0 0 0 0 0 0 0 0 0]
[6663460588244885503843434369428056941889615137594397599274354344802149002411382853679528237276145864540983626115462520246657210991895476844942259115404647942200947768861384720569355033534982146845617519341561708590835789735963737109527654508241240573943603123191492525194709420718481022762858256061536 0 0 0 0 0 0 0 0 0 0 0 0 0 0 0 0 0 0 0 0 0 0 0 0 0 0 0 0 0 0 0 0 0 0 0 0 0 0 0 0 0 0 0 0 0 0 0 0 0 0 0 0 0 0 0 0 0 0 0 0 0 0 1 0 0 0 0 0 0 0 0 0 0 0 0 0 0 0 0 0 0 0 0 0 0 0 0 0 0 0 0 0 0 0 0 0 0 0 0]
[2215044703456850409118626439246871979554200562263486785896946362251725105765713428376421589101849872298339813510277172729051489143369150642564355468296645026425905363583241066474276438417076158115216645455794410158976932177738129782149063733345342742355332899893821971343604090397038260367662327878656 0 0 0 0 0 0 0 0 0 0 0 0 0 0 0 0 0 0 0 0 0 0 0 0 0 0 0 0 0 0 0 0 0 0 0 0 0 0 0 0 0 0 0 0 0 0 0 0 0 0 0 0 0 0 0 0 0 0 0 0 0 0 0 1 0 0 0 0 0 0 0 0 0 0 0 0 0 0 0 0 0 0 0 0 0 0 0 0 0 0 0 0 0 0 0 0 0 0 0]
[6385441717659168774026273800587018820064147888118903454484530881177846847810956378802516427184675669940380197265099538830853999745220316346472413456766883681974432874034489734827931917623176938835420037007998137313202606054689932434015561569291418741980027614950322428421886470262822047211910073542054 0 0 0 0 0 0 0 0 0 0 0 0 0 0 0 0 0 0 0 0 0 0 0 0 0 0 0 0 0 0 0 0 0 0 0 0 0 0 0 0 0 0 0 0 0 0 0 0 0 0 0 0 0 0 0 0 0 0 0 0 0 0 0 0 1 0 0 0 0 0 0 0 0 0 0 0 0 0 0 0 0 0 0 0 0 0 0 0 0 0 0 0 0 0 0 0 0 0 0]
[6833785854898442166219223932404471349645619452034276989425245189489583759107208055563059844920800309601774164162042588614445113048639955647827617102220705984633312917246792401678483214866652596353771809139100822463229666704889960451784223512211583735233057874281121698442375707616185074144947800591548 0 0 0 0 0 0 0 0 0 0 0 0 0 0 0 0 0 0 0 0 0 0 0 0 0 0 0 0 0 0 0 0 0 0 0 0 0 0 0 0 0 0 0 0 0 0 0 0 0 0 0 0 0 0 0 0 0 0 0 0 0 0 0 0 0 1 0 0 0 0 0 0 0 0 0 0 0 0 0 0 0 0 0 0 0 0 0 0 0 0 0 0 0 0 0 0 0 0 0]
[3475685289555378121011313915783289519150006787646284031012324524248514359797906099245741207163090714714109459560300507813233568652288219235460391500701896360717109739398064595265055971717758814433138836144250784614853019122408357042189216819746361908180538116926682608018628576076165593531857884387770 0 0 0 0 0 0 0 0 0 0 0 0 0 0 0 0 0 0 0 0 0 0 0 0 0 0 0 0 0 0 0 0 0 0 0 0 0 0 0 0 0 0 0 0 0 0 0 0 0 0 0 0 0 0 0 0 0 0 0 0 0 0 0 0 0 0 1 0 0 0 0 0 0 0 0 0 0 0 0 0 0 0 0 0 0 0 0 0 0 0 0 0 0 0 0 0 0 0 0]
[5093919706600182910957801617715793183944600271261640957349302720455798899653937331753026640436455932579532387876889036635559338604970983884642829420530777197904739576451651051494975670656540543206827307443724217700300796145455042847148842716499939230225489587297322239193031355768947491253135583458491 0 0 0 0 0 0 0 0 0 0 0 0 0 0 0 0 0 0 0 0 0 0 0 0 0 0 0 0 0 0 0 0 0 0 0 0 0 0 0 0 0 0 0 0 0 0 0 0 0 0 0 0 0 0 0 0 0 0 0 0 0 0 0 0 0 0 0 1 0 0 0 0 0 0 0 0 0 0 0 0 0 0 0 0 0 0 0 0 0 0 0 0 0 0 0 0 0 0 0]
[2289168742126949495207844079237248327100772680554590677042301319192900850188047273721306428048568845810741793448497781899347891007355831835448445329415031304548018722289032435081893546807225469106993800277810595267059141038699320287503738429674700219012857691567148171168185972461192675677524111284007 0 0 0 0 0 0 0 0 0 0 0 0 0 0 0 0 0 0 0 0 0 0 0 0 0 0 0 0 0 0 0 0 0 0 0 0 0 0 0 0 0 0 0 0 0 0 0 0 0 0 0 0 0 0 0 0 0 0 0 0 0 0 0 0 0 0 0 0 1 0 0 0 0 0 0 0 0 0 0 0 0 0 0 0 0 0 0 0 0 0 0 0 0 0 0 0 0 0 0]
[1763058858259721498699499981082860012492077876733366242165958491832714880411292384004600122004204445055194932555365426523732689307809667449180806244654803073304419177797165851313362954119787892142888731044636204950722899888102764564565463554157782639093689044361345532756256417693409722206913199335408 0 0 0 0 0 0 0 0 0 0 0 0 0 0 0 0 0 0 0 0 0 0 0 0 0 0 0 0 0 0 0 0 0 0 0 0 0 0 0 0 0 0 0 0 0 0 0 0 0 0 0 0 0 0 0 0 0 0 0 0 0 0 0 0 0 0 0 0 0 1 0 0 0 0 0 0 0 0 0 0 0 0 0 0 0 0 0 0 0 0 0 0 0 0 0 0 0 0 0]
[697389092989432798984142777635948771271309135310975327166145695832144128956001299988726513713577002248719163730984723290852629482406932435457235832656296084443116391198610475993681408415963718466306894476131114302114660085429261005644033561223170430319574596364836824746037654607640460876066835014585 0 0 0 0 0 0 0 0 0 0 0 0 0 0 0 0 0 0 0 0 0 0 0 0 0 0 0 0 0 0 0 0 0 0 0 0 0 0 0 0 0 0 0 0 0 0 0 0 0 0 0 0 0 0 0 0 0 0 0 0 0 0 0 0 0 0 0 0 0 0 1 0 0 0 0 0 0 0 0 0 0 0 0 0 0 0 0 0 0 0 0 0 0 0 0 0 0 0 0]
[9657873383582240097829136850573367163926484316789046120334911870543565851326477239739617280779163830788386201164096962987374421302318780340961688249654351891862956517588776754728161099418034328792544228387000368921439373020382580356484372807980337966420154935622995204311515913912325301166456976881070 0 0 0 0 0 0 0 0 0 0 0 0 0 0 0 0 0 0 0 0 0 0 0 0 0 0 0 0 0 0 0 0 0 0 0 0 0 0 0 0 0 0 0 0 0 0 0 0 0 0 0 0 0 0 0 0 0 0 0 0 0 0 0 0 0 0 0 0 0 0 0 1 0 0 0 0 0 0 0 0 0 0 0 0 0 0 0 0 0 0 0 0 0 0 0 0 0 0 0]
[9719994630194900378279770704093081638264439414084235226421634810663192261578577002897298511829833411747098257874639211622957153937441196607371220520210013001999056724574135982954680420401216778025666690925083806776775315434880030980003910193437515942126036823082723034511868147942967444961511595852358 0 0 0 0 0 0 0 0 0 0 0 0 0 0 0 0 0 0 0 0 0 0 0 0 0 0 0 0 0 0 0 0 0 0 0 0 0 0 0 0 0 0 0 0 0 0 0 0 0 0 0 0 0 0 0 0 0 0 0 0 0 0 0 0 0 0 0 0 0 0 0 0 1 0 0 0 0 0 0 0 0 0 0 0 0 0 0 0 0 0 0 0 0 0 0 0 0 0 0]
[421274714679981460308122144985931687027141257509469081583271341112942922079492576629379007850017475643102182553554551310613086405081207505782445375235964037555472682844962941002435788616685775715827700787884117185795487790000909760961039742707180648976315472545316922929611843341826140673459190866393 0 0 0 0 0 0 0 0 0 0 0 0 0 0 0 0 0 0 0 0 0 0 0 0 0 0 0 0 0 0 0 0 0 0 0 0 0 0 0 0 0 0 0 0 0 0 0 0 0 0 0 0 0 0 0 0 0 0 0 0 0 0 0 0 0 0 0 0 0 0 0 0 0 1 0 0 0 0 0 0 0 0 0 0 0 0 0 0 0 0 0 0 0 0 0 0 0 0 0]
[6747929086916300778118499111860155338161208832699273327853801539458252608331352670148587179679371980936820391498121691785116923317974906183101803674414982858787702148566247707280072048724521096128542575083608180694996716884187282623887539531245852405221374465668851058723409877366821699958114403437012 0 0 0 0 0 0 0 0 0 0 0 0 0 0 0 0 0 0 0 0 0 0 0 0 0 0 0 0 0 0 0 0 0 0 0 0 0 0 0 0 0 0 0 0 0 0 0 0 0 0 0 0 0 0 0 0 0 0 0 0 0 0 0 0 0 0 0 0 0 0 0 0 0 0 1 0 0 0 0 0 0 0 0 0 0 0 0 0 0 0 0 0 0 0 0 0 0 0 0]
[1133217863020980601372919133525705399354883585593610081233559573885019787493433004788237898094592680992343998447006508466842899159225888096253461052470299138843438922994554264308293883231745713435825081679279000973685854165905547070546517694075492940352312961704218145342269696862497851931642905194697 0 0 0 0 0 0 0 0 0 0 0 0 0 0 0 0 0 0 0 0 0 0 0 0 0 0 0 0 0 0 0 0 0 0 0 0 0 0 0 0 0 0 0 0 0 0 0 0 0 0 0 0 0 0 0 0 0 0 0 0 0 0 0 0 0 0 0 0 0 0 0 0 0 0 0 1 0 0 0 0 0 0 0 0 0 0 0 0 0 0 0 0 0 0 0 0 0 0 0]
[432077764406844625975125296825170628206533246983759458772908173252361342900427457478079905285993421981530855626644848069717945685830295399388953185003969611393614631519796248767150222000772814427690779814793891505628000231080865915932904923095400348733684082606606560073292790225165106933844344488382 0 0 0 0 0 0 0 0 0 0 0 0 0 0 0 0 0 0 0 0 0 0 0 0 0 0 0 0 0 0 0 0 0 0 0 0 0 0 0 0 0 0 0 0 0 0 0 0 0 0 0 0 0 0 0 0 0 0 0 0 0 0 0 0 0 0 0 0 0 0 0 0 0 0 0 0 1 0 0 0 0 0 0 0 0 0 0 0 0 0 0 0 0 0 0 0 0 0 0]
[6623498622813660201356152632369586366964719723434549926384332194384641412764819251604357878828865678938917649367281023736573142502779546208248831823837916036915110091321852264212441841610972473977594759769098265624948530663056574305674079464810796096372005711711567614091756694064300954948805534151061 0 0 0 0 0 0 0 0 0 0 0 0 0 0 0 0 0 0 0 0 0 0 0 0 0 0 0 0 0 0 0 0 0 0 0 0 0 0 0 0 0 0 0 0 0 0 0 0 0 0 0 0 0 0 0 0 0 0 0 0 0 0 0 0 0 0 0 0 0 0 0 0 0 0 0 0 0 1 0 0 0 0 0 0 0 0 0 0 0 0 0 0 0 0 0 0 0 0 0]
[3842744311229660246494364203235947889066512495556320244368984862936789155266078466431293212098281093692026068859753402180064635481885422037722231921111277620538862531781518770777662447429096773216466468633024346403142204678409659429194537124162036028000942461360693042314499268424586901594653834493163 0 0 0 0 0 0 0 0 0 0 0 0 0 0 0 0 0 0 0 0 0 0 0 0 0 0 0 0 0 0 0 0 0 0 0 0 0 0 0 0 0 0 0 0 0 0 0 0 0 0 0 0 0 0 0 0 0 0 0 0 0 0 0 0 0 0 0 0 0 0 0 0 0 0 0 0 0 0 1 0 0 0 0 0 0 0 0 0 0 0 0 0 0 0 0 0 0 0 0]
[6341583752733491358145242316339299197159218513392121811902625011772064232077119349880561603805106520861173769453728699582168817570976591349961899828510343384534008949415606572340654200948091026626653869855374716599880750128369680788351474661976785127997843191653691124939193448665532719359671181844223 0 0 0 0 0 0 0 0 0 0 0 0 0 0 0 0 0 0 0 0 0 0 0 0 0 0 0 0 0 0 0 0 0 0 0 0 0 0 0 0 0 0 0 0 0 0 0 0 0 0 0 0 0 0 0 0 0 0 0 0 0 0 0 0 0 0 0 0 0 0 0 0 0 0 0 0 0 0 0 1 0 0 0 0 0 0 0 0 0 0 0 0 0 0 0 0 0 0 0]
[9886870742892239941193050551744652600254248494898893553437705088799873927031042004881213758552927734083317839212266356765075097343145986700536511993575438300966309334114689406177786940990384076109508607725512162171438780660722956566126921720571036149859420973083484167979125413264229378025516577670692 0 0 0 0 0 0 0 0 0 0 0 0 0 0 0 0 0 0 0 0 0 0 0 0 0 0 0 0 0 0 0 0 0 0 0 0 0 0 0 0 0 0 0 0 0 0 0 0 0 0 0 0 0 0 0 0 0 0 0 0 0 0 0 0 0 0 0 0 0 0 0 0 0 0 0 0 0 0 0 0 1 0 0 0 0 0 0 0 0 0 0 0 0 0 0 0 0 0 0]
[6908250913185234631565382265093115480568825136520552980313930570709615812703662101773838409336825762270746442493780851720571805775582502791331593469567919195241779313897011488889698382928167668476151350918649813191760646110029245673500778586325194775844294213464314842658937281452130633017793033138700 0 0 0 0 0 0 0 0 0 0 0 0 0 0 0 0 0 0 0 0 0 0 0 0 0 0 0 0 0 0 0 0 0 0 0 0 0 0 0 0 0 0 0 0 0 0 0 0 0 0 0 0 0 0 0 0 0 0 0 0 0 0 0 0 0 0 0 0 0 0 0 0 0 0 0 0 0 0 0 0 0 1 0 0 0 0 0 0 0 0 0 0 0 0 0 0 0 0 0]
[970035385165200693436461767426447718156028246205892965533811568696512320710100335289452029835992335710895492235688211072294348514202248858417514171424992829426236877133594890307454926872571975150665012679800399360044463900369042304031304084808488071754297490119725612072693789665413918724410807569300 0 0 0 0 0 0 0 0 0 0 0 0 0 0 0 0 0 0 0 0 0 0 0 0 0 0 0 0 0 0 0 0 0 0 0 0 0 0 0 0 0 0 0 0 0 0 0 0 0 0 0 0 0 0 0 0 0 0 0 0 0 0 0 0 0 0 0 0 0 0 0 0 0 0 0 0 0 0 0 0 0 0 1 0 0 0 0 0 0 0 0 0 0 0 0 0 0 0 0]
[3800037883360145100826570989778754422758295988192995990173092804451039304481768751823876039462330371356267174326628434952647609372386330744566895218431032157859014968730602464034022811899836613681885845927449236513277344827351164741845192273946102447365254429059887913663327583238294733303959309066506 0 0 0 0 0 0 0 0 0 0 0 0 0 0 0 0 0 0 0 0 0 0 0 0 0 0 0 0 0 0 0 0 0 0 0 0 0 0 0 0 0 0 0 0 0 0 0 0 0 0 0 0 0 0 0 0 0 0 0 0 0 0 0 0 0 0 0 0 0 0 0 0 0 0 0 0 0 0 0 0 0 0 0 1 0 0 0 0 0 0 0 0 0 0 0 0 0 0 0]
[4905840169771406037337549716345984588378915772161518463489933095504412024691618585343283058943737746403385847617195894349379810226749030439292908161719639156662314327611178804751825690282641476111590584694329816702041344575337957283794121465207577734396026870457477032025657561410974862132220033342546 0 0 0 0 0 0 0 0 0 0 0 0 0 0 0 0 0 0 0 0 0 0 0 0 0 0 0 0 0 0 0 0 0 0 0 0 0 0 0 0 0 0 0 0 0 0 0 0 0 0 0 0 0 0 0 0 0 0 0 0 0 0 0 0 0 0 0 0 0 0 0 0 0 0 0 0 0 0 0 0 0 0 0 0 1 0 0 0 0 0 0 0 0 0 0 0 0 0 0]
[7349991362973065714878841431938185447628133920938552214174978768498171878371713998453915299583924624438211360958430623648907586494105637540014221141955396707575313615389414969765233197168286718984619551873361325516429185267727334053784599436016549859456983357114468094891453859243347693448482245514014 0 0 0 0 0 0 0 0 0 0 0 0 0 0 0 0 0 0 0 0 0 0 0 0 0 0 0 0 0 0 0 0 0 0 0 0 0 0 0 0 0 0 0 0 0 0 0 0 0 0 0 0 0 0 0 0 0 0 0 0 0 0 0 0 0 0 0 0 0 0 0 0 0 0 0 0 0 0 0 0 0 0 0 0 0 1 0 0 0 0 0 0 0 0 0 0 0 0 0]
[6817058300685750976414738107125248698437940754027801828241587544350154670265429091400630077261809336200200458135411485521350295992366971777559293082815432392531813205190822197611593192827945192454519091001595874459430971966778959461293313512625331082579405212432406703202676160456708256900258481409357 0 0 0 0 0 0 0 0 0 0 0 0 0 0 0 0 0 0 0 0 0 0 0 0 0 0 0 0 0 0 0 0 0 0 0 0 0 0 0 0 0 0 0 0 0 0 0 0 0 0 0 0 0 0 0 0 0 0 0 0 0 0 0 0 0 0 0 0 0 0 0 0 0 0 0 0 0 0 0 0 0 0 0 0 0 0 1 0 0 0 0 0 0 0 0 0 0 0 0]
[1078083067633661168676341940054368980047024184373672249344518684859550131299719938286407829835178246715734966663357707044869704028905567377591523347535560365409807134929692609519772601471615744669316374553991748263556594775060998664098036424784805587577631245468832466323223530272465693338713097187256 0 0 0 0 0 0 0 0 0 0 0 0 0 0 0 0 0 0 0 0 0 0 0 0 0 0 0 0 0 0 0 0 0 0 0 0 0 0 0 0 0 0 0 0 0 0 0 0 0 0 0 0 0 0 0 0 0 0 0 0 0 0 0 0 0 0 0 0 0 0 0 0 0 0 0 0 0 0 0 0 0 0 0 0 0 0 0 1 0 0 0 0 0 0 0 0 0 0 0]
[9739599925704183852357487333547863354985522720251057125773502908956115762251084338082496724720987801022914330141510082697940060020236554832739308908325443370963312914194329844664875194453777262009543093821914148824969537380900110038561096889701144766956514373865726177749471910281423427777997683039829 0 0 0 0 0 0 0 0 0 0 0 0 0 0 0 0 0 0 0 0 0 0 0 0 0 0 0 0 0 0 0 0 0 0 0 0 0 0 0 0 0 0 0 0 0 0 0 0 0 0 0 0 0 0 0 0 0 0 0 0 0 0 0 0 0 0 0 0 0 0 0 0 0 0 0 0 0 0 0 0 0 0 0 0 0 0 0 0 1 0 0 0 0 0 0 0 0 0 0]
[546196228526819369058754774027283425571362024753834471614588580839541289931800182962758542032029601966873044080340860646338490309577935313850023661722794350214790900417762321648295803575792853902886483015744726060914395212863917537939553925623895525677764000127793239245491705599567509481712795617709 0 0 0 0 0 0 0 0 0 0 0 0 0 0 0 0 0 0 0 0 0 0 0 0 0 0 0 0 0 0 0 0 0 0 0 0 0 0 0 0 0 0 0 0 0 0 0 0 0 0 0 0 0 0 0 0 0 0 0 0 0 0 0 0 0 0 0 0 0 0 0 0 0 0 0 0 0 0 0 0 0 0 0 0 0 0 0 0 0 1 0 0 0 0 0 0 0 0 0]
[3880488486066890993253700431217954666457357973960823085559790420441286687962466475843047816696015911765303404674203937355375153867690615515540521900155242900790273057457691091462035870574136356529133412363928413920743137734807478711951640349912516721899866028323947021240405232216090602296227449953212 0 0 0 0 0 0 0 0 0 0 0 0 0 0 0 0 0 0 0 0 0 0 0 0 0 0 0 0 0 0 0 0 0 0 0 0 0 0 0 0 0 0 0 0 0 0 0 0 0 0 0 0 0 0 0 0 0 0 0 0 0 0 0 0 0 0 0 0 0 0 0 0 0 0 0 0 0 0 0 0 0 0 0 0 0 0 0 0 0 0 1 0 0 0 0 0 0 0 0]
[3353739126175404190865665099463980055202077883642705873961205567474793649442953030370776409118092454143183940912554061923167523974857455639960617927103155997056186677484896211292259704741385221271849992060377282565105433974949447079393016738202277590601550202333236328913109760373744917340136369081951 0 0 0 0 0 0 0 0 0 0 0 0 0 0 0 0 0 0 0 0 0 0 0 0 0 0 0 0 0 0 0 0 0 0 0 0 0 0 0 0 0 0 0 0 0 0 0 0 0 0 0 0 0 0 0 0 0 0 0 0 0 0 0 0 0 0 0 0 0 0 0 0 0 0 0 0 0 0 0 0 0 0 0 0 0 0 0 0 0 0 0 1 0 0 0 0 0 0 0]
[4355036949291116700451216096195321675065325639502644827726101335898679819812539596726545361466557867827007233247201308782965750556939794114316051174370509476790932580478343743322480468154197890635985132515279174948490981273450377570301732834633442710735093827537656274716235161275234870239713775551657 0 0 0 0 0 0 0 0 0 0 0 0 0 0 0 0 0 0 0 0 0 0 0 0 0 0 0 0 0 0 0 0 0 0 0 0 0 0 0 0 0 0 0 0 0 0 0 0 0 0 0 0 0 0 0 0 0 0 0 0 0 0 0 0 0 0 0 0 0 0 0 0 0 0 0 0 0 0 0 0 0 0 0 0 0 0 0 0 0 0 0 0 1 0 0 0 0 0 0]
[872722999344367275118769336863406836923272226703603562885564578492965730359846655838399424452385475579133280054572012742965414250440802053148812250702114374031300605694089581503078646788708140247228797325499003186539365405553956586977160934413925218057590859766667394195933381030974412356842513132431 0 0 0 0 0 0 0 0 0 0 0 0 0 0 0 0 0 0 0 0 0 0 0 0 0 0 0 0 0 0 0 0 0 0 0 0 0 0 0 0 0 0 0 0 0 0 0 0 0 0 0 0 0 0 0 0 0 0 0 0 0 0 0 0 0 0 0 0 0 0 0 0 0 0 0 0 0 0 0 0 0 0 0 0 0 0 0 0 0 0 0 0 0 1 0 0 0 0 0]
[3677827507967742417651766579589571610427726314702350223951329970195822903312808399419237738858471053224875990725698427732124064503186760408255381856532052977809528423542632540780250829823848665838010357720664899896407593192211209131530626546848615534148139626675714577557063129272550246976701825706843 0 0 0 0 0 0 0 0 0 0 0 0 0 0 0 0 0 0 0 0 0 0 0 0 0 0 0 0 0 0 0 0 0 0 0 0 0 0 0 0 0 0 0 0 0 0 0 0 0 0 0 0 0 0 0 0 0 0 0 0 0 0 0 0 0 0 0 0 0 0 0 0 0 0 0 0 0 0 0 0 0 0 0 0 0 0 0 0 0 0 0 0 0 0 1 0 0 0 0]
[9618635127976406076468478159019976889425584123520324091381526149165891428786854657058798571983628772204232789055593037855383395489127413330895645899588802908999302546003092363131523459451518296018326283576298707530534091906250211409255175937088735185622352299669907402781785631308176275932975242228217 0 0 0 0 0 0 0 0 0 0 0 0 0 0 0 0 0 0 0 0 0 0 0 0 0 0 0 0 0 0 0 0 0 0 0 0 0 0 0 0 0 0 0 0 0 0 0 0 0 0 0 0 0 0 0 0 0 0 0 0 0 0 0 0 0 0 0 0 0 0 0 0 0 0 0 0 0 0 0 0 0 0 0 0 0 0 0 0 0 0 0 0 0 0 0 1 0 0 0]
[772412761619721203644143230871607008214345152553287325744342159755352350989472673600059223700260097561333824161869788334748901646148364354449219270093713378776593271772993545571728269310177004641468121806449878468180428994024333826292149429863667724083056893408624992488241294069149579175252354827315 0 0 0 0 0 0 0 0 0 0 0 0 0 0 0 0 0 0 0 0 0 0 0 0 0 0 0 0 0 0 0 0 0 0 0 0 0 0 0 0 0 0 0 0 0 0 0 0 0 0 0 0 0 0 0 0 0 0 0 0 0 0 0 0 0 0 0 0 0 0 0 0 0 0 0 0 0 0 0 0 0 0 0 0 0 0 0 0 0 0 0 0 0 0 0 0 1 0 0]
[5126515861903803607210784669862956505564998905403523039243823890765581295678000041705136985923264047531158427400112099779647283936611306886637546169050916723966928494770298521455303746830810205767494467170739113143510128687101694438631506322584120933334474868518893020792886100846439352300486326054453 0 0 0 0 0 0 0 0 0 0 0 0 0 0 0 0 0 0 0 0 0 0 0 0 0 0 0 0 0 0 0 0 0 0 0 0 0 0 0 0 0 0 0 0 0 0 0 0 0 0 0 0 0 0 0 0 0 0 0 0 0 0 0 0 0 0 0 0 0 0 0 0 0 0 0 0 0 0 0 0 0 0 0 0 0 0 0 0 0 0 0 0 0 0 0 0 0 1 0]
[1775975084487388690094221050374847445890407076257863773053258119699790225453109199583925425012364674581297105433586132209505658277863142822683225294702318197485637797236945688866452935069603897302199700992407724695490199810013108242639930577672095643217109460584490770558954305338906673192310485897930 0 0 0 0 0 0 0 0 0 0 0 0 0 0 0 0 0 0 0 0 0 0 0 0 0 0 0 0 0 0 0 0 0 0 0 0 0 0 0 0 0 0 0 0 0 0 0 0 0 0 0 0 0 0 0 0 0 0 0 0 0 0 0 0 0 0 0 0 0 0 0 0 0 0 0 0 0 0 0 0 0 0 0 0 0 0 0 0 0 0 0 0 0 0 0 0 0 0 1]
]
