[[6565146167760380056869097394359877524278579544788558164366778960254303345054438315645520400391475090549370002505775076500773853282252352286741292102961788398043589176386418648798664363055704819547752654741593458743067834497833156769980764751 0 0 0 0 0 0 0 0 0 0 0 0 0 0 0 0 0 0 0 0 0 0 0 0 0 0 0 0 0 0 0 0 0 0 0 0 0 0 0 0 0 0 0 0 0 0 0 0 0 0 0 0 0 0 0 0 0 0 0 0 0 0 0 0 0 0 0 0 0 0 0 0 0 0 0 0 0 0 0]
[2715761984871419230490360697129415781024622876318161079738408541474061827402341292706471840148929919915233227458097331904879873496478614605650455118946794039889632116631508467791588531563944260511587932104801382574884954141029333565323038157 1 0 0 0 0 0 0 0 0 0 0 0 0 0 0 0 0 0 0 0 0 0 0 0 0 0 0 0 0 0 0 0 0 0 0 0 0 0 0 0 0 0 0 0 0 0 0 0 0 0 0 0 0 0 0 0 0 0 0 0 0 0 0 0 0 0 0 0 0 0 0 0 0 0 0 0 0 0 0]
[618552584531438464328607776840369720732998311873655073615253012233736118351678800501802318334904931403319246199426785229406085650503751513013156815106095119252783883749074260622577296796620389258619796697243872717501046352506636221382648040 0 1 0 0 0 0 0 0 0 0 0 0 0 0 0 0 0 0 0 0 0 0 0 0 0 0 0 0 0 0 0 0 0 0 0 0 0 0 0 0 0 0 0 0 0 0 0 0 0 0 0 0 0 0 0 0 0 0 0 0 0 0 0 0 0 0 0 0 0 0 0 0 0 0 0 0 0 0 0]
[5086591563283973960232369295932456657099122244797396952396704445669456767848987032060295188254740163103248028633555394045824369304902363081652726655956753073730547485175563466940502056374690519710361801867177574312929198404587329615313111109 0 0 1 0 0 0 0 0 0 0 0 0 0 0 0 0 0 0 0 0 0 0 0 0 0 0 0 0 0 0 0 0 0 0 0 0 0 0 0 0 0 0 0 0 0 0 0 0 0 0 0 0 0 0 0 0 0 0 0 0 0 0 0 0 0 0 0 0 0 0 0 0 0 0 0 0 0 0 0]
[4996105602522052860280343659999262445932547624202716937503041148053585853537387357237913675958264926932463517724744840761110890471613616067976588335584520554770547065979933815698456686249908500487601190223506097734216251453736628847671868537 0 0 0 1 0 0 0 0 0 0 0 0 0 0 0 0 0 0 0 0 0 0 0 0 0 0 0 0 0 0 0 0 0 0 0 0 0 0 0 0 0 0 0 0 0 0 0 0 0 0 0 0 0 0 0 0 0 0 0 0 0 0 0 0 0 0 0 0 0 0 0 0 0 0 0 0 0 0 0]
[523331598121015728308622401404782424366106896097772110499857239227802941484767696330357760743645783458817997187651773319707519626020193468458106581939191503027903447910250022570237119569071640864198343056587019296910172136661240731295568600 0 0 0 0 1 0 0 0 0 0 0 0 0 0 0 0 0 0 0 0 0 0 0 0 0 0 0 0 0 0 0 0 0 0 0 0 0 0 0 0 0 0 0 0 0 0 0 0 0 0 0 0 0 0 0 0 0 0 0 0 0 0 0 0 0 0 0 0 0 0 0 0 0 0 0 0 0 0 0]
[5307552728915670942455093697621360596822714245115369813666698510847355125113618019209835310483936590975555672714048251489188803938134737981442502007713594160124681872954363501633062039135213109447390221372339360279277153821017279649488258174 0 0 0 0 0 1 0 0 0 0 0 0 0 0 0 0 0 0 0 0 0 0 0 0 0 0 0 0 0 0 0 0 0 0 0 0 0 0 0 0 0 0 0 0 0 0 0 0 0 0 0 0 0 0 0 0 0 0 0 0 0 0 0 0 0 0 0 0 0 0 0 0 0 0 0 0 0 0 0]
[1026943074367662396958243436721819352553623450435260186277296912045747867945946570272206436682366457494123946988920381748047885866763561649922283351668983486198313919286211974822143702328885098552996020447091869967223139328726651938712516475 0 0 0 0 0 0 1 0 0 0 0 0 0 0 0 0 0 0 0 0 0 0 0 0 0 0 0 0 0 0 0 0 0 0 0 0 0 0 0 0 0 0 0 0 0 0 0 0 0 0 0 0 0 0 0 0 0 0 0 0 0 0 0 0 0 0 0 0 0 0 0 0 0 0 0 0 0 0 0]
[5126906746562521884785704383732557511619840732666628414634649296502797291807554289793800879026142110044251752516495213630674759193563543315581876413420722949685104149697317198806309639336944722738196704035566801737489254730433722753248770911 0 0 0 0 0 0 0 1 0 0 0 0 0 0 0 0 0 0 0 0 0 0 0 0 0 0 0 0 0 0 0 0 0 0 0 0 0 0 0 0 0 0 0 0 0 0 0 0 0 0 0 0 0 0 0 0 0 0 0 0 0 0 0 0 0 0 0 0 0 0 0 0 0 0 0 0 0 0 0]
[45251919494652323207640844409713594881958618941786521798333660184540243228419250022156633736743495448297599384974655272099386857984619848686424979116540587444123232164302021744761340149301270979608046337490759779200393869718593137471346337 0 0 0 0 0 0 0 0 1 0 0 0 0 0 0 0 0 0 0 0 0 0 0 0 0 0 0 0 0 0 0 0 0 0 0 0 0 0 0 0 0 0 0 0 0 0 0 0 0 0 0 0 0 0 0 0 0 0 0 0 0 0 0 0 0 0 0 0 0 0 0 0 0 0 0 0 0 0 0]
[4086797492853877160998069027351230623183536365828549957934335131799269929623040280133532748120769065911598354371798543875487802391664854875272524707541110877046504401652894930637791275976688912477233517829992756202059249090184846574140101302 0 0 0 0 0 0 0 0 0 1 0 0 0 0 0 0 0 0 0 0 0 0 0 0 0 0 0 0 0 0 0 0 0 0 0 0 0 0 0 0 0 0 0 0 0 0 0 0 0 0 0 0 0 0 0 0 0 0 0 0 0 0 0 0 0 0 0 0 0 0 0 0 0 0 0 0 0 0 0]
[4018252934442726796687317964709929807965216260917600514648890649432063024186124076552592911835446395271256853922129048781284637179382670451499932476606514346641665332073541471224138776683997138114155645325639509503234480941796602554125882986 0 0 0 0 0 0 0 0 0 0 1 0 0 0 0 0 0 0 0 0 0 0 0 0 0 0 0 0 0 0 0 0 0 0 0 0 0 0 0 0 0 0 0 0 0 0 0 0 0 0 0 0 0 0 0 0 0 0 0 0 0 0 0 0 0 0 0 0 0 0 0 0 0 0 0 0 0 0 0]
[6285586396696520423909091933228886187714410542383226157873005173723742247318408866946128777329207191508013559046652716847484994053093754861547871619305251214429747288410424793102191515141853318596190744335272728276520347032730598767214000937 0 0 0 0 0 0 0 0 0 0 0 1 0 0 0 0 0 0 0 0 0 0 0 0 0 0 0 0 0 0 0 0 0 0 0 0 0 0 0 0 0 0 0 0 0 0 0 0 0 0 0 0 0 0 0 0 0 0 0 0 0 0 0 0 0 0 0 0 0 0 0 0 0 0 0 0 0 0 0]
[2903629040115051305839693719735803307235506017743012298020493394175015291211466933543851690412844912928105946269645797494895369917608676732301472177904032426262995631424763485023939869460287628789306156202437552128390015701477098259514949570 0 0 0 0 0 0 0 0 0 0 0 0 1 0 0 0 0 0 0 0 0 0 0 0 0 0 0 0 0 0 0 0 0 0 0 0 0 0 0 0 0 0 0 0 0 0 0 0 0 0 0 0 0 0 0 0 0 0 0 0 0 0 0 0 0 0 0 0 0 0 0 0 0 0 0 0 0 0 0]
[4518670380538486305371216679851967789372843892149787086626214363732876524015296265781878559820103531899428251927488067509335461394996876304355303930323079654367058223449765060683238196315856537165640445226234228128760279594415052025570053086 0 0 0 0 0 0 0 0 0 0 0 0 0 1 0 0 0 0 0 0 0 0 0 0 0 0 0 0 0 0 0 0 0 0 0 0 0 0 0 0 0 0 0 0 0 0 0 0 0 0 0 0 0 0 0 0 0 0 0 0 0 0 0 0 0 0 0 0 0 0 0 0 0 0 0 0 0 0 0]
[4237998939314299017525251509437003318207632217695123685608374595896847453769404407278907766881305529208449124696460852260046844488154873387004705277659050257336947037753649003378492516899077902774023377390458798375854716214498521303776909088 0 0 0 0 0 0 0 0 0 0 0 0 0 0 1 0 0 0 0 0 0 0 0 0 0 0 0 0 0 0 0 0 0 0 0 0 0 0 0 0 0 0 0 0 0 0 0 0 0 0 0 0 0 0 0 0 0 0 0 0 0 0 0 0 0 0 0 0 0 0 0 0 0 0 0 0 0 0 0]
[4706331363391652440213388663681013330739184950335834357008669362263671327902200638047795235875894063787089840358450499883028866557012683565736970913800236536398641001137092400968297694383056788329937757040303009352161203623643977410343183133 0 0 0 0 0 0 0 0 0 0 0 0 0 0 0 1 0 0 0 0 0 0 0 0 0 0 0 0 0 0 0 0 0 0 0 0 0 0 0 0 0 0 0 0 0 0 0 0 0 0 0 0 0 0 0 0 0 0 0 0 0 0 0 0 0 0 0 0 0 0 0 0 0 0 0 0 0 0 0]
[3717832411935099280399546076140123877753165213536569128510503109567254001711716289524697735361881333899855872082797602062055118915747428216647065905658153910569635940663916690188884049635275382216257512389941373028536778979608374906836189398 0 0 0 0 0 0 0 0 0 0 0 0 0 0 0 0 1 0 0 0 0 0 0 0 0 0 0 0 0 0 0 0 0 0 0 0 0 0 0 0 0 0 0 0 0 0 0 0 0 0 0 0 0 0 0 0 0 0 0 0 0 0 0 0 0 0 0 0 0 0 0 0 0 0 0 0 0 0 0]
[5956384943355543627903143866288701666546002130728133094987386351595217847994596060996778106444149868081931686063621889167087666179626664805835139601967340371968414398565669444975720738638947521184344875936395479502763523590350935854244471214 0 0 0 0 0 0 0 0 0 0 0 0 0 0 0 0 0 1 0 0 0 0 0 0 0 0 0 0 0 0 0 0 0 0 0 0 0 0 0 0 0 0 0 0 0 0 0 0 0 0 0 0 0 0 0 0 0 0 0 0 0 0 0 0 0 0 0 0 0 0 0 0 0 0 0 0 0 0 0]
[2028818386249705863700069161929071348616067707746185399830885345897515227609332876550530857090342794602762202926746004904367410126525663405349514220846221026791403679740360502833731845533288011082191581868570492923482454964716577206042644517 0 0 0 0 0 0 0 0 0 0 0 0 0 0 0 0 0 0 1 0 0 0 0 0 0 0 0 0 0 0 0 0 0 0 0 0 0 0 0 0 0 0 0 0 0 0 0 0 0 0 0 0 0 0 0 0 0 0 0 0 0 0 0 0 0 0 0 0 0 0 0 0 0 0 0 0 0 0 0]
[1668605089958914189674475022087040055971347841325571154669226345049114933639019704892744338269375642274477396387096981796699057867279429185196531022522725787650812847455864112145832452454811213394071382153896350465506286261698205447094424112 0 0 0 0 0 0 0 0 0 0 0 0 0 0 0 0 0 0 0 1 0 0 0 0 0 0 0 0 0 0 0 0 0 0 0 0 0 0 0 0 0 0 0 0 0 0 0 0 0 0 0 0 0 0 0 0 0 0 0 0 0 0 0 0 0 0 0 0 0 0 0 0 0 0 0 0 0 0 0]
[6447430867946730260209890963962356210352356677662516054125791006755324358954384930629285539013630925891139214173236099795326364514315940230942119375020362347817826009971704846178398032349683287597369343633590611953950510335624163087164365267 0 0 0 0 0 0 0 0 0 0 0 0 0 0 0 0 0 0 0 0 1 0 0 0 0 0 0 0 0 0 0 0 0 0 0 0 0 0 0 0 0 0 0 0 0 0 0 0 0 0 0 0 0 0 0 0 0 0 0 0 0 0 0 0 0 0 0 0 0 0 0 0 0 0 0 0 0 0 0]
[6397987409016256493231564393183133238704533154859407199354726380166686498550846850508034896203955857832206866165818991770624406203875875129331325732710063570829028038103972123356591898776609938776077111374956020015957551266094101054708828602 0 0 0 0 0 0 0 0 0 0 0 0 0 0 0 0 0 0 0 0 0 1 0 0 0 0 0 0 0 0 0 0 0 0 0 0 0 0 0 0 0 0 0 0 0 0 0 0 0 0 0 0 0 0 0 0 0 0 0 0 0 0 0 0 0 0 0 0 0 0 0 0 0 0 0 0 0 0 0]
[386639160544762024325534543192471332636402788568021940823897782553992119650621688575759699241837489315416181541452649823810275496045416210032511935881061141547878371444813807329740148818095673536891694385394031876945335626101586755987564067 0 0 0 0 0 0 0 0 0 0 0 0 0 0 0 0 0 0 0 0 0 0 1 0 0 0 0 0 0 0 0 0 0 0 0 0 0 0 0 0 0 0 0 0 0 0 0 0 0 0 0 0 0 0 0 0 0 0 0 0 0 0 0 0 0 0 0 0 0 0 0 0 0 0 0 0 0 0 0]
[452577471473667026291475131312026411483472778763581675781259809660848668971792591083564977670062076996674438998501367435126017217063019757740672292641413957361857739492253886010102383127550756547529815750224671931286703897946699935089957627 0 0 0 0 0 0 0 0 0 0 0 0 0 0 0 0 0 0 0 0 0 0 0 1 0 0 0 0 0 0 0 0 0 0 0 0 0 0 0 0 0 0 0 0 0 0 0 0 0 0 0 0 0 0 0 0 0 0 0 0 0 0 0 0 0 0 0 0 0 0 0 0 0 0 0 0 0 0 0]
[818021912705866138375725589990138002641025574174015583416089391311818020417888802234875861027064736686365154704794136769042060008492587119746915674543088467236147067466409569500813603360224927597291455345279776451730542317231905753069478798 0 0 0 0 0 0 0 0 0 0 0 0 0 0 0 0 0 0 0 0 0 0 0 0 1 0 0 0 0 0 0 0 0 0 0 0 0 0 0 0 0 0 0 0 0 0 0 0 0 0 0 0 0 0 0 0 0 0 0 0 0 0 0 0 0 0 0 0 0 0 0 0 0 0 0 0 0 0 0]
[3458264137356109714829723380437326379219762469948315407517484999387355051954685680124351974472137066042684587961572586498275452792131404591864514164700188102440256176813651121580954652051743236556758135336240550727635448470775217569742107853 0 0 0 0 0 0 0 0 0 0 0 0 0 0 0 0 0 0 0 0 0 0 0 0 0 1 0 0 0 0 0 0 0 0 0 0 0 0 0 0 0 0 0 0 0 0 0 0 0 0 0 0 0 0 0 0 0 0 0 0 0 0 0 0 0 0 0 0 0 0 0 0 0 0 0 0 0 0 0]
[5307914007584712653443501868569936138543143054246846549070857016508104306904542394499098059119610095780526816393299007163909968778231973936421628134908772727788658777526827071592382032728013438276642193338818170496061512509534799344989349946 0 0 0 0 0 0 0 0 0 0 0 0 0 0 0 0 0 0 0 0 0 0 0 0 0 0 1 0 0 0 0 0 0 0 0 0 0 0 0 0 0 0 0 0 0 0 0 0 0 0 0 0 0 0 0 0 0 0 0 0 0 0 0 0 0 0 0 0 0 0 0 0 0 0 0 0 0 0 0]
[4743481279175561991638896585492071767593873900708235782778283084486316058132756356773450681418309212468299925014704946486565432942832583421686976152818361587239671639850941390065824393416671427379046259951419490537452072711593625565299426659 0 0 0 0 0 0 0 0 0 0 0 0 0 0 0 0 0 0 0 0 0 0 0 0 0 0 0 1 0 0 0 0 0 0 0 0 0 0 0 0 0 0 0 0 0 0 0 0 0 0 0 0 0 0 0 0 0 0 0 0 0 0 0 0 0 0 0 0 0 0 0 0 0 0 0 0 0 0 0]
[4927276202099862062688488324188148155553002585720888123562278350831359264379158133822991413708920155892423185812730648296683311979475249001043262669322155193651724486328465055058342179348117201222064653311224701034648965483799128246864049126 0 0 0 0 0 0 0 0 0 0 0 0 0 0 0 0 0 0 0 0 0 0 0 0 0 0 0 0 1 0 0 0 0 0 0 0 0 0 0 0 0 0 0 0 0 0 0 0 0 0 0 0 0 0 0 0 0 0 0 0 0 0 0 0 0 0 0 0 0 0 0 0 0 0 0 0 0 0 0]
[3976422692247833787965121631370313097304834324082937993479095041123750746452298988120355025757991334834520408820340680163986093008528733401787297749326987594696091679769934696278908095204757229867193814247465442984053537915729518067364817882 0 0 0 0 0 0 0 0 0 0 0 0 0 0 0 0 0 0 0 0 0 0 0 0 0 0 0 0 0 1 0 0 0 0 0 0 0 0 0 0 0 0 0 0 0 0 0 0 0 0 0 0 0 0 0 0 0 0 0 0 0 0 0 0 0 0 0 0 0 0 0 0 0 0 0 0 0 0 0]
[4155927662421330644234988835407704017965428980008475905850275596740026004428318638306019159719841144050327725044907233822141232280256886208927461879362704562026186107126728616390993066332028392195294419120064099207500412725007800685587123912 0 0 0 0 0 0 0 0 0 0 0 0 0 0 0 0 0 0 0 0 0 0 0 0 0 0 0 0 0 0 1 0 0 0 0 0 0 0 0 0 0 0 0 0 0 0 0 0 0 0 0 0 0 0 0 0 0 0 0 0 0 0 0 0 0 0 0 0 0 0 0 0 0 0 0 0 0 0 0]
[3540258048110750412596396944609611304500956745059745638469724094951936334398135007475396654019329117983122139149785010635387350554573460777114052774497579416621714778637252641428209699616726593857112482047536050036424774032549163317597996421 0 0 0 0 0 0 0 0 0 0 0 0 0 0 0 0 0 0 0 0 0 0 0 0 0 0 0 0 0 0 0 1 0 0 0 0 0 0 0 0 0 0 0 0 0 0 0 0 0 0 0 0 0 0 0 0 0 0 0 0 0 0 0 0 0 0 0 0 0 0 0 0 0 0 0 0 0 0 0]
[4240604954855850487995319785745977701687690585705677755316890338585019404187738957334943310438516360895674999542138822500833077053132888283635471068149744653894753923294094542883465486825217323616287324776966484806523485349610097060627620345 0 0 0 0 0 0 0 0 0 0 0 0 0 0 0 0 0 0 0 0 0 0 0 0 0 0 0 0 0 0 0 0 1 0 0 0 0 0 0 0 0 0 0 0 0 0 0 0 0 0 0 0 0 0 0 0 0 0 0 0 0 0 0 0 0 0 0 0 0 0 0 0 0 0 0 0 0 0 0]
[3405571201696900148507163503344992655981461103530211823049089720043751937086064025637486554692634503614872980385667902278381315880801618817607593310586579971468812097945664356195019037688934522684232091683916095485054060794791045748754437015 0 0 0 0 0 0 0 0 0 0 0 0 0 0 0 0 0 0 0 0 0 0 0 0 0 0 0 0 0 0 0 0 0 1 0 0 0 0 0 0 0 0 0 0 0 0 0 0 0 0 0 0 0 0 0 0 0 0 0 0 0 0 0 0 0 0 0 0 0 0 0 0 0 0 0 0 0 0 0]
[4471880638155804749834996485406956585266126612298836904903531437605888351895552047079820266076102951610459079031154721831121557428387719642110418564756580837457679011321580529942883920558576478030557115288586606705957103620484062578851428738 0 0 0 0 0 0 0 0 0 0 0 0 0 0 0 0 0 0 0 0 0 0 0 0 0 0 0 0 0 0 0 0 0 0 1 0 0 0 0 0 0 0 0 0 0 0 0 0 0 0 0 0 0 0 0 0 0 0 0 0 0 0 0 0 0 0 0 0 0 0 0 0 0 0 0 0 0 0 0]
[6277507148530632298117590394279560718274322210475716799034441657786848931365228823870953122921174880160905320139124702051822737165787249076963417578417569812403145312253920415957586650390475424634466017112752404235802480920685223468820193534 0 0 0 0 0 0 0 0 0 0 0 0 0 0 0 0 0 0 0 0 0 0 0 0 0 0 0 0 0 0 0 0 0 0 0 1 0 0 0 0 0 0 0 0 0 0 0 0 0 0 0 0 0 0 0 0 0 0 0 0 0 0 0 0 0 0 0 0 0 0 0 0 0 0 0 0 0 0 0]
[1289776306762599025270124473299430256833125845109923592666458424304467780372693730109154792350628061237633598311275685049128768947846588435146925769067963100297977202209164152556638731235778387844858924543492909144115044564539422305496296385 0 0 0 0 0 0 0 0 0 0 0 0 0 0 0 0 0 0 0 0 0 0 0 0 0 0 0 0 0 0 0 0 0 0 0 0 1 0 0 0 0 0 0 0 0 0 0 0 0 0 0 0 0 0 0 0 0 0 0 0 0 0 0 0 0 0 0 0 0 0 0 0 0 0 0 0 0 0 0]
[48348203120948229144337176441711619439665318136872215827279615135099129367390889291934150875174799662728016344395615712657398940603507839836779582505909028276513178406590862165412235809908705190751967158757072084557544291999287366302181995 0 0 0 0 0 0 0 0 0 0 0 0 0 0 0 0 0 0 0 0 0 0 0 0 0 0 0 0 0 0 0 0 0 0 0 0 0 1 0 0 0 0 0 0 0 0 0 0 0 0 0 0 0 0 0 0 0 0 0 0 0 0 0 0 0 0 0 0 0 0 0 0 0 0 0 0 0 0 0]
[5705744025853356035750649390672887150071968831299591388713958128351999952383186873835076533128100105457461813453392305137675882224569706124021395202794819013784911816849280794312914977648388296054597564164560283096098576954907996267787200634 0 0 0 0 0 0 0 0 0 0 0 0 0 0 0 0 0 0 0 0 0 0 0 0 0 0 0 0 0 0 0 0 0 0 0 0 0 0 1 0 0 0 0 0 0 0 0 0 0 0 0 0 0 0 0 0 0 0 0 0 0 0 0 0 0 0 0 0 0 0 0 0 0 0 0 0 0 0 0]
[5560702141022901006196333557651294759910458878000343696938432581202282044104169751161137602010934633504474599790902203705148240782627385724694686878643074972896003319507275239378931314914017969177703501074714764890550349752862434746658139686 0 0 0 0 0 0 0 0 0 0 0 0 0 0 0 0 0 0 0 0 0 0 0 0 0 0 0 0 0 0 0 0 0 0 0 0 0 0 0 1 0 0 0 0 0 0 0 0 0 0 0 0 0 0 0 0 0 0 0 0 0 0 0 0 0 0 0 0 0 0 0 0 0 0 0 0 0 0 0]
[5617052642426600606208499491132457515089760214636670751073044017279122341478811291933117744872869617349734045064439603789391907743575249110116012197642878031740903880669995456018981708538856745335936488331231019027751478844264072198131444994 0 0 0 0 0 0 0 0 0 0 0 0 0 0 0 0 0 0 0 0 0 0 0 0 0 0 0 0 0 0 0 0 0 0 0 0 0 0 0 0 1 0 0 0 0 0 0 0 0 0 0 0 0 0 0 0 0 0 0 0 0 0 0 0 0 0 0 0 0 0 0 0 0 0 0 0 0 0 0]
[2898191320146458200610913191078135683794132985905559166320018936611290184957067275767221501535254733183558105274111003581529175828176791470266151607226352889573359909193005433545722956684892675329420432029515209755262878125121346280227399774 0 0 0 0 0 0 0 0 0 0 0 0 0 0 0 0 0 0 0 0 0 0 0 0 0 0 0 0 0 0 0 0 0 0 0 0 0 0 0 0 0 1 0 0 0 0 0 0 0 0 0 0 0 0 0 0 0 0 0 0 0 0 0 0 0 0 0 0 0 0 0 0 0 0 0 0 0 0 0]
[4887371925785085240320680418929857924239911747700022068991859747769563421740860323289418096570390727429001126319593839777367341011774582435064915677673021989463316181544313960002011717587178760017936946089772033462432947623786900828286617398 0 0 0 0 0 0 0 0 0 0 0 0 0 0 0 0 0 0 0 0 0 0 0 0 0 0 0 0 0 0 0 0 0 0 0 0 0 0 0 0 0 0 1 0 0 0 0 0 0 0 0 0 0 0 0 0 0 0 0 0 0 0 0 0 0 0 0 0 0 0 0 0 0 0 0 0 0 0 0]
[1917420506671358219277540925019803910702482079546031743075748328383277995312582928555485160400490119641307240764005205903716395042865996889067025922993658405145275730667337110202218376595938137957915305829868859846297528835247568979167752052 0 0 0 0 0 0 0 0 0 0 0 0 0 0 0 0 0 0 0 0 0 0 0 0 0 0 0 0 0 0 0 0 0 0 0 0 0 0 0 0 0 0 0 1 0 0 0 0 0 0 0 0 0 0 0 0 0 0 0 0 0 0 0 0 0 0 0 0 0 0 0 0 0 0 0 0 0 0 0]
[3360087078913470408952177825579147398845776053181695107171912825262957347241760853353027556754570821629585994207430407144309920308840114591050304325116655906160005400610039764878886313301642014965558322019624169921966421457841739793803705933 0 0 0 0 0 0 0 0 0 0 0 0 0 0 0 0 0 0 0 0 0 0 0 0 0 0 0 0 0 0 0 0 0 0 0 0 0 0 0 0 0 0 0 0 1 0 0 0 0 0 0 0 0 0 0 0 0 0 0 0 0 0 0 0 0 0 0 0 0 0 0 0 0 0 0 0 0 0 0]
[5268018981540554198456107823548108745928492052319187022894686052147028157657683748557127398117410412295083178355522124773725935148011534268722888987484424631004768502405669672446994876295330385492273074455433848366303730514783067851637090400 0 0 0 0 0 0 0 0 0 0 0 0 0 0 0 0 0 0 0 0 0 0 0 0 0 0 0 0 0 0 0 0 0 0 0 0 0 0 0 0 0 0 0 0 0 1 0 0 0 0 0 0 0 0 0 0 0 0 0 0 0 0 0 0 0 0 0 0 0 0 0 0 0 0 0 0 0 0 0]
[315177422511221045927315327672071932192015467573532104666590938634021834525296368561191852347719872582961155049545787709568537842307435549102111420278050832311606728209732253838099087066919096220833280087733042065116512959699030395756070189 0 0 0 0 0 0 0 0 0 0 0 0 0 0 0 0 0 0 0 0 0 0 0 0 0 0 0 0 0 0 0 0 0 0 0 0 0 0 0 0 0 0 0 0 0 0 1 0 0 0 0 0 0 0 0 0 0 0 0 0 0 0 0 0 0 0 0 0 0 0 0 0 0 0 0 0 0 0 0]
[4919945901844366843309374970201052252552471476686412133728377188556362418065387614375245880022452234425848416609443773929024596381752622297615946646179997414293997091883080927026147611640963173785715751858126974778205784002962887873222555714 0 0 0 0 0 0 0 0 0 0 0 0 0 0 0 0 0 0 0 0 0 0 0 0 0 0 0 0 0 0 0 0 0 0 0 0 0 0 0 0 0 0 0 0 0 0 0 1 0 0 0 0 0 0 0 0 0 0 0 0 0 0 0 0 0 0 0 0 0 0 0 0 0 0 0 0 0 0 0]
[4845547579686113150430823368806593500710120290503340434003180465290402668531682548471568792893637540424978213301091167778177353261880322132231352178572443429656050434767726225112302825419467401265446221422830591260427329749379317536598075050 0 0 0 0 0 0 0 0 0 0 0 0 0 0 0 0 0 0 0 0 0 0 0 0 0 0 0 0 0 0 0 0 0 0 0 0 0 0 0 0 0 0 0 0 0 0 0 0 1 0 0 0 0 0 0 0 0 0 0 0 0 0 0 0 0 0 0 0 0 0 0 0 0 0 0 0 0 0 0]
[5490024303133269020750335390852826648345724362073819499637012239944225161729595468828757043028614136219520793637555121804398725407034725664485955957130468277857050459567853469059423324201739920218016507882262662585784041335368453942049373261 0 0 0 0 0 0 0 0 0 0 0 0 0 0 0 0 0 0 0 0 0 0 0 0 0 0 0 0 0 0 0 0 0 0 0 0 0 0 0 0 0 0 0 0 0 0 0 0 0 1 0 0 0 0 0 0 0 0 0 0 0 0 0 0 0 0 0 0 0 0 0 0 0 0 0 0 0 0 0]
[1807811549223249938964320945113342485433190427691921832101035673148046713928060931578594789427175882774699849199289426382021318271844153823023526966713442624330171606921280665418031769111915573519912519005126655603933308106199674572518916434 0 0 0 0 0 0 0 0 0 0 0 0 0 0 0 0 0 0 0 0 0 0 0 0 0 0 0 0 0 0 0 0 0 0 0 0 0 0 0 0 0 0 0 0 0 0 0 0 0 0 1 0 0 0 0 0 0 0 0 0 0 0 0 0 0 0 0 0 0 0 0 0 0 0 0 0 0 0 0]
[6286603498847723743136775129041934023284541942088066775367745710711603025793205066208186085540139869242045319665338458221232325003367827234868887122651936364355301280826096823211037062440971341500657750390408771519661151912348321860344309611 0 0 0 0 0 0 0 0 0 0 0 0 0 0 0 0 0 0 0 0 0 0 0 0 0 0 0 0 0 0 0 0 0 0 0 0 0 0 0 0 0 0 0 0 0 0 0 0 0 0 0 1 0 0 0 0 0 0 0 0 0 0 0 0 0 0 0 0 0 0 0 0 0 0 0 0 0 0 0]
[3478073072222461526596029594725263004166893392988726922936212139157265416734018401914656803129462538820258139015184988616854816308888648844191862515783881095655577089728856689305965711680255730951056489048988788592385293393412153686504977838 0 0 0 0 0 0 0 0 0 0 0 0 0 0 0 0 0 0 0 0 0 0 0 0 0 0 0 0 0 0 0 0 0 0 0 0 0 0 0 0 0 0 0 0 0 0 0 0 0 0 0 0 1 0 0 0 0 0 0 0 0 0 0 0 0 0 0 0 0 0 0 0 0 0 0 0 0 0 0]
[5341194224545999790471244413900257540403543226745493550882561863723308920719899895659182028675080369962353613884271916825624620358607441283340671979218539979212236895853996955209741988577775045269809725309971913112169787021304206740340329105 0 0 0 0 0 0 0 0 0 0 0 0 0 0 0 0 0 0 0 0 0 0 0 0 0 0 0 0 0 0 0 0 0 0 0 0 0 0 0 0 0 0 0 0 0 0 0 0 0 0 0 0 0 1 0 0 0 0 0 0 0 0 0 0 0 0 0 0 0 0 0 0 0 0 0 0 0 0 0]
[4821583069566045582841560634301924056902552721168855904884878007401716174936474328199974685786054405733561335788388345044138946023996198010944867831685835511731995926450197639311324627236772074589423603405798344154914532956918501856229207146 0 0 0 0 0 0 0 0 0 0 0 0 0 0 0 0 0 0 0 0 0 0 0 0 0 0 0 0 0 0 0 0 0 0 0 0 0 0 0 0 0 0 0 0 0 0 0 0 0 0 0 0 0 0 1 0 0 0 0 0 0 0 0 0 0 0 0 0 0 0 0 0 0 0 0 0 0 0 0]
[6525541165206763625471664411908742349136896651965012081311788210560866675665202901232966974588776326852357465375992369046802776813622377703275493925418596238928248113779134237855081573903838480221430303076892236692535488233924322665529289292 0 0 0 0 0 0 0 0 0 0 0 0 0 0 0 0 0 0 0 0 0 0 0 0 0 0 0 0 0 0 0 0 0 0 0 0 0 0 0 0 0 0 0 0 0 0 0 0 0 0 0 0 0 0 0 1 0 0 0 0 0 0 0 0 0 0 0 0 0 0 0 0 0 0 0 0 0 0 0]
[1032863989448937082324312651554609070143687944323545315796629127664515578933525644950214478934488798503755794127456621293857322373035743662965134162941619511530218398614431868490964479545415726111396404674490315896367833757590087574487662780 0 0 0 0 0 0 0 0 0 0 0 0 0 0 0 0 0 0 0 0 0 0 0 0 0 0 0 0 0 0 0 0 0 0 0 0 0 0 0 0 0 0 0 0 0 0 0 0 0 0 0 0 0 0 0 0 1 0 0 0 0 0 0 0 0 0 0 0 0 0 0 0 0 0 0 0 0 0 0]
[2277435699549299423097487688151260975550989261951168999551653674831713631369108124534625847753178849940976939625356814856528603593128607072095647845342139002871562425888812134736313587518102265817111415484394291047483231996032677995730516862 0 0 0 0 0 0 0 0 0 0 0 0 0 0 0 0 0 0 0 0 0 0 0 0 0 0 0 0 0 0 0 0 0 0 0 0 0 0 0 0 0 0 0 0 0 0 0 0 0 0 0 0 0 0 0 0 0 1 0 0 0 0 0 0 0 0 0 0 0 0 0 0 0 0 0 0 0 0 0]
[374687692984190712800639167257232779032617031096885443381234931077160597299358370027400370532692588096265544440342692988096081990317676564941765719047342177716436062155694931557525228197691559621995225664954381574019248223361839317082106296 0 0 0 0 0 0 0 0 0 0 0 0 0 0 0 0 0 0 0 0 0 0 0 0 0 0 0 0 0 0 0 0 0 0 0 0 0 0 0 0 0 0 0 0 0 0 0 0 0 0 0 0 0 0 0 0 0 0 1 0 0 0 0 0 0 0 0 0 0 0 0 0 0 0 0 0 0 0 0]
[3892649854524708314030769969854481895459603004756434908239382044700013610689996332181086282595459481873470319125145089057226869260588095267857539052242145574343606255722204793446574431879810440042250357149116302614944575006252843994466631157 0 0 0 0 0 0 0 0 0 0 0 0 0 0 0 0 0 0 0 0 0 0 0 0 0 0 0 0 0 0 0 0 0 0 0 0 0 0 0 0 0 0 0 0 0 0 0 0 0 0 0 0 0 0 0 0 0 0 0 1 0 0 0 0 0 0 0 0 0 0 0 0 0 0 0 0 0 0 0]
[5247130199497424424986018772440143809864272713056641814867499602879396193421553400134270098359301361559708411284220363951333510786328717378654209939906579958410065936395010067024776142153569892736999629130246595434310756647916096769201539183 0 0 0 0 0 0 0 0 0 0 0 0 0 0 0 0 0 0 0 0 0 0 0 0 0 0 0 0 0 0 0 0 0 0 0 0 0 0 0 0 0 0 0 0 0 0 0 0 0 0 0 0 0 0 0 0 0 0 0 0 1 0 0 0 0 0 0 0 0 0 0 0 0 0 0 0 0 0 0]
[3566986552015744138556289606416759070852836245300319048171997654312787013657446097697861648714396403078287963577641136939387290831152133299692534779761363399592670154252184307752054046040388201301736693206683396010199730371904339910237626772 0 0 0 0 0 0 0 0 0 0 0 0 0 0 0 0 0 0 0 0 0 0 0 0 0 0 0 0 0 0 0 0 0 0 0 0 0 0 0 0 0 0 0 0 0 0 0 0 0 0 0 0 0 0 0 0 0 0 0 0 0 1 0 0 0 0 0 0 0 0 0 0 0 0 0 0 0 0 0]
[5631608663344561368465155587632508372236427132804985440226552702077863023069270902622657445759377823629222689729777762842040927662590219801473817251910980530610747264376781247523092990447046829818245522159937318221567740825658218789114496138 0 0 0 0 0 0 0 0 0 0 0 0 0 0 0 0 0 0 0 0 0 0 0 0 0 0 0 0 0 0 0 0 0 0 0 0 0 0 0 0 0 0 0 0 0 0 0 0 0 0 0 0 0 0 0 0 0 0 0 0 0 0 1 0 0 0 0 0 0 0 0 0 0 0 0 0 0 0 0]
[5821389717770061968010407999649787534223627852765384323562831347535931020452866729270039498310861784899862257400165464012996693707977263891117212278939872434648805192885519564138488838567781472008436989640598604468698598538071673792364240174 0 0 0 0 0 0 0 0 0 0 0 0 0 0 0 0 0 0 0 0 0 0 0 0 0 0 0 0 0 0 0 0 0 0 0 0 0 0 0 0 0 0 0 0 0 0 0 0 0 0 0 0 0 0 0 0 0 0 0 0 0 0 0 1 0 0 0 0 0 0 0 0 0 0 0 0 0 0 0]
[1918479444227517029478261873681698806112360044572118089235170517678848512446609828134690017412726252612169202217583895182111973332357618464394511645748809070625206116487858066893381614540029237933178895426675164540576995336386699316739441921 0 0 0 0 0 0 0 0 0 0 0 0 0 0 0 0 0 0 0 0 0 0 0 0 0 0 0 0 0 0 0 0 0 0 0 0 0 0 0 0 0 0 0 0 0 0 0 0 0 0 0 0 0 0 0 0 0 0 0 0 0 0 0 0 1 0 0 0 0 0 0 0 0 0 0 0 0 0 0]
[2805869838596352926314841487277178617713611660234365499519704626582311434047534459851718414874371685279073542665156132361758028078951955330854419072885291696273144562168524442095882897935209373863618514366253742654783118067599338832290314890 0 0 0 0 0 0 0 0 0 0 0 0 0 0 0 0 0 0 0 0 0 0 0 0 0 0 0 0 0 0 0 0 0 0 0 0 0 0 0 0 0 0 0 0 0 0 0 0 0 0 0 0 0 0 0 0 0 0 0 0 0 0 0 0 0 1 0 0 0 0 0 0 0 0 0 0 0 0 0]
[3859965043714552296300982257570260754592534811533184346100050716530362985815483505418596131739933734047879803324871178665650564794884782397200850462600888573272546162838905303899461110454027994964438190433681702070110360807714529965325782832 0 0 0 0 0 0 0 0 0 0 0 0 0 0 0 0 0 0 0 0 0 0 0 0 0 0 0 0 0 0 0 0 0 0 0 0 0 0 0 0 0 0 0 0 0 0 0 0 0 0 0 0 0 0 0 0 0 0 0 0 0 0 0 0 0 0 1 0 0 0 0 0 0 0 0 0 0 0 0]
[4678591369756107822197408112513537527744532444764641681421550430672545681088972162768723868333219431325854713040354035661885107200872720316369779705124911829602591523101031180446476950745779519634419469925869990212001795996812585181672555256 0 0 0 0 0 0 0 0 0 0 0 0 0 0 0 0 0 0 0 0 0 0 0 0 0 0 0 0 0 0 0 0 0 0 0 0 0 0 0 0 0 0 0 0 0 0 0 0 0 0 0 0 0 0 0 0 0 0 0 0 0 0 0 0 0 0 0 1 0 0 0 0 0 0 0 0 0 0 0]
[3974037452602738276592297756050016059128525855610175690175078003462032785396990735022840498527738634623026235302967519522347872000748734463777853084734065770490393236512069917893536665791371643909485833257131112092797654641977036942083229472 0 0 0 0 0 0 0 0 0 0 0 0 0 0 0 0 0 0 0 0 0 0 0 0 0 0 0 0 0 0 0 0 0 0 0 0 0 0 0 0 0 0 0 0 0 0 0 0 0 0 0 0 0 0 0 0 0 0 0 0 0 0 0 0 0 0 0 0 1 0 0 0 0 0 0 0 0 0 0]
[1746757188515072187583681567717312892583686363583961374433118141993527185849247177390677210334372664871691476490272271288725744436084977785520245365438818370995081140337643917669231015796667535531120131064425934971618167214226433384982628862 0 0 0 0 0 0 0 0 0 0 0 0 0 0 0 0 0 0 0 0 0 0 0 0 0 0 0 0 0 0 0 0 0 0 0 0 0 0 0 0 0 0 0 0 0 0 0 0 0 0 0 0 0 0 0 0 0 0 0 0 0 0 0 0 0 0 0 0 0 1 0 0 0 0 0 0 0 0 0]
[298086053256563008274378915361335664349989050452008202906497619938963419345356618670105374674603995420211844644122198205574174005640836771697001145874207473106495624928226385397142515591068815836698895842895930352735259874626443686237716162 0 0 0 0 0 0 0 0 0 0 0 0 0 0 0 0 0 0 0 0 0 0 0 0 0 0 0 0 0 0 0 0 0 0 0 0 0 0 0 0 0 0 0 0 0 0 0 0 0 0 0 0 0 0 0 0 0 0 0 0 0 0 0 0 0 0 0 0 0 0 1 0 0 0 0 0 0 0 0]
[4802525139936879482087612535744866307625491519809404255247822553541111109151654461100837084847672493148683717825480833529891736228482188146321200511858246407362508012813304836674824599373967752507411066047020999079851135312410178209779897503 0 0 0 0 0 0 0 0 0 0 0 0 0 0 0 0 0 0 0 0 0 0 0 0 0 0 0 0 0 0 0 0 0 0 0 0 0 0 0 0 0 0 0 0 0 0 0 0 0 0 0 0 0 0 0 0 0 0 0 0 0 0 0 0 0 0 0 0 0 0 0 1 0 0 0 0 0 0 0]
[4250032242974202876199656611402855733310804022583146228113957475827176910178421284898628579738168113211063893009363074924119634302051642975314492371398285731412735960025234544131425292597172329173623001764270518747472413927095986462770456445 0 0 0 0 0 0 0 0 0 0 0 0 0 0 0 0 0 0 0 0 0 0 0 0 0 0 0 0 0 0 0 0 0 0 0 0 0 0 0 0 0 0 0 0 0 0 0 0 0 0 0 0 0 0 0 0 0 0 0 0 0 0 0 0 0 0 0 0 0 0 0 0 1 0 0 0 0 0 0]
[3666318363750327342076853905237525017220051497648013274294279843913082762564333195223585436477517118537159605054292693857380758858746308953218146456415829721968626370644729231706294003856607144102814781597609076096195531845473032337634182654 0 0 0 0 0 0 0 0 0 0 0 0 0 0 0 0 0 0 0 0 0 0 0 0 0 0 0 0 0 0 0 0 0 0 0 0 0 0 0 0 0 0 0 0 0 0 0 0 0 0 0 0 0 0 0 0 0 0 0 0 0 0 0 0 0 0 0 0 0 0 0 0 0 1 0 0 0 0 0]
[3618323569006257810188962447252014144626794334415197575258733333824730884283886033928384922488243681988547004518945924773972921926549974416365331504869108356004765489452898394517460932466216581997061702503331062199135153546721000590270657212 0 0 0 0 0 0 0 0 0 0 0 0 0 0 0 0 0 0 0 0 0 0 0 0 0 0 0 0 0 0 0 0 0 0 0 0 0 0 0 0 0 0 0 0 0 0 0 0 0 0 0 0 0 0 0 0 0 0 0 0 0 0 0 0 0 0 0 0 0 0 0 0 0 0 1 0 0 0 0]
[1442229853434571600897154107043294737886918666997678062001971224147328657649900598445241658979478451392126050476502010503061165207730563069360335675683544202971621894144141594932811616929879485669591138565422797466930674393585698554059617996 0 0 0 0 0 0 0 0 0 0 0 0 0 0 0 0 0 0 0 0 0 0 0 0 0 0 0 0 0 0 0 0 0 0 0 0 0 0 0 0 0 0 0 0 0 0 0 0 0 0 0 0 0 0 0 0 0 0 0 0 0 0 0 0 0 0 0 0 0 0 0 0 0 0 0 1 0 0 0]
[2563107898990497104818971413412390730264747385533680972032898242233055749469300482438098169727601698595109075095173647307041006042796685192841677955498009665548893458661966214505583426037182832963925561608386269393785574276789618031283702688 0 0 0 0 0 0 0 0 0 0 0 0 0 0 0 0 0 0 0 0 0 0 0 0 0 0 0 0 0 0 0 0 0 0 0 0 0 0 0 0 0 0 0 0 0 0 0 0 0 0 0 0 0 0 0 0 0 0 0 0 0 0 0 0 0 0 0 0 0 0 0 0 0 0 0 0 1 0 0]
[4444199043104781031005039929380140196050465837201802255293517158269294273278999914685510170232295581964643074202601942116681329100659264984729674721476808944174864237070759511542091663745455963755246325847730876732533090057039190059712565973 0 0 0 0 0 0 0 0 0 0 0 0 0 0 0 0 0 0 0 0 0 0 0 0 0 0 0 0 0 0 0 0 0 0 0 0 0 0 0 0 0 0 0 0 0 0 0 0 0 0 0 0 0 0 0 0 0 0 0 0 0 0 0 0 0 0 0 0 0 0 0 0 0 0 0 0 0 1 0]
[5479057915086108978716728109482719428806691884326628175574590353012652993454145010366765949135752159770814653993842556619950092384265284775422892816313743113233989585447966577169292215752179266084269155364686717793934724280737457822605537008 0 0 0 0 0 0 0 0 0 0 0 0 0 0 0 0 0 0 0 0 0 0 0 0 0 0 0 0 0 0 0 0 0 0 0 0 0 0 0 0 0 0 0 0 0 0 0 0 0 0 0 0 0 0 0 0 0 0 0 0 0 0 0 0 0 0 0 0 0 0 0 0 0 0 0 0 0 0 1]
]
