[[1866494626023194252042297180145155160249959059212976180556544776516256766888674559328502426877 0 0 0 0 0 0 0 0 0 0 0 0 0 0 0 0 0 0 0 0 0 0 0 0 0 0 0 0 0 0]
[504054601303275847168407679626374927521181032966867820148948545965465042287473025978075500727 1 0 0 0 0 0 0 0 0 0 0 0 0 0 0 0 0 0 0 0 0 0 0 0 0 0 0 0 0 0]
[612420295054843397809030262742498075200419526288255709173187261576955991407428942223453272684 0 1 0 0 0 0 0 0 0 0 0 0 0 0 0 0 0 0 0 0 0 0 0 0 0 0 0 0 0 0]
[1264062514806826754119615145154803790857078598804215378109530317185307425551438517045796809908 0 0 1 0 0 0 0 0 0 0 0 0 0 0 0 0 0 0 0 0 0 0 0 0 0 0 0 0 0 0]
[496158842459485431517514753235802585143506593317884871250224083008184357805863807371205717553 0 0 0 1 0 0 0 0 0 0 0 0 0 0 0 0 0 0 0 0 0 0 0 0 0 0 0 0 0 0]
[1761886419413202147098021999635012219933490901138621440999455612961835608232660413786250684787 0 0 0 0 1 0 0 0 0 0 0 0 0 0 0 0 0 0 0 0 0 0 0 0 0 0 0 0 0 0]
[231599424966762854606858137064904415369147356134270407409662976678855272925564512176895576310 0 0 0 0 0 1 0 0 0 0 0 0 0 0 0 0 0 0 0 0 0 0 0 0 0 0 0 0 0 0]
[662645187092031327436579997474133700216849627245838228313594716429196327595189641407120732825 0 0 0 0 0 0 1 0 0 0 0 0 0 0 0 0 0 0 0 0 0 0 0 0 0 0 0 0 0 0]
[1749136203194289848440793068977035789535476850861514664376762359257034186475406478012366053219 0 0 0 0 0 0 0 1 0 0 0 0 0 0 0 0 0 0 0 0 0 0 0 0 0 0 0 0 0 0]
[407559656684870900138699483634174264909748210791730845700474272854152247590180942185254080174 0 0 0 0 0 0 0 0 1 0 0 0 0 0 0 0 0 0 0 0 0 0 0 0 0 0 0 0 0 0]
[406082200171779139093256534988252080308148062573720903656078885161498775958072630871429630685 0 0 0 0 0 0 0 0 0 1 0 0 0 0 0 0 0 0 0 0 0 0 0 0 0 0 0 0 0 0]
[1694734073834739137247789282400359924905318303205567502348255615568556777098295246616980394547 0 0 0 0 0 0 0 0 0 0 1 0 0 0 0 0 0 0 0 0 0 0 0 0 0 0 0 0 0 0]
[908268545469928446380012413353257948656724071752507721134931907626315056923836208852731371943 0 0 0 0 0 0 0 0 0 0 0 1 0 0 0 0 0 0 0 0 0 0 0 0 0 0 0 0 0 0]
[619170082847704081327036347589334988468905420813912397051671940495915790025542199022716718580 0 0 0 0 0 0 0 0 0 0 0 0 1 0 0 0 0 0 0 0 0 0 0 0 0 0 0 0 0 0]
[872340558492945609763315623287583118896997386261517473509455190989594803445332383736360691995 0 0 0 0 0 0 0 0 0 0 0 0 0 1 0 0 0 0 0 0 0 0 0 0 0 0 0 0 0 0]
[1424598106176936227095979147990080809082403527922192097772889903295218303782798382898013093651 0 0 0 0 0 0 0 0 0 0 0 0 0 0 1 0 0 0 0 0 0 0 0 0 0 0 0 0 0 0]
[138382079700050559299491598796080632409677048375093190635716217620241145438872974125527293357 0 0 0 0 0 0 0 0 0 0 0 0 0 0 0 1 0 0 0 0 0 0 0 0 0 0 0 0 0 0]
[623731478117408283763160484812268607463924932188466337006770350676219113473459194870659564668 0 0 0 0 0 0 0 0 0 0 0 0 0 0 0 0 1 0 0 0 0 0 0 0 0 0 0 0 0 0]
[363236308517492991896166052766869663123479696960185740363072554912420659117914169749533696789 0 0 0 0 0 0 0 0 0 0 0 0 0 0 0 0 0 1 0 0 0 0 0 0 0 0 0 0 0 0]
[131620236123331634119725766754275623305102276411941265423180996977626960265009207740484814745 0 0 0 0 0 0 0 0 0 0 0 0 0 0 0 0 0 0 1 0 0 0 0 0 0 0 0 0 0 0]
[456503976043647124570890282155619703344361213691712533907689167534475492949992957247953918852 0 0 0 0 0 0 0 0 0 0 0 0 0 0 0 0 0 0 0 1 0 0 0 0 0 0 0 0 0 0]
[1004527883345284323666278087163936298945488812385675061666243085426953762426334280764593459077 0 0 0 0 0 0 0 0 0 0 0 0 0 0 0 0 0 0 0 0 1 0 0 0 0 0 0 0 0 0]
[324366683661322553521303962435189653213629290157026712488485636273079167433246311059973731814 0 0 0 0 0 0 0 0 0 0 0 0 0 0 0 0 0 0 0 0 0 1 0 0 0 0 0 0 0 0]
[297071627241659050877836550974015569031092746062202480493954921957081293777793177392163711721 0 0 0 0 0 0 0 0 0 0 0 0 0 0 0 0 0 0 0 0 0 0 1 0 0 0 0 0 0 0]
[668211823302534542010170600382884435690747444266206728021147322299537838201844127267712108773 0 0 0 0 0 0 0 0 0 0 0 0 0 0 0 0 0 0 0 0 0 0 0 1 0 0 0 0 0 0]
[392020237242526697676548982226849996555539554971310905289122272457477188769808400082718013725 0 0 0 0 0 0 0 0 0 0 0 0 0 0 0 0 0 0 0 0 0 0 0 0 1 0 0 0 0 0]
[1579411164936939603929376758822111894651426324609756336270802349837157547448455021971978213015 0 0 0 0 0 0 0 0 0 0 0 0 0 0 0 0 0 0 0 0 0 0 0 0 0 1 0 0 0 0]
[746849746486869675782126732489331503545029015430652508941688333695813807454255297190369440091 0 0 0 0 0 0 0 0 0 0 0 0 0 0 0 0 0 0 0 0 0 0 0 0 0 0 1 0 0 0]
[1207116282454969151253078705418351036603912595603907917354184711815057774255355804664161801607 0 0 0 0 0 0 0 0 0 0 0 0 0 0 0 0 0 0 0 0 0 0 0 0 0 0 0 1 0 0]
[1749147317577407483179155761303554568457234116183811923277299136378007320023728648436851271293 0 0 0 0 0 0 0 0 0 0 0 0 0 0 0 0 0 0 0 0 0 0 0 0 0 0 0 0 1 0]
[812640010546705641131798766352246755103373001364668838650152364078862740688757818281124869594 0 0 0 0 0 0 0 0 0 0 0 0 0 0 0 0 0 0 0 0 0 0 0 0 0 0 0 0 0 1]
]
