[[9217978823963937249158755066266601699887013794559009366992464356699922443524404062152375683110194467795081043227573835497881890455945536521737727157448406934690745560795682796354686268379147256312520137236229070325082190942171329310223822415474035675979032019622130648277552500868652266378591864847728097968394479514011879093 0 0 0 0 0 0 0 0 0 0 0 0 0 0 0 0 0 0 0 0 0 0 0 0 0 0 0 0 0 0 0 0 0 0 0 0 0 0 0 0 0 0 0 0 0 0 0 0 0 0 0 0 0 0 0 0 0 0 0 0 0 0 0 0 0 0 0 0 0 0 0 0 0 0 0 0 0 0 0 0 0 0 0 0 0 0 0 0 0 0 0 0 0 0 0 0 0 0 0 0 0 0 0 0 0 0 0]
[7081004977035615518321067763684280766045442083842454920715285857237129647402324027357896680242884269521686467772431992781051325489201749288254549850321669234686626122740523527793648001718166060937870804792060268989467675486533294434541957610369154981051561550323324574045729374920558042502667852086696518866187640982929479912 1 0 0 0 0 0 0 0 0 0 0 0 0 0 0 0 0 0 0 0 0 0 0 0 0 0 0 0 0 0 0 0 0 0 0 0 0 0 0 0 0 0 0 0 0 0 0 0 0 0 0 0 0 0 0 0 0 0 0 0 0 0 0 0 0 0 0 0 0 0 0 0 0 0 0 0 0 0 0 0 0 0 0 0 0 0 0 0 0 0 0 0 0 0 0 0 0 0 0 0 0 0 0 0 0 0 0]
[651525195619262810788856854479053800303279370430288994007613371830027789912043172838039464615203227458764678044460469252525777785616385922713022065778321324537901397663935481641848847857349571459613590484959761766601005128031020151560001975264093199678086824880521332360921489279826969437502973554381768518476839021761307102 0 1 0 0 0 0 0 0 0 0 0 0 0 0 0 0 0 0 0 0 0 0 0 0 0 0 0 0 0 0 0 0 0 0 0 0 0 0 0 0 0 0 0 0 0 0 0 0 0 0 0 0 0 0 0 0 0 0 0 0 0 0 0 0 0 0 0 0 0 0 0 0 0 0 0 0 0 0 0 0 0 0 0 0 0 0 0 0 0 0 0 0 0 0 0 0 0 0 0 0 0 0 0 0 0 0 0]
[6198074158419407360618772235467150862784712595123158020651810712237420579036075619061932237447764421242097196925523081050355260569632312998879865249578998385225310163793272607161672439050187703570656130081465905716344252789637426301471460850698322758718300882952653590064681443803631885855629553622976984966311569222679958298 0 0 1 0 0 0 0 0 0 0 0 0 0 0 0 0 0 0 0 0 0 0 0 0 0 0 0 0 0 0 0 0 0 0 0 0 0 0 0 0 0 0 0 0 0 0 0 0 0 0 0 0 0 0 0 0 0 0 0 0 0 0 0 0 0 0 0 0 0 0 0 0 0 0 0 0 0 0 0 0 0 0 0 0 0 0 0 0 0 0 0 0 0 0 0 0 0 0 0 0 0 0 0 0 0 0 0]
[7974120301343699673367112847955923127639490076439390098375293740680374985447327870311884539764347844293918152524297661611314528291003619425596795089659603339315464395318732461779967852980383096592700752171424529795092848813278294794397460968325533869343514442805337308669048577530014452883259061789000659686992698380240190567 0 0 0 1 0 0 0 0 0 0 0 0 0 0 0 0 0 0 0 0 0 0 0 0 0 0 0 0 0 0 0 0 0 0 0 0 0 0 0 0 0 0 0 0 0 0 0 0 0 0 0 0 0 0 0 0 0 0 0 0 0 0 0 0 0 0 0 0 0 0 0 0 0 0 0 0 0 0 0 0 0 0 0 0 0 0 0 0 0 0 0 0 0 0 0 0 0 0 0 0 0 0 0 0 0 0 0]
[1378033965134899983585261036232244615224345899153243202840238663319423577047785805546890019001656108094751324676904617952465553174761601126045803235499591182292095683668824834821839661632461633037414057976047302914771242509179927284211121664083555382080546910884733503540619160457370218793309492077998311464850652933070006876 0 0 0 0 1 0 0 0 0 0 0 0 0 0 0 0 0 0 0 0 0 0 0 0 0 0 0 0 0 0 0 0 0 0 0 0 0 0 0 0 0 0 0 0 0 0 0 0 0 0 0 0 0 0 0 0 0 0 0 0 0 0 0 0 0 0 0 0 0 0 0 0 0 0 0 0 0 0 0 0 0 0 0 0 0 0 0 0 0 0 0 0 0 0 0 0 0 0 0 0 0 0 0 0 0 0 0]
[6510004645534443537902585722095834279003896283671191401480667111901815577655190593622511065299746214968763121534540713097873704708657007365652177617882811781115309900682947630804002845342879734747246960343047299604714055118616496557461499723162015201087761334025865796468206248127613630039641225714266981869024867229720385041 0 0 0 0 0 1 0 0 0 0 0 0 0 0 0 0 0 0 0 0 0 0 0 0 0 0 0 0 0 0 0 0 0 0 0 0 0 0 0 0 0 0 0 0 0 0 0 0 0 0 0 0 0 0 0 0 0 0 0 0 0 0 0 0 0 0 0 0 0 0 0 0 0 0 0 0 0 0 0 0 0 0 0 0 0 0 0 0 0 0 0 0 0 0 0 0 0 0 0 0 0 0 0 0 0 0 0]
[6904477336122066276084543078211849061377977696794882682850391711366806725604860206417689135647273484741625993277817404257338022705678379186939845561004222665408717343994783268526836155456214364368635832951664099906352627242005023812093801948748539454142333772201444051257562988568311844799147444713740251338945964994488429706 0 0 0 0 0 0 1 0 0 0 0 0 0 0 0 0 0 0 0 0 0 0 0 0 0 0 0 0 0 0 0 0 0 0 0 0 0 0 0 0 0 0 0 0 0 0 0 0 0 0 0 0 0 0 0 0 0 0 0 0 0 0 0 0 0 0 0 0 0 0 0 0 0 0 0 0 0 0 0 0 0 0 0 0 0 0 0 0 0 0 0 0 0 0 0 0 0 0 0 0 0 0 0 0 0 0 0]
[4280501516065464491935264458894478951297708691648948931987412204420460115103781791203801470782457592893319006061605230581891236070625241998247935086920365572986795124634498534751792960726130669120988060426994413882549012058971176687012471259823684237632789932302719120680902306174348027575414725130336473675100780242463204462 0 0 0 0 0 0 0 1 0 0 0 0 0 0 0 0 0 0 0 0 0 0 0 0 0 0 0 0 0 0 0 0 0 0 0 0 0 0 0 0 0 0 0 0 0 0 0 0 0 0 0 0 0 0 0 0 0 0 0 0 0 0 0 0 0 0 0 0 0 0 0 0 0 0 0 0 0 0 0 0 0 0 0 0 0 0 0 0 0 0 0 0 0 0 0 0 0 0 0 0 0 0 0 0 0 0 0]
[1177316044276743952567843091437461925954527232484007794592826713935684122942196339233117027920860901846764732013647669892763778094939567779690802606139009558058893488689252435168320700828973351263346830852577767953800689619519282061821256483331374032174854105506155715022775458829147071634129331842277781138441272348826415989 0 0 0 0 0 0 0 0 1 0 0 0 0 0 0 0 0 0 0 0 0 0 0 0 0 0 0 0 0 0 0 0 0 0 0 0 0 0 0 0 0 0 0 0 0 0 0 0 0 0 0 0 0 0 0 0 0 0 0 0 0 0 0 0 0 0 0 0 0 0 0 0 0 0 0 0 0 0 0 0 0 0 0 0 0 0 0 0 0 0 0 0 0 0 0 0 0 0 0 0 0 0 0 0 0 0 0]
[4602823085527248451773679644040467518469433217909298629695712005891639385594546864543544849889804811094219506815816528433644500750990845940211070204214128741456319977743197532085936438201126308992400180499862485510694042370033853562539090500938485396554047236527426943534885826716600903390301089059683668276225803471819936048 0 0 0 0 0 0 0 0 0 1 0 0 0 0 0 0 0 0 0 0 0 0 0 0 0 0 0 0 0 0 0 0 0 0 0 0 0 0 0 0 0 0 0 0 0 0 0 0 0 0 0 0 0 0 0 0 0 0 0 0 0 0 0 0 0 0 0 0 0 0 0 0 0 0 0 0 0 0 0 0 0 0 0 0 0 0 0 0 0 0 0 0 0 0 0 0 0 0 0 0 0 0 0 0 0 0 0]
[736279535176665053653211070441383159437831192014465567443638294998712139941672930116831984176922394391322611350468142642298432574023851615490392090721803695033429768271774532674643233849263610054426133652436196947127078755177153016938414585023271992922139264114854304673609930719265223666699948038211327905536964586077900515 0 0 0 0 0 0 0 0 0 0 1 0 0 0 0 0 0 0 0 0 0 0 0 0 0 0 0 0 0 0 0 0 0 0 0 0 0 0 0 0 0 0 0 0 0 0 0 0 0 0 0 0 0 0 0 0 0 0 0 0 0 0 0 0 0 0 0 0 0 0 0 0 0 0 0 0 0 0 0 0 0 0 0 0 0 0 0 0 0 0 0 0 0 0 0 0 0 0 0 0 0 0 0 0 0 0 0]
[7743621987394060468399805527013483535982005821720007208785878379868530215866724998929462870119403852740448781592303399591004775584956045961556383406679134505920065043141451635988600171082941520769116746010593329397346578581161867084404429127970292175563243940259235289039057244015634804080403800767354389781342311044477536910 0 0 0 0 0 0 0 0 0 0 0 1 0 0 0 0 0 0 0 0 0 0 0 0 0 0 0 0 0 0 0 0 0 0 0 0 0 0 0 0 0 0 0 0 0 0 0 0 0 0 0 0 0 0 0 0 0 0 0 0 0 0 0 0 0 0 0 0 0 0 0 0 0 0 0 0 0 0 0 0 0 0 0 0 0 0 0 0 0 0 0 0 0 0 0 0 0 0 0 0 0 0 0 0 0 0 0]
[1957723252596095331501603476288776625397934269771223155206952098603845941802803765981586092964270234996203881908595088297365982680022958168836456353858652586586341564547572806626717391292152086182244878295150077554540677072141452297881197734277703012002764822936206989484210960400146675935515702072918785207420312022683168185 0 0 0 0 0 0 0 0 0 0 0 0 1 0 0 0 0 0 0 0 0 0 0 0 0 0 0 0 0 0 0 0 0 0 0 0 0 0 0 0 0 0 0 0 0 0 0 0 0 0 0 0 0 0 0 0 0 0 0 0 0 0 0 0 0 0 0 0 0 0 0 0 0 0 0 0 0 0 0 0 0 0 0 0 0 0 0 0 0 0 0 0 0 0 0 0 0 0 0 0 0 0 0 0 0 0 0]
[4537544553716845244098388793292478321901365083646783080808914875703917545272613001060673236765900310717087643886616267721234942218976837865231824975357975235797350859413476656597520225517444076789156879697355195305575500989674008384280330349593927446133220188430181534149286816022482826513909969409992365705372647620786941053 0 0 0 0 0 0 0 0 0 0 0 0 0 1 0 0 0 0 0 0 0 0 0 0 0 0 0 0 0 0 0 0 0 0 0 0 0 0 0 0 0 0 0 0 0 0 0 0 0 0 0 0 0 0 0 0 0 0 0 0 0 0 0 0 0 0 0 0 0 0 0 0 0 0 0 0 0 0 0 0 0 0 0 0 0 0 0 0 0 0 0 0 0 0 0 0 0 0 0 0 0 0 0 0 0 0 0]
[5313010034386755577240144830001049031723327102238655356570936151886198753589755195120708903710579756902717611347601033425830392523644452137740350311039832263894972357253199140892603994345716014168066154728264980906621403775273628050973680077146009504494655678002084466467625410888960025580506306458186343602712291341233922673 0 0 0 0 0 0 0 0 0 0 0 0 0 0 1 0 0 0 0 0 0 0 0 0 0 0 0 0 0 0 0 0 0 0 0 0 0 0 0 0 0 0 0 0 0 0 0 0 0 0 0 0 0 0 0 0 0 0 0 0 0 0 0 0 0 0 0 0 0 0 0 0 0 0 0 0 0 0 0 0 0 0 0 0 0 0 0 0 0 0 0 0 0 0 0 0 0 0 0 0 0 0 0 0 0 0 0]
[4105815655190961544009570639941304971051436584985646647599101730356121950604293007910143963187653513983843383499274709625018265766517316983346514883778892065282679206032523291897535287774934618465972622391247681382657536409067669425559400612202421291350167636649260678341722844266142414810242948993815742875424696902595025705 0 0 0 0 0 0 0 0 0 0 0 0 0 0 0 1 0 0 0 0 0 0 0 0 0 0 0 0 0 0 0 0 0 0 0 0 0 0 0 0 0 0 0 0 0 0 0 0 0 0 0 0 0 0 0 0 0 0 0 0 0 0 0 0 0 0 0 0 0 0 0 0 0 0 0 0 0 0 0 0 0 0 0 0 0 0 0 0 0 0 0 0 0 0 0 0 0 0 0 0 0 0 0 0 0 0 0]
[7899667470292384015529276449918417400604692794386681301904349887173373944888899792737364435582955913533437808448317422193801834677147473243823466919452813694473527097889615507801901132269750928023152246849172785680466003947290957473699822470012127705049322058001574278905226774073944105471119760488192247212953652488385123847 0 0 0 0 0 0 0 0 0 0 0 0 0 0 0 0 1 0 0 0 0 0 0 0 0 0 0 0 0 0 0 0 0 0 0 0 0 0 0 0 0 0 0 0 0 0 0 0 0 0 0 0 0 0 0 0 0 0 0 0 0 0 0 0 0 0 0 0 0 0 0 0 0 0 0 0 0 0 0 0 0 0 0 0 0 0 0 0 0 0 0 0 0 0 0 0 0 0 0 0 0 0 0 0 0 0 0]
[354017593872234195928403630157724583376198785846043382966658631636100225162561277685933443380755986572474900605059605182953050334979898881027089661220787574805289503789914681961571403072772322972477525464800423585116849788907211200911599398760744613409453625888648492088804858564097940163600767072818209163194949380013034731 0 0 0 0 0 0 0 0 0 0 0 0 0 0 0 0 0 1 0 0 0 0 0 0 0 0 0 0 0 0 0 0 0 0 0 0 0 0 0 0 0 0 0 0 0 0 0 0 0 0 0 0 0 0 0 0 0 0 0 0 0 0 0 0 0 0 0 0 0 0 0 0 0 0 0 0 0 0 0 0 0 0 0 0 0 0 0 0 0 0 0 0 0 0 0 0 0 0 0 0 0 0 0 0 0 0 0]
[6449918174518662836393939701930582480535152619028145699399546329109148726333422812279271707902599591006770074431474491041592677873063915987496819114826425997005659266239734850470583419056919863706794771923241926324132993144068910728335291416668851489156024976550065045155138853461754649020757020409384486071460554213657385058 0 0 0 0 0 0 0 0 0 0 0 0 0 0 0 0 0 0 1 0 0 0 0 0 0 0 0 0 0 0 0 0 0 0 0 0 0 0 0 0 0 0 0 0 0 0 0 0 0 0 0 0 0 0 0 0 0 0 0 0 0 0 0 0 0 0 0 0 0 0 0 0 0 0 0 0 0 0 0 0 0 0 0 0 0 0 0 0 0 0 0 0 0 0 0 0 0 0 0 0 0 0 0 0 0 0 0]
[5657068650629840992272737884878958206890943342684194469798845082886773972258905842342327339994659381039919598874265039863310949305016696166505878623746399825386168778441406439389007398465572399226226976751839542837620892376015972872554253207488423937889671117634131680787176494344591858583106830743177478891115070165641248693 0 0 0 0 0 0 0 0 0 0 0 0 0 0 0 0 0 0 0 1 0 0 0 0 0 0 0 0 0 0 0 0 0 0 0 0 0 0 0 0 0 0 0 0 0 0 0 0 0 0 0 0 0 0 0 0 0 0 0 0 0 0 0 0 0 0 0 0 0 0 0 0 0 0 0 0 0 0 0 0 0 0 0 0 0 0 0 0 0 0 0 0 0 0 0 0 0 0 0 0 0 0 0 0 0 0 0]
[7986988918632147283531785027778519726361434185637581545820382190968439264122449430312880740719375734101698673974144664470498894560512708276188018210421381356665837810378361028915919050738547076417316698269683901827456004249645279376091976803741945890479980984849593505440778502139047424965576640186444067366178810183735238362 0 0 0 0 0 0 0 0 0 0 0 0 0 0 0 0 0 0 0 0 1 0 0 0 0 0 0 0 0 0 0 0 0 0 0 0 0 0 0 0 0 0 0 0 0 0 0 0 0 0 0 0 0 0 0 0 0 0 0 0 0 0 0 0 0 0 0 0 0 0 0 0 0 0 0 0 0 0 0 0 0 0 0 0 0 0 0 0 0 0 0 0 0 0 0 0 0 0 0 0 0 0 0 0 0 0 0]
[1803743147209516349045779142267925314544236386739313977520669670678044913732690090871750605620782677535346666470274400362031860734084543276150354622105191207122122983401599637060674932717048509633637746286112303124833758496509470993500651381880974468608711875646746242618721985898480487638565301933201432663751246411615923484 0 0 0 0 0 0 0 0 0 0 0 0 0 0 0 0 0 0 0 0 0 1 0 0 0 0 0 0 0 0 0 0 0 0 0 0 0 0 0 0 0 0 0 0 0 0 0 0 0 0 0 0 0 0 0 0 0 0 0 0 0 0 0 0 0 0 0 0 0 0 0 0 0 0 0 0 0 0 0 0 0 0 0 0 0 0 0 0 0 0 0 0 0 0 0 0 0 0 0 0 0 0 0 0 0 0 0]
[8972630296501824641226225913173151552799138865351159143850341332171588814302035290688075272485419988249889291563638510392168624010724651845301402435482783201005043494933535991151703191065301864309745706432246016107892855335505021181861096155346486363682520270191304413731835310250255337548650146802305642759652689170782658308 0 0 0 0 0 0 0 0 0 0 0 0 0 0 0 0 0 0 0 0 0 0 1 0 0 0 0 0 0 0 0 0 0 0 0 0 0 0 0 0 0 0 0 0 0 0 0 0 0 0 0 0 0 0 0 0 0 0 0 0 0 0 0 0 0 0 0 0 0 0 0 0 0 0 0 0 0 0 0 0 0 0 0 0 0 0 0 0 0 0 0 0 0 0 0 0 0 0 0 0 0 0 0 0 0 0 0]
[5546904746690857105200102139971463296391559710670476175440808896809581647476560470326469192672609998935274118701713872496092695997365472733319535285584114597928673510984442159099596469333067200306011457716295477548373093832529749294284261474334511299982609626578340003345563191109062297491733328392761243365351421170868365655 0 0 0 0 0 0 0 0 0 0 0 0 0 0 0 0 0 0 0 0 0 0 0 1 0 0 0 0 0 0 0 0 0 0 0 0 0 0 0 0 0 0 0 0 0 0 0 0 0 0 0 0 0 0 0 0 0 0 0 0 0 0 0 0 0 0 0 0 0 0 0 0 0 0 0 0 0 0 0 0 0 0 0 0 0 0 0 0 0 0 0 0 0 0 0 0 0 0 0 0 0 0 0 0 0 0 0]
[3980171482801100916646254924888746849364973384103958085404903590828015141685006040619927628313872813884672131908053007530959802207110443662051355351797619820331683791260225651356657154548348560106431612525916049118047119777330838817427231804288230392455588824634086550346660173635937885730155890662391880911208633188365845142 0 0 0 0 0 0 0 0 0 0 0 0 0 0 0 0 0 0 0 0 0 0 0 0 1 0 0 0 0 0 0 0 0 0 0 0 0 0 0 0 0 0 0 0 0 0 0 0 0 0 0 0 0 0 0 0 0 0 0 0 0 0 0 0 0 0 0 0 0 0 0 0 0 0 0 0 0 0 0 0 0 0 0 0 0 0 0 0 0 0 0 0 0 0 0 0 0 0 0 0 0 0 0 0 0 0 0]
[5290810337926881714430449395722069363522081118686568356379669582656328904740156307380736017584955805973663235453037382376203291069030136527150377302198040505469804268092689474328630710367414049055588788075003270802744404058233165973302789030066661305364900522240674892563162610821999514142977610599450011284565399943154264997 0 0 0 0 0 0 0 0 0 0 0 0 0 0 0 0 0 0 0 0 0 0 0 0 0 1 0 0 0 0 0 0 0 0 0 0 0 0 0 0 0 0 0 0 0 0 0 0 0 0 0 0 0 0 0 0 0 0 0 0 0 0 0 0 0 0 0 0 0 0 0 0 0 0 0 0 0 0 0 0 0 0 0 0 0 0 0 0 0 0 0 0 0 0 0 0 0 0 0 0 0 0 0 0 0 0 0]
[7229251708599700187360974265965238029350507435995528520537984715203360880092933956617286052285864472728441311801842476937084741640782008742540785058096179115854783080408099754725703760357818438002266582814835533979821520637786340789880565868624135593810485646751540680500280384674897230930302367772655344749166495231821628116 0 0 0 0 0 0 0 0 0 0 0 0 0 0 0 0 0 0 0 0 0 0 0 0 0 0 1 0 0 0 0 0 0 0 0 0 0 0 0 0 0 0 0 0 0 0 0 0 0 0 0 0 0 0 0 0 0 0 0 0 0 0 0 0 0 0 0 0 0 0 0 0 0 0 0 0 0 0 0 0 0 0 0 0 0 0 0 0 0 0 0 0 0 0 0 0 0 0 0 0 0 0 0 0 0 0 0]
[3232013041182921405638307619245627444843648561616750163416090694441454101491650257820422548814558750608366133861010673593278476124245184479483129909559863558066060407268919202665348624511293999223018771004811364199529687404458475362454712978409284542086723039152288188859990845223074895147381203286842475760174017164913333708 0 0 0 0 0 0 0 0 0 0 0 0 0 0 0 0 0 0 0 0 0 0 0 0 0 0 0 1 0 0 0 0 0 0 0 0 0 0 0 0 0 0 0 0 0 0 0 0 0 0 0 0 0 0 0 0 0 0 0 0 0 0 0 0 0 0 0 0 0 0 0 0 0 0 0 0 0 0 0 0 0 0 0 0 0 0 0 0 0 0 0 0 0 0 0 0 0 0 0 0 0 0 0 0 0 0 0]
[295005119993538712620723545417989547054972781096564980849711255572445304409287932889483554468403665939702679074987170939235598496410495562050095453407322378648727208127681276124359969280018148402224982530234358685789180518702598582566526459456899037096823926796800816030300909962134704082493281436571771633199032445800903741 0 0 0 0 0 0 0 0 0 0 0 0 0 0 0 0 0 0 0 0 0 0 0 0 0 0 0 0 1 0 0 0 0 0 0 0 0 0 0 0 0 0 0 0 0 0 0 0 0 0 0 0 0 0 0 0 0 0 0 0 0 0 0 0 0 0 0 0 0 0 0 0 0 0 0 0 0 0 0 0 0 0 0 0 0 0 0 0 0 0 0 0 0 0 0 0 0 0 0 0 0 0 0 0 0 0 0]
[5125379844946678892009215621690780822019250534110518486245120977552406609131269986441863174404787475766037502490940302199429118305216181862787285421731189399940668702521338630495312616202298432589938573176302214661521514393320854708505390078331917410501332725164162525288267986446202477216608487891503588634797941072713792169 0 0 0 0 0 0 0 0 0 0 0 0 0 0 0 0 0 0 0 0 0 0 0 0 0 0 0 0 0 1 0 0 0 0 0 0 0 0 0 0 0 0 0 0 0 0 0 0 0 0 0 0 0 0 0 0 0 0 0 0 0 0 0 0 0 0 0 0 0 0 0 0 0 0 0 0 0 0 0 0 0 0 0 0 0 0 0 0 0 0 0 0 0 0 0 0 0 0 0 0 0 0 0 0 0 0 0]
[1773127118484916959799664364425298351473078575065768560058214475498912446612639203513748031526620046700488192073461231869906367789685277842878554872357224749714408573235704862541642218139749105574581963218726128853856658446959369059674632817869546059602032723558165457941109973987195858363894812439692205693847598289926470294 0 0 0 0 0 0 0 0 0 0 0 0 0 0 0 0 0 0 0 0 0 0 0 0 0 0 0 0 0 0 1 0 0 0 0 0 0 0 0 0 0 0 0 0 0 0 0 0 0 0 0 0 0 0 0 0 0 0 0 0 0 0 0 0 0 0 0 0 0 0 0 0 0 0 0 0 0 0 0 0 0 0 0 0 0 0 0 0 0 0 0 0 0 0 0 0 0 0 0 0 0 0 0 0 0 0 0]
[1866620380318567892905073566732391356764669231788491718899227141703289147175604713438997983675718990006421974370172212341354835619803518880873317478560464767809191800043971749738725602471046610729760387211194939652490316135030423966830018658603418784965689721355407253479886262449621501474466102995234593596706019285873002849 0 0 0 0 0 0 0 0 0 0 0 0 0 0 0 0 0 0 0 0 0 0 0 0 0 0 0 0 0 0 0 1 0 0 0 0 0 0 0 0 0 0 0 0 0 0 0 0 0 0 0 0 0 0 0 0 0 0 0 0 0 0 0 0 0 0 0 0 0 0 0 0 0 0 0 0 0 0 0 0 0 0 0 0 0 0 0 0 0 0 0 0 0 0 0 0 0 0 0 0 0 0 0 0 0 0 0]
[8095374699132720962561277664355988665117063059034594852473396997228186718782854909997931210471024901943012688723741738461814415694384007041332059590232921757119402146141051297044584793254291358520038667273654921147795070725919053138436395078475047847849885954079741954258466316770163943080872274429382116867343166015101291275 0 0 0 0 0 0 0 0 0 0 0 0 0 0 0 0 0 0 0 0 0 0 0 0 0 0 0 0 0 0 0 0 1 0 0 0 0 0 0 0 0 0 0 0 0 0 0 0 0 0 0 0 0 0 0 0 0 0 0 0 0 0 0 0 0 0 0 0 0 0 0 0 0 0 0 0 0 0 0 0 0 0 0 0 0 0 0 0 0 0 0 0 0 0 0 0 0 0 0 0 0 0 0 0 0 0 0]
[2935589018649732801137777009114201766215278022538417235511631348875605359322244711081753826723429570654315612413518396817959890206365115757504302903859738130403760027710053208849526306598012859865325082919737751155494925926692813960921093089760964566288071758703319151460771134867557878480075947937487814161321744174579404201 0 0 0 0 0 0 0 0 0 0 0 0 0 0 0 0 0 0 0 0 0 0 0 0 0 0 0 0 0 0 0 0 0 1 0 0 0 0 0 0 0 0 0 0 0 0 0 0 0 0 0 0 0 0 0 0 0 0 0 0 0 0 0 0 0 0 0 0 0 0 0 0 0 0 0 0 0 0 0 0 0 0 0 0 0 0 0 0 0 0 0 0 0 0 0 0 0 0 0 0 0 0 0 0 0 0 0]
[5340053870865295982503467318651362640026846250761825180595819458665110870709611881707786041317468376503056818582674254856166031984541168160605135608962785916390110727195726671275865589444086900338093373620028668139187455401403108707020115728041014367871154711743783859116431760405263911617337660712576548354292660511922379014 0 0 0 0 0 0 0 0 0 0 0 0 0 0 0 0 0 0 0 0 0 0 0 0 0 0 0 0 0 0 0 0 0 0 1 0 0 0 0 0 0 0 0 0 0 0 0 0 0 0 0 0 0 0 0 0 0 0 0 0 0 0 0 0 0 0 0 0 0 0 0 0 0 0 0 0 0 0 0 0 0 0 0 0 0 0 0 0 0 0 0 0 0 0 0 0 0 0 0 0 0 0 0 0 0 0 0]
[7078756561246934645014000392865624914634010333918746084788993718186340989160417749948157332791899366323597065080947583209123251060635887308899044394521349566894006241753160140321816726409071770440608232034524099613510252047784801171664757533112710974444517975645370123547210850076599890259440051743816099709571368286247583438 0 0 0 0 0 0 0 0 0 0 0 0 0 0 0 0 0 0 0 0 0 0 0 0 0 0 0 0 0 0 0 0 0 0 0 1 0 0 0 0 0 0 0 0 0 0 0 0 0 0 0 0 0 0 0 0 0 0 0 0 0 0 0 0 0 0 0 0 0 0 0 0 0 0 0 0 0 0 0 0 0 0 0 0 0 0 0 0 0 0 0 0 0 0 0 0 0 0 0 0 0 0 0 0 0 0 0]
[7741591748659347922097306882068114231446511866748190922303252255973741275418533565342852126167431506146160730868422079591350116724899967683488351380655838517526270907557576247608177875754972234349359105367772888305990560628759642812247794559478658689775954942493385644384118663982631574641996597036525334158940267764978232858 0 0 0 0 0 0 0 0 0 0 0 0 0 0 0 0 0 0 0 0 0 0 0 0 0 0 0 0 0 0 0 0 0 0 0 0 1 0 0 0 0 0 0 0 0 0 0 0 0 0 0 0 0 0 0 0 0 0 0 0 0 0 0 0 0 0 0 0 0 0 0 0 0 0 0 0 0 0 0 0 0 0 0 0 0 0 0 0 0 0 0 0 0 0 0 0 0 0 0 0 0 0 0 0 0 0 0]
[846259385332868681573878478709262909684111819215538790187860481830385018117744751663592964426062465742703809284188092489109488502443131210917092314165276221898733540288675442489249482065887245343533854254184647691886173358135397385667218911680055271399749723003448086819630445664920813671001030147028340883736936763900298435 0 0 0 0 0 0 0 0 0 0 0 0 0 0 0 0 0 0 0 0 0 0 0 0 0 0 0 0 0 0 0 0 0 0 0 0 0 1 0 0 0 0 0 0 0 0 0 0 0 0 0 0 0 0 0 0 0 0 0 0 0 0 0 0 0 0 0 0 0 0 0 0 0 0 0 0 0 0 0 0 0 0 0 0 0 0 0 0 0 0 0 0 0 0 0 0 0 0 0 0 0 0 0 0 0 0 0]
[3900786703745387053432373336788655913220610472521953023158180060882358343329275621053301543623902848472296001671658116304789636374290752304266863223296316042391122787347698252082510764967056203459697031074916608051131486174532404925050991685849829360756336929369194201993879279407592370397774758071434766654717314852248578509 0 0 0 0 0 0 0 0 0 0 0 0 0 0 0 0 0 0 0 0 0 0 0 0 0 0 0 0 0 0 0 0 0 0 0 0 0 0 1 0 0 0 0 0 0 0 0 0 0 0 0 0 0 0 0 0 0 0 0 0 0 0 0 0 0 0 0 0 0 0 0 0 0 0 0 0 0 0 0 0 0 0 0 0 0 0 0 0 0 0 0 0 0 0 0 0 0 0 0 0 0 0 0 0 0 0 0]
[5129915692390645806181556702662078091543076720409853081843671776041566647866737117614136556660852264248967871439219048766758032593519403660734045444496335594896801821301152495205357037800060004590272595122967191845696836623678723777791560215369435012307546666919418169759700682806947856214899801472951847796860164314359738697 0 0 0 0 0 0 0 0 0 0 0 0 0 0 0 0 0 0 0 0 0 0 0 0 0 0 0 0 0 0 0 0 0 0 0 0 0 0 0 1 0 0 0 0 0 0 0 0 0 0 0 0 0 0 0 0 0 0 0 0 0 0 0 0 0 0 0 0 0 0 0 0 0 0 0 0 0 0 0 0 0 0 0 0 0 0 0 0 0 0 0 0 0 0 0 0 0 0 0 0 0 0 0 0 0 0 0]
[2970253962805980669809380782054397406523010384565320585944391219495159336634392596876883229457294106846824875014166218357986125750243495181626264005103389354238721541450843783898122974691921768876567708262378414030353663981783154669971293448178537987930702235557357463995757412156782219557161245001775231046818994821589471139 0 0 0 0 0 0 0 0 0 0 0 0 0 0 0 0 0 0 0 0 0 0 0 0 0 0 0 0 0 0 0 0 0 0 0 0 0 0 0 0 1 0 0 0 0 0 0 0 0 0 0 0 0 0 0 0 0 0 0 0 0 0 0 0 0 0 0 0 0 0 0 0 0 0 0 0 0 0 0 0 0 0 0 0 0 0 0 0 0 0 0 0 0 0 0 0 0 0 0 0 0 0 0 0 0 0 0]
[7505028947717510833017259898922857855135221938260617736643585051372747655856426803339440400926426513073738430557444273378832152400100436997017966751174079229504764010647424463178532636750886903967496434788911427957144518818176777950550397701702516259070999428663640151535860875100324647849071089728894185500430433960085196278 0 0 0 0 0 0 0 0 0 0 0 0 0 0 0 0 0 0 0 0 0 0 0 0 0 0 0 0 0 0 0 0 0 0 0 0 0 0 0 0 0 1 0 0 0 0 0 0 0 0 0 0 0 0 0 0 0 0 0 0 0 0 0 0 0 0 0 0 0 0 0 0 0 0 0 0 0 0 0 0 0 0 0 0 0 0 0 0 0 0 0 0 0 0 0 0 0 0 0 0 0 0 0 0 0 0 0]
[6767220189135305207920766206860708795995263929082651370320899590094535732364351415868279740888096554459848127140559004801886736786940460013591701399521865302788836770354422461665138852037818267798049725366897263388432802495500862171057518076395760953866526732688571942222918185055271653138367369921500820215213688765763937562 0 0 0 0 0 0 0 0 0 0 0 0 0 0 0 0 0 0 0 0 0 0 0 0 0 0 0 0 0 0 0 0 0 0 0 0 0 0 0 0 0 0 1 0 0 0 0 0 0 0 0 0 0 0 0 0 0 0 0 0 0 0 0 0 0 0 0 0 0 0 0 0 0 0 0 0 0 0 0 0 0 0 0 0 0 0 0 0 0 0 0 0 0 0 0 0 0 0 0 0 0 0 0 0 0 0 0]
[4590781376213093096885536660310950065626410711061426370025323232542723342280795172732702438878375907848132816318727259200064439564272095885810291099465115555972478459054532815093877359364672976803730740288902508893585343500134012226316989795518419525960447787165549944155374349558921900777898857808758431164143000988061595890 0 0 0 0 0 0 0 0 0 0 0 0 0 0 0 0 0 0 0 0 0 0 0 0 0 0 0 0 0 0 0 0 0 0 0 0 0 0 0 0 0 0 0 1 0 0 0 0 0 0 0 0 0 0 0 0 0 0 0 0 0 0 0 0 0 0 0 0 0 0 0 0 0 0 0 0 0 0 0 0 0 0 0 0 0 0 0 0 0 0 0 0 0 0 0 0 0 0 0 0 0 0 0 0 0 0 0]
[3477722853821152389036096887942984249043196319258545674009669842550798398934823761875376913288949665140941663125723057310017938837485168262836649884994648571217311742088932067350900050377277692687895190078082541532235532819358231444627067969061879053078260582645385172013689906409917628213869072518026640986741213582325384365 0 0 0 0 0 0 0 0 0 0 0 0 0 0 0 0 0 0 0 0 0 0 0 0 0 0 0 0 0 0 0 0 0 0 0 0 0 0 0 0 0 0 0 0 1 0 0 0 0 0 0 0 0 0 0 0 0 0 0 0 0 0 0 0 0 0 0 0 0 0 0 0 0 0 0 0 0 0 0 0 0 0 0 0 0 0 0 0 0 0 0 0 0 0 0 0 0 0 0 0 0 0 0 0 0 0 0]
[1477658090396513413562100684236426923639271473564604653540763804634730669156582086699694251682530401542433672113698296611920075258139990091839201968480475676638628096986434549791411569956477815873776578360685586304571643775049524371517477108963387464482948661784214462631305109803898097989199310624274724790439712030114617776 0 0 0 0 0 0 0 0 0 0 0 0 0 0 0 0 0 0 0 0 0 0 0 0 0 0 0 0 0 0 0 0 0 0 0 0 0 0 0 0 0 0 0 0 0 1 0 0 0 0 0 0 0 0 0 0 0 0 0 0 0 0 0 0 0 0 0 0 0 0 0 0 0 0 0 0 0 0 0 0 0 0 0 0 0 0 0 0 0 0 0 0 0 0 0 0 0 0 0 0 0 0 0 0 0 0 0]
[3684467087929883577716662087926967416195295030514062727936797188299436208757055791360726726492363354764654825932985898988879281711793382352970126364020636327775694827208967930900677151081642748094403399515156908246969244303871363787756427688144157792079864561107781878181611009672336279247960493488423343498628988408941928857 0 0 0 0 0 0 0 0 0 0 0 0 0 0 0 0 0 0 0 0 0 0 0 0 0 0 0 0 0 0 0 0 0 0 0 0 0 0 0 0 0 0 0 0 0 0 1 0 0 0 0 0 0 0 0 0 0 0 0 0 0 0 0 0 0 0 0 0 0 0 0 0 0 0 0 0 0 0 0 0 0 0 0 0 0 0 0 0 0 0 0 0 0 0 0 0 0 0 0 0 0 0 0 0 0 0 0]
[7385392459518983798714794976631463495180133233363490067968522715476341992426564435030811055963413781627193295988505903938893278766529572569673903366094112361824737989917594929268519961409192103448602318565103504983843187227088188234416957953234850603318113402704656045662228522069357042699447192175443767299621311934762036163 0 0 0 0 0 0 0 0 0 0 0 0 0 0 0 0 0 0 0 0 0 0 0 0 0 0 0 0 0 0 0 0 0 0 0 0 0 0 0 0 0 0 0 0 0 0 0 1 0 0 0 0 0 0 0 0 0 0 0 0 0 0 0 0 0 0 0 0 0 0 0 0 0 0 0 0 0 0 0 0 0 0 0 0 0 0 0 0 0 0 0 0 0 0 0 0 0 0 0 0 0 0 0 0 0 0 0]
[1377984288696444295094595397385147089310992931146143190501560610217911176361928586393748340943237237369698007729569503840680644527335551919684388966465563386947544441252974610451704079668924673973323065090647886036927665119595801792271665504000382770216996989408541085201109570031210712274289947290604436195378279819318093489 0 0 0 0 0 0 0 0 0 0 0 0 0 0 0 0 0 0 0 0 0 0 0 0 0 0 0 0 0 0 0 0 0 0 0 0 0 0 0 0 0 0 0 0 0 0 0 0 1 0 0 0 0 0 0 0 0 0 0 0 0 0 0 0 0 0 0 0 0 0 0 0 0 0 0 0 0 0 0 0 0 0 0 0 0 0 0 0 0 0 0 0 0 0 0 0 0 0 0 0 0 0 0 0 0 0 0]
[7208962154429891974062953688537938110972527150459028994319552390542156622396252282258597759952857679856952686985520910693687261649841876550468009854999942014283588425697723784944045969586686952795278285248605947471334512244022468665303857638984570095907435691894010476191921354035757737902333156710027901665364626429646361190 0 0 0 0 0 0 0 0 0 0 0 0 0 0 0 0 0 0 0 0 0 0 0 0 0 0 0 0 0 0 0 0 0 0 0 0 0 0 0 0 0 0 0 0 0 0 0 0 0 1 0 0 0 0 0 0 0 0 0 0 0 0 0 0 0 0 0 0 0 0 0 0 0 0 0 0 0 0 0 0 0 0 0 0 0 0 0 0 0 0 0 0 0 0 0 0 0 0 0 0 0 0 0 0 0 0 0]
[6739137457736805329491678849044371617206895144363045786081271043656989980998269260489647291280843746179678581357123880972437163941635607114731156352838090892043396843449721560493233582364285131419131488455577848946870296027537222142026470782339263367941860698388920743778205684741181084295440518282818166779279821088660021010 0 0 0 0 0 0 0 0 0 0 0 0 0 0 0 0 0 0 0 0 0 0 0 0 0 0 0 0 0 0 0 0 0 0 0 0 0 0 0 0 0 0 0 0 0 0 0 0 0 0 1 0 0 0 0 0 0 0 0 0 0 0 0 0 0 0 0 0 0 0 0 0 0 0 0 0 0 0 0 0 0 0 0 0 0 0 0 0 0 0 0 0 0 0 0 0 0 0 0 0 0 0 0 0 0 0 0]
[931863859955315152792181795436036204947259484229197880258366870619249429508306534683394098511573110482721725027175446132702178178310136721720298310140534000102059477166758460141201522338133516497527631857493898283691087834988578910130356460792932544816335932367549453604159301151312386065730122851157594676100577957717632720 0 0 0 0 0 0 0 0 0 0 0 0 0 0 0 0 0 0 0 0 0 0 0 0 0 0 0 0 0 0 0 0 0 0 0 0 0 0 0 0 0 0 0 0 0 0 0 0 0 0 0 1 0 0 0 0 0 0 0 0 0 0 0 0 0 0 0 0 0 0 0 0 0 0 0 0 0 0 0 0 0 0 0 0 0 0 0 0 0 0 0 0 0 0 0 0 0 0 0 0 0 0 0 0 0 0 0]
[2297392191152016817938249981464840522279373827710549199339739716512713609693873356892835461368867005500406412460636209692144976719413455506915527811195052750169118715960611538768321335478065184575425884230932831914966525790490147523980149179427438897943674086823305681085457817348158890142450483733600441409182853144295247430 0 0 0 0 0 0 0 0 0 0 0 0 0 0 0 0 0 0 0 0 0 0 0 0 0 0 0 0 0 0 0 0 0 0 0 0 0 0 0 0 0 0 0 0 0 0 0 0 0 0 0 0 1 0 0 0 0 0 0 0 0 0 0 0 0 0 0 0 0 0 0 0 0 0 0 0 0 0 0 0 0 0 0 0 0 0 0 0 0 0 0 0 0 0 0 0 0 0 0 0 0 0 0 0 0 0 0]
[1309234563129610886537249197788970629188525866662371578766218408152693737338052572569533658143095383882611837877415766756501233581182584854811866843845315763236541676779193238153895985705818522683775469904503507855216468673183746412494472793260096842369004561762890294086234763894793772143475821740210003442379060511460735249 0 0 0 0 0 0 0 0 0 0 0 0 0 0 0 0 0 0 0 0 0 0 0 0 0 0 0 0 0 0 0 0 0 0 0 0 0 0 0 0 0 0 0 0 0 0 0 0 0 0 0 0 0 1 0 0 0 0 0 0 0 0 0 0 0 0 0 0 0 0 0 0 0 0 0 0 0 0 0 0 0 0 0 0 0 0 0 0 0 0 0 0 0 0 0 0 0 0 0 0 0 0 0 0 0 0 0]
[1578882605914465643196513195030461931480382903146895717701405163322621166179540707853023082024361788332583678631353058505262972048089208447194761580468350093930899763499271696305120118730721841707221735561360142651777831096850606422145341747056904287114990629199587638641441098392970776331990889898988797192150973795867338535 0 0 0 0 0 0 0 0 0 0 0 0 0 0 0 0 0 0 0 0 0 0 0 0 0 0 0 0 0 0 0 0 0 0 0 0 0 0 0 0 0 0 0 0 0 0 0 0 0 0 0 0 0 0 1 0 0 0 0 0 0 0 0 0 0 0 0 0 0 0 0 0 0 0 0 0 0 0 0 0 0 0 0 0 0 0 0 0 0 0 0 0 0 0 0 0 0 0 0 0 0 0 0 0 0 0 0]
[8593227897260566981047055858886007657847686995964489728735557083401951960101341647106117659287103807760252039687600073776459757581228260203223500239202453734170084633144211105776864212744049512211198624534069238249766497273374524955453780958167555569471577997910280297039923863488312024443035504468366831744682003086532541930 0 0 0 0 0 0 0 0 0 0 0 0 0 0 0 0 0 0 0 0 0 0 0 0 0 0 0 0 0 0 0 0 0 0 0 0 0 0 0 0 0 0 0 0 0 0 0 0 0 0 0 0 0 0 0 1 0 0 0 0 0 0 0 0 0 0 0 0 0 0 0 0 0 0 0 0 0 0 0 0 0 0 0 0 0 0 0 0 0 0 0 0 0 0 0 0 0 0 0 0 0 0 0 0 0 0 0]
[922006525416390288792335116803592060416233425906551332180451589294561624143434573132719446147976629519407574061544927966171968824289714775432981261906301924873695550692226579280314017864618441085137738565612945691749709779204391433448563418998054384576116327211324666334060375374422294762658529681874172169564464906233933455 0 0 0 0 0 0 0 0 0 0 0 0 0 0 0 0 0 0 0 0 0 0 0 0 0 0 0 0 0 0 0 0 0 0 0 0 0 0 0 0 0 0 0 0 0 0 0 0 0 0 0 0 0 0 0 0 1 0 0 0 0 0 0 0 0 0 0 0 0 0 0 0 0 0 0 0 0 0 0 0 0 0 0 0 0 0 0 0 0 0 0 0 0 0 0 0 0 0 0 0 0 0 0 0 0 0 0]
[5333717926347375344158425859705307321153545542700717354426622982432792788051355714228832530139287108079023982901130147864279179638373351014049284816180382248665765812050595412598123428626872130425921757591373614984770305252307680465068312144647747524060413632256601657610453247882350283093210565739736138677499432252968886507 0 0 0 0 0 0 0 0 0 0 0 0 0 0 0 0 0 0 0 0 0 0 0 0 0 0 0 0 0 0 0 0 0 0 0 0 0 0 0 0 0 0 0 0 0 0 0 0 0 0 0 0 0 0 0 0 0 1 0 0 0 0 0 0 0 0 0 0 0 0 0 0 0 0 0 0 0 0 0 0 0 0 0 0 0 0 0 0 0 0 0 0 0 0 0 0 0 0 0 0 0 0 0 0 0 0 0]
[8180266730172857522814527866153082676981761139279167034907939029308116900722969538427974903184136601784714597989959975569665561816819160608633662117784577695307823729482919656927379379533396110193801303067637201240233800015535867303236042522358936479547401649298370798273621919114266179851981618756605471770267148525858185895 0 0 0 0 0 0 0 0 0 0 0 0 0 0 0 0 0 0 0 0 0 0 0 0 0 0 0 0 0 0 0 0 0 0 0 0 0 0 0 0 0 0 0 0 0 0 0 0 0 0 0 0 0 0 0 0 0 0 1 0 0 0 0 0 0 0 0 0 0 0 0 0 0 0 0 0 0 0 0 0 0 0 0 0 0 0 0 0 0 0 0 0 0 0 0 0 0 0 0 0 0 0 0 0 0 0 0]
[9213935276875618087785808790551181220919706370912417083155133579083972807889898377045120006272881805765490706486246247790820718845866345243644270359148180832201389826124567832252755479162110666446546472863937006599771229985204188512305463659331106030694747295599835136126429130948772770039967065421171561936174157983717005536 0 0 0 0 0 0 0 0 0 0 0 0 0 0 0 0 0 0 0 0 0 0 0 0 0 0 0 0 0 0 0 0 0 0 0 0 0 0 0 0 0 0 0 0 0 0 0 0 0 0 0 0 0 0 0 0 0 0 0 1 0 0 0 0 0 0 0 0 0 0 0 0 0 0 0 0 0 0 0 0 0 0 0 0 0 0 0 0 0 0 0 0 0 0 0 0 0 0 0 0 0 0 0 0 0 0 0]
[1182469166610967206097145775173754323642650241803392502555007405867516759602246729195813267127484516962977031046221951346858906972457469677749394232924457208735413660161646393877335160084464279937849229870806340870478357538444917638236515584122116019354823438932074047419634243636129679407869980955902408923341196408922829885 0 0 0 0 0 0 0 0 0 0 0 0 0 0 0 0 0 0 0 0 0 0 0 0 0 0 0 0 0 0 0 0 0 0 0 0 0 0 0 0 0 0 0 0 0 0 0 0 0 0 0 0 0 0 0 0 0 0 0 0 1 0 0 0 0 0 0 0 0 0 0 0 0 0 0 0 0 0 0 0 0 0 0 0 0 0 0 0 0 0 0 0 0 0 0 0 0 0 0 0 0 0 0 0 0 0 0]
[5722515458555643392075405686806902711745987464709446579890192688114141173954858976014508644186237423399227388984244620516239633249573625307771674950153255871932243527808246190103642521067005805870623102796169846094113019592157353224120409668825099986710332567071675652819947727850814010402646863768920762184767525492585115043 0 0 0 0 0 0 0 0 0 0 0 0 0 0 0 0 0 0 0 0 0 0 0 0 0 0 0 0 0 0 0 0 0 0 0 0 0 0 0 0 0 0 0 0 0 0 0 0 0 0 0 0 0 0 0 0 0 0 0 0 0 1 0 0 0 0 0 0 0 0 0 0 0 0 0 0 0 0 0 0 0 0 0 0 0 0 0 0 0 0 0 0 0 0 0 0 0 0 0 0 0 0 0 0 0 0 0]
[2826232915545075167276944995482217894459492414480342023982696147246577446066247488890407160327616815647895721896989708854120184201074813510964060734535387174157142943629802185175272174307620484101441600336846446552104083500722083720892595820434686909623563667207621355442677204552068498598484946191896120044595896706521523772 0 0 0 0 0 0 0 0 0 0 0 0 0 0 0 0 0 0 0 0 0 0 0 0 0 0 0 0 0 0 0 0 0 0 0 0 0 0 0 0 0 0 0 0 0 0 0 0 0 0 0 0 0 0 0 0 0 0 0 0 0 0 1 0 0 0 0 0 0 0 0 0 0 0 0 0 0 0 0 0 0 0 0 0 0 0 0 0 0 0 0 0 0 0 0 0 0 0 0 0 0 0 0 0 0 0 0]
[8111373660809378137902814905342566548216808237741984659177554829909927916737515241775600575757039720305177137380400120881891758831981269849024772936255555135086039249213137182607133319226053869785771899993068995588783202859954339542123346735784924480244130320387268265917010246439040554916768976798566605357080459202196949521 0 0 0 0 0 0 0 0 0 0 0 0 0 0 0 0 0 0 0 0 0 0 0 0 0 0 0 0 0 0 0 0 0 0 0 0 0 0 0 0 0 0 0 0 0 0 0 0 0 0 0 0 0 0 0 0 0 0 0 0 0 0 0 1 0 0 0 0 0 0 0 0 0 0 0 0 0 0 0 0 0 0 0 0 0 0 0 0 0 0 0 0 0 0 0 0 0 0 0 0 0 0 0 0 0 0 0]
[5406028903228767745529890119629649898640976598866978217268618372384952670790539746060585071885523850081582957183396988270004696357805555244414026850878261381889929284303159959005030582892173907644599333324871115287214468004262671840209282169038658728087903617700764245696982779021706818234156987336228771606086275331088921846 0 0 0 0 0 0 0 0 0 0 0 0 0 0 0 0 0 0 0 0 0 0 0 0 0 0 0 0 0 0 0 0 0 0 0 0 0 0 0 0 0 0 0 0 0 0 0 0 0 0 0 0 0 0 0 0 0 0 0 0 0 0 0 0 1 0 0 0 0 0 0 0 0 0 0 0 0 0 0 0 0 0 0 0 0 0 0 0 0 0 0 0 0 0 0 0 0 0 0 0 0 0 0 0 0 0 0]
[3566325430241241927978567012273279502288545441705475356292540891669758803486906818577076450903610036027877728231366165033517363869182906589731841642161214678085368523169665520622582049298346829468502564560511726267216301027323063072764666061505007343257443262789854700462057781951554100134718748215537159253701472305319282208 0 0 0 0 0 0 0 0 0 0 0 0 0 0 0 0 0 0 0 0 0 0 0 0 0 0 0 0 0 0 0 0 0 0 0 0 0 0 0 0 0 0 0 0 0 0 0 0 0 0 0 0 0 0 0 0 0 0 0 0 0 0 0 0 0 1 0 0 0 0 0 0 0 0 0 0 0 0 0 0 0 0 0 0 0 0 0 0 0 0 0 0 0 0 0 0 0 0 0 0 0 0 0 0 0 0 0]
[2062158602393648880319958882977520855055323782232014719384775870461142159740007830400477124679949373518224784568919344936638357311701250790552472611504950116611620965753916389078386193768424011492282128448355015714039863527281830413009622196473188344504743825468814021218111423608790106156228089306435009032386550015147504528 0 0 0 0 0 0 0 0 0 0 0 0 0 0 0 0 0 0 0 0 0 0 0 0 0 0 0 0 0 0 0 0 0 0 0 0 0 0 0 0 0 0 0 0 0 0 0 0 0 0 0 0 0 0 0 0 0 0 0 0 0 0 0 0 0 0 1 0 0 0 0 0 0 0 0 0 0 0 0 0 0 0 0 0 0 0 0 0 0 0 0 0 0 0 0 0 0 0 0 0 0 0 0 0 0 0 0]
[7917303494455163260427848488039117181139133336306628864066378050859222970343661332083939871968097445783507796983918483015956418169229641794507843673379503584073408414866771021178881432932353231193601692080267388885586958064705146984804559943783953530030713728448536095348321951262512699171307121020515196773864923964962921555 0 0 0 0 0 0 0 0 0 0 0 0 0 0 0 0 0 0 0 0 0 0 0 0 0 0 0 0 0 0 0 0 0 0 0 0 0 0 0 0 0 0 0 0 0 0 0 0 0 0 0 0 0 0 0 0 0 0 0 0 0 0 0 0 0 0 0 1 0 0 0 0 0 0 0 0 0 0 0 0 0 0 0 0 0 0 0 0 0 0 0 0 0 0 0 0 0 0 0 0 0 0 0 0 0 0 0]
[6824586868846390876148877085729747374744776551204355425513189606742260796268967805197220696579762338632049900458776548297270317819251848627080232960846796409208017180108158960367935943101852498512471659735040952117837791382129654830925630936865797995789338461075397435705810642198033588483633039110614076971498569051743212522 0 0 0 0 0 0 0 0 0 0 0 0 0 0 0 0 0 0 0 0 0 0 0 0 0 0 0 0 0 0 0 0 0 0 0 0 0 0 0 0 0 0 0 0 0 0 0 0 0 0 0 0 0 0 0 0 0 0 0 0 0 0 0 0 0 0 0 0 1 0 0 0 0 0 0 0 0 0 0 0 0 0 0 0 0 0 0 0 0 0 0 0 0 0 0 0 0 0 0 0 0 0 0 0 0 0 0]
[406951068121070298333347167705637735241262986687422705051012267458727615656977977231942339139486279625315166721927653418674265134098815027340160005184711544194604109087247058604582089197171993191782364361520233415476862171865636188190686510113652239909746197138581410747652988240887145870732710531578158575060369768554521917 0 0 0 0 0 0 0 0 0 0 0 0 0 0 0 0 0 0 0 0 0 0 0 0 0 0 0 0 0 0 0 0 0 0 0 0 0 0 0 0 0 0 0 0 0 0 0 0 0 0 0 0 0 0 0 0 0 0 0 0 0 0 0 0 0 0 0 0 0 1 0 0 0 0 0 0 0 0 0 0 0 0 0 0 0 0 0 0 0 0 0 0 0 0 0 0 0 0 0 0 0 0 0 0 0 0 0]
[3960755642153077367453380400160200906834309270337672109826531387617165587692114231259142547361596864525407962650409624034713190746081577835647624862320243825078016289207262399317343082471267150408480073028974872429412407654913910473817790660923064247873145570139160596550997409913121022489981371698298455960100151952413602928 0 0 0 0 0 0 0 0 0 0 0 0 0 0 0 0 0 0 0 0 0 0 0 0 0 0 0 0 0 0 0 0 0 0 0 0 0 0 0 0 0 0 0 0 0 0 0 0 0 0 0 0 0 0 0 0 0 0 0 0 0 0 0 0 0 0 0 0 0 0 1 0 0 0 0 0 0 0 0 0 0 0 0 0 0 0 0 0 0 0 0 0 0 0 0 0 0 0 0 0 0 0 0 0 0 0 0]
[2131995697897319874448188405121905612616894264697139869346366920180028431898912694920260884343408032428187272533546501389131856266207409477769653597280458131302160999793117617182501595514939767637274418828544736637898782302163159714465262781155362012433501597251078219802017814380568749804649608990424124544876788233761702947 0 0 0 0 0 0 0 0 0 0 0 0 0 0 0 0 0 0 0 0 0 0 0 0 0 0 0 0 0 0 0 0 0 0 0 0 0 0 0 0 0 0 0 0 0 0 0 0 0 0 0 0 0 0 0 0 0 0 0 0 0 0 0 0 0 0 0 0 0 0 0 1 0 0 0 0 0 0 0 0 0 0 0 0 0 0 0 0 0 0 0 0 0 0 0 0 0 0 0 0 0 0 0 0 0 0 0]
[1241934611051379500072601202447303378285793458878645612924132563296754305108282314423178849175219608095285086899157353816396240058547492551187408602724543342578845384351960749516818656377509547869369877532283198778928301329588195267166361729005245163527132146545690270045553672026055856935209232179969517069784229960286806141 0 0 0 0 0 0 0 0 0 0 0 0 0 0 0 0 0 0 0 0 0 0 0 0 0 0 0 0 0 0 0 0 0 0 0 0 0 0 0 0 0 0 0 0 0 0 0 0 0 0 0 0 0 0 0 0 0 0 0 0 0 0 0 0 0 0 0 0 0 0 0 0 1 0 0 0 0 0 0 0 0 0 0 0 0 0 0 0 0 0 0 0 0 0 0 0 0 0 0 0 0 0 0 0 0 0 0]
[5493853627432136982355186519751532602832251805819868085339659732196890794731336399074652190151631315965021316977578688240510699032621856440065846804886497331742865340261299039816266227547434126467161383689165078536563744145032326372433117290580190430680827583490772378266149752075337913711506170365636874438680579083825236523 0 0 0 0 0 0 0 0 0 0 0 0 0 0 0 0 0 0 0 0 0 0 0 0 0 0 0 0 0 0 0 0 0 0 0 0 0 0 0 0 0 0 0 0 0 0 0 0 0 0 0 0 0 0 0 0 0 0 0 0 0 0 0 0 0 0 0 0 0 0 0 0 0 1 0 0 0 0 0 0 0 0 0 0 0 0 0 0 0 0 0 0 0 0 0 0 0 0 0 0 0 0 0 0 0 0 0]
[740826331088955032911766476303195626506171020674596997721595585372190541766260789288259657137854623397386828699466757032553830967061061553418443962980358510561142537144057896390340671654313504214465310241472136462260778936468505931125511326790460229497529306873385324973263793636774732106655180523663643175774573412802839094 0 0 0 0 0 0 0 0 0 0 0 0 0 0 0 0 0 0 0 0 0 0 0 0 0 0 0 0 0 0 0 0 0 0 0 0 0 0 0 0 0 0 0 0 0 0 0 0 0 0 0 0 0 0 0 0 0 0 0 0 0 0 0 0 0 0 0 0 0 0 0 0 0 0 1 0 0 0 0 0 0 0 0 0 0 0 0 0 0 0 0 0 0 0 0 0 0 0 0 0 0 0 0 0 0 0 0]
[2152799598014052110377527882341586760979795035667128364984216856669172829917470952881551593340913113906189705934252144646686055341251383615856445970173027017994329589748939546081424026806190431278600185153978234770226131140789055681658881749885125560635660651044994121765824459442508921611010166230644202841763591581328932091 0 0 0 0 0 0 0 0 0 0 0 0 0 0 0 0 0 0 0 0 0 0 0 0 0 0 0 0 0 0 0 0 0 0 0 0 0 0 0 0 0 0 0 0 0 0 0 0 0 0 0 0 0 0 0 0 0 0 0 0 0 0 0 0 0 0 0 0 0 0 0 0 0 0 0 1 0 0 0 0 0 0 0 0 0 0 0 0 0 0 0 0 0 0 0 0 0 0 0 0 0 0 0 0 0 0 0]
[6246422960265126991483519822354346411332839035705475384414951449096824369534257370363554882226037715653706709389352035943657218842725877828158604665258350927209322896431479885998424396887431934623922501615937264867460913558350559418879177434356666475043402087494771673812283920147741135282101938198710262451433779339843208780 0 0 0 0 0 0 0 0 0 0 0 0 0 0 0 0 0 0 0 0 0 0 0 0 0 0 0 0 0 0 0 0 0 0 0 0 0 0 0 0 0 0 0 0 0 0 0 0 0 0 0 0 0 0 0 0 0 0 0 0 0 0 0 0 0 0 0 0 0 0 0 0 0 0 0 0 1 0 0 0 0 0 0 0 0 0 0 0 0 0 0 0 0 0 0 0 0 0 0 0 0 0 0 0 0 0 0]
[1903382803875523204962521546977532433769826184040750192919064658050564590622442370995443839866704892151675314916209200180529539815841764034178563550699979087809749749803225422578233739488314069061087008943656256069609771346780404223439751214813685153687885069142570435567635115250351664840513440382576466123878911329504591339 0 0 0 0 0 0 0 0 0 0 0 0 0 0 0 0 0 0 0 0 0 0 0 0 0 0 0 0 0 0 0 0 0 0 0 0 0 0 0 0 0 0 0 0 0 0 0 0 0 0 0 0 0 0 0 0 0 0 0 0 0 0 0 0 0 0 0 0 0 0 0 0 0 0 0 0 0 1 0 0 0 0 0 0 0 0 0 0 0 0 0 0 0 0 0 0 0 0 0 0 0 0 0 0 0 0 0]
[2199687978627094315858415610644213583189318499639788808155509259224692237718638580397623964690305488009319721274421000241860909947394622435776095246726908718759241293927873673590706306340863615996323600935129552136116008725224276067629294708204355145190784141741941467049765519035144727488183025750348288813323037565624500608 0 0 0 0 0 0 0 0 0 0 0 0 0 0 0 0 0 0 0 0 0 0 0 0 0 0 0 0 0 0 0 0 0 0 0 0 0 0 0 0 0 0 0 0 0 0 0 0 0 0 0 0 0 0 0 0 0 0 0 0 0 0 0 0 0 0 0 0 0 0 0 0 0 0 0 0 0 0 1 0 0 0 0 0 0 0 0 0 0 0 0 0 0 0 0 0 0 0 0 0 0 0 0 0 0 0 0]
[1322989212144136935886661090370597934587610618889796635189121043899754174753260991585419086094214078600761670445600093637759562963724457281031943290691935513345095881909766814756010455498510877092542013874421480605727733065034922850092138523959968100734279052521097053290702783776418589865640274088577216622143823530428605633 0 0 0 0 0 0 0 0 0 0 0 0 0 0 0 0 0 0 0 0 0 0 0 0 0 0 0 0 0 0 0 0 0 0 0 0 0 0 0 0 0 0 0 0 0 0 0 0 0 0 0 0 0 0 0 0 0 0 0 0 0 0 0 0 0 0 0 0 0 0 0 0 0 0 0 0 0 0 0 1 0 0 0 0 0 0 0 0 0 0 0 0 0 0 0 0 0 0 0 0 0 0 0 0 0 0 0]
[3150785883754168348432972000724800515917219146071742558594845275922637050979696752060843835716800784711091551903352914841537746061261333392753322162602428126894835568877735956837595095390113410145009165194277331462871778677854173724801148003425386339286839257491502517540452026392766348882647485951110404955240730353156906229 0 0 0 0 0 0 0 0 0 0 0 0 0 0 0 0 0 0 0 0 0 0 0 0 0 0 0 0 0 0 0 0 0 0 0 0 0 0 0 0 0 0 0 0 0 0 0 0 0 0 0 0 0 0 0 0 0 0 0 0 0 0 0 0 0 0 0 0 0 0 0 0 0 0 0 0 0 0 0 0 1 0 0 0 0 0 0 0 0 0 0 0 0 0 0 0 0 0 0 0 0 0 0 0 0 0 0]
[68706451322371478960903538314008491437734207178855138379363022829295267547087275306750259553986011743077546958291518289505829125192032052023872557446498127617489172466131625873981804860922415764439713391806088082910962247460826485292572560514309919353729474777998270672869683593141163515746499143752698418171852336473809716 0 0 0 0 0 0 0 0 0 0 0 0 0 0 0 0 0 0 0 0 0 0 0 0 0 0 0 0 0 0 0 0 0 0 0 0 0 0 0 0 0 0 0 0 0 0 0 0 0 0 0 0 0 0 0 0 0 0 0 0 0 0 0 0 0 0 0 0 0 0 0 0 0 0 0 0 0 0 0 0 0 1 0 0 0 0 0 0 0 0 0 0 0 0 0 0 0 0 0 0 0 0 0 0 0 0 0]
[1225907378456916705422485804878795033599921502021504097643970223957562508938131007047541347700307357982735673492775529198547616520764236268792966554263266287195394430096200275884605075368189994681264544836263079184340783628635854889434410081999634961017912195311979154101235099607110483398274266043513996783937468000845661111 0 0 0 0 0 0 0 0 0 0 0 0 0 0 0 0 0 0 0 0 0 0 0 0 0 0 0 0 0 0 0 0 0 0 0 0 0 0 0 0 0 0 0 0 0 0 0 0 0 0 0 0 0 0 0 0 0 0 0 0 0 0 0 0 0 0 0 0 0 0 0 0 0 0 0 0 0 0 0 0 0 0 1 0 0 0 0 0 0 0 0 0 0 0 0 0 0 0 0 0 0 0 0 0 0 0 0]
[5585650961936004558225698264516361711509022800236813084034060605973287184123478163874666489187977823758650997596782014663555446455069091141424167582025759082318690240365036646921605766372608044801949496783416089804233678700329140832868096225389578510262592150562708374893032787746377611905779722681038066241939591124744391919 0 0 0 0 0 0 0 0 0 0 0 0 0 0 0 0 0 0 0 0 0 0 0 0 0 0 0 0 0 0 0 0 0 0 0 0 0 0 0 0 0 0 0 0 0 0 0 0 0 0 0 0 0 0 0 0 0 0 0 0 0 0 0 0 0 0 0 0 0 0 0 0 0 0 0 0 0 0 0 0 0 0 0 1 0 0 0 0 0 0 0 0 0 0 0 0 0 0 0 0 0 0 0 0 0 0 0]
[8320170968946873028363996608955032206733721096213364500931135793207624797287276659238834420188697444329153645593616125601760212332304979398821436468600708287529224049749380234933379481263727690084083442282266792868602900559457504806887838722771719809607596595492465768399991718041712125114723613658191005142799457519261081699 0 0 0 0 0 0 0 0 0 0 0 0 0 0 0 0 0 0 0 0 0 0 0 0 0 0 0 0 0 0 0 0 0 0 0 0 0 0 0 0 0 0 0 0 0 0 0 0 0 0 0 0 0 0 0 0 0 0 0 0 0 0 0 0 0 0 0 0 0 0 0 0 0 0 0 0 0 0 0 0 0 0 0 0 1 0 0 0 0 0 0 0 0 0 0 0 0 0 0 0 0 0 0 0 0 0 0]
[9128492179630630369443459393913654171646530997822264210186094585636553005383284089646932786486924756547297581724368462927467689642572737846088024307054236206581349007672335718588577432888963104032479955732967399826475530395391079853699038163656915990490674059218988023018352679688753282116884425841115480880707084385280140635 0 0 0 0 0 0 0 0 0 0 0 0 0 0 0 0 0 0 0 0 0 0 0 0 0 0 0 0 0 0 0 0 0 0 0 0 0 0 0 0 0 0 0 0 0 0 0 0 0 0 0 0 0 0 0 0 0 0 0 0 0 0 0 0 0 0 0 0 0 0 0 0 0 0 0 0 0 0 0 0 0 0 0 0 0 1 0 0 0 0 0 0 0 0 0 0 0 0 0 0 0 0 0 0 0 0 0]
[714034420383026181281448861142019241735553435233328652210180526215909445505164736242396635153471987918811446778929033712329377362971216123124064972865969361614498387342265811344038681881274043541535869856845358999448509360017365400555378502847693615100640363404515395219405026661614122882962731422135930128076404520105823591 0 0 0 0 0 0 0 0 0 0 0 0 0 0 0 0 0 0 0 0 0 0 0 0 0 0 0 0 0 0 0 0 0 0 0 0 0 0 0 0 0 0 0 0 0 0 0 0 0 0 0 0 0 0 0 0 0 0 0 0 0 0 0 0 0 0 0 0 0 0 0 0 0 0 0 0 0 0 0 0 0 0 0 0 0 0 1 0 0 0 0 0 0 0 0 0 0 0 0 0 0 0 0 0 0 0 0]
[4484050960996991366156205166737729671783191972994161772425070294688491359505350190755830719865166616734304637518873527870643208332601344749691660759723391380601642389977261461391822463205647945127706862269739635209239513193888620238338917651355832825407072111887783724147946064579217457257299863508163667033269974326168305086 0 0 0 0 0 0 0 0 0 0 0 0 0 0 0 0 0 0 0 0 0 0 0 0 0 0 0 0 0 0 0 0 0 0 0 0 0 0 0 0 0 0 0 0 0 0 0 0 0 0 0 0 0 0 0 0 0 0 0 0 0 0 0 0 0 0 0 0 0 0 0 0 0 0 0 0 0 0 0 0 0 0 0 0 0 0 0 1 0 0 0 0 0 0 0 0 0 0 0 0 0 0 0 0 0 0 0]
[7328118523154672239057290956359587541590370283255699996149613228780136253884948642739482529922785733080509847098028199338990283919875520193762540061062078612882229106501033452255121598418314257512123988854288512140201482681404797823146555569723423029544793950101841672602465444298120947610658825212721894735088086644948032913 0 0 0 0 0 0 0 0 0 0 0 0 0 0 0 0 0 0 0 0 0 0 0 0 0 0 0 0 0 0 0 0 0 0 0 0 0 0 0 0 0 0 0 0 0 0 0 0 0 0 0 0 0 0 0 0 0 0 0 0 0 0 0 0 0 0 0 0 0 0 0 0 0 0 0 0 0 0 0 0 0 0 0 0 0 0 0 0 1 0 0 0 0 0 0 0 0 0 0 0 0 0 0 0 0 0 0]
[7253308783568427905544175619961216579678222293923091874351872953751231468900456299533371905375973601331054927015270624265279098366506099399599322896679498540884713510785843702009588397670870575365730874806448916344483317441669894550682914903538553940206693744590831250745403535601100151873525431457174854875807311060761006879 0 0 0 0 0 0 0 0 0 0 0 0 0 0 0 0 0 0 0 0 0 0 0 0 0 0 0 0 0 0 0 0 0 0 0 0 0 0 0 0 0 0 0 0 0 0 0 0 0 0 0 0 0 0 0 0 0 0 0 0 0 0 0 0 0 0 0 0 0 0 0 0 0 0 0 0 0 0 0 0 0 0 0 0 0 0 0 0 0 1 0 0 0 0 0 0 0 0 0 0 0 0 0 0 0 0 0]
[7856644366540118388984220193504174064246787451463788451846213253579044678365078026273706270616206544380044043826177907563565280596943137450845898753870803577330526334845061849078508113983680550182123306855193496807381326804279714818766344083537604943468888587994173849916468994709610642864347169439974675148396397473098819265 0 0 0 0 0 0 0 0 0 0 0 0 0 0 0 0 0 0 0 0 0 0 0 0 0 0 0 0 0 0 0 0 0 0 0 0 0 0 0 0 0 0 0 0 0 0 0 0 0 0 0 0 0 0 0 0 0 0 0 0 0 0 0 0 0 0 0 0 0 0 0 0 0 0 0 0 0 0 0 0 0 0 0 0 0 0 0 0 0 0 1 0 0 0 0 0 0 0 0 0 0 0 0 0 0 0 0]
[8680773187919685608723098017535117833912614808478268791621792120260084113129859311612607916662034244856239212884884853106669361526507893231648767513921923145140368562942585930858151818636052824488527066905809684488993771550869438261971119281405141328914801517425367626213175371678541367040463741563920507026060133596424198292 0 0 0 0 0 0 0 0 0 0 0 0 0 0 0 0 0 0 0 0 0 0 0 0 0 0 0 0 0 0 0 0 0 0 0 0 0 0 0 0 0 0 0 0 0 0 0 0 0 0 0 0 0 0 0 0 0 0 0 0 0 0 0 0 0 0 0 0 0 0 0 0 0 0 0 0 0 0 0 0 0 0 0 0 0 0 0 0 0 0 0 1 0 0 0 0 0 0 0 0 0 0 0 0 0 0 0]
[538968515633683236436609731544780423477664535389286669783830426479814220085329101914087133318743592548891592411995231494092393729996131607569714998040583749981410722761189551446911161103331439919523827380752090585725192935122840574577837163739447335149599844889189931802991822905583182102282876290627239870563645311331844004 0 0 0 0 0 0 0 0 0 0 0 0 0 0 0 0 0 0 0 0 0 0 0 0 0 0 0 0 0 0 0 0 0 0 0 0 0 0 0 0 0 0 0 0 0 0 0 0 0 0 0 0 0 0 0 0 0 0 0 0 0 0 0 0 0 0 0 0 0 0 0 0 0 0 0 0 0 0 0 0 0 0 0 0 0 0 0 0 0 0 0 0 1 0 0 0 0 0 0 0 0 0 0 0 0 0 0]
[4826628273467094354710500177525171524368824753596252270165254035716358856716695912271596322063856607603825945988301063800887579469385310507049054710862278745194286856321214382948924033748185509271796584176376440544705983942623024712037147985050282211590569820952622958230401326723725984566271728901525839314673312726461146546 0 0 0 0 0 0 0 0 0 0 0 0 0 0 0 0 0 0 0 0 0 0 0 0 0 0 0 0 0 0 0 0 0 0 0 0 0 0 0 0 0 0 0 0 0 0 0 0 0 0 0 0 0 0 0 0 0 0 0 0 0 0 0 0 0 0 0 0 0 0 0 0 0 0 0 0 0 0 0 0 0 0 0 0 0 0 0 0 0 0 0 0 0 1 0 0 0 0 0 0 0 0 0 0 0 0 0]
[4578346845908808200996618963033333586879150939175509131688511922257469524349853272762086778303583555144472002594219385097366616415559780825995930094168066834834207101776077759075052783168752750037210823901653446847893099688036169812415353663769071891060820193119420771123215301185154842545461712041634201998248879046640679662 0 0 0 0 0 0 0 0 0 0 0 0 0 0 0 0 0 0 0 0 0 0 0 0 0 0 0 0 0 0 0 0 0 0 0 0 0 0 0 0 0 0 0 0 0 0 0 0 0 0 0 0 0 0 0 0 0 0 0 0 0 0 0 0 0 0 0 0 0 0 0 0 0 0 0 0 0 0 0 0 0 0 0 0 0 0 0 0 0 0 0 0 0 0 1 0 0 0 0 0 0 0 0 0 0 0 0]
[1352388607626144790140932426814001636403295282172682945372973905093631139452379183915256117878118405522552114126076984458926186657786931575099507480665472446516692768493955648148203936350067996839974421703476545007104904773886409223824464943902500595925126752463765895319602216292792156944353405136572392028894812309921331840 0 0 0 0 0 0 0 0 0 0 0 0 0 0 0 0 0 0 0 0 0 0 0 0 0 0 0 0 0 0 0 0 0 0 0 0 0 0 0 0 0 0 0 0 0 0 0 0 0 0 0 0 0 0 0 0 0 0 0 0 0 0 0 0 0 0 0 0 0 0 0 0 0 0 0 0 0 0 0 0 0 0 0 0 0 0 0 0 0 0 0 0 0 0 0 1 0 0 0 0 0 0 0 0 0 0 0]
[8123757107911074264889424292909020841711351201584463114650045707747040161993102549850430240195293774759798730390511412286967291819763573601642926359423299850903508003818668540289854686763324526382866224359085116654797639008926280576667976643123916850917321700191429551254406004841053100898697511181076295943421203476356338770 0 0 0 0 0 0 0 0 0 0 0 0 0 0 0 0 0 0 0 0 0 0 0 0 0 0 0 0 0 0 0 0 0 0 0 0 0 0 0 0 0 0 0 0 0 0 0 0 0 0 0 0 0 0 0 0 0 0 0 0 0 0 0 0 0 0 0 0 0 0 0 0 0 0 0 0 0 0 0 0 0 0 0 0 0 0 0 0 0 0 0 0 0 0 0 0 1 0 0 0 0 0 0 0 0 0 0]
[4970995661669928282158841916914934756318917492421207085812747856714004893346302368235076250687388119867048330707128040675064588087464074177116672918562832615395676266775072910563733882955498056928845611110961014181139369779786346376193818685306442215817054809856027144040837160376432627033367276781433103550771292757070403046 0 0 0 0 0 0 0 0 0 0 0 0 0 0 0 0 0 0 0 0 0 0 0 0 0 0 0 0 0 0 0 0 0 0 0 0 0 0 0 0 0 0 0 0 0 0 0 0 0 0 0 0 0 0 0 0 0 0 0 0 0 0 0 0 0 0 0 0 0 0 0 0 0 0 0 0 0 0 0 0 0 0 0 0 0 0 0 0 0 0 0 0 0 0 0 0 0 1 0 0 0 0 0 0 0 0 0]
[7913456471156866361278813676864011641793000027049953992968122370811604037939069434889354990925881783797121660003338690977806628154208457660099285073178536087387039910862706317374341639608721793730672596703052656707276314079895583141964782642620986314306063560681756141687572346001753439997497249532143241444964611420963099567 0 0 0 0 0 0 0 0 0 0 0 0 0 0 0 0 0 0 0 0 0 0 0 0 0 0 0 0 0 0 0 0 0 0 0 0 0 0 0 0 0 0 0 0 0 0 0 0 0 0 0 0 0 0 0 0 0 0 0 0 0 0 0 0 0 0 0 0 0 0 0 0 0 0 0 0 0 0 0 0 0 0 0 0 0 0 0 0 0 0 0 0 0 0 0 0 0 0 1 0 0 0 0 0 0 0 0]
[7872334486533229898096339661710179974024596926183491001775100228924432125463396205401965461043648354819482727013609406196852981987266415504177130041517695433169205983577774207943409871711638904436088290026679107424070806558328079889681859635511159668500147119332180160193950385956379557952646655700769740618733262533680490615 0 0 0 0 0 0 0 0 0 0 0 0 0 0 0 0 0 0 0 0 0 0 0 0 0 0 0 0 0 0 0 0 0 0 0 0 0 0 0 0 0 0 0 0 0 0 0 0 0 0 0 0 0 0 0 0 0 0 0 0 0 0 0 0 0 0 0 0 0 0 0 0 0 0 0 0 0 0 0 0 0 0 0 0 0 0 0 0 0 0 0 0 0 0 0 0 0 0 0 1 0 0 0 0 0 0 0]
[336097191168004711779133663850464775299923180801769732732669159524097782625043731161265745291261143008229756230144728363685895630637232154392276185996911933700393685496821964087380626266038015456365355620260438078768795293601155715072936811827790283395427546227835627929553850811881231393713953850595656760159885995440647334 0 0 0 0 0 0 0 0 0 0 0 0 0 0 0 0 0 0 0 0 0 0 0 0 0 0 0 0 0 0 0 0 0 0 0 0 0 0 0 0 0 0 0 0 0 0 0 0 0 0 0 0 0 0 0 0 0 0 0 0 0 0 0 0 0 0 0 0 0 0 0 0 0 0 0 0 0 0 0 0 0 0 0 0 0 0 0 0 0 0 0 0 0 0 0 0 0 0 0 0 1 0 0 0 0 0 0]
[6572180115513671506770092419977936411419284025611771500299277064969521468037926484171095294462962095374949656499207663023684711991951593908751433031829326086399394231071853921434835808481236758931043012074632098645819397747436997125796505375305239721174260172812876046649547468137712749650896813283705185979445224061695944436 0 0 0 0 0 0 0 0 0 0 0 0 0 0 0 0 0 0 0 0 0 0 0 0 0 0 0 0 0 0 0 0 0 0 0 0 0 0 0 0 0 0 0 0 0 0 0 0 0 0 0 0 0 0 0 0 0 0 0 0 0 0 0 0 0 0 0 0 0 0 0 0 0 0 0 0 0 0 0 0 0 0 0 0 0 0 0 0 0 0 0 0 0 0 0 0 0 0 0 0 0 1 0 0 0 0 0]
[7432524542824263826837323365697443980727753368208181503097063324776249368044432750392622157962754635226731301699856722153938796031752191092171470150847142536860535295260858615398111621320854181284488078378002328695083420772116371545517353114178089330410225216280120732265217389416850755601306359781418494542589976440838301052 0 0 0 0 0 0 0 0 0 0 0 0 0 0 0 0 0 0 0 0 0 0 0 0 0 0 0 0 0 0 0 0 0 0 0 0 0 0 0 0 0 0 0 0 0 0 0 0 0 0 0 0 0 0 0 0 0 0 0 0 0 0 0 0 0 0 0 0 0 0 0 0 0 0 0 0 0 0 0 0 0 0 0 0 0 0 0 0 0 0 0 0 0 0 0 0 0 0 0 0 0 0 1 0 0 0 0]
[4654930340257004158462590343833366459487501358184221930133936592074347536905564524729026494481161457499070162435233562431219688506657459611120211568348694008344580435857026951178930801241306764676190243159608646525581944409478696980181241263256993380242586757194324926341181098807867172587447611898909495553614752232189716154 0 0 0 0 0 0 0 0 0 0 0 0 0 0 0 0 0 0 0 0 0 0 0 0 0 0 0 0 0 0 0 0 0 0 0 0 0 0 0 0 0 0 0 0 0 0 0 0 0 0 0 0 0 0 0 0 0 0 0 0 0 0 0 0 0 0 0 0 0 0 0 0 0 0 0 0 0 0 0 0 0 0 0 0 0 0 0 0 0 0 0 0 0 0 0 0 0 0 0 0 0 0 0 1 0 0 0]
[7013870373622103828303766303825998864762297323071427284975526898504483226467680360654725168604492294109277103838465145860036636341330612101522438017680234198702761107005000198972137252522719755320709694312676671062958467890678582493460871202680761660209442502766526906452846907642492334777640818717719476538680165728223940830 0 0 0 0 0 0 0 0 0 0 0 0 0 0 0 0 0 0 0 0 0 0 0 0 0 0 0 0 0 0 0 0 0 0 0 0 0 0 0 0 0 0 0 0 0 0 0 0 0 0 0 0 0 0 0 0 0 0 0 0 0 0 0 0 0 0 0 0 0 0 0 0 0 0 0 0 0 0 0 0 0 0 0 0 0 0 0 0 0 0 0 0 0 0 0 0 0 0 0 0 0 0 0 0 1 0 0]
[5623429129227578317495516587410303760847510937390413247059741534794188192068517142058131901557479366416147006814683347428514575508159201305796414558610774617373335760514799817268069258400124961112554183293370472737465305457986782268436114629014096056254325374023889319880596248175471181171041325215057064296963315056203234791 0 0 0 0 0 0 0 0 0 0 0 0 0 0 0 0 0 0 0 0 0 0 0 0 0 0 0 0 0 0 0 0 0 0 0 0 0 0 0 0 0 0 0 0 0 0 0 0 0 0 0 0 0 0 0 0 0 0 0 0 0 0 0 0 0 0 0 0 0 0 0 0 0 0 0 0 0 0 0 0 0 0 0 0 0 0 0 0 0 0 0 0 0 0 0 0 0 0 0 0 0 0 0 0 0 1 0]
[1072159284637486429982927910540362425799254126265947414481809193478527450322930158562901197575125027382342294419262451495116471072748179471839480174454865962132655176817317126790642053086328006346258132119488660073236433475994432743800701751649750424028031961163791468199302410795171338663757607702385587925206477096774900402 0 0 0 0 0 0 0 0 0 0 0 0 0 0 0 0 0 0 0 0 0 0 0 0 0 0 0 0 0 0 0 0 0 0 0 0 0 0 0 0 0 0 0 0 0 0 0 0 0 0 0 0 0 0 0 0 0 0 0 0 0 0 0 0 0 0 0 0 0 0 0 0 0 0 0 0 0 0 0 0 0 0 0 0 0 0 0 0 0 0 0 0 0 0 0 0 0 0 0 0 0 0 0 0 0 0 1]
]
