[[2358365495223445313407960843105653726030110645181588275335101270890201592097181100607447327674736964488415318990383136875624635994285855610760368589282481307 0 0 0 0 0 0 0 0 0 0 0 0 0 0 0 0 0 0 0 0 0 0 0 0 0 0 0 0 0 0 0 0 0 0 0 0 0 0 0 0 0 0 0 0 0 0 0 0 0 0 0]
[227479802455443450709140563452818865876997456695884021107728773665069968172524800745751567520492690618380646767516024067733068882424965148014691221893413309 1 0 0 0 0 0 0 0 0 0 0 0 0 0 0 0 0 0 0 0 0 0 0 0 0 0 0 0 0 0 0 0 0 0 0 0 0 0 0 0 0 0 0 0 0 0 0 0 0 0 0]
[2191530883190099091336372214937819142566728208100474394944035212901024111992199993029819214563299493828148025412175081931225663578058587972959550468905707618 0 1 0 0 0 0 0 0 0 0 0 0 0 0 0 0 0 0 0 0 0 0 0 0 0 0 0 0 0 0 0 0 0 0 0 0 0 0 0 0 0 0 0 0 0 0 0 0 0 0 0]
[1310867618918630139591944126801602744826910043919595030695861442491843995881978815274520770182077565041584725458600197225393427298780237194768963278571949665 0 0 1 0 0 0 0 0 0 0 0 0 0 0 0 0 0 0 0 0 0 0 0 0 0 0 0 0 0 0 0 0 0 0 0 0 0 0 0 0 0 0 0 0 0 0 0 0 0 0 0]
[1614500234596495177563285811837362624014624808422403818234678120315742423267301770681188181459340759666005533303151699763063360799159404597360508638632619084 0 0 0 1 0 0 0 0 0 0 0 0 0 0 0 0 0 0 0 0 0 0 0 0 0 0 0 0 0 0 0 0 0 0 0 0 0 0 0 0 0 0 0 0 0 0 0 0 0 0 0]
[257831047824096783024617057836162788761781257972572667096445165218478908344550822666146094224333214862943015975347667983131449799453097451816447537892526841 0 0 0 0 1 0 0 0 0 0 0 0 0 0 0 0 0 0 0 0 0 0 0 0 0 0 0 0 0 0 0 0 0 0 0 0 0 0 0 0 0 0 0 0 0 0 0 0 0 0 0]
[335750913741708965032993164894861426165800670287698520889353904091544073270053056940452874736842798806601196257673464697459973301928522287579080924148912025 0 0 0 0 0 1 0 0 0 0 0 0 0 0 0 0 0 0 0 0 0 0 0 0 0 0 0 0 0 0 0 0 0 0 0 0 0 0 0 0 0 0 0 0 0 0 0 0 0 0 0]
[224928586480609355261618382387452333088319830920492209710163835694336889761462264634423437164946750364788310787732360782818434533750192243556839477367097219 0 0 0 0 0 0 1 0 0 0 0 0 0 0 0 0 0 0 0 0 0 0 0 0 0 0 0 0 0 0 0 0 0 0 0 0 0 0 0 0 0 0 0 0 0 0 0 0 0 0 0]
[2530020428042751969879656786938575294764320560639168088820075540808002439123041395249591335162340466361043377243036942385150938083733610241698189621501100 0 0 0 0 0 0 0 1 0 0 0 0 0 0 0 0 0 0 0 0 0 0 0 0 0 0 0 0 0 0 0 0 0 0 0 0 0 0 0 0 0 0 0 0 0 0 0 0 0 0 0]
[849298002739996797435116438271111206770722985352979544417567954733276377999446983011816288476691679218841441135745351675586161020902175158023977967567569192 0 0 0 0 0 0 0 0 1 0 0 0 0 0 0 0 0 0 0 0 0 0 0 0 0 0 0 0 0 0 0 0 0 0 0 0 0 0 0 0 0 0 0 0 0 0 0 0 0 0 0]
[2297997132321671771476075169053404582584877686272639219369936974883154992745105800538865990332856589973013006075885043338383980760485324753601736209859791134 0 0 0 0 0 0 0 0 0 1 0 0 0 0 0 0 0 0 0 0 0 0 0 0 0 0 0 0 0 0 0 0 0 0 0 0 0 0 0 0 0 0 0 0 0 0 0 0 0 0 0]
[2155891317062790822021107474440509069462982563439109917567282752613593423116062370838098786978450077458408028407968909594464655946214572369992940529042582750 0 0 0 0 0 0 0 0 0 0 1 0 0 0 0 0 0 0 0 0 0 0 0 0 0 0 0 0 0 0 0 0 0 0 0 0 0 0 0 0 0 0 0 0 0 0 0 0 0 0 0]
[1355643842759021517268043268707196231413054399733771494150881097151300906590821949180496202189457110668145056617191097888684485116976110269205376897082863697 0 0 0 0 0 0 0 0 0 0 0 1 0 0 0 0 0 0 0 0 0 0 0 0 0 0 0 0 0 0 0 0 0 0 0 0 0 0 0 0 0 0 0 0 0 0 0 0 0 0 0]
[2025650136590238184998284886280172328391781331843266961403458785830813471512860987269540979839954937747899083725744937377059513955033378472295882291505583838 0 0 0 0 0 0 0 0 0 0 0 0 1 0 0 0 0 0 0 0 0 0 0 0 0 0 0 0 0 0 0 0 0 0 0 0 0 0 0 0 0 0 0 0 0 0 0 0 0 0 0]
[1124151222877643457149937720094535082769105381268838738206225519366459306937438889138562903004572014847518161563040420291892221847303656179247513768931136098 0 0 0 0 0 0 0 0 0 0 0 0 0 1 0 0 0 0 0 0 0 0 0 0 0 0 0 0 0 0 0 0 0 0 0 0 0 0 0 0 0 0 0 0 0 0 0 0 0 0 0]
[1085853940494798134533551564230755815966705102207998181191689056448891947518145786997796532506039796105705589207425993969207853878729991656672542003040282055 0 0 0 0 0 0 0 0 0 0 0 0 0 0 1 0 0 0 0 0 0 0 0 0 0 0 0 0 0 0 0 0 0 0 0 0 0 0 0 0 0 0 0 0 0 0 0 0 0 0 0]
[902330511089144199659984787738510959538856688950867797341418573059578012594679859430146154930920277879758031068778826694584523874231254613413560923863192099 0 0 0 0 0 0 0 0 0 0 0 0 0 0 0 1 0 0 0 0 0 0 0 0 0 0 0 0 0 0 0 0 0 0 0 0 0 0 0 0 0 0 0 0 0 0 0 0 0 0 0]
[2092042921129128718828798254925115731981155053249020107660612202183623390394469907695133410183269195093174154779458454870323208525106603490833520574478289262 0 0 0 0 0 0 0 0 0 0 0 0 0 0 0 0 1 0 0 0 0 0 0 0 0 0 0 0 0 0 0 0 0 0 0 0 0 0 0 0 0 0 0 0 0 0 0 0 0 0 0]
[820520580395568983273909538032196313264203796866678578602940926918293832283755907737351319650330036193997198206259780966172480101731274825171190335279442465 0 0 0 0 0 0 0 0 0 0 0 0 0 0 0 0 0 1 0 0 0 0 0 0 0 0 0 0 0 0 0 0 0 0 0 0 0 0 0 0 0 0 0 0 0 0 0 0 0 0 0]
[1854988989042528673129726578226037158455721745135774790750706541051720353880109983721080211272035887417498182813543104473252890165662339073217221170166397049 0 0 0 0 0 0 0 0 0 0 0 0 0 0 0 0 0 0 1 0 0 0 0 0 0 0 0 0 0 0 0 0 0 0 0 0 0 0 0 0 0 0 0 0 0 0 0 0 0 0 0]
[594262774353984591235589558618372023412254849853170743246355619736699663327511522446738751167761541405894359218762390582773799021506288081447194558378752606 0 0 0 0 0 0 0 0 0 0 0 0 0 0 0 0 0 0 0 1 0 0 0 0 0 0 0 0 0 0 0 0 0 0 0 0 0 0 0 0 0 0 0 0 0 0 0 0 0 0 0]
[814596999812234855693924021597627286125109407905880894211643510729315611366402876043725939920057757600264307244685670304705604160416694687908045871482289141 0 0 0 0 0 0 0 0 0 0 0 0 0 0 0 0 0 0 0 0 1 0 0 0 0 0 0 0 0 0 0 0 0 0 0 0 0 0 0 0 0 0 0 0 0 0 0 0 0 0 0]
[1499664711352678124771042179372741134889820605314117676660593254331087559930956443635900673869850641286947588621647375682590827423740907256362972046913837710 0 0 0 0 0 0 0 0 0 0 0 0 0 0 0 0 0 0 0 0 0 1 0 0 0 0 0 0 0 0 0 0 0 0 0 0 0 0 0 0 0 0 0 0 0 0 0 0 0 0 0]
[736169853532605332343420178917348411051284905564723510881796240811693104541263932791573282228999615539468806077088818677976906176557177954954295865912236129 0 0 0 0 0 0 0 0 0 0 0 0 0 0 0 0 0 0 0 0 0 0 1 0 0 0 0 0 0 0 0 0 0 0 0 0 0 0 0 0 0 0 0 0 0 0 0 0 0 0 0]
[1209543721666846482307805077216903963847662286695275373674668560148950262477846699731391835039355814659260549464214865058787491123089949618251458068783679386 0 0 0 0 0 0 0 0 0 0 0 0 0 0 0 0 0 0 0 0 0 0 0 1 0 0 0 0 0 0 0 0 0 0 0 0 0 0 0 0 0 0 0 0 0 0 0 0 0 0 0]
[2354330312797121563353413501440897364770171737299125173750138914760450196837008943636177260062848547051422597671340572381007773904450403405218285249751718416 0 0 0 0 0 0 0 0 0 0 0 0 0 0 0 0 0 0 0 0 0 0 0 0 1 0 0 0 0 0 0 0 0 0 0 0 0 0 0 0 0 0 0 0 0 0 0 0 0 0 0]
[269134028894608185334386598582352699361204831968479864974028878916811228838834918769570429052836729300986652653696125856671807943710190783451190150071111460 0 0 0 0 0 0 0 0 0 0 0 0 0 0 0 0 0 0 0 0 0 0 0 0 0 1 0 0 0 0 0 0 0 0 0 0 0 0 0 0 0 0 0 0 0 0 0 0 0 0 0]
[930207849096841557424034741588708782180232127298755790236788402015599830572694650294568274404852318516893443746119150022783942511757046900703343263638643046 0 0 0 0 0 0 0 0 0 0 0 0 0 0 0 0 0 0 0 0 0 0 0 0 0 0 1 0 0 0 0 0 0 0 0 0 0 0 0 0 0 0 0 0 0 0 0 0 0 0 0]
[677424058688462808702379719041654590614531404911823895075234883499410041321678988287162498135597051370456910874375129893697273329133760823620700532243461427 0 0 0 0 0 0 0 0 0 0 0 0 0 0 0 0 0 0 0 0 0 0 0 0 0 0 0 1 0 0 0 0 0 0 0 0 0 0 0 0 0 0 0 0 0 0 0 0 0 0 0]
[243673578683062831230978432986351601335933053354225494646072422184571866084261695209477727720509170610244304080330019582655170566206415663764902278247578623 0 0 0 0 0 0 0 0 0 0 0 0 0 0 0 0 0 0 0 0 0 0 0 0 0 0 0 0 1 0 0 0 0 0 0 0 0 0 0 0 0 0 0 0 0 0 0 0 0 0 0]
[1161047753906715943277781275207319227116719895359759081676485023522997731433129006254317421834342283603630389435869779838708507794638440863449345805189646229 0 0 0 0 0 0 0 0 0 0 0 0 0 0 0 0 0 0 0 0 0 0 0 0 0 0 0 0 0 1 0 0 0 0 0 0 0 0 0 0 0 0 0 0 0 0 0 0 0 0 0]
[521920101216483636690430142150884757169760305582882944457260666063420226732652588905750868687425263007228714690344435175826140692070459290672949058759142946 0 0 0 0 0 0 0 0 0 0 0 0 0 0 0 0 0 0 0 0 0 0 0 0 0 0 0 0 0 0 1 0 0 0 0 0 0 0 0 0 0 0 0 0 0 0 0 0 0 0 0]
[2279662664032439303009600556044133134133367124233140955224812414259252365043753220056302105389690290834759943387774517304854832062088328558791925992969935685 0 0 0 0 0 0 0 0 0 0 0 0 0 0 0 0 0 0 0 0 0 0 0 0 0 0 0 0 0 0 0 1 0 0 0 0 0 0 0 0 0 0 0 0 0 0 0 0 0 0 0]
[2084208987489657905925274240645976682694167835862037222467306428775987405306693939424940087838917233597425964481200759507176540348357837992011394226923074950 0 0 0 0 0 0 0 0 0 0 0 0 0 0 0 0 0 0 0 0 0 0 0 0 0 0 0 0 0 0 0 0 1 0 0 0 0 0 0 0 0 0 0 0 0 0 0 0 0 0 0]
[668825569514305058390773344665379025847722687216207419917990302457882380067422993774542472138064601146218480196099695858189206607912132697322719073882823412 0 0 0 0 0 0 0 0 0 0 0 0 0 0 0 0 0 0 0 0 0 0 0 0 0 0 0 0 0 0 0 0 0 1 0 0 0 0 0 0 0 0 0 0 0 0 0 0 0 0 0]
[875081523992951506731437617403517497753196972434801856197236147622501971270102153688060563312316166235613719592708347297749507002955593909510188975851331721 0 0 0 0 0 0 0 0 0 0 0 0 0 0 0 0 0 0 0 0 0 0 0 0 0 0 0 0 0 0 0 0 0 0 1 0 0 0 0 0 0 0 0 0 0 0 0 0 0 0 0]
[636691887221971855931311900441953949891318259007692715307488172826689086259950693122123822399959118015096988520987809002130760268065045893438721279765379625 0 0 0 0 0 0 0 0 0 0 0 0 0 0 0 0 0 0 0 0 0 0 0 0 0 0 0 0 0 0 0 0 0 0 0 1 0 0 0 0 0 0 0 0 0 0 0 0 0 0 0]
[149273155271158032860379137547863407269776639319766487993415854196086514457653516955887173190427904070656383716724554806135590587557659828483267208142761171 0 0 0 0 0 0 0 0 0 0 0 0 0 0 0 0 0 0 0 0 0 0 0 0 0 0 0 0 0 0 0 0 0 0 0 0 1 0 0 0 0 0 0 0 0 0 0 0 0 0 0]
[1062024973639376543832310947396731102748659444284269141596978208697112253821574152775382153034127308611148753864687347518325699955331118845585832227947898186 0 0 0 0 0 0 0 0 0 0 0 0 0 0 0 0 0 0 0 0 0 0 0 0 0 0 0 0 0 0 0 0 0 0 0 0 0 1 0 0 0 0 0 0 0 0 0 0 0 0 0]
[236296205349857612485110181899144696600633959609221094808100082400760624072787479589950640657904603268709691172330748197277013440448341432886672283833776540 0 0 0 0 0 0 0 0 0 0 0 0 0 0 0 0 0 0 0 0 0 0 0 0 0 0 0 0 0 0 0 0 0 0 0 0 0 0 1 0 0 0 0 0 0 0 0 0 0 0 0]
[621822426883926720724475973868094620285594266987974848152843003484029382426625604461636737709723423187288231316610760046693227052784961598333578637014028816 0 0 0 0 0 0 0 0 0 0 0 0 0 0 0 0 0 0 0 0 0 0 0 0 0 0 0 0 0 0 0 0 0 0 0 0 0 0 0 1 0 0 0 0 0 0 0 0 0 0 0]
[127187133358124809711730490555903146011271103184593257298798783209866416651605678424341528840477980093063983278119255162590149844231793561098337810867834559 0 0 0 0 0 0 0 0 0 0 0 0 0 0 0 0 0 0 0 0 0 0 0 0 0 0 0 0 0 0 0 0 0 0 0 0 0 0 0 0 1 0 0 0 0 0 0 0 0 0 0]
[663579600785158649675709915101378155704152455878907501647911357720550900273337680189187089721904278454293668212425326633092475981867655400548384643845701683 0 0 0 0 0 0 0 0 0 0 0 0 0 0 0 0 0 0 0 0 0 0 0 0 0 0 0 0 0 0 0 0 0 0 0 0 0 0 0 0 0 1 0 0 0 0 0 0 0 0 0]
[1779537954044080163826872366131355293058491339134658485287877664018799617003470637172940323662004679147325273399631129629921031831133683078972189458079054209 0 0 0 0 0 0 0 0 0 0 0 0 0 0 0 0 0 0 0 0 0 0 0 0 0 0 0 0 0 0 0 0 0 0 0 0 0 0 0 0 0 0 1 0 0 0 0 0 0 0 0]
[87334685100831326399063323986050452405338891220352287228877309003592632933666094474826136030321027339124896644853603044031719501880294867495714657929967320 0 0 0 0 0 0 0 0 0 0 0 0 0 0 0 0 0 0 0 0 0 0 0 0 0 0 0 0 0 0 0 0 0 0 0 0 0 0 0 0 0 0 0 1 0 0 0 0 0 0 0]
[147945437540616330178931549673674777208599907016946082785065848793770702780167253491620476878407555527624638931719166414764719264840971344848680780745758274 0 0 0 0 0 0 0 0 0 0 0 0 0 0 0 0 0 0 0 0 0 0 0 0 0 0 0 0 0 0 0 0 0 0 0 0 0 0 0 0 0 0 0 0 1 0 0 0 0 0 0]
[1526998353317709143661561939025898576915472365496484620464258546284632079411793879021772792043171899390517237792328375296213130086264239690170765134861025629 0 0 0 0 0 0 0 0 0 0 0 0 0 0 0 0 0 0 0 0 0 0 0 0 0 0 0 0 0 0 0 0 0 0 0 0 0 0 0 0 0 0 0 0 0 1 0 0 0 0 0]
[2190530795589378953174146772247594585812014781175908422446261607482643868289017322011566316503985937427513415378583246917849256627631745028278298415230617795 0 0 0 0 0 0 0 0 0 0 0 0 0 0 0 0 0 0 0 0 0 0 0 0 0 0 0 0 0 0 0 0 0 0 0 0 0 0 0 0 0 0 0 0 0 0 1 0 0 0 0]
[303376163085794796096847833089598248282694075835532283570132910890967810878046328500717850652658392164063902493026025289189470858272395838619384565921641984 0 0 0 0 0 0 0 0 0 0 0 0 0 0 0 0 0 0 0 0 0 0 0 0 0 0 0 0 0 0 0 0 0 0 0 0 0 0 0 0 0 0 0 0 0 0 0 1 0 0 0]
[2196825565556336253970430728771771400411982404164747461974030601092770148431010306562126397687061979431358903414726557206538613372978258474952780946626984529 0 0 0 0 0 0 0 0 0 0 0 0 0 0 0 0 0 0 0 0 0 0 0 0 0 0 0 0 0 0 0 0 0 0 0 0 0 0 0 0 0 0 0 0 0 0 0 0 1 0 0]
[90220635300327444014530357562526291102876022100260157480649298005925865831971328578354666821088487326959756511349336948158244484075387056341763270023730470 0 0 0 0 0 0 0 0 0 0 0 0 0 0 0 0 0 0 0 0 0 0 0 0 0 0 0 0 0 0 0 0 0 0 0 0 0 0 0 0 0 0 0 0 0 0 0 0 0 1 0]
[723966554072348325518266210270935604001610388170842696213070650508507957365628970629794035083391348983053960637495458062101867302138360122860258578452578587 0 0 0 0 0 0 0 0 0 0 0 0 0 0 0 0 0 0 0 0 0 0 0 0 0 0 0 0 0 0 0 0 0 0 0 0 0 0 0 0 0 0 0 0 0 0 0 0 0 0 1]
]
