[[3137570321821076728912504908322535985866285288892648246652376156557750854870912838081390025040347265997384966798292393738234634447968610091684423602663847383790522195394712954375865963111287139503379 0 0 0 0 0 0 0 0 0 0 0 0 0 0 0 0 0 0 0 0 0 0 0 0 0 0 0 0 0 0 0 0 0 0 0 0 0 0 0 0 0 0 0 0 0 0 0 0 0 0 0 0 0 0 0 0 0 0 0 0 0 0 0 0 0]
[790171166384742282160925988335369203500179171122823043468218441809850069751185180526625848258588475978721837777316998901106562230160438176818383964022772656309744364217226479076501814086747329897790 1 0 0 0 0 0 0 0 0 0 0 0 0 0 0 0 0 0 0 0 0 0 0 0 0 0 0 0 0 0 0 0 0 0 0 0 0 0 0 0 0 0 0 0 0 0 0 0 0 0 0 0 0 0 0 0 0 0 0 0 0 0 0 0 0]
[237488009610782441332006978896395485122894124629511095705509940854002721211686999741600857548566560534250268654500668111111624227189819797510245447641390254714374376872860974795670870258571423911451 0 1 0 0 0 0 0 0 0 0 0 0 0 0 0 0 0 0 0 0 0 0 0 0 0 0 0 0 0 0 0 0 0 0 0 0 0 0 0 0 0 0 0 0 0 0 0 0 0 0 0 0 0 0 0 0 0 0 0 0 0 0 0 0 0]
[1262885328804968855876287903608019552656869826808152782433539034641166853215836398143018533178980949628562116834647244433841457269106427585032642834974908271942191887033755460427397034986665060646066 0 0 1 0 0 0 0 0 0 0 0 0 0 0 0 0 0 0 0 0 0 0 0 0 0 0 0 0 0 0 0 0 0 0 0 0 0 0 0 0 0 0 0 0 0 0 0 0 0 0 0 0 0 0 0 0 0 0 0 0 0 0 0 0 0]
[2441570640370022070972706795550020260119670531750208908925100535769642646449984920808935362652234336085800260203631028500051173643623272924144490202262554113343796581339646715823396248032748008123093 0 0 0 1 0 0 0 0 0 0 0 0 0 0 0 0 0 0 0 0 0 0 0 0 0 0 0 0 0 0 0 0 0 0 0 0 0 0 0 0 0 0 0 0 0 0 0 0 0 0 0 0 0 0 0 0 0 0 0 0 0 0 0 0 0]
[1427645419431519435247051712358082570207813534845319277311657515886244986768294958035906909076382419345000272871781070650682182858071990966086525703176793541494424367307858089631208471741044209622280 0 0 0 0 1 0 0 0 0 0 0 0 0 0 0 0 0 0 0 0 0 0 0 0 0 0 0 0 0 0 0 0 0 0 0 0 0 0 0 0 0 0 0 0 0 0 0 0 0 0 0 0 0 0 0 0 0 0 0 0 0 0 0 0 0]
[2450950372253344283692342223299761399216149315362001678449628487059685130362489487822927921888514394597091600879472605262631015892940461655484146102370254252183436394689086538958270817709892798833815 0 0 0 0 0 1 0 0 0 0 0 0 0 0 0 0 0 0 0 0 0 0 0 0 0 0 0 0 0 0 0 0 0 0 0 0 0 0 0 0 0 0 0 0 0 0 0 0 0 0 0 0 0 0 0 0 0 0 0 0 0 0 0 0 0]
[178557291254872944014674178411808886001221151201589004660418496805695462652384750314252292368959319923119708039720058258161035233574514117482836068189566749559781101280364307358097083380084046141665 0 0 0 0 0 0 1 0 0 0 0 0 0 0 0 0 0 0 0 0 0 0 0 0 0 0 0 0 0 0 0 0 0 0 0 0 0 0 0 0 0 0 0 0 0 0 0 0 0 0 0 0 0 0 0 0 0 0 0 0 0 0 0 0 0]
[2501608612320586225608040037332357216543604000745403683242676409760083319912549372246935107891225980043105669070416317140659815849321928906316372311141957867445879040657520117749926325650050246382975 0 0 0 0 0 0 0 1 0 0 0 0 0 0 0 0 0 0 0 0 0 0 0 0 0 0 0 0 0 0 0 0 0 0 0 0 0 0 0 0 0 0 0 0 0 0 0 0 0 0 0 0 0 0 0 0 0 0 0 0 0 0 0 0 0]
[1410911799036842485601186047108540763549504185244256392338204851537215066767387947194406358079948686178600915741886090176365896879355308273076077570529875796266163485964403587924411386026534754006807 0 0 0 0 0 0 0 0 1 0 0 0 0 0 0 0 0 0 0 0 0 0 0 0 0 0 0 0 0 0 0 0 0 0 0 0 0 0 0 0 0 0 0 0 0 0 0 0 0 0 0 0 0 0 0 0 0 0 0 0 0 0 0 0 0]
[2096936953843409404540408007181181022333518094245967958198186086964196748190673043615023945960084143877427327718610109794172715018122730186089146376772988429484190237210784416285550394216948305659151 0 0 0 0 0 0 0 0 0 1 0 0 0 0 0 0 0 0 0 0 0 0 0 0 0 0 0 0 0 0 0 0 0 0 0 0 0 0 0 0 0 0 0 0 0 0 0 0 0 0 0 0 0 0 0 0 0 0 0 0 0 0 0 0 0]
[2897305493098312989674117530742554652042502158697034940790505547582327369535697501556079942372773096279553253278692117412173561847627474690323493372086316599863500972563479809469938365990397001507158 0 0 0 0 0 0 0 0 0 0 1 0 0 0 0 0 0 0 0 0 0 0 0 0 0 0 0 0 0 0 0 0 0 0 0 0 0 0 0 0 0 0 0 0 0 0 0 0 0 0 0 0 0 0 0 0 0 0 0 0 0 0 0 0 0]
[119935599945498936054118441056958720967538421402355004191778331308376048153770782302925444019503100581774118466478158358566665939637774634854427280887504618368161885383373558947689558760934456421552 0 0 0 0 0 0 0 0 0 0 0 1 0 0 0 0 0 0 0 0 0 0 0 0 0 0 0 0 0 0 0 0 0 0 0 0 0 0 0 0 0 0 0 0 0 0 0 0 0 0 0 0 0 0 0 0 0 0 0 0 0 0 0 0 0]
[1213696342375942970620250527936957794637441131503358730989192878760438502148663179929494684270145514835553764605207563461989189126172858088201976055154680431328858195589688900596922362637558849243744 0 0 0 0 0 0 0 0 0 0 0 0 1 0 0 0 0 0 0 0 0 0 0 0 0 0 0 0 0 0 0 0 0 0 0 0 0 0 0 0 0 0 0 0 0 0 0 0 0 0 0 0 0 0 0 0 0 0 0 0 0 0 0 0 0]
[271333663881334735277158358125458258637013465897112776115631598832617459992524249005794587305252836289056467134200438103697966158042093833491641011854073741418686496565511217494417993558277162602739 0 0 0 0 0 0 0 0 0 0 0 0 0 1 0 0 0 0 0 0 0 0 0 0 0 0 0 0 0 0 0 0 0 0 0 0 0 0 0 0 0 0 0 0 0 0 0 0 0 0 0 0 0 0 0 0 0 0 0 0 0 0 0 0 0]
[2266565994205299379384434325105643467458213970688625500824907240082730732233970764000154315050479983552050678425937633445870130625539118347320064691737225880335734194596156971544064223860889424887939 0 0 0 0 0 0 0 0 0 0 0 0 0 0 1 0 0 0 0 0 0 0 0 0 0 0 0 0 0 0 0 0 0 0 0 0 0 0 0 0 0 0 0 0 0 0 0 0 0 0 0 0 0 0 0 0 0 0 0 0 0 0 0 0 0]
[414722835488611392988379385955379468931728926981241679998351926871954919789427784054221846890369103907638987474204612922661400236870618213165606095542833796996431456661028898581292210399120691938910 0 0 0 0 0 0 0 0 0 0 0 0 0 0 0 1 0 0 0 0 0 0 0 0 0 0 0 0 0 0 0 0 0 0 0 0 0 0 0 0 0 0 0 0 0 0 0 0 0 0 0 0 0 0 0 0 0 0 0 0 0 0 0 0 0]
[2881365549582609981917697189238097762527215258041515994718333491186632605018475213756460694276358324421245562314310535139393009886065575656823509428261868563066907684672748279084065095406595227409130 0 0 0 0 0 0 0 0 0 0 0 0 0 0 0 0 1 0 0 0 0 0 0 0 0 0 0 0 0 0 0 0 0 0 0 0 0 0 0 0 0 0 0 0 0 0 0 0 0 0 0 0 0 0 0 0 0 0 0 0 0 0 0 0 0]
[2583461022825134933186621244150799042865465602852802012454350596768523814834839468978667287135979646351764404754562424116241655644415978144540047236982364371131449862606398856010029210915956841808748 0 0 0 0 0 0 0 0 0 0 0 0 0 0 0 0 0 1 0 0 0 0 0 0 0 0 0 0 0 0 0 0 0 0 0 0 0 0 0 0 0 0 0 0 0 0 0 0 0 0 0 0 0 0 0 0 0 0 0 0 0 0 0 0 0]
[3043529154022273206912951087841264119008888538720666480601501536870420998077428317011821169266117477436776547172780727627653857736443745441587734964361966948448609746956228547722263627377366034013996 0 0 0 0 0 0 0 0 0 0 0 0 0 0 0 0 0 0 1 0 0 0 0 0 0 0 0 0 0 0 0 0 0 0 0 0 0 0 0 0 0 0 0 0 0 0 0 0 0 0 0 0 0 0 0 0 0 0 0 0 0 0 0 0 0]
[918101056980383860408769839595988082257457087840330637245747200534692260442641568481837724191955356773615723197383434903030937881644581178802535899922948200783841483671829890077756224794346848251387 0 0 0 0 0 0 0 0 0 0 0 0 0 0 0 0 0 0 0 1 0 0 0 0 0 0 0 0 0 0 0 0 0 0 0 0 0 0 0 0 0 0 0 0 0 0 0 0 0 0 0 0 0 0 0 0 0 0 0 0 0 0 0 0 0]
[1059190150407383723177762518546699858163295383724697845316877130845657525177643650510236384754996219416608937203085413706412570767864110580763043547487481987711815475070130529595252491256962737709965 0 0 0 0 0 0 0 0 0 0 0 0 0 0 0 0 0 0 0 0 1 0 0 0 0 0 0 0 0 0 0 0 0 0 0 0 0 0 0 0 0 0 0 0 0 0 0 0 0 0 0 0 0 0 0 0 0 0 0 0 0 0 0 0 0]
[3011514690566803924374437423382768125938747976085115644950424478220363754290706601180498769716817793751330768457587808169477355338641371812826093269989418325450193830833881926889497298738976996501269 0 0 0 0 0 0 0 0 0 0 0 0 0 0 0 0 0 0 0 0 0 1 0 0 0 0 0 0 0 0 0 0 0 0 0 0 0 0 0 0 0 0 0 0 0 0 0 0 0 0 0 0 0 0 0 0 0 0 0 0 0 0 0 0 0]
[2272741016266596942684152264499618467445092890921633827132164637083863959432332223363506222710507753974531334549010703243951515549434648556688145131194984503319747268970067496656363036086222235525056 0 0 0 0 0 0 0 0 0 0 0 0 0 0 0 0 0 0 0 0 0 0 1 0 0 0 0 0 0 0 0 0 0 0 0 0 0 0 0 0 0 0 0 0 0 0 0 0 0 0 0 0 0 0 0 0 0 0 0 0 0 0 0 0 0]
[662639926071822194350315923462987934250124201235368427731524132742970483769657529599007967676737954021183464483392946110828084122655192576400353673554320946114186663072899655832541913872606424360347 0 0 0 0 0 0 0 0 0 0 0 0 0 0 0 0 0 0 0 0 0 0 0 1 0 0 0 0 0 0 0 0 0 0 0 0 0 0 0 0 0 0 0 0 0 0 0 0 0 0 0 0 0 0 0 0 0 0 0 0 0 0 0 0 0]
[314770679204179672033877646725434114781644630753199522641021180347351039267528018986662331409039659065345167540122946840496032535072519945930565477655950394046887396710613414137795483406721592616362 0 0 0 0 0 0 0 0 0 0 0 0 0 0 0 0 0 0 0 0 0 0 0 0 1 0 0 0 0 0 0 0 0 0 0 0 0 0 0 0 0 0 0 0 0 0 0 0 0 0 0 0 0 0 0 0 0 0 0 0 0 0 0 0 0]
[2293573957577190146534081311721877039952204807385482829937870427345052108102249897710167779903601669970273755971105597300880804098627278907260658192720071152196056765557301325946227823995864445483588 0 0 0 0 0 0 0 0 0 0 0 0 0 0 0 0 0 0 0 0 0 0 0 0 0 1 0 0 0 0 0 0 0 0 0 0 0 0 0 0 0 0 0 0 0 0 0 0 0 0 0 0 0 0 0 0 0 0 0 0 0 0 0 0 0]
[1773241155809424530729199831082931893968922080304341099826206462674432927259858573139948247908243163134570380309328786563924051104483433228685830471993253582333230151793156549601987100595280704615395 0 0 0 0 0 0 0 0 0 0 0 0 0 0 0 0 0 0 0 0 0 0 0 0 0 0 1 0 0 0 0 0 0 0 0 0 0 0 0 0 0 0 0 0 0 0 0 0 0 0 0 0 0 0 0 0 0 0 0 0 0 0 0 0 0]
[3003669660344500841547793406139755238024732539409742963418757358779983418008298871224709569189237678614191189030379118931397041698508056905906009422459795340959637050430826985032652302855131822999874 0 0 0 0 0 0 0 0 0 0 0 0 0 0 0 0 0 0 0 0 0 0 0 0 0 0 0 1 0 0 0 0 0 0 0 0 0 0 0 0 0 0 0 0 0 0 0 0 0 0 0 0 0 0 0 0 0 0 0 0 0 0 0 0 0]
[1377130498362632172911063563568320427454352987962055264545646254129110955350469012813791265913815136728922290795834342030979066721368383104867561012111655842126922267615866618148656056421698907457619 0 0 0 0 0 0 0 0 0 0 0 0 0 0 0 0 0 0 0 0 0 0 0 0 0 0 0 0 1 0 0 0 0 0 0 0 0 0 0 0 0 0 0 0 0 0 0 0 0 0 0 0 0 0 0 0 0 0 0 0 0 0 0 0 0]
[901010456435058225228361346376009844387360494058524785335990920466595729260939771860165248466767748101600686040675100377163910163965388154484804810421234086203627367962219942672365868338424174699399 0 0 0 0 0 0 0 0 0 0 0 0 0 0 0 0 0 0 0 0 0 0 0 0 0 0 0 0 0 1 0 0 0 0 0 0 0 0 0 0 0 0 0 0 0 0 0 0 0 0 0 0 0 0 0 0 0 0 0 0 0 0 0 0 0]
[1086923991163296267770621554367879068433386987624382290447745775785147442402618445648997438836020161954202054353861782127534219900676237945462270820252637632713538469526008007084191612537919136191997 0 0 0 0 0 0 0 0 0 0 0 0 0 0 0 0 0 0 0 0 0 0 0 0 0 0 0 0 0 0 1 0 0 0 0 0 0 0 0 0 0 0 0 0 0 0 0 0 0 0 0 0 0 0 0 0 0 0 0 0 0 0 0 0 0]
[2160678196243864860922674238635620299844573892440522729675634808695789640416558731609354393688903265039960738875995288012099922381854697945154153508021559823191384961076468616663217581431233834991460 0 0 0 0 0 0 0 0 0 0 0 0 0 0 0 0 0 0 0 0 0 0 0 0 0 0 0 0 0 0 0 1 0 0 0 0 0 0 0 0 0 0 0 0 0 0 0 0 0 0 0 0 0 0 0 0 0 0 0 0 0 0 0 0 0]
[1294549024460814335501510745181678701451772764117473940717887650199081093723895525488441545826395183218148606017517673809367205608488828230746349458170965145201374796383830897074311929597284581534897 0 0 0 0 0 0 0 0 0 0 0 0 0 0 0 0 0 0 0 0 0 0 0 0 0 0 0 0 0 0 0 0 1 0 0 0 0 0 0 0 0 0 0 0 0 0 0 0 0 0 0 0 0 0 0 0 0 0 0 0 0 0 0 0 0]
[1562159290197260626128505037367275311482121734358640385464247028954063158565577562364266381031985912026504820770817395396722166710368861323192916057530512664431940659908884664835239013291563814557440 0 0 0 0 0 0 0 0 0 0 0 0 0 0 0 0 0 0 0 0 0 0 0 0 0 0 0 0 0 0 0 0 0 1 0 0 0 0 0 0 0 0 0 0 0 0 0 0 0 0 0 0 0 0 0 0 0 0 0 0 0 0 0 0 0]
[1977531937146883659357132164598452937030429732741877108139884619144029964150311421790883714210218844134588776052570112619132720202660571046814526665352751022446859262351077821461599443008742412978319 0 0 0 0 0 0 0 0 0 0 0 0 0 0 0 0 0 0 0 0 0 0 0 0 0 0 0 0 0 0 0 0 0 0 1 0 0 0 0 0 0 0 0 0 0 0 0 0 0 0 0 0 0 0 0 0 0 0 0 0 0 0 0 0 0]
[2370267016369974406530784940071023999950677431579177343212226798856816490803844620798400742070929199675252996107896492755927849072123838907944867576916770147270901795924602553458906738240259660484936 0 0 0 0 0 0 0 0 0 0 0 0 0 0 0 0 0 0 0 0 0 0 0 0 0 0 0 0 0 0 0 0 0 0 0 1 0 0 0 0 0 0 0 0 0 0 0 0 0 0 0 0 0 0 0 0 0 0 0 0 0 0 0 0 0]
[3034884469294898682420238857458248065812271656602702877947932797282900158824752472320175525034274147060283176790328887892879920413354876347800109363330113321557940875200757505922040661640283036559406 0 0 0 0 0 0 0 0 0 0 0 0 0 0 0 0 0 0 0 0 0 0 0 0 0 0 0 0 0 0 0 0 0 0 0 0 1 0 0 0 0 0 0 0 0 0 0 0 0 0 0 0 0 0 0 0 0 0 0 0 0 0 0 0 0]
[1592251928574600272115546710299647284893186017756516462812848207006464494702450106027852137521469187556065116067740912465245924595985178772355333544094793256278362571871684015704085563503276252615779 0 0 0 0 0 0 0 0 0 0 0 0 0 0 0 0 0 0 0 0 0 0 0 0 0 0 0 0 0 0 0 0 0 0 0 0 0 1 0 0 0 0 0 0 0 0 0 0 0 0 0 0 0 0 0 0 0 0 0 0 0 0 0 0 0]
[642064363340087045112112607546044578970048079814979295299577418912574098481076437475919703812915221868456905817933181890142770541191378648441900507602689466547697781335370776690603771107321594989627 0 0 0 0 0 0 0 0 0 0 0 0 0 0 0 0 0 0 0 0 0 0 0 0 0 0 0 0 0 0 0 0 0 0 0 0 0 0 1 0 0 0 0 0 0 0 0 0 0 0 0 0 0 0 0 0 0 0 0 0 0 0 0 0 0]
[1293246908928622464306741198078483281253276352009985981724528371285471758551156820199976256270927703632198164751939351885711525910300711431599404314046375421942051169850785564383450962043037961724102 0 0 0 0 0 0 0 0 0 0 0 0 0 0 0 0 0 0 0 0 0 0 0 0 0 0 0 0 0 0 0 0 0 0 0 0 0 0 0 1 0 0 0 0 0 0 0 0 0 0 0 0 0 0 0 0 0 0 0 0 0 0 0 0 0]
[3106370965399685728909611624493196629251561318302380415033904897184014167021489019741453564893541643590693435368496060472242380306635578080241481752700508265422235618801568867878001906900279713975826 0 0 0 0 0 0 0 0 0 0 0 0 0 0 0 0 0 0 0 0 0 0 0 0 0 0 0 0 0 0 0 0 0 0 0 0 0 0 0 0 1 0 0 0 0 0 0 0 0 0 0 0 0 0 0 0 0 0 0 0 0 0 0 0 0]
[316392836072819037387947765942326031360591812462213640390217621514999613749476357438957023150480010656315764944157023614569992222338394214178514952756649680023793810907078722480646922782177353041140 0 0 0 0 0 0 0 0 0 0 0 0 0 0 0 0 0 0 0 0 0 0 0 0 0 0 0 0 0 0 0 0 0 0 0 0 0 0 0 0 0 1 0 0 0 0 0 0 0 0 0 0 0 0 0 0 0 0 0 0 0 0 0 0 0]
[1012105170719850811353597422328847038563460350393981337525352497581376969149744997125772135918168044704037859526156545755814189345810891870477163029120437349290385537941726386137258633177858882029186 0 0 0 0 0 0 0 0 0 0 0 0 0 0 0 0 0 0 0 0 0 0 0 0 0 0 0 0 0 0 0 0 0 0 0 0 0 0 0 0 0 0 1 0 0 0 0 0 0 0 0 0 0 0 0 0 0 0 0 0 0 0 0 0 0]
[2835305632322146162727946541248950764145713775539019863154788013970877518637750567106626262568704941128379672231406406194408766291645296664394453802098278704794077253407846201446390742022885581267475 0 0 0 0 0 0 0 0 0 0 0 0 0 0 0 0 0 0 0 0 0 0 0 0 0 0 0 0 0 0 0 0 0 0 0 0 0 0 0 0 0 0 0 1 0 0 0 0 0 0 0 0 0 0 0 0 0 0 0 0 0 0 0 0 0]
[543146130664060667062927704250871315141165981792034740526367478672842231798696312288171223657931699359192859935571065178215274941828432270269508809379605347801380804660658208128728872481185241232046 0 0 0 0 0 0 0 0 0 0 0 0 0 0 0 0 0 0 0 0 0 0 0 0 0 0 0 0 0 0 0 0 0 0 0 0 0 0 0 0 0 0 0 0 1 0 0 0 0 0 0 0 0 0 0 0 0 0 0 0 0 0 0 0 0]
[1724707508074248047224594492292315477338911266419364025014541529297217007044502495965794547607014009827957216702909427403824008602951352909333062579225935860497330786970339017418241612769541162719875 0 0 0 0 0 0 0 0 0 0 0 0 0 0 0 0 0 0 0 0 0 0 0 0 0 0 0 0 0 0 0 0 0 0 0 0 0 0 0 0 0 0 0 0 0 1 0 0 0 0 0 0 0 0 0 0 0 0 0 0 0 0 0 0 0]
[889944670343116924785676024496510193663598267148543281598655642586959865037464767432209535719733331022424159203784579619538582716809239809734316542601741367264787998322620423379300408597457940549720 0 0 0 0 0 0 0 0 0 0 0 0 0 0 0 0 0 0 0 0 0 0 0 0 0 0 0 0 0 0 0 0 0 0 0 0 0 0 0 0 0 0 0 0 0 0 1 0 0 0 0 0 0 0 0 0 0 0 0 0 0 0 0 0 0]
[1203648958531260001842647155123829971215007468232710221401072567831593713827383323971813458011597078363584577535341069568991212473025888807725720921261726535506572233458672840679566816414801709306588 0 0 0 0 0 0 0 0 0 0 0 0 0 0 0 0 0 0 0 0 0 0 0 0 0 0 0 0 0 0 0 0 0 0 0 0 0 0 0 0 0 0 0 0 0 0 0 1 0 0 0 0 0 0 0 0 0 0 0 0 0 0 0 0 0]
[297880218671837698545961861741209508819154038620922773205420490453850803756710503479823702378384044995103168045434294132724146913553080810064657299640105587683585331147679616139677451158419222458448 0 0 0 0 0 0 0 0 0 0 0 0 0 0 0 0 0 0 0 0 0 0 0 0 0 0 0 0 0 0 0 0 0 0 0 0 0 0 0 0 0 0 0 0 0 0 0 0 1 0 0 0 0 0 0 0 0 0 0 0 0 0 0 0 0]
[789147200154740249265392778720036699284545798823613087316516232466324436247907054771757868277300956206403711274005451955093819223046671883405234541136699700286424299316529773665064170662400886307661 0 0 0 0 0 0 0 0 0 0 0 0 0 0 0 0 0 0 0 0 0 0 0 0 0 0 0 0 0 0 0 0 0 0 0 0 0 0 0 0 0 0 0 0 0 0 0 0 0 1 0 0 0 0 0 0 0 0 0 0 0 0 0 0 0]
[899546719241411653934572708169716375294848673773857811174914614472235231973684626613841436386358477035962764761584711915570844285077936467414718833162943263579609211331626039021933333416314907475701 0 0 0 0 0 0 0 0 0 0 0 0 0 0 0 0 0 0 0 0 0 0 0 0 0 0 0 0 0 0 0 0 0 0 0 0 0 0 0 0 0 0 0 0 0 0 0 0 0 0 1 0 0 0 0 0 0 0 0 0 0 0 0 0 0]
[3079881783124541688965185956157770217618889499096451601353476237816261309421424613657480547761781060369230208342649906356236566427197137871448571634517333215694206251565039110639818441871849539842645 0 0 0 0 0 0 0 0 0 0 0 0 0 0 0 0 0 0 0 0 0 0 0 0 0 0 0 0 0 0 0 0 0 0 0 0 0 0 0 0 0 0 0 0 0 0 0 0 0 0 0 1 0 0 0 0 0 0 0 0 0 0 0 0 0]
[1502231277344991846797345261635538292058698552665790342623178921595956175010887284868990688449185019386106644000525975642576606086187757453497179168309885602086368387503102155598305453547420392264167 0 0 0 0 0 0 0 0 0 0 0 0 0 0 0 0 0 0 0 0 0 0 0 0 0 0 0 0 0 0 0 0 0 0 0 0 0 0 0 0 0 0 0 0 0 0 0 0 0 0 0 0 1 0 0 0 0 0 0 0 0 0 0 0 0]
[2182267592419952870206390339147297534712226926076448765151843017543307303087643400166130594409292940417924155907503190486087828667502367810904432055362606565256658414654862127372861890644612278725543 0 0 0 0 0 0 0 0 0 0 0 0 0 0 0 0 0 0 0 0 0 0 0 0 0 0 0 0 0 0 0 0 0 0 0 0 0 0 0 0 0 0 0 0 0 0 0 0 0 0 0 0 0 1 0 0 0 0 0 0 0 0 0 0 0]
[2420387035311938825391398494215362338002132347887033090532829793079893739543326842253719419951968033143451331402393891625228471823548704301019234935841082980347213358364588780326871358289169158504112 0 0 0 0 0 0 0 0 0 0 0 0 0 0 0 0 0 0 0 0 0 0 0 0 0 0 0 0 0 0 0 0 0 0 0 0 0 0 0 0 0 0 0 0 0 0 0 0 0 0 0 0 0 0 1 0 0 0 0 0 0 0 0 0 0]
[120696661259336509715971551228916099928948487790007091623253648015782810279158633033800090969302552131157205491327854514371216499008798403372691230922300152529146034108775719076309787160704715228507 0 0 0 0 0 0 0 0 0 0 0 0 0 0 0 0 0 0 0 0 0 0 0 0 0 0 0 0 0 0 0 0 0 0 0 0 0 0 0 0 0 0 0 0 0 0 0 0 0 0 0 0 0 0 0 1 0 0 0 0 0 0 0 0 0]
[2067884277244763166394195834466092004509670726723567416858655807660932078274983799690077715637419301523542356823070737314543015469432174219934306155802184009802859784444311827113554362982225922734350 0 0 0 0 0 0 0 0 0 0 0 0 0 0 0 0 0 0 0 0 0 0 0 0 0 0 0 0 0 0 0 0 0 0 0 0 0 0 0 0 0 0 0 0 0 0 0 0 0 0 0 0 0 0 0 0 1 0 0 0 0 0 0 0 0]
[1157954796586529196996080469861205612544099490559025490017124602938823115441862555293668319513648501457038917434249380353619880248600257533693080563293695479673908091994169359069707708106457202712151 0 0 0 0 0 0 0 0 0 0 0 0 0 0 0 0 0 0 0 0 0 0 0 0 0 0 0 0 0 0 0 0 0 0 0 0 0 0 0 0 0 0 0 0 0 0 0 0 0 0 0 0 0 0 0 0 0 1 0 0 0 0 0 0 0]
[432372460884290567554871682035265982472702122757944118399495081186979399959161817490698756857195196701583332613109165559262209206247158546150568691087101556830531455755497708638180033445991870782402 0 0 0 0 0 0 0 0 0 0 0 0 0 0 0 0 0 0 0 0 0 0 0 0 0 0 0 0 0 0 0 0 0 0 0 0 0 0 0 0 0 0 0 0 0 0 0 0 0 0 0 0 0 0 0 0 0 0 1 0 0 0 0 0 0]
[392159578297525529289482299258352980438200363391359494849866168389743422507240796308657181828642359998497471693732860113392564190642597478590589753673410598437231493326386497496260030331885786104938 0 0 0 0 0 0 0 0 0 0 0 0 0 0 0 0 0 0 0 0 0 0 0 0 0 0 0 0 0 0 0 0 0 0 0 0 0 0 0 0 0 0 0 0 0 0 0 0 0 0 0 0 0 0 0 0 0 0 0 1 0 0 0 0 0]
[82418822749326994829569631384271842481576648238415445335062653422318432399342919302365465565832369723082255254745314820579346158731602344447662625447736385473706316126315733402022094428707893710626 0 0 0 0 0 0 0 0 0 0 0 0 0 0 0 0 0 0 0 0 0 0 0 0 0 0 0 0 0 0 0 0 0 0 0 0 0 0 0 0 0 0 0 0 0 0 0 0 0 0 0 0 0 0 0 0 0 0 0 0 1 0 0 0 0]
[520286622354629249050123316941236615917412334310201606018203787339841810860580134530699005992046785953497384860157661721232885548766560828362879689141020719290207674472479399205449834295416082005042 0 0 0 0 0 0 0 0 0 0 0 0 0 0 0 0 0 0 0 0 0 0 0 0 0 0 0 0 0 0 0 0 0 0 0 0 0 0 0 0 0 0 0 0 0 0 0 0 0 0 0 0 0 0 0 0 0 0 0 0 0 1 0 0 0]
[938035122881563618366259994990178309866222435813143528734812898129961521566618551043510778277289629001001853011582953556998005343548353439126359659790597601874240421032997455242835245169744100521339 0 0 0 0 0 0 0 0 0 0 0 0 0 0 0 0 0 0 0 0 0 0 0 0 0 0 0 0 0 0 0 0 0 0 0 0 0 0 0 0 0 0 0 0 0 0 0 0 0 0 0 0 0 0 0 0 0 0 0 0 0 0 1 0 0]
[482782235739692152946362143504103363765515533313113741548155016787742890424659490709888570004999030894422280011274909648076818598440027228584691035842267742280639387922490759887658660973403493994100 0 0 0 0 0 0 0 0 0 0 0 0 0 0 0 0 0 0 0 0 0 0 0 0 0 0 0 0 0 0 0 0 0 0 0 0 0 0 0 0 0 0 0 0 0 0 0 0 0 0 0 0 0 0 0 0 0 0 0 0 0 0 0 1 0]
[320452654977396282273416704282356761327530699463857953568308789077980636176847108444988138305515415335267395076316620994016226549787765900990211961655369388841072808408071210196790342889635146048451 0 0 0 0 0 0 0 0 0 0 0 0 0 0 0 0 0 0 0 0 0 0 0 0 0 0 0 0 0 0 0 0 0 0 0 0 0 0 0 0 0 0 0 0 0 0 0 0 0 0 0 0 0 0 0 0 0 0 0 0 0 0 0 0 1]
]
