[[14889148152859279377158445002319540222645048882481579821718837082680320292277211729979878608396691775763510971818985028728125065762605261391804077433157679717415926880963926991512256765881358939701401361613209827147466526529451826432347764755555693226357897789864134381777295606084599732694502684119305217383497256371622724417613036389233243071667 0 0 0 0 0 0 0 0 0 0 0 0 0 0 0 0 0 0 0 0 0 0 0 0 0 0 0 0 0 0 0 0 0 0 0 0 0 0 0 0 0 0 0 0 0 0 0 0 0 0 0 0 0 0 0 0 0 0 0 0 0 0 0 0 0 0 0 0 0 0 0 0 0 0 0 0 0 0 0 0 0 0 0 0 0 0 0 0 0 0 0 0 0 0 0 0 0 0 0 0 0 0 0 0 0 0 0 0 0 0 0 0 0 0]
[9814014203731133865756535060859826283943344305031835194906469292862382273840580419368117959480156415030615578450881260142679374761658945551064828672299736138178817508034250044327355961474819433963989797333925395175189491775321709807195013748157078899273579848139584005403883399209473030364251327211611105732872558892481948530028366630289723579207 1 0 0 0 0 0 0 0 0 0 0 0 0 0 0 0 0 0 0 0 0 0 0 0 0 0 0 0 0 0 0 0 0 0 0 0 0 0 0 0 0 0 0 0 0 0 0 0 0 0 0 0 0 0 0 0 0 0 0 0 0 0 0 0 0 0 0 0 0 0 0 0 0 0 0 0 0 0 0 0 0 0 0 0 0 0 0 0 0 0 0 0 0 0 0 0 0 0 0 0 0 0 0 0 0 0 0 0 0 0 0 0 0 0]
[1140877076707812000907440114734965965510178607229636571086862809324129573145346598303183926856117593485250329411490601778555497807977519655594842123389108282604524414236118069288740602203032595216514571105338646079852667350532581873502976501151704517056441408737301236915002747601942278319751123622589947374188730419916573460196492644439564026386 0 1 0 0 0 0 0 0 0 0 0 0 0 0 0 0 0 0 0 0 0 0 0 0 0 0 0 0 0 0 0 0 0 0 0 0 0 0 0 0 0 0 0 0 0 0 0 0 0 0 0 0 0 0 0 0 0 0 0 0 0 0 0 0 0 0 0 0 0 0 0 0 0 0 0 0 0 0 0 0 0 0 0 0 0 0 0 0 0 0 0 0 0 0 0 0 0 0 0 0 0 0 0 0 0 0 0 0 0 0 0 0 0 0]
[808514393063225186649502941520364693656914104177644040813198360658493900513167748905122348658450880298533932916137086172429884551311007894424580760400608802490736293292011765317248573544690349110555295930325691403908828304193873924744502399498544521307857101536593775203432212212829841851093296380840614388568996208364705026768453915927856748294 0 0 1 0 0 0 0 0 0 0 0 0 0 0 0 0 0 0 0 0 0 0 0 0 0 0 0 0 0 0 0 0 0 0 0 0 0 0 0 0 0 0 0 0 0 0 0 0 0 0 0 0 0 0 0 0 0 0 0 0 0 0 0 0 0 0 0 0 0 0 0 0 0 0 0 0 0 0 0 0 0 0 0 0 0 0 0 0 0 0 0 0 0 0 0 0 0 0 0 0 0 0 0 0 0 0 0 0 0 0 0 0 0 0]
[14393667638497799642681163060266668293061636534854986352635201536406884825859275875389335126803192278768809530668846447029165740267242960780318188221278667759958313176437528547400584084282298911132644968722484060733465823473294036744766736023975633868885150836357601971103546914754274698903668265564433840954786117325267903716808368960768533188283 0 0 0 1 0 0 0 0 0 0 0 0 0 0 0 0 0 0 0 0 0 0 0 0 0 0 0 0 0 0 0 0 0 0 0 0 0 0 0 0 0 0 0 0 0 0 0 0 0 0 0 0 0 0 0 0 0 0 0 0 0 0 0 0 0 0 0 0 0 0 0 0 0 0 0 0 0 0 0 0 0 0 0 0 0 0 0 0 0 0 0 0 0 0 0 0 0 0 0 0 0 0 0 0 0 0 0 0 0 0 0 0 0 0]
[12096799694993542496600220865945527398918592404709447378963457131498490570245880146327645871091605279724458680033708488593450194181332981346006477976967394385281734761661118283124657196558049215931869489576783255127333540660854877869291162186576414157489115693951346211377007268050598878245438412744536203593558888559632579979396827262068625531766 0 0 0 0 1 0 0 0 0 0 0 0 0 0 0 0 0 0 0 0 0 0 0 0 0 0 0 0 0 0 0 0 0 0 0 0 0 0 0 0 0 0 0 0 0 0 0 0 0 0 0 0 0 0 0 0 0 0 0 0 0 0 0 0 0 0 0 0 0 0 0 0 0 0 0 0 0 0 0 0 0 0 0 0 0 0 0 0 0 0 0 0 0 0 0 0 0 0 0 0 0 0 0 0 0 0 0 0 0 0 0 0 0 0]
[560966785822741021477427363990891424088103742576547700097687525564130653155691298596131007826483612539772091089697174447386541647337034875253247166190856647599980180878985639129434571082664038412942817822776705924672187096226817030777087923141334348910537445787488705048289553249694693243019534360236950560489891484869476901984145493118192260449 0 0 0 0 0 1 0 0 0 0 0 0 0 0 0 0 0 0 0 0 0 0 0 0 0 0 0 0 0 0 0 0 0 0 0 0 0 0 0 0 0 0 0 0 0 0 0 0 0 0 0 0 0 0 0 0 0 0 0 0 0 0 0 0 0 0 0 0 0 0 0 0 0 0 0 0 0 0 0 0 0 0 0 0 0 0 0 0 0 0 0 0 0 0 0 0 0 0 0 0 0 0 0 0 0 0 0 0 0 0 0 0 0 0]
[9902884179682259962565661838212295115979949506375330492893508853330544272039461773128147934809741590337115213030890784419363139877961805128223442417826304202113378786827809872478979647320449150742649245202047417691824244006828753247905370466448773809870200681985568071072436305453804561279721087483116879501831747465330997275150511769386984366416 0 0 0 0 0 0 1 0 0 0 0 0 0 0 0 0 0 0 0 0 0 0 0 0 0 0 0 0 0 0 0 0 0 0 0 0 0 0 0 0 0 0 0 0 0 0 0 0 0 0 0 0 0 0 0 0 0 0 0 0 0 0 0 0 0 0 0 0 0 0 0 0 0 0 0 0 0 0 0 0 0 0 0 0 0 0 0 0 0 0 0 0 0 0 0 0 0 0 0 0 0 0 0 0 0 0 0 0 0 0 0 0 0 0]
[1896711463841330042892561074005373664729067892311509403104851327294808896220083859697243901545699769311041949671257470098615847155307017638394985447283063624916518186195989213476509821950275586335343042603802797614526692371904668059633758746932781618355032237315387137625127236950727186325068499033156487379920721861219166906209206093834970967158 0 0 0 0 0 0 0 1 0 0 0 0 0 0 0 0 0 0 0 0 0 0 0 0 0 0 0 0 0 0 0 0 0 0 0 0 0 0 0 0 0 0 0 0 0 0 0 0 0 0 0 0 0 0 0 0 0 0 0 0 0 0 0 0 0 0 0 0 0 0 0 0 0 0 0 0 0 0 0 0 0 0 0 0 0 0 0 0 0 0 0 0 0 0 0 0 0 0 0 0 0 0 0 0 0 0 0 0 0 0 0 0 0 0]
[8379168804724354444947104997555101496793081020694534544954568043648884650526194501307228085154697200580165093513205259461734180572338319454167229725727647885460862683333845382129433437954053391442260884023659199032645216925353724920130853081471423331608933944617068825870607972995134092678373346019543870594333257584660687191901094031080405824200 0 0 0 0 0 0 0 0 1 0 0 0 0 0 0 0 0 0 0 0 0 0 0 0 0 0 0 0 0 0 0 0 0 0 0 0 0 0 0 0 0 0 0 0 0 0 0 0 0 0 0 0 0 0 0 0 0 0 0 0 0 0 0 0 0 0 0 0 0 0 0 0 0 0 0 0 0 0 0 0 0 0 0 0 0 0 0 0 0 0 0 0 0 0 0 0 0 0 0 0 0 0 0 0 0 0 0 0 0 0 0 0 0 0]
[3736961649381640287661470119698758614788347757287163519306102799386714268922943556895287214123820497103206040350969939947454820638165164333564801068917285869540180610888384366438633385778270681511637323095859477355091002971045677626093377488515594800075506710042189906120902264799142818836031502153402093449631765767535057731730822640745140803379 0 0 0 0 0 0 0 0 0 1 0 0 0 0 0 0 0 0 0 0 0 0 0 0 0 0 0 0 0 0 0 0 0 0 0 0 0 0 0 0 0 0 0 0 0 0 0 0 0 0 0 0 0 0 0 0 0 0 0 0 0 0 0 0 0 0 0 0 0 0 0 0 0 0 0 0 0 0 0 0 0 0 0 0 0 0 0 0 0 0 0 0 0 0 0 0 0 0 0 0 0 0 0 0 0 0 0 0 0 0 0 0 0 0]
[6722714957121476145186953994184484911934332247582071725193890656584076236636436342999046508358729569946736494728897358228282678106169219450298767517524406239130600118250284362693039274288527810162525790199381526504682281527883207832449417416737275357395685770175832274205432561937978762651740382583430430953088783497623476664123386186911758114690 0 0 0 0 0 0 0 0 0 0 1 0 0 0 0 0 0 0 0 0 0 0 0 0 0 0 0 0 0 0 0 0 0 0 0 0 0 0 0 0 0 0 0 0 0 0 0 0 0 0 0 0 0 0 0 0 0 0 0 0 0 0 0 0 0 0 0 0 0 0 0 0 0 0 0 0 0 0 0 0 0 0 0 0 0 0 0 0 0 0 0 0 0 0 0 0 0 0 0 0 0 0 0 0 0 0 0 0 0 0 0 0 0 0]
[3002092248645005527501207934860139321635214142851518957942665714056712914121148762244260147418460622895633233060030835109738165679247815349537193914351956646861930748441264616146708853795726707178808121380099466773675951553769115862078850740333304397494208083726417900029308962914279657788395790155324917068663676511620910752718641785619044853832 0 0 0 0 0 0 0 0 0 0 0 1 0 0 0 0 0 0 0 0 0 0 0 0 0 0 0 0 0 0 0 0 0 0 0 0 0 0 0 0 0 0 0 0 0 0 0 0 0 0 0 0 0 0 0 0 0 0 0 0 0 0 0 0 0 0 0 0 0 0 0 0 0 0 0 0 0 0 0 0 0 0 0 0 0 0 0 0 0 0 0 0 0 0 0 0 0 0 0 0 0 0 0 0 0 0 0 0 0 0 0 0 0 0]
[6084649362226548470270854192087205951129878137287359436039539979048615509009530865370086362352521738868507550693204469191515815085385067765605825835019333003421913884016577416467030658051646067808739434731475423786629046856461205922864627001472571470488551682802538688639819237077961321418392391841927572564598551684904340054826254735175020262100 0 0 0 0 0 0 0 0 0 0 0 0 1 0 0 0 0 0 0 0 0 0 0 0 0 0 0 0 0 0 0 0 0 0 0 0 0 0 0 0 0 0 0 0 0 0 0 0 0 0 0 0 0 0 0 0 0 0 0 0 0 0 0 0 0 0 0 0 0 0 0 0 0 0 0 0 0 0 0 0 0 0 0 0 0 0 0 0 0 0 0 0 0 0 0 0 0 0 0 0 0 0 0 0 0 0 0 0 0 0 0 0 0 0]
[8626098084436208553336411170112606508910810081252252966541760278243107418194545909943623779310005440552632350855187602898389273448544009994303352937843167771788693163512027906796411842750739945738810276159888989708608918465481151523566614490431023695199775151992082405681969508631807596067546167450322066403058098733371076921189925080955797146179 0 0 0 0 0 0 0 0 0 0 0 0 0 1 0 0 0 0 0 0 0 0 0 0 0 0 0 0 0 0 0 0 0 0 0 0 0 0 0 0 0 0 0 0 0 0 0 0 0 0 0 0 0 0 0 0 0 0 0 0 0 0 0 0 0 0 0 0 0 0 0 0 0 0 0 0 0 0 0 0 0 0 0 0 0 0 0 0 0 0 0 0 0 0 0 0 0 0 0 0 0 0 0 0 0 0 0 0 0 0 0 0 0 0]
[8534973859756134959088503370408294750703690486319841221882005035281397898194344646990204798886567635725573917093052157747684427071960680431816202096668239371429700094817876977109605927141634910363624124775254886670549588181792566495190709238609216750977403514702495050768440616734282946176593861608313921303484333224238096882602639311880806043255 0 0 0 0 0 0 0 0 0 0 0 0 0 0 1 0 0 0 0 0 0 0 0 0 0 0 0 0 0 0 0 0 0 0 0 0 0 0 0 0 0 0 0 0 0 0 0 0 0 0 0 0 0 0 0 0 0 0 0 0 0 0 0 0 0 0 0 0 0 0 0 0 0 0 0 0 0 0 0 0 0 0 0 0 0 0 0 0 0 0 0 0 0 0 0 0 0 0 0 0 0 0 0 0 0 0 0 0 0 0 0 0 0 0]
[7790457378927446410779464506086204079980159501381391049662535479566442515938418570590043733419574901333466425273948607417701666117246974254350909294961644974820630147941410617163215254326146010026728554943819267229379068323534158992840073831619719795473033502109902114303512922978688856179424364049490794876565376325644765176632494057670235032618 0 0 0 0 0 0 0 0 0 0 0 0 0 0 0 1 0 0 0 0 0 0 0 0 0 0 0 0 0 0 0 0 0 0 0 0 0 0 0 0 0 0 0 0 0 0 0 0 0 0 0 0 0 0 0 0 0 0 0 0 0 0 0 0 0 0 0 0 0 0 0 0 0 0 0 0 0 0 0 0 0 0 0 0 0 0 0 0 0 0 0 0 0 0 0 0 0 0 0 0 0 0 0 0 0 0 0 0 0 0 0 0 0 0]
[6075422074549340173832345731427592935677653245592433912127254293164328481307095836909032641147614546575994731360335502979118416410469265901705308766763482538324537497476507363691361129163505087803113066734012195844719801783121406124213350151359038138260902702855892189154813095956548020613448122563115995520239508411900860711794252565913626773350 0 0 0 0 0 0 0 0 0 0 0 0 0 0 0 0 1 0 0 0 0 0 0 0 0 0 0 0 0 0 0 0 0 0 0 0 0 0 0 0 0 0 0 0 0 0 0 0 0 0 0 0 0 0 0 0 0 0 0 0 0 0 0 0 0 0 0 0 0 0 0 0 0 0 0 0 0 0 0 0 0 0 0 0 0 0 0 0 0 0 0 0 0 0 0 0 0 0 0 0 0 0 0 0 0 0 0 0 0 0 0 0 0 0]
[10387226950041416917394662883233632764001613482333375981754112422943476441647307074220487275837673558708721898357555877060677040437993136175974721381103793870083913562778696597800244165502994480066711096440119566307883322363632834717129402868667273720795298507497316366801420682688241433048376709010221218015591996046024744541145932305672478731791 0 0 0 0 0 0 0 0 0 0 0 0 0 0 0 0 0 1 0 0 0 0 0 0 0 0 0 0 0 0 0 0 0 0 0 0 0 0 0 0 0 0 0 0 0 0 0 0 0 0 0 0 0 0 0 0 0 0 0 0 0 0 0 0 0 0 0 0 0 0 0 0 0 0 0 0 0 0 0 0 0 0 0 0 0 0 0 0 0 0 0 0 0 0 0 0 0 0 0 0 0 0 0 0 0 0 0 0 0 0 0 0 0 0]
[3053508517914808090456771512709385850261467977556417588122648209876698883645240750818672718465838333530863519288642061193680613563704715995783555715343894485604017074664482315042204037817595168651699848245889887729805388448086135626726908973297356056718539896409783623354258552291205498996342729601102136099975535485422069546651754303923530720682 0 0 0 0 0 0 0 0 0 0 0 0 0 0 0 0 0 0 1 0 0 0 0 0 0 0 0 0 0 0 0 0 0 0 0 0 0 0 0 0 0 0 0 0 0 0 0 0 0 0 0 0 0 0 0 0 0 0 0 0 0 0 0 0 0 0 0 0 0 0 0 0 0 0 0 0 0 0 0 0 0 0 0 0 0 0 0 0 0 0 0 0 0 0 0 0 0 0 0 0 0 0 0 0 0 0 0 0 0 0 0 0 0 0]
[13327466733110754307807251069817326648801530990103448823839223622776919208813628126049692424903187546144895726845289737663370436337592204523254600602301396481913925666694976601611206315206450830389597347328333469844731330827063413961081989728988386275010390698934103309306337306947656496819664540444679368400041758889054221551269340708676773271848 0 0 0 0 0 0 0 0 0 0 0 0 0 0 0 0 0 0 0 1 0 0 0 0 0 0 0 0 0 0 0 0 0 0 0 0 0 0 0 0 0 0 0 0 0 0 0 0 0 0 0 0 0 0 0 0 0 0 0 0 0 0 0 0 0 0 0 0 0 0 0 0 0 0 0 0 0 0 0 0 0 0 0 0 0 0 0 0 0 0 0 0 0 0 0 0 0 0 0 0 0 0 0 0 0 0 0 0 0 0 0 0 0 0]
[13716230286218211413847758858809254717320765226230398234600350628366911103081519654971787750879833234693197915168348266882472670931471625020972687776091852111531803063419530910177484516585571984710069434875854400149317282151972933809417171229967739652535551120187038257578819199354222328781029494306940640255398837918043576377040016761768297275475 0 0 0 0 0 0 0 0 0 0 0 0 0 0 0 0 0 0 0 0 1 0 0 0 0 0 0 0 0 0 0 0 0 0 0 0 0 0 0 0 0 0 0 0 0 0 0 0 0 0 0 0 0 0 0 0 0 0 0 0 0 0 0 0 0 0 0 0 0 0 0 0 0 0 0 0 0 0 0 0 0 0 0 0 0 0 0 0 0 0 0 0 0 0 0 0 0 0 0 0 0 0 0 0 0 0 0 0 0 0 0 0 0 0]
[12997552361878954880534119791713364681770447324531209734385661817115494995770157530547682317589045244151113487405618854907467382391641998231993051685986821513436129253335332794441965775303350073363034903777992791389675501493373710296651532172933703145761066531269373245494241650776648609706773094166096510962342206554548269262985224489899302567019 0 0 0 0 0 0 0 0 0 0 0 0 0 0 0 0 0 0 0 0 0 1 0 0 0 0 0 0 0 0 0 0 0 0 0 0 0 0 0 0 0 0 0 0 0 0 0 0 0 0 0 0 0 0 0 0 0 0 0 0 0 0 0 0 0 0 0 0 0 0 0 0 0 0 0 0 0 0 0 0 0 0 0 0 0 0 0 0 0 0 0 0 0 0 0 0 0 0 0 0 0 0 0 0 0 0 0 0 0 0 0 0 0 0]
[1666196372684928868654264303660419578797582413057285784714510755991658411320438142708979638541799439051673979249151944348326563411544024177310757839868491859628751818001748273922998903547253087476688972150890630768827463365043053802816939957565561140928730286359354983428733566669527087005850196711010732433051391967718971216630659966681845125725 0 0 0 0 0 0 0 0 0 0 0 0 0 0 0 0 0 0 0 0 0 0 1 0 0 0 0 0 0 0 0 0 0 0 0 0 0 0 0 0 0 0 0 0 0 0 0 0 0 0 0 0 0 0 0 0 0 0 0 0 0 0 0 0 0 0 0 0 0 0 0 0 0 0 0 0 0 0 0 0 0 0 0 0 0 0 0 0 0 0 0 0 0 0 0 0 0 0 0 0 0 0 0 0 0 0 0 0 0 0 0 0 0 0]
[620879005672548376123156792634717866406595941491106864484978180573818068300158044691011472987773660043865047174862767508573371704995727693446903130994686783618404993341761921303338925695383576498156467677755253826942821343481685386894240357691783721529993071973542276970899924072086187432281690061645235584177147797426987872208877877850482781080 0 0 0 0 0 0 0 0 0 0 0 0 0 0 0 0 0 0 0 0 0 0 0 1 0 0 0 0 0 0 0 0 0 0 0 0 0 0 0 0 0 0 0 0 0 0 0 0 0 0 0 0 0 0 0 0 0 0 0 0 0 0 0 0 0 0 0 0 0 0 0 0 0 0 0 0 0 0 0 0 0 0 0 0 0 0 0 0 0 0 0 0 0 0 0 0 0 0 0 0 0 0 0 0 0 0 0 0 0 0 0 0 0 0]
[11138990983344275419018021240273018601208025588655850334408650619327274228093999064176819839578315629927349062262255079469105820857194004647624886358532176327013317605877045056123724197740685978954277403859054589913600442490303698229490855342344649206830278742199072799615373339228622059761334101268595104504290788658027602970415997801150892452654 0 0 0 0 0 0 0 0 0 0 0 0 0 0 0 0 0 0 0 0 0 0 0 0 1 0 0 0 0 0 0 0 0 0 0 0 0 0 0 0 0 0 0 0 0 0 0 0 0 0 0 0 0 0 0 0 0 0 0 0 0 0 0 0 0 0 0 0 0 0 0 0 0 0 0 0 0 0 0 0 0 0 0 0 0 0 0 0 0 0 0 0 0 0 0 0 0 0 0 0 0 0 0 0 0 0 0 0 0 0 0 0 0 0]
[6657293674573445385397107477427652772446645272044311465659342386407928605262547602456548567216478105669318818721994409222364408774232911974118965922388054690150196391540616282675830699437378330738943786332649278363497266601768465670976332105802720290540830170350489031027988926729891820227196047072728327161416152376619482769084155037322940130481 0 0 0 0 0 0 0 0 0 0 0 0 0 0 0 0 0 0 0 0 0 0 0 0 0 1 0 0 0 0 0 0 0 0 0 0 0 0 0 0 0 0 0 0 0 0 0 0 0 0 0 0 0 0 0 0 0 0 0 0 0 0 0 0 0 0 0 0 0 0 0 0 0 0 0 0 0 0 0 0 0 0 0 0 0 0 0 0 0 0 0 0 0 0 0 0 0 0 0 0 0 0 0 0 0 0 0 0 0 0 0 0 0 0]
[13972377023979760520051698546600829363875250022360355686984686371700096846529542418289979081269572169679049069474302230640541420968855539360890230282342610283961557017963130329370219937468938013034309376585488929064777870969369152790088197566109465244743785630657153269106186885005386027778851276129411264020933104790685586356328391230442418243645 0 0 0 0 0 0 0 0 0 0 0 0 0 0 0 0 0 0 0 0 0 0 0 0 0 0 1 0 0 0 0 0 0 0 0 0 0 0 0 0 0 0 0 0 0 0 0 0 0 0 0 0 0 0 0 0 0 0 0 0 0 0 0 0 0 0 0 0 0 0 0 0 0 0 0 0 0 0 0 0 0 0 0 0 0 0 0 0 0 0 0 0 0 0 0 0 0 0 0 0 0 0 0 0 0 0 0 0 0 0 0 0 0 0]
[7139913580834622479975685203638391568780664805978832099335783135137410173859858008508206195635754069738719601344688841692648988549086877979668948298010146282505691423537941735183511352248420055967997645543989816671195590158069269981425315238642684744960698328179983086693241584860319859693106283418059756094742547117420942771885221740479732033364 0 0 0 0 0 0 0 0 0 0 0 0 0 0 0 0 0 0 0 0 0 0 0 0 0 0 0 1 0 0 0 0 0 0 0 0 0 0 0 0 0 0 0 0 0 0 0 0 0 0 0 0 0 0 0 0 0 0 0 0 0 0 0 0 0 0 0 0 0 0 0 0 0 0 0 0 0 0 0 0 0 0 0 0 0 0 0 0 0 0 0 0 0 0 0 0 0 0 0 0 0 0 0 0 0 0 0 0 0 0 0 0 0 0]
[3303763773618538014060220769684350815512625854545475763538851004701164698046992813987217337875646268546341880489431980715091292721191489166264901008624687761196284730021821473801848387293293277844163139857973640022269063659432628974528932571232095807462073571409203733105236707502283959838618287148327145480574935570161270497673909324886255861412 0 0 0 0 0 0 0 0 0 0 0 0 0 0 0 0 0 0 0 0 0 0 0 0 0 0 0 0 1 0 0 0 0 0 0 0 0 0 0 0 0 0 0 0 0 0 0 0 0 0 0 0 0 0 0 0 0 0 0 0 0 0 0 0 0 0 0 0 0 0 0 0 0 0 0 0 0 0 0 0 0 0 0 0 0 0 0 0 0 0 0 0 0 0 0 0 0 0 0 0 0 0 0 0 0 0 0 0 0 0 0 0 0 0]
[7123076698992192761501163041819045129920621327109544739992935953627854548961587998256559137974997892714465161756942705502178257080473950479113484344359560234191551537196452706177564844510419777012849055110438017858337042871198676439302881923484447250714167791954021394161827389206325661575686792055421142203009069221859851326242740452811958698308 0 0 0 0 0 0 0 0 0 0 0 0 0 0 0 0 0 0 0 0 0 0 0 0 0 0 0 0 0 1 0 0 0 0 0 0 0 0 0 0 0 0 0 0 0 0 0 0 0 0 0 0 0 0 0 0 0 0 0 0 0 0 0 0 0 0 0 0 0 0 0 0 0 0 0 0 0 0 0 0 0 0 0 0 0 0 0 0 0 0 0 0 0 0 0 0 0 0 0 0 0 0 0 0 0 0 0 0 0 0 0 0 0 0]
[80815168530676392755274473096907129247490690088649942555834211729706629780895689786412839662312266829925851402165368060853649409507885116302112874148147017992578468396746538321766336548268407227363776887888643555462018668033506959437710932226045137093142137210574503915643133006982763738101861531806034814559027276927060239179482243522893071587 0 0 0 0 0 0 0 0 0 0 0 0 0 0 0 0 0 0 0 0 0 0 0 0 0 0 0 0 0 0 1 0 0 0 0 0 0 0 0 0 0 0 0 0 0 0 0 0 0 0 0 0 0 0 0 0 0 0 0 0 0 0 0 0 0 0 0 0 0 0 0 0 0 0 0 0 0 0 0 0 0 0 0 0 0 0 0 0 0 0 0 0 0 0 0 0 0 0 0 0 0 0 0 0 0 0 0 0 0 0 0 0 0 0]
[7226071990328062741514945725252392706503538974418588142335210881517074032413806974656528874685054514632598311912380872472333705685378203006512629870195005367216896156525747972813410286229281058721442123476896948469123937598753501753913412129189860699180215641128211557176169136749003063223043660720515767091370951926618875803437233421331642201549 0 0 0 0 0 0 0 0 0 0 0 0 0 0 0 0 0 0 0 0 0 0 0 0 0 0 0 0 0 0 0 1 0 0 0 0 0 0 0 0 0 0 0 0 0 0 0 0 0 0 0 0 0 0 0 0 0 0 0 0 0 0 0 0 0 0 0 0 0 0 0 0 0 0 0 0 0 0 0 0 0 0 0 0 0 0 0 0 0 0 0 0 0 0 0 0 0 0 0 0 0 0 0 0 0 0 0 0 0 0 0 0 0 0]
[6167414200309996480026093419338518051762735204044284639762636655085403114042460239007861914992924553163616561820480006340834479801987659843574167825824281092011073001353719464964474126166273244049290316083202603042112429341519965491292328105818312247859142760809694520209884365580316917933143623576123536043000612001316596721798959017124431596097 0 0 0 0 0 0 0 0 0 0 0 0 0 0 0 0 0 0 0 0 0 0 0 0 0 0 0 0 0 0 0 0 1 0 0 0 0 0 0 0 0 0 0 0 0 0 0 0 0 0 0 0 0 0 0 0 0 0 0 0 0 0 0 0 0 0 0 0 0 0 0 0 0 0 0 0 0 0 0 0 0 0 0 0 0 0 0 0 0 0 0 0 0 0 0 0 0 0 0 0 0 0 0 0 0 0 0 0 0 0 0 0 0 0]
[2864626422913745625561076553825493459394008131478902965280411635962728186653536200711895117107352177389478653376045029284463801135123327512200603983350770061946983553982375563243646321961542090432013901404177138958320492924443437095896778455693764595600468230597982548718683268409131627762072263411109106765806037316596632323621441385439400626034 0 0 0 0 0 0 0 0 0 0 0 0 0 0 0 0 0 0 0 0 0 0 0 0 0 0 0 0 0 0 0 0 0 1 0 0 0 0 0 0 0 0 0 0 0 0 0 0 0 0 0 0 0 0 0 0 0 0 0 0 0 0 0 0 0 0 0 0 0 0 0 0 0 0 0 0 0 0 0 0 0 0 0 0 0 0 0 0 0 0 0 0 0 0 0 0 0 0 0 0 0 0 0 0 0 0 0 0 0 0 0 0 0 0]
[5961820064171636950149689541231954113050386691663001930139926120427293804409889162206026589210834842172556788017887613910942471510251211118455475279496768575767706500468540563642223039661058311744520021150737674354686311580977714342601494361136798080191598221353199162010387451995868820514682618393497373985922728926204161992641996188347505581698 0 0 0 0 0 0 0 0 0 0 0 0 0 0 0 0 0 0 0 0 0 0 0 0 0 0 0 0 0 0 0 0 0 0 1 0 0 0 0 0 0 0 0 0 0 0 0 0 0 0 0 0 0 0 0 0 0 0 0 0 0 0 0 0 0 0 0 0 0 0 0 0 0 0 0 0 0 0 0 0 0 0 0 0 0 0 0 0 0 0 0 0 0 0 0 0 0 0 0 0 0 0 0 0 0 0 0 0 0 0 0 0 0 0]
[12412658364415618493405978409093605765059182557712171416167780195959174611734491078558678708235934305373362698402080403614433768538167202004859416136999776183600951524300555138238435443065520902743761038427839409403686827108290318894165342543380802760197986345208123940775345047134850072635602560580048928304783395327485996412052945076906221294753 0 0 0 0 0 0 0 0 0 0 0 0 0 0 0 0 0 0 0 0 0 0 0 0 0 0 0 0 0 0 0 0 0 0 0 1 0 0 0 0 0 0 0 0 0 0 0 0 0 0 0 0 0 0 0 0 0 0 0 0 0 0 0 0 0 0 0 0 0 0 0 0 0 0 0 0 0 0 0 0 0 0 0 0 0 0 0 0 0 0 0 0 0 0 0 0 0 0 0 0 0 0 0 0 0 0 0 0 0 0 0 0 0 0]
[8832538032826425415080476317744087447881938931656208877425752965457343663290152348597218029642398078079707668899167310025205601026858753730098926715174854869386673438806882778664157685905299865123223496179473181136525364437991474980952307282213309630796244504953593583560824986030509886410428414600860276689286259667712047224131412037663862182197 0 0 0 0 0 0 0 0 0 0 0 0 0 0 0 0 0 0 0 0 0 0 0 0 0 0 0 0 0 0 0 0 0 0 0 0 1 0 0 0 0 0 0 0 0 0 0 0 0 0 0 0 0 0 0 0 0 0 0 0 0 0 0 0 0 0 0 0 0 0 0 0 0 0 0 0 0 0 0 0 0 0 0 0 0 0 0 0 0 0 0 0 0 0 0 0 0 0 0 0 0 0 0 0 0 0 0 0 0 0 0 0 0 0]
[6699203980071606011193815237002276074789883367045797432867476219199485558148049927074501815104149085911696354162666085207272829559572152738057168965730362508451852834272660603236900786787372632883437851159109076972065423816793625970503158516072991642054617147170738753630709111313367747689129966080907986295941286434971599403577412077846156505953 0 0 0 0 0 0 0 0 0 0 0 0 0 0 0 0 0 0 0 0 0 0 0 0 0 0 0 0 0 0 0 0 0 0 0 0 0 1 0 0 0 0 0 0 0 0 0 0 0 0 0 0 0 0 0 0 0 0 0 0 0 0 0 0 0 0 0 0 0 0 0 0 0 0 0 0 0 0 0 0 0 0 0 0 0 0 0 0 0 0 0 0 0 0 0 0 0 0 0 0 0 0 0 0 0 0 0 0 0 0 0 0 0 0]
[11880049695618429452868322939112000520704085928627727997139920772362870772142314111292404725875863317086434135375040645229285473416001514888296159349493236670967196482572784739273061362169335519026942090229371326604052174618421689704405227536940100498554272676552643527838491416071314486092932007778811149486111234428060773161000687022562104776484 0 0 0 0 0 0 0 0 0 0 0 0 0 0 0 0 0 0 0 0 0 0 0 0 0 0 0 0 0 0 0 0 0 0 0 0 0 0 1 0 0 0 0 0 0 0 0 0 0 0 0 0 0 0 0 0 0 0 0 0 0 0 0 0 0 0 0 0 0 0 0 0 0 0 0 0 0 0 0 0 0 0 0 0 0 0 0 0 0 0 0 0 0 0 0 0 0 0 0 0 0 0 0 0 0 0 0 0 0 0 0 0 0 0]
[13893749363601504796750304260929342902490475309682242394352957448242841124616275618235064601517336981121711529226992569610344744905809765323862450993715264031530441489743088147059369219218238483299993760133971616123138162726281633292452145905171064328883187005018213906584126139195533536705547782750610765907266408164172709418438651408510364632134 0 0 0 0 0 0 0 0 0 0 0 0 0 0 0 0 0 0 0 0 0 0 0 0 0 0 0 0 0 0 0 0 0 0 0 0 0 0 0 1 0 0 0 0 0 0 0 0 0 0 0 0 0 0 0 0 0 0 0 0 0 0 0 0 0 0 0 0 0 0 0 0 0 0 0 0 0 0 0 0 0 0 0 0 0 0 0 0 0 0 0 0 0 0 0 0 0 0 0 0 0 0 0 0 0 0 0 0 0 0 0 0 0 0]
[11182480092772022885611832193748900839812493614670891000760733383851995907710784579014946841195496151785733818931600958541468692324267788956154592961271651949441451386616638963504998352067866536565424191212965765770463699517169659338935623510531660831071581824280330096960662995198267846307157321157291520075877359933276777090978590112944965791538 0 0 0 0 0 0 0 0 0 0 0 0 0 0 0 0 0 0 0 0 0 0 0 0 0 0 0 0 0 0 0 0 0 0 0 0 0 0 0 0 1 0 0 0 0 0 0 0 0 0 0 0 0 0 0 0 0 0 0 0 0 0 0 0 0 0 0 0 0 0 0 0 0 0 0 0 0 0 0 0 0 0 0 0 0 0 0 0 0 0 0 0 0 0 0 0 0 0 0 0 0 0 0 0 0 0 0 0 0 0 0 0 0 0]
[5825817274046871760755208796833332073073369674088301298972828592345103729007865673770942093286541792746817526029669311972500435059819756162336335971389193126357319556612757622087867951493072651422985873619920401087687496683392296864687319751257079626779203918837679089556427651954912830929481624014610327106681123951983810699101788308560157866742 0 0 0 0 0 0 0 0 0 0 0 0 0 0 0 0 0 0 0 0 0 0 0 0 0 0 0 0 0 0 0 0 0 0 0 0 0 0 0 0 0 1 0 0 0 0 0 0 0 0 0 0 0 0 0 0 0 0 0 0 0 0 0 0 0 0 0 0 0 0 0 0 0 0 0 0 0 0 0 0 0 0 0 0 0 0 0 0 0 0 0 0 0 0 0 0 0 0 0 0 0 0 0 0 0 0 0 0 0 0 0 0 0 0]
[822395267362719298163824800342743691105189150934199757906225947022288276101038482143714992169698467500597235977388175253820485314717640234940182706869384638820022027649982172239346720790947999029663863050426534481997210515377457221497400770183702649557013738899296277801510116113429581041904919460578977270342886063597090659907047106704442333264 0 0 0 0 0 0 0 0 0 0 0 0 0 0 0 0 0 0 0 0 0 0 0 0 0 0 0 0 0 0 0 0 0 0 0 0 0 0 0 0 0 0 1 0 0 0 0 0 0 0 0 0 0 0 0 0 0 0 0 0 0 0 0 0 0 0 0 0 0 0 0 0 0 0 0 0 0 0 0 0 0 0 0 0 0 0 0 0 0 0 0 0 0 0 0 0 0 0 0 0 0 0 0 0 0 0 0 0 0 0 0 0 0 0]
[2931541136377343053898336286839805585548187641492230257821123706743179937519292342931706141654073824188804938083079092476494864337679439678383616239282406849342184264825634182704995366361172597462771139616497869283498533850155930520442940314966489465932077488302520185673398078677195855141366142472616420997579538489306923340259877647280782405480 0 0 0 0 0 0 0 0 0 0 0 0 0 0 0 0 0 0 0 0 0 0 0 0 0 0 0 0 0 0 0 0 0 0 0 0 0 0 0 0 0 0 0 1 0 0 0 0 0 0 0 0 0 0 0 0 0 0 0 0 0 0 0 0 0 0 0 0 0 0 0 0 0 0 0 0 0 0 0 0 0 0 0 0 0 0 0 0 0 0 0 0 0 0 0 0 0 0 0 0 0 0 0 0 0 0 0 0 0 0 0 0 0 0]
[8416555208839078960769395063068102188727288172656211317203046488140074727954078277014865936264360558229254154077842806610290399087810956112323595492166646714958665157684997805916697515173621925873016869189065304365006608773529372048746170325790914545622231997677691420778785257212911657340300678874872034194499852840108259158573249054721334730635 0 0 0 0 0 0 0 0 0 0 0 0 0 0 0 0 0 0 0 0 0 0 0 0 0 0 0 0 0 0 0 0 0 0 0 0 0 0 0 0 0 0 0 0 1 0 0 0 0 0 0 0 0 0 0 0 0 0 0 0 0 0 0 0 0 0 0 0 0 0 0 0 0 0 0 0 0 0 0 0 0 0 0 0 0 0 0 0 0 0 0 0 0 0 0 0 0 0 0 0 0 0 0 0 0 0 0 0 0 0 0 0 0 0]
[10230836548547407533761903439951777774769790800711211069478315463145894580384343773819495845211145377753259690251251260347716206787421868131562014629220466171509858658860463131703022669509120786441427638129514309433248885068526864848543519687967812783911539955397675810587215934032172465170873020588622978151910507500841659536344615363768692296396 0 0 0 0 0 0 0 0 0 0 0 0 0 0 0 0 0 0 0 0 0 0 0 0 0 0 0 0 0 0 0 0 0 0 0 0 0 0 0 0 0 0 0 0 0 1 0 0 0 0 0 0 0 0 0 0 0 0 0 0 0 0 0 0 0 0 0 0 0 0 0 0 0 0 0 0 0 0 0 0 0 0 0 0 0 0 0 0 0 0 0 0 0 0 0 0 0 0 0 0 0 0 0 0 0 0 0 0 0 0 0 0 0 0]
[12978254235957064881641536885117659070998870040455033960377713115427936514918768162185922295308621437289808682259683906646632761258390489118592285343956809268815431832158190195166971669047432994713533314104231513891968894144207523744815425521610192025715083030184317446410756223901125758256813981672535591462712612655249548524443714375072315894093 0 0 0 0 0 0 0 0 0 0 0 0 0 0 0 0 0 0 0 0 0 0 0 0 0 0 0 0 0 0 0 0 0 0 0 0 0 0 0 0 0 0 0 0 0 0 1 0 0 0 0 0 0 0 0 0 0 0 0 0 0 0 0 0 0 0 0 0 0 0 0 0 0 0 0 0 0 0 0 0 0 0 0 0 0 0 0 0 0 0 0 0 0 0 0 0 0 0 0 0 0 0 0 0 0 0 0 0 0 0 0 0 0 0]
[7582969722840215792373248989178820654981102786100768849451023111756457429259054557887757644201183839963985962628185987762068275297915989094470376444399767341852719383530988944862938640150100634959558149554008951809815324929236997353204552163161491872947736682818374795206272698516619823485653546891678338606129599345850709560037366964948131869075 0 0 0 0 0 0 0 0 0 0 0 0 0 0 0 0 0 0 0 0 0 0 0 0 0 0 0 0 0 0 0 0 0 0 0 0 0 0 0 0 0 0 0 0 0 0 0 1 0 0 0 0 0 0 0 0 0 0 0 0 0 0 0 0 0 0 0 0 0 0 0 0 0 0 0 0 0 0 0 0 0 0 0 0 0 0 0 0 0 0 0 0 0 0 0 0 0 0 0 0 0 0 0 0 0 0 0 0 0 0 0 0 0 0]
[12437019759977905481001563949368534386900242933796342518299821388870131737651537195785620904702092734969835974286436526257241641830180312333296353662780424297981101166575441908325242498484818663964284617122750125042877906452252952304388242529373436621460498176152676102117329952174803167414714221159898544391733177971961523481336378158141311808234 0 0 0 0 0 0 0 0 0 0 0 0 0 0 0 0 0 0 0 0 0 0 0 0 0 0 0 0 0 0 0 0 0 0 0 0 0 0 0 0 0 0 0 0 0 0 0 0 1 0 0 0 0 0 0 0 0 0 0 0 0 0 0 0 0 0 0 0 0 0 0 0 0 0 0 0 0 0 0 0 0 0 0 0 0 0 0 0 0 0 0 0 0 0 0 0 0 0 0 0 0 0 0 0 0 0 0 0 0 0 0 0 0 0]
[9909414704189302604787688221857930504582061566252881395239924903602613787640519773684417612737605053825086877649988516353282505447511888414213895543137866096649020373703197856520478772641169077848956946089559290982637105177664463748539691808443188474530007802418524889358505771629828973261849001468030266582629343146580567374370869276210221427140 0 0 0 0 0 0 0 0 0 0 0 0 0 0 0 0 0 0 0 0 0 0 0 0 0 0 0 0 0 0 0 0 0 0 0 0 0 0 0 0 0 0 0 0 0 0 0 0 0 1 0 0 0 0 0 0 0 0 0 0 0 0 0 0 0 0 0 0 0 0 0 0 0 0 0 0 0 0 0 0 0 0 0 0 0 0 0 0 0 0 0 0 0 0 0 0 0 0 0 0 0 0 0 0 0 0 0 0 0 0 0 0 0 0]
[9619665276335636809880152268718470832490611674089309694851821407441352516940681857183630045449086695441712671278460877195642098793028885257218439184833474635863686062741819289592125136844278262859550447788642876687621428486928043992719592500142715356897757500489347483409011151659403317957281233731741394629257195918616720687377505119216448715069 0 0 0 0 0 0 0 0 0 0 0 0 0 0 0 0 0 0 0 0 0 0 0 0 0 0 0 0 0 0 0 0 0 0 0 0 0 0 0 0 0 0 0 0 0 0 0 0 0 0 1 0 0 0 0 0 0 0 0 0 0 0 0 0 0 0 0 0 0 0 0 0 0 0 0 0 0 0 0 0 0 0 0 0 0 0 0 0 0 0 0 0 0 0 0 0 0 0 0 0 0 0 0 0 0 0 0 0 0 0 0 0 0 0]
[10251284768820689474150398000832255086035820404976000865611885828991675307638666200151902059185953383767840444955997916284646822221674444261820142037668068096416900858233658604426658791043160713908302722904761491101783121887128367960801977200153117948241090639704513696060738458905633131106048295150048680612264877645858892724349597697341790449637 0 0 0 0 0 0 0 0 0 0 0 0 0 0 0 0 0 0 0 0 0 0 0 0 0 0 0 0 0 0 0 0 0 0 0 0 0 0 0 0 0 0 0 0 0 0 0 0 0 0 0 1 0 0 0 0 0 0 0 0 0 0 0 0 0 0 0 0 0 0 0 0 0 0 0 0 0 0 0 0 0 0 0 0 0 0 0 0 0 0 0 0 0 0 0 0 0 0 0 0 0 0 0 0 0 0 0 0 0 0 0 0 0 0]
[1383523190688416399397895468740622540836278805842006799683101656547182133980678511353633965583744512376685489591083566479740417970783294311410260101556998768883857207220342311301931119662380057881812778380063807443450420085347073470918048406064576718850359289314699323179186606023055381106318944657684532960897177958860619610230870868204468796848 0 0 0 0 0 0 0 0 0 0 0 0 0 0 0 0 0 0 0 0 0 0 0 0 0 0 0 0 0 0 0 0 0 0 0 0 0 0 0 0 0 0 0 0 0 0 0 0 0 0 0 0 1 0 0 0 0 0 0 0 0 0 0 0 0 0 0 0 0 0 0 0 0 0 0 0 0 0 0 0 0 0 0 0 0 0 0 0 0 0 0 0 0 0 0 0 0 0 0 0 0 0 0 0 0 0 0 0 0 0 0 0 0 0]
[6526681208155522439860843871823515372082344175807032877501510274710105256072892876520040147691343152476205919790390069283641200701404485474347861590900609217258227876750218211116936469493514390834857233612070233073610956585018006854565384045968888494951242313650155415720018630604013460135093071648868251693616028028879906890401166023468039078161 0 0 0 0 0 0 0 0 0 0 0 0 0 0 0 0 0 0 0 0 0 0 0 0 0 0 0 0 0 0 0 0 0 0 0 0 0 0 0 0 0 0 0 0 0 0 0 0 0 0 0 0 0 1 0 0 0 0 0 0 0 0 0 0 0 0 0 0 0 0 0 0 0 0 0 0 0 0 0 0 0 0 0 0 0 0 0 0 0 0 0 0 0 0 0 0 0 0 0 0 0 0 0 0 0 0 0 0 0 0 0 0 0 0]
[9269163350867678741951441807905282811167961892816392204417324124927245757986700212046312716582976326330775693545767863783972531816003373572255645243930691378625408249337461640143427372256388632452450914054936692643271878923348929451108884025700262838720686671261367794286997597985659922933104990084371668993263295183008919497437986300262050838932 0 0 0 0 0 0 0 0 0 0 0 0 0 0 0 0 0 0 0 0 0 0 0 0 0 0 0 0 0 0 0 0 0 0 0 0 0 0 0 0 0 0 0 0 0 0 0 0 0 0 0 0 0 0 1 0 0 0 0 0 0 0 0 0 0 0 0 0 0 0 0 0 0 0 0 0 0 0 0 0 0 0 0 0 0 0 0 0 0 0 0 0 0 0 0 0 0 0 0 0 0 0 0 0 0 0 0 0 0 0 0 0 0 0]
[6654249324252444417991929393611895489988143972432843322695385195748382414856649175881327943172952701658203164334210339927312436008388070450751412645584010392079547384020227170732703315558722311136187700492449175878857567877830215081903024507596131964662002408489922208596058178552048025581224879851025056596736016181047212135195042792931201645715 0 0 0 0 0 0 0 0 0 0 0 0 0 0 0 0 0 0 0 0 0 0 0 0 0 0 0 0 0 0 0 0 0 0 0 0 0 0 0 0 0 0 0 0 0 0 0 0 0 0 0 0 0 0 0 1 0 0 0 0 0 0 0 0 0 0 0 0 0 0 0 0 0 0 0 0 0 0 0 0 0 0 0 0 0 0 0 0 0 0 0 0 0 0 0 0 0 0 0 0 0 0 0 0 0 0 0 0 0 0 0 0 0 0]
[2689849568399097396766365607267506275986886200939654625943557998217993715188672094236916950973985484301653984388493354015921910979995996131338010110673705840142455373470188025798590410859386241928368539110714512695687510215380659606873853690226341208874832090659725470450127875375104604777126238917824143202349218688049509896907823984702587551063 0 0 0 0 0 0 0 0 0 0 0 0 0 0 0 0 0 0 0 0 0 0 0 0 0 0 0 0 0 0 0 0 0 0 0 0 0 0 0 0 0 0 0 0 0 0 0 0 0 0 0 0 0 0 0 0 1 0 0 0 0 0 0 0 0 0 0 0 0 0 0 0 0 0 0 0 0 0 0 0 0 0 0 0 0 0 0 0 0 0 0 0 0 0 0 0 0 0 0 0 0 0 0 0 0 0 0 0 0 0 0 0 0 0]
[6077891825996669190185222434286337520153777323199602988230627045946631020484437856296479170273287454035499064834041785520060370570741198616641782887703244585316755164626064109188120722310457922997440675111714871357023309658242968905662960688050573720666443316362192799788044727871210587209468210639477882027545445654575410633395225120078332064921 0 0 0 0 0 0 0 0 0 0 0 0 0 0 0 0 0 0 0 0 0 0 0 0 0 0 0 0 0 0 0 0 0 0 0 0 0 0 0 0 0 0 0 0 0 0 0 0 0 0 0 0 0 0 0 0 0 1 0 0 0 0 0 0 0 0 0 0 0 0 0 0 0 0 0 0 0 0 0 0 0 0 0 0 0 0 0 0 0 0 0 0 0 0 0 0 0 0 0 0 0 0 0 0 0 0 0 0 0 0 0 0 0 0]
[13219256159657640137994677545116267992753391295122612232112669107557870698053881112933392743271944001874646677051818518420259794937484007923421962433170781944968909700680677923992990873313405555823449320192757048982895369327884510042711463097514504264880631247574890369555156631016606345550823820939736287156852387787723838349895026841724954856769 0 0 0 0 0 0 0 0 0 0 0 0 0 0 0 0 0 0 0 0 0 0 0 0 0 0 0 0 0 0 0 0 0 0 0 0 0 0 0 0 0 0 0 0 0 0 0 0 0 0 0 0 0 0 0 0 0 0 1 0 0 0 0 0 0 0 0 0 0 0 0 0 0 0 0 0 0 0 0 0 0 0 0 0 0 0 0 0 0 0 0 0 0 0 0 0 0 0 0 0 0 0 0 0 0 0 0 0 0 0 0 0 0 0]
[14785421905224979293077162942310023944773189606406689739642607379152187569395190672711779210962922578944023504136926623026984319028831796435560039406998513787619614159332514638864093065427682325466233340165686253591984742595515588867128339033712123832197646753324522481388013156995427588405944042853805436172891425730799237028598725532511447387502 0 0 0 0 0 0 0 0 0 0 0 0 0 0 0 0 0 0 0 0 0 0 0 0 0 0 0 0 0 0 0 0 0 0 0 0 0 0 0 0 0 0 0 0 0 0 0 0 0 0 0 0 0 0 0 0 0 0 0 1 0 0 0 0 0 0 0 0 0 0 0 0 0 0 0 0 0 0 0 0 0 0 0 0 0 0 0 0 0 0 0 0 0 0 0 0 0 0 0 0 0 0 0 0 0 0 0 0 0 0 0 0 0 0]
[2783705263643403751300336693818129387357204900351208615931266717622412296676237123161036546490488175376137377755248234475280794300664720488879835130418960889153915395731020154785048878213629591484583008241330318937306627575437072796912099432791156607374649212746578976275978146309364893233069963707954647701437383998965395684611715247084585015744 0 0 0 0 0 0 0 0 0 0 0 0 0 0 0 0 0 0 0 0 0 0 0 0 0 0 0 0 0 0 0 0 0 0 0 0 0 0 0 0 0 0 0 0 0 0 0 0 0 0 0 0 0 0 0 0 0 0 0 0 1 0 0 0 0 0 0 0 0 0 0 0 0 0 0 0 0 0 0 0 0 0 0 0 0 0 0 0 0 0 0 0 0 0 0 0 0 0 0 0 0 0 0 0 0 0 0 0 0 0 0 0 0 0]
[10291411104017729362977547610051533075365294806745388500341712924637163810052854281389245561069800151691418284385872292474497639996007451844840723662751026136257209861374723201371886647863287485661895695333741914300880000820294713726748984383467422971964923408566458387990695390865184454164995402681706766588546879507215356053162773069088031757395 0 0 0 0 0 0 0 0 0 0 0 0 0 0 0 0 0 0 0 0 0 0 0 0 0 0 0 0 0 0 0 0 0 0 0 0 0 0 0 0 0 0 0 0 0 0 0 0 0 0 0 0 0 0 0 0 0 0 0 0 0 1 0 0 0 0 0 0 0 0 0 0 0 0 0 0 0 0 0 0 0 0 0 0 0 0 0 0 0 0 0 0 0 0 0 0 0 0 0 0 0 0 0 0 0 0 0 0 0 0 0 0 0 0]
[14223297624588440617353370819103697927080010627000802235402354001818023680732544107231690824764641266561794969653164963963756840503730631347570389047659214539886808054409133102592332185823164937448888882286056922851941720801517709044000930114272361315064715594825274270094709337347934017899423318820495196157012234799509521095572616681603019476983 0 0 0 0 0 0 0 0 0 0 0 0 0 0 0 0 0 0 0 0 0 0 0 0 0 0 0 0 0 0 0 0 0 0 0 0 0 0 0 0 0 0 0 0 0 0 0 0 0 0 0 0 0 0 0 0 0 0 0 0 0 0 1 0 0 0 0 0 0 0 0 0 0 0 0 0 0 0 0 0 0 0 0 0 0 0 0 0 0 0 0 0 0 0 0 0 0 0 0 0 0 0 0 0 0 0 0 0 0 0 0 0 0 0]
[2382531544330115605079292517236359786295486146250431496985757961292437789795678156337278801503011686368813963318166093361314524182951564536236080543848005513448515920061320753041775897088683566027531820471034530068478631653433361503096754939292724673705410865767058476823049212315668807905194639995562288510541043223207340928550985423050396109150 0 0 0 0 0 0 0 0 0 0 0 0 0 0 0 0 0 0 0 0 0 0 0 0 0 0 0 0 0 0 0 0 0 0 0 0 0 0 0 0 0 0 0 0 0 0 0 0 0 0 0 0 0 0 0 0 0 0 0 0 0 0 0 1 0 0 0 0 0 0 0 0 0 0 0 0 0 0 0 0 0 0 0 0 0 0 0 0 0 0 0 0 0 0 0 0 0 0 0 0 0 0 0 0 0 0 0 0 0 0 0 0 0 0]
[6062965533830723252853444839121951979160595932465388313145454966357249426191188000529620248977055303756882268595271828328447892931355818526976867556634264017052816455505792571429001190202735785609514529820475384519333485578175893333236986043131363978877159237460327612105701447320924023519444107938648448615742626747650634446107304697295264394417 0 0 0 0 0 0 0 0 0 0 0 0 0 0 0 0 0 0 0 0 0 0 0 0 0 0 0 0 0 0 0 0 0 0 0 0 0 0 0 0 0 0 0 0 0 0 0 0 0 0 0 0 0 0 0 0 0 0 0 0 0 0 0 0 1 0 0 0 0 0 0 0 0 0 0 0 0 0 0 0 0 0 0 0 0 0 0 0 0 0 0 0 0 0 0 0 0 0 0 0 0 0 0 0 0 0 0 0 0 0 0 0 0 0]
[6994424871797930525602284365092399220322750145715641917401196989577984503610209869100289915605051509143773803789302095624427347899840171299490106708139066903502528729529790436205725711880185805141757527315253134460001260564393482505073907350842428414509258201432069078678776973004297053398844311533017688257546261483618520295380551127967820704199 0 0 0 0 0 0 0 0 0 0 0 0 0 0 0 0 0 0 0 0 0 0 0 0 0 0 0 0 0 0 0 0 0 0 0 0 0 0 0 0 0 0 0 0 0 0 0 0 0 0 0 0 0 0 0 0 0 0 0 0 0 0 0 0 0 1 0 0 0 0 0 0 0 0 0 0 0 0 0 0 0 0 0 0 0 0 0 0 0 0 0 0 0 0 0 0 0 0 0 0 0 0 0 0 0 0 0 0 0 0 0 0 0 0]
[10545523036058427807456308780508151768822948654537791289515293125306698013929889225890552848153896282143762509034863983767664499491765338094581474883478604955398865728824708741155354019890759889825349083967386377307418859539842252626317214595296481077106201804892213228318200517827184311685591460630774884607122399275085012752147458965696736995923 0 0 0 0 0 0 0 0 0 0 0 0 0 0 0 0 0 0 0 0 0 0 0 0 0 0 0 0 0 0 0 0 0 0 0 0 0 0 0 0 0 0 0 0 0 0 0 0 0 0 0 0 0 0 0 0 0 0 0 0 0 0 0 0 0 0 1 0 0 0 0 0 0 0 0 0 0 0 0 0 0 0 0 0 0 0 0 0 0 0 0 0 0 0 0 0 0 0 0 0 0 0 0 0 0 0 0 0 0 0 0 0 0 0]
[11319246895387982538425304444131456155590331969590926605242921994900732737982141523888737246844987725791511823943777002971461308206234155324328637512091694207498551595094117413044483470430105243905112398894721878918779985988941694351872374545641222403121253407883556549801426563203429942552494586540545286217790679157955182720797670340363801575484 0 0 0 0 0 0 0 0 0 0 0 0 0 0 0 0 0 0 0 0 0 0 0 0 0 0 0 0 0 0 0 0 0 0 0 0 0 0 0 0 0 0 0 0 0 0 0 0 0 0 0 0 0 0 0 0 0 0 0 0 0 0 0 0 0 0 0 1 0 0 0 0 0 0 0 0 0 0 0 0 0 0 0 0 0 0 0 0 0 0 0 0 0 0 0 0 0 0 0 0 0 0 0 0 0 0 0 0 0 0 0 0 0 0]
[994297752938238009718385452552405195446450484977178718283565090686110015990766732558025169995702069684345890718202327797646463594069814240742960151426783792354488394749801167567336602258270326879733976867326428083644268949504756541898788436348903783000905823823888140712473602781327776197057201465132362595419308734357475554344529176276761387083 0 0 0 0 0 0 0 0 0 0 0 0 0 0 0 0 0 0 0 0 0 0 0 0 0 0 0 0 0 0 0 0 0 0 0 0 0 0 0 0 0 0 0 0 0 0 0 0 0 0 0 0 0 0 0 0 0 0 0 0 0 0 0 0 0 0 0 0 1 0 0 0 0 0 0 0 0 0 0 0 0 0 0 0 0 0 0 0 0 0 0 0 0 0 0 0 0 0 0 0 0 0 0 0 0 0 0 0 0 0 0 0 0 0]
[2219351610998705980051727194791677967114321292936321814115822996848015287954637769970029816785941052769355445119682340624301527876980911501141452323120778224635086092317996984124171030201885024109713795659417773387183874194802196383283858151658120269367658734668377508601056916318515618361698343057956184912856596258557749756001027078010955803955 0 0 0 0 0 0 0 0 0 0 0 0 0 0 0 0 0 0 0 0 0 0 0 0 0 0 0 0 0 0 0 0 0 0 0 0 0 0 0 0 0 0 0 0 0 0 0 0 0 0 0 0 0 0 0 0 0 0 0 0 0 0 0 0 0 0 0 0 0 1 0 0 0 0 0 0 0 0 0 0 0 0 0 0 0 0 0 0 0 0 0 0 0 0 0 0 0 0 0 0 0 0 0 0 0 0 0 0 0 0 0 0 0 0]
[8719047408601977201693017274287248183748282876489652007364085443121907323969408051082740523148832243868684561452608610967903099660207906899718759520228764864115530388829250345727183640993245473450152014624977647008587926529519292920091365914221859297687281385204357324633367144722302101244353574506148236247869635329747809803565275444640874990600 0 0 0 0 0 0 0 0 0 0 0 0 0 0 0 0 0 0 0 0 0 0 0 0 0 0 0 0 0 0 0 0 0 0 0 0 0 0 0 0 0 0 0 0 0 0 0 0 0 0 0 0 0 0 0 0 0 0 0 0 0 0 0 0 0 0 0 0 0 0 1 0 0 0 0 0 0 0 0 0 0 0 0 0 0 0 0 0 0 0 0 0 0 0 0 0 0 0 0 0 0 0 0 0 0 0 0 0 0 0 0 0 0 0]
[9730332548800744182876130869292559045565652684704618725955878521544153795509401047419802436094336678871039369729187686714895026525105161139927468507589709859244595252482414059189321372026499078684362917030909739041570681054167595946233687412310351286982426795060741242759720050081980671483653945159019336402984356854910288028266496808671941707303 0 0 0 0 0 0 0 0 0 0 0 0 0 0 0 0 0 0 0 0 0 0 0 0 0 0 0 0 0 0 0 0 0 0 0 0 0 0 0 0 0 0 0 0 0 0 0 0 0 0 0 0 0 0 0 0 0 0 0 0 0 0 0 0 0 0 0 0 0 0 0 1 0 0 0 0 0 0 0 0 0 0 0 0 0 0 0 0 0 0 0 0 0 0 0 0 0 0 0 0 0 0 0 0 0 0 0 0 0 0 0 0 0 0]
[13832599424494070403080838648444372137521171392347458208041389499407815776593000087887924284144385082378555481544091194243471570176038135290352093133146244555316300359046927594373862100739965148332189686628184264901478910455275698927546809405658112002969836290511005408092776817381722485977357786865624608238453765433350102093458575051820519118655 0 0 0 0 0 0 0 0 0 0 0 0 0 0 0 0 0 0 0 0 0 0 0 0 0 0 0 0 0 0 0 0 0 0 0 0 0 0 0 0 0 0 0 0 0 0 0 0 0 0 0 0 0 0 0 0 0 0 0 0 0 0 0 0 0 0 0 0 0 0 0 0 1 0 0 0 0 0 0 0 0 0 0 0 0 0 0 0 0 0 0 0 0 0 0 0 0 0 0 0 0 0 0 0 0 0 0 0 0 0 0 0 0 0]
[11697414284257943062384806089997216397365344062695302558393244284646130860153129077832313653717608517705994159893842097274718386936499681276739069013374618553380740256853065538317560209150220233715024225071734098207114120170332930029784507321862308428506197818027324566520420775350864810228906896038933116809629186194755320656809956784003337580835 0 0 0 0 0 0 0 0 0 0 0 0 0 0 0 0 0 0 0 0 0 0 0 0 0 0 0 0 0 0 0 0 0 0 0 0 0 0 0 0 0 0 0 0 0 0 0 0 0 0 0 0 0 0 0 0 0 0 0 0 0 0 0 0 0 0 0 0 0 0 0 0 0 1 0 0 0 0 0 0 0 0 0 0 0 0 0 0 0 0 0 0 0 0 0 0 0 0 0 0 0 0 0 0 0 0 0 0 0 0 0 0 0 0]
[809759055788201293033464644039492601192510119397298978115351023037973538622017661375328110957655920112821628229864311682837360835256812502379185327096518447019429863806701824718141611194914092522230224039275341092521016868810109694689553674699326693935985436813915324096705934708338813613415210259670530828367452294896460470041869329588047315035 0 0 0 0 0 0 0 0 0 0 0 0 0 0 0 0 0 0 0 0 0 0 0 0 0 0 0 0 0 0 0 0 0 0 0 0 0 0 0 0 0 0 0 0 0 0 0 0 0 0 0 0 0 0 0 0 0 0 0 0 0 0 0 0 0 0 0 0 0 0 0 0 0 0 1 0 0 0 0 0 0 0 0 0 0 0 0 0 0 0 0 0 0 0 0 0 0 0 0 0 0 0 0 0 0 0 0 0 0 0 0 0 0 0]
[13767384616728411037898090419056138584678679553972882744530764730018106930118497846878402807572128233178308667164577465927577767940008089024739887677301397327728586053390989756940488953522692642419372332246296495215175587376218917566704390954599582060082572965953043730353471257968474952511845195285687861313948750183926434399626512781857016887266 0 0 0 0 0 0 0 0 0 0 0 0 0 0 0 0 0 0 0 0 0 0 0 0 0 0 0 0 0 0 0 0 0 0 0 0 0 0 0 0 0 0 0 0 0 0 0 0 0 0 0 0 0 0 0 0 0 0 0 0 0 0 0 0 0 0 0 0 0 0 0 0 0 0 0 1 0 0 0 0 0 0 0 0 0 0 0 0 0 0 0 0 0 0 0 0 0 0 0 0 0 0 0 0 0 0 0 0 0 0 0 0 0 0]
[4510826490938095451867846517906947345764362080994303443243946183859816126856112622565431967162255577365238987385253580589738488132012790290862779044126655939974959090458196103122422208957620591149535972303291911537160513020160061335246839362453685954048584336389149267719798924577147615748631231174914797098163407217774709888924927553406863454027 0 0 0 0 0 0 0 0 0 0 0 0 0 0 0 0 0 0 0 0 0 0 0 0 0 0 0 0 0 0 0 0 0 0 0 0 0 0 0 0 0 0 0 0 0 0 0 0 0 0 0 0 0 0 0 0 0 0 0 0 0 0 0 0 0 0 0 0 0 0 0 0 0 0 0 0 1 0 0 0 0 0 0 0 0 0 0 0 0 0 0 0 0 0 0 0 0 0 0 0 0 0 0 0 0 0 0 0 0 0 0 0 0 0]
[10991312969406342321374156707184822035698029647733833695746275839258307188002895283543585563062044236089177603488828610026664438352746171771429835622848711628509958885371677729161842442953657726256751084775543463605682136692485799313059416254726525935147186848420958427675180244309339858717569254430778346639004689144599139514113952612779883664265 0 0 0 0 0 0 0 0 0 0 0 0 0 0 0 0 0 0 0 0 0 0 0 0 0 0 0 0 0 0 0 0 0 0 0 0 0 0 0 0 0 0 0 0 0 0 0 0 0 0 0 0 0 0 0 0 0 0 0 0 0 0 0 0 0 0 0 0 0 0 0 0 0 0 0 0 0 1 0 0 0 0 0 0 0 0 0 0 0 0 0 0 0 0 0 0 0 0 0 0 0 0 0 0 0 0 0 0 0 0 0 0 0 0]
[12743904843243755612816133629943798342099242587526794574504312677848251674256569927189908841741012505892874821083435890268891967829576457082864784288032231343343142166430435251832516268480605256578949500216673689828910715996481894611438813048725657369621845893417328044649409025195547688177743474840222919023757657279430299843114345838284027186615 0 0 0 0 0 0 0 0 0 0 0 0 0 0 0 0 0 0 0 0 0 0 0 0 0 0 0 0 0 0 0 0 0 0 0 0 0 0 0 0 0 0 0 0 0 0 0 0 0 0 0 0 0 0 0 0 0 0 0 0 0 0 0 0 0 0 0 0 0 0 0 0 0 0 0 0 0 0 1 0 0 0 0 0 0 0 0 0 0 0 0 0 0 0 0 0 0 0 0 0 0 0 0 0 0 0 0 0 0 0 0 0 0 0]
[3959617625548987956676913893658502053726496760593947172036042841828601638652648938848009070780292827599675365100132148317416979955616693486960888741794382515547026450083401532758721175000117020030991183341217003954874081876401741445657679404372875588217702437638068897509824782707605390996176011892236781014134198269964970883876805365222688598198 0 0 0 0 0 0 0 0 0 0 0 0 0 0 0 0 0 0 0 0 0 0 0 0 0 0 0 0 0 0 0 0 0 0 0 0 0 0 0 0 0 0 0 0 0 0 0 0 0 0 0 0 0 0 0 0 0 0 0 0 0 0 0 0 0 0 0 0 0 0 0 0 0 0 0 0 0 0 0 1 0 0 0 0 0 0 0 0 0 0 0 0 0 0 0 0 0 0 0 0 0 0 0 0 0 0 0 0 0 0 0 0 0 0]
[1931351329987889882212149265396381239430576271040354724819389438471738492973923418545479234716488458838599592040850591473760101911111298541674592859653381597406979322866326523559312643393551034896713614407662334130376053035119964122354099311051443577615027735205699557580827796041734857615838334636968445933978729053561963287616696737274995282302 0 0 0 0 0 0 0 0 0 0 0 0 0 0 0 0 0 0 0 0 0 0 0 0 0 0 0 0 0 0 0 0 0 0 0 0 0 0 0 0 0 0 0 0 0 0 0 0 0 0 0 0 0 0 0 0 0 0 0 0 0 0 0 0 0 0 0 0 0 0 0 0 0 0 0 0 0 0 0 0 1 0 0 0 0 0 0 0 0 0 0 0 0 0 0 0 0 0 0 0 0 0 0 0 0 0 0 0 0 0 0 0 0 0]
[3228674962629110503553018015344053658431947014128336527972953458926334199283748272680504137501580334205913082935196720382146019184346067408489391000089715438178435343639293866400381720338530822881504271273366144617439090809495721563338215263969091663879290860734368250724960968856535702945597630874845300041738731022960970170621585477188150875718 0 0 0 0 0 0 0 0 0 0 0 0 0 0 0 0 0 0 0 0 0 0 0 0 0 0 0 0 0 0 0 0 0 0 0 0 0 0 0 0 0 0 0 0 0 0 0 0 0 0 0 0 0 0 0 0 0 0 0 0 0 0 0 0 0 0 0 0 0 0 0 0 0 0 0 0 0 0 0 0 0 1 0 0 0 0 0 0 0 0 0 0 0 0 0 0 0 0 0 0 0 0 0 0 0 0 0 0 0 0 0 0 0 0]
[6903267254802867267793717340139550673539896424325221838878855743867862544879943976176646508994077571271764882347144180075192842136748787898548357968417946786533094910441279818142648682207371316316422726823653918207560015263045835672498047815272406905140991459348468172241894394627889413584474767865351754545380305917308188663873631616342395813609 0 0 0 0 0 0 0 0 0 0 0 0 0 0 0 0 0 0 0 0 0 0 0 0 0 0 0 0 0 0 0 0 0 0 0 0 0 0 0 0 0 0 0 0 0 0 0 0 0 0 0 0 0 0 0 0 0 0 0 0 0 0 0 0 0 0 0 0 0 0 0 0 0 0 0 0 0 0 0 0 0 0 1 0 0 0 0 0 0 0 0 0 0 0 0 0 0 0 0 0 0 0 0 0 0 0 0 0 0 0 0 0 0 0]
[493006342061829015542155889148266631458826955710110352067351522434725034614251116955324744540716494709130802838859045498259426094447534816904101606657927964745119887919606227563226420816330387459389636615476340007088494344466321656915440835139956152979163677023219810518607319428286082611377870159682165026315900136338417621366586687253527219566 0 0 0 0 0 0 0 0 0 0 0 0 0 0 0 0 0 0 0 0 0 0 0 0 0 0 0 0 0 0 0 0 0 0 0 0 0 0 0 0 0 0 0 0 0 0 0 0 0 0 0 0 0 0 0 0 0 0 0 0 0 0 0 0 0 0 0 0 0 0 0 0 0 0 0 0 0 0 0 0 0 0 0 1 0 0 0 0 0 0 0 0 0 0 0 0 0 0 0 0 0 0 0 0 0 0 0 0 0 0 0 0 0 0]
[2491159590152066857187578471491089537123543644931181491186924242171029575295451388140661455642088325679920767596790746012442900848067157967499481692927359023465671287822632574941694618850099690503902248737332884693189153606009192740915003096176848512935205576515651132434801368452338714508126060058239878619348494008775486008375538872404365629691 0 0 0 0 0 0 0 0 0 0 0 0 0 0 0 0 0 0 0 0 0 0 0 0 0 0 0 0 0 0 0 0 0 0 0 0 0 0 0 0 0 0 0 0 0 0 0 0 0 0 0 0 0 0 0 0 0 0 0 0 0 0 0 0 0 0 0 0 0 0 0 0 0 0 0 0 0 0 0 0 0 0 0 0 1 0 0 0 0 0 0 0 0 0 0 0 0 0 0 0 0 0 0 0 0 0 0 0 0 0 0 0 0 0]
[5594745527265276517358059282467336859009125760123453075508079269023337602417693193285686299254042045020829234939084636738420935931744122163954534794763753592589245108815850539230238566017364893922520908191470220684098732253912924393500309438544491827432516548435120455126427793110300389654863097215836201622943542132581623060810265474925380589049 0 0 0 0 0 0 0 0 0 0 0 0 0 0 0 0 0 0 0 0 0 0 0 0 0 0 0 0 0 0 0 0 0 0 0 0 0 0 0 0 0 0 0 0 0 0 0 0 0 0 0 0 0 0 0 0 0 0 0 0 0 0 0 0 0 0 0 0 0 0 0 0 0 0 0 0 0 0 0 0 0 0 0 0 0 1 0 0 0 0 0 0 0 0 0 0 0 0 0 0 0 0 0 0 0 0 0 0 0 0 0 0 0 0]
[3243257473098924456818274926371570331806499132274687786156783284980825522776238037789558982796848024829114871136799952378426980859378512027411086898645267994449775486358478662082238998336697224703720108493719542468591480560428507144608941437609345498251751201772724863733769361771547966976995414107558077481926213657915917677683301130982376418830 0 0 0 0 0 0 0 0 0 0 0 0 0 0 0 0 0 0 0 0 0 0 0 0 0 0 0 0 0 0 0 0 0 0 0 0 0 0 0 0 0 0 0 0 0 0 0 0 0 0 0 0 0 0 0 0 0 0 0 0 0 0 0 0 0 0 0 0 0 0 0 0 0 0 0 0 0 0 0 0 0 0 0 0 0 0 1 0 0 0 0 0 0 0 0 0 0 0 0 0 0 0 0 0 0 0 0 0 0 0 0 0 0 0]
[2238304525884950912696169243612321980231407825473503446183897074292054872583650800724511185277247751395155516768273919652979829772676506149138909383120528812387862230190324022167773295175403077405532890155248178116972663443798284860901524267961420635269036278650496576218735079690231893344968611153307240847782856242896412067468917754842230214025 0 0 0 0 0 0 0 0 0 0 0 0 0 0 0 0 0 0 0 0 0 0 0 0 0 0 0 0 0 0 0 0 0 0 0 0 0 0 0 0 0 0 0 0 0 0 0 0 0 0 0 0 0 0 0 0 0 0 0 0 0 0 0 0 0 0 0 0 0 0 0 0 0 0 0 0 0 0 0 0 0 0 0 0 0 0 0 1 0 0 0 0 0 0 0 0 0 0 0 0 0 0 0 0 0 0 0 0 0 0 0 0 0 0]
[5419870121421750220567946451851525708174892116260477723341777724385221157769773384586314908123258747756060765435755650777864014528135000163891672372479816670325953003763754257465480404476782819312195034887496275632023211972686278104235069484825548364588199216189220430409390075089598033666962699331499877799124960616944731648156541552786443746956 0 0 0 0 0 0 0 0 0 0 0 0 0 0 0 0 0 0 0 0 0 0 0 0 0 0 0 0 0 0 0 0 0 0 0 0 0 0 0 0 0 0 0 0 0 0 0 0 0 0 0 0 0 0 0 0 0 0 0 0 0 0 0 0 0 0 0 0 0 0 0 0 0 0 0 0 0 0 0 0 0 0 0 0 0 0 0 0 1 0 0 0 0 0 0 0 0 0 0 0 0 0 0 0 0 0 0 0 0 0 0 0 0 0]
[10436851621705661419160038286368168421590070547584291307136894766410239981658625185148252057842391917798349666379717759833777680339033515980436536747287753173860838600560780434220333258596440882536593467887210506372218180164854806410769479056045894555062729024908721686423443755434237253769210375718995463367083315057370828873096019534490686772375 0 0 0 0 0 0 0 0 0 0 0 0 0 0 0 0 0 0 0 0 0 0 0 0 0 0 0 0 0 0 0 0 0 0 0 0 0 0 0 0 0 0 0 0 0 0 0 0 0 0 0 0 0 0 0 0 0 0 0 0 0 0 0 0 0 0 0 0 0 0 0 0 0 0 0 0 0 0 0 0 0 0 0 0 0 0 0 0 0 1 0 0 0 0 0 0 0 0 0 0 0 0 0 0 0 0 0 0 0 0 0 0 0 0]
[12678322984146972280239651874866387996142019244519799890000285387196339968971325332642205123943846476605798280337940455756337010001968378750953580495746543262363243971496056410908959785728842439500647315862629817803550390464533561308196049717969041596186897100837479802504781554092689410959772350871186031086589638302921543099332330180637745100024 0 0 0 0 0 0 0 0 0 0 0 0 0 0 0 0 0 0 0 0 0 0 0 0 0 0 0 0 0 0 0 0 0 0 0 0 0 0 0 0 0 0 0 0 0 0 0 0 0 0 0 0 0 0 0 0 0 0 0 0 0 0 0 0 0 0 0 0 0 0 0 0 0 0 0 0 0 0 0 0 0 0 0 0 0 0 0 0 0 0 1 0 0 0 0 0 0 0 0 0 0 0 0 0 0 0 0 0 0 0 0 0 0 0]
[9918596992417637975435331988340615350118053077627288189523306031456382816784969463139571414608953859026810871609568863455484054416763306146608547347113587869490209124811365981128570774236793748758900137139385976768765558640947959183518212583487440629720239350955838953718989209150667039993821034588992891962182246886729503370800063228727726710071 0 0 0 0 0 0 0 0 0 0 0 0 0 0 0 0 0 0 0 0 0 0 0 0 0 0 0 0 0 0 0 0 0 0 0 0 0 0 0 0 0 0 0 0 0 0 0 0 0 0 0 0 0 0 0 0 0 0 0 0 0 0 0 0 0 0 0 0 0 0 0 0 0 0 0 0 0 0 0 0 0 0 0 0 0 0 0 0 0 0 0 1 0 0 0 0 0 0 0 0 0 0 0 0 0 0 0 0 0 0 0 0 0 0]
[2132506091300057975390763206839179304010886318184640946805951431023878372798664699155179737557055685086302557611703842437201504690482001860124392063866456174554460713444692984065730294704785614550111461803957598465409935881741173851957847593526537738563698074157354634143609680615040480546139694782966558608075509901483262233655933659669988171407 0 0 0 0 0 0 0 0 0 0 0 0 0 0 0 0 0 0 0 0 0 0 0 0 0 0 0 0 0 0 0 0 0 0 0 0 0 0 0 0 0 0 0 0 0 0 0 0 0 0 0 0 0 0 0 0 0 0 0 0 0 0 0 0 0 0 0 0 0 0 0 0 0 0 0 0 0 0 0 0 0 0 0 0 0 0 0 0 0 0 0 0 1 0 0 0 0 0 0 0 0 0 0 0 0 0 0 0 0 0 0 0 0 0]
[6135785276624797762707762706278471778424700501789496026092907754161415179242961562627585148257207986491103861742168697514500167905830914855347081615789382118928491755934202686898253725565758236735667483864326668370980916861436201314077678037994314773982451940841283347785536313002116326396894549561653756870587966019579935954830545118513888997691 0 0 0 0 0 0 0 0 0 0 0 0 0 0 0 0 0 0 0 0 0 0 0 0 0 0 0 0 0 0 0 0 0 0 0 0 0 0 0 0 0 0 0 0 0 0 0 0 0 0 0 0 0 0 0 0 0 0 0 0 0 0 0 0 0 0 0 0 0 0 0 0 0 0 0 0 0 0 0 0 0 0 0 0 0 0 0 0 0 0 0 0 0 1 0 0 0 0 0 0 0 0 0 0 0 0 0 0 0 0 0 0 0 0]
[14333997302732069285609969375284219177344284297109264786441857359213046023777547625381719429010951208990159396719127640945019437730256946452633041428661269999381327760407158208943700109431760335793098747073942487785285001938469777306292670257804442133709860119707857222504582476590777710547741743585070470080445532201557369048996340251695057397280 0 0 0 0 0 0 0 0 0 0 0 0 0 0 0 0 0 0 0 0 0 0 0 0 0 0 0 0 0 0 0 0 0 0 0 0 0 0 0 0 0 0 0 0 0 0 0 0 0 0 0 0 0 0 0 0 0 0 0 0 0 0 0 0 0 0 0 0 0 0 0 0 0 0 0 0 0 0 0 0 0 0 0 0 0 0 0 0 0 0 0 0 0 0 1 0 0 0 0 0 0 0 0 0 0 0 0 0 0 0 0 0 0 0]
[2699754738019763632181259050236532653556967817356100083044213424086088088976042819256955808638308146554177101841976198790009283927587732352949483106540152924026238089441391824972637376431656356034378053873403071454870712494937144127639708200507594747819847371084129816101005663644249833411634003965416086926369076342816311184065991854892499420133 0 0 0 0 0 0 0 0 0 0 0 0 0 0 0 0 0 0 0 0 0 0 0 0 0 0 0 0 0 0 0 0 0 0 0 0 0 0 0 0 0 0 0 0 0 0 0 0 0 0 0 0 0 0 0 0 0 0 0 0 0 0 0 0 0 0 0 0 0 0 0 0 0 0 0 0 0 0 0 0 0 0 0 0 0 0 0 0 0 0 0 0 0 0 0 1 0 0 0 0 0 0 0 0 0 0 0 0 0 0 0 0 0 0]
[8805308810684048680339832100676735751547250864998456613507373310862887028993087822845212631190163663666940176435238659466545421947229506374520784569115957117587817492791927584532039131077556588483713920374550163308352645537991318316774239912564620509341526423597469133116959023680837888825136518748260725349518427268448359393313800926890027910544 0 0 0 0 0 0 0 0 0 0 0 0 0 0 0 0 0 0 0 0 0 0 0 0 0 0 0 0 0 0 0 0 0 0 0 0 0 0 0 0 0 0 0 0 0 0 0 0 0 0 0 0 0 0 0 0 0 0 0 0 0 0 0 0 0 0 0 0 0 0 0 0 0 0 0 0 0 0 0 0 0 0 0 0 0 0 0 0 0 0 0 0 0 0 0 0 1 0 0 0 0 0 0 0 0 0 0 0 0 0 0 0 0 0]
[3129107858948379491145296401156204689808798195446461781028007050497062978852672061610210754755193116450967591087285691067762357486268055669490139901210431736707502984580716746218886877707680068541910249075481140447979107050936399462447702554234940896068245606458319254538886156366317617784056965342212047914429753736699333002749553906031701266283 0 0 0 0 0 0 0 0 0 0 0 0 0 0 0 0 0 0 0 0 0 0 0 0 0 0 0 0 0 0 0 0 0 0 0 0 0 0 0 0 0 0 0 0 0 0 0 0 0 0 0 0 0 0 0 0 0 0 0 0 0 0 0 0 0 0 0 0 0 0 0 0 0 0 0 0 0 0 0 0 0 0 0 0 0 0 0 0 0 0 0 0 0 0 0 0 0 1 0 0 0 0 0 0 0 0 0 0 0 0 0 0 0 0]
[12558487084524135030924010857397560384405804444048200174641387501347233956382255828673209673858454266857681752138366765404212397858033276223657323962479635597924305956811055754384204890304790959789379402714335340334639614202960148709214991431345637844737153409084585058182028509484712267584784862218613012542883219536477723243528658696665305868645 0 0 0 0 0 0 0 0 0 0 0 0 0 0 0 0 0 0 0 0 0 0 0 0 0 0 0 0 0 0 0 0 0 0 0 0 0 0 0 0 0 0 0 0 0 0 0 0 0 0 0 0 0 0 0 0 0 0 0 0 0 0 0 0 0 0 0 0 0 0 0 0 0 0 0 0 0 0 0 0 0 0 0 0 0 0 0 0 0 0 0 0 0 0 0 0 0 0 1 0 0 0 0 0 0 0 0 0 0 0 0 0 0 0]
[887077803814919971802895061577655236859477887761034033857718962547047867245703762257726511743117513872575383248549833841271516442447273291095769574780126120931806776405887616956035796205444470327100547634151440791540125725345249570049166078751184114157530470295204626650546571840254815508849286520091735840052861000059351240931219942234085164032 0 0 0 0 0 0 0 0 0 0 0 0 0 0 0 0 0 0 0 0 0 0 0 0 0 0 0 0 0 0 0 0 0 0 0 0 0 0 0 0 0 0 0 0 0 0 0 0 0 0 0 0 0 0 0 0 0 0 0 0 0 0 0 0 0 0 0 0 0 0 0 0 0 0 0 0 0 0 0 0 0 0 0 0 0 0 0 0 0 0 0 0 0 0 0 0 0 0 0 1 0 0 0 0 0 0 0 0 0 0 0 0 0 0]
[11718637135202194060937665755988723202882257881430677478801304784384258620176569660835288869125819323234041080489434682419843892058121233928249639887337648070211728175036749870235231027641349655826317184958549756395827046842041897192472295812754357717814967720212071442605151771563315166648254606421793685994530752546530574725868402401122115718157 0 0 0 0 0 0 0 0 0 0 0 0 0 0 0 0 0 0 0 0 0 0 0 0 0 0 0 0 0 0 0 0 0 0 0 0 0 0 0 0 0 0 0 0 0 0 0 0 0 0 0 0 0 0 0 0 0 0 0 0 0 0 0 0 0 0 0 0 0 0 0 0 0 0 0 0 0 0 0 0 0 0 0 0 0 0 0 0 0 0 0 0 0 0 0 0 0 0 0 0 1 0 0 0 0 0 0 0 0 0 0 0 0 0]
[5350131132591570861744704095757884017824699332139614020738274638412995122873170381145940626650788757509659158134307019102356914787795054139718447244478209016547107520662708426123742583569954511292135080431991893307633415507652332063576477909910172468315413633392933738232678256612143018526735920455666017401121172102475252353749558426756606877689 0 0 0 0 0 0 0 0 0 0 0 0 0 0 0 0 0 0 0 0 0 0 0 0 0 0 0 0 0 0 0 0 0 0 0 0 0 0 0 0 0 0 0 0 0 0 0 0 0 0 0 0 0 0 0 0 0 0 0 0 0 0 0 0 0 0 0 0 0 0 0 0 0 0 0 0 0 0 0 0 0 0 0 0 0 0 0 0 0 0 0 0 0 0 0 0 0 0 0 0 0 1 0 0 0 0 0 0 0 0 0 0 0 0]
[13340258542568488180877964121658524377159325207510106576286222788934465192378500934026460190776862512879263999068314735703936578784600383397404007193415035155186261579432526487157517980585497858344572413347698924461467725711136107148308258154208997364338198616699092178482227340281506561482548523515508292216577139604426671280351154013828296607884 0 0 0 0 0 0 0 0 0 0 0 0 0 0 0 0 0 0 0 0 0 0 0 0 0 0 0 0 0 0 0 0 0 0 0 0 0 0 0 0 0 0 0 0 0 0 0 0 0 0 0 0 0 0 0 0 0 0 0 0 0 0 0 0 0 0 0 0 0 0 0 0 0 0 0 0 0 0 0 0 0 0 0 0 0 0 0 0 0 0 0 0 0 0 0 0 0 0 0 0 0 0 1 0 0 0 0 0 0 0 0 0 0 0]
[5175200126543490753245192484038418343244850162432360775269123539826523688236320977490190864193810899339004654356012028282126006419475069387331254227151230452854082244351605840221523512870223606677508540857538663292977654800935616859325008662746008996235947393161311193423602026799229099435818897318890609887178871012030901651710109400765673031571 0 0 0 0 0 0 0 0 0 0 0 0 0 0 0 0 0 0 0 0 0 0 0 0 0 0 0 0 0 0 0 0 0 0 0 0 0 0 0 0 0 0 0 0 0 0 0 0 0 0 0 0 0 0 0 0 0 0 0 0 0 0 0 0 0 0 0 0 0 0 0 0 0 0 0 0 0 0 0 0 0 0 0 0 0 0 0 0 0 0 0 0 0 0 0 0 0 0 0 0 0 0 0 1 0 0 0 0 0 0 0 0 0 0]
[8003892815043937765644078190157992083796328524042979160790011004177282699600692077646631222030011740961749247650308294829142268558784437965916819410891000344419714877982559751060623540573546594841686877981522519710890651863653482612306780335215049478027785063569672323490534368516693156718370937964232304467101308554059294744346522176323153950701 0 0 0 0 0 0 0 0 0 0 0 0 0 0 0 0 0 0 0 0 0 0 0 0 0 0 0 0 0 0 0 0 0 0 0 0 0 0 0 0 0 0 0 0 0 0 0 0 0 0 0 0 0 0 0 0 0 0 0 0 0 0 0 0 0 0 0 0 0 0 0 0 0 0 0 0 0 0 0 0 0 0 0 0 0 0 0 0 0 0 0 0 0 0 0 0 0 0 0 0 0 0 0 0 1 0 0 0 0 0 0 0 0 0]
[11617996465055892326266149275704824017051106681412883472597133528023307901819867272264573760067167301248911339910336482769449420750446058134670379407676275169843638195094665427568082279343949385356101971240432585993211273909335073841191953039852540135209332572082909261788480423526922087601356491753759158804141888863095414061994482788534284248080 0 0 0 0 0 0 0 0 0 0 0 0 0 0 0 0 0 0 0 0 0 0 0 0 0 0 0 0 0 0 0 0 0 0 0 0 0 0 0 0 0 0 0 0 0 0 0 0 0 0 0 0 0 0 0 0 0 0 0 0 0 0 0 0 0 0 0 0 0 0 0 0 0 0 0 0 0 0 0 0 0 0 0 0 0 0 0 0 0 0 0 0 0 0 0 0 0 0 0 0 0 0 0 0 0 1 0 0 0 0 0 0 0 0]
[5503759817714979275340108226604306776154113327492039301513171153395265401634957159153191615465534681474628715795016431282336433634085542760586167043691932842077551117991337238064721531014368071632588193328773318208809141933460987943973135426930695287866330579238608702547433026573065529262166536384867848187350064112007662530243329850630138501034 0 0 0 0 0 0 0 0 0 0 0 0 0 0 0 0 0 0 0 0 0 0 0 0 0 0 0 0 0 0 0 0 0 0 0 0 0 0 0 0 0 0 0 0 0 0 0 0 0 0 0 0 0 0 0 0 0 0 0 0 0 0 0 0 0 0 0 0 0 0 0 0 0 0 0 0 0 0 0 0 0 0 0 0 0 0 0 0 0 0 0 0 0 0 0 0 0 0 0 0 0 0 0 0 0 0 1 0 0 0 0 0 0 0]
[184160802805059622067247357607151556944514385342158107343149303948442796102770138950094249283002688263916901763223949941403730572939091887213042512165965911936726867919385289436232099519988823982052910640110821101781060318781334319157895237720638839745318078609754418031767940150937872495052493537248926839835114494671257658265891520066219292903 0 0 0 0 0 0 0 0 0 0 0 0 0 0 0 0 0 0 0 0 0 0 0 0 0 0 0 0 0 0 0 0 0 0 0 0 0 0 0 0 0 0 0 0 0 0 0 0 0 0 0 0 0 0 0 0 0 0 0 0 0 0 0 0 0 0 0 0 0 0 0 0 0 0 0 0 0 0 0 0 0 0 0 0 0 0 0 0 0 0 0 0 0 0 0 0 0 0 0 0 0 0 0 0 0 0 0 1 0 0 0 0 0 0]
[9628782073722799908338947617681766196206079781355217270594370278787964847830460510139363783636543483305075690006278293199293595485575623793944578163862702652485983049769973767267776768267119393554274993833015289240276191612332291496939443567818377234082687908537266010239842078841012271215280536329093505747468342232159482929959205031466480746841 0 0 0 0 0 0 0 0 0 0 0 0 0 0 0 0 0 0 0 0 0 0 0 0 0 0 0 0 0 0 0 0 0 0 0 0 0 0 0 0 0 0 0 0 0 0 0 0 0 0 0 0 0 0 0 0 0 0 0 0 0 0 0 0 0 0 0 0 0 0 0 0 0 0 0 0 0 0 0 0 0 0 0 0 0 0 0 0 0 0 0 0 0 0 0 0 0 0 0 0 0 0 0 0 0 0 0 0 1 0 0 0 0 0]
[4965701001456700464534177752217041220336657871003134360326653799513568893637139164714174713287401758344473024835666699103958405358387960628689318686761646811540005069114496888834759135521275492179934039618262218243500214530318122203514868430094003666729249892101206521361114775892627262055151629985822052033667752761473436857595894995302879929389 0 0 0 0 0 0 0 0 0 0 0 0 0 0 0 0 0 0 0 0 0 0 0 0 0 0 0 0 0 0 0 0 0 0 0 0 0 0 0 0 0 0 0 0 0 0 0 0 0 0 0 0 0 0 0 0 0 0 0 0 0 0 0 0 0 0 0 0 0 0 0 0 0 0 0 0 0 0 0 0 0 0 0 0 0 0 0 0 0 0 0 0 0 0 0 0 0 0 0 0 0 0 0 0 0 0 0 0 0 1 0 0 0 0]
[13423781593212484633316094171645046354578752051043256209838814602698715203196613841507880228874185564949328745606637266154579231243828377040170767212028895652299731513864505254708943999467774717001782477343042410705001989420275959674294854889333563218520170823146130651704422929710418959747600935143309533351365854158996004161441979802286345763283 0 0 0 0 0 0 0 0 0 0 0 0 0 0 0 0 0 0 0 0 0 0 0 0 0 0 0 0 0 0 0 0 0 0 0 0 0 0 0 0 0 0 0 0 0 0 0 0 0 0 0 0 0 0 0 0 0 0 0 0 0 0 0 0 0 0 0 0 0 0 0 0 0 0 0 0 0 0 0 0 0 0 0 0 0 0 0 0 0 0 0 0 0 0 0 0 0 0 0 0 0 0 0 0 0 0 0 0 0 0 1 0 0 0]
[3274828320803194806065023546066765814751138527322103490133821464080188335763891358642705049215052507725575210976460966141282078542811125178440519099195020345844687946331920837746592269610206672599666154000858051658503696944851723051417056302278483762892280448218914756068745068199780601814891333143056002719324491888071578731385009905008663992157 0 0 0 0 0 0 0 0 0 0 0 0 0 0 0 0 0 0 0 0 0 0 0 0 0 0 0 0 0 0 0 0 0 0 0 0 0 0 0 0 0 0 0 0 0 0 0 0 0 0 0 0 0 0 0 0 0 0 0 0 0 0 0 0 0 0 0 0 0 0 0 0 0 0 0 0 0 0 0 0 0 0 0 0 0 0 0 0 0 0 0 0 0 0 0 0 0 0 0 0 0 0 0 0 0 0 0 0 0 0 0 1 0 0]
[10317669742868520437868192164229394479199384217231506669856153648795034442143231692073863785074410317461276377069214759112986294972722324779367344922828458942958750098241957108000064657644976111917027672715090206622755383206832635176122478724849798075725489013647781511891642562908327352860073043488320866716658630140988757117814667395609326934760 0 0 0 0 0 0 0 0 0 0 0 0 0 0 0 0 0 0 0 0 0 0 0 0 0 0 0 0 0 0 0 0 0 0 0 0 0 0 0 0 0 0 0 0 0 0 0 0 0 0 0 0 0 0 0 0 0 0 0 0 0 0 0 0 0 0 0 0 0 0 0 0 0 0 0 0 0 0 0 0 0 0 0 0 0 0 0 0 0 0 0 0 0 0 0 0 0 0 0 0 0 0 0 0 0 0 0 0 0 0 0 0 1 0]
[5249530509573170308610250774697235115963277621201681770169798778490673005705510163837544841399669821292283015354570921792771850631487308725888813643470779720861193064816232342265673083317044939659425018915287450051883745364086540439953960412000443363448877383663094348850095965853352241430366313872564001288714269066888540695444808919810115933574 0 0 0 0 0 0 0 0 0 0 0 0 0 0 0 0 0 0 0 0 0 0 0 0 0 0 0 0 0 0 0 0 0 0 0 0 0 0 0 0 0 0 0 0 0 0 0 0 0 0 0 0 0 0 0 0 0 0 0 0 0 0 0 0 0 0 0 0 0 0 0 0 0 0 0 0 0 0 0 0 0 0 0 0 0 0 0 0 0 0 0 0 0 0 0 0 0 0 0 0 0 0 0 0 0 0 0 0 0 0 0 0 0 1]
]
