[[13113942075581608128928315598565059994839248932056746099609447828485424354974650119109586508510374194144444634006473401975420721318364252880463080672131002052959940400612792230852759923385959653463679754929189645450787831473911408914373084952579767770566025489789171188855031465594669305741024846819234825439017814518217724209864487564924576796767 0 0 0 0 0 0 0 0 0 0 0 0 0 0 0 0 0 0 0 0 0 0 0 0 0 0 0 0 0 0 0 0 0 0 0 0 0 0 0 0 0 0 0 0 0 0 0 0 0 0 0 0 0 0 0 0 0 0 0 0 0 0 0 0 0 0 0 0 0 0 0 0 0 0 0 0 0 0 0 0 0 0 0 0 0 0 0 0 0 0 0 0 0 0 0 0 0 0 0 0 0 0 0 0 0 0 0 0 0 0 0 0 0 0]
[4782577897938051359589464931565574658879286626814534900576611659664036448487326534778857519977713917090668004146036222952631426970494129725964825576015403237978514939357222437287943387296292435100071653964181799082187920063897785862928842937882148849957820695748712563522594668746697031654874801119557296337325283299470354993648477593275212812783 1 0 0 0 0 0 0 0 0 0 0 0 0 0 0 0 0 0 0 0 0 0 0 0 0 0 0 0 0 0 0 0 0 0 0 0 0 0 0 0 0 0 0 0 0 0 0 0 0 0 0 0 0 0 0 0 0 0 0 0 0 0 0 0 0 0 0 0 0 0 0 0 0 0 0 0 0 0 0 0 0 0 0 0 0 0 0 0 0 0 0 0 0 0 0 0 0 0 0 0 0 0 0 0 0 0 0 0 0 0 0 0 0 0]
[7023738169550149124814086968825001759638560193813643474652683334111519525648767290533022853837083087254973492036293681794273025492862705666508702491070667845914879159972601274703937014996287794901566728075578283734540326380223055085883346739225396009919147283069363568826399618606708858683370201110964169064262453940950696836914025060898007921659 0 1 0 0 0 0 0 0 0 0 0 0 0 0 0 0 0 0 0 0 0 0 0 0 0 0 0 0 0 0 0 0 0 0 0 0 0 0 0 0 0 0 0 0 0 0 0 0 0 0 0 0 0 0 0 0 0 0 0 0 0 0 0 0 0 0 0 0 0 0 0 0 0 0 0 0 0 0 0 0 0 0 0 0 0 0 0 0 0 0 0 0 0 0 0 0 0 0 0 0 0 0 0 0 0 0 0 0 0 0 0 0 0 0]
[4892121896997961943972501590722757644466889440245040797816621620735421328078326159739185188036929302000046995961158243076262955370793813549095230916274413110423533971141734747602187689493435870204921505072866016332077954839111439860296140381712728203991591212845697451835723244939620048129821974232938496235530926373720803900588171753185790330056 0 0 1 0 0 0 0 0 0 0 0 0 0 0 0 0 0 0 0 0 0 0 0 0 0 0 0 0 0 0 0 0 0 0 0 0 0 0 0 0 0 0 0 0 0 0 0 0 0 0 0 0 0 0 0 0 0 0 0 0 0 0 0 0 0 0 0 0 0 0 0 0 0 0 0 0 0 0 0 0 0 0 0 0 0 0 0 0 0 0 0 0 0 0 0 0 0 0 0 0 0 0 0 0 0 0 0 0 0 0 0 0 0 0]
[1339417648117825632750297779284235752501959230856496182327708796967390292201067637661537413341147664800815519404376312804423933498355924361198505912660445007074429713629884572769818360905033452425714443717334954843406959950934600649156689950742892664251568174968596098161663788402509950117636461350569279803506164692093923383885512494176527164298 0 0 0 1 0 0 0 0 0 0 0 0 0 0 0 0 0 0 0 0 0 0 0 0 0 0 0 0 0 0 0 0 0 0 0 0 0 0 0 0 0 0 0 0 0 0 0 0 0 0 0 0 0 0 0 0 0 0 0 0 0 0 0 0 0 0 0 0 0 0 0 0 0 0 0 0 0 0 0 0 0 0 0 0 0 0 0 0 0 0 0 0 0 0 0 0 0 0 0 0 0 0 0 0 0 0 0 0 0 0 0 0 0 0]
[5938698656383113164595067797563518711579414692365115021606937332024748966753711850129839776513772762637795003087813635130688379684110947584155469121833456230750386834792356564798231402546947541014283806750558219252604206124391394676984433690701401342338447154593631006454973187883809889431321652666161923166532712316793383321439188266724217998087 0 0 0 0 1 0 0 0 0 0 0 0 0 0 0 0 0 0 0 0 0 0 0 0 0 0 0 0 0 0 0 0 0 0 0 0 0 0 0 0 0 0 0 0 0 0 0 0 0 0 0 0 0 0 0 0 0 0 0 0 0 0 0 0 0 0 0 0 0 0 0 0 0 0 0 0 0 0 0 0 0 0 0 0 0 0 0 0 0 0 0 0 0 0 0 0 0 0 0 0 0 0 0 0 0 0 0 0 0 0 0 0 0 0]
[8379333230535587547063887059167101061681379253302541617747367153088980615602913001416937542178708011047590255236185300207531958417662650058292707164254108028638313380574476538825828676595655412873646432187010939113743524334266989605784197200532146585717420716171276627397395421148847098394094047716758293842720714927044714719438522265296764623151 0 0 0 0 0 1 0 0 0 0 0 0 0 0 0 0 0 0 0 0 0 0 0 0 0 0 0 0 0 0 0 0 0 0 0 0 0 0 0 0 0 0 0 0 0 0 0 0 0 0 0 0 0 0 0 0 0 0 0 0 0 0 0 0 0 0 0 0 0 0 0 0 0 0 0 0 0 0 0 0 0 0 0 0 0 0 0 0 0 0 0 0 0 0 0 0 0 0 0 0 0 0 0 0 0 0 0 0 0 0 0 0 0 0]
[8301853312081459622692139930032388016166439724941527414483913852858407722102686126777603041829609228237859114815053716030126352916144346377471630502057114231039481787509945693432917622553831335844042137224686804383431374718090587258353726733210450414121274529045901631303387326064993226055006680535582233916070038622475604439737308241920169343468 0 0 0 0 0 0 1 0 0 0 0 0 0 0 0 0 0 0 0 0 0 0 0 0 0 0 0 0 0 0 0 0 0 0 0 0 0 0 0 0 0 0 0 0 0 0 0 0 0 0 0 0 0 0 0 0 0 0 0 0 0 0 0 0 0 0 0 0 0 0 0 0 0 0 0 0 0 0 0 0 0 0 0 0 0 0 0 0 0 0 0 0 0 0 0 0 0 0 0 0 0 0 0 0 0 0 0 0 0 0 0 0 0 0]
[752563570980875460277600513850498193904543990849777862239310631788097123908445863062306388855325599576295578479516660044651416543405256894979498844647173709001988439961331946216336815130062898061053132057974534872703598545583795634738807952475553356777392066313458433712011379990195322781636731040167932317013693391929225685550552032392708922494 0 0 0 0 0 0 0 1 0 0 0 0 0 0 0 0 0 0 0 0 0 0 0 0 0 0 0 0 0 0 0 0 0 0 0 0 0 0 0 0 0 0 0 0 0 0 0 0 0 0 0 0 0 0 0 0 0 0 0 0 0 0 0 0 0 0 0 0 0 0 0 0 0 0 0 0 0 0 0 0 0 0 0 0 0 0 0 0 0 0 0 0 0 0 0 0 0 0 0 0 0 0 0 0 0 0 0 0 0 0 0 0 0 0]
[11371720371694570224915130176557568862856999554315859476117023873608744931236491778705716117882174647312303105171132985623992981738263413846512352423053828599291457893347674978154311316613060482433707900860732965039417166909908489761364195090587760874884237590394613274036642881428008944982258477966558582877382776279228082796684937360852928397341 0 0 0 0 0 0 0 0 1 0 0 0 0 0 0 0 0 0 0 0 0 0 0 0 0 0 0 0 0 0 0 0 0 0 0 0 0 0 0 0 0 0 0 0 0 0 0 0 0 0 0 0 0 0 0 0 0 0 0 0 0 0 0 0 0 0 0 0 0 0 0 0 0 0 0 0 0 0 0 0 0 0 0 0 0 0 0 0 0 0 0 0 0 0 0 0 0 0 0 0 0 0 0 0 0 0 0 0 0 0 0 0 0 0]
[9807515449155753013382138862307655657748207815078985551481666143307901617261879783063741259105639165427412845665819264910260758120640222238762670228729041431262442813683293096137240739037774193084986473306463799755551299853332828990691328204883509557910513102863284419936628184813477035659420794614512246043988878353436503328720574285567340927158 0 0 0 0 0 0 0 0 0 1 0 0 0 0 0 0 0 0 0 0 0 0 0 0 0 0 0 0 0 0 0 0 0 0 0 0 0 0 0 0 0 0 0 0 0 0 0 0 0 0 0 0 0 0 0 0 0 0 0 0 0 0 0 0 0 0 0 0 0 0 0 0 0 0 0 0 0 0 0 0 0 0 0 0 0 0 0 0 0 0 0 0 0 0 0 0 0 0 0 0 0 0 0 0 0 0 0 0 0 0 0 0 0 0]
[11979632401920652548350804559011010839382711488706682831096061847469205962920981929198074048601303496571184643067872323233538105206496507719265522449264037438154331450714888421462726797861248392946345069948701336556013151452657916622260926078618550265337931497492170958117084538139078420940632105541031970565147442867255064927646259680923739019512 0 0 0 0 0 0 0 0 0 0 1 0 0 0 0 0 0 0 0 0 0 0 0 0 0 0 0 0 0 0 0 0 0 0 0 0 0 0 0 0 0 0 0 0 0 0 0 0 0 0 0 0 0 0 0 0 0 0 0 0 0 0 0 0 0 0 0 0 0 0 0 0 0 0 0 0 0 0 0 0 0 0 0 0 0 0 0 0 0 0 0 0 0 0 0 0 0 0 0 0 0 0 0 0 0 0 0 0 0 0 0 0 0 0]
[2180471038489951622963530703934932229298939595947482445228431619149540696270351783568873943605679285825763384772563271340981438953905381547605092854506064269078143485342755291151143318188204288900338275887186438417649212440975554504192193762522472073398797436607956366049894623390961645873806192381786877441404211952639700521076754303273393084364 0 0 0 0 0 0 0 0 0 0 0 1 0 0 0 0 0 0 0 0 0 0 0 0 0 0 0 0 0 0 0 0 0 0 0 0 0 0 0 0 0 0 0 0 0 0 0 0 0 0 0 0 0 0 0 0 0 0 0 0 0 0 0 0 0 0 0 0 0 0 0 0 0 0 0 0 0 0 0 0 0 0 0 0 0 0 0 0 0 0 0 0 0 0 0 0 0 0 0 0 0 0 0 0 0 0 0 0 0 0 0 0 0 0]
[2064274439621415682394548584709533061022474347685423176250359357353401228351567571997443377240325334097448100988752244831809033536324581877793921518613077049992204956829515832922247539478939600470940559224541928953237161613171804282540472228302394307776014768496346338811782067398231892911026033952645394678374417714360911898987050510623805589844 0 0 0 0 0 0 0 0 0 0 0 0 1 0 0 0 0 0 0 0 0 0 0 0 0 0 0 0 0 0 0 0 0 0 0 0 0 0 0 0 0 0 0 0 0 0 0 0 0 0 0 0 0 0 0 0 0 0 0 0 0 0 0 0 0 0 0 0 0 0 0 0 0 0 0 0 0 0 0 0 0 0 0 0 0 0 0 0 0 0 0 0 0 0 0 0 0 0 0 0 0 0 0 0 0 0 0 0 0 0 0 0 0 0]
[12246627485266253900872083590880434329383511179416754017708033540219329365987370070978180208371890372115632888017274781140677148924220013529463475739714847620129878520785914730305003401846311976682065340566921771949797219587057239140909554265401612257569925675406731953194610656073819573647167883842099692890077271856011749217106038735297168327824 0 0 0 0 0 0 0 0 0 0 0 0 0 1 0 0 0 0 0 0 0 0 0 0 0 0 0 0 0 0 0 0 0 0 0 0 0 0 0 0 0 0 0 0 0 0 0 0 0 0 0 0 0 0 0 0 0 0 0 0 0 0 0 0 0 0 0 0 0 0 0 0 0 0 0 0 0 0 0 0 0 0 0 0 0 0 0 0 0 0 0 0 0 0 0 0 0 0 0 0 0 0 0 0 0 0 0 0 0 0 0 0 0 0]
[1040191421431811593708506464846094344535806896985539646324127238746795957961662526825060518957476846158519415853988876758252170335783411981229051192812578406708262846271760868475789629323915114516560497183541831316176019406958443833740773191265365351318092683535611138276558859932528058005817282373984867761409374617400858126700172344749217825387 0 0 0 0 0 0 0 0 0 0 0 0 0 0 1 0 0 0 0 0 0 0 0 0 0 0 0 0 0 0 0 0 0 0 0 0 0 0 0 0 0 0 0 0 0 0 0 0 0 0 0 0 0 0 0 0 0 0 0 0 0 0 0 0 0 0 0 0 0 0 0 0 0 0 0 0 0 0 0 0 0 0 0 0 0 0 0 0 0 0 0 0 0 0 0 0 0 0 0 0 0 0 0 0 0 0 0 0 0 0 0 0 0 0]
[8704631686478074760511580224224264593230040914443189081104434995153853042935700391273554297488086932845580946012563320161082989879173015940251543416074928559841738178950639135425145362487924513939351310203151809352694296200214965966720504186386467172147925528425889462791761217092524217674419480443358573700381401712233614405942697115495759986932 0 0 0 0 0 0 0 0 0 0 0 0 0 0 0 1 0 0 0 0 0 0 0 0 0 0 0 0 0 0 0 0 0 0 0 0 0 0 0 0 0 0 0 0 0 0 0 0 0 0 0 0 0 0 0 0 0 0 0 0 0 0 0 0 0 0 0 0 0 0 0 0 0 0 0 0 0 0 0 0 0 0 0 0 0 0 0 0 0 0 0 0 0 0 0 0 0 0 0 0 0 0 0 0 0 0 0 0 0 0 0 0 0 0]
[4503153857807044077985763084621913941334961004763703468774902863335936448014237214378885886054536553639454871721127534855441025984387520755709304221583328312465633323763076214329052459299295927488859599013506581809054473084914858682422256778139807965406710305691438984212808569031700116822658317003933253437742605737564194923353983697570308884538 0 0 0 0 0 0 0 0 0 0 0 0 0 0 0 0 1 0 0 0 0 0 0 0 0 0 0 0 0 0 0 0 0 0 0 0 0 0 0 0 0 0 0 0 0 0 0 0 0 0 0 0 0 0 0 0 0 0 0 0 0 0 0 0 0 0 0 0 0 0 0 0 0 0 0 0 0 0 0 0 0 0 0 0 0 0 0 0 0 0 0 0 0 0 0 0 0 0 0 0 0 0 0 0 0 0 0 0 0 0 0 0 0 0]
[7374560038105779287861437020853555253399793833490144459067418868516867986753350321280574465603939439875988839191146461507017762100836220435851098952244198725964202284491839044799327683931064896086747331590308680521148010291440844921622132301201807796939132250290319979213099032042600664641670606334412171836096346720265855588954372565826604404232 0 0 0 0 0 0 0 0 0 0 0 0 0 0 0 0 0 1 0 0 0 0 0 0 0 0 0 0 0 0 0 0 0 0 0 0 0 0 0 0 0 0 0 0 0 0 0 0 0 0 0 0 0 0 0 0 0 0 0 0 0 0 0 0 0 0 0 0 0 0 0 0 0 0 0 0 0 0 0 0 0 0 0 0 0 0 0 0 0 0 0 0 0 0 0 0 0 0 0 0 0 0 0 0 0 0 0 0 0 0 0 0 0 0]
[8926914629511566763202545698897925463943714492933062583183712854327603017927407240310049652027695748249053101008208665370523524574099052986442938912410065868824438749553145161065821392492311854781244558137360563829580943647866114989865625160784495304756579146216715431927182697433963079686363567124759838038423778241037547325933125263823656018327 0 0 0 0 0 0 0 0 0 0 0 0 0 0 0 0 0 0 1 0 0 0 0 0 0 0 0 0 0 0 0 0 0 0 0 0 0 0 0 0 0 0 0 0 0 0 0 0 0 0 0 0 0 0 0 0 0 0 0 0 0 0 0 0 0 0 0 0 0 0 0 0 0 0 0 0 0 0 0 0 0 0 0 0 0 0 0 0 0 0 0 0 0 0 0 0 0 0 0 0 0 0 0 0 0 0 0 0 0 0 0 0 0 0]
[11625982412960334011761945011328113616105918098787889915466503092186637605826829082372473021816684242445402289342070847091318969165670709628396272503876561441209603229979799362859077712485696555565104079207693711540703993192288219281353846867653052233228334011112912509764781259014629841986639942994854824895440890651459127875280769529464162068886 0 0 0 0 0 0 0 0 0 0 0 0 0 0 0 0 0 0 0 1 0 0 0 0 0 0 0 0 0 0 0 0 0 0 0 0 0 0 0 0 0 0 0 0 0 0 0 0 0 0 0 0 0 0 0 0 0 0 0 0 0 0 0 0 0 0 0 0 0 0 0 0 0 0 0 0 0 0 0 0 0 0 0 0 0 0 0 0 0 0 0 0 0 0 0 0 0 0 0 0 0 0 0 0 0 0 0 0 0 0 0 0 0 0]
[6068439413092667655169617376231307926159529646388944845069979966190804807590041684356813611044635810247948190866560392994088424823346017947754164678456826933071903298064374891332306969171307487143484182731232603986142655972953431722043824188276727076274493212220145746817735203317076772538109540613224221162901232520431325221116954824410213230313 0 0 0 0 0 0 0 0 0 0 0 0 0 0 0 0 0 0 0 0 1 0 0 0 0 0 0 0 0 0 0 0 0 0 0 0 0 0 0 0 0 0 0 0 0 0 0 0 0 0 0 0 0 0 0 0 0 0 0 0 0 0 0 0 0 0 0 0 0 0 0 0 0 0 0 0 0 0 0 0 0 0 0 0 0 0 0 0 0 0 0 0 0 0 0 0 0 0 0 0 0 0 0 0 0 0 0 0 0 0 0 0 0 0]
[3596684946301805274676799602711171510076562365640656525303104068128996231716839741190315992250443186736468094743156610100505539477308807649390122980078720048148041386853349868779094478208854316267812225458071618070105638714534888285756283973682030434361524509230387259978280196041713316507941300857599016504880151398288249659031355696177766455378 0 0 0 0 0 0 0 0 0 0 0 0 0 0 0 0 0 0 0 0 0 1 0 0 0 0 0 0 0 0 0 0 0 0 0 0 0 0 0 0 0 0 0 0 0 0 0 0 0 0 0 0 0 0 0 0 0 0 0 0 0 0 0 0 0 0 0 0 0 0 0 0 0 0 0 0 0 0 0 0 0 0 0 0 0 0 0 0 0 0 0 0 0 0 0 0 0 0 0 0 0 0 0 0 0 0 0 0 0 0 0 0 0 0]
[1228179845122109643813828264505356801879751308962327247934696710702267712218438674675867139410423996660967755672092185290003925331772338720788342697314458581094021632446988857804405722241038434522928162543412169179204297799037338653075462702300583247039312699132571037686588046339201073885173999999011931794980439975881575839331151978902921071705 0 0 0 0 0 0 0 0 0 0 0 0 0 0 0 0 0 0 0 0 0 0 1 0 0 0 0 0 0 0 0 0 0 0 0 0 0 0 0 0 0 0 0 0 0 0 0 0 0 0 0 0 0 0 0 0 0 0 0 0 0 0 0 0 0 0 0 0 0 0 0 0 0 0 0 0 0 0 0 0 0 0 0 0 0 0 0 0 0 0 0 0 0 0 0 0 0 0 0 0 0 0 0 0 0 0 0 0 0 0 0 0 0 0]
[8488569374330888040777638811176421504129029973600960398744637663135131903305599748071865530046908548794414983859877244243507738572289936780730058874534074474885474884823150194964242509397999237555990707773208701161760463823341718969424289179754016652677120443563240798126241368018992060986108108466766162652206881634547709102169558026115482031022 0 0 0 0 0 0 0 0 0 0 0 0 0 0 0 0 0 0 0 0 0 0 0 1 0 0 0 0 0 0 0 0 0 0 0 0 0 0 0 0 0 0 0 0 0 0 0 0 0 0 0 0 0 0 0 0 0 0 0 0 0 0 0 0 0 0 0 0 0 0 0 0 0 0 0 0 0 0 0 0 0 0 0 0 0 0 0 0 0 0 0 0 0 0 0 0 0 0 0 0 0 0 0 0 0 0 0 0 0 0 0 0 0 0]
[3978905700873782286429080100627232177457128300600232671563250167336533145906396177334015728076005741127886874017127023693702368183282948580034320811845487074236605452375391835095860324173722281474743349890542886754313535088744149534691112235891250015980866766747484001042929788770641491910724369374741580743467860495487425664953110128927559947936 0 0 0 0 0 0 0 0 0 0 0 0 0 0 0 0 0 0 0 0 0 0 0 0 1 0 0 0 0 0 0 0 0 0 0 0 0 0 0 0 0 0 0 0 0 0 0 0 0 0 0 0 0 0 0 0 0 0 0 0 0 0 0 0 0 0 0 0 0 0 0 0 0 0 0 0 0 0 0 0 0 0 0 0 0 0 0 0 0 0 0 0 0 0 0 0 0 0 0 0 0 0 0 0 0 0 0 0 0 0 0 0 0 0]
[11207052032533237529403454009813329881765084652690379759858822567872688713980331445573163008469155938893098974979324386746170383495934965546757851083795157398798974955223805785074033300276242361725593528338433851552660078985088822696277476233595979688574712118985517158364161382414894094558988957285111256184024211144757054463490621080880662243605 0 0 0 0 0 0 0 0 0 0 0 0 0 0 0 0 0 0 0 0 0 0 0 0 0 1 0 0 0 0 0 0 0 0 0 0 0 0 0 0 0 0 0 0 0 0 0 0 0 0 0 0 0 0 0 0 0 0 0 0 0 0 0 0 0 0 0 0 0 0 0 0 0 0 0 0 0 0 0 0 0 0 0 0 0 0 0 0 0 0 0 0 0 0 0 0 0 0 0 0 0 0 0 0 0 0 0 0 0 0 0 0 0 0]
[8996338646155000128265446263547772529992612213982447093102630835249401764986673239188565877303778520971168717698482582437823368431984485428317225059372668155573097742022933957563878484324344195384683094322557368872866554161033654898758361073308229418822868792763044473843593247263740565642298982664949494704757996223233766329224277708666997378275 0 0 0 0 0 0 0 0 0 0 0 0 0 0 0 0 0 0 0 0 0 0 0 0 0 0 1 0 0 0 0 0 0 0 0 0 0 0 0 0 0 0 0 0 0 0 0 0 0 0 0 0 0 0 0 0 0 0 0 0 0 0 0 0 0 0 0 0 0 0 0 0 0 0 0 0 0 0 0 0 0 0 0 0 0 0 0 0 0 0 0 0 0 0 0 0 0 0 0 0 0 0 0 0 0 0 0 0 0 0 0 0 0 0]
[2805406011720923867996264324574387953302374078812669976179422346799979603884956773275058705030327873929754897730756692593859710978671283819105343687184167105578228663936904402407352020531343839252053213045151493055157610120042443762242927968193771865816015330598666546382606813078560450204982631226484791079240328112696821421222331271790868481827 0 0 0 0 0 0 0 0 0 0 0 0 0 0 0 0 0 0 0 0 0 0 0 0 0 0 0 1 0 0 0 0 0 0 0 0 0 0 0 0 0 0 0 0 0 0 0 0 0 0 0 0 0 0 0 0 0 0 0 0 0 0 0 0 0 0 0 0 0 0 0 0 0 0 0 0 0 0 0 0 0 0 0 0 0 0 0 0 0 0 0 0 0 0 0 0 0 0 0 0 0 0 0 0 0 0 0 0 0 0 0 0 0 0]
[10259044527266017815183322529738625421807318002695938105451928866428328604635840724860094105290910100507229085860220663536769974459009238010396403109988358414820548791497618879619432830247602302073690037005700146285121829348506373257670245128718572643410124796271387326313501015566724937876268703249828595898556684394860084464653456780985518214991 0 0 0 0 0 0 0 0 0 0 0 0 0 0 0 0 0 0 0 0 0 0 0 0 0 0 0 0 1 0 0 0 0 0 0 0 0 0 0 0 0 0 0 0 0 0 0 0 0 0 0 0 0 0 0 0 0 0 0 0 0 0 0 0 0 0 0 0 0 0 0 0 0 0 0 0 0 0 0 0 0 0 0 0 0 0 0 0 0 0 0 0 0 0 0 0 0 0 0 0 0 0 0 0 0 0 0 0 0 0 0 0 0 0]
[5102792319606747530505608489772969316081786365237302613977031509908966098608555862446439508155219310319085421781624274470295091391006757565272026913296721841999304456364635064696062229394393069208902430123162388980831952053793555058557835016323332850389517307146539343899728257490122356726840828825829549423568399318622457097247177766302166358385 0 0 0 0 0 0 0 0 0 0 0 0 0 0 0 0 0 0 0 0 0 0 0 0 0 0 0 0 0 1 0 0 0 0 0 0 0 0 0 0 0 0 0 0 0 0 0 0 0 0 0 0 0 0 0 0 0 0 0 0 0 0 0 0 0 0 0 0 0 0 0 0 0 0 0 0 0 0 0 0 0 0 0 0 0 0 0 0 0 0 0 0 0 0 0 0 0 0 0 0 0 0 0 0 0 0 0 0 0 0 0 0 0 0]
[391471119480554378937889337299594686375278970097136659930232073849738044142097557346206981114557613580123811458061279331213103668891289543280863502221291854418901892535469743347794336124247721478591445308382323797011487732108328489508083153084614882847180794296143125566198565270606252862847725779928531811603660210009494439185805643799268052706 0 0 0 0 0 0 0 0 0 0 0 0 0 0 0 0 0 0 0 0 0 0 0 0 0 0 0 0 0 0 1 0 0 0 0 0 0 0 0 0 0 0 0 0 0 0 0 0 0 0 0 0 0 0 0 0 0 0 0 0 0 0 0 0 0 0 0 0 0 0 0 0 0 0 0 0 0 0 0 0 0 0 0 0 0 0 0 0 0 0 0 0 0 0 0 0 0 0 0 0 0 0 0 0 0 0 0 0 0 0 0 0 0 0]
[1292552918749914607269788933007450204638383819995185173777088393574479863932028811950825095725988831988647845266731685109983682326639729824511387818595460059289329842004339769623313593815082573839404037759147029272149167561200445168571478200015845137646809065136742516880601204671148523056784912026453392104193386983832345144965111330486057870689 0 0 0 0 0 0 0 0 0 0 0 0 0 0 0 0 0 0 0 0 0 0 0 0 0 0 0 0 0 0 0 1 0 0 0 0 0 0 0 0 0 0 0 0 0 0 0 0 0 0 0 0 0 0 0 0 0 0 0 0 0 0 0 0 0 0 0 0 0 0 0 0 0 0 0 0 0 0 0 0 0 0 0 0 0 0 0 0 0 0 0 0 0 0 0 0 0 0 0 0 0 0 0 0 0 0 0 0 0 0 0 0 0 0]
[9488827839485072527426937761490034501893152289009299649867715405232877004058339105648948341036449063941257113620934879799172816138388989191814438438735557025437395334337068097234550876288489024092896622686312768095567859111708638575480633532826185233085328154044437688876485421479914657862329850920632529538877431207231199691545298558243058599141 0 0 0 0 0 0 0 0 0 0 0 0 0 0 0 0 0 0 0 0 0 0 0 0 0 0 0 0 0 0 0 0 1 0 0 0 0 0 0 0 0 0 0 0 0 0 0 0 0 0 0 0 0 0 0 0 0 0 0 0 0 0 0 0 0 0 0 0 0 0 0 0 0 0 0 0 0 0 0 0 0 0 0 0 0 0 0 0 0 0 0 0 0 0 0 0 0 0 0 0 0 0 0 0 0 0 0 0 0 0 0 0 0 0]
[12629567946543662267422672194462608739100612475895701734237560782197616261292503157534793174632241383963223226408773916789873421627943656681917429039584925157102745186429545927633702429337859607152346019598886328461033917927852468855293143923854721120447248206892728846395961372155885798928879808813377513053321632054593672901472248149434199938975 0 0 0 0 0 0 0 0 0 0 0 0 0 0 0 0 0 0 0 0 0 0 0 0 0 0 0 0 0 0 0 0 0 1 0 0 0 0 0 0 0 0 0 0 0 0 0 0 0 0 0 0 0 0 0 0 0 0 0 0 0 0 0 0 0 0 0 0 0 0 0 0 0 0 0 0 0 0 0 0 0 0 0 0 0 0 0 0 0 0 0 0 0 0 0 0 0 0 0 0 0 0 0 0 0 0 0 0 0 0 0 0 0 0]
[10510405285233377129125771923549743287915167492888741919525165465757570981110047286571158233873202378959845594216196163644168155534678990271938847636165146408862849692563992181652764604056953457464985656008713642224672754767320418851194391380588118540289689702526388649018617925995275009014620695349882472763338127808278605295920902020116841089729 0 0 0 0 0 0 0 0 0 0 0 0 0 0 0 0 0 0 0 0 0 0 0 0 0 0 0 0 0 0 0 0 0 0 1 0 0 0 0 0 0 0 0 0 0 0 0 0 0 0 0 0 0 0 0 0 0 0 0 0 0 0 0 0 0 0 0 0 0 0 0 0 0 0 0 0 0 0 0 0 0 0 0 0 0 0 0 0 0 0 0 0 0 0 0 0 0 0 0 0 0 0 0 0 0 0 0 0 0 0 0 0 0 0]
[2438056067646788719672639642014906002266378226609439764644388054664651340604952996219415993524488640481079370378170498929179022264962635673764101368606510211869669969569297421838709205880400552984220245233306707147958917357572622218584878756050922444965335592881421628111640933965190473236981727618957603941083262466440611386602400049241969331000 0 0 0 0 0 0 0 0 0 0 0 0 0 0 0 0 0 0 0 0 0 0 0 0 0 0 0 0 0 0 0 0 0 0 0 1 0 0 0 0 0 0 0 0 0 0 0 0 0 0 0 0 0 0 0 0 0 0 0 0 0 0 0 0 0 0 0 0 0 0 0 0 0 0 0 0 0 0 0 0 0 0 0 0 0 0 0 0 0 0 0 0 0 0 0 0 0 0 0 0 0 0 0 0 0 0 0 0 0 0 0 0 0 0]
[6006145383046325377941565114550475573948687240982425053038665455998424626989349376002944459013848468284268620488729497290556714442133552610078205070683994110574445528744803044175252223462823437045456859733046907185178400617774293682277794801730398930924350332334565188816126453434899995938992850262965357704944672475575801741858748026805944337349 0 0 0 0 0 0 0 0 0 0 0 0 0 0 0 0 0 0 0 0 0 0 0 0 0 0 0 0 0 0 0 0 0 0 0 0 1 0 0 0 0 0 0 0 0 0 0 0 0 0 0 0 0 0 0 0 0 0 0 0 0 0 0 0 0 0 0 0 0 0 0 0 0 0 0 0 0 0 0 0 0 0 0 0 0 0 0 0 0 0 0 0 0 0 0 0 0 0 0 0 0 0 0 0 0 0 0 0 0 0 0 0 0 0]
[8789019068121512883004039761104117462795823500799473021491739846456788498412504273827413189354993941619435378978470919032408605214931352302375985182686915512966379301611133223120894725189187965797570030622641054132829935819567092423452111832405248719868965427911682879780271840518913953138972335913711419261343315204331485114138533963037961639693 0 0 0 0 0 0 0 0 0 0 0 0 0 0 0 0 0 0 0 0 0 0 0 0 0 0 0 0 0 0 0 0 0 0 0 0 0 1 0 0 0 0 0 0 0 0 0 0 0 0 0 0 0 0 0 0 0 0 0 0 0 0 0 0 0 0 0 0 0 0 0 0 0 0 0 0 0 0 0 0 0 0 0 0 0 0 0 0 0 0 0 0 0 0 0 0 0 0 0 0 0 0 0 0 0 0 0 0 0 0 0 0 0 0]
[8790116492033101209763922509430002031365759572042694439737001487704248200179725659950765184641447762070186270347742801369170254537726473271516385301898639007062521220499907672082719530967141445240663857748254332157589622457527727017777699326524798580647413742440050203304078220464047063082243796392972081010403454639405809741649103454693865039561 0 0 0 0 0 0 0 0 0 0 0 0 0 0 0 0 0 0 0 0 0 0 0 0 0 0 0 0 0 0 0 0 0 0 0 0 0 0 1 0 0 0 0 0 0 0 0 0 0 0 0 0 0 0 0 0 0 0 0 0 0 0 0 0 0 0 0 0 0 0 0 0 0 0 0 0 0 0 0 0 0 0 0 0 0 0 0 0 0 0 0 0 0 0 0 0 0 0 0 0 0 0 0 0 0 0 0 0 0 0 0 0 0 0]
[10617608048607972772221075759659692522483608635762094928821079226107717471203740512445616942621248066713162120964276168299465470897852586775301979702691747561649382460410838274350645118240193767135645030274615599789601985167049610297124529892663952469202355182284769255407654768011873720924253605777303536378717165022978148663391070003711720333317 0 0 0 0 0 0 0 0 0 0 0 0 0 0 0 0 0 0 0 0 0 0 0 0 0 0 0 0 0 0 0 0 0 0 0 0 0 0 0 1 0 0 0 0 0 0 0 0 0 0 0 0 0 0 0 0 0 0 0 0 0 0 0 0 0 0 0 0 0 0 0 0 0 0 0 0 0 0 0 0 0 0 0 0 0 0 0 0 0 0 0 0 0 0 0 0 0 0 0 0 0 0 0 0 0 0 0 0 0 0 0 0 0 0]
[9103327955912502542808232361523551687225162003211208555666104344114729377299022439656783197566752208427748976612303956403790451688767540490972903595174430535044096788341536308172259441526348822930780262714718394831445495156256470979742526635729051759947935661818801473796367828652406293734282854371304501165667600153921627995789240057904684279914 0 0 0 0 0 0 0 0 0 0 0 0 0 0 0 0 0 0 0 0 0 0 0 0 0 0 0 0 0 0 0 0 0 0 0 0 0 0 0 0 1 0 0 0 0 0 0 0 0 0 0 0 0 0 0 0 0 0 0 0 0 0 0 0 0 0 0 0 0 0 0 0 0 0 0 0 0 0 0 0 0 0 0 0 0 0 0 0 0 0 0 0 0 0 0 0 0 0 0 0 0 0 0 0 0 0 0 0 0 0 0 0 0 0]
[9087960414889225307023462925063214832128300937910389532220082840726344859912188391334257908288250868721502429228227245317070149396947393424595353385621045836077691612039760906893818466661784068435574994089273381002639282420556386173547641104326056523668434503522384104732859074965821989162425965451772576279593255734668932305454554851030988603377 0 0 0 0 0 0 0 0 0 0 0 0 0 0 0 0 0 0 0 0 0 0 0 0 0 0 0 0 0 0 0 0 0 0 0 0 0 0 0 0 0 1 0 0 0 0 0 0 0 0 0 0 0 0 0 0 0 0 0 0 0 0 0 0 0 0 0 0 0 0 0 0 0 0 0 0 0 0 0 0 0 0 0 0 0 0 0 0 0 0 0 0 0 0 0 0 0 0 0 0 0 0 0 0 0 0 0 0 0 0 0 0 0 0]
[1518958140051839918049837799786227515214462823561017587849163002386521810536165052984726391127714182202625451129349821974135392696826828626991876641284729400021699363436995294360937250645454553733176220699430415742470818290076722029073186717621403197053821504603610443724377150572378386195242945388869874093793803979675680574891396455275000253414 0 0 0 0 0 0 0 0 0 0 0 0 0 0 0 0 0 0 0 0 0 0 0 0 0 0 0 0 0 0 0 0 0 0 0 0 0 0 0 0 0 0 1 0 0 0 0 0 0 0 0 0 0 0 0 0 0 0 0 0 0 0 0 0 0 0 0 0 0 0 0 0 0 0 0 0 0 0 0 0 0 0 0 0 0 0 0 0 0 0 0 0 0 0 0 0 0 0 0 0 0 0 0 0 0 0 0 0 0 0 0 0 0 0]
[1481651722634215715061745173358710958241589265361878425421987604474376644455151698135437731751701247319389394791253321390647121842278919792860165188902072016624903993863692878423342588803285655575572238071488589520268029605590870543876901223389153591806145989885099769409254279774152909082769324307999548424074284889360615267254231279538200486153 0 0 0 0 0 0 0 0 0 0 0 0 0 0 0 0 0 0 0 0 0 0 0 0 0 0 0 0 0 0 0 0 0 0 0 0 0 0 0 0 0 0 0 1 0 0 0 0 0 0 0 0 0 0 0 0 0 0 0 0 0 0 0 0 0 0 0 0 0 0 0 0 0 0 0 0 0 0 0 0 0 0 0 0 0 0 0 0 0 0 0 0 0 0 0 0 0 0 0 0 0 0 0 0 0 0 0 0 0 0 0 0 0 0]
[1473088698748254859106032131235155004311721525768177384509330269314543964016130791749505646584713921403189916841120585800723829018311282258593162159014114973585651430525419140633703738314455872035264232999599696411617166367120440076255338041602681215501382492221387987145079691171751048477058307196044184195039340529592269462961245576238484545601 0 0 0 0 0 0 0 0 0 0 0 0 0 0 0 0 0 0 0 0 0 0 0 0 0 0 0 0 0 0 0 0 0 0 0 0 0 0 0 0 0 0 0 0 1 0 0 0 0 0 0 0 0 0 0 0 0 0 0 0 0 0 0 0 0 0 0 0 0 0 0 0 0 0 0 0 0 0 0 0 0 0 0 0 0 0 0 0 0 0 0 0 0 0 0 0 0 0 0 0 0 0 0 0 0 0 0 0 0 0 0 0 0 0]
[4283093018975503003220815195117012305278681678082763438439735803330323773232526174703124847646349104279639611238220640066620321767467007953490134722473913061448290059900178847704961159525105321408627038443072250831194889380580183599300210272512307048070042467846577995510144871147483166440603781436298098951909557084215159929766277366247624110204 0 0 0 0 0 0 0 0 0 0 0 0 0 0 0 0 0 0 0 0 0 0 0 0 0 0 0 0 0 0 0 0 0 0 0 0 0 0 0 0 0 0 0 0 0 1 0 0 0 0 0 0 0 0 0 0 0 0 0 0 0 0 0 0 0 0 0 0 0 0 0 0 0 0 0 0 0 0 0 0 0 0 0 0 0 0 0 0 0 0 0 0 0 0 0 0 0 0 0 0 0 0 0 0 0 0 0 0 0 0 0 0 0 0]
[7525733897317163549584963388922245019409915129260923415486994057790502714323428355602632650715376985333699044039369109160199722685489433557089345469345427168701009303908123718279520576307122008553323468302669863163518021075154975973408196786994874070713308872334338414545648323515688796559352022202865339244848799828135873389776902490627868405996 0 0 0 0 0 0 0 0 0 0 0 0 0 0 0 0 0 0 0 0 0 0 0 0 0 0 0 0 0 0 0 0 0 0 0 0 0 0 0 0 0 0 0 0 0 0 1 0 0 0 0 0 0 0 0 0 0 0 0 0 0 0 0 0 0 0 0 0 0 0 0 0 0 0 0 0 0 0 0 0 0 0 0 0 0 0 0 0 0 0 0 0 0 0 0 0 0 0 0 0 0 0 0 0 0 0 0 0 0 0 0 0 0 0]
[10293052664038255377557571078176341492344345372451617348917697217645311772046860406426729919005635061795698092346482788121059981331149361963774545086925463670761779773242972538801672779805512178398822207005537403469167897172834071117298302044301981934279719498535136771108044659135954557405365153971580329040477487537330012132209221408411447097039 0 0 0 0 0 0 0 0 0 0 0 0 0 0 0 0 0 0 0 0 0 0 0 0 0 0 0 0 0 0 0 0 0 0 0 0 0 0 0 0 0 0 0 0 0 0 0 1 0 0 0 0 0 0 0 0 0 0 0 0 0 0 0 0 0 0 0 0 0 0 0 0 0 0 0 0 0 0 0 0 0 0 0 0 0 0 0 0 0 0 0 0 0 0 0 0 0 0 0 0 0 0 0 0 0 0 0 0 0 0 0 0 0 0]
[11573063117062599970713361680464158645428488979838318391737293601145282223140529705815028211319772029027625971321484794250818265488965612914455069689698334817546146083453220301037763957921297048078330402857143022617815009618744363591092903390545499998530254348130335848540325086779293071285451864617939996036985139938344191393599595060628570306167 0 0 0 0 0 0 0 0 0 0 0 0 0 0 0 0 0 0 0 0 0 0 0 0 0 0 0 0 0 0 0 0 0 0 0 0 0 0 0 0 0 0 0 0 0 0 0 0 1 0 0 0 0 0 0 0 0 0 0 0 0 0 0 0 0 0 0 0 0 0 0 0 0 0 0 0 0 0 0 0 0 0 0 0 0 0 0 0 0 0 0 0 0 0 0 0 0 0 0 0 0 0 0 0 0 0 0 0 0 0 0 0 0 0]
[2691139964058944817980394807444745734957107266242588551795357327441401233274883566307970389253168952576787265499035503124593375630172565329115866025442671848346081645316948557156439423197279493818792502663624164794739540604762302389546464189692859232890585973774684540491207262531609507549356933034245788518350001509736104262991535889909753056924 0 0 0 0 0 0 0 0 0 0 0 0 0 0 0 0 0 0 0 0 0 0 0 0 0 0 0 0 0 0 0 0 0 0 0 0 0 0 0 0 0 0 0 0 0 0 0 0 0 1 0 0 0 0 0 0 0 0 0 0 0 0 0 0 0 0 0 0 0 0 0 0 0 0 0 0 0 0 0 0 0 0 0 0 0 0 0 0 0 0 0 0 0 0 0 0 0 0 0 0 0 0 0 0 0 0 0 0 0 0 0 0 0 0]
[6513170119269947831819432310519648214611610713528022486435865808542443239609072597094168574147081617695134090246421110565542826789053966620337514306522067354882936069609346092543976907791054467496878985769500403190275842138236224065116596674973823791067354336118472728944996760562301102729353510256859749441010585002903209109932351921676442417537 0 0 0 0 0 0 0 0 0 0 0 0 0 0 0 0 0 0 0 0 0 0 0 0 0 0 0 0 0 0 0 0 0 0 0 0 0 0 0 0 0 0 0 0 0 0 0 0 0 0 1 0 0 0 0 0 0 0 0 0 0 0 0 0 0 0 0 0 0 0 0 0 0 0 0 0 0 0 0 0 0 0 0 0 0 0 0 0 0 0 0 0 0 0 0 0 0 0 0 0 0 0 0 0 0 0 0 0 0 0 0 0 0 0]
[10821243632336424508469687781348132109382017098804837187337762029676757537291194662806415903906133692882529363437836630417545459666033202427297881797967417826203036374723533890240956016346149908543939501959948672660645715388328913911413959851663234176120573474828628600469224210149405794741384498204042392313371323460018053189361894758608295632332 0 0 0 0 0 0 0 0 0 0 0 0 0 0 0 0 0 0 0 0 0 0 0 0 0 0 0 0 0 0 0 0 0 0 0 0 0 0 0 0 0 0 0 0 0 0 0 0 0 0 0 1 0 0 0 0 0 0 0 0 0 0 0 0 0 0 0 0 0 0 0 0 0 0 0 0 0 0 0 0 0 0 0 0 0 0 0 0 0 0 0 0 0 0 0 0 0 0 0 0 0 0 0 0 0 0 0 0 0 0 0 0 0 0]
[11903592821582772920538259809948956397355585240172812187185987546918951805908515246292199458007921828213633494067955161233986552338916635906723549953831373196266155223999666459043839462794425335668009376176484934344806262740198299770411322479174595233834671366617836105578337302249467879618501076466119263421418906109395263288652891787579903395622 0 0 0 0 0 0 0 0 0 0 0 0 0 0 0 0 0 0 0 0 0 0 0 0 0 0 0 0 0 0 0 0 0 0 0 0 0 0 0 0 0 0 0 0 0 0 0 0 0 0 0 0 1 0 0 0 0 0 0 0 0 0 0 0 0 0 0 0 0 0 0 0 0 0 0 0 0 0 0 0 0 0 0 0 0 0 0 0 0 0 0 0 0 0 0 0 0 0 0 0 0 0 0 0 0 0 0 0 0 0 0 0 0 0]
[11922546947172733563447306254170186417818440257141689008302670320654701214206834268693662812187585989712945514303629504427503779956350715281187729483909420875073820526491516651147179167281855822222762644405511563143367469409611961114502908785905646025157212524152060600237750574553664033661661595288143469147096781289484444905008594835475400345100 0 0 0 0 0 0 0 0 0 0 0 0 0 0 0 0 0 0 0 0 0 0 0 0 0 0 0 0 0 0 0 0 0 0 0 0 0 0 0 0 0 0 0 0 0 0 0 0 0 0 0 0 0 1 0 0 0 0 0 0 0 0 0 0 0 0 0 0 0 0 0 0 0 0 0 0 0 0 0 0 0 0 0 0 0 0 0 0 0 0 0 0 0 0 0 0 0 0 0 0 0 0 0 0 0 0 0 0 0 0 0 0 0 0]
[1085631727892587294986772080995888727751926157402792233424978141883776332665942523778786267205489727239271850401199895195121375830885549468791361578604998260898833929817674307756182229003502469091008698824519722187579412905370334069227082151290505010169518161923611252690779287810914948110643608005252701546277091345272999375709815103114509935985 0 0 0 0 0 0 0 0 0 0 0 0 0 0 0 0 0 0 0 0 0 0 0 0 0 0 0 0 0 0 0 0 0 0 0 0 0 0 0 0 0 0 0 0 0 0 0 0 0 0 0 0 0 0 1 0 0 0 0 0 0 0 0 0 0 0 0 0 0 0 0 0 0 0 0 0 0 0 0 0 0 0 0 0 0 0 0 0 0 0 0 0 0 0 0 0 0 0 0 0 0 0 0 0 0 0 0 0 0 0 0 0 0 0]
[1502227762390897189161249257454958364416098464248646984739925391585679194717475560950311151240019712115437814780707393429837937655246143383528844514360478721400080124735388322113955295780782466339043300261015178214903173016039728574788507513566356377993515212325221807557650033690667199940702825084168520657941376331554082862901686641185256043695 0 0 0 0 0 0 0 0 0 0 0 0 0 0 0 0 0 0 0 0 0 0 0 0 0 0 0 0 0 0 0 0 0 0 0 0 0 0 0 0 0 0 0 0 0 0 0 0 0 0 0 0 0 0 0 1 0 0 0 0 0 0 0 0 0 0 0 0 0 0 0 0 0 0 0 0 0 0 0 0 0 0 0 0 0 0 0 0 0 0 0 0 0 0 0 0 0 0 0 0 0 0 0 0 0 0 0 0 0 0 0 0 0 0]
[3308451436270900143599197123127908321656483267111097244605220558083515279243968121793391199772892473464515447628847405962235861630995170758628212846688248973879568821700956056979691470061305835055494967968909912185732858027937595445396517279425325849236308696950449974097029701915532440140019138040736787414764444334783588112597269047186153901962 0 0 0 0 0 0 0 0 0 0 0 0 0 0 0 0 0 0 0 0 0 0 0 0 0 0 0 0 0 0 0 0 0 0 0 0 0 0 0 0 0 0 0 0 0 0 0 0 0 0 0 0 0 0 0 0 1 0 0 0 0 0 0 0 0 0 0 0 0 0 0 0 0 0 0 0 0 0 0 0 0 0 0 0 0 0 0 0 0 0 0 0 0 0 0 0 0 0 0 0 0 0 0 0 0 0 0 0 0 0 0 0 0 0]
[6480884497723537862649005172080673222228109451433963417952889607133181018734030898028081709040188877375083369483037250555075571412626007164514146330336324668202502152237310317498692284688959222742374809838494744035866759858407588533926035320430511810125576415838620922482688797029624212501986178402057610016138139160066526073112031273655020609753 0 0 0 0 0 0 0 0 0 0 0 0 0 0 0 0 0 0 0 0 0 0 0 0 0 0 0 0 0 0 0 0 0 0 0 0 0 0 0 0 0 0 0 0 0 0 0 0 0 0 0 0 0 0 0 0 0 1 0 0 0 0 0 0 0 0 0 0 0 0 0 0 0 0 0 0 0 0 0 0 0 0 0 0 0 0 0 0 0 0 0 0 0 0 0 0 0 0 0 0 0 0 0 0 0 0 0 0 0 0 0 0 0 0]
[10645509225896938906527908600742650521880055126445185374814171026124254905840325309092084509083905374698618150198207465460972404484184986674015051104102732299166906423092383539603551325892834761242212835131561094670761624167026579009907580977863424475908524001824838550016062347236362452174600933417535876974763608293148243373296807787589286617384 0 0 0 0 0 0 0 0 0 0 0 0 0 0 0 0 0 0 0 0 0 0 0 0 0 0 0 0 0 0 0 0 0 0 0 0 0 0 0 0 0 0 0 0 0 0 0 0 0 0 0 0 0 0 0 0 0 0 1 0 0 0 0 0 0 0 0 0 0 0 0 0 0 0 0 0 0 0 0 0 0 0 0 0 0 0 0 0 0 0 0 0 0 0 0 0 0 0 0 0 0 0 0 0 0 0 0 0 0 0 0 0 0 0]
[5307520829808964897621385020106094499849314500875959615982257746164619112640316409689229609788796842433461357188470289305452231087012745394733912959157999379528830258945760384172264685683535518237443247117520332792806947109305106736107110288224360314878732124205968051141646619667710884441404542308948632521713818669111304683690696111406545016034 0 0 0 0 0 0 0 0 0 0 0 0 0 0 0 0 0 0 0 0 0 0 0 0 0 0 0 0 0 0 0 0 0 0 0 0 0 0 0 0 0 0 0 0 0 0 0 0 0 0 0 0 0 0 0 0 0 0 0 1 0 0 0 0 0 0 0 0 0 0 0 0 0 0 0 0 0 0 0 0 0 0 0 0 0 0 0 0 0 0 0 0 0 0 0 0 0 0 0 0 0 0 0 0 0 0 0 0 0 0 0 0 0 0]
[7636494807431383203915657855711288264673968180589469874061087841929872695903839521205030828237935242841293343913855662364062136894856656158769861553919481688853401259160030409893428014432237183659296251853938871803275004783045412991242053536836309480087610477826385308136442123673449544058665437059623040938452552911863773830433640699939068681913 0 0 0 0 0 0 0 0 0 0 0 0 0 0 0 0 0 0 0 0 0 0 0 0 0 0 0 0 0 0 0 0 0 0 0 0 0 0 0 0 0 0 0 0 0 0 0 0 0 0 0 0 0 0 0 0 0 0 0 0 1 0 0 0 0 0 0 0 0 0 0 0 0 0 0 0 0 0 0 0 0 0 0 0 0 0 0 0 0 0 0 0 0 0 0 0 0 0 0 0 0 0 0 0 0 0 0 0 0 0 0 0 0 0]
[2360654460869406695458533457285295039441674259263513694903636953252007423246001875917583003431741164559862661033494138054401323151695101222510181092775664498751275014516423053608058118528402847538727569556459729649506958869257552787684535324489385867884528666575625125319988428670546011143128896498568053407857996756532792656230675211744686927509 0 0 0 0 0 0 0 0 0 0 0 0 0 0 0 0 0 0 0 0 0 0 0 0 0 0 0 0 0 0 0 0 0 0 0 0 0 0 0 0 0 0 0 0 0 0 0 0 0 0 0 0 0 0 0 0 0 0 0 0 0 1 0 0 0 0 0 0 0 0 0 0 0 0 0 0 0 0 0 0 0 0 0 0 0 0 0 0 0 0 0 0 0 0 0 0 0 0 0 0 0 0 0 0 0 0 0 0 0 0 0 0 0 0]
[6139847946974457724286965304474683383389036620191113271817639914982901791533054139262226309761420465317031769291568381868695121373194987468863797949878000887038600403786569676332252117990633300661053970137802789510078877414536416854465736555970477539180279373093736048962343056735560183658057981617933704181429604176297763706098245094876813248527 0 0 0 0 0 0 0 0 0 0 0 0 0 0 0 0 0 0 0 0 0 0 0 0 0 0 0 0 0 0 0 0 0 0 0 0 0 0 0 0 0 0 0 0 0 0 0 0 0 0 0 0 0 0 0 0 0 0 0 0 0 0 1 0 0 0 0 0 0 0 0 0 0 0 0 0 0 0 0 0 0 0 0 0 0 0 0 0 0 0 0 0 0 0 0 0 0 0 0 0 0 0 0 0 0 0 0 0 0 0 0 0 0 0]
[11344950933935924065719196673945960968808550397057937390171069795607495165202053370279040760001199109416653141772757493195104638457496267476146335214893635083592389477855015515087577242735350737679066270076722720581893610656043453564275302155175207401484721890667062790492464903034845793271014608011048438734279903938872708705275906886210457975566 0 0 0 0 0 0 0 0 0 0 0 0 0 0 0 0 0 0 0 0 0 0 0 0 0 0 0 0 0 0 0 0 0 0 0 0 0 0 0 0 0 0 0 0 0 0 0 0 0 0 0 0 0 0 0 0 0 0 0 0 0 0 0 1 0 0 0 0 0 0 0 0 0 0 0 0 0 0 0 0 0 0 0 0 0 0 0 0 0 0 0 0 0 0 0 0 0 0 0 0 0 0 0 0 0 0 0 0 0 0 0 0 0 0]
[85055309788057644325839863212130242993836805484329851381879031160414658092250187907068885792845056164000396761780227758842765206807202742637698056705875282540342796574709750272055003022037177644845430480876377639877334357118246272795716543621992313418225888579505242442202688253072332057386176349933456402882032663084395887087064089881738620097 0 0 0 0 0 0 0 0 0 0 0 0 0 0 0 0 0 0 0 0 0 0 0 0 0 0 0 0 0 0 0 0 0 0 0 0 0 0 0 0 0 0 0 0 0 0 0 0 0 0 0 0 0 0 0 0 0 0 0 0 0 0 0 0 1 0 0 0 0 0 0 0 0 0 0 0 0 0 0 0 0 0 0 0 0 0 0 0 0 0 0 0 0 0 0 0 0 0 0 0 0 0 0 0 0 0 0 0 0 0 0 0 0 0]
[1645028624310710938131358989122737606466434408135364562036570910020850055176946114812930908358356975708644776909865503202660486023559317431216422711621775735815009257468576069792678089247025567857002073943762282928629847309004151297100499727411611619973166674440871973231982288480197871887629346707792321324305383386812248683670506459282655184254 0 0 0 0 0 0 0 0 0 0 0 0 0 0 0 0 0 0 0 0 0 0 0 0 0 0 0 0 0 0 0 0 0 0 0 0 0 0 0 0 0 0 0 0 0 0 0 0 0 0 0 0 0 0 0 0 0 0 0 0 0 0 0 0 0 1 0 0 0 0 0 0 0 0 0 0 0 0 0 0 0 0 0 0 0 0 0 0 0 0 0 0 0 0 0 0 0 0 0 0 0 0 0 0 0 0 0 0 0 0 0 0 0 0]
[12523740756811256024937014061562160355454277353903066152016561994389352782166607271892794366087517754828489570193493925132621817175148068818606867855578658628816284089089797380686044832824153764023426656504291728412996899067175713219964377696420620186397389178233015084323173259092856102049825861585468601402275899751864271265465672219419125428692 0 0 0 0 0 0 0 0 0 0 0 0 0 0 0 0 0 0 0 0 0 0 0 0 0 0 0 0 0 0 0 0 0 0 0 0 0 0 0 0 0 0 0 0 0 0 0 0 0 0 0 0 0 0 0 0 0 0 0 0 0 0 0 0 0 0 1 0 0 0 0 0 0 0 0 0 0 0 0 0 0 0 0 0 0 0 0 0 0 0 0 0 0 0 0 0 0 0 0 0 0 0 0 0 0 0 0 0 0 0 0 0 0 0]
[11002339986480951051500458016187027354215287965975277552327766580054487461536412747643181066053881052819711392878615488328624873693979938259932475550549223977519682348698077415742407922070752723606889367640270577904841821418136661274449506671779135592050458212539232058973962115671011560993049591037811492659807642826124530276151648663232870273657 0 0 0 0 0 0 0 0 0 0 0 0 0 0 0 0 0 0 0 0 0 0 0 0 0 0 0 0 0 0 0 0 0 0 0 0 0 0 0 0 0 0 0 0 0 0 0 0 0 0 0 0 0 0 0 0 0 0 0 0 0 0 0 0 0 0 0 1 0 0 0 0 0 0 0 0 0 0 0 0 0 0 0 0 0 0 0 0 0 0 0 0 0 0 0 0 0 0 0 0 0 0 0 0 0 0 0 0 0 0 0 0 0 0]
[11012578861663032788960376287056302136941337294305696991665050651938031189994188679906560275225618190831755314253046409039807304883461420229411729698911201878910543319280356750280725647158097319895097611682130678424179250070992917436370269128882566855782177027532219390539430859361111045838535874018596022836350560909329042653472905285323109915785 0 0 0 0 0 0 0 0 0 0 0 0 0 0 0 0 0 0 0 0 0 0 0 0 0 0 0 0 0 0 0 0 0 0 0 0 0 0 0 0 0 0 0 0 0 0 0 0 0 0 0 0 0 0 0 0 0 0 0 0 0 0 0 0 0 0 0 0 1 0 0 0 0 0 0 0 0 0 0 0 0 0 0 0 0 0 0 0 0 0 0 0 0 0 0 0 0 0 0 0 0 0 0 0 0 0 0 0 0 0 0 0 0 0]
[4058666243280654245021383914026968617801670949973282603275856269176160995397863201015095893641396394690824146184650079021718775931559635106993270489553862262356455609631760919126132175451573546172510243279490127288761882703549183402458023886713302230165357318532892290356614042087878215570211800290124419689233400411350050811258000327838096900967 0 0 0 0 0 0 0 0 0 0 0 0 0 0 0 0 0 0 0 0 0 0 0 0 0 0 0 0 0 0 0 0 0 0 0 0 0 0 0 0 0 0 0 0 0 0 0 0 0 0 0 0 0 0 0 0 0 0 0 0 0 0 0 0 0 0 0 0 0 1 0 0 0 0 0 0 0 0 0 0 0 0 0 0 0 0 0 0 0 0 0 0 0 0 0 0 0 0 0 0 0 0 0 0 0 0 0 0 0 0 0 0 0 0]
[1481273639345039746347826382514054565589080037359732108947544797104578160143052628010315122318235058101678197529515310206575971515237564297483925579463215846072608091501732574953404828224146500789328247490216372337683300138256904377475757044397086935691518699820610093392189012804679769089322063277318353057885774138294871952535491900186093071806 0 0 0 0 0 0 0 0 0 0 0 0 0 0 0 0 0 0 0 0 0 0 0 0 0 0 0 0 0 0 0 0 0 0 0 0 0 0 0 0 0 0 0 0 0 0 0 0 0 0 0 0 0 0 0 0 0 0 0 0 0 0 0 0 0 0 0 0 0 0 1 0 0 0 0 0 0 0 0 0 0 0 0 0 0 0 0 0 0 0 0 0 0 0 0 0 0 0 0 0 0 0 0 0 0 0 0 0 0 0 0 0 0 0]
[5051812368627531053810382370232624008630393585033978245400486424749301146706673693852582394631104322684517205566067619339412175987496796987451880670319461279867123119839697973226530701141268230046336338685186849790128748755565125126142707931521840644385517248990920494839781992075777846334988807224659159986085551393301567889453378230154182416641 0 0 0 0 0 0 0 0 0 0 0 0 0 0 0 0 0 0 0 0 0 0 0 0 0 0 0 0 0 0 0 0 0 0 0 0 0 0 0 0 0 0 0 0 0 0 0 0 0 0 0 0 0 0 0 0 0 0 0 0 0 0 0 0 0 0 0 0 0 0 0 1 0 0 0 0 0 0 0 0 0 0 0 0 0 0 0 0 0 0 0 0 0 0 0 0 0 0 0 0 0 0 0 0 0 0 0 0 0 0 0 0 0 0]
[5120744916028037507253505002408445900414651879588367071315612010696574880230014324426770322672364699100545110731117851850153251410098906065959298326173309106029086561945565374954575909382495011642829894943180238867766388411618049111919689154889584323290471537942462203429293887054025599267618761936179781151924561389539100979209334691453098144851 0 0 0 0 0 0 0 0 0 0 0 0 0 0 0 0 0 0 0 0 0 0 0 0 0 0 0 0 0 0 0 0 0 0 0 0 0 0 0 0 0 0 0 0 0 0 0 0 0 0 0 0 0 0 0 0 0 0 0 0 0 0 0 0 0 0 0 0 0 0 0 0 1 0 0 0 0 0 0 0 0 0 0 0 0 0 0 0 0 0 0 0 0 0 0 0 0 0 0 0 0 0 0 0 0 0 0 0 0 0 0 0 0 0]
[8344147656597806921521480568032343610504277178729228028803292831300804632064624585922588071160485180288908288986025953884963091222587719281217947813401230980409993085759138600665465377185768192257792572572503845941797590567505643159594331365436435561605602936233920706571050535303442340003660324104462446903493442843550112455505687595117015144463 0 0 0 0 0 0 0 0 0 0 0 0 0 0 0 0 0 0 0 0 0 0 0 0 0 0 0 0 0 0 0 0 0 0 0 0 0 0 0 0 0 0 0 0 0 0 0 0 0 0 0 0 0 0 0 0 0 0 0 0 0 0 0 0 0 0 0 0 0 0 0 0 0 1 0 0 0 0 0 0 0 0 0 0 0 0 0 0 0 0 0 0 0 0 0 0 0 0 0 0 0 0 0 0 0 0 0 0 0 0 0 0 0 0]
[9146560473187116665585841369112468170451095811290533063611152871092156844148275653212139685281816451556124883176122948057135041547528359821940927928221349715416072729403837158062837692391571216403964910868278838824162523173863270016993575765342221657705762941960341056927514910685223297222049106541147407495897906664084484948756239169237062991607 0 0 0 0 0 0 0 0 0 0 0 0 0 0 0 0 0 0 0 0 0 0 0 0 0 0 0 0 0 0 0 0 0 0 0 0 0 0 0 0 0 0 0 0 0 0 0 0 0 0 0 0 0 0 0 0 0 0 0 0 0 0 0 0 0 0 0 0 0 0 0 0 0 0 1 0 0 0 0 0 0 0 0 0 0 0 0 0 0 0 0 0 0 0 0 0 0 0 0 0 0 0 0 0 0 0 0 0 0 0 0 0 0 0]
[5069052026694714867195137992881828944842725813856590582861627317383594722446322993462460075879526725566506943444893615022018184508800380984314858274189518006349337035714724857880756802197878597197118455655391255700868883708650855254882068264164326440864299399243778048628450377747438738510120917245855953116784998063422068300165406466119437265942 0 0 0 0 0 0 0 0 0 0 0 0 0 0 0 0 0 0 0 0 0 0 0 0 0 0 0 0 0 0 0 0 0 0 0 0 0 0 0 0 0 0 0 0 0 0 0 0 0 0 0 0 0 0 0 0 0 0 0 0 0 0 0 0 0 0 0 0 0 0 0 0 0 0 0 1 0 0 0 0 0 0 0 0 0 0 0 0 0 0 0 0 0 0 0 0 0 0 0 0 0 0 0 0 0 0 0 0 0 0 0 0 0 0]
[6789775349798026644113986590238475725811786840939004532444361911099963725710959699912689596847628240207882849928778651629137314248328190977877726827281362644002572540928167102988217978059360409570744130361368734934935588888726766246620812744583058252073172941725557331239964776030341484344334129018350050299082142989344272962620891843938577518731 0 0 0 0 0 0 0 0 0 0 0 0 0 0 0 0 0 0 0 0 0 0 0 0 0 0 0 0 0 0 0 0 0 0 0 0 0 0 0 0 0 0 0 0 0 0 0 0 0 0 0 0 0 0 0 0 0 0 0 0 0 0 0 0 0 0 0 0 0 0 0 0 0 0 0 0 1 0 0 0 0 0 0 0 0 0 0 0 0 0 0 0 0 0 0 0 0 0 0 0 0 0 0 0 0 0 0 0 0 0 0 0 0 0]
[1509698769346636022776164443619942200395129362361926785695634220222040414328855059144533040553934589671095150923419963856924352593671186245907840677654154291437213162681211789854837497823489124369523518239423429910702251116432639431072001790080716099859423242553532213354281776375442516878986384195359014167884592031360741148338374023591634531861 0 0 0 0 0 0 0 0 0 0 0 0 0 0 0 0 0 0 0 0 0 0 0 0 0 0 0 0 0 0 0 0 0 0 0 0 0 0 0 0 0 0 0 0 0 0 0 0 0 0 0 0 0 0 0 0 0 0 0 0 0 0 0 0 0 0 0 0 0 0 0 0 0 0 0 0 0 1 0 0 0 0 0 0 0 0 0 0 0 0 0 0 0 0 0 0 0 0 0 0 0 0 0 0 0 0 0 0 0 0 0 0 0 0]
[2553014440708014796540495517264539939110058643372072771761938900114985900197671639204794918118894980300993707358084055305166189702318485343440426704534973213131303503288159934332622652765650924448073476289379017869838926728200727593887722372639668074371367444579995897189205300264867399514911373139884589131325750294678422050007988598715502567520 0 0 0 0 0 0 0 0 0 0 0 0 0 0 0 0 0 0 0 0 0 0 0 0 0 0 0 0 0 0 0 0 0 0 0 0 0 0 0 0 0 0 0 0 0 0 0 0 0 0 0 0 0 0 0 0 0 0 0 0 0 0 0 0 0 0 0 0 0 0 0 0 0 0 0 0 0 0 1 0 0 0 0 0 0 0 0 0 0 0 0 0 0 0 0 0 0 0 0 0 0 0 0 0 0 0 0 0 0 0 0 0 0 0]
[5544744186947007373224812564496317715683215443113096277651548239398521952446823484312440738782816248491395241680289040081228096151438119133664836454949409178115504931212168933175964740021562459878859499793614472049817711948590616243904725016757218274692850728181292157084805413453091504074294818765210131346359511323698000513511430088822852038500 0 0 0 0 0 0 0 0 0 0 0 0 0 0 0 0 0 0 0 0 0 0 0 0 0 0 0 0 0 0 0 0 0 0 0 0 0 0 0 0 0 0 0 0 0 0 0 0 0 0 0 0 0 0 0 0 0 0 0 0 0 0 0 0 0 0 0 0 0 0 0 0 0 0 0 0 0 0 0 1 0 0 0 0 0 0 0 0 0 0 0 0 0 0 0 0 0 0 0 0 0 0 0 0 0 0 0 0 0 0 0 0 0 0]
[8122983498489493345189853570619188324192898804503202545763509309420564041437123827263611141688627043657923557020401127193452095204827365345950722629200451445911993321487523959764298229678188590928241514266503345760622887635075127424603896674447343060784040410488703302685465599075208872276209603588356759487388758262284357720023742551370988731331 0 0 0 0 0 0 0 0 0 0 0 0 0 0 0 0 0 0 0 0 0 0 0 0 0 0 0 0 0 0 0 0 0 0 0 0 0 0 0 0 0 0 0 0 0 0 0 0 0 0 0 0 0 0 0 0 0 0 0 0 0 0 0 0 0 0 0 0 0 0 0 0 0 0 0 0 0 0 0 0 1 0 0 0 0 0 0 0 0 0 0 0 0 0 0 0 0 0 0 0 0 0 0 0 0 0 0 0 0 0 0 0 0 0]
[12740139774587580353184055177937828281994390371403478339510112454167723146764202926702477026881183030494094810853166229155761585352439189787917680480727937907118057716023254474396915093104642011501320455773611862237895417479757159349281682824769119569644419423696211996000075574017604649189566537067105055309772804353342554288493304836774805404228 0 0 0 0 0 0 0 0 0 0 0 0 0 0 0 0 0 0 0 0 0 0 0 0 0 0 0 0 0 0 0 0 0 0 0 0 0 0 0 0 0 0 0 0 0 0 0 0 0 0 0 0 0 0 0 0 0 0 0 0 0 0 0 0 0 0 0 0 0 0 0 0 0 0 0 0 0 0 0 0 0 1 0 0 0 0 0 0 0 0 0 0 0 0 0 0 0 0 0 0 0 0 0 0 0 0 0 0 0 0 0 0 0 0]
[5917613803060141249198566502167755320509909218351364403634521094077976491983742232955137471748390317293271897261248377172061819862823119954067612567075892636960143105406434475599062888689465730029630360174832859082366060439754720838746594319992320082795280208609875498186134341964044849912350015631515130973642422497848736725188001900370619779975 0 0 0 0 0 0 0 0 0 0 0 0 0 0 0 0 0 0 0 0 0 0 0 0 0 0 0 0 0 0 0 0 0 0 0 0 0 0 0 0 0 0 0 0 0 0 0 0 0 0 0 0 0 0 0 0 0 0 0 0 0 0 0 0 0 0 0 0 0 0 0 0 0 0 0 0 0 0 0 0 0 0 1 0 0 0 0 0 0 0 0 0 0 0 0 0 0 0 0 0 0 0 0 0 0 0 0 0 0 0 0 0 0 0]
[10757670805122209214946933995322296325808984546916593816277154596159020539041225877657885829149106820159636948160525096931730544340505316114188242378558837126176079930642361390731188165111348875636292227940949075238955037253289042054144019528918610941401555667053813715952727586529461914085444845412732429607595863584793820495955696962292695631347 0 0 0 0 0 0 0 0 0 0 0 0 0 0 0 0 0 0 0 0 0 0 0 0 0 0 0 0 0 0 0 0 0 0 0 0 0 0 0 0 0 0 0 0 0 0 0 0 0 0 0 0 0 0 0 0 0 0 0 0 0 0 0 0 0 0 0 0 0 0 0 0 0 0 0 0 0 0 0 0 0 0 0 1 0 0 0 0 0 0 0 0 0 0 0 0 0 0 0 0 0 0 0 0 0 0 0 0 0 0 0 0 0 0]
[8945048933852560597476241437004597673934674232701770575915837275360569602377768692221692079705319080114516938673440050567457572851316694523302558301756158158261440453850807776469237260453079388916780942792410615004405617865075654653124390907150748972792260059261858848877887443473712059388966906095545487264666613585949152010308387035240219250947 0 0 0 0 0 0 0 0 0 0 0 0 0 0 0 0 0 0 0 0 0 0 0 0 0 0 0 0 0 0 0 0 0 0 0 0 0 0 0 0 0 0 0 0 0 0 0 0 0 0 0 0 0 0 0 0 0 0 0 0 0 0 0 0 0 0 0 0 0 0 0 0 0 0 0 0 0 0 0 0 0 0 0 0 1 0 0 0 0 0 0 0 0 0 0 0 0 0 0 0 0 0 0 0 0 0 0 0 0 0 0 0 0 0]
[10137938172487094103816365066562095028730067074907434114950187038058777714820304901376252908299714733642644276543140436125503679199793734395386667708581049285659759670716580365263268716784040113153023632226603711375017008823012724805877218360888503690513309676026075471516951806713423381002930274021992942495881770893968890263750505081840929898812 0 0 0 0 0 0 0 0 0 0 0 0 0 0 0 0 0 0 0 0 0 0 0 0 0 0 0 0 0 0 0 0 0 0 0 0 0 0 0 0 0 0 0 0 0 0 0 0 0 0 0 0 0 0 0 0 0 0 0 0 0 0 0 0 0 0 0 0 0 0 0 0 0 0 0 0 0 0 0 0 0 0 0 0 0 1 0 0 0 0 0 0 0 0 0 0 0 0 0 0 0 0 0 0 0 0 0 0 0 0 0 0 0 0]
[875896641561937171091329325622797166363663589557034732976316059801720459757521619631762189963388460245133262944230435873710108933730363708182669999334161841971714342105019659816259298894269963860428448710757706533061737531914187550721572371912485327478204904459869334785174281682065334831448541159534969125948666704754528649733085555137199725203 0 0 0 0 0 0 0 0 0 0 0 0 0 0 0 0 0 0 0 0 0 0 0 0 0 0 0 0 0 0 0 0 0 0 0 0 0 0 0 0 0 0 0 0 0 0 0 0 0 0 0 0 0 0 0 0 0 0 0 0 0 0 0 0 0 0 0 0 0 0 0 0 0 0 0 0 0 0 0 0 0 0 0 0 0 0 1 0 0 0 0 0 0 0 0 0 0 0 0 0 0 0 0 0 0 0 0 0 0 0 0 0 0 0]
[6109242110696822563946059546562997851236215678878371933742469643832262304057584815549993180085673025386960307687298984940438596020279997685423663986379086567352186794615990711522790690642793354248593046754391863667670484380589572529142627250254270200512607415710828039500118921916636403329443607099003932500524121222751889104685745731075169161151 0 0 0 0 0 0 0 0 0 0 0 0 0 0 0 0 0 0 0 0 0 0 0 0 0 0 0 0 0 0 0 0 0 0 0 0 0 0 0 0 0 0 0 0 0 0 0 0 0 0 0 0 0 0 0 0 0 0 0 0 0 0 0 0 0 0 0 0 0 0 0 0 0 0 0 0 0 0 0 0 0 0 0 0 0 0 0 1 0 0 0 0 0 0 0 0 0 0 0 0 0 0 0 0 0 0 0 0 0 0 0 0 0 0]
[4127326223431804198964834684059802701222927325112400015180783887504340902867995417324625628975037793809576066195859812579677723635249730650272899077808909236647892841346310096913887050076378469404996622999352342078177438275795085374697714377212991939442519859764594353382336126889529081934686443705915333750108938899792158745491773330273050118947 0 0 0 0 0 0 0 0 0 0 0 0 0 0 0 0 0 0 0 0 0 0 0 0 0 0 0 0 0 0 0 0 0 0 0 0 0 0 0 0 0 0 0 0 0 0 0 0 0 0 0 0 0 0 0 0 0 0 0 0 0 0 0 0 0 0 0 0 0 0 0 0 0 0 0 0 0 0 0 0 0 0 0 0 0 0 0 0 1 0 0 0 0 0 0 0 0 0 0 0 0 0 0 0 0 0 0 0 0 0 0 0 0 0]
[6974299462083661658376360190138446455042631563699681307013209661016185603356207453159017960741852600384218596818406252025670036281616385384036747151506209257214619081828799541400072176934467312627603268913162584708752461910527030122908166184280024103375015784537136163816296165019766669291073243111922962545234000259448303648123925612442936863390 0 0 0 0 0 0 0 0 0 0 0 0 0 0 0 0 0 0 0 0 0 0 0 0 0 0 0 0 0 0 0 0 0 0 0 0 0 0 0 0 0 0 0 0 0 0 0 0 0 0 0 0 0 0 0 0 0 0 0 0 0 0 0 0 0 0 0 0 0 0 0 0 0 0 0 0 0 0 0 0 0 0 0 0 0 0 0 0 0 1 0 0 0 0 0 0 0 0 0 0 0 0 0 0 0 0 0 0 0 0 0 0 0 0]
[2116549600521563030221869339218350875999820215156660882314895171442282576394000598283113281737892071374259496964355219553173856517340671973469016587352537880911666245215690709663835716332284084017084283378500016003021154573359988288026420964111053516786651109553651076338738178661743967454969479802863775978387841984564068782146223920657571968578 0 0 0 0 0 0 0 0 0 0 0 0 0 0 0 0 0 0 0 0 0 0 0 0 0 0 0 0 0 0 0 0 0 0 0 0 0 0 0 0 0 0 0 0 0 0 0 0 0 0 0 0 0 0 0 0 0 0 0 0 0 0 0 0 0 0 0 0 0 0 0 0 0 0 0 0 0 0 0 0 0 0 0 0 0 0 0 0 0 0 1 0 0 0 0 0 0 0 0 0 0 0 0 0 0 0 0 0 0 0 0 0 0 0]
[6784179626725188196661218001594585517403541393218566203362390143551773062218155999628449284930545186419764227162150959470524180868945507052273758728277218549616602207530404217707476686503102452539639488360178266516307626844763814998213295959288766691823332383101522410487102232568228401957904735449342759534401120298339412422492570889630020672378 0 0 0 0 0 0 0 0 0 0 0 0 0 0 0 0 0 0 0 0 0 0 0 0 0 0 0 0 0 0 0 0 0 0 0 0 0 0 0 0 0 0 0 0 0 0 0 0 0 0 0 0 0 0 0 0 0 0 0 0 0 0 0 0 0 0 0 0 0 0 0 0 0 0 0 0 0 0 0 0 0 0 0 0 0 0 0 0 0 0 0 1 0 0 0 0 0 0 0 0 0 0 0 0 0 0 0 0 0 0 0 0 0 0]
[1362450275652188878341598249044071938750294105269363398829736478474060718738529573129521872780465962588395029766606017707427736874196944649679528684363969705473935359867261584401959575372038095938314201112072746919656810912178136639152422482129905161815821283885908520080097915309108315882121481060522822825850549164646351818086026205824772903778 0 0 0 0 0 0 0 0 0 0 0 0 0 0 0 0 0 0 0 0 0 0 0 0 0 0 0 0 0 0 0 0 0 0 0 0 0 0 0 0 0 0 0 0 0 0 0 0 0 0 0 0 0 0 0 0 0 0 0 0 0 0 0 0 0 0 0 0 0 0 0 0 0 0 0 0 0 0 0 0 0 0 0 0 0 0 0 0 0 0 0 0 1 0 0 0 0 0 0 0 0 0 0 0 0 0 0 0 0 0 0 0 0 0]
[2665367596854778838312774565798876212846219026973545171591060612307536252977220205564561379391233782705059611416328909985412264151465132219000821376279165036547804903026088518560890842695089468563704637903556583824743413787149695938638442277158911011307359176422721950506283657612034271967781284742713112712171691468720020843762117823253637184690 0 0 0 0 0 0 0 0 0 0 0 0 0 0 0 0 0 0 0 0 0 0 0 0 0 0 0 0 0 0 0 0 0 0 0 0 0 0 0 0 0 0 0 0 0 0 0 0 0 0 0 0 0 0 0 0 0 0 0 0 0 0 0 0 0 0 0 0 0 0 0 0 0 0 0 0 0 0 0 0 0 0 0 0 0 0 0 0 0 0 0 0 0 1 0 0 0 0 0 0 0 0 0 0 0 0 0 0 0 0 0 0 0 0]
[1584110169471545870660261121015179318544623607946295913763001990528597056531856511150011418305649001780789879962806648505679636142065075407685095677900457228731750301270399318093162832561992674332469242277925653574803124087177749516105693948046117932918361704423699450679180551144359284656372389181935939129969463991359586940186451225131414254033 0 0 0 0 0 0 0 0 0 0 0 0 0 0 0 0 0 0 0 0 0 0 0 0 0 0 0 0 0 0 0 0 0 0 0 0 0 0 0 0 0 0 0 0 0 0 0 0 0 0 0 0 0 0 0 0 0 0 0 0 0 0 0 0 0 0 0 0 0 0 0 0 0 0 0 0 0 0 0 0 0 0 0 0 0 0 0 0 0 0 0 0 0 0 1 0 0 0 0 0 0 0 0 0 0 0 0 0 0 0 0 0 0 0]
[2759128207000745860827871048716651353649920556970249113416669803843158515694972846826129962953017901070923493831555713862165995137659351340311195924723603312971229538744204618963859236920408662157899470453944748892338371483031994858034449816290609469845952439838539027915322239847649429577954112458439536562980630569977599669424926558885596169696 0 0 0 0 0 0 0 0 0 0 0 0 0 0 0 0 0 0 0 0 0 0 0 0 0 0 0 0 0 0 0 0 0 0 0 0 0 0 0 0 0 0 0 0 0 0 0 0 0 0 0 0 0 0 0 0 0 0 0 0 0 0 0 0 0 0 0 0 0 0 0 0 0 0 0 0 0 0 0 0 0 0 0 0 0 0 0 0 0 0 0 0 0 0 0 1 0 0 0 0 0 0 0 0 0 0 0 0 0 0 0 0 0 0]
[5293839211453313833262272164261384456426821123106620975148386592118505065218820836072275822699871630795609199956150845871421292913198164902372958190281492473130396234596910695643451871884031560298613214748357022861687067149916555606844209348381582519130480726754065617371623646659743534461809155987202276251021894427861748359406430752362471633536 0 0 0 0 0 0 0 0 0 0 0 0 0 0 0 0 0 0 0 0 0 0 0 0 0 0 0 0 0 0 0 0 0 0 0 0 0 0 0 0 0 0 0 0 0 0 0 0 0 0 0 0 0 0 0 0 0 0 0 0 0 0 0 0 0 0 0 0 0 0 0 0 0 0 0 0 0 0 0 0 0 0 0 0 0 0 0 0 0 0 0 0 0 0 0 0 1 0 0 0 0 0 0 0 0 0 0 0 0 0 0 0 0 0]
[3637781165255994551287345057320244079736982862557339981813330302554147958988876779996425693756711500965828194835944086178503536985617248915949334764112556561093709203107784798265791816758801407274488357270988233889897353240341083095246266648634567568121596313223954379309063590077437416817168275511395331863307499952552643571248432575672323486593 0 0 0 0 0 0 0 0 0 0 0 0 0 0 0 0 0 0 0 0 0 0 0 0 0 0 0 0 0 0 0 0 0 0 0 0 0 0 0 0 0 0 0 0 0 0 0 0 0 0 0 0 0 0 0 0 0 0 0 0 0 0 0 0 0 0 0 0 0 0 0 0 0 0 0 0 0 0 0 0 0 0 0 0 0 0 0 0 0 0 0 0 0 0 0 0 0 1 0 0 0 0 0 0 0 0 0 0 0 0 0 0 0 0]
[10035480890535836576931677732484551547465816687068510369122260810011539014434233687819081628282864568729737060477671539566965949449035701960344439116932574702289688427087555445439798568407766192480810233812573914259568216942886641362105215668144642107330248595096419436216674166534623195150064984144591915006670459905071579876721047609631752208387 0 0 0 0 0 0 0 0 0 0 0 0 0 0 0 0 0 0 0 0 0 0 0 0 0 0 0 0 0 0 0 0 0 0 0 0 0 0 0 0 0 0 0 0 0 0 0 0 0 0 0 0 0 0 0 0 0 0 0 0 0 0 0 0 0 0 0 0 0 0 0 0 0 0 0 0 0 0 0 0 0 0 0 0 0 0 0 0 0 0 0 0 0 0 0 0 0 0 1 0 0 0 0 0 0 0 0 0 0 0 0 0 0 0]
[9646482676256480826372890360227543028673492240480853033325937401529168036466223607242127627512471300959228536945861425326007650291944304022794210731424275540373826375663481655257489731847750883900150748602600118585711394118007174129718154307003570333412252039716204223090009413608842535360302296836994553939460278214772919403354350746918499773874 0 0 0 0 0 0 0 0 0 0 0 0 0 0 0 0 0 0 0 0 0 0 0 0 0 0 0 0 0 0 0 0 0 0 0 0 0 0 0 0 0 0 0 0 0 0 0 0 0 0 0 0 0 0 0 0 0 0 0 0 0 0 0 0 0 0 0 0 0 0 0 0 0 0 0 0 0 0 0 0 0 0 0 0 0 0 0 0 0 0 0 0 0 0 0 0 0 0 0 1 0 0 0 0 0 0 0 0 0 0 0 0 0 0]
[9390741317750768049790332739637816201660577196640129234043777236742133540770973065330886561429098941687883465459580074205495328888890621876778176031054812462348158512102280840237087748769700607716657948168311431591588206441354568553055803506894468360592789327935934647337733055274433924381104164649395821451299092226822314478507814461506998204223 0 0 0 0 0 0 0 0 0 0 0 0 0 0 0 0 0 0 0 0 0 0 0 0 0 0 0 0 0 0 0 0 0 0 0 0 0 0 0 0 0 0 0 0 0 0 0 0 0 0 0 0 0 0 0 0 0 0 0 0 0 0 0 0 0 0 0 0 0 0 0 0 0 0 0 0 0 0 0 0 0 0 0 0 0 0 0 0 0 0 0 0 0 0 0 0 0 0 0 0 1 0 0 0 0 0 0 0 0 0 0 0 0 0]
[9117915185737200775003974211612279451190960180540308886945548507229977324082841717991870494017146183100264143455850025811596540412144377039459793719503760844325089905704822138033944634570253200863694965025131578796485377156436327950948300755541308989747359021335207208768254041789320907500734442674821702031280176960993892769904017634995941693161 0 0 0 0 0 0 0 0 0 0 0 0 0 0 0 0 0 0 0 0 0 0 0 0 0 0 0 0 0 0 0 0 0 0 0 0 0 0 0 0 0 0 0 0 0 0 0 0 0 0 0 0 0 0 0 0 0 0 0 0 0 0 0 0 0 0 0 0 0 0 0 0 0 0 0 0 0 0 0 0 0 0 0 0 0 0 0 0 0 0 0 0 0 0 0 0 0 0 0 0 0 1 0 0 0 0 0 0 0 0 0 0 0 0]
[1239197163700587698109631425067413142843174770090904002756679264790773281382230265951773010665132125842824968717830171965702791007625408960001498815098726581002567164793713661770044293807565871495446397971245280882664157895467383906127556730609422169771973501538788028459880187799455075190409404909442020412388438230383100806089764933307766793015 0 0 0 0 0 0 0 0 0 0 0 0 0 0 0 0 0 0 0 0 0 0 0 0 0 0 0 0 0 0 0 0 0 0 0 0 0 0 0 0 0 0 0 0 0 0 0 0 0 0 0 0 0 0 0 0 0 0 0 0 0 0 0 0 0 0 0 0 0 0 0 0 0 0 0 0 0 0 0 0 0 0 0 0 0 0 0 0 0 0 0 0 0 0 0 0 0 0 0 0 0 0 1 0 0 0 0 0 0 0 0 0 0 0]
[10250110133710182611115233313612568607780698072848348316659121982567153535864953394631676344953485563977148332457423158342092300364939171626231164492376386453170862319795291510580031414472565903246199126080458122966715510445543009437399098864590037170370325114056003439357651198815827005899866579466905092229691823619349056232271182846373647046727 0 0 0 0 0 0 0 0 0 0 0 0 0 0 0 0 0 0 0 0 0 0 0 0 0 0 0 0 0 0 0 0 0 0 0 0 0 0 0 0 0 0 0 0 0 0 0 0 0 0 0 0 0 0 0 0 0 0 0 0 0 0 0 0 0 0 0 0 0 0 0 0 0 0 0 0 0 0 0 0 0 0 0 0 0 0 0 0 0 0 0 0 0 0 0 0 0 0 0 0 0 0 0 1 0 0 0 0 0 0 0 0 0 0]
[4981016585148439253108402667661060921141726054443949484701266712102777112871062373207542916834548794600640429466597368155197389508436403785339412971932678289471860052423398170023688089819453720881907841814222558689831758359721755699137166680514779407637421483849254805455813988320235480003423533910968477063908532289633829267127480120116097602712 0 0 0 0 0 0 0 0 0 0 0 0 0 0 0 0 0 0 0 0 0 0 0 0 0 0 0 0 0 0 0 0 0 0 0 0 0 0 0 0 0 0 0 0 0 0 0 0 0 0 0 0 0 0 0 0 0 0 0 0 0 0 0 0 0 0 0 0 0 0 0 0 0 0 0 0 0 0 0 0 0 0 0 0 0 0 0 0 0 0 0 0 0 0 0 0 0 0 0 0 0 0 0 0 1 0 0 0 0 0 0 0 0 0]
[9782532643424575111043729583140560496054619948479942686085375667242320913289820685541983829996547616046408040654034007798469125480222116871400272157424770861773793202532918617706257463955928387516942698316480019826694258912174269887719060971189478819271811806936760047056927379962928436256896887229599151025526818886170795335673285063844607318004 0 0 0 0 0 0 0 0 0 0 0 0 0 0 0 0 0 0 0 0 0 0 0 0 0 0 0 0 0 0 0 0 0 0 0 0 0 0 0 0 0 0 0 0 0 0 0 0 0 0 0 0 0 0 0 0 0 0 0 0 0 0 0 0 0 0 0 0 0 0 0 0 0 0 0 0 0 0 0 0 0 0 0 0 0 0 0 0 0 0 0 0 0 0 0 0 0 0 0 0 0 0 0 0 0 1 0 0 0 0 0 0 0 0]
[9057287069640594706166662898539416778341510083027071610893005173810114493202110399562229570245486309240877654137089818876164578597139593162981988070958800917651062318041792745382709280849453006077357192704337090344117945325770180099098175526514136555526199962818007163732443070990968956235058661691317869298658676166618224950072802679229781873331 0 0 0 0 0 0 0 0 0 0 0 0 0 0 0 0 0 0 0 0 0 0 0 0 0 0 0 0 0 0 0 0 0 0 0 0 0 0 0 0 0 0 0 0 0 0 0 0 0 0 0 0 0 0 0 0 0 0 0 0 0 0 0 0 0 0 0 0 0 0 0 0 0 0 0 0 0 0 0 0 0 0 0 0 0 0 0 0 0 0 0 0 0 0 0 0 0 0 0 0 0 0 0 0 0 0 1 0 0 0 0 0 0 0]
[5965054499481593024805155741294461538772612860928465285961920745122946714702745159363425704516196172793372910796169250422424346086738939552162269240930250751039258017955701550611281229215548248020949346497854334677309810921052540390851421329777925820721248902467494927388217131934660612912893500895963375683924851035974825836053838898871926960621 0 0 0 0 0 0 0 0 0 0 0 0 0 0 0 0 0 0 0 0 0 0 0 0 0 0 0 0 0 0 0 0 0 0 0 0 0 0 0 0 0 0 0 0 0 0 0 0 0 0 0 0 0 0 0 0 0 0 0 0 0 0 0 0 0 0 0 0 0 0 0 0 0 0 0 0 0 0 0 0 0 0 0 0 0 0 0 0 0 0 0 0 0 0 0 0 0 0 0 0 0 0 0 0 0 0 0 1 0 0 0 0 0 0]
[8477576500487351276160519479528937234784894111423362104565334230802693684079373140465998378426880387851353951266862786257844120949330960084275995732952431109557473010609006299413339994163303232753825893992263363326781430009534773954231539367877729905976545419893653853315595533145802589634914733351036967444602833701592260429545963046027260377574 0 0 0 0 0 0 0 0 0 0 0 0 0 0 0 0 0 0 0 0 0 0 0 0 0 0 0 0 0 0 0 0 0 0 0 0 0 0 0 0 0 0 0 0 0 0 0 0 0 0 0 0 0 0 0 0 0 0 0 0 0 0 0 0 0 0 0 0 0 0 0 0 0 0 0 0 0 0 0 0 0 0 0 0 0 0 0 0 0 0 0 0 0 0 0 0 0 0 0 0 0 0 0 0 0 0 0 0 1 0 0 0 0 0]
[12642152671021558841310444168131950973973391260727928776376795124717514189927106525911990868472320383065339852459606651595730872536023363089607258668616416850653506040732657761851218376985752609435227695315221878877441959120912151562517443614870320683398738010126116357949630070452271658402710647237589291255279484292222482264480046913604331973974 0 0 0 0 0 0 0 0 0 0 0 0 0 0 0 0 0 0 0 0 0 0 0 0 0 0 0 0 0 0 0 0 0 0 0 0 0 0 0 0 0 0 0 0 0 0 0 0 0 0 0 0 0 0 0 0 0 0 0 0 0 0 0 0 0 0 0 0 0 0 0 0 0 0 0 0 0 0 0 0 0 0 0 0 0 0 0 0 0 0 0 0 0 0 0 0 0 0 0 0 0 0 0 0 0 0 0 0 0 1 0 0 0 0]
[10388603224167222265630068404420909620432815077236703793622859435121153262231034831841815198602482624269597488118199420561745651507002188684382588445446825877319073463064734581613911042343858249978146033396402833017975318334741639946138422768384102707096317098696735301297910196576052126695392071984235958412879087604821038448009709480982453955261 0 0 0 0 0 0 0 0 0 0 0 0 0 0 0 0 0 0 0 0 0 0 0 0 0 0 0 0 0 0 0 0 0 0 0 0 0 0 0 0 0 0 0 0 0 0 0 0 0 0 0 0 0 0 0 0 0 0 0 0 0 0 0 0 0 0 0 0 0 0 0 0 0 0 0 0 0 0 0 0 0 0 0 0 0 0 0 0 0 0 0 0 0 0 0 0 0 0 0 0 0 0 0 0 0 0 0 0 0 0 1 0 0 0]
[7131286502670456569378080696926702925814795310455022614008413425853921756935093247418431318468155746359252007738830571047103019331748184915285179046423149594039996271533568393199081792928615985501708146431236168532268588681554892567914256650461393097604573417827751677960425482794924778735513028511985784928907625886225987947386779403470033176245 0 0 0 0 0 0 0 0 0 0 0 0 0 0 0 0 0 0 0 0 0 0 0 0 0 0 0 0 0 0 0 0 0 0 0 0 0 0 0 0 0 0 0 0 0 0 0 0 0 0 0 0 0 0 0 0 0 0 0 0 0 0 0 0 0 0 0 0 0 0 0 0 0 0 0 0 0 0 0 0 0 0 0 0 0 0 0 0 0 0 0 0 0 0 0 0 0 0 0 0 0 0 0 0 0 0 0 0 0 0 0 1 0 0]
[3773754561121104178190543263394816751480943931469444869510578977838994409403145792279371892458236861480855246131764182169878619088107124932554163026594030861412085395001383250808348276314439701779059378282825053031605031689651678301519285225938242628336436009756717463920544399421943950812554663886720043232051230798183757140699506427275483509584 0 0 0 0 0 0 0 0 0 0 0 0 0 0 0 0 0 0 0 0 0 0 0 0 0 0 0 0 0 0 0 0 0 0 0 0 0 0 0 0 0 0 0 0 0 0 0 0 0 0 0 0 0 0 0 0 0 0 0 0 0 0 0 0 0 0 0 0 0 0 0 0 0 0 0 0 0 0 0 0 0 0 0 0 0 0 0 0 0 0 0 0 0 0 0 0 0 0 0 0 0 0 0 0 0 0 0 0 0 0 0 0 1 0]
[191717935146295004798974845871330849489306843675408848555665626237145002198704450035224315070793484833565393045139060113469788618519214401035520540690841017288365557755795658011648109017681739137298254043530294462405038746084333469996398863002974818325008021810542531123123298821418294888157254765345178685246407612656393344894253701474881025573 0 0 0 0 0 0 0 0 0 0 0 0 0 0 0 0 0 0 0 0 0 0 0 0 0 0 0 0 0 0 0 0 0 0 0 0 0 0 0 0 0 0 0 0 0 0 0 0 0 0 0 0 0 0 0 0 0 0 0 0 0 0 0 0 0 0 0 0 0 0 0 0 0 0 0 0 0 0 0 0 0 0 0 0 0 0 0 0 0 0 0 0 0 0 0 0 0 0 0 0 0 0 0 0 0 0 0 0 0 0 0 0 0 1]
]
