[[11294505525243638188959897195651045338742557578421469922709931104162846115134023510883186517293063163775424375009846823468641236689435905822592336945703339821722495780031330385643876057371510040753460730469434034451325166706443548883353543073996486019329599108113054717137109535816997607640188321773713451413310339745246487 0 0 0 0 0 0 0 0 0 0 0 0 0 0 0 0 0 0 0 0 0 0 0 0 0 0 0 0 0 0 0 0 0 0 0 0 0 0 0 0 0 0 0 0 0 0 0 0 0 0 0 0 0 0 0 0 0 0 0 0 0 0 0 0 0 0 0 0 0 0 0 0 0 0 0 0 0 0 0 0 0 0 0 0 0 0 0 0 0 0 0 0 0 0 0 0 0 0 0 0 0 0 0 0 0 0]
[9214615042572291418260314460989828291020158572854322628404350383480080977531545462349687515698933342978331441607253153105979549638503361217616989788654308566476013052569413671894293595224549175680817138811891798080373458488093863922135445514852185248019705530677815449946563012515048985379380234246771045413066240415283318 1 0 0 0 0 0 0 0 0 0 0 0 0 0 0 0 0 0 0 0 0 0 0 0 0 0 0 0 0 0 0 0 0 0 0 0 0 0 0 0 0 0 0 0 0 0 0 0 0 0 0 0 0 0 0 0 0 0 0 0 0 0 0 0 0 0 0 0 0 0 0 0 0 0 0 0 0 0 0 0 0 0 0 0 0 0 0 0 0 0 0 0 0 0 0 0 0 0 0 0 0 0 0 0 0 0]
[1857751509987167872810619853280385399426494291506238955927293723709278377731668491159469582744267694266743757853006426736406885470270307050786781825877528795718982653791321033796344767820399347600930765074126783472822370271121875248769726684301534967132589072218583723956388707525160307821884681367001935493235575503802601 0 1 0 0 0 0 0 0 0 0 0 0 0 0 0 0 0 0 0 0 0 0 0 0 0 0 0 0 0 0 0 0 0 0 0 0 0 0 0 0 0 0 0 0 0 0 0 0 0 0 0 0 0 0 0 0 0 0 0 0 0 0 0 0 0 0 0 0 0 0 0 0 0 0 0 0 0 0 0 0 0 0 0 0 0 0 0 0 0 0 0 0 0 0 0 0 0 0 0 0 0 0 0 0 0 0]
[5468797511870992450983999711195982698152847590553002588810748884232770294598445168088634685370305701430569014920761096066085722050424234997447154747353667412152394362579966595085726190488776430063474490390081451271270856593628370059830125658116849248106939902020571922504598205155546511851592138418353379296063377926203016 0 0 1 0 0 0 0 0 0 0 0 0 0 0 0 0 0 0 0 0 0 0 0 0 0 0 0 0 0 0 0 0 0 0 0 0 0 0 0 0 0 0 0 0 0 0 0 0 0 0 0 0 0 0 0 0 0 0 0 0 0 0 0 0 0 0 0 0 0 0 0 0 0 0 0 0 0 0 0 0 0 0 0 0 0 0 0 0 0 0 0 0 0 0 0 0 0 0 0 0 0 0 0 0 0 0]
[1962508054117208433517310205250881165264191696907630152747013756008912268491937214458493164533123805586283632047230924729186993090723361931313087882187781932332209203089974691103713338975958562848060510685791681681072726526914791011674739611447910529027847795783530233338521659138969566469005058721929401922490635542338639 0 0 0 1 0 0 0 0 0 0 0 0 0 0 0 0 0 0 0 0 0 0 0 0 0 0 0 0 0 0 0 0 0 0 0 0 0 0 0 0 0 0 0 0 0 0 0 0 0 0 0 0 0 0 0 0 0 0 0 0 0 0 0 0 0 0 0 0 0 0 0 0 0 0 0 0 0 0 0 0 0 0 0 0 0 0 0 0 0 0 0 0 0 0 0 0 0 0 0 0 0 0 0 0 0 0]
[663346913908383312017925125553362935931883150057349288416480915767756324124747860382342822845133234969033872690441589018142356405531431200840333655152453194463146945927440686429926439460792147102031446418125658700322462881287726960848797122678329821905409189016997904268707406259907902438159634655463573913925559192004133 0 0 0 0 1 0 0 0 0 0 0 0 0 0 0 0 0 0 0 0 0 0 0 0 0 0 0 0 0 0 0 0 0 0 0 0 0 0 0 0 0 0 0 0 0 0 0 0 0 0 0 0 0 0 0 0 0 0 0 0 0 0 0 0 0 0 0 0 0 0 0 0 0 0 0 0 0 0 0 0 0 0 0 0 0 0 0 0 0 0 0 0 0 0 0 0 0 0 0 0 0 0 0 0 0 0]
[4714678513700735040889444228541380885010357547300216123513316347366611072540121020527335202946066380772235064856231531473375310997465659373693187559033516740077802288509292204073028870355047017349334153483778622262697932543117247386956121324364507655886585934368962420410622962457261960276382429135351653644153027738274373 0 0 0 0 0 1 0 0 0 0 0 0 0 0 0 0 0 0 0 0 0 0 0 0 0 0 0 0 0 0 0 0 0 0 0 0 0 0 0 0 0 0 0 0 0 0 0 0 0 0 0 0 0 0 0 0 0 0 0 0 0 0 0 0 0 0 0 0 0 0 0 0 0 0 0 0 0 0 0 0 0 0 0 0 0 0 0 0 0 0 0 0 0 0 0 0 0 0 0 0 0 0 0 0 0 0]
[1318015330362350350210296731030230470040556666343598114520648093575213124824061353800590491902449439913528910883947915183743256973383082338892672420549651439183869656903437291886948979166461123493107616906490939318899091019376326145427441719877988263569938859152551880365930632588932925439713759591581162567919171707600065 0 0 0 0 0 0 1 0 0 0 0 0 0 0 0 0 0 0 0 0 0 0 0 0 0 0 0 0 0 0 0 0 0 0 0 0 0 0 0 0 0 0 0 0 0 0 0 0 0 0 0 0 0 0 0 0 0 0 0 0 0 0 0 0 0 0 0 0 0 0 0 0 0 0 0 0 0 0 0 0 0 0 0 0 0 0 0 0 0 0 0 0 0 0 0 0 0 0 0 0 0 0 0 0 0 0]
[4599324811692892310255451274049661159828343103402392997051826784851992492988606598520469110289064093651121871722510247417435176491655393335055329034742898251305503828932008529367620432166083218713029772992328684161096346846494961555830137091685706309658393558960893654693681254524947114044714991603498687616507833794054892 0 0 0 0 0 0 0 1 0 0 0 0 0 0 0 0 0 0 0 0 0 0 0 0 0 0 0 0 0 0 0 0 0 0 0 0 0 0 0 0 0 0 0 0 0 0 0 0 0 0 0 0 0 0 0 0 0 0 0 0 0 0 0 0 0 0 0 0 0 0 0 0 0 0 0 0 0 0 0 0 0 0 0 0 0 0 0 0 0 0 0 0 0 0 0 0 0 0 0 0 0 0 0 0 0 0]
[1301137731606871987927770421962998116660596974519985217219530033430567203150704000435165878099523217191139133938347370902482872567764760591850150358045997541760723665083879392336428795879393311187395445362913125411682348728224107637401801239846153711521426050996931526189441367674744498421685862210162812537186454388626996 0 0 0 0 0 0 0 0 1 0 0 0 0 0 0 0 0 0 0 0 0 0 0 0 0 0 0 0 0 0 0 0 0 0 0 0 0 0 0 0 0 0 0 0 0 0 0 0 0 0 0 0 0 0 0 0 0 0 0 0 0 0 0 0 0 0 0 0 0 0 0 0 0 0 0 0 0 0 0 0 0 0 0 0 0 0 0 0 0 0 0 0 0 0 0 0 0 0 0 0 0 0 0 0 0 0]
[4258809344742207137669160692164712774821941531833641948198678818098063587770781858488074396427557722470578229780184555600454431768413460544811699461935074944022741376465432119263441496301926850922149979929775181888160117970370835979647142786835317418447157096151527050551412534975890721384502097984386802232526826442934983 0 0 0 0 0 0 0 0 0 1 0 0 0 0 0 0 0 0 0 0 0 0 0 0 0 0 0 0 0 0 0 0 0 0 0 0 0 0 0 0 0 0 0 0 0 0 0 0 0 0 0 0 0 0 0 0 0 0 0 0 0 0 0 0 0 0 0 0 0 0 0 0 0 0 0 0 0 0 0 0 0 0 0 0 0 0 0 0 0 0 0 0 0 0 0 0 0 0 0 0 0 0 0 0 0 0]
[5870962263645082800485831226870159483362438572873256113660860870135185232920479762934597540049163988929384970192220499665813024540477990627267946162719867417173809292969048767164019271111674505040396484538969311877589297197737959451404269783273236056799882466863527113671320574266333594274684972920311002969945682382827597 0 0 0 0 0 0 0 0 0 0 1 0 0 0 0 0 0 0 0 0 0 0 0 0 0 0 0 0 0 0 0 0 0 0 0 0 0 0 0 0 0 0 0 0 0 0 0 0 0 0 0 0 0 0 0 0 0 0 0 0 0 0 0 0 0 0 0 0 0 0 0 0 0 0 0 0 0 0 0 0 0 0 0 0 0 0 0 0 0 0 0 0 0 0 0 0 0 0 0 0 0 0 0 0 0 0]
[8854092487828168923302088486714355756289463789148193267192376223416278760653144190886047593072373881029005249305640674322636879929520659859990617296083874328699397730447478783233809425197310956591758122984013156639424245595373104882014558907885907369163524142647647327679699338346297604364823145028827737474516084659139777 0 0 0 0 0 0 0 0 0 0 0 1 0 0 0 0 0 0 0 0 0 0 0 0 0 0 0 0 0 0 0 0 0 0 0 0 0 0 0 0 0 0 0 0 0 0 0 0 0 0 0 0 0 0 0 0 0 0 0 0 0 0 0 0 0 0 0 0 0 0 0 0 0 0 0 0 0 0 0 0 0 0 0 0 0 0 0 0 0 0 0 0 0 0 0 0 0 0 0 0 0 0 0 0 0 0]
[1836680357226799998324389327900329931544162754693285762686482828312560366354552497237914501241830498078825570055341420832733919321018558611763582858678967270005524387766674187759359053929923366042625931449540229898763181151073517556150721632210379495640297284481982340967650942798035508847924240117831710908937744380616501 0 0 0 0 0 0 0 0 0 0 0 0 1 0 0 0 0 0 0 0 0 0 0 0 0 0 0 0 0 0 0 0 0 0 0 0 0 0 0 0 0 0 0 0 0 0 0 0 0 0 0 0 0 0 0 0 0 0 0 0 0 0 0 0 0 0 0 0 0 0 0 0 0 0 0 0 0 0 0 0 0 0 0 0 0 0 0 0 0 0 0 0 0 0 0 0 0 0 0 0 0 0 0 0 0 0]
[4437044647386162426380622523788387308118240476859151211038527847792247399580913595859484571449578067193114206686822793267825083382727376377740165240459860830776241840661250895194925641881268216552673587669639673228539998820762673082510669796211902960748027076076835909568946640969024978493628495879731641240917161208136399 0 0 0 0 0 0 0 0 0 0 0 0 0 1 0 0 0 0 0 0 0 0 0 0 0 0 0 0 0 0 0 0 0 0 0 0 0 0 0 0 0 0 0 0 0 0 0 0 0 0 0 0 0 0 0 0 0 0 0 0 0 0 0 0 0 0 0 0 0 0 0 0 0 0 0 0 0 0 0 0 0 0 0 0 0 0 0 0 0 0 0 0 0 0 0 0 0 0 0 0 0 0 0 0 0 0]
[4908660492437634303140766914661571758565379242043545933740009570804285681814703759926484674003286701986109544757818905324277875059122895647247983121361574455188550846415195863570826464094343867082022032560069069553045476114849092118457179537478248908850064178849500893287147154286772127867515048733366954733565899692258575 0 0 0 0 0 0 0 0 0 0 0 0 0 0 1 0 0 0 0 0 0 0 0 0 0 0 0 0 0 0 0 0 0 0 0 0 0 0 0 0 0 0 0 0 0 0 0 0 0 0 0 0 0 0 0 0 0 0 0 0 0 0 0 0 0 0 0 0 0 0 0 0 0 0 0 0 0 0 0 0 0 0 0 0 0 0 0 0 0 0 0 0 0 0 0 0 0 0 0 0 0 0 0 0 0 0]
[10839944854926701032376716477425825987412079689951654724467198620230706660219118824450532159889367331622242238628563379111786962327738637558803469287708286247288851255272898368219963503990326794013050421749142628156874625880760532013723642084077467218022229782664573719155004604557268257072837766179119394810238113388032082 0 0 0 0 0 0 0 0 0 0 0 0 0 0 0 1 0 0 0 0 0 0 0 0 0 0 0 0 0 0 0 0 0 0 0 0 0 0 0 0 0 0 0 0 0 0 0 0 0 0 0 0 0 0 0 0 0 0 0 0 0 0 0 0 0 0 0 0 0 0 0 0 0 0 0 0 0 0 0 0 0 0 0 0 0 0 0 0 0 0 0 0 0 0 0 0 0 0 0 0 0 0 0 0 0 0]
[9357188148202780007969769735845329587142563910891819867377520355257389798691364191962090737041975679682319559215394523528487036234464650435109153833270952991060673444128964986362556447246784237690836743281414686522303592897649930449222561458397460446934366208560284573796902646276352693045947615467117558668033402058738707 0 0 0 0 0 0 0 0 0 0 0 0 0 0 0 0 1 0 0 0 0 0 0 0 0 0 0 0 0 0 0 0 0 0 0 0 0 0 0 0 0 0 0 0 0 0 0 0 0 0 0 0 0 0 0 0 0 0 0 0 0 0 0 0 0 0 0 0 0 0 0 0 0 0 0 0 0 0 0 0 0 0 0 0 0 0 0 0 0 0 0 0 0 0 0 0 0 0 0 0 0 0 0 0 0 0]
[6866954229421306534255835144725770874830988562902135203065843994262061522187322932644479764843323490543577201762575713562464931379540291547726061104762983701719755673946915713263681795426628048855420020133578502805195169090539110700678933360895076042817697315015108763403409124643220999683502024552350001750318711499720380 0 0 0 0 0 0 0 0 0 0 0 0 0 0 0 0 0 1 0 0 0 0 0 0 0 0 0 0 0 0 0 0 0 0 0 0 0 0 0 0 0 0 0 0 0 0 0 0 0 0 0 0 0 0 0 0 0 0 0 0 0 0 0 0 0 0 0 0 0 0 0 0 0 0 0 0 0 0 0 0 0 0 0 0 0 0 0 0 0 0 0 0 0 0 0 0 0 0 0 0 0 0 0 0 0 0]
[4978018755081454322637117228123833506399007473968311828206122885939212370719781535890991469201345063313187198188721693242909514303897948843188822881146490253478384057346239768912458198413371842327350154404745287921711882154904249903035377406193160887036857973215754798963293476760556059620775356904564313731766938424579876 0 0 0 0 0 0 0 0 0 0 0 0 0 0 0 0 0 0 1 0 0 0 0 0 0 0 0 0 0 0 0 0 0 0 0 0 0 0 0 0 0 0 0 0 0 0 0 0 0 0 0 0 0 0 0 0 0 0 0 0 0 0 0 0 0 0 0 0 0 0 0 0 0 0 0 0 0 0 0 0 0 0 0 0 0 0 0 0 0 0 0 0 0 0 0 0 0 0 0 0 0 0 0 0 0 0]
[6439928680139120364240546284330714914667860917211418012964914058060891503020036224041148090525216434330808114301355070592441753172024252145171367209798180164890713307523386954286097419359904082571247597265301022277723103813737314097132289365241712302167738926318680521055839460942693604195152632651502996084129276459153446 0 0 0 0 0 0 0 0 0 0 0 0 0 0 0 0 0 0 0 1 0 0 0 0 0 0 0 0 0 0 0 0 0 0 0 0 0 0 0 0 0 0 0 0 0 0 0 0 0 0 0 0 0 0 0 0 0 0 0 0 0 0 0 0 0 0 0 0 0 0 0 0 0 0 0 0 0 0 0 0 0 0 0 0 0 0 0 0 0 0 0 0 0 0 0 0 0 0 0 0 0 0 0 0 0 0]
[3899165578267422068253761940706938083201062542208984325821828109742797958625944097396567248189223750503468655529873973583953089155251704919492998002374141125168062450313080304194299686795045523010552373681762190811927651105799177511068654393283386037364117984266835038552614895402240890753893760721178818589402017306871946 0 0 0 0 0 0 0 0 0 0 0 0 0 0 0 0 0 0 0 0 1 0 0 0 0 0 0 0 0 0 0 0 0 0 0 0 0 0 0 0 0 0 0 0 0 0 0 0 0 0 0 0 0 0 0 0 0 0 0 0 0 0 0 0 0 0 0 0 0 0 0 0 0 0 0 0 0 0 0 0 0 0 0 0 0 0 0 0 0 0 0 0 0 0 0 0 0 0 0 0 0 0 0 0 0 0]
[8886221687726775650806492240653605506786570925566330935081036044970129174778196315264149958239029695800349157367728303406375777567117463106369469744167074188527355836231312940087684791510156031833029689415789560933653958810871305204104860099413398170950954477048160652181712851602932516400252684772467530517307425226319974 0 0 0 0 0 0 0 0 0 0 0 0 0 0 0 0 0 0 0 0 0 1 0 0 0 0 0 0 0 0 0 0 0 0 0 0 0 0 0 0 0 0 0 0 0 0 0 0 0 0 0 0 0 0 0 0 0 0 0 0 0 0 0 0 0 0 0 0 0 0 0 0 0 0 0 0 0 0 0 0 0 0 0 0 0 0 0 0 0 0 0 0 0 0 0 0 0 0 0 0 0 0 0 0 0 0]
[9786176584513623133744073129304650733831871826591874589264251203584979509888715683270976322186263030368652565513046134628785254717724127109257687614773386541952082314062193926324429863027008636343081584196633392038564755734696001416536703465388634788078646010181630198031167186645434636736268690272420591553812356685335931 0 0 0 0 0 0 0 0 0 0 0 0 0 0 0 0 0 0 0 0 0 0 1 0 0 0 0 0 0 0 0 0 0 0 0 0 0 0 0 0 0 0 0 0 0 0 0 0 0 0 0 0 0 0 0 0 0 0 0 0 0 0 0 0 0 0 0 0 0 0 0 0 0 0 0 0 0 0 0 0 0 0 0 0 0 0 0 0 0 0 0 0 0 0 0 0 0 0 0 0 0 0 0 0 0 0]
[11110586414474539767653005941193090511334738895908232041960996199395480634884805272887853056829752246975911621725897140382851789466218375939011915588367713383380097530108540059933011528215012541018809100484624324119121634621332494663223418467666581398297538949067479383714555832120091895544734485851466217266455012121649703 0 0 0 0 0 0 0 0 0 0 0 0 0 0 0 0 0 0 0 0 0 0 0 1 0 0 0 0 0 0 0 0 0 0 0 0 0 0 0 0 0 0 0 0 0 0 0 0 0 0 0 0 0 0 0 0 0 0 0 0 0 0 0 0 0 0 0 0 0 0 0 0 0 0 0 0 0 0 0 0 0 0 0 0 0 0 0 0 0 0 0 0 0 0 0 0 0 0 0 0 0 0 0 0 0 0]
[4357008575427479708913324036360710344786485231352517575924487639905920011266973145716987787122237842824574398484276640185613223056248185812047808316155296888051963725164114098399068087718715896689898267188990165687394411194310208542673805881197228352904227961539208982468646788474632971648721891252760928661047850068769503 0 0 0 0 0 0 0 0 0 0 0 0 0 0 0 0 0 0 0 0 0 0 0 0 1 0 0 0 0 0 0 0 0 0 0 0 0 0 0 0 0 0 0 0 0 0 0 0 0 0 0 0 0 0 0 0 0 0 0 0 0 0 0 0 0 0 0 0 0 0 0 0 0 0 0 0 0 0 0 0 0 0 0 0 0 0 0 0 0 0 0 0 0 0 0 0 0 0 0 0 0 0 0 0 0 0]
[3628945197583453982931269501566675365917407610706991512842669468565851609885080314923729657270644272179960266610249753438276565650462122774947109492049892421769515842098600124748070543111841804201253344819215213821505781644371359796860088083289093681460895890786394549013257798913801747745215285510181902260019806446302605 0 0 0 0 0 0 0 0 0 0 0 0 0 0 0 0 0 0 0 0 0 0 0 0 0 1 0 0 0 0 0 0 0 0 0 0 0 0 0 0 0 0 0 0 0 0 0 0 0 0 0 0 0 0 0 0 0 0 0 0 0 0 0 0 0 0 0 0 0 0 0 0 0 0 0 0 0 0 0 0 0 0 0 0 0 0 0 0 0 0 0 0 0 0 0 0 0 0 0 0 0 0 0 0 0 0]
[7784688962691645605048561725207449740559158436577754551754572051899720261538079102204618513920705005656389343795902489891583566924888715597539072097332027031085930732882954679789548844011358664992945330611523777003565121975421245051854475207552751223476305510409986766100561156379211598969501724718085285079626840475048032 0 0 0 0 0 0 0 0 0 0 0 0 0 0 0 0 0 0 0 0 0 0 0 0 0 0 1 0 0 0 0 0 0 0 0 0 0 0 0 0 0 0 0 0 0 0 0 0 0 0 0 0 0 0 0 0 0 0 0 0 0 0 0 0 0 0 0 0 0 0 0 0 0 0 0 0 0 0 0 0 0 0 0 0 0 0 0 0 0 0 0 0 0 0 0 0 0 0 0 0 0 0 0 0 0 0]
[9191035691498602671111102909984955226182925666301628400479691079659695907294928513407632275537141171623612432348540312554513417107217195418461759764284852304121870392160976339637517565873564794542201277252247475327815784787419312877798554106488590690136195119077456811129852985577583004850967654675717570485456594768163541 0 0 0 0 0 0 0 0 0 0 0 0 0 0 0 0 0 0 0 0 0 0 0 0 0 0 0 1 0 0 0 0 0 0 0 0 0 0 0 0 0 0 0 0 0 0 0 0 0 0 0 0 0 0 0 0 0 0 0 0 0 0 0 0 0 0 0 0 0 0 0 0 0 0 0 0 0 0 0 0 0 0 0 0 0 0 0 0 0 0 0 0 0 0 0 0 0 0 0 0 0 0 0 0 0 0]
[4591472411507530210695399784398627319012432463792596266319169242207461203955506029306037456854536018098059603881350307839326997276671688474715914195791884020423643768346008919423330972084043828748040268201726017505796414501834272831734636827374362579832404436368113901502419595807375949902422224186196875251332380185714793 0 0 0 0 0 0 0 0 0 0 0 0 0 0 0 0 0 0 0 0 0 0 0 0 0 0 0 0 1 0 0 0 0 0 0 0 0 0 0 0 0 0 0 0 0 0 0 0 0 0 0 0 0 0 0 0 0 0 0 0 0 0 0 0 0 0 0 0 0 0 0 0 0 0 0 0 0 0 0 0 0 0 0 0 0 0 0 0 0 0 0 0 0 0 0 0 0 0 0 0 0 0 0 0 0 0]
[11187129529516046691812450729802544752041453386152846380169051612361569869556706496345629520178239110766318662782888792189256005644997854325551663638628347333142587152156459525235120736263793542253974033530327961824280460909613122140435656382007755981521308816717744275089113969816302810451086157496411508786861949197435108 0 0 0 0 0 0 0 0 0 0 0 0 0 0 0 0 0 0 0 0 0 0 0 0 0 0 0 0 0 1 0 0 0 0 0 0 0 0 0 0 0 0 0 0 0 0 0 0 0 0 0 0 0 0 0 0 0 0 0 0 0 0 0 0 0 0 0 0 0 0 0 0 0 0 0 0 0 0 0 0 0 0 0 0 0 0 0 0 0 0 0 0 0 0 0 0 0 0 0 0 0 0 0 0 0 0]
[179160298238836615171975275771614446525453569297324263048833472897949153626386912627907436454650334652630966292809616098995777712898265576560390570444432141730679722869687042449978002113632848886813840103868471635112519455716149256713299172145752070957856017358469791970916018568709002595940892908232145976876962851654079 0 0 0 0 0 0 0 0 0 0 0 0 0 0 0 0 0 0 0 0 0 0 0 0 0 0 0 0 0 0 1 0 0 0 0 0 0 0 0 0 0 0 0 0 0 0 0 0 0 0 0 0 0 0 0 0 0 0 0 0 0 0 0 0 0 0 0 0 0 0 0 0 0 0 0 0 0 0 0 0 0 0 0 0 0 0 0 0 0 0 0 0 0 0 0 0 0 0 0 0 0 0 0 0 0 0]
[8001301945571554390100440858618788158713786069475687276424786088346445531649998393606507871637183000676506930298562009653117378331341993133083097902833888211300909627212972232665674086539744739666837167991902623202931093751679941508874984170311057510810882808794345314481686139181083704516458132913999741145539615527460523 0 0 0 0 0 0 0 0 0 0 0 0 0 0 0 0 0 0 0 0 0 0 0 0 0 0 0 0 0 0 0 1 0 0 0 0 0 0 0 0 0 0 0 0 0 0 0 0 0 0 0 0 0 0 0 0 0 0 0 0 0 0 0 0 0 0 0 0 0 0 0 0 0 0 0 0 0 0 0 0 0 0 0 0 0 0 0 0 0 0 0 0 0 0 0 0 0 0 0 0 0 0 0 0 0 0]
[5831054437947449863748778004743804186353031990498072240569247926455766600343398180777894807659791960075651835489546608060343561727604209754863260712805795156458736117265344257047561808623793831714797721220482544606923934126771373151286738548308594829105501584972944695498569565126929279753194047085648006531171367634888161 0 0 0 0 0 0 0 0 0 0 0 0 0 0 0 0 0 0 0 0 0 0 0 0 0 0 0 0 0 0 0 0 1 0 0 0 0 0 0 0 0 0 0 0 0 0 0 0 0 0 0 0 0 0 0 0 0 0 0 0 0 0 0 0 0 0 0 0 0 0 0 0 0 0 0 0 0 0 0 0 0 0 0 0 0 0 0 0 0 0 0 0 0 0 0 0 0 0 0 0 0 0 0 0 0 0]
[6441014454974849145233818810629588624061239985385882006746726305075815812913293955804052904110670426847718534527879228686371513989457718083706372856971555514825299597472413571929753054662946239189761931818184194083599026484767016050032206998045263703105646047197141148859057424476220645234409307457849718863097741744785806 0 0 0 0 0 0 0 0 0 0 0 0 0 0 0 0 0 0 0 0 0 0 0 0 0 0 0 0 0 0 0 0 0 1 0 0 0 0 0 0 0 0 0 0 0 0 0 0 0 0 0 0 0 0 0 0 0 0 0 0 0 0 0 0 0 0 0 0 0 0 0 0 0 0 0 0 0 0 0 0 0 0 0 0 0 0 0 0 0 0 0 0 0 0 0 0 0 0 0 0 0 0 0 0 0 0]
[1501212202660662175740964350237774222190510540613197083489635143722985459978609793069088988936289109562355879522145644411691005168649211904286710921566135143543671234989559880761454583422313606566672283823229142883584309204549732677569206436706052088477756344172290536389431220659605256855488865918800204244031432470704971 0 0 0 0 0 0 0 0 0 0 0 0 0 0 0 0 0 0 0 0 0 0 0 0 0 0 0 0 0 0 0 0 0 0 1 0 0 0 0 0 0 0 0 0 0 0 0 0 0 0 0 0 0 0 0 0 0 0 0 0 0 0 0 0 0 0 0 0 0 0 0 0 0 0 0 0 0 0 0 0 0 0 0 0 0 0 0 0 0 0 0 0 0 0 0 0 0 0 0 0 0 0 0 0 0 0]
[6415684464008534251903274250966564888765768123919036436496573712292128531464442286170641349839741302422052093405361241481642203128796214433150061526517851580039994168151750513550253289198022944470273568716427157362128591018179703112901214585538143543921794504739644261045022885724313084970707365531423799231207445169586270 0 0 0 0 0 0 0 0 0 0 0 0 0 0 0 0 0 0 0 0 0 0 0 0 0 0 0 0 0 0 0 0 0 0 0 1 0 0 0 0 0 0 0 0 0 0 0 0 0 0 0 0 0 0 0 0 0 0 0 0 0 0 0 0 0 0 0 0 0 0 0 0 0 0 0 0 0 0 0 0 0 0 0 0 0 0 0 0 0 0 0 0 0 0 0 0 0 0 0 0 0 0 0 0 0 0]
[4329087111361514780449480543013374449280110173674544224093969397531902263770002173524021546668903062093138717199197026265419068723690914922186792291424970669164455312285221069036292372656936440251300480001953759009526101500824859817211535180540349069409544715303246545539664404872511638022692540348019625943117576612250527 0 0 0 0 0 0 0 0 0 0 0 0 0 0 0 0 0 0 0 0 0 0 0 0 0 0 0 0 0 0 0 0 0 0 0 0 1 0 0 0 0 0 0 0 0 0 0 0 0 0 0 0 0 0 0 0 0 0 0 0 0 0 0 0 0 0 0 0 0 0 0 0 0 0 0 0 0 0 0 0 0 0 0 0 0 0 0 0 0 0 0 0 0 0 0 0 0 0 0 0 0 0 0 0 0 0]
[7593667122209484779525998959276534115007946995843410412385913696570638255787168388329030027252518088161166811595776455512347017508385953110445916320339438292638422890247587622381835607975142770505224004051335497537339267636502806329343925086915917175924081680589846182540869970658915317986352853568444690546191058961836697 0 0 0 0 0 0 0 0 0 0 0 0 0 0 0 0 0 0 0 0 0 0 0 0 0 0 0 0 0 0 0 0 0 0 0 0 0 1 0 0 0 0 0 0 0 0 0 0 0 0 0 0 0 0 0 0 0 0 0 0 0 0 0 0 0 0 0 0 0 0 0 0 0 0 0 0 0 0 0 0 0 0 0 0 0 0 0 0 0 0 0 0 0 0 0 0 0 0 0 0 0 0 0 0 0 0]
[3939463561484729758920875356835408697941019365850172052838618165455748200566395384734124858361839595302482572494381015324470416761811873236681229367847756198867555594507480832146992743706958065511510670054761693160522281024870222099817488259823964744005535250188025867459719967039208460880297285396658679646749266794102772 0 0 0 0 0 0 0 0 0 0 0 0 0 0 0 0 0 0 0 0 0 0 0 0 0 0 0 0 0 0 0 0 0 0 0 0 0 0 1 0 0 0 0 0 0 0 0 0 0 0 0 0 0 0 0 0 0 0 0 0 0 0 0 0 0 0 0 0 0 0 0 0 0 0 0 0 0 0 0 0 0 0 0 0 0 0 0 0 0 0 0 0 0 0 0 0 0 0 0 0 0 0 0 0 0 0]
[1939950962687154569866739119940810342481644151791576749647476801570373851515643219184277450682617697620698289588844372708736712389743747282290162411398550754116814304322365249382567759143004471122130539710877584737336857862407513144168089898681895999203154323606590125083454064442572046285215164816788946493015447243594553 0 0 0 0 0 0 0 0 0 0 0 0 0 0 0 0 0 0 0 0 0 0 0 0 0 0 0 0 0 0 0 0 0 0 0 0 0 0 0 1 0 0 0 0 0 0 0 0 0 0 0 0 0 0 0 0 0 0 0 0 0 0 0 0 0 0 0 0 0 0 0 0 0 0 0 0 0 0 0 0 0 0 0 0 0 0 0 0 0 0 0 0 0 0 0 0 0 0 0 0 0 0 0 0 0 0]
[2368019881905886474897216131360631004472569379263435744071984607211228030498968350606042649233249938869239297068459544653114310634479019152412506008495322795223947153763125344531535614516275609826200066094812337498145405212619794331050274686278319445840083496261808991123678128692137395412982718825406980845995492505025310 0 0 0 0 0 0 0 0 0 0 0 0 0 0 0 0 0 0 0 0 0 0 0 0 0 0 0 0 0 0 0 0 0 0 0 0 0 0 0 0 1 0 0 0 0 0 0 0 0 0 0 0 0 0 0 0 0 0 0 0 0 0 0 0 0 0 0 0 0 0 0 0 0 0 0 0 0 0 0 0 0 0 0 0 0 0 0 0 0 0 0 0 0 0 0 0 0 0 0 0 0 0 0 0 0 0]
[9067438270586507522926304461965974289525043946154332552418874765524579533919009445710209940124670240539314279884417497439438350442043945790128323140846891353280940494133113905021920213432827427409686520824814128518498678758385864042516796239110090428553787743603941046798448824888245957499397268126497780098891871740863520 0 0 0 0 0 0 0 0 0 0 0 0 0 0 0 0 0 0 0 0 0 0 0 0 0 0 0 0 0 0 0 0 0 0 0 0 0 0 0 0 0 1 0 0 0 0 0 0 0 0 0 0 0 0 0 0 0 0 0 0 0 0 0 0 0 0 0 0 0 0 0 0 0 0 0 0 0 0 0 0 0 0 0 0 0 0 0 0 0 0 0 0 0 0 0 0 0 0 0 0 0 0 0 0 0 0]
[5536667566215056124677659187195551370163663101020256816444821665786149672095987206124060646226416364209361715134440895424168504630781996300388922442453455584241362785206172169227968698801342893979746142448420325613792457742611627260219739849648014628685520083776806330772683323977669275040746173148747428285966654022200362 0 0 0 0 0 0 0 0 0 0 0 0 0 0 0 0 0 0 0 0 0 0 0 0 0 0 0 0 0 0 0 0 0 0 0 0 0 0 0 0 0 0 1 0 0 0 0 0 0 0 0 0 0 0 0 0 0 0 0 0 0 0 0 0 0 0 0 0 0 0 0 0 0 0 0 0 0 0 0 0 0 0 0 0 0 0 0 0 0 0 0 0 0 0 0 0 0 0 0 0 0 0 0 0 0 0]
[2305672765382729527224979505473024354966774110782842536299024568555083415551997894936493809488874187620193274192408732697239005215100625374009282408351384636400900182517980209491343459440392222845443843269062946158998200729100655728392413172997253816833202950188258324358832504390446296371886633810600519410044056819884293 0 0 0 0 0 0 0 0 0 0 0 0 0 0 0 0 0 0 0 0 0 0 0 0 0 0 0 0 0 0 0 0 0 0 0 0 0 0 0 0 0 0 0 1 0 0 0 0 0 0 0 0 0 0 0 0 0 0 0 0 0 0 0 0 0 0 0 0 0 0 0 0 0 0 0 0 0 0 0 0 0 0 0 0 0 0 0 0 0 0 0 0 0 0 0 0 0 0 0 0 0 0 0 0 0 0]
[7218259405185655257450208888261168423921202066950007125814001066053110422830393187473506340061541978279334593553573054016784648605453317721161448522483703424534963038505700423821715561099687248824037904799293313123771934618403797197227426754713019107267640655828841321561040678590384539326814503826681183386473618386918800 0 0 0 0 0 0 0 0 0 0 0 0 0 0 0 0 0 0 0 0 0 0 0 0 0 0 0 0 0 0 0 0 0 0 0 0 0 0 0 0 0 0 0 0 1 0 0 0 0 0 0 0 0 0 0 0 0 0 0 0 0 0 0 0 0 0 0 0 0 0 0 0 0 0 0 0 0 0 0 0 0 0 0 0 0 0 0 0 0 0 0 0 0 0 0 0 0 0 0 0 0 0 0 0 0 0]
[10166168064038473823406710671243922612110825947113207414886410498140862068647787270560414749025324536379665496061645766757533147695154329708686260452638738471425099443889571990982843522251325316711178526720268728381189994051434248161362868769878618547156311256631222321716576763164286395361601078755611087102628199375031963 0 0 0 0 0 0 0 0 0 0 0 0 0 0 0 0 0 0 0 0 0 0 0 0 0 0 0 0 0 0 0 0 0 0 0 0 0 0 0 0 0 0 0 0 0 1 0 0 0 0 0 0 0 0 0 0 0 0 0 0 0 0 0 0 0 0 0 0 0 0 0 0 0 0 0 0 0 0 0 0 0 0 0 0 0 0 0 0 0 0 0 0 0 0 0 0 0 0 0 0 0 0 0 0 0 0]
[73151163373857809847410168965291921977541309327843299821637890923734217504812531661332187402961142916812938357168440127621488567623103804591724831546582016724428717763929192969070861384963524841809713153044509552142258387947686057315183864722383057902739043552630695730994175091969039442046269370159467358738177993895851 0 0 0 0 0 0 0 0 0 0 0 0 0 0 0 0 0 0 0 0 0 0 0 0 0 0 0 0 0 0 0 0 0 0 0 0 0 0 0 0 0 0 0 0 0 0 1 0 0 0 0 0 0 0 0 0 0 0 0 0 0 0 0 0 0 0 0 0 0 0 0 0 0 0 0 0 0 0 0 0 0 0 0 0 0 0 0 0 0 0 0 0 0 0 0 0 0 0 0 0 0 0 0 0 0 0]
[3118436901037635887701706614672284345619324704273802872694188630216368827442621871389115424494951036377408836371255681379907696303788043823619851485075936989397314643521669335199682422923928882146314739558936373295829925884779084220148739277976374795388006849498587540981483273303198936703489932228510482839031242393616130 0 0 0 0 0 0 0 0 0 0 0 0 0 0 0 0 0 0 0 0 0 0 0 0 0 0 0 0 0 0 0 0 0 0 0 0 0 0 0 0 0 0 0 0 0 0 0 1 0 0 0 0 0 0 0 0 0 0 0 0 0 0 0 0 0 0 0 0 0 0 0 0 0 0 0 0 0 0 0 0 0 0 0 0 0 0 0 0 0 0 0 0 0 0 0 0 0 0 0 0 0 0 0 0 0 0]
[4403470960160610484205545536513807685016893775691683354722842413355074789717838573834076669388380156879635422493801246072099807276420721236790975441975945335156063364357301355876484023336232615365993595870822369997142026990465210109125828236456353945412010680974342391807692854751034981710327168108252201530684334364549389 0 0 0 0 0 0 0 0 0 0 0 0 0 0 0 0 0 0 0 0 0 0 0 0 0 0 0 0 0 0 0 0 0 0 0 0 0 0 0 0 0 0 0 0 0 0 0 0 1 0 0 0 0 0 0 0 0 0 0 0 0 0 0 0 0 0 0 0 0 0 0 0 0 0 0 0 0 0 0 0 0 0 0 0 0 0 0 0 0 0 0 0 0 0 0 0 0 0 0 0 0 0 0 0 0 0]
[9880113024804448981203847686691217875122647370467629341326834608780613063254137923822455592153126770213425600534541077151380937112316264608439213979862514800949409234059343429244045198224196313001177310070584089859759269333842516383671501460729566931444485301678971586806362251085560099635302929126555653853645317763141511 0 0 0 0 0 0 0 0 0 0 0 0 0 0 0 0 0 0 0 0 0 0 0 0 0 0 0 0 0 0 0 0 0 0 0 0 0 0 0 0 0 0 0 0 0 0 0 0 0 1 0 0 0 0 0 0 0 0 0 0 0 0 0 0 0 0 0 0 0 0 0 0 0 0 0 0 0 0 0 0 0 0 0 0 0 0 0 0 0 0 0 0 0 0 0 0 0 0 0 0 0 0 0 0 0 0]
[9416513309673150220378995195796760673231291546559174798129629242906554253175556203926075048563906522307602854381837926681393486691063817835282047659328152912462522477197182112056809536288845263236802272185875337478154870772015055552542751365820536344569845457865650895971337401559649729761225187931766513830901443348733755 0 0 0 0 0 0 0 0 0 0 0 0 0 0 0 0 0 0 0 0 0 0 0 0 0 0 0 0 0 0 0 0 0 0 0 0 0 0 0 0 0 0 0 0 0 0 0 0 0 0 1 0 0 0 0 0 0 0 0 0 0 0 0 0 0 0 0 0 0 0 0 0 0 0 0 0 0 0 0 0 0 0 0 0 0 0 0 0 0 0 0 0 0 0 0 0 0 0 0 0 0 0 0 0 0 0]
[520275094102950714872495816713687562737607992183595142261055528195667501860518151905206794683403502525227752572582499570371491235443221886235567432026969273574100789270374032716558267784714309603268978047903288096051909157748045201349508619167450059937522932843699527812992292299465175443325907911472343065520084437336172 0 0 0 0 0 0 0 0 0 0 0 0 0 0 0 0 0 0 0 0 0 0 0 0 0 0 0 0 0 0 0 0 0 0 0 0 0 0 0 0 0 0 0 0 0 0 0 0 0 0 0 1 0 0 0 0 0 0 0 0 0 0 0 0 0 0 0 0 0 0 0 0 0 0 0 0 0 0 0 0 0 0 0 0 0 0 0 0 0 0 0 0 0 0 0 0 0 0 0 0 0 0 0 0 0 0]
[1438948134326168026086080146446272351098756175243079489475795937537750475788114628636020588377668718432295697687152663759634477618301893468636084595823337889959781921548759193900901647264555599387950987904673810192314092739679607550687345190652337048730326123918668472639160722144737107371432192189431498899008031273271808 0 0 0 0 0 0 0 0 0 0 0 0 0 0 0 0 0 0 0 0 0 0 0 0 0 0 0 0 0 0 0 0 0 0 0 0 0 0 0 0 0 0 0 0 0 0 0 0 0 0 0 0 1 0 0 0 0 0 0 0 0 0 0 0 0 0 0 0 0 0 0 0 0 0 0 0 0 0 0 0 0 0 0 0 0 0 0 0 0 0 0 0 0 0 0 0 0 0 0 0 0 0 0 0 0 0]
[11215771430669150391927849473334779552628425683923025920514528726423595066953034056439801132984394797176866793665019712742096490582543483016353733548687089960781538462090115551177376612502317426736464190901349650009920892062586098235090453267935623060992947687422082623709862488939202608329490734934400405359470342366940241 0 0 0 0 0 0 0 0 0 0 0 0 0 0 0 0 0 0 0 0 0 0 0 0 0 0 0 0 0 0 0 0 0 0 0 0 0 0 0 0 0 0 0 0 0 0 0 0 0 0 0 0 0 1 0 0 0 0 0 0 0 0 0 0 0 0 0 0 0 0 0 0 0 0 0 0 0 0 0 0 0 0 0 0 0 0 0 0 0 0 0 0 0 0 0 0 0 0 0 0 0 0 0 0 0 0]
[10373543870135228918223131297242461313425743136149206977520253664750397215819511417045929047137860285075896780688036005360582196736253966144353837324706120167308299407437464237918717199098073507650967988200043658721747688344062917144362248049565756131854396829319615158216361356627180496319661993347994022919299414791777598 0 0 0 0 0 0 0 0 0 0 0 0 0 0 0 0 0 0 0 0 0 0 0 0 0 0 0 0 0 0 0 0 0 0 0 0 0 0 0 0 0 0 0 0 0 0 0 0 0 0 0 0 0 0 1 0 0 0 0 0 0 0 0 0 0 0 0 0 0 0 0 0 0 0 0 0 0 0 0 0 0 0 0 0 0 0 0 0 0 0 0 0 0 0 0 0 0 0 0 0 0 0 0 0 0 0]
[8610756890467829267968884970907505476711665507247868766092094968640286619053862445626929567856669460588861540958224710283253341935027766660354847362939792097238064954017041000589630801775489677861320313185931575426155469814170587593852871945039003909286766032169859672658907228816658653343884560513316225546272479012529677 0 0 0 0 0 0 0 0 0 0 0 0 0 0 0 0 0 0 0 0 0 0 0 0 0 0 0 0 0 0 0 0 0 0 0 0 0 0 0 0 0 0 0 0 0 0 0 0 0 0 0 0 0 0 0 1 0 0 0 0 0 0 0 0 0 0 0 0 0 0 0 0 0 0 0 0 0 0 0 0 0 0 0 0 0 0 0 0 0 0 0 0 0 0 0 0 0 0 0 0 0 0 0 0 0 0]
[6141700421391284641235215222324878545375059018246310734484493412066854831691614901549172769114879582767039730568600058502522437960090184961225539625415992192773894605852002590927455261193025863014679446765580983437136993415279226248922349900749186949963622471914873225059407032591733705725958096996874869267389204816870997 0 0 0 0 0 0 0 0 0 0 0 0 0 0 0 0 0 0 0 0 0 0 0 0 0 0 0 0 0 0 0 0 0 0 0 0 0 0 0 0 0 0 0 0 0 0 0 0 0 0 0 0 0 0 0 0 1 0 0 0 0 0 0 0 0 0 0 0 0 0 0 0 0 0 0 0 0 0 0 0 0 0 0 0 0 0 0 0 0 0 0 0 0 0 0 0 0 0 0 0 0 0 0 0 0 0]
[4538451021509592413801058086450760955188826394317374874265198606598301836650934569088309815359440226278921360084765300351595624788437793847341977388105716129162803985315620717439095612259009314563387344674474915773001335388140902733088301433554059645476044746694112251815736103684374698233046485439383685819078165022296689 0 0 0 0 0 0 0 0 0 0 0 0 0 0 0 0 0 0 0 0 0 0 0 0 0 0 0 0 0 0 0 0 0 0 0 0 0 0 0 0 0 0 0 0 0 0 0 0 0 0 0 0 0 0 0 0 0 1 0 0 0 0 0 0 0 0 0 0 0 0 0 0 0 0 0 0 0 0 0 0 0 0 0 0 0 0 0 0 0 0 0 0 0 0 0 0 0 0 0 0 0 0 0 0 0 0]
[6503715369792336713708311855279991368329568558600829832688781244271107903632063604058738385175775117246120468771630064098316758437594057201681353298048187043786357846439972475071499805568780929917421182490953146861904761019449811258217173973475593596578160793618030123151083205932409657220853533075672243334345138747660825 0 0 0 0 0 0 0 0 0 0 0 0 0 0 0 0 0 0 0 0 0 0 0 0 0 0 0 0 0 0 0 0 0 0 0 0 0 0 0 0 0 0 0 0 0 0 0 0 0 0 0 0 0 0 0 0 0 0 1 0 0 0 0 0 0 0 0 0 0 0 0 0 0 0 0 0 0 0 0 0 0 0 0 0 0 0 0 0 0 0 0 0 0 0 0 0 0 0 0 0 0 0 0 0 0 0]
[4448436128051067863493383770598770064183426876658368770560846212428443542070871901762843878971915851319543269650457110349691773921558207394956042591122844586013582462405545159811688008100103213580718134464906110617700790519354210753792220729753545053760526115772592566053631081840975648890090507844465985723797419234253444 0 0 0 0 0 0 0 0 0 0 0 0 0 0 0 0 0 0 0 0 0 0 0 0 0 0 0 0 0 0 0 0 0 0 0 0 0 0 0 0 0 0 0 0 0 0 0 0 0 0 0 0 0 0 0 0 0 0 0 1 0 0 0 0 0 0 0 0 0 0 0 0 0 0 0 0 0 0 0 0 0 0 0 0 0 0 0 0 0 0 0 0 0 0 0 0 0 0 0 0 0 0 0 0 0 0]
[1500834959147783933615185834029556154508422205400884742487929390503975924558445025385849475787792463312371086360496431119481988886498965810003777994808221214839206776938308649492492130244370990099696789717088715699449470333679305253400143983577774174358537097859225098999930598313963470470331485125475434421950328542504063 0 0 0 0 0 0 0 0 0 0 0 0 0 0 0 0 0 0 0 0 0 0 0 0 0 0 0 0 0 0 0 0 0 0 0 0 0 0 0 0 0 0 0 0 0 0 0 0 0 0 0 0 0 0 0 0 0 0 0 0 1 0 0 0 0 0 0 0 0 0 0 0 0 0 0 0 0 0 0 0 0 0 0 0 0 0 0 0 0 0 0 0 0 0 0 0 0 0 0 0 0 0 0 0 0 0]
[1665583080054068494138302411782464178628876298589240195572649030287811913277033838027282448403003347165816357307734827633555719542042254234337998801714060008996413082385166466779541486560415587906385784691673204459366739000520147246404991406801020802110671053487171444228210144012066155833656990920696364844683210182137300 0 0 0 0 0 0 0 0 0 0 0 0 0 0 0 0 0 0 0 0 0 0 0 0 0 0 0 0 0 0 0 0 0 0 0 0 0 0 0 0 0 0 0 0 0 0 0 0 0 0 0 0 0 0 0 0 0 0 0 0 0 1 0 0 0 0 0 0 0 0 0 0 0 0 0 0 0 0 0 0 0 0 0 0 0 0 0 0 0 0 0 0 0 0 0 0 0 0 0 0 0 0 0 0 0 0]
[17439066197997540899414570924805370616227216099510668723922048456291109879185423814827200443651158380855654106027283127931814146514419182471400274295996545426217029358115554406332676070762373330999401385468857056305422892118216658408343274795012603753605521162938922842915010300122502356307111365717926284770474209751908 0 0 0 0 0 0 0 0 0 0 0 0 0 0 0 0 0 0 0 0 0 0 0 0 0 0 0 0 0 0 0 0 0 0 0 0 0 0 0 0 0 0 0 0 0 0 0 0 0 0 0 0 0 0 0 0 0 0 0 0 0 0 1 0 0 0 0 0 0 0 0 0 0 0 0 0 0 0 0 0 0 0 0 0 0 0 0 0 0 0 0 0 0 0 0 0 0 0 0 0 0 0 0 0 0 0]
[7007615136973552329500865450389573900723620324495683383238919399664956031094554629618322579834232103373744261396554918967026843497964665834614850823606806536359366526495581270070628914788193481016020183556809272070945642724811984444954410773918391839454460568046685490671764508825190111727930866551654784989448307262638503 0 0 0 0 0 0 0 0 0 0 0 0 0 0 0 0 0 0 0 0 0 0 0 0 0 0 0 0 0 0 0 0 0 0 0 0 0 0 0 0 0 0 0 0 0 0 0 0 0 0 0 0 0 0 0 0 0 0 0 0 0 0 0 1 0 0 0 0 0 0 0 0 0 0 0 0 0 0 0 0 0 0 0 0 0 0 0 0 0 0 0 0 0 0 0 0 0 0 0 0 0 0 0 0 0 0]
[5533668470871422318889328046569759390278350705968843348485788955024211113327156856586976741885237151935912205626459530929528489255480618961763526515639547292116842284120676911443329512293786042761814777145533651834791602999876732644806493814549801452655883438955334839982510453161539882934392778389086828165391894623108957 0 0 0 0 0 0 0 0 0 0 0 0 0 0 0 0 0 0 0 0 0 0 0 0 0 0 0 0 0 0 0 0 0 0 0 0 0 0 0 0 0 0 0 0 0 0 0 0 0 0 0 0 0 0 0 0 0 0 0 0 0 0 0 0 1 0 0 0 0 0 0 0 0 0 0 0 0 0 0 0 0 0 0 0 0 0 0 0 0 0 0 0 0 0 0 0 0 0 0 0 0 0 0 0 0 0]
[4760741263752931504894596453481754382641992645249591778824211038319292922889384661602246881940008320631431096976867480879688039926721356622195860833344336206585376349274347193099865560674078542920521506701597689007642988014281340111370259762828075397715778512965498240972434185782794753160573689033548302608649536251684525 0 0 0 0 0 0 0 0 0 0 0 0 0 0 0 0 0 0 0 0 0 0 0 0 0 0 0 0 0 0 0 0 0 0 0 0 0 0 0 0 0 0 0 0 0 0 0 0 0 0 0 0 0 0 0 0 0 0 0 0 0 0 0 0 0 1 0 0 0 0 0 0 0 0 0 0 0 0 0 0 0 0 0 0 0 0 0 0 0 0 0 0 0 0 0 0 0 0 0 0 0 0 0 0 0 0]
[3025861823259988853627669049103209700528519173430228055960770637054140646126098265740948194485270260567227819362402383258269992118766504104122549270512653706414255905545166041518852038349947640061533742495212705111596845859853542960170854903599246210539779496644901828631658914129587967078123477830059617808510844324750446 0 0 0 0 0 0 0 0 0 0 0 0 0 0 0 0 0 0 0 0 0 0 0 0 0 0 0 0 0 0 0 0 0 0 0 0 0 0 0 0 0 0 0 0 0 0 0 0 0 0 0 0 0 0 0 0 0 0 0 0 0 0 0 0 0 0 1 0 0 0 0 0 0 0 0 0 0 0 0 0 0 0 0 0 0 0 0 0 0 0 0 0 0 0 0 0 0 0 0 0 0 0 0 0 0 0]
[391651993215043217652024510845256461251398336678138956967840447460184677709405377771687628274834951676754466786994100284545671373818470942927986564309465599108280866211253925348633335444727200790997150991104210144360464700280224754652839486301565837039392707920103942256325145940509168748017777267876387221226417437585956 0 0 0 0 0 0 0 0 0 0 0 0 0 0 0 0 0 0 0 0 0 0 0 0 0 0 0 0 0 0 0 0 0 0 0 0 0 0 0 0 0 0 0 0 0 0 0 0 0 0 0 0 0 0 0 0 0 0 0 0 0 0 0 0 0 0 0 1 0 0 0 0 0 0 0 0 0 0 0 0 0 0 0 0 0 0 0 0 0 0 0 0 0 0 0 0 0 0 0 0 0 0 0 0 0 0]
[1561281515431369604855505093239219809537510184274611389441225374492137065798792483183267340397045118650396124485593003637531617312810700556707295267871033329905955833220207423295213631031349348728274645758597026471239337295663757639673121429689489982362965456423978536618006935302691320585503176379334207486137510136115802 0 0 0 0 0 0 0 0 0 0 0 0 0 0 0 0 0 0 0 0 0 0 0 0 0 0 0 0 0 0 0 0 0 0 0 0 0 0 0 0 0 0 0 0 0 0 0 0 0 0 0 0 0 0 0 0 0 0 0 0 0 0 0 0 0 0 0 0 1 0 0 0 0 0 0 0 0 0 0 0 0 0 0 0 0 0 0 0 0 0 0 0 0 0 0 0 0 0 0 0 0 0 0 0 0 0]
[8077093607317273130946062851679466030088601422310251005248514310627630889401185310755430403398267314575471581882138906450739447355677061022268367986690263075509372776227028785233176967119228230425857552255689177328176381874642414381314197835052636768827955306295770965431439823132897902613033359198905237000915407433251028 0 0 0 0 0 0 0 0 0 0 0 0 0 0 0 0 0 0 0 0 0 0 0 0 0 0 0 0 0 0 0 0 0 0 0 0 0 0 0 0 0 0 0 0 0 0 0 0 0 0 0 0 0 0 0 0 0 0 0 0 0 0 0 0 0 0 0 0 0 1 0 0 0 0 0 0 0 0 0 0 0 0 0 0 0 0 0 0 0 0 0 0 0 0 0 0 0 0 0 0 0 0 0 0 0 0]
[11054395730118831869140095402098500289402278691961467675756713120216271352732092166483916596546846373015470560389076507289489053082369757531925422122932166164006954706817983356272900250361589398281341501747540601924232468268411709870691478401628497323249055241806569939011915461288351571766704732876293209523599900307259922 0 0 0 0 0 0 0 0 0 0 0 0 0 0 0 0 0 0 0 0 0 0 0 0 0 0 0 0 0 0 0 0 0 0 0 0 0 0 0 0 0 0 0 0 0 0 0 0 0 0 0 0 0 0 0 0 0 0 0 0 0 0 0 0 0 0 0 0 0 0 1 0 0 0 0 0 0 0 0 0 0 0 0 0 0 0 0 0 0 0 0 0 0 0 0 0 0 0 0 0 0 0 0 0 0 0]
[9563882699568020175792000727164009907265138127562626508262600896773100913057600796204571000108136228920315836835308496697821573146606475429834735152797362157786134360117616996125927275458996645369247409798014875858874700029796784453980392496718666703009458045843074496034241925188959974866626394225763052484978942007659533 0 0 0 0 0 0 0 0 0 0 0 0 0 0 0 0 0 0 0 0 0 0 0 0 0 0 0 0 0 0 0 0 0 0 0 0 0 0 0 0 0 0 0 0 0 0 0 0 0 0 0 0 0 0 0 0 0 0 0 0 0 0 0 0 0 0 0 0 0 0 0 1 0 0 0 0 0 0 0 0 0 0 0 0 0 0 0 0 0 0 0 0 0 0 0 0 0 0 0 0 0 0 0 0 0 0]
[637957446846089827356887396406905402389344430609903400988933990892235019697858084674732590285162758774041170873932624592715416997917221393048301264203173117119881998836522169667681596659339165139360693884498032474626932222805887100784933773627192964434649644024361260219009399849879394115561179444178999772567139897012278 0 0 0 0 0 0 0 0 0 0 0 0 0 0 0 0 0 0 0 0 0 0 0 0 0 0 0 0 0 0 0 0 0 0 0 0 0 0 0 0 0 0 0 0 0 0 0 0 0 0 0 0 0 0 0 0 0 0 0 0 0 0 0 0 0 0 0 0 0 0 0 0 1 0 0 0 0 0 0 0 0 0 0 0 0 0 0 0 0 0 0 0 0 0 0 0 0 0 0 0 0 0 0 0 0 0]
[1286200095632428626483355658008769878907853873823117549999179267951558890126191805350465274169684011785815132132709891558739608400248634255764940925092663223243558132982007251924019100064252264530499612090076782107899361293754509721646647241273294375337881924892433415180844376715356626302277502429005104523910566987594427 0 0 0 0 0 0 0 0 0 0 0 0 0 0 0 0 0 0 0 0 0 0 0 0 0 0 0 0 0 0 0 0 0 0 0 0 0 0 0 0 0 0 0 0 0 0 0 0 0 0 0 0 0 0 0 0 0 0 0 0 0 0 0 0 0 0 0 0 0 0 0 0 0 1 0 0 0 0 0 0 0 0 0 0 0 0 0 0 0 0 0 0 0 0 0 0 0 0 0 0 0 0 0 0 0 0]
[4512073283315450687435316347538409423629089136294540617182325644552973994077574995738599733301593222791979521436429183911483950559316175622494947161047335015425726907644741480079103403203993434629867922562094569724064599652779128273914098287493107698291795672470359560637532268060085545481926816558470207613046968531552381 0 0 0 0 0 0 0 0 0 0 0 0 0 0 0 0 0 0 0 0 0 0 0 0 0 0 0 0 0 0 0 0 0 0 0 0 0 0 0 0 0 0 0 0 0 0 0 0 0 0 0 0 0 0 0 0 0 0 0 0 0 0 0 0 0 0 0 0 0 0 0 0 0 0 1 0 0 0 0 0 0 0 0 0 0 0 0 0 0 0 0 0 0 0 0 0 0 0 0 0 0 0 0 0 0 0]
[6674554724223895480675220466150894501955687080205915594941000032561379826514177378483290206479636912420591387583223203189297912012547292565326615743220358972695357999084320111127917156954874013963011170271278865947693409810050710893473443268228697109632802194800411037109560919930381942043865488616999424019201561446649026 0 0 0 0 0 0 0 0 0 0 0 0 0 0 0 0 0 0 0 0 0 0 0 0 0 0 0 0 0 0 0 0 0 0 0 0 0 0 0 0 0 0 0 0 0 0 0 0 0 0 0 0 0 0 0 0 0 0 0 0 0 0 0 0 0 0 0 0 0 0 0 0 0 0 0 1 0 0 0 0 0 0 0 0 0 0 0 0 0 0 0 0 0 0 0 0 0 0 0 0 0 0 0 0 0 0]
[2641225147413043552058831770756024862890335167452061776201482338936171817971933646329551926009084660664827713674803267956275742194357886266944846181599986007056645499288637947983616158117993337628689058657428000844931025376143147703018237386282257846768277309890485001456759958808441893449339286018554111195879219357875039 0 0 0 0 0 0 0 0 0 0 0 0 0 0 0 0 0 0 0 0 0 0 0 0 0 0 0 0 0 0 0 0 0 0 0 0 0 0 0 0 0 0 0 0 0 0 0 0 0 0 0 0 0 0 0 0 0 0 0 0 0 0 0 0 0 0 0 0 0 0 0 0 0 0 0 0 1 0 0 0 0 0 0 0 0 0 0 0 0 0 0 0 0 0 0 0 0 0 0 0 0 0 0 0 0 0]
[9114544058350073836888409211023048810201005810743604584300182841634112211036277167918745048141464961791476927421692470561107871632814103193301602366601274811446779992576639353214747628665523788386955201571270954151420343225748915523800138871098363772034514407662352700565441323892513930082589308461793110608588778067479403 0 0 0 0 0 0 0 0 0 0 0 0 0 0 0 0 0 0 0 0 0 0 0 0 0 0 0 0 0 0 0 0 0 0 0 0 0 0 0 0 0 0 0 0 0 0 0 0 0 0 0 0 0 0 0 0 0 0 0 0 0 0 0 0 0 0 0 0 0 0 0 0 0 0 0 0 0 1 0 0 0 0 0 0 0 0 0 0 0 0 0 0 0 0 0 0 0 0 0 0 0 0 0 0 0 0]
[8855537531409490831689396775770144167388548241772255931165590156633019359634658394251067542703305099732946139239467519939247579269500958185057851101955245504525449777164827715501567424693500001290033083089683152488661576089733883314271776473149887829523791789552232579783768443048715339883883722938448855418217913520351044 0 0 0 0 0 0 0 0 0 0 0 0 0 0 0 0 0 0 0 0 0 0 0 0 0 0 0 0 0 0 0 0 0 0 0 0 0 0 0 0 0 0 0 0 0 0 0 0 0 0 0 0 0 0 0 0 0 0 0 0 0 0 0 0 0 0 0 0 0 0 0 0 0 0 0 0 0 0 1 0 0 0 0 0 0 0 0 0 0 0 0 0 0 0 0 0 0 0 0 0 0 0 0 0 0 0]
[5176091782311772059786786395768817137872928484606486692311827125746634144934686006440736733437053966811015154691510101951251897074779940780016844063123419400664800941182803277786283348253078626087523090066880314838266752775798345291146887548589611673644214295671309449292225648899981615775299888945367304316627882993676073 0 0 0 0 0 0 0 0 0 0 0 0 0 0 0 0 0 0 0 0 0 0 0 0 0 0 0 0 0 0 0 0 0 0 0 0 0 0 0 0 0 0 0 0 0 0 0 0 0 0 0 0 0 0 0 0 0 0 0 0 0 0 0 0 0 0 0 0 0 0 0 0 0 0 0 0 0 0 0 1 0 0 0 0 0 0 0 0 0 0 0 0 0 0 0 0 0 0 0 0 0 0 0 0 0 0]
[11219429436708865207603676660229237994415525196364186219187996112531064416202233892669955219066820217900464110218902925867430842939007467465123138059696452327438804893710017199980005487611493885411616277836004006788429589311649620850780722700613959143703167561611497554973364153193564614015462245846534531042403533527723929 0 0 0 0 0 0 0 0 0 0 0 0 0 0 0 0 0 0 0 0 0 0 0 0 0 0 0 0 0 0 0 0 0 0 0 0 0 0 0 0 0 0 0 0 0 0 0 0 0 0 0 0 0 0 0 0 0 0 0 0 0 0 0 0 0 0 0 0 0 0 0 0 0 0 0 0 0 0 0 0 1 0 0 0 0 0 0 0 0 0 0 0 0 0 0 0 0 0 0 0 0 0 0 0 0 0]
[6176376198289160745234936504164558054117755483362891156461833533741410044257239756770467942015777882547326026287808863242538514262764699228487249524151293000224221948092925791664620030835873577557882269825632855360769392782278195269625332083255422299433191571223798737207607712965095745692459907902892764753299880879421732 0 0 0 0 0 0 0 0 0 0 0 0 0 0 0 0 0 0 0 0 0 0 0 0 0 0 0 0 0 0 0 0 0 0 0 0 0 0 0 0 0 0 0 0 0 0 0 0 0 0 0 0 0 0 0 0 0 0 0 0 0 0 0 0 0 0 0 0 0 0 0 0 0 0 0 0 0 0 0 0 0 1 0 0 0 0 0 0 0 0 0 0 0 0 0 0 0 0 0 0 0 0 0 0 0 0]
[5317828832309171082118963012689716633814581997737784184244902638546317616825510211355952352108744562593622721828226968872484440680669019230479493253874137731289017160367769259254160634219720475922919328694439658291858958882004478805484663994377733795118346645572954089890533853103483888863649226331490292624063143241718778 0 0 0 0 0 0 0 0 0 0 0 0 0 0 0 0 0 0 0 0 0 0 0 0 0 0 0 0 0 0 0 0 0 0 0 0 0 0 0 0 0 0 0 0 0 0 0 0 0 0 0 0 0 0 0 0 0 0 0 0 0 0 0 0 0 0 0 0 0 0 0 0 0 0 0 0 0 0 0 0 0 0 1 0 0 0 0 0 0 0 0 0 0 0 0 0 0 0 0 0 0 0 0 0 0 0]
[2636588006803320419145459723154688588629218508501053818428591499786996244183854011656568256836246480001819398182966667873060174632809672074932876596778703554994102907120488609972309490139680394844695576547151499725742835203007915785364496389832860677186986058659807992020899346817062156174958498046576963348654236567927074 0 0 0 0 0 0 0 0 0 0 0 0 0 0 0 0 0 0 0 0 0 0 0 0 0 0 0 0 0 0 0 0 0 0 0 0 0 0 0 0 0 0 0 0 0 0 0 0 0 0 0 0 0 0 0 0 0 0 0 0 0 0 0 0 0 0 0 0 0 0 0 0 0 0 0 0 0 0 0 0 0 0 0 1 0 0 0 0 0 0 0 0 0 0 0 0 0 0 0 0 0 0 0 0 0 0]
[5582090490534015449096655116047371745244491777894130761343549292864460052982440374022045260731602738735231488719449923442772606301742248586884054573155517009361252397577909783363130351805937484978049404571345254502743437427499546302973087683712162841849879794990616527768743834603159720660660197138014530728945283377973746 0 0 0 0 0 0 0 0 0 0 0 0 0 0 0 0 0 0 0 0 0 0 0 0 0 0 0 0 0 0 0 0 0 0 0 0 0 0 0 0 0 0 0 0 0 0 0 0 0 0 0 0 0 0 0 0 0 0 0 0 0 0 0 0 0 0 0 0 0 0 0 0 0 0 0 0 0 0 0 0 0 0 0 0 1 0 0 0 0 0 0 0 0 0 0 0 0 0 0 0 0 0 0 0 0 0]
[9320646351744064960081989830901985830951928819578896444293239177144751836695368874244647368557686416568404921056790535803791916259339517015650522456610726531450502274402437762409144604018681824165166627030053105716437241147584960380270100322408163967734996482316789523206805011846551063570545870039386128696991690543592062 0 0 0 0 0 0 0 0 0 0 0 0 0 0 0 0 0 0 0 0 0 0 0 0 0 0 0 0 0 0 0 0 0 0 0 0 0 0 0 0 0 0 0 0 0 0 0 0 0 0 0 0 0 0 0 0 0 0 0 0 0 0 0 0 0 0 0 0 0 0 0 0 0 0 0 0 0 0 0 0 0 0 0 0 0 1 0 0 0 0 0 0 0 0 0 0 0 0 0 0 0 0 0 0 0 0]
[7983441834547198213031676445061446174768372730634107282381466601354214130539553538387345717608184283369546423647979953191078196461196370252512986604032013029260134982473242840038621796529655271204056714181582336022093921150758485658540807572126200004890357525171722393067679774139037571220271284519437734345638600503513082 0 0 0 0 0 0 0 0 0 0 0 0 0 0 0 0 0 0 0 0 0 0 0 0 0 0 0 0 0 0 0 0 0 0 0 0 0 0 0 0 0 0 0 0 0 0 0 0 0 0 0 0 0 0 0 0 0 0 0 0 0 0 0 0 0 0 0 0 0 0 0 0 0 0 0 0 0 0 0 0 0 0 0 0 0 0 1 0 0 0 0 0 0 0 0 0 0 0 0 0 0 0 0 0 0 0]
[7033253135040009648767108264217419947767850344428030232933889925115631618324986282147856379185706395359148020681445363787354627914325826315149760037993098864175948625719392612481540107963237894238336652642295173691701602081729829911583522795698020620371587510014096778675310464628170123538645412339007450426288414511107348 0 0 0 0 0 0 0 0 0 0 0 0 0 0 0 0 0 0 0 0 0 0 0 0 0 0 0 0 0 0 0 0 0 0 0 0 0 0 0 0 0 0 0 0 0 0 0 0 0 0 0 0 0 0 0 0 0 0 0 0 0 0 0 0 0 0 0 0 0 0 0 0 0 0 0 0 0 0 0 0 0 0 0 0 0 0 0 1 0 0 0 0 0 0 0 0 0 0 0 0 0 0 0 0 0 0]
[4160002070320409519089717926048242967901700316064813948863746258576233098682645163574581421423692086486109629200965907660381039152030447812358184280102146421385735699900696649711396822362278594904707070681919602944666473298756866659502686754533019267816493715344058950106047589959091446640187229271564053077168373988352843 0 0 0 0 0 0 0 0 0 0 0 0 0 0 0 0 0 0 0 0 0 0 0 0 0 0 0 0 0 0 0 0 0 0 0 0 0 0 0 0 0 0 0 0 0 0 0 0 0 0 0 0 0 0 0 0 0 0 0 0 0 0 0 0 0 0 0 0 0 0 0 0 0 0 0 0 0 0 0 0 0 0 0 0 0 0 0 0 1 0 0 0 0 0 0 0 0 0 0 0 0 0 0 0 0 0]
[5440810919346697505226210702282073673672654265201390737565993297330511799199239562271339560266737846514747237573569120482494295861654206798641097528196500674696797365063629911405766625648265452953880554299733242865166503618394303015709778353653148111860925306468771875665803980523543015828989539292999876366112810494553032 0 0 0 0 0 0 0 0 0 0 0 0 0 0 0 0 0 0 0 0 0 0 0 0 0 0 0 0 0 0 0 0 0 0 0 0 0 0 0 0 0 0 0 0 0 0 0 0 0 0 0 0 0 0 0 0 0 0 0 0 0 0 0 0 0 0 0 0 0 0 0 0 0 0 0 0 0 0 0 0 0 0 0 0 0 0 0 0 0 1 0 0 0 0 0 0 0 0 0 0 0 0 0 0 0 0]
[7850056405109372624463506775806486593743603260377077424985485900897555849071550135169523234457662867495534662621493674045649387350243377851303745396293928206252091049793427843425416291398531571518000643316636527727794674502824535418861487607230759345633000488112685517412249892785328719115206465703955369275029792877034561 0 0 0 0 0 0 0 0 0 0 0 0 0 0 0 0 0 0 0 0 0 0 0 0 0 0 0 0 0 0 0 0 0 0 0 0 0 0 0 0 0 0 0 0 0 0 0 0 0 0 0 0 0 0 0 0 0 0 0 0 0 0 0 0 0 0 0 0 0 0 0 0 0 0 0 0 0 0 0 0 0 0 0 0 0 0 0 0 0 0 1 0 0 0 0 0 0 0 0 0 0 0 0 0 0 0]
[3034747093063186445865811984909183858008435104371269882252086348109685883304096319127332483221146436507497723563655587952081600718386635285940512978678539008214788409329791067515832912848875199339553427690738566199080798160821306747552373161177117344637219505749506930739101310659820108796518719884494195523072177580985569 0 0 0 0 0 0 0 0 0 0 0 0 0 0 0 0 0 0 0 0 0 0 0 0 0 0 0 0 0 0 0 0 0 0 0 0 0 0 0 0 0 0 0 0 0 0 0 0 0 0 0 0 0 0 0 0 0 0 0 0 0 0 0 0 0 0 0 0 0 0 0 0 0 0 0 0 0 0 0 0 0 0 0 0 0 0 0 0 0 0 0 1 0 0 0 0 0 0 0 0 0 0 0 0 0 0]
[2722353914526310093025318523619614600729082580603843487225801828455099202208427854535283048468521900417990454717673231760023851833241827546406146935183292572380065855784552735760745825977304201913779783807463542256178272169706011908186311337211872104915324274193802005721122598892849214757800551706746684437055173430258150 0 0 0 0 0 0 0 0 0 0 0 0 0 0 0 0 0 0 0 0 0 0 0 0 0 0 0 0 0 0 0 0 0 0 0 0 0 0 0 0 0 0 0 0 0 0 0 0 0 0 0 0 0 0 0 0 0 0 0 0 0 0 0 0 0 0 0 0 0 0 0 0 0 0 0 0 0 0 0 0 0 0 0 0 0 0 0 0 0 0 0 0 1 0 0 0 0 0 0 0 0 0 0 0 0 0]
[502461669553200469595737248991426144929879704236732511794691581247969285688226769778092914823256512392769436328035798844255562251986673611707456137355725443933748212551882650608109747291719313070632949730035832701401987948301294626948868239117547899231559211372191413755169381238271893226257237387008893286815999247703235 0 0 0 0 0 0 0 0 0 0 0 0 0 0 0 0 0 0 0 0 0 0 0 0 0 0 0 0 0 0 0 0 0 0 0 0 0 0 0 0 0 0 0 0 0 0 0 0 0 0 0 0 0 0 0 0 0 0 0 0 0 0 0 0 0 0 0 0 0 0 0 0 0 0 0 0 0 0 0 0 0 0 0 0 0 0 0 0 0 0 0 0 0 1 0 0 0 0 0 0 0 0 0 0 0 0]
[1539637440681859810071243843975415243379642622874920476172170822152367676084487310154078462665449861742411350466520810125649579739943196199834159241917092699497477871706418320236037341621744020376326541644363062378700909938190474360473758610508059321126762102419760792523497165292519581680551276912862664321558495013850318 0 0 0 0 0 0 0 0 0 0 0 0 0 0 0 0 0 0 0 0 0 0 0 0 0 0 0 0 0 0 0 0 0 0 0 0 0 0 0 0 0 0 0 0 0 0 0 0 0 0 0 0 0 0 0 0 0 0 0 0 0 0 0 0 0 0 0 0 0 0 0 0 0 0 0 0 0 0 0 0 0 0 0 0 0 0 0 0 0 0 0 0 0 0 1 0 0 0 0 0 0 0 0 0 0 0]
[6368373051378699660572023007866387940691063495763798260176995261551885127069546814495302224940710804467830665866601309519672333079151713623932941165289070902789005981318718089327963214600632153515628904390284607477907199981198315698386054819367713512175162707797881417423457597828954092674269577379428330691766435498186204 0 0 0 0 0 0 0 0 0 0 0 0 0 0 0 0 0 0 0 0 0 0 0 0 0 0 0 0 0 0 0 0 0 0 0 0 0 0 0 0 0 0 0 0 0 0 0 0 0 0 0 0 0 0 0 0 0 0 0 0 0 0 0 0 0 0 0 0 0 0 0 0 0 0 0 0 0 0 0 0 0 0 0 0 0 0 0 0 0 0 0 0 0 0 0 1 0 0 0 0 0 0 0 0 0 0]
[4180697788700796264688347444446645000421143582294020715991043661647236255195866174778761017729295361932931175864155872997410131472982946805697980435607426055934925812402452120194426340700831965474036022579010105454550514930118932646341395646199364558942718859001340122023189416341752794369345395854289479714730190094111115 0 0 0 0 0 0 0 0 0 0 0 0 0 0 0 0 0 0 0 0 0 0 0 0 0 0 0 0 0 0 0 0 0 0 0 0 0 0 0 0 0 0 0 0 0 0 0 0 0 0 0 0 0 0 0 0 0 0 0 0 0 0 0 0 0 0 0 0 0 0 0 0 0 0 0 0 0 0 0 0 0 0 0 0 0 0 0 0 0 0 0 0 0 0 0 0 1 0 0 0 0 0 0 0 0 0]
[4452511042391969544127078258995292860736499750647793824161632073559717763688686760532872983875089747945654563970199948098099082228368172438275766409865163997805667436214107499914686060210290436652901653969190075890697007739300497626727767781740679370753372822551753948781366773247109571399021398413490049496550177473188766 0 0 0 0 0 0 0 0 0 0 0 0 0 0 0 0 0 0 0 0 0 0 0 0 0 0 0 0 0 0 0 0 0 0 0 0 0 0 0 0 0 0 0 0 0 0 0 0 0 0 0 0 0 0 0 0 0 0 0 0 0 0 0 0 0 0 0 0 0 0 0 0 0 0 0 0 0 0 0 0 0 0 0 0 0 0 0 0 0 0 0 0 0 0 0 0 0 1 0 0 0 0 0 0 0 0]
[8691051627343429605948306728353008300158286656710131014563185525417900880611357389474897820026420507284985847276139555038262808900415193738142251493795906661243358662150528246021110703135290016407423226172126009077827624423263345591604667641715104388431602013657595747375748318339170641989445124529928378176221316151241687 0 0 0 0 0 0 0 0 0 0 0 0 0 0 0 0 0 0 0 0 0 0 0 0 0 0 0 0 0 0 0 0 0 0 0 0 0 0 0 0 0 0 0 0 0 0 0 0 0 0 0 0 0 0 0 0 0 0 0 0 0 0 0 0 0 0 0 0 0 0 0 0 0 0 0 0 0 0 0 0 0 0 0 0 0 0 0 0 0 0 0 0 0 0 0 0 0 0 1 0 0 0 0 0 0 0]
[8344743361001359539912248484442855680397528375173263966450200765366788086745008277466237527478596539462695046461267033003037323364412488551537805555251337848081246986206896105412361259907772005708297441540572794505130935697025394863583562538150376218187152471952988270101302733003794642176488096391756580131847171274372704 0 0 0 0 0 0 0 0 0 0 0 0 0 0 0 0 0 0 0 0 0 0 0 0 0 0 0 0 0 0 0 0 0 0 0 0 0 0 0 0 0 0 0 0 0 0 0 0 0 0 0 0 0 0 0 0 0 0 0 0 0 0 0 0 0 0 0 0 0 0 0 0 0 0 0 0 0 0 0 0 0 0 0 0 0 0 0 0 0 0 0 0 0 0 0 0 0 0 0 1 0 0 0 0 0 0]
[9341612527427613348310354662703846576002655017364519345925896196158242806124506028233960606199743788874620810781745693966019715719768050779527088046222797045792973971286254709845392213514490377749141147967884605134981696740008658075465848678582196159344169601560617375605177176191065686395144918265328717182419308315038731 0 0 0 0 0 0 0 0 0 0 0 0 0 0 0 0 0 0 0 0 0 0 0 0 0 0 0 0 0 0 0 0 0 0 0 0 0 0 0 0 0 0 0 0 0 0 0 0 0 0 0 0 0 0 0 0 0 0 0 0 0 0 0 0 0 0 0 0 0 0 0 0 0 0 0 0 0 0 0 0 0 0 0 0 0 0 0 0 0 0 0 0 0 0 0 0 0 0 0 0 1 0 0 0 0 0]
[3397354657462763287799362157365840081497544442422879115526916299378950655690619418174257325997104172834493463724322767266602413554688097268853778600009060698266294655441948792458844998932953880452381615587467588830242360924070080798756488829923374700419634868795068676764245401665726403906954637557910128695400169303819950 0 0 0 0 0 0 0 0 0 0 0 0 0 0 0 0 0 0 0 0 0 0 0 0 0 0 0 0 0 0 0 0 0 0 0 0 0 0 0 0 0 0 0 0 0 0 0 0 0 0 0 0 0 0 0 0 0 0 0 0 0 0 0 0 0 0 0 0 0 0 0 0 0 0 0 0 0 0 0 0 0 0 0 0 0 0 0 0 0 0 0 0 0 0 0 0 0 0 0 0 0 1 0 0 0 0]
[4505237212538926828578109167686623164164122822370891278698450407280942847738904855468761577984990655897032974467577045985347665377890496089412050356234088085916845558965732432071511993055193966893390826554800541325341639113300825419541054918514609667056623479372712138222099369275606428019050028706815678676599094433142904 0 0 0 0 0 0 0 0 0 0 0 0 0 0 0 0 0 0 0 0 0 0 0 0 0 0 0 0 0 0 0 0 0 0 0 0 0 0 0 0 0 0 0 0 0 0 0 0 0 0 0 0 0 0 0 0 0 0 0 0 0 0 0 0 0 0 0 0 0 0 0 0 0 0 0 0 0 0 0 0 0 0 0 0 0 0 0 0 0 0 0 0 0 0 0 0 0 0 0 0 0 0 1 0 0 0]
[658347901470632925649171896592698953083494824721535950745488988716967841296797508905894618343582624100551990293169252627398557780152525045368973681756713088288619204129052641063826460982332774889347392018789415580501412121723727010260682381600508353227057669245845074958380564357087567273320964819221437529158769135993566 0 0 0 0 0 0 0 0 0 0 0 0 0 0 0 0 0 0 0 0 0 0 0 0 0 0 0 0 0 0 0 0 0 0 0 0 0 0 0 0 0 0 0 0 0 0 0 0 0 0 0 0 0 0 0 0 0 0 0 0 0 0 0 0 0 0 0 0 0 0 0 0 0 0 0 0 0 0 0 0 0 0 0 0 0 0 0 0 0 0 0 0 0 0 0 0 0 0 0 0 0 0 0 1 0 0]
[1540046321293069349882656022584992301771749858033562184049737725885786990464451930761786254901131969075918087986377300890803412600963198573981016888388407925894765989957400747845778204219327646680325813335044231637741601374064170832135474384057862524672928145345095112625104957806075532564134024890204472062627268591467441 0 0 0 0 0 0 0 0 0 0 0 0 0 0 0 0 0 0 0 0 0 0 0 0 0 0 0 0 0 0 0 0 0 0 0 0 0 0 0 0 0 0 0 0 0 0 0 0 0 0 0 0 0 0 0 0 0 0 0 0 0 0 0 0 0 0 0 0 0 0 0 0 0 0 0 0 0 0 0 0 0 0 0 0 0 0 0 0 0 0 0 0 0 0 0 0 0 0 0 0 0 0 0 0 1 0]
[10435023612886108670237979941723638765348618471316533714898918103496360286315425400124657120729316310551920175950640288229065829161294272232752736120818063427371935749191415935610540793570375518400796800365144568808527909843328471571595874463350014119091744990612894239634954172396488445558867589451241432654454605870011720 0 0 0 0 0 0 0 0 0 0 0 0 0 0 0 0 0 0 0 0 0 0 0 0 0 0 0 0 0 0 0 0 0 0 0 0 0 0 0 0 0 0 0 0 0 0 0 0 0 0 0 0 0 0 0 0 0 0 0 0 0 0 0 0 0 0 0 0 0 0 0 0 0 0 0 0 0 0 0 0 0 0 0 0 0 0 0 0 0 0 0 0 0 0 0 0 0 0 0 0 0 0 0 0 0 1]
]
