[[6956314688005462687757243517583986193186526458714570884967937793976994525061618435615713139374151631377248007480203578315636293867162441236832738396990901945061743190723967446440154948658924143984764341356648950637500446838826638066294764147846345335010245408761738956344812608165603425804001445776624470466897591401083933 0 0 0 0 0 0 0 0 0 0 0 0 0 0 0 0 0 0 0 0 0 0 0 0 0 0 0 0 0 0 0 0 0 0 0 0 0 0 0 0 0 0 0 0 0 0 0 0 0 0 0 0 0 0 0 0 0 0 0 0 0 0 0 0 0 0 0 0 0 0 0 0 0 0 0 0 0 0 0 0 0 0 0 0 0 0 0 0 0 0 0 0 0 0 0 0 0 0 0 0 0 0 0 0 0 0]
[840423324094219457831557362614635772286034834426949241012629429598417305343511981060302867288517741303770238402718608606296924506754110350410947561408168403383157055646333681332437133705965517684665475767140161584861215345067462352116600298200691282095347086263144420868136222646124357708422467877776060913950802547685314 1 0 0 0 0 0 0 0 0 0 0 0 0 0 0 0 0 0 0 0 0 0 0 0 0 0 0 0 0 0 0 0 0 0 0 0 0 0 0 0 0 0 0 0 0 0 0 0 0 0 0 0 0 0 0 0 0 0 0 0 0 0 0 0 0 0 0 0 0 0 0 0 0 0 0 0 0 0 0 0 0 0 0 0 0 0 0 0 0 0 0 0 0 0 0 0 0 0 0 0 0 0 0 0 0 0]
[6022528813422706828351291741444915966587525171457169769002706899721878952855953577672889191132872360305573811103200855195327196503201098248893067239045523191015107972090578839433498048257497028685476824687777577084088882682570972122858468795113106588321023035396573379493145060551498971512933766022142900986847905082792992 0 1 0 0 0 0 0 0 0 0 0 0 0 0 0 0 0 0 0 0 0 0 0 0 0 0 0 0 0 0 0 0 0 0 0 0 0 0 0 0 0 0 0 0 0 0 0 0 0 0 0 0 0 0 0 0 0 0 0 0 0 0 0 0 0 0 0 0 0 0 0 0 0 0 0 0 0 0 0 0 0 0 0 0 0 0 0 0 0 0 0 0 0 0 0 0 0 0 0 0 0 0 0 0 0 0]
[4956534205780509343306412582161550389277394845581175681522781232515738951438718418349205372664394974433997318110342954151326210546449583805514560700048789742602007520823687664275804741138820448011220911826765822673215290380457232358205278585294203867218661857936002543206616634046661373581417208478618583482334136296343074 0 0 1 0 0 0 0 0 0 0 0 0 0 0 0 0 0 0 0 0 0 0 0 0 0 0 0 0 0 0 0 0 0 0 0 0 0 0 0 0 0 0 0 0 0 0 0 0 0 0 0 0 0 0 0 0 0 0 0 0 0 0 0 0 0 0 0 0 0 0 0 0 0 0 0 0 0 0 0 0 0 0 0 0 0 0 0 0 0 0 0 0 0 0 0 0 0 0 0 0 0 0 0 0 0 0]
[2217233721092307494941903388826410005839515169446430551381465483011020630152318813623777263692686668847265526136857724186037549726354455403667676218536150398793399221021286162415770987482333800079714421432304042180491308356191972927159906665296479299388254292025110711329403688197769727214675275192788431909816428462523186 0 0 0 1 0 0 0 0 0 0 0 0 0 0 0 0 0 0 0 0 0 0 0 0 0 0 0 0 0 0 0 0 0 0 0 0 0 0 0 0 0 0 0 0 0 0 0 0 0 0 0 0 0 0 0 0 0 0 0 0 0 0 0 0 0 0 0 0 0 0 0 0 0 0 0 0 0 0 0 0 0 0 0 0 0 0 0 0 0 0 0 0 0 0 0 0 0 0 0 0 0 0 0 0 0 0]
[2330322909658705198694642658887502817628440006449851209578455116498890031051744455037657783749257251709466766356565378094375652133276131365218382610653817728713583688781531595692252072507282987094562625143930219581883933138029860688804874184083447497085489390408688992837959967238138164496026139652833625814157711528222559 0 0 0 0 1 0 0 0 0 0 0 0 0 0 0 0 0 0 0 0 0 0 0 0 0 0 0 0 0 0 0 0 0 0 0 0 0 0 0 0 0 0 0 0 0 0 0 0 0 0 0 0 0 0 0 0 0 0 0 0 0 0 0 0 0 0 0 0 0 0 0 0 0 0 0 0 0 0 0 0 0 0 0 0 0 0 0 0 0 0 0 0 0 0 0 0 0 0 0 0 0 0 0 0 0 0]
[6341437654740467786861902243211205869355158732316248305266198888764856564115841518918956030194259019661414870760626578381749394599247766994570660892301600214520782281384565117643172846575679926079386548148567759248681623321483753464964844440566345171885895875395104201092457623617534663921914396644420047636494643734015565 0 0 0 0 0 1 0 0 0 0 0 0 0 0 0 0 0 0 0 0 0 0 0 0 0 0 0 0 0 0 0 0 0 0 0 0 0 0 0 0 0 0 0 0 0 0 0 0 0 0 0 0 0 0 0 0 0 0 0 0 0 0 0 0 0 0 0 0 0 0 0 0 0 0 0 0 0 0 0 0 0 0 0 0 0 0 0 0 0 0 0 0 0 0 0 0 0 0 0 0 0 0 0 0 0 0]
[470162789571054432757430292526823729262536791289761092196008128194035806797567203266302017038019731507322956034113429511217730719953040637978109351116529887983236225924092419824463806140860315236125995093950570303678889702126365942114997342595621748274570649282689425746048086661450022312643094703805782993359763385126648 0 0 0 0 0 0 1 0 0 0 0 0 0 0 0 0 0 0 0 0 0 0 0 0 0 0 0 0 0 0 0 0 0 0 0 0 0 0 0 0 0 0 0 0 0 0 0 0 0 0 0 0 0 0 0 0 0 0 0 0 0 0 0 0 0 0 0 0 0 0 0 0 0 0 0 0 0 0 0 0 0 0 0 0 0 0 0 0 0 0 0 0 0 0 0 0 0 0 0 0 0 0 0 0 0 0]
[2024956339216749863209957243602202341629308951947570321637926215808588678941507672621814488484843911085915333548682239980467505169639295541765975039555339369143277389608688596772440063906290182802496130522737208069533526450685479806660949887935518220000195326016987548908775023523239006946530645635445765370445638576644301 0 0 0 0 0 0 0 1 0 0 0 0 0 0 0 0 0 0 0 0 0 0 0 0 0 0 0 0 0 0 0 0 0 0 0 0 0 0 0 0 0 0 0 0 0 0 0 0 0 0 0 0 0 0 0 0 0 0 0 0 0 0 0 0 0 0 0 0 0 0 0 0 0 0 0 0 0 0 0 0 0 0 0 0 0 0 0 0 0 0 0 0 0 0 0 0 0 0 0 0 0 0 0 0 0 0]
[2473321482577716725716494538408494881131870349576917279961894253876161285629855328547028872178153632866435932463422080610954122639269060578282076433702786212707221045076038366656495610041928790106278748245729537387853518274866183044961889026133642399432612909433347917223588670453606910352714671106081037116907606252608768 0 0 0 0 0 0 0 0 1 0 0 0 0 0 0 0 0 0 0 0 0 0 0 0 0 0 0 0 0 0 0 0 0 0 0 0 0 0 0 0 0 0 0 0 0 0 0 0 0 0 0 0 0 0 0 0 0 0 0 0 0 0 0 0 0 0 0 0 0 0 0 0 0 0 0 0 0 0 0 0 0 0 0 0 0 0 0 0 0 0 0 0 0 0 0 0 0 0 0 0 0 0 0 0 0 0]
[6435101088402674362334478558413711243091741803203404910778937844794233702340101609118922201691073839106765829837109800027007934894631411060244872907270555754445474451939904300794044232126436164152714298747816587758302773516930217887436970593282658600318859011964120576365478928359479560405979830338789469681035888716823739 0 0 0 0 0 0 0 0 0 1 0 0 0 0 0 0 0 0 0 0 0 0 0 0 0 0 0 0 0 0 0 0 0 0 0 0 0 0 0 0 0 0 0 0 0 0 0 0 0 0 0 0 0 0 0 0 0 0 0 0 0 0 0 0 0 0 0 0 0 0 0 0 0 0 0 0 0 0 0 0 0 0 0 0 0 0 0 0 0 0 0 0 0 0 0 0 0 0 0 0 0 0 0 0 0 0]
[4570414601230442755130729535688371941669628965633706955427065482740851953912508423048727967674449633912530332071718922047006550637273723067253581966321048380942692781913756489591769885232209340955711354008732057728558908884850395366944065575633929240575054652512391565798263348005988751099886251705991110736971404972593388 0 0 0 0 0 0 0 0 0 0 1 0 0 0 0 0 0 0 0 0 0 0 0 0 0 0 0 0 0 0 0 0 0 0 0 0 0 0 0 0 0 0 0 0 0 0 0 0 0 0 0 0 0 0 0 0 0 0 0 0 0 0 0 0 0 0 0 0 0 0 0 0 0 0 0 0 0 0 0 0 0 0 0 0 0 0 0 0 0 0 0 0 0 0 0 0 0 0 0 0 0 0 0 0 0 0]
[1072889083946060711014790636096925227992205961467996979792446275533736219474022562002395534371069379519924313014629083900117519903124103415339187224995987915789262868987508883171364913448306719955048763656342496657027733624392130044824699250139344310472668110967604823218190358877072877312116562345415405106128735632935396 0 0 0 0 0 0 0 0 0 0 0 1 0 0 0 0 0 0 0 0 0 0 0 0 0 0 0 0 0 0 0 0 0 0 0 0 0 0 0 0 0 0 0 0 0 0 0 0 0 0 0 0 0 0 0 0 0 0 0 0 0 0 0 0 0 0 0 0 0 0 0 0 0 0 0 0 0 0 0 0 0 0 0 0 0 0 0 0 0 0 0 0 0 0 0 0 0 0 0 0 0 0 0 0 0 0]
[6277501669867183200973716205912666149464172372450142111991481487419604932717702653015052931081727711962933241228823351920375152099162136796380021497539485422635462310016265075947400414418605395089436166746623136645228201160115111004983779804133669329484787304385088661375847206890255850272077103843269509040944342627684407 0 0 0 0 0 0 0 0 0 0 0 0 1 0 0 0 0 0 0 0 0 0 0 0 0 0 0 0 0 0 0 0 0 0 0 0 0 0 0 0 0 0 0 0 0 0 0 0 0 0 0 0 0 0 0 0 0 0 0 0 0 0 0 0 0 0 0 0 0 0 0 0 0 0 0 0 0 0 0 0 0 0 0 0 0 0 0 0 0 0 0 0 0 0 0 0 0 0 0 0 0 0 0 0 0 0]
[4077271494848655943657198857322566855137417926967770933928980552207351096248796837831914555092503378001826216127070385132835547105825055226786150192178436425069371853550909455299614943289276584691016217966486260426745389190597375398985235468392181844537792865544921575011657365387131798669838076285684590233845574651886177 0 0 0 0 0 0 0 0 0 0 0 0 0 1 0 0 0 0 0 0 0 0 0 0 0 0 0 0 0 0 0 0 0 0 0 0 0 0 0 0 0 0 0 0 0 0 0 0 0 0 0 0 0 0 0 0 0 0 0 0 0 0 0 0 0 0 0 0 0 0 0 0 0 0 0 0 0 0 0 0 0 0 0 0 0 0 0 0 0 0 0 0 0 0 0 0 0 0 0 0 0 0 0 0 0 0]
[5302977707431051080643436820753149209688269255195096600780929011275951504234227682555587533731936308103355293604206829769154790516562069136743986812230225992819914947302784049017679056233867944304319759305174354579982091358654759231572911126425534111039824917458951679483354992221803071168194717413946584756478488781312717 0 0 0 0 0 0 0 0 0 0 0 0 0 0 1 0 0 0 0 0 0 0 0 0 0 0 0 0 0 0 0 0 0 0 0 0 0 0 0 0 0 0 0 0 0 0 0 0 0 0 0 0 0 0 0 0 0 0 0 0 0 0 0 0 0 0 0 0 0 0 0 0 0 0 0 0 0 0 0 0 0 0 0 0 0 0 0 0 0 0 0 0 0 0 0 0 0 0 0 0 0 0 0 0 0 0]
[498465141901426129237348439687096049211011448562981488893519882783586469383880073118747048490526910141878379169361180872121361560587109994658770351809688738766948539138615256184563016426963320820274964114193695711832306233305577811794678319212503004065928755111087499643935136237486549176052918602771366855855982822776077 0 0 0 0 0 0 0 0 0 0 0 0 0 0 0 1 0 0 0 0 0 0 0 0 0 0 0 0 0 0 0 0 0 0 0 0 0 0 0 0 0 0 0 0 0 0 0 0 0 0 0 0 0 0 0 0 0 0 0 0 0 0 0 0 0 0 0 0 0 0 0 0 0 0 0 0 0 0 0 0 0 0 0 0 0 0 0 0 0 0 0 0 0 0 0 0 0 0 0 0 0 0 0 0 0 0]
[2951997857036318337299033268428904103577788762607758697876773108206953722506723924912864485406903048524210637678098083673555685237418002465365405150252493902051009586328290276061609277668830319154529026071277111618616310719124853034102775014570264025092448169929067933888953280546886755304007729405365595248359237296491511 0 0 0 0 0 0 0 0 0 0 0 0 0 0 0 0 1 0 0 0 0 0 0 0 0 0 0 0 0 0 0 0 0 0 0 0 0 0 0 0 0 0 0 0 0 0 0 0 0 0 0 0 0 0 0 0 0 0 0 0 0 0 0 0 0 0 0 0 0 0 0 0 0 0 0 0 0 0 0 0 0 0 0 0 0 0 0 0 0 0 0 0 0 0 0 0 0 0 0 0 0 0 0 0 0 0]
[6244577743927197489401878586414887030246171019121808707969891911268973853517710681287283296284864668701224109539116760419226807558806810315976714522860207870323428463927605975197253131887337637028105801639050567181232921449453611158423326816922158293842519119105320672630621873696459746783496798890741957888452983919760600 0 0 0 0 0 0 0 0 0 0 0 0 0 0 0 0 0 1 0 0 0 0 0 0 0 0 0 0 0 0 0 0 0 0 0 0 0 0 0 0 0 0 0 0 0 0 0 0 0 0 0 0 0 0 0 0 0 0 0 0 0 0 0 0 0 0 0 0 0 0 0 0 0 0 0 0 0 0 0 0 0 0 0 0 0 0 0 0 0 0 0 0 0 0 0 0 0 0 0 0 0 0 0 0 0 0]
[305430348435768029191292789275137486312652244111083839175705333508643562014076704904984267373909606098492496972131765343595977081353831806193914479489352779814472051972362069823021420179405220790075211276874510844931241771044401578097941658842141806619846208749069050741524552453154516043800407770447014163649390433267440 0 0 0 0 0 0 0 0 0 0 0 0 0 0 0 0 0 0 1 0 0 0 0 0 0 0 0 0 0 0 0 0 0 0 0 0 0 0 0 0 0 0 0 0 0 0 0 0 0 0 0 0 0 0 0 0 0 0 0 0 0 0 0 0 0 0 0 0 0 0 0 0 0 0 0 0 0 0 0 0 0 0 0 0 0 0 0 0 0 0 0 0 0 0 0 0 0 0 0 0 0 0 0 0 0 0]
[5561115910124160359011746373413653555819252801929935452634633301419204733190530858593751978194236369241218943867171857704536125316154625858987440117026254290704735540927587660495901576093629970529208179503111650314803932552143278927930133547655863424276418735105352137465516684441269018272028831999865959587043893937903954 0 0 0 0 0 0 0 0 0 0 0 0 0 0 0 0 0 0 0 1 0 0 0 0 0 0 0 0 0 0 0 0 0 0 0 0 0 0 0 0 0 0 0 0 0 0 0 0 0 0 0 0 0 0 0 0 0 0 0 0 0 0 0 0 0 0 0 0 0 0 0 0 0 0 0 0 0 0 0 0 0 0 0 0 0 0 0 0 0 0 0 0 0 0 0 0 0 0 0 0 0 0 0 0 0 0]
[140404295017856365372408812121312347963831094289377306730937450481923173074872114240897286686015550706614602816150729442767642343110465791909193502539921979677387443364975798511328600568839289375576189666637078851656940969082769379647918857758135797560659155642844415467537693541695053809222206342251981365501799924235653 0 0 0 0 0 0 0 0 0 0 0 0 0 0 0 0 0 0 0 0 1 0 0 0 0 0 0 0 0 0 0 0 0 0 0 0 0 0 0 0 0 0 0 0 0 0 0 0 0 0 0 0 0 0 0 0 0 0 0 0 0 0 0 0 0 0 0 0 0 0 0 0 0 0 0 0 0 0 0 0 0 0 0 0 0 0 0 0 0 0 0 0 0 0 0 0 0 0 0 0 0 0 0 0 0 0]
[3166784025288112284106565973365673805793852565508431003345419515861310202085855247886437792936313531227681459679667319666576838239551237690399057465992654592950882387542902994891626083055632956061885299454092654169072950528976094889583338455700556078795878744171176295248522996890030327751904037427214561256842146009282270 0 0 0 0 0 0 0 0 0 0 0 0 0 0 0 0 0 0 0 0 0 1 0 0 0 0 0 0 0 0 0 0 0 0 0 0 0 0 0 0 0 0 0 0 0 0 0 0 0 0 0 0 0 0 0 0 0 0 0 0 0 0 0 0 0 0 0 0 0 0 0 0 0 0 0 0 0 0 0 0 0 0 0 0 0 0 0 0 0 0 0 0 0 0 0 0 0 0 0 0 0 0 0 0 0 0]
[2570069349988867400167303823607328169756498230217738376463985307512655023819605258370534978245704855605998226628345910929230343255494704883640310381685229400587903162148497731708180387303439837694930305739556647414905546848234384324882760963120515842938818058958834195783081184767006450710105858309943645666191999703951334 0 0 0 0 0 0 0 0 0 0 0 0 0 0 0 0 0 0 0 0 0 0 1 0 0 0 0 0 0 0 0 0 0 0 0 0 0 0 0 0 0 0 0 0 0 0 0 0 0 0 0 0 0 0 0 0 0 0 0 0 0 0 0 0 0 0 0 0 0 0 0 0 0 0 0 0 0 0 0 0 0 0 0 0 0 0 0 0 0 0 0 0 0 0 0 0 0 0 0 0 0 0 0 0 0 0]
[2668953915717156706643030249809173095789385364264855832637604751286516494564471386014338663351868826388662815880341759686355900453734589516701317724845228020484358489120283783152636521591133286423054957078174375298619365752355892450837075183952444076383403155302404143874510572971133685928748745648560970450187303305515346 0 0 0 0 0 0 0 0 0 0 0 0 0 0 0 0 0 0 0 0 0 0 0 1 0 0 0 0 0 0 0 0 0 0 0 0 0 0 0 0 0 0 0 0 0 0 0 0 0 0 0 0 0 0 0 0 0 0 0 0 0 0 0 0 0 0 0 0 0 0 0 0 0 0 0 0 0 0 0 0 0 0 0 0 0 0 0 0 0 0 0 0 0 0 0 0 0 0 0 0 0 0 0 0 0 0]
[1283445075899571244405783271173886677856907938043639233491009755362291850513399331108584629326706176742130809295932556917800900494942103457242723665133984183339757500374053102190840095630074231626654784359645753232223985392272590469813765040103218300202281606907115726468283800020936006282954129018509883939562061997566323 0 0 0 0 0 0 0 0 0 0 0 0 0 0 0 0 0 0 0 0 0 0 0 0 1 0 0 0 0 0 0 0 0 0 0 0 0 0 0 0 0 0 0 0 0 0 0 0 0 0 0 0 0 0 0 0 0 0 0 0 0 0 0 0 0 0 0 0 0 0 0 0 0 0 0 0 0 0 0 0 0 0 0 0 0 0 0 0 0 0 0 0 0 0 0 0 0 0 0 0 0 0 0 0 0 0]
[6749886122810676265243049851112216373940805036423062526391724665752272502622325201595846209984989209783273374369618371304748372070016643522694566720581589082452747597920427310853198743365131222683950894655704772310254297275371832262989809959399762519751727934019201392795304072821027636873511690178035132402450571524875456 0 0 0 0 0 0 0 0 0 0 0 0 0 0 0 0 0 0 0 0 0 0 0 0 0 1 0 0 0 0 0 0 0 0 0 0 0 0 0 0 0 0 0 0 0 0 0 0 0 0 0 0 0 0 0 0 0 0 0 0 0 0 0 0 0 0 0 0 0 0 0 0 0 0 0 0 0 0 0 0 0 0 0 0 0 0 0 0 0 0 0 0 0 0 0 0 0 0 0 0 0 0 0 0 0 0]
[781138401927423780085421192919169803816060487577175718440363666194506908533167532979316626796879960432114951917643046581168341312292374139407120589903581754784249559548461565265211735723587552349892755987171134319954032484047272236032736455392325486059526017914952910887594256683154257418999187380485577382467882675912022 0 0 0 0 0 0 0 0 0 0 0 0 0 0 0 0 0 0 0 0 0 0 0 0 0 0 1 0 0 0 0 0 0 0 0 0 0 0 0 0 0 0 0 0 0 0 0 0 0 0 0 0 0 0 0 0 0 0 0 0 0 0 0 0 0 0 0 0 0 0 0 0 0 0 0 0 0 0 0 0 0 0 0 0 0 0 0 0 0 0 0 0 0 0 0 0 0 0 0 0 0 0 0 0 0 0]
[5887219841794086012889295107156288769255838731534347790617435676960773787471145872957391887972676696526725596334392743112009158021630852179778327699031153250031304716833503408203994566022671644981066832687035902624088475733516675819498759306735180819750573248899101010207309462639958255735638769987379517415019498740833080 0 0 0 0 0 0 0 0 0 0 0 0 0 0 0 0 0 0 0 0 0 0 0 0 0 0 0 1 0 0 0 0 0 0 0 0 0 0 0 0 0 0 0 0 0 0 0 0 0 0 0 0 0 0 0 0 0 0 0 0 0 0 0 0 0 0 0 0 0 0 0 0 0 0 0 0 0 0 0 0 0 0 0 0 0 0 0 0 0 0 0 0 0 0 0 0 0 0 0 0 0 0 0 0 0 0]
[6815067248161312944957306598816637788334862811923344384446458948378678389020236208797426463065333341846712444270218843040173300757381841408863792681508845928025870621136094334841452100737052035188907630827854697904453645037635034385536322917232403651335890863233833931812165660084632665272413051829169019699923930286885734 0 0 0 0 0 0 0 0 0 0 0 0 0 0 0 0 0 0 0 0 0 0 0 0 0 0 0 0 1 0 0 0 0 0 0 0 0 0 0 0 0 0 0 0 0 0 0 0 0 0 0 0 0 0 0 0 0 0 0 0 0 0 0 0 0 0 0 0 0 0 0 0 0 0 0 0 0 0 0 0 0 0 0 0 0 0 0 0 0 0 0 0 0 0 0 0 0 0 0 0 0 0 0 0 0 0]
[2092633377028148858044554050829576955537316625909487335228658372931786038858297058795480875611447466720520329532724812034378434927131741223354030946398234429379829346526902204569964318357042511949098528433262347246102471935512134477862785185115555555335020582082139890787579772056686579956515080992232579500204992183548699 0 0 0 0 0 0 0 0 0 0 0 0 0 0 0 0 0 0 0 0 0 0 0 0 0 0 0 0 0 1 0 0 0 0 0 0 0 0 0 0 0 0 0 0 0 0 0 0 0 0 0 0 0 0 0 0 0 0 0 0 0 0 0 0 0 0 0 0 0 0 0 0 0 0 0 0 0 0 0 0 0 0 0 0 0 0 0 0 0 0 0 0 0 0 0 0 0 0 0 0 0 0 0 0 0 0]
[2008595617632690940399816917174026503926590111187434528166833137254398857400072840200857095591831974065145268117144314363703665849607977136649509383909451690269868081916184289663758540010704819573738494142815761646244387922021499773359803267174189448893795308870516244742344954368949442888381643515368173344245964562760072 0 0 0 0 0 0 0 0 0 0 0 0 0 0 0 0 0 0 0 0 0 0 0 0 0 0 0 0 0 0 1 0 0 0 0 0 0 0 0 0 0 0 0 0 0 0 0 0 0 0 0 0 0 0 0 0 0 0 0 0 0 0 0 0 0 0 0 0 0 0 0 0 0 0 0 0 0 0 0 0 0 0 0 0 0 0 0 0 0 0 0 0 0 0 0 0 0 0 0 0 0 0 0 0 0 0]
[5575660549505671600632920774238135088000350040476473240880058682178253893739945564570837007118540789530449004337699713120881930515633518483656875896792036710039087804326621769472132871468043232797603399325408470947283993702917458797407446562308491432602920558198300745788968045741143382446247982605118893504971956541491628 0 0 0 0 0 0 0 0 0 0 0 0 0 0 0 0 0 0 0 0 0 0 0 0 0 0 0 0 0 0 0 1 0 0 0 0 0 0 0 0 0 0 0 0 0 0 0 0 0 0 0 0 0 0 0 0 0 0 0 0 0 0 0 0 0 0 0 0 0 0 0 0 0 0 0 0 0 0 0 0 0 0 0 0 0 0 0 0 0 0 0 0 0 0 0 0 0 0 0 0 0 0 0 0 0 0]
[3857251769762658632689537636177620848772845410079348114349900565976667349320437647476562340308029180535946372712147867976233790329779625994863042346920000930670721829726506848687754179260657544261095812088125894415539960475972101595338746138373391758724921741958032499815990847577722274796158822085436109539845565532372659 0 0 0 0 0 0 0 0 0 0 0 0 0 0 0 0 0 0 0 0 0 0 0 0 0 0 0 0 0 0 0 0 1 0 0 0 0 0 0 0 0 0 0 0 0 0 0 0 0 0 0 0 0 0 0 0 0 0 0 0 0 0 0 0 0 0 0 0 0 0 0 0 0 0 0 0 0 0 0 0 0 0 0 0 0 0 0 0 0 0 0 0 0 0 0 0 0 0 0 0 0 0 0 0 0 0]
[4963592579130655379690314509189070937876722511313533609718357467662133131119188941066787735225002698444126931071703417210835988557985770561885358201826423931795762932394503987429455268415055907710460788724421175688799691644687557829831872520615692587140475092927719582870904911762368862001364495482166931451065113729498603 0 0 0 0 0 0 0 0 0 0 0 0 0 0 0 0 0 0 0 0 0 0 0 0 0 0 0 0 0 0 0 0 0 1 0 0 0 0 0 0 0 0 0 0 0 0 0 0 0 0 0 0 0 0 0 0 0 0 0 0 0 0 0 0 0 0 0 0 0 0 0 0 0 0 0 0 0 0 0 0 0 0 0 0 0 0 0 0 0 0 0 0 0 0 0 0 0 0 0 0 0 0 0 0 0 0]
[3806695122543087521207192672513794625920088413471749077959327645773900654513336516265440590440831621479811210509379172036777137793119943447805108917241684473064929760928011346727064496912788299118232032379670735308553476609288079072898268445015631907880995942400112411302303656717947716530815011380151561806498532359587130 0 0 0 0 0 0 0 0 0 0 0 0 0 0 0 0 0 0 0 0 0 0 0 0 0 0 0 0 0 0 0 0 0 0 1 0 0 0 0 0 0 0 0 0 0 0 0 0 0 0 0 0 0 0 0 0 0 0 0 0 0 0 0 0 0 0 0 0 0 0 0 0 0 0 0 0 0 0 0 0 0 0 0 0 0 0 0 0 0 0 0 0 0 0 0 0 0 0 0 0 0 0 0 0 0 0]
[6313928987279076623305799337812716426400737295247461203048221758686952260971439978579503983079755384398822378118805374512714835980333113842025599180982516317008117401526849729361692395944217845354983471976247078457157425967120662177376711236828811638242183809380380640141161148508867663953598275589347898183676692972373195 0 0 0 0 0 0 0 0 0 0 0 0 0 0 0 0 0 0 0 0 0 0 0 0 0 0 0 0 0 0 0 0 0 0 0 1 0 0 0 0 0 0 0 0 0 0 0 0 0 0 0 0 0 0 0 0 0 0 0 0 0 0 0 0 0 0 0 0 0 0 0 0 0 0 0 0 0 0 0 0 0 0 0 0 0 0 0 0 0 0 0 0 0 0 0 0 0 0 0 0 0 0 0 0 0 0]
[6848696736449348000996930597262529527158490942496811422240577679019629171629336203026519108414392274873996249559346643356178046271076180975856329546535472875860454578099791436362067273370889670778879904598745318968819967253775264969933325596902140997684413126790984094945942138522142612575595362883775131691962632151352583 0 0 0 0 0 0 0 0 0 0 0 0 0 0 0 0 0 0 0 0 0 0 0 0 0 0 0 0 0 0 0 0 0 0 0 0 1 0 0 0 0 0 0 0 0 0 0 0 0 0 0 0 0 0 0 0 0 0 0 0 0 0 0 0 0 0 0 0 0 0 0 0 0 0 0 0 0 0 0 0 0 0 0 0 0 0 0 0 0 0 0 0 0 0 0 0 0 0 0 0 0 0 0 0 0 0]
[4322071058337405197580384015555774560427379320514134632591340386745578112549272033465984172178703226782208645694891866995278236439343021763015662605514951166766969524041524863289391026807848051024218600730262439617405956689025300099641790263282574740299524884171497628176407500462046696587404301163437872849510025814286956 0 0 0 0 0 0 0 0 0 0 0 0 0 0 0 0 0 0 0 0 0 0 0 0 0 0 0 0 0 0 0 0 0 0 0 0 0 1 0 0 0 0 0 0 0 0 0 0 0 0 0 0 0 0 0 0 0 0 0 0 0 0 0 0 0 0 0 0 0 0 0 0 0 0 0 0 0 0 0 0 0 0 0 0 0 0 0 0 0 0 0 0 0 0 0 0 0 0 0 0 0 0 0 0 0 0]
[85371049384491654527893646357682633898978162065850707949060727646446485866915719307733252997279631412822508956642585997088528302868150713816832235905888038562282745318444438003251513052457645256637212782371707404427387029120989977671252901452659156461885991146217590263374120091879247985253767785164420047699061713834655 0 0 0 0 0 0 0 0 0 0 0 0 0 0 0 0 0 0 0 0 0 0 0 0 0 0 0 0 0 0 0 0 0 0 0 0 0 0 1 0 0 0 0 0 0 0 0 0 0 0 0 0 0 0 0 0 0 0 0 0 0 0 0 0 0 0 0 0 0 0 0 0 0 0 0 0 0 0 0 0 0 0 0 0 0 0 0 0 0 0 0 0 0 0 0 0 0 0 0 0 0 0 0 0 0 0]
[6652068343792688657013710402889458760576388934322269071340490444667778703814815261515567292360206703090985449354498796740250534568261999695205029241695251357954298096519042306035220521273762517325002504194737835393378578592844900850552916172973776210272516065384719990753003806699244420020418924788309192924744367805010088 0 0 0 0 0 0 0 0 0 0 0 0 0 0 0 0 0 0 0 0 0 0 0 0 0 0 0 0 0 0 0 0 0 0 0 0 0 0 0 1 0 0 0 0 0 0 0 0 0 0 0 0 0 0 0 0 0 0 0 0 0 0 0 0 0 0 0 0 0 0 0 0 0 0 0 0 0 0 0 0 0 0 0 0 0 0 0 0 0 0 0 0 0 0 0 0 0 0 0 0 0 0 0 0 0 0]
[4179917873695396461631376388404939358799378872984203613662156985346270363087579438697971549192101505944241955509263031185223774976391837325613747348380723960558023077977357080941518296271801926670162289302972263642029510063507356203696671989688989358192771009885960419231775893150543298303434374426463714302099663846959628 0 0 0 0 0 0 0 0 0 0 0 0 0 0 0 0 0 0 0 0 0 0 0 0 0 0 0 0 0 0 0 0 0 0 0 0 0 0 0 0 1 0 0 0 0 0 0 0 0 0 0 0 0 0 0 0 0 0 0 0 0 0 0 0 0 0 0 0 0 0 0 0 0 0 0 0 0 0 0 0 0 0 0 0 0 0 0 0 0 0 0 0 0 0 0 0 0 0 0 0 0 0 0 0 0 0]
[3777514311532156428281837037865241757563302812171149013188376713317451997969044823040184809470046448444610397887100881134169201030933375634756054802422001292490972628936379851863033682833761903272269186346435794970459234811738705260795793998592226698934852579765602298499303699998218467246620401563099579790831790726221263 0 0 0 0 0 0 0 0 0 0 0 0 0 0 0 0 0 0 0 0 0 0 0 0 0 0 0 0 0 0 0 0 0 0 0 0 0 0 0 0 0 1 0 0 0 0 0 0 0 0 0 0 0 0 0 0 0 0 0 0 0 0 0 0 0 0 0 0 0 0 0 0 0 0 0 0 0 0 0 0 0 0 0 0 0 0 0 0 0 0 0 0 0 0 0 0 0 0 0 0 0 0 0 0 0 0]
[794330698581101198058204450526119944499428169543114591996115387813969870027989287140631666126392694524999315101207395406068745013103005236123887989503598031703834169250129249933981882638365475297615755140257850792960712862306640782228542421369789472028473828291078900880105075667536048882814731240373922686518605885007015 0 0 0 0 0 0 0 0 0 0 0 0 0 0 0 0 0 0 0 0 0 0 0 0 0 0 0 0 0 0 0 0 0 0 0 0 0 0 0 0 0 0 1 0 0 0 0 0 0 0 0 0 0 0 0 0 0 0 0 0 0 0 0 0 0 0 0 0 0 0 0 0 0 0 0 0 0 0 0 0 0 0 0 0 0 0 0 0 0 0 0 0 0 0 0 0 0 0 0 0 0 0 0 0 0 0]
[6487917630813334287569304535202536203207047598462100186754356494163349818473503891731329528117671847485222967488499127405429176105693678154179413688191694636701650751222985694069491098832436663653738334394012193926604195682372807090398269597994382495356580219571372668144744251019737461597440216101254065973628878447635210 0 0 0 0 0 0 0 0 0 0 0 0 0 0 0 0 0 0 0 0 0 0 0 0 0 0 0 0 0 0 0 0 0 0 0 0 0 0 0 0 0 0 0 1 0 0 0 0 0 0 0 0 0 0 0 0 0 0 0 0 0 0 0 0 0 0 0 0 0 0 0 0 0 0 0 0 0 0 0 0 0 0 0 0 0 0 0 0 0 0 0 0 0 0 0 0 0 0 0 0 0 0 0 0 0 0]
[1760549152537690672311187061225994667464585611702053253269755248625732180691130361313328124790333689395670081382323867071740440309143882366262452340327713592899108199563749187155630089035249323908858279607020947901457476850735029042522448448827880012514424553641854543125747369401027834081342177984030890061894544312066728 0 0 0 0 0 0 0 0 0 0 0 0 0 0 0 0 0 0 0 0 0 0 0 0 0 0 0 0 0 0 0 0 0 0 0 0 0 0 0 0 0 0 0 0 1 0 0 0 0 0 0 0 0 0 0 0 0 0 0 0 0 0 0 0 0 0 0 0 0 0 0 0 0 0 0 0 0 0 0 0 0 0 0 0 0 0 0 0 0 0 0 0 0 0 0 0 0 0 0 0 0 0 0 0 0 0]
[1652803228240802854761048120477695093071569856446780234760188648850884966745347757184278907162536560988075424906808524658981302599513537274494384406418672563674980712241284165246942861886333254895742523514115566537155638185175472683328187697067656795677151037841187939327802342238929224407589538038340395809612629199166969 0 0 0 0 0 0 0 0 0 0 0 0 0 0 0 0 0 0 0 0 0 0 0 0 0 0 0 0 0 0 0 0 0 0 0 0 0 0 0 0 0 0 0 0 0 1 0 0 0 0 0 0 0 0 0 0 0 0 0 0 0 0 0 0 0 0 0 0 0 0 0 0 0 0 0 0 0 0 0 0 0 0 0 0 0 0 0 0 0 0 0 0 0 0 0 0 0 0 0 0 0 0 0 0 0 0]
[603721371234953453456288812158019328940909765239250410401961653930841461499393109478728251079056613594668684364692342433028368848328429499876953572841885232442306272271266688093150206257025315983937637091243902915949409152380887297958667016000323547768736770518921166491441412499921536225927828880280752479468665353447182 0 0 0 0 0 0 0 0 0 0 0 0 0 0 0 0 0 0 0 0 0 0 0 0 0 0 0 0 0 0 0 0 0 0 0 0 0 0 0 0 0 0 0 0 0 0 1 0 0 0 0 0 0 0 0 0 0 0 0 0 0 0 0 0 0 0 0 0 0 0 0 0 0 0 0 0 0 0 0 0 0 0 0 0 0 0 0 0 0 0 0 0 0 0 0 0 0 0 0 0 0 0 0 0 0 0]
[3136826617360142884530666331924758416352562607882847370084027222481262522759167740026888341743013055678978686383233164734316886153531106486530757679933602695173797433757531604704332296268202112091524714795560065354486983782888933248129241834953548905715350849789740985529015216729795405658790602143551180698848678503357915 0 0 0 0 0 0 0 0 0 0 0 0 0 0 0 0 0 0 0 0 0 0 0 0 0 0 0 0 0 0 0 0 0 0 0 0 0 0 0 0 0 0 0 0 0 0 0 1 0 0 0 0 0 0 0 0 0 0 0 0 0 0 0 0 0 0 0 0 0 0 0 0 0 0 0 0 0 0 0 0 0 0 0 0 0 0 0 0 0 0 0 0 0 0 0 0 0 0 0 0 0 0 0 0 0 0]
[5549485240527072449440477233093330104794459252338524224678490996900689150786134754362840731453133469764927637717401733881468763741266231658712974610864452692550855180572425472968214891181019299079216624091022993622451301753169019928742786869014510192128271456829192619222368922875475274307322823404003183052730027021448820 0 0 0 0 0 0 0 0 0 0 0 0 0 0 0 0 0 0 0 0 0 0 0 0 0 0 0 0 0 0 0 0 0 0 0 0 0 0 0 0 0 0 0 0 0 0 0 0 1 0 0 0 0 0 0 0 0 0 0 0 0 0 0 0 0 0 0 0 0 0 0 0 0 0 0 0 0 0 0 0 0 0 0 0 0 0 0 0 0 0 0 0 0 0 0 0 0 0 0 0 0 0 0 0 0 0]
[6074439290796084972881701208815993122524532320338359090450244921745516639535290805750615362234122274297260133562706899391125295039674856881627225012781868655273424742981819768293228912826596775585459681301235683137326913939035207333213973861412498317277414880658090387347504100262898946713198863227310369692059477691120227 0 0 0 0 0 0 0 0 0 0 0 0 0 0 0 0 0 0 0 0 0 0 0 0 0 0 0 0 0 0 0 0 0 0 0 0 0 0 0 0 0 0 0 0 0 0 0 0 0 1 0 0 0 0 0 0 0 0 0 0 0 0 0 0 0 0 0 0 0 0 0 0 0 0 0 0 0 0 0 0 0 0 0 0 0 0 0 0 0 0 0 0 0 0 0 0 0 0 0 0 0 0 0 0 0 0]
[1482555757034769558632636676124535155428355133024867557509537072855680844087375286758516765331210440953152837387615524151353009764901161686684476461873283938399387062248019794191897361825421542517772313767505299571578956572955785141368187625381188207449491242374841566076897376040484630176358212245639540160683013961067615 0 0 0 0 0 0 0 0 0 0 0 0 0 0 0 0 0 0 0 0 0 0 0 0 0 0 0 0 0 0 0 0 0 0 0 0 0 0 0 0 0 0 0 0 0 0 0 0 0 0 1 0 0 0 0 0 0 0 0 0 0 0 0 0 0 0 0 0 0 0 0 0 0 0 0 0 0 0 0 0 0 0 0 0 0 0 0 0 0 0 0 0 0 0 0 0 0 0 0 0 0 0 0 0 0 0]
[139636904167074012398694118497163890060970199628448291368895136784949115497012130444822440102834360272570670046313841949104801730724710716988746850583822949018719037003128149766159699365016991438887109850751126115792194653102493341057109507323107011079780229301010727535525578250318823343692678946900849402453547572054155 0 0 0 0 0 0 0 0 0 0 0 0 0 0 0 0 0 0 0 0 0 0 0 0 0 0 0 0 0 0 0 0 0 0 0 0 0 0 0 0 0 0 0 0 0 0 0 0 0 0 0 1 0 0 0 0 0 0 0 0 0 0 0 0 0 0 0 0 0 0 0 0 0 0 0 0 0 0 0 0 0 0 0 0 0 0 0 0 0 0 0 0 0 0 0 0 0 0 0 0 0 0 0 0 0 0]
[4484329760379590421490084752161914636454242511021258285332163112969722030129689069593001452079603575532364025543455198488163061012892495637509655509534468570196276125278017736082384427727434384907918127118943248310992146214928869967379100218324188846714605499400631143163287398805949141719731628631185930166075420779745079 0 0 0 0 0 0 0 0 0 0 0 0 0 0 0 0 0 0 0 0 0 0 0 0 0 0 0 0 0 0 0 0 0 0 0 0 0 0 0 0 0 0 0 0 0 0 0 0 0 0 0 0 1 0 0 0 0 0 0 0 0 0 0 0 0 0 0 0 0 0 0 0 0 0 0 0 0 0 0 0 0 0 0 0 0 0 0 0 0 0 0 0 0 0 0 0 0 0 0 0 0 0 0 0 0 0]
[1087526829550609364376643683815195372371107976163329188636870541918816447551259968222691322098154369958723065352679741027761228022058957562867215904175968442712091419464124986528670686629156084302894702548993974420809784139561379746741147874199729521335711199601923575934681416181376272970702447313657974248492660960307600 0 0 0 0 0 0 0 0 0 0 0 0 0 0 0 0 0 0 0 0 0 0 0 0 0 0 0 0 0 0 0 0 0 0 0 0 0 0 0 0 0 0 0 0 0 0 0 0 0 0 0 0 0 1 0 0 0 0 0 0 0 0 0 0 0 0 0 0 0 0 0 0 0 0 0 0 0 0 0 0 0 0 0 0 0 0 0 0 0 0 0 0 0 0 0 0 0 0 0 0 0 0 0 0 0 0]
[1692649337583328598784379994023138752801056404209030002095117839174749429595630625823318495820272470034954111095048853466518725875682607408846755073316132667913603716839087351712654464643707822331688698737755666309592692113776636747095716288252082253799981548705620309852944965406113499349563417564856700868239972744349693 0 0 0 0 0 0 0 0 0 0 0 0 0 0 0 0 0 0 0 0 0 0 0 0 0 0 0 0 0 0 0 0 0 0 0 0 0 0 0 0 0 0 0 0 0 0 0 0 0 0 0 0 0 0 1 0 0 0 0 0 0 0 0 0 0 0 0 0 0 0 0 0 0 0 0 0 0 0 0 0 0 0 0 0 0 0 0 0 0 0 0 0 0 0 0 0 0 0 0 0 0 0 0 0 0 0]
[235234845635509659419265135229135051759893335169536496594630225398339449159231431317813565507176975830306610588220941953221857317539877419450024989861794149932356097034944320666246280213455631144216120566796784951402311636568132741319424387093042313454944362176791223179718698910771859668265963518516989764843117336276225 0 0 0 0 0 0 0 0 0 0 0 0 0 0 0 0 0 0 0 0 0 0 0 0 0 0 0 0 0 0 0 0 0 0 0 0 0 0 0 0 0 0 0 0 0 0 0 0 0 0 0 0 0 0 0 1 0 0 0 0 0 0 0 0 0 0 0 0 0 0 0 0 0 0 0 0 0 0 0 0 0 0 0 0 0 0 0 0 0 0 0 0 0 0 0 0 0 0 0 0 0 0 0 0 0 0]
[4909832690054640103665313317532231549566261041213915022009414880942821429230260063424299429560976382833767514838173584473601052976203009813833545701530124116954849748312300553106561560665748965466474578784472710003874378226402406434577933160552333399141009051484146292829251435668476053239771956636947989695528748404022929 0 0 0 0 0 0 0 0 0 0 0 0 0 0 0 0 0 0 0 0 0 0 0 0 0 0 0 0 0 0 0 0 0 0 0 0 0 0 0 0 0 0 0 0 0 0 0 0 0 0 0 0 0 0 0 0 1 0 0 0 0 0 0 0 0 0 0 0 0 0 0 0 0 0 0 0 0 0 0 0 0 0 0 0 0 0 0 0 0 0 0 0 0 0 0 0 0 0 0 0 0 0 0 0 0 0]
[5493207989440462477369117589623900940284481794828945475513668557585093133031961146073397211897540489382915022284452781954934618192480253333303471601933900888084125745558190965208593692178389318756159264433291085486654261436509876530697802675448587809394483802370573644540428425016048580758796299941268128840393272790955497 0 0 0 0 0 0 0 0 0 0 0 0 0 0 0 0 0 0 0 0 0 0 0 0 0 0 0 0 0 0 0 0 0 0 0 0 0 0 0 0 0 0 0 0 0 0 0 0 0 0 0 0 0 0 0 0 0 1 0 0 0 0 0 0 0 0 0 0 0 0 0 0 0 0 0 0 0 0 0 0 0 0 0 0 0 0 0 0 0 0 0 0 0 0 0 0 0 0 0 0 0 0 0 0 0 0]
[2636199824918751250516839799517146287969663856489597862530134025299256326232679681087068271413920786878082369706259874347509826687864113699080833005649039605186460845564822478275789756125362825141222669448295709802835699227099879945868103294313503606548968980647423505727852120502868483500207157889979135741340088379135787 0 0 0 0 0 0 0 0 0 0 0 0 0 0 0 0 0 0 0 0 0 0 0 0 0 0 0 0 0 0 0 0 0 0 0 0 0 0 0 0 0 0 0 0 0 0 0 0 0 0 0 0 0 0 0 0 0 0 1 0 0 0 0 0 0 0 0 0 0 0 0 0 0 0 0 0 0 0 0 0 0 0 0 0 0 0 0 0 0 0 0 0 0 0 0 0 0 0 0 0 0 0 0 0 0 0]
[1895287441049669705567818541614149693949571815325216984235417094735117581973468231091028567333448695091002704744625545959471866922654066444490199285197458604170655343928479523307658641609677429516923451037991593365336291325867519103079118402395751403134429876655229990091879831170751912974671653783016110976066816324932039 0 0 0 0 0 0 0 0 0 0 0 0 0 0 0 0 0 0 0 0 0 0 0 0 0 0 0 0 0 0 0 0 0 0 0 0 0 0 0 0 0 0 0 0 0 0 0 0 0 0 0 0 0 0 0 0 0 0 0 1 0 0 0 0 0 0 0 0 0 0 0 0 0 0 0 0 0 0 0 0 0 0 0 0 0 0 0 0 0 0 0 0 0 0 0 0 0 0 0 0 0 0 0 0 0 0]
[6684237173668349127723370427958223062477679396521333716644816404882843741878296692555023004430820086683218582984551602791081878123965814527863416726761048829669665159925227469444658511832493034149103663670029727085958392206875730845892695419667274770552472110838733912495164234716787476914029083350966961984658012459577138 0 0 0 0 0 0 0 0 0 0 0 0 0 0 0 0 0 0 0 0 0 0 0 0 0 0 0 0 0 0 0 0 0 0 0 0 0 0 0 0 0 0 0 0 0 0 0 0 0 0 0 0 0 0 0 0 0 0 0 0 1 0 0 0 0 0 0 0 0 0 0 0 0 0 0 0 0 0 0 0 0 0 0 0 0 0 0 0 0 0 0 0 0 0 0 0 0 0 0 0 0 0 0 0 0 0]
[5218562181345692934491237658983537945724070450135813220632003620082614158568756465020251160088382899005146196703910318633557591274561002281933189256206708367116861311445011861470486502946076765630921287020439742165559860644747402759832983519553175964859396564323396238656708018745279340902242740417660801285526827398878829 0 0 0 0 0 0 0 0 0 0 0 0 0 0 0 0 0 0 0 0 0 0 0 0 0 0 0 0 0 0 0 0 0 0 0 0 0 0 0 0 0 0 0 0 0 0 0 0 0 0 0 0 0 0 0 0 0 0 0 0 0 1 0 0 0 0 0 0 0 0 0 0 0 0 0 0 0 0 0 0 0 0 0 0 0 0 0 0 0 0 0 0 0 0 0 0 0 0 0 0 0 0 0 0 0 0]
[1935714165730727418730911287849221362539738623393847479899997587265592671092409152981430452712034109075844928064448518083508510112951872771916703362300965881833478926297269263814945335569808037968918217445154556186695471538269075508575592871101939383623871563408763512387754288322546726842590891307440592878964021346164351 0 0 0 0 0 0 0 0 0 0 0 0 0 0 0 0 0 0 0 0 0 0 0 0 0 0 0 0 0 0 0 0 0 0 0 0 0 0 0 0 0 0 0 0 0 0 0 0 0 0 0 0 0 0 0 0 0 0 0 0 0 0 1 0 0 0 0 0 0 0 0 0 0 0 0 0 0 0 0 0 0 0 0 0 0 0 0 0 0 0 0 0 0 0 0 0 0 0 0 0 0 0 0 0 0 0]
[1310648358576037602499067883973684212427444890788422564714102043945558718109575119952454870021748698718329047216567199020745137379158919750109124783214971933039902052033742570120198050562035675081271427458436928813581768503543784544647830959358009463847448097708039348155596613969879517608779848780218104110984980728583999 0 0 0 0 0 0 0 0 0 0 0 0 0 0 0 0 0 0 0 0 0 0 0 0 0 0 0 0 0 0 0 0 0 0 0 0 0 0 0 0 0 0 0 0 0 0 0 0 0 0 0 0 0 0 0 0 0 0 0 0 0 0 0 1 0 0 0 0 0 0 0 0 0 0 0 0 0 0 0 0 0 0 0 0 0 0 0 0 0 0 0 0 0 0 0 0 0 0 0 0 0 0 0 0 0 0]
[87000526494041502504548294961475837228468129447974021326102195340360408197992619387668815578456032045800522468120914977119431441028011832344548881197677563169043598336613852759025365486634393387474802492816543026286351231625685135866011081085389848370460881763642211566171181574788438848651249806446913412294033272033733 0 0 0 0 0 0 0 0 0 0 0 0 0 0 0 0 0 0 0 0 0 0 0 0 0 0 0 0 0 0 0 0 0 0 0 0 0 0 0 0 0 0 0 0 0 0 0 0 0 0 0 0 0 0 0 0 0 0 0 0 0 0 0 0 1 0 0 0 0 0 0 0 0 0 0 0 0 0 0 0 0 0 0 0 0 0 0 0 0 0 0 0 0 0 0 0 0 0 0 0 0 0 0 0 0 0]
[6626479491831078207128268312926922666556679498747004256150256228432497475016345229177153195690691033573804274416263859906120723704657100099036279902316982565172618465520953258838442534382929935132527108431348284080803443050126361528588353520147088339817895546050294896569955926704573881591370460413701093659298913870769925 0 0 0 0 0 0 0 0 0 0 0 0 0 0 0 0 0 0 0 0 0 0 0 0 0 0 0 0 0 0 0 0 0 0 0 0 0 0 0 0 0 0 0 0 0 0 0 0 0 0 0 0 0 0 0 0 0 0 0 0 0 0 0 0 0 1 0 0 0 0 0 0 0 0 0 0 0 0 0 0 0 0 0 0 0 0 0 0 0 0 0 0 0 0 0 0 0 0 0 0 0 0 0 0 0 0]
[3263521130810509969953267386303965006587582607183288344914847045730966974304543028336720700016894227200060573205836575175547953809752634805271456102945814425958039661901136776861838500850890983242530796334092640819269521786336873359147724441257112164886101552601390164919293254637753630583201145170067104210839664199763174 0 0 0 0 0 0 0 0 0 0 0 0 0 0 0 0 0 0 0 0 0 0 0 0 0 0 0 0 0 0 0 0 0 0 0 0 0 0 0 0 0 0 0 0 0 0 0 0 0 0 0 0 0 0 0 0 0 0 0 0 0 0 0 0 0 0 1 0 0 0 0 0 0 0 0 0 0 0 0 0 0 0 0 0 0 0 0 0 0 0 0 0 0 0 0 0 0 0 0 0 0 0 0 0 0 0]
[2088879196236453817376710874871475257772849889123345764736724915443921268670919843464026262787012395297819415808685693523314128254605319265216904736415429911518105153538995196610091139609364569475108280895919233407960784226609349104632568553420502567846145582061435800083332892813771278026576745814418257800781919377031808 0 0 0 0 0 0 0 0 0 0 0 0 0 0 0 0 0 0 0 0 0 0 0 0 0 0 0 0 0 0 0 0 0 0 0 0 0 0 0 0 0 0 0 0 0 0 0 0 0 0 0 0 0 0 0 0 0 0 0 0 0 0 0 0 0 0 0 1 0 0 0 0 0 0 0 0 0 0 0 0 0 0 0 0 0 0 0 0 0 0 0 0 0 0 0 0 0 0 0 0 0 0 0 0 0 0]
[5700182809538698714964674173422618856548388934004953683792932231797814105271103517367751468011840739539974204630534882697800355790467424970932587183068855957685533808201882422519187809606745571297826812784130424929113661715337756251978307526254446861599897495800610377491980828183503153608989434709799641524827839267468494 0 0 0 0 0 0 0 0 0 0 0 0 0 0 0 0 0 0 0 0 0 0 0 0 0 0 0 0 0 0 0 0 0 0 0 0 0 0 0 0 0 0 0 0 0 0 0 0 0 0 0 0 0 0 0 0 0 0 0 0 0 0 0 0 0 0 0 0 1 0 0 0 0 0 0 0 0 0 0 0 0 0 0 0 0 0 0 0 0 0 0 0 0 0 0 0 0 0 0 0 0 0 0 0 0 0]
[3441713109413677802380140602513422798802516898700674090205878764205854832341408215558526741634529165098003833832526063147731324313268225373274437573674879504111000812424228927102072065410567395547233541468439753492388532018877867525986219990700859313558599493084586236543828671144594129818953636834072938128696215271760608 0 0 0 0 0 0 0 0 0 0 0 0 0 0 0 0 0 0 0 0 0 0 0 0 0 0 0 0 0 0 0 0 0 0 0 0 0 0 0 0 0 0 0 0 0 0 0 0 0 0 0 0 0 0 0 0 0 0 0 0 0 0 0 0 0 0 0 0 0 1 0 0 0 0 0 0 0 0 0 0 0 0 0 0 0 0 0 0 0 0 0 0 0 0 0 0 0 0 0 0 0 0 0 0 0 0]
[3046540269968051282433936950736751579433295962394819016860015677957347874499106004404271335782685156363013242056481026395597591767599980467441001516194541741264111907765499162409837092950286317201671047497421528351361510030437744715539493189763161628576963608340215061308088849806277714849579208978320236298820782865720700 0 0 0 0 0 0 0 0 0 0 0 0 0 0 0 0 0 0 0 0 0 0 0 0 0 0 0 0 0 0 0 0 0 0 0 0 0 0 0 0 0 0 0 0 0 0 0 0 0 0 0 0 0 0 0 0 0 0 0 0 0 0 0 0 0 0 0 0 0 0 1 0 0 0 0 0 0 0 0 0 0 0 0 0 0 0 0 0 0 0 0 0 0 0 0 0 0 0 0 0 0 0 0 0 0 0]
[1692991156049398679218595583591656114191896604479734071132865091881531607479701360703336469314878889409286847854912351762168509016417528757711246106496276867168089141327601784078525117154502745109365342887514897776481989063426766935507064567839910290595188895566222352599279868115662649111147851672067159856928548905070432 0 0 0 0 0 0 0 0 0 0 0 0 0 0 0 0 0 0 0 0 0 0 0 0 0 0 0 0 0 0 0 0 0 0 0 0 0 0 0 0 0 0 0 0 0 0 0 0 0 0 0 0 0 0 0 0 0 0 0 0 0 0 0 0 0 0 0 0 0 0 0 1 0 0 0 0 0 0 0 0 0 0 0 0 0 0 0 0 0 0 0 0 0 0 0 0 0 0 0 0 0 0 0 0 0 0]
[3707230940142950016311688905260518384761697475406230689392478212569085356348268002995421673499409567115485822922340620626540854208678294591045437311980685180095959142444889307052502148735571134781826709358487308143690138358014083483225747165101024223528823032304688601098895289289534378868091152067378961939031365564913062 0 0 0 0 0 0 0 0 0 0 0 0 0 0 0 0 0 0 0 0 0 0 0 0 0 0 0 0 0 0 0 0 0 0 0 0 0 0 0 0 0 0 0 0 0 0 0 0 0 0 0 0 0 0 0 0 0 0 0 0 0 0 0 0 0 0 0 0 0 0 0 0 1 0 0 0 0 0 0 0 0 0 0 0 0 0 0 0 0 0 0 0 0 0 0 0 0 0 0 0 0 0 0 0 0 0]
[4011925211179946840357229305925601628525143729221302282269892124490547582448739713819907470453498330480157409541270579491809754856005579425114064681176224375369246160040388328825920759152560690973506891017905127427100134538345005775913323155740725845926980698737570800653677585508392808377383181505390052820778217752638402 0 0 0 0 0 0 0 0 0 0 0 0 0 0 0 0 0 0 0 0 0 0 0 0 0 0 0 0 0 0 0 0 0 0 0 0 0 0 0 0 0 0 0 0 0 0 0 0 0 0 0 0 0 0 0 0 0 0 0 0 0 0 0 0 0 0 0 0 0 0 0 0 0 1 0 0 0 0 0 0 0 0 0 0 0 0 0 0 0 0 0 0 0 0 0 0 0 0 0 0 0 0 0 0 0 0]
[3267019975874045539213938728796994162992420312617350423609168221044492200799454912203310331786267588373897375663631797920155964784294542687097453867444402348449026794052597635358745078698210996420375024144644072885142330649433622122940411185611665175411778387614708840081269371270718896894914496220154853277858535619509691 0 0 0 0 0 0 0 0 0 0 0 0 0 0 0 0 0 0 0 0 0 0 0 0 0 0 0 0 0 0 0 0 0 0 0 0 0 0 0 0 0 0 0 0 0 0 0 0 0 0 0 0 0 0 0 0 0 0 0 0 0 0 0 0 0 0 0 0 0 0 0 0 0 0 1 0 0 0 0 0 0 0 0 0 0 0 0 0 0 0 0 0 0 0 0 0 0 0 0 0 0 0 0 0 0 0]
[6156043232778181787488724831487022842632712212245465298542808324682631373437928102207865257095594556568557909640810415078216849833963993528388282343775441546291886087690509438717834704985628434051393751829720441574852706862915191080984213537942309298973117228813202041172980144722722245075813689322135481261619761361266408 0 0 0 0 0 0 0 0 0 0 0 0 0 0 0 0 0 0 0 0 0 0 0 0 0 0 0 0 0 0 0 0 0 0 0 0 0 0 0 0 0 0 0 0 0 0 0 0 0 0 0 0 0 0 0 0 0 0 0 0 0 0 0 0 0 0 0 0 0 0 0 0 0 0 0 1 0 0 0 0 0 0 0 0 0 0 0 0 0 0 0 0 0 0 0 0 0 0 0 0 0 0 0 0 0 0]
[4322298108522078988430791457370895257677525595266041541976301051066728551459385139220793358830461492154773357072506264593889285872504807505573476245152699287939529549130800386644286471814113128788706368488760830648097446627037104425750804030109411742618260671439086660278597384580842747749374487241122431022772064170847739 0 0 0 0 0 0 0 0 0 0 0 0 0 0 0 0 0 0 0 0 0 0 0 0 0 0 0 0 0 0 0 0 0 0 0 0 0 0 0 0 0 0 0 0 0 0 0 0 0 0 0 0 0 0 0 0 0 0 0 0 0 0 0 0 0 0 0 0 0 0 0 0 0 0 0 0 1 0 0 0 0 0 0 0 0 0 0 0 0 0 0 0 0 0 0 0 0 0 0 0 0 0 0 0 0 0]
[4970142035537896477831874505305940784796695960844309491129255322784482072445583860970486647953782959934895349987078578132884502040606978009203692490383096916451979796108535491145010723896970887111429531729776747697987220199718006679623171640851685985634590528353303366671525193573721203881375104666191293767009348517263741 0 0 0 0 0 0 0 0 0 0 0 0 0 0 0 0 0 0 0 0 0 0 0 0 0 0 0 0 0 0 0 0 0 0 0 0 0 0 0 0 0 0 0 0 0 0 0 0 0 0 0 0 0 0 0 0 0 0 0 0 0 0 0 0 0 0 0 0 0 0 0 0 0 0 0 0 0 1 0 0 0 0 0 0 0 0 0 0 0 0 0 0 0 0 0 0 0 0 0 0 0 0 0 0 0 0]
[3576347734783329960311081636187941327406040939601323099913373257663136797628976968015466823913284642603412495896029369442751526042025175941439145057394482258598408113062464328979426639463616444776425233205558820566015047268864237331185535619015381371351813389497784478167065749022983794253261774519392093144888659201413797 0 0 0 0 0 0 0 0 0 0 0 0 0 0 0 0 0 0 0 0 0 0 0 0 0 0 0 0 0 0 0 0 0 0 0 0 0 0 0 0 0 0 0 0 0 0 0 0 0 0 0 0 0 0 0 0 0 0 0 0 0 0 0 0 0 0 0 0 0 0 0 0 0 0 0 0 0 0 1 0 0 0 0 0 0 0 0 0 0 0 0 0 0 0 0 0 0 0 0 0 0 0 0 0 0 0]
[6287833167405272520107300342928287677441129666378432102909754876115435135530033503192613427096994991338403895617244358447617175085858794893611457404979364702077612757656946508987531474528121878399477316799050833309480856261859163597467508544193803437795910481572444765511872089960709329313404336661575395118956025832578606 0 0 0 0 0 0 0 0 0 0 0 0 0 0 0 0 0 0 0 0 0 0 0 0 0 0 0 0 0 0 0 0 0 0 0 0 0 0 0 0 0 0 0 0 0 0 0 0 0 0 0 0 0 0 0 0 0 0 0 0 0 0 0 0 0 0 0 0 0 0 0 0 0 0 0 0 0 0 0 1 0 0 0 0 0 0 0 0 0 0 0 0 0 0 0 0 0 0 0 0 0 0 0 0 0 0]
[6854203680677514104645472626432968130930192208646548358693331306764119600578039352634834482393778291099778094457425107423181782613614574911408984086575521941633326395240651680502675751451183047122289082112746819911083296006230131113391034223973141199343379630769743072731493202647347172115937214463157808391791217634748987 0 0 0 0 0 0 0 0 0 0 0 0 0 0 0 0 0 0 0 0 0 0 0 0 0 0 0 0 0 0 0 0 0 0 0 0 0 0 0 0 0 0 0 0 0 0 0 0 0 0 0 0 0 0 0 0 0 0 0 0 0 0 0 0 0 0 0 0 0 0 0 0 0 0 0 0 0 0 0 0 1 0 0 0 0 0 0 0 0 0 0 0 0 0 0 0 0 0 0 0 0 0 0 0 0 0]
[4295276398474819055788254054971974423370636642709294780845828235411810245604154056200892341788199831743810611362738859075164502985390327203909068174107606725248393530284738004084333899680583297414938309430192407871757842320803760135271892596214454984744231239834977980667233062826225409806946505835141101232037694647015090 0 0 0 0 0 0 0 0 0 0 0 0 0 0 0 0 0 0 0 0 0 0 0 0 0 0 0 0 0 0 0 0 0 0 0 0 0 0 0 0 0 0 0 0 0 0 0 0 0 0 0 0 0 0 0 0 0 0 0 0 0 0 0 0 0 0 0 0 0 0 0 0 0 0 0 0 0 0 0 0 0 1 0 0 0 0 0 0 0 0 0 0 0 0 0 0 0 0 0 0 0 0 0 0 0 0]
[4109405045606461129709326372715305837823624410400039479928767441491234876347813464758654088866908867697158755723877029524642956512169902235093779732184787804221236169239015517226165350829271953013260542774411883142202607151899309431501742989229266000027224071906766585359136267562381299895659759814490006739929899698188583 0 0 0 0 0 0 0 0 0 0 0 0 0 0 0 0 0 0 0 0 0 0 0 0 0 0 0 0 0 0 0 0 0 0 0 0 0 0 0 0 0 0 0 0 0 0 0 0 0 0 0 0 0 0 0 0 0 0 0 0 0 0 0 0 0 0 0 0 0 0 0 0 0 0 0 0 0 0 0 0 0 0 1 0 0 0 0 0 0 0 0 0 0 0 0 0 0 0 0 0 0 0 0 0 0 0]
[4452407957805799386439797934328973635448934878788748546391323508824154278189000773689804435361223353296548312779568463018082428211674305166358045153727541220718191056219093929752029903345199643220199807278073500523412441726889765976861449704387327409593873575447298340997578396868665753523668161737817600034810246624592335 0 0 0 0 0 0 0 0 0 0 0 0 0 0 0 0 0 0 0 0 0 0 0 0 0 0 0 0 0 0 0 0 0 0 0 0 0 0 0 0 0 0 0 0 0 0 0 0 0 0 0 0 0 0 0 0 0 0 0 0 0 0 0 0 0 0 0 0 0 0 0 0 0 0 0 0 0 0 0 0 0 0 0 1 0 0 0 0 0 0 0 0 0 0 0 0 0 0 0 0 0 0 0 0 0 0]
[2979594079456703081169913138255376534781079786003230324047195741020930250689202376908709711689920672580338069910020699205996331371219947489412347644765561367039306091771622146310529351284054287705803905536953440084998561449755837518062473292722853698034051635066754220318541497593167569556411137586235408417827586953781434 0 0 0 0 0 0 0 0 0 0 0 0 0 0 0 0 0 0 0 0 0 0 0 0 0 0 0 0 0 0 0 0 0 0 0 0 0 0 0 0 0 0 0 0 0 0 0 0 0 0 0 0 0 0 0 0 0 0 0 0 0 0 0 0 0 0 0 0 0 0 0 0 0 0 0 0 0 0 0 0 0 0 0 0 1 0 0 0 0 0 0 0 0 0 0 0 0 0 0 0 0 0 0 0 0 0]
[6655327606985261066238566452607408349714615661921825422913619738278002149152642726338607978378654782860042885196508026132072326551178226488953408527079961435305873275351765220166968787829743733618988852482488182827620129919674813216576830196680574276218539068708369323105103506886002262395735671644530902860616327257065522 0 0 0 0 0 0 0 0 0 0 0 0 0 0 0 0 0 0 0 0 0 0 0 0 0 0 0 0 0 0 0 0 0 0 0 0 0 0 0 0 0 0 0 0 0 0 0 0 0 0 0 0 0 0 0 0 0 0 0 0 0 0 0 0 0 0 0 0 0 0 0 0 0 0 0 0 0 0 0 0 0 0 0 0 0 1 0 0 0 0 0 0 0 0 0 0 0 0 0 0 0 0 0 0 0 0]
[5952433835221627375888360303977811994364189901627511289420427756081766259611962618919577784879354362478349630641469428388875368129708411544314991676365684664026479544710489107309196989056469273179013297483967601995798242689696194624851013136942373297969156430812065063042325273398915678276879641327619229615774674569065143 0 0 0 0 0 0 0 0 0 0 0 0 0 0 0 0 0 0 0 0 0 0 0 0 0 0 0 0 0 0 0 0 0 0 0 0 0 0 0 0 0 0 0 0 0 0 0 0 0 0 0 0 0 0 0 0 0 0 0 0 0 0 0 0 0 0 0 0 0 0 0 0 0 0 0 0 0 0 0 0 0 0 0 0 0 0 1 0 0 0 0 0 0 0 0 0 0 0 0 0 0 0 0 0 0 0]
[6471636075566023511384006310065966932303205573761024982204756406073672288046032829047441453882438797766704721660547122992082979100931688971960001328631567798368069498201363824412866449753224015249662234662202351615150995363521094085274671214317446422082944793374877895631829089716530321659608849150118869825263291790024092 0 0 0 0 0 0 0 0 0 0 0 0 0 0 0 0 0 0 0 0 0 0 0 0 0 0 0 0 0 0 0 0 0 0 0 0 0 0 0 0 0 0 0 0 0 0 0 0 0 0 0 0 0 0 0 0 0 0 0 0 0 0 0 0 0 0 0 0 0 0 0 0 0 0 0 0 0 0 0 0 0 0 0 0 0 0 0 1 0 0 0 0 0 0 0 0 0 0 0 0 0 0 0 0 0 0]
[3146492522818475136689224922194892532629356326561567874018943178419960207367042364964432857674072351310160552692957660471329150317767833313462961357968510398960302388084923604202042654305311898275578457114405087591961079303879346917842304316483840304199326144712262611539619965464582755373368498873599199317953459834890434 0 0 0 0 0 0 0 0 0 0 0 0 0 0 0 0 0 0 0 0 0 0 0 0 0 0 0 0 0 0 0 0 0 0 0 0 0 0 0 0 0 0 0 0 0 0 0 0 0 0 0 0 0 0 0 0 0 0 0 0 0 0 0 0 0 0 0 0 0 0 0 0 0 0 0 0 0 0 0 0 0 0 0 0 0 0 0 0 1 0 0 0 0 0 0 0 0 0 0 0 0 0 0 0 0 0]
[4110724569589822797607011387422332454717200232159365448374994831835965404390339980415676045464487006609886534272133004652175255141290143530280522511480992202708266397249291573878841182250162180328025398583334082855274647112629211671620685598498709558185361806976642667231377846393084487785570849614378551183856030010591323 0 0 0 0 0 0 0 0 0 0 0 0 0 0 0 0 0 0 0 0 0 0 0 0 0 0 0 0 0 0 0 0 0 0 0 0 0 0 0 0 0 0 0 0 0 0 0 0 0 0 0 0 0 0 0 0 0 0 0 0 0 0 0 0 0 0 0 0 0 0 0 0 0 0 0 0 0 0 0 0 0 0 0 0 0 0 0 0 0 1 0 0 0 0 0 0 0 0 0 0 0 0 0 0 0 0]
[3146610674824275736386354082439911482950750179020939238449311582965916948888717351978690672018455480647626422208131750761613531030992494927303613295408091274112463290755708778453664149768232642574505741454300810527844920860365367841365450025495064883531852510976948321451132174664251897253831503709325636283890976616034209 0 0 0 0 0 0 0 0 0 0 0 0 0 0 0 0 0 0 0 0 0 0 0 0 0 0 0 0 0 0 0 0 0 0 0 0 0 0 0 0 0 0 0 0 0 0 0 0 0 0 0 0 0 0 0 0 0 0 0 0 0 0 0 0 0 0 0 0 0 0 0 0 0 0 0 0 0 0 0 0 0 0 0 0 0 0 0 0 0 0 1 0 0 0 0 0 0 0 0 0 0 0 0 0 0 0]
[5633015506754207715352823759186295483184255753729850316849304396187653665495227711825302295802080381792159672545751496296790542008275695892832836289570433734346793451903158566876398101189614404593187181556251931232375121968919322984705202685165706640267262210427386106590834787215475606578323631587152457657991036420856848 0 0 0 0 0 0 0 0 0 0 0 0 0 0 0 0 0 0 0 0 0 0 0 0 0 0 0 0 0 0 0 0 0 0 0 0 0 0 0 0 0 0 0 0 0 0 0 0 0 0 0 0 0 0 0 0 0 0 0 0 0 0 0 0 0 0 0 0 0 0 0 0 0 0 0 0 0 0 0 0 0 0 0 0 0 0 0 0 0 0 0 1 0 0 0 0 0 0 0 0 0 0 0 0 0 0]
[6139550074184118363048321288828235316685419369191212556661936411548874917736249176647708553570644859331276253646481835641776324588956327450314952983654089251879398548072344480106237697604724112391077179064063001061812449500220627053508287374700079638047757970889184948685059212260443887822415494466730893246891326888559168 0 0 0 0 0 0 0 0 0 0 0 0 0 0 0 0 0 0 0 0 0 0 0 0 0 0 0 0 0 0 0 0 0 0 0 0 0 0 0 0 0 0 0 0 0 0 0 0 0 0 0 0 0 0 0 0 0 0 0 0 0 0 0 0 0 0 0 0 0 0 0 0 0 0 0 0 0 0 0 0 0 0 0 0 0 0 0 0 0 0 0 0 1 0 0 0 0 0 0 0 0 0 0 0 0 0]
[2433202454908161439840857309925763670366267631169164507700056301656777976082340595253573641380828814473973501093833416837105581020229903219252514259688226508446282159065295447959592428930204875161670808451514647747704191975620548975588270059256045989784296393191557628866981703640767170073239839770652973780671850383101468 0 0 0 0 0 0 0 0 0 0 0 0 0 0 0 0 0 0 0 0 0 0 0 0 0 0 0 0 0 0 0 0 0 0 0 0 0 0 0 0 0 0 0 0 0 0 0 0 0 0 0 0 0 0 0 0 0 0 0 0 0 0 0 0 0 0 0 0 0 0 0 0 0 0 0 0 0 0 0 0 0 0 0 0 0 0 0 0 0 0 0 0 0 1 0 0 0 0 0 0 0 0 0 0 0 0]
[1911402953926718939210481661442426035853141903774897924115419824584594227170114280049893433120518891223505278426241854773162422882276228864583853145345619680211635342234720865376075687298522372726000582556069499916171986636497341800101551855306770765408937745118201095278213561663844781077467420710538706736343385359270508 0 0 0 0 0 0 0 0 0 0 0 0 0 0 0 0 0 0 0 0 0 0 0 0 0 0 0 0 0 0 0 0 0 0 0 0 0 0 0 0 0 0 0 0 0 0 0 0 0 0 0 0 0 0 0 0 0 0 0 0 0 0 0 0 0 0 0 0 0 0 0 0 0 0 0 0 0 0 0 0 0 0 0 0 0 0 0 0 0 0 0 0 0 0 1 0 0 0 0 0 0 0 0 0 0 0]
[1109063309645563350510850367901300909143816196359677027887143565214884653156825749287774114943659024479779298099479957195109190544059568419511761734903259343581932915597027010569271456054097087484562445146605517202544289261740235977286984603735637858153105379009138621881023291289625039789811880346281784553688746991093168 0 0 0 0 0 0 0 0 0 0 0 0 0 0 0 0 0 0 0 0 0 0 0 0 0 0 0 0 0 0 0 0 0 0 0 0 0 0 0 0 0 0 0 0 0 0 0 0 0 0 0 0 0 0 0 0 0 0 0 0 0 0 0 0 0 0 0 0 0 0 0 0 0 0 0 0 0 0 0 0 0 0 0 0 0 0 0 0 0 0 0 0 0 0 0 1 0 0 0 0 0 0 0 0 0 0]
[1212227911643119165951081695514786840999042857850975386150205668986290737201525499027037211691114801346850210738445966895171934959620275035262912600067626116054211803622598543952917316790959275574394647655821327404956260009205542901062497855739898512123947401838036865185944683937370715707277239514520370450755685482191290 0 0 0 0 0 0 0 0 0 0 0 0 0 0 0 0 0 0 0 0 0 0 0 0 0 0 0 0 0 0 0 0 0 0 0 0 0 0 0 0 0 0 0 0 0 0 0 0 0 0 0 0 0 0 0 0 0 0 0 0 0 0 0 0 0 0 0 0 0 0 0 0 0 0 0 0 0 0 0 0 0 0 0 0 0 0 0 0 0 0 0 0 0 0 0 0 1 0 0 0 0 0 0 0 0 0]
[2193454124246495587146558180905384918411871792343501250933465068687044969843837197772980205342693780797216636570442793355526722810909764554982737781671190642956448511270668569539371699462253141154442819925634574641819215232557725940877016523974972482343894809702941612674853142168508334554181707984896173115667912211040842 0 0 0 0 0 0 0 0 0 0 0 0 0 0 0 0 0 0 0 0 0 0 0 0 0 0 0 0 0 0 0 0 0 0 0 0 0 0 0 0 0 0 0 0 0 0 0 0 0 0 0 0 0 0 0 0 0 0 0 0 0 0 0 0 0 0 0 0 0 0 0 0 0 0 0 0 0 0 0 0 0 0 0 0 0 0 0 0 0 0 0 0 0 0 0 0 0 1 0 0 0 0 0 0 0 0]
[5932764302521909362555919246289683057490640713934621006999108825508881977457810715355878476467098777135270120280063551077107014459853178952824579259047130177270973620100661686671113499881633301070650164742511379200814367622758275607718128692972178388021677439105340859686006548515306125760944975272304549688073278407265619 0 0 0 0 0 0 0 0 0 0 0 0 0 0 0 0 0 0 0 0 0 0 0 0 0 0 0 0 0 0 0 0 0 0 0 0 0 0 0 0 0 0 0 0 0 0 0 0 0 0 0 0 0 0 0 0 0 0 0 0 0 0 0 0 0 0 0 0 0 0 0 0 0 0 0 0 0 0 0 0 0 0 0 0 0 0 0 0 0 0 0 0 0 0 0 0 0 0 1 0 0 0 0 0 0 0]
[856975070974415081107398744294716123838442301500722031512451929588276268699106628195790435186190133727416156940949662763918192310279209380672252447103457550048645148670785784117024856667381928659768325166780829435672433595124530613897791939230289704826509138825876784727773460767248314830681372229750931544393304243328460 0 0 0 0 0 0 0 0 0 0 0 0 0 0 0 0 0 0 0 0 0 0 0 0 0 0 0 0 0 0 0 0 0 0 0 0 0 0 0 0 0 0 0 0 0 0 0 0 0 0 0 0 0 0 0 0 0 0 0 0 0 0 0 0 0 0 0 0 0 0 0 0 0 0 0 0 0 0 0 0 0 0 0 0 0 0 0 0 0 0 0 0 0 0 0 0 0 0 0 1 0 0 0 0 0 0]
[2005374911149448266726916110185785251769233438878948397098766006909373799637769357593741114329847810681049140176950238504185382822606777627750110545944364557533753737858719751131652621540635391111697977351945825400624839610817607185742121906674152232854064032628586029117107767423820602372662860815733381491171487151666181 0 0 0 0 0 0 0 0 0 0 0 0 0 0 0 0 0 0 0 0 0 0 0 0 0 0 0 0 0 0 0 0 0 0 0 0 0 0 0 0 0 0 0 0 0 0 0 0 0 0 0 0 0 0 0 0 0 0 0 0 0 0 0 0 0 0 0 0 0 0 0 0 0 0 0 0 0 0 0 0 0 0 0 0 0 0 0 0 0 0 0 0 0 0 0 0 0 0 0 0 1 0 0 0 0 0]
[3545328512906139215230591340618394354374695824023158901125454882390260706889232577238561479832409327740353961687978663770483622036982508389482975454326975929844575703018350324897875901534884846043095994018081138933578672307131401605430246978802308925218958021455301644016905660073061624799707745851602827163954163969957636 0 0 0 0 0 0 0 0 0 0 0 0 0 0 0 0 0 0 0 0 0 0 0 0 0 0 0 0 0 0 0 0 0 0 0 0 0 0 0 0 0 0 0 0 0 0 0 0 0 0 0 0 0 0 0 0 0 0 0 0 0 0 0 0 0 0 0 0 0 0 0 0 0 0 0 0 0 0 0 0 0 0 0 0 0 0 0 0 0 0 0 0 0 0 0 0 0 0 0 0 0 1 0 0 0 0]
[5286223711648785891514717404450611068632939305467927776853783791050781654811369981297887819078588795706153971569621855155742343266828850452752974303028249552131225921823329497043741972833754343053745799082084305745511951461912637487912225174434375321256905328842168214313506517606641097347843080068454500309067540963318349 0 0 0 0 0 0 0 0 0 0 0 0 0 0 0 0 0 0 0 0 0 0 0 0 0 0 0 0 0 0 0 0 0 0 0 0 0 0 0 0 0 0 0 0 0 0 0 0 0 0 0 0 0 0 0 0 0 0 0 0 0 0 0 0 0 0 0 0 0 0 0 0 0 0 0 0 0 0 0 0 0 0 0 0 0 0 0 0 0 0 0 0 0 0 0 0 0 0 0 0 0 0 1 0 0 0]
[5996713940396635188634436530778476135661654792285225168570376265978543474731364756218441086296242923486413377055174123916278056098491890174266562135391609475451630774677263955344824642532000009236624060791886962412581845455258987163603602383808981285555091281945312784169950267242081781318419081749405141571438015222349054 0 0 0 0 0 0 0 0 0 0 0 0 0 0 0 0 0 0 0 0 0 0 0 0 0 0 0 0 0 0 0 0 0 0 0 0 0 0 0 0 0 0 0 0 0 0 0 0 0 0 0 0 0 0 0 0 0 0 0 0 0 0 0 0 0 0 0 0 0 0 0 0 0 0 0 0 0 0 0 0 0 0 0 0 0 0 0 0 0 0 0 0 0 0 0 0 0 0 0 0 0 0 0 1 0 0]
[3417936607896307936912220762069651066933885981155944847141988290093499180243349264410438486235774691721942599302872152978123841637408875633435847485274619449729054285889444910891855436651237088507608771046512457614755849735076988059629305695268324757220383627443954173638344266936635541105419678214598056669439871549892095 0 0 0 0 0 0 0 0 0 0 0 0 0 0 0 0 0 0 0 0 0 0 0 0 0 0 0 0 0 0 0 0 0 0 0 0 0 0 0 0 0 0 0 0 0 0 0 0 0 0 0 0 0 0 0 0 0 0 0 0 0 0 0 0 0 0 0 0 0 0 0 0 0 0 0 0 0 0 0 0 0 0 0 0 0 0 0 0 0 0 0 0 0 0 0 0 0 0 0 0 0 0 0 0 1 0]
[5446333670277386226190240089917035956650801721978915891942189152395992045226866980919061355488010942168256145554040923687009778202200264348485864212555305607188186349876900084027553157006044791067558107523885074988018638135331785472120470646932069246964643166376462576161747024263366075659498853823512929002368171512392605 0 0 0 0 0 0 0 0 0 0 0 0 0 0 0 0 0 0 0 0 0 0 0 0 0 0 0 0 0 0 0 0 0 0 0 0 0 0 0 0 0 0 0 0 0 0 0 0 0 0 0 0 0 0 0 0 0 0 0 0 0 0 0 0 0 0 0 0 0 0 0 0 0 0 0 0 0 0 0 0 0 0 0 0 0 0 0 0 0 0 0 0 0 0 0 0 0 0 0 0 0 0 0 0 0 1]
]
