[[1746250941727174782316704445702241006165803479035614104110687677409525052885054347054998489597217610238488542318556029128288291893276004727539 0 0 0 0 0 0 0 0 0 0 0 0 0 0 0 0 0 0 0 0 0 0 0 0 0 0 0 0 0 0 0 0 0 0 0 0 0 0 0 0 0 0 0 0 0 0]
[527787941028614712099927515857331506089496009356192663633990795613008998444773221578405612392786477287222291748499204224579958753958182266059 1 0 0 0 0 0 0 0 0 0 0 0 0 0 0 0 0 0 0 0 0 0 0 0 0 0 0 0 0 0 0 0 0 0 0 0 0 0 0 0 0 0 0 0 0 0]
[1287377366944512442921627470352659677112376187570587585152744466417718627554206411535702682097784995136600261153760339549668543266477487818593 0 1 0 0 0 0 0 0 0 0 0 0 0 0 0 0 0 0 0 0 0 0 0 0 0 0 0 0 0 0 0 0 0 0 0 0 0 0 0 0 0 0 0 0 0 0]
[746342725816884066248545130631021750647193780251829032166255803123903575742816969704391176071527842156261476227580809939715520450790443331702 0 0 1 0 0 0 0 0 0 0 0 0 0 0 0 0 0 0 0 0 0 0 0 0 0 0 0 0 0 0 0 0 0 0 0 0 0 0 0 0 0 0 0 0 0 0]
[1567183096902026409437298700996645957147747468029594676927070409392703223274875783658220310480077370942440557388340255428040429361868933507125 0 0 0 1 0 0 0 0 0 0 0 0 0 0 0 0 0 0 0 0 0 0 0 0 0 0 0 0 0 0 0 0 0 0 0 0 0 0 0 0 0 0 0 0 0 0]
[1597518349299308126585516493757828927653688070905821826782110138700639420736765689801637717105838650860719013116220349199526724844596839270638 0 0 0 0 1 0 0 0 0 0 0 0 0 0 0 0 0 0 0 0 0 0 0 0 0 0 0 0 0 0 0 0 0 0 0 0 0 0 0 0 0 0 0 0 0 0]
[553779680896743809150256692433676479460777759180501621680071945953399429038025282001348184967045726534956616499999743928362662962088034772569 0 0 0 0 0 1 0 0 0 0 0 0 0 0 0 0 0 0 0 0 0 0 0 0 0 0 0 0 0 0 0 0 0 0 0 0 0 0 0 0 0 0 0 0 0 0]
[40607881537759033300837637192020929861506147634837197054837343670931924634392965532004495144701760326306624843555259465308460508557175741027 0 0 0 0 0 0 1 0 0 0 0 0 0 0 0 0 0 0 0 0 0 0 0 0 0 0 0 0 0 0 0 0 0 0 0 0 0 0 0 0 0 0 0 0 0 0]
[1431720433865864271753504125810792188446921732670346662182089542743853828115858588993521167197270377574890478961649854613372658276905521159554 0 0 0 0 0 0 0 1 0 0 0 0 0 0 0 0 0 0 0 0 0 0 0 0 0 0 0 0 0 0 0 0 0 0 0 0 0 0 0 0 0 0 0 0 0 0]
[1159155938829509878816136985269506862498147685456694760873661465656673570419461550138210267714464241340307521394159142871438627348249632167720 0 0 0 0 0 0 0 0 1 0 0 0 0 0 0 0 0 0 0 0 0 0 0 0 0 0 0 0 0 0 0 0 0 0 0 0 0 0 0 0 0 0 0 0 0 0]
[458867596534310453147194284657721011686198880888016103459787532523164699649093370632756307576560804137111481456268659700619736135492634456203 0 0 0 0 0 0 0 0 0 1 0 0 0 0 0 0 0 0 0 0 0 0 0 0 0 0 0 0 0 0 0 0 0 0 0 0 0 0 0 0 0 0 0 0 0 0]
[1664026407570029107904087662750575750281747266500439388251418033632774963757912410393885881295628312079466319311656067439303726413096425881308 0 0 0 0 0 0 0 0 0 0 1 0 0 0 0 0 0 0 0 0 0 0 0 0 0 0 0 0 0 0 0 0 0 0 0 0 0 0 0 0 0 0 0 0 0 0]
[181459503033385600228437528331177297367470850363346736376058515751019282038695995791481165547733245995180173515864568925638653472209926010688 0 0 0 0 0 0 0 0 0 0 0 1 0 0 0 0 0 0 0 0 0 0 0 0 0 0 0 0 0 0 0 0 0 0 0 0 0 0 0 0 0 0 0 0 0 0]
[552074494620433470946435459015633949011723989370211876012129018908634307978842965753917227149069060693675001564631985788437565851524794568005 0 0 0 0 0 0 0 0 0 0 0 0 1 0 0 0 0 0 0 0 0 0 0 0 0 0 0 0 0 0 0 0 0 0 0 0 0 0 0 0 0 0 0 0 0 0]
[1502894808781483593391254839365152018871216298280661378072504281044822661022386099232797355435558081876339145640401629607912704861386684612630 0 0 0 0 0 0 0 0 0 0 0 0 0 1 0 0 0 0 0 0 0 0 0 0 0 0 0 0 0 0 0 0 0 0 0 0 0 0 0 0 0 0 0 0 0 0]
[1531461367664931324315551297544320740321667176046137545245739339499541065435662250963602211534845422851388640374075426030501258265549785053897 0 0 0 0 0 0 0 0 0 0 0 0 0 0 1 0 0 0 0 0 0 0 0 0 0 0 0 0 0 0 0 0 0 0 0 0 0 0 0 0 0 0 0 0 0 0]
[38427839326466701016781632913077282432094189583949868730864789120450862772382386896210071919248135153399964024073913896359571520121819637512 0 0 0 0 0 0 0 0 0 0 0 0 0 0 0 1 0 0 0 0 0 0 0 0 0 0 0 0 0 0 0 0 0 0 0 0 0 0 0 0 0 0 0 0 0 0]
[1723413426035739367044777674963909938855768773657255006007932080168607623861904682760901469298596750737369944230432206935837557364822558474155 0 0 0 0 0 0 0 0 0 0 0 0 0 0 0 0 1 0 0 0 0 0 0 0 0 0 0 0 0 0 0 0 0 0 0 0 0 0 0 0 0 0 0 0 0 0]
[1077293128084126783359625563165198743607623730956626815645878750484105799514870580467669205454954306108861031055520779395402354879565116255818 0 0 0 0 0 0 0 0 0 0 0 0 0 0 0 0 0 1 0 0 0 0 0 0 0 0 0 0 0 0 0 0 0 0 0 0 0 0 0 0 0 0 0 0 0 0]
[1456041447917055854351405217006311454642773538623011824943121510396737230379527981063650690069340958321744834692635795091718686672255190096566 0 0 0 0 0 0 0 0 0 0 0 0 0 0 0 0 0 0 1 0 0 0 0 0 0 0 0 0 0 0 0 0 0 0 0 0 0 0 0 0 0 0 0 0 0 0]
[1042146376196234125790911852423577587439847513582947118029778713564135706994095364512607079807004531783598618237839715540362399755574852713574 0 0 0 0 0 0 0 0 0 0 0 0 0 0 0 0 0 0 0 1 0 0 0 0 0 0 0 0 0 0 0 0 0 0 0 0 0 0 0 0 0 0 0 0 0 0]
[815655813248218048064672024256958218303698831587618843979675413908316011438623486266393159145491757623711028679752996873450168825778187424940 0 0 0 0 0 0 0 0 0 0 0 0 0 0 0 0 0 0 0 0 1 0 0 0 0 0 0 0 0 0 0 0 0 0 0 0 0 0 0 0 0 0 0 0 0 0]
[935224389158889126446621264456679192381417559549966669381181309046335839356357297043675982963588028847686774185547491744235068592481478517595 0 0 0 0 0 0 0 0 0 0 0 0 0 0 0 0 0 0 0 0 0 1 0 0 0 0 0 0 0 0 0 0 0 0 0 0 0 0 0 0 0 0 0 0 0 0]
[1398386616508865763374588080460651802029315141067956858059583108290714542773454989716999481167936519488709014927768325311190463807879986201463 0 0 0 0 0 0 0 0 0 0 0 0 0 0 0 0 0 0 0 0 0 0 1 0 0 0 0 0 0 0 0 0 0 0 0 0 0 0 0 0 0 0 0 0 0 0]
[210084047312556656595652589553464825057540012874676940275457448581272583392074026668842612826059717028029805066465244301986801678420581454741 0 0 0 0 0 0 0 0 0 0 0 0 0 0 0 0 0 0 0 0 0 0 0 1 0 0 0 0 0 0 0 0 0 0 0 0 0 0 0 0 0 0 0 0 0 0]
[1223902573487231447861120384985206392015410143371039107593448758036142022867516783324358237181811210620574682703733122740937865134813886137450 0 0 0 0 0 0 0 0 0 0 0 0 0 0 0 0 0 0 0 0 0 0 0 0 1 0 0 0 0 0 0 0 0 0 0 0 0 0 0 0 0 0 0 0 0 0]
[1122578432586348599152639998645687972144738509780101310517160458244063963558425015437398309498887989363319756054062519530586764916977182204298 0 0 0 0 0 0 0 0 0 0 0 0 0 0 0 0 0 0 0 0 0 0 0 0 0 1 0 0 0 0 0 0 0 0 0 0 0 0 0 0 0 0 0 0 0 0]
[119699817024438013068386674670233710756722674797747044713376015748095595806760669332960025789549193500718950120718129778009844074166867938604 0 0 0 0 0 0 0 0 0 0 0 0 0 0 0 0 0 0 0 0 0 0 0 0 0 0 1 0 0 0 0 0 0 0 0 0 0 0 0 0 0 0 0 0 0 0]
[1100181339680171127302982819589127018440643419644447316155062409035482541757624520355135185681506789308948074939967207958760829287448589692996 0 0 0 0 0 0 0 0 0 0 0 0 0 0 0 0 0 0 0 0 0 0 0 0 0 0 0 1 0 0 0 0 0 0 0 0 0 0 0 0 0 0 0 0 0 0]
[1183937678915067157531473237751467765405839153410852089926307386046865484645575088596538136637405713894352921721605129542899728835492261469179 0 0 0 0 0 0 0 0 0 0 0 0 0 0 0 0 0 0 0 0 0 0 0 0 0 0 0 0 1 0 0 0 0 0 0 0 0 0 0 0 0 0 0 0 0 0]
[423989893828021674108867948779261292521658119369279738071251195463814420547399371475131260131428653124477549942427961777110149394921607099065 0 0 0 0 0 0 0 0 0 0 0 0 0 0 0 0 0 0 0 0 0 0 0 0 0 0 0 0 0 1 0 0 0 0 0 0 0 0 0 0 0 0 0 0 0 0]
[1725736422392356432431196074069017692417717919268503377768064346939133886238519293037837187009206050337926163075863820610300746719813936366531 0 0 0 0 0 0 0 0 0 0 0 0 0 0 0 0 0 0 0 0 0 0 0 0 0 0 0 0 0 0 1 0 0 0 0 0 0 0 0 0 0 0 0 0 0 0]
[1429734898868938256068480148754573824160460373621380940471886144541166322106702296743124827673395543030085257469736312441173133485890128494589 0 0 0 0 0 0 0 0 0 0 0 0 0 0 0 0 0 0 0 0 0 0 0 0 0 0 0 0 0 0 0 1 0 0 0 0 0 0 0 0 0 0 0 0 0 0]
[1393698432225627826823269945259747475809499436297791070173209807905679065027154230302982488484124402138776715565068855911624005110676814207046 0 0 0 0 0 0 0 0 0 0 0 0 0 0 0 0 0 0 0 0 0 0 0 0 0 0 0 0 0 0 0 0 1 0 0 0 0 0 0 0 0 0 0 0 0 0]
[90569615837232232037342595385246812230473528482478936376028735591750451898480775635590203203243573216582337360370418867438445318738193147104 0 0 0 0 0 0 0 0 0 0 0 0 0 0 0 0 0 0 0 0 0 0 0 0 0 0 0 0 0 0 0 0 0 1 0 0 0 0 0 0 0 0 0 0 0 0]
[1045509432982013155573681654322816930812393777398375923134422076619904255538929410828729584743414520856591272286359094717689235238749672595788 0 0 0 0 0 0 0 0 0 0 0 0 0 0 0 0 0 0 0 0 0 0 0 0 0 0 0 0 0 0 0 0 0 0 1 0 0 0 0 0 0 0 0 0 0 0]
[1426272719778692394586562873555269742525686505124860583037875177574143843909965890320463705880863020138776573419487371610181089111032842613949 0 0 0 0 0 0 0 0 0 0 0 0 0 0 0 0 0 0 0 0 0 0 0 0 0 0 0 0 0 0 0 0 0 0 0 1 0 0 0 0 0 0 0 0 0 0]
[778796599534313150961150557891548260233697888314577608566378508753408760976699088992411926736538305236781209298206889364512551540545957490187 0 0 0 0 0 0 0 0 0 0 0 0 0 0 0 0 0 0 0 0 0 0 0 0 0 0 0 0 0 0 0 0 0 0 0 0 1 0 0 0 0 0 0 0 0 0]
[128422890056246985949070564864572930547342792372480275821305977786090167708663153078644422258647344818888902237527631061911624818565228080350 0 0 0 0 0 0 0 0 0 0 0 0 0 0 0 0 0 0 0 0 0 0 0 0 0 0 0 0 0 0 0 0 0 0 0 0 0 1 0 0 0 0 0 0 0 0]
[1223607179951578273451183605668622829100981566239123866701502471370556328292049988322716804073294307967104035897320103526861717491615486545238 0 0 0 0 0 0 0 0 0 0 0 0 0 0 0 0 0 0 0 0 0 0 0 0 0 0 0 0 0 0 0 0 0 0 0 0 0 0 1 0 0 0 0 0 0 0]
[1296474851469345716280340958619361324069385733925730254317703074754368126735373033989037950939835265257531541115762528352942160861634911651135 0 0 0 0 0 0 0 0 0 0 0 0 0 0 0 0 0 0 0 0 0 0 0 0 0 0 0 0 0 0 0 0 0 0 0 0 0 0 0 1 0 0 0 0 0 0]
[1568668208709807504304809709275992903083640598246844917079448585989038129074022860196288423089114554420382318221787012480700981992882963742319 0 0 0 0 0 0 0 0 0 0 0 0 0 0 0 0 0 0 0 0 0 0 0 0 0 0 0 0 0 0 0 0 0 0 0 0 0 0 0 0 1 0 0 0 0 0]
[955350732388530492354806678435124631609069372431389197851623522813093666764415791262486859418311310424338910026650110634955350140632468984929 0 0 0 0 0 0 0 0 0 0 0 0 0 0 0 0 0 0 0 0 0 0 0 0 0 0 0 0 0 0 0 0 0 0 0 0 0 0 0 0 0 1 0 0 0 0]
[1236584691133904266651430423404142592048010720958787277162248695504418405026503980519809215495331114335823242714597055130216315028391295890137 0 0 0 0 0 0 0 0 0 0 0 0 0 0 0 0 0 0 0 0 0 0 0 0 0 0 0 0 0 0 0 0 0 0 0 0 0 0 0 0 0 0 1 0 0 0]
[683401996166032589741627188674164564512064013796370181587811481976657952921358349646632248838319975505315563354229257699439765386228364700082 0 0 0 0 0 0 0 0 0 0 0 0 0 0 0 0 0 0 0 0 0 0 0 0 0 0 0 0 0 0 0 0 0 0 0 0 0 0 0 0 0 0 0 1 0 0]
[513584401560469984674929478502141429147824966606318155631963376257115742047845701040902580383641963204035210826695963810243442273510849449318 0 0 0 0 0 0 0 0 0 0 0 0 0 0 0 0 0 0 0 0 0 0 0 0 0 0 0 0 0 0 0 0 0 0 0 0 0 0 0 0 0 0 0 0 1 0]
[554538712397001784758315025108284480115646505812963837851817729524968081388117756586087729179500196097945011499234939701793627371572041595849 0 0 0 0 0 0 0 0 0 0 0 0 0 0 0 0 0 0 0 0 0 0 0 0 0 0 0 0 0 0 0 0 0 0 0 0 0 0 0 0 0 0 0 0 0 1]
]
