[[3769472867927624076230460917926661627990878591633223563558160332381603429529351781280560006763041860194608857647948969050608711059593388629897980029845729279497769287557499407856750493277826659 0 0 0 0 0 0 0 0 0 0 0 0 0 0 0 0 0 0 0 0 0 0 0 0 0 0 0 0 0 0 0 0 0 0 0 0 0 0 0 0 0 0 0 0 0 0 0 0 0 0 0 0 0 0 0 0 0 0 0 0 0 0 0]
[38640898661419071464013658337464422671314945213337313033443507982253978492280939868991430959353857659630391694709751654191294518748179066282483998183068721834196494045441809543680599909589923 1 0 0 0 0 0 0 0 0 0 0 0 0 0 0 0 0 0 0 0 0 0 0 0 0 0 0 0 0 0 0 0 0 0 0 0 0 0 0 0 0 0 0 0 0 0 0 0 0 0 0 0 0 0 0 0 0 0 0 0 0 0 0]
[1807388921503489648531679451529169606960473009207007724951510487983783113648266922087138025777430096664402711436287390033860314392451874210991543351789109757271191977797001138733600734323705364 0 1 0 0 0 0 0 0 0 0 0 0 0 0 0 0 0 0 0 0 0 0 0 0 0 0 0 0 0 0 0 0 0 0 0 0 0 0 0 0 0 0 0 0 0 0 0 0 0 0 0 0 0 0 0 0 0 0 0 0 0 0 0]
[976661580538013856538233214328137690225760261548653446258901506253811534997898647601497090001306276478983706203116860799981862667104523369202735102772640330058126382245056085801123686115156126 0 0 1 0 0 0 0 0 0 0 0 0 0 0 0 0 0 0 0 0 0 0 0 0 0 0 0 0 0 0 0 0 0 0 0 0 0 0 0 0 0 0 0 0 0 0 0 0 0 0 0 0 0 0 0 0 0 0 0 0 0 0 0]
[598600227073708567270134158399462399326189748583531312647848364810269669120452893841406594163832728594719373190278075234403263845891906059566897213182680705544071125351380338875384121100213927 0 0 0 1 0 0 0 0 0 0 0 0 0 0 0 0 0 0 0 0 0 0 0 0 0 0 0 0 0 0 0 0 0 0 0 0 0 0 0 0 0 0 0 0 0 0 0 0 0 0 0 0 0 0 0 0 0 0 0 0 0 0 0]
[269983475538091355969533195429092031168482860351605475769070709454285052434022648604366755652702446804602920880585262211966681851515416811774549509980055816898888762574670674108022278563490936 0 0 0 0 1 0 0 0 0 0 0 0 0 0 0 0 0 0 0 0 0 0 0 0 0 0 0 0 0 0 0 0 0 0 0 0 0 0 0 0 0 0 0 0 0 0 0 0 0 0 0 0 0 0 0 0 0 0 0 0 0 0 0]
[2984604837860224132764330487112842592855029534129508437852661692136635933406138660308015251599839334898087144901218449049050160814626278547551180064776863199365424633688079050582290360531360211 0 0 0 0 0 1 0 0 0 0 0 0 0 0 0 0 0 0 0 0 0 0 0 0 0 0 0 0 0 0 0 0 0 0 0 0 0 0 0 0 0 0 0 0 0 0 0 0 0 0 0 0 0 0 0 0 0 0 0 0 0 0 0]
[3250103932124525254462650425103270536818458506689051993520595495579350214646969676004772399644480799773531540010256080114392668332022255191725072474727413295977703635824823897205213027677220059 0 0 0 0 0 0 1 0 0 0 0 0 0 0 0 0 0 0 0 0 0 0 0 0 0 0 0 0 0 0 0 0 0 0 0 0 0 0 0 0 0 0 0 0 0 0 0 0 0 0 0 0 0 0 0 0 0 0 0 0 0 0 0]
[398811264556666474225371144303424143052040902037818522151083459630133445193606055109517459619864024468911697445840747183856043818609161380376649854144974817136648196527243448574028562919880919 0 0 0 0 0 0 0 1 0 0 0 0 0 0 0 0 0 0 0 0 0 0 0 0 0 0 0 0 0 0 0 0 0 0 0 0 0 0 0 0 0 0 0 0 0 0 0 0 0 0 0 0 0 0 0 0 0 0 0 0 0 0 0]
[1396922837403647255676602255662470447866910612335151036827080188165047725318410664643821156029058996551921566910664468071378014023912093582133156281400981603919385691911674204468985606271963244 0 0 0 0 0 0 0 0 1 0 0 0 0 0 0 0 0 0 0 0 0 0 0 0 0 0 0 0 0 0 0 0 0 0 0 0 0 0 0 0 0 0 0 0 0 0 0 0 0 0 0 0 0 0 0 0 0 0 0 0 0 0 0]
[103249928106304992957660863439504430409866272040727574582388249728861220747060703725073309501792166734552046415185129741902462751653493123463011150224346389796121682424450045900998646149896322 0 0 0 0 0 0 0 0 0 1 0 0 0 0 0 0 0 0 0 0 0 0 0 0 0 0 0 0 0 0 0 0 0 0 0 0 0 0 0 0 0 0 0 0 0 0 0 0 0 0 0 0 0 0 0 0 0 0 0 0 0 0 0]
[3159832062562932989095873245511564345890173008234369364409592926067101851514556149691564707129107821925056456595312809275403850700141679638260754965375380173258979275532054016333470043802502290 0 0 0 0 0 0 0 0 0 0 1 0 0 0 0 0 0 0 0 0 0 0 0 0 0 0 0 0 0 0 0 0 0 0 0 0 0 0 0 0 0 0 0 0 0 0 0 0 0 0 0 0 0 0 0 0 0 0 0 0 0 0 0]
[3190127595549476694447708989316272767955771102561028742228059437706525693884725500561442088182474802887913703790485354024779062736328170387394731299780599774208054834177631339780554651357948501 0 0 0 0 0 0 0 0 0 0 0 1 0 0 0 0 0 0 0 0 0 0 0 0 0 0 0 0 0 0 0 0 0 0 0 0 0 0 0 0 0 0 0 0 0 0 0 0 0 0 0 0 0 0 0 0 0 0 0 0 0 0 0]
[525590413267218140449507947884538019679902414215775385766482151801832434857764485445409088140919624509993449643751569695457943737172082330793678578201801134605394305645376643709559195960453652 0 0 0 0 0 0 0 0 0 0 0 0 1 0 0 0 0 0 0 0 0 0 0 0 0 0 0 0 0 0 0 0 0 0 0 0 0 0 0 0 0 0 0 0 0 0 0 0 0 0 0 0 0 0 0 0 0 0 0 0 0 0 0]
[2490213816857912483197042417328593244385365179759703809159619574278311961066391230755886877642253877161809513934353692718038180272094891643462979698449688506542264020682654982840036301529092491 0 0 0 0 0 0 0 0 0 0 0 0 0 1 0 0 0 0 0 0 0 0 0 0 0 0 0 0 0 0 0 0 0 0 0 0 0 0 0 0 0 0 0 0 0 0 0 0 0 0 0 0 0 0 0 0 0 0 0 0 0 0 0]
[1198886159630582165361230216468513336746552433824780245703185521101623781417018054963647080353163639482032016951910989201492011076745857545236496548232059219979736391934161711413442439813547306 0 0 0 0 0 0 0 0 0 0 0 0 0 0 1 0 0 0 0 0 0 0 0 0 0 0 0 0 0 0 0 0 0 0 0 0 0 0 0 0 0 0 0 0 0 0 0 0 0 0 0 0 0 0 0 0 0 0 0 0 0 0 0]
[764688435526196078798019124585327618557316420625192725101311189725847876398292253517660732210590460829491797022065225262824760822344195765061078827444108061305527820943465869913596655351064803 0 0 0 0 0 0 0 0 0 0 0 0 0 0 0 1 0 0 0 0 0 0 0 0 0 0 0 0 0 0 0 0 0 0 0 0 0 0 0 0 0 0 0 0 0 0 0 0 0 0 0 0 0 0 0 0 0 0 0 0 0 0 0]
[632823077570620580562851446072710334293911510562041941510403080374139575971554372971358253042700549047700996942445651235868361558675785050839655650984328386079553010890229950082811940404632873 0 0 0 0 0 0 0 0 0 0 0 0 0 0 0 0 1 0 0 0 0 0 0 0 0 0 0 0 0 0 0 0 0 0 0 0 0 0 0 0 0 0 0 0 0 0 0 0 0 0 0 0 0 0 0 0 0 0 0 0 0 0 0]
[3266831112124304411883483408854612975375493643931588111744679063814787767823485286606430964445212355848718444140900236842444979818015038423990678247013975975080168656990009533997537698075492078 0 0 0 0 0 0 0 0 0 0 0 0 0 0 0 0 0 1 0 0 0 0 0 0 0 0 0 0 0 0 0 0 0 0 0 0 0 0 0 0 0 0 0 0 0 0 0 0 0 0 0 0 0 0 0 0 0 0 0 0 0 0 0]
[889868871623208272049817795112228141864381515762188361031336926272785538015461264633051824294990310553496512942604010119468414576842676414030218903449204453871261243094144684279446056714826657 0 0 0 0 0 0 0 0 0 0 0 0 0 0 0 0 0 0 1 0 0 0 0 0 0 0 0 0 0 0 0 0 0 0 0 0 0 0 0 0 0 0 0 0 0 0 0 0 0 0 0 0 0 0 0 0 0 0 0 0 0 0 0]
[5278300004341241850822044655498662838873343303981323212563051847054016556189147463992221243003612164499289322466827004447776817458985123720736504923705272337716334425060477621477424237227213 0 0 0 0 0 0 0 0 0 0 0 0 0 0 0 0 0 0 0 1 0 0 0 0 0 0 0 0 0 0 0 0 0 0 0 0 0 0 0 0 0 0 0 0 0 0 0 0 0 0 0 0 0 0 0 0 0 0 0 0 0 0 0]
[1785885798352809096845739656301674852631237074681003210163016465745825328760436565112923341082213215309727444662488814846986107858299909217001370919253422964753699388809233217293569932340915777 0 0 0 0 0 0 0 0 0 0 0 0 0 0 0 0 0 0 0 0 1 0 0 0 0 0 0 0 0 0 0 0 0 0 0 0 0 0 0 0 0 0 0 0 0 0 0 0 0 0 0 0 0 0 0 0 0 0 0 0 0 0 0]
[517413048712925305904283696026295415628393291236265304428766582859035862128182250108802335579491403937546731191348585760747676052376384495468123847808651543229950261335573076956829047189503825 0 0 0 0 0 0 0 0 0 0 0 0 0 0 0 0 0 0 0 0 0 1 0 0 0 0 0 0 0 0 0 0 0 0 0 0 0 0 0 0 0 0 0 0 0 0 0 0 0 0 0 0 0 0 0 0 0 0 0 0 0 0 0]
[1057969381402943765471871420339876173949090103512256956124719736093919536725228995370184121616927151002984975937179187802901880858582656518547036960464673023162822182733927409936637216477406699 0 0 0 0 0 0 0 0 0 0 0 0 0 0 0 0 0 0 0 0 0 0 1 0 0 0 0 0 0 0 0 0 0 0 0 0 0 0 0 0 0 0 0 0 0 0 0 0 0 0 0 0 0 0 0 0 0 0 0 0 0 0 0]
[1938022073925344133371993641374395410266917530216886650961075940778794602828546972889464669980894096799616577475805506797963764148872903900079960151332269065400740571579224091103154570223133540 0 0 0 0 0 0 0 0 0 0 0 0 0 0 0 0 0 0 0 0 0 0 0 1 0 0 0 0 0 0 0 0 0 0 0 0 0 0 0 0 0 0 0 0 0 0 0 0 0 0 0 0 0 0 0 0 0 0 0 0 0 0 0]
[3759278618947561702329416280269106671657383765332800990446548606738621287165627721810554720107484029756551602569348457173988533429339201808099004546724314239218550476107145650475289911959504939 0 0 0 0 0 0 0 0 0 0 0 0 0 0 0 0 0 0 0 0 0 0 0 0 1 0 0 0 0 0 0 0 0 0 0 0 0 0 0 0 0 0 0 0 0 0 0 0 0 0 0 0 0 0 0 0 0 0 0 0 0 0 0]
[2266463256292091536478515061452237357105856425595028436595055596949228616450188144719563123012557119153765005342187576292461634536713622750141719749325819402357277355607057431481485948406080553 0 0 0 0 0 0 0 0 0 0 0 0 0 0 0 0 0 0 0 0 0 0 0 0 0 1 0 0 0 0 0 0 0 0 0 0 0 0 0 0 0 0 0 0 0 0 0 0 0 0 0 0 0 0 0 0 0 0 0 0 0 0 0]
[1955418118193359082257541050998619365041704037401797693483626450668104491976135807014659579245594675708668926950252107044958371996412462153047872739114955863276729018909364535798111942299738157 0 0 0 0 0 0 0 0 0 0 0 0 0 0 0 0 0 0 0 0 0 0 0 0 0 0 1 0 0 0 0 0 0 0 0 0 0 0 0 0 0 0 0 0 0 0 0 0 0 0 0 0 0 0 0 0 0 0 0 0 0 0 0]
[166126443312975300961818120208500932645691008822686256932572294719124500471732785047874479237870148115788427469367955696693010395247604839540465144007027043178399546325445868013713059668856728 0 0 0 0 0 0 0 0 0 0 0 0 0 0 0 0 0 0 0 0 0 0 0 0 0 0 0 1 0 0 0 0 0 0 0 0 0 0 0 0 0 0 0 0 0 0 0 0 0 0 0 0 0 0 0 0 0 0 0 0 0 0 0]
[1913246592989046175948860333191907085269527790337182881525312756940908218396094201410515817569670417664446179515824809918568705354134723351492726457745719458435505299283006650293946102094298854 0 0 0 0 0 0 0 0 0 0 0 0 0 0 0 0 0 0 0 0 0 0 0 0 0 0 0 0 1 0 0 0 0 0 0 0 0 0 0 0 0 0 0 0 0 0 0 0 0 0 0 0 0 0 0 0 0 0 0 0 0 0 0]
[2604156106873821696798668647613222561064664395939327237790955469343903111327838858038328499759448649136317872710316909750831409730091033298179332018117304525500165951411160746543476388370738689 0 0 0 0 0 0 0 0 0 0 0 0 0 0 0 0 0 0 0 0 0 0 0 0 0 0 0 0 0 1 0 0 0 0 0 0 0 0 0 0 0 0 0 0 0 0 0 0 0 0 0 0 0 0 0 0 0 0 0 0 0 0 0]
[618575023977355217194079368714453939787792591158257781905828645656800497877314145217473872114147814211228250639806645904610393995353573926661540722532426446310608860156941095607969986721414394 0 0 0 0 0 0 0 0 0 0 0 0 0 0 0 0 0 0 0 0 0 0 0 0 0 0 0 0 0 0 1 0 0 0 0 0 0 0 0 0 0 0 0 0 0 0 0 0 0 0 0 0 0 0 0 0 0 0 0 0 0 0 0]
[3467928700290770144561083235817304579835875053875238541806890582969926197268529973084923550983939538762597395987465337113662786104899272729693179690994160025053453052590349600676460125188164725 0 0 0 0 0 0 0 0 0 0 0 0 0 0 0 0 0 0 0 0 0 0 0 0 0 0 0 0 0 0 0 1 0 0 0 0 0 0 0 0 0 0 0 0 0 0 0 0 0 0 0 0 0 0 0 0 0 0 0 0 0 0 0]
[3403371205072356377403008710620280418360935580138477292524701901165337164134987634406198513189469579173581201627834685705965052736461891353826295663753950532980687248603908157053964767781151525 0 0 0 0 0 0 0 0 0 0 0 0 0 0 0 0 0 0 0 0 0 0 0 0 0 0 0 0 0 0 0 0 1 0 0 0 0 0 0 0 0 0 0 0 0 0 0 0 0 0 0 0 0 0 0 0 0 0 0 0 0 0 0]
[517690715312412876533509361893451794930788112341824893292185201527066307019324079136716362114725340920838403468360211125116849679371796136405541009159472849832201364128662891042151259732408512 0 0 0 0 0 0 0 0 0 0 0 0 0 0 0 0 0 0 0 0 0 0 0 0 0 0 0 0 0 0 0 0 0 1 0 0 0 0 0 0 0 0 0 0 0 0 0 0 0 0 0 0 0 0 0 0 0 0 0 0 0 0 0]
[412530239842106217451591715043652520540556913033825826029254063781100386694647198350688002560117028810594032074879369122291925352612137505572559044462660058440925900690915637234995024918439742 0 0 0 0 0 0 0 0 0 0 0 0 0 0 0 0 0 0 0 0 0 0 0 0 0 0 0 0 0 0 0 0 0 0 1 0 0 0 0 0 0 0 0 0 0 0 0 0 0 0 0 0 0 0 0 0 0 0 0 0 0 0 0]
[208191768357713925621091364279366281373878333094454953351581703104048544087665502594627528151743175337664832084106216694896846341927133586092885772619941417678125059447591435276409905253200004 0 0 0 0 0 0 0 0 0 0 0 0 0 0 0 0 0 0 0 0 0 0 0 0 0 0 0 0 0 0 0 0 0 0 0 1 0 0 0 0 0 0 0 0 0 0 0 0 0 0 0 0 0 0 0 0 0 0 0 0 0 0 0]
[631803756332945029393061305791170919220356292370740927746709717173448495087771520570312222386732090629042586509752591614631207432804323305475750252637607759597075578199425891893900988105575605 0 0 0 0 0 0 0 0 0 0 0 0 0 0 0 0 0 0 0 0 0 0 0 0 0 0 0 0 0 0 0 0 0 0 0 0 1 0 0 0 0 0 0 0 0 0 0 0 0 0 0 0 0 0 0 0 0 0 0 0 0 0 0]
[3715902440249207698973859502650351361508055654141060969803227025760627991611800243970365738560319190149263820550963711046454779072494667110987889386223665979018649712214498813221073977911520370 0 0 0 0 0 0 0 0 0 0 0 0 0 0 0 0 0 0 0 0 0 0 0 0 0 0 0 0 0 0 0 0 0 0 0 0 0 1 0 0 0 0 0 0 0 0 0 0 0 0 0 0 0 0 0 0 0 0 0 0 0 0 0]
[3511204704193199188873940915227819873679459571324318346231624932252280975381685922699463314753210586351628606583548381044376493700998386927121221504254366618156704053648673185657493055593444916 0 0 0 0 0 0 0 0 0 0 0 0 0 0 0 0 0 0 0 0 0 0 0 0 0 0 0 0 0 0 0 0 0 0 0 0 0 0 1 0 0 0 0 0 0 0 0 0 0 0 0 0 0 0 0 0 0 0 0 0 0 0 0]
[1055993176284460480767344553708481357166817209803849321294142538478898079296443346209103119124169100820776691520298334374955989018033743486064826102374473954996800668048429956602890003831870400 0 0 0 0 0 0 0 0 0 0 0 0 0 0 0 0 0 0 0 0 0 0 0 0 0 0 0 0 0 0 0 0 0 0 0 0 0 0 0 1 0 0 0 0 0 0 0 0 0 0 0 0 0 0 0 0 0 0 0 0 0 0 0]
[153383072224399619609047729843229460611423537279247385393427374315084206299239310720391332220968156999141139333896996625889969601971724798024778315379770059397870878968441742562950802774908553 0 0 0 0 0 0 0 0 0 0 0 0 0 0 0 0 0 0 0 0 0 0 0 0 0 0 0 0 0 0 0 0 0 0 0 0 0 0 0 0 1 0 0 0 0 0 0 0 0 0 0 0 0 0 0 0 0 0 0 0 0 0 0]
[2415975222896405282747455247933807352064644085573454862426078458885389094529564729341640010873321038027114135655116035560453423729800883230003279575490219583109322965002650598069482121033372597 0 0 0 0 0 0 0 0 0 0 0 0 0 0 0 0 0 0 0 0 0 0 0 0 0 0 0 0 0 0 0 0 0 0 0 0 0 0 0 0 0 1 0 0 0 0 0 0 0 0 0 0 0 0 0 0 0 0 0 0 0 0 0]
[1383210166735153298381423995539311631335489682963592156813968514278604117227184299404061227268396105600684172403438974083458892701673471699208449639040310770541206864314708072852608365955768456 0 0 0 0 0 0 0 0 0 0 0 0 0 0 0 0 0 0 0 0 0 0 0 0 0 0 0 0 0 0 0 0 0 0 0 0 0 0 0 0 0 0 1 0 0 0 0 0 0 0 0 0 0 0 0 0 0 0 0 0 0 0 0]
[2397397389324793720332714296577567293958813930402830616456711889592028149606638462290806896091860219062722893837582050846821832689808523127949437499290335891621398610999054875402181498022231954 0 0 0 0 0 0 0 0 0 0 0 0 0 0 0 0 0 0 0 0 0 0 0 0 0 0 0 0 0 0 0 0 0 0 0 0 0 0 0 0 0 0 0 1 0 0 0 0 0 0 0 0 0 0 0 0 0 0 0 0 0 0 0]
[1606587650419823552437405373980239875171802390318613207625522943769918527238773890604987094642604860817258990355809024265323369669725529429783742733395836561937829602128543598724974816461394322 0 0 0 0 0 0 0 0 0 0 0 0 0 0 0 0 0 0 0 0 0 0 0 0 0 0 0 0 0 0 0 0 0 0 0 0 0 0 0 0 0 0 0 0 1 0 0 0 0 0 0 0 0 0 0 0 0 0 0 0 0 0 0]
[244770615557562337179738343931901512442121851731219427055754301134429762182609830787415210186980345533013626505113654393063643892448523836728652187115840877615586026564926563700018030746144420 0 0 0 0 0 0 0 0 0 0 0 0 0 0 0 0 0 0 0 0 0 0 0 0 0 0 0 0 0 0 0 0 0 0 0 0 0 0 0 0 0 0 0 0 0 1 0 0 0 0 0 0 0 0 0 0 0 0 0 0 0 0 0]
[1371742660357583812002758831082234843324115392137190484776293593159821165887477497417815046516903722961956865773140562310698413361737357290452862100741137004455050174417133848538610452877097407 0 0 0 0 0 0 0 0 0 0 0 0 0 0 0 0 0 0 0 0 0 0 0 0 0 0 0 0 0 0 0 0 0 0 0 0 0 0 0 0 0 0 0 0 0 0 1 0 0 0 0 0 0 0 0 0 0 0 0 0 0 0 0]
[2115165653916021212970195556938003942461870040608813564289192142104073702025278122079076730568160159884677911758332682176968379539881965787335584736560253708758439381485809699830320404231136437 0 0 0 0 0 0 0 0 0 0 0 0 0 0 0 0 0 0 0 0 0 0 0 0 0 0 0 0 0 0 0 0 0 0 0 0 0 0 0 0 0 0 0 0 0 0 0 1 0 0 0 0 0 0 0 0 0 0 0 0 0 0 0]
[278374445527269273509561869266560513510625515432303833312597483047464616230679077222178880916942863862707511116723339196388892999058200928881790530261405878385858658644489971962334013438674350 0 0 0 0 0 0 0 0 0 0 0 0 0 0 0 0 0 0 0 0 0 0 0 0 0 0 0 0 0 0 0 0 0 0 0 0 0 0 0 0 0 0 0 0 0 0 0 0 1 0 0 0 0 0 0 0 0 0 0 0 0 0 0]
[148998431744185021783757628009140389664090389743506152831486130019202519798935116391567886834331894900610595482601559542467926854270741137209319681433242652062154062236734375061046064837054226 0 0 0 0 0 0 0 0 0 0 0 0 0 0 0 0 0 0 0 0 0 0 0 0 0 0 0 0 0 0 0 0 0 0 0 0 0 0 0 0 0 0 0 0 0 0 0 0 0 1 0 0 0 0 0 0 0 0 0 0 0 0 0]
[357992303123268647386797501003982644228274063719950169962866340249260573669969358054806802404613069866978775135161767734347369981149372502335031112183846696292523153449205162776747717672517966 0 0 0 0 0 0 0 0 0 0 0 0 0 0 0 0 0 0 0 0 0 0 0 0 0 0 0 0 0 0 0 0 0 0 0 0 0 0 0 0 0 0 0 0 0 0 0 0 0 0 1 0 0 0 0 0 0 0 0 0 0 0 0]
[394802511556641005201582551633430200998295233968111553804807578546711924227478145991952049566048131576977457533482366195120475655698483679973240636528357545660214264514144190581888091614025092 0 0 0 0 0 0 0 0 0 0 0 0 0 0 0 0 0 0 0 0 0 0 0 0 0 0 0 0 0 0 0 0 0 0 0 0 0 0 0 0 0 0 0 0 0 0 0 0 0 0 0 1 0 0 0 0 0 0 0 0 0 0 0]
[1692701406047293021660482478565122912488839844857215358250583371173463120791591461608721032466389076401111063027790171527452302597609914939584482452416560591303431941126823892127157822958315258 0 0 0 0 0 0 0 0 0 0 0 0 0 0 0 0 0 0 0 0 0 0 0 0 0 0 0 0 0 0 0 0 0 0 0 0 0 0 0 0 0 0 0 0 0 0 0 0 0 0 0 0 1 0 0 0 0 0 0 0 0 0 0]
[1365041330506703563112778271125973596081150962221498616841371348665638444125839218722353967939366130106471008688958861985234309042241714385693931578503769485066529531331901377592089588301073938 0 0 0 0 0 0 0 0 0 0 0 0 0 0 0 0 0 0 0 0 0 0 0 0 0 0 0 0 0 0 0 0 0 0 0 0 0 0 0 0 0 0 0 0 0 0 0 0 0 0 0 0 0 1 0 0 0 0 0 0 0 0 0]
[2392742855177838131699299672967240858853794498178786930106459965854993302017160847596142856189953595857791387136115324275068844630333110223983575283001804603090212786462966362691525362677329621 0 0 0 0 0 0 0 0 0 0 0 0 0 0 0 0 0 0 0 0 0 0 0 0 0 0 0 0 0 0 0 0 0 0 0 0 0 0 0 0 0 0 0 0 0 0 0 0 0 0 0 0 0 0 1 0 0 0 0 0 0 0 0]
[3568413938181724074338267598321613221646987815594050228008547570134490553352711740461982440366721084470265146938585963332239748016756305045178263573304206208844849360587678061010720393111831113 0 0 0 0 0 0 0 0 0 0 0 0 0 0 0 0 0 0 0 0 0 0 0 0 0 0 0 0 0 0 0 0 0 0 0 0 0 0 0 0 0 0 0 0 0 0 0 0 0 0 0 0 0 0 0 1 0 0 0 0 0 0 0]
[1825418214319125443480265063356788777106040577970760615259127222639504028705946454908746105751743578145430647024147776138338133570268588315270471269898798453756036933174851390813828274670749719 0 0 0 0 0 0 0 0 0 0 0 0 0 0 0 0 0 0 0 0 0 0 0 0 0 0 0 0 0 0 0 0 0 0 0 0 0 0 0 0 0 0 0 0 0 0 0 0 0 0 0 0 0 0 0 0 1 0 0 0 0 0 0]
[52513637014748443095489351469988635313788039296869646163514086786360022608036962352909558943690294637190165370488918509811006845730431400527815111912978974924263135661831205571701182494194538 0 0 0 0 0 0 0 0 0 0 0 0 0 0 0 0 0 0 0 0 0 0 0 0 0 0 0 0 0 0 0 0 0 0 0 0 0 0 0 0 0 0 0 0 0 0 0 0 0 0 0 0 0 0 0 0 0 1 0 0 0 0 0]
[2409889863803111399150171763906505473200969890754949594104506428120041805157151288791813346094780007406877539504045518010165177544535910712676880715464479904632997998548234255819896843559654970 0 0 0 0 0 0 0 0 0 0 0 0 0 0 0 0 0 0 0 0 0 0 0 0 0 0 0 0 0 0 0 0 0 0 0 0 0 0 0 0 0 0 0 0 0 0 0 0 0 0 0 0 0 0 0 0 0 0 1 0 0 0 0]
[2615737525889630651692982615775552163453582467845762768796667049015556766069094080080551307460276134005226180961365398900405453321892090817611936632757075096914376395623218163053536915387711519 0 0 0 0 0 0 0 0 0 0 0 0 0 0 0 0 0 0 0 0 0 0 0 0 0 0 0 0 0 0 0 0 0 0 0 0 0 0 0 0 0 0 0 0 0 0 0 0 0 0 0 0 0 0 0 0 0 0 0 1 0 0 0]
[596008843289299671585302851770360196495577077281892846644834749192925835570788037356835434702000480871511015393255908060377385557837567603450761918586727387509292303481334489935932617246334153 0 0 0 0 0 0 0 0 0 0 0 0 0 0 0 0 0 0 0 0 0 0 0 0 0 0 0 0 0 0 0 0 0 0 0 0 0 0 0 0 0 0 0 0 0 0 0 0 0 0 0 0 0 0 0 0 0 0 0 0 1 0 0]
[2222898801615799018637508878327309759112734971883883859670846730996719883367100571105070994840772701593389253506228259083870276340906828136359552163316949424232374010633423265119838365509415677 0 0 0 0 0 0 0 0 0 0 0 0 0 0 0 0 0 0 0 0 0 0 0 0 0 0 0 0 0 0 0 0 0 0 0 0 0 0 0 0 0 0 0 0 0 0 0 0 0 0 0 0 0 0 0 0 0 0 0 0 0 1 0]
[3081530640931602839617697369012930277782579824734703628152538472553381200651646251480051143454862183248521984534583593054939658121152831064019841987091475603791741002844129673039876366122501156 0 0 0 0 0 0 0 0 0 0 0 0 0 0 0 0 0 0 0 0 0 0 0 0 0 0 0 0 0 0 0 0 0 0 0 0 0 0 0 0 0 0 0 0 0 0 0 0 0 0 0 0 0 0 0 0 0 0 0 0 0 0 1]
]
