[[2269713456162117717845285323287884531749523137643501781186885664097865298235321275510913067977290217771288145100248237201058653706695674659149901549989137176904409013 0 0 0 0 0 0 0 0 0 0 0 0 0 0 0 0 0 0 0 0 0 0 0 0 0 0 0 0 0 0 0 0 0 0 0 0 0 0 0 0 0 0 0 0 0 0 0 0 0 0 0 0 0 0]
[1394134140415879419305260959068689239672086215338941334527277871231774292903886766599456230494822561860314999666779566176928260347909419632771738633388269903150992477 1 0 0 0 0 0 0 0 0 0 0 0 0 0 0 0 0 0 0 0 0 0 0 0 0 0 0 0 0 0 0 0 0 0 0 0 0 0 0 0 0 0 0 0 0 0 0 0 0 0 0 0 0 0]
[1878781831583572219387644772890437144703252671126076490437671721655834341733416363228876446986135186520662015984064590263291314457466563437966097903002320919168852525 0 1 0 0 0 0 0 0 0 0 0 0 0 0 0 0 0 0 0 0 0 0 0 0 0 0 0 0 0 0 0 0 0 0 0 0 0 0 0 0 0 0 0 0 0 0 0 0 0 0 0 0 0 0]
[1006887254965358701046344973625697715914796012644710264551094166680713631594989331238847795802473274971092327522203180246192641896142866348873626236752218686584287683 0 0 1 0 0 0 0 0 0 0 0 0 0 0 0 0 0 0 0 0 0 0 0 0 0 0 0 0 0 0 0 0 0 0 0 0 0 0 0 0 0 0 0 0 0 0 0 0 0 0 0 0 0 0]
[999187057552522423442146101837746357444424316818070208121564837975512750498681831044025029776380165952057760342304796405499119558339459900231726823457362788861549496 0 0 0 1 0 0 0 0 0 0 0 0 0 0 0 0 0 0 0 0 0 0 0 0 0 0 0 0 0 0 0 0 0 0 0 0 0 0 0 0 0 0 0 0 0 0 0 0 0 0 0 0 0 0]
[896819648561052440623258504439801809139966766208401277179377698199694897316293352637842648859027857283810224107969471369402592032377908138949918392294868572963218252 0 0 0 0 1 0 0 0 0 0 0 0 0 0 0 0 0 0 0 0 0 0 0 0 0 0 0 0 0 0 0 0 0 0 0 0 0 0 0 0 0 0 0 0 0 0 0 0 0 0 0 0 0 0]
[2211476684515426767893073424025572921658713079008598265406986593779903998008012582893708387524505837009892683511161027827771323030088193763676090568746935608932169398 0 0 0 0 0 1 0 0 0 0 0 0 0 0 0 0 0 0 0 0 0 0 0 0 0 0 0 0 0 0 0 0 0 0 0 0 0 0 0 0 0 0 0 0 0 0 0 0 0 0 0 0 0 0]
[1023965698893498082726706125525107089885236775133150354400435365997688379365059778174170211147176432276650770824183485285062404548434541310048321157086136700487776985 0 0 0 0 0 0 1 0 0 0 0 0 0 0 0 0 0 0 0 0 0 0 0 0 0 0 0 0 0 0 0 0 0 0 0 0 0 0 0 0 0 0 0 0 0 0 0 0 0 0 0 0 0 0]
[409839892075122747049449853367367816276082813842076955550839242956298408278876810623761388340807170041416358114174189595129982338210505514094976737227152191722314235 0 0 0 0 0 0 0 1 0 0 0 0 0 0 0 0 0 0 0 0 0 0 0 0 0 0 0 0 0 0 0 0 0 0 0 0 0 0 0 0 0 0 0 0 0 0 0 0 0 0 0 0 0 0]
[1142004736952261476049694431278179616839496513425275690746001075459899662990082192589270503814538443527636331692184400925842199929952313950369368773770113464080996236 0 0 0 0 0 0 0 0 1 0 0 0 0 0 0 0 0 0 0 0 0 0 0 0 0 0 0 0 0 0 0 0 0 0 0 0 0 0 0 0 0 0 0 0 0 0 0 0 0 0 0 0 0 0]
[291858986557545156376759389606331543657433120559354016298022270929458651739762894333029126864354086394716643105862942175907135572282438032553074939445419887080540228 0 0 0 0 0 0 0 0 0 1 0 0 0 0 0 0 0 0 0 0 0 0 0 0 0 0 0 0 0 0 0 0 0 0 0 0 0 0 0 0 0 0 0 0 0 0 0 0 0 0 0 0 0 0]
[810136058873932097282967130686205615698389669437596361187325001964443255409069574474521441077237414976269309711521572395190651648609308356395901232804863915348017096 0 0 0 0 0 0 0 0 0 0 1 0 0 0 0 0 0 0 0 0 0 0 0 0 0 0 0 0 0 0 0 0 0 0 0 0 0 0 0 0 0 0 0 0 0 0 0 0 0 0 0 0 0 0]
[1207041723145547933914251110849958965286428317819738498035927725792525630530263871600631947580014445502978846893304578104927318675461400840803153975130753235603052626 0 0 0 0 0 0 0 0 0 0 0 1 0 0 0 0 0 0 0 0 0 0 0 0 0 0 0 0 0 0 0 0 0 0 0 0 0 0 0 0 0 0 0 0 0 0 0 0 0 0 0 0 0 0]
[2226185228285866743546216626891887032767588182076926351369971025963875697369657613423195866073201325231451664354370238372926471223438670180018154893518087465843255398 0 0 0 0 0 0 0 0 0 0 0 0 1 0 0 0 0 0 0 0 0 0 0 0 0 0 0 0 0 0 0 0 0 0 0 0 0 0 0 0 0 0 0 0 0 0 0 0 0 0 0 0 0 0]
[1747472853007989030794584937581596130770770270559271251906916092433274367619786115406272171236238455692767804706298289665797186826576141394745037537408590639445544916 0 0 0 0 0 0 0 0 0 0 0 0 0 1 0 0 0 0 0 0 0 0 0 0 0 0 0 0 0 0 0 0 0 0 0 0 0 0 0 0 0 0 0 0 0 0 0 0 0 0 0 0 0 0]
[2064868180090378604656627470578770252288572674274900813937959337153667767480666592880295054799802119972353570797134597241791358358842666509338516427836156888141641268 0 0 0 0 0 0 0 0 0 0 0 0 0 0 1 0 0 0 0 0 0 0 0 0 0 0 0 0 0 0 0 0 0 0 0 0 0 0 0 0 0 0 0 0 0 0 0 0 0 0 0 0 0 0]
[581130214828582752437682455852946190748554751866766221006145297073055929295996412667320990171319647468813164363723433962847830369424977180460719148641651699194774472 0 0 0 0 0 0 0 0 0 0 0 0 0 0 0 1 0 0 0 0 0 0 0 0 0 0 0 0 0 0 0 0 0 0 0 0 0 0 0 0 0 0 0 0 0 0 0 0 0 0 0 0 0 0]
[962549494681984347572545564703750106094118843752262032994086971648470745869502261173885249530959108118878007016601316288114561066654073003298096135192689339976708387 0 0 0 0 0 0 0 0 0 0 0 0 0 0 0 0 1 0 0 0 0 0 0 0 0 0 0 0 0 0 0 0 0 0 0 0 0 0 0 0 0 0 0 0 0 0 0 0 0 0 0 0 0 0]
[82509920898456634874287986857670417566386685281185574680861236534910181006789062629076373396229268812558860170979051279732342493375787210257549650500208094336969419 0 0 0 0 0 0 0 0 0 0 0 0 0 0 0 0 0 1 0 0 0 0 0 0 0 0 0 0 0 0 0 0 0 0 0 0 0 0 0 0 0 0 0 0 0 0 0 0 0 0 0 0 0 0]
[875124561229683355390457686170532569634337308367722280021393148235667043160151298228048386228646038489193538028974762324549271244125190014828774418719213476787738756 0 0 0 0 0 0 0 0 0 0 0 0 0 0 0 0 0 0 1 0 0 0 0 0 0 0 0 0 0 0 0 0 0 0 0 0 0 0 0 0 0 0 0 0 0 0 0 0 0 0 0 0 0 0]
[1226769405286885727441472777971960330290294348690927218890065666551688704350222604697582168986981591157798780182459562364416581859258003770144238416391887090569977448 0 0 0 0 0 0 0 0 0 0 0 0 0 0 0 0 0 0 0 1 0 0 0 0 0 0 0 0 0 0 0 0 0 0 0 0 0 0 0 0 0 0 0 0 0 0 0 0 0 0 0 0 0 0]
[119578792651561118400496065103439508575088636220480322585718471424421295544474250624469672654190043329119450460320738504578405093905902492308314146702863528552629121 0 0 0 0 0 0 0 0 0 0 0 0 0 0 0 0 0 0 0 0 1 0 0 0 0 0 0 0 0 0 0 0 0 0 0 0 0 0 0 0 0 0 0 0 0 0 0 0 0 0 0 0 0 0]
[636448393333925201864905425806274133044462566371472974238807994394415863974781381038878608692421899567380394366006132794369452874915633598596780082461586693821439945 0 0 0 0 0 0 0 0 0 0 0 0 0 0 0 0 0 0 0 0 0 1 0 0 0 0 0 0 0 0 0 0 0 0 0 0 0 0 0 0 0 0 0 0 0 0 0 0 0 0 0 0 0 0]
[1928455314643563169322321950488308090399707778951093723741943237923508802429803740465530864616463123642755287252398480705574276970641330693759481465983711342879878303 0 0 0 0 0 0 0 0 0 0 0 0 0 0 0 0 0 0 0 0 0 0 1 0 0 0 0 0 0 0 0 0 0 0 0 0 0 0 0 0 0 0 0 0 0 0 0 0 0 0 0 0 0 0]
[1529617253713376733421221331742760728966114083363606481946488572353845536969842182938901916178977711139143689165053253167255566359895710956857176515645062331695149803 0 0 0 0 0 0 0 0 0 0 0 0 0 0 0 0 0 0 0 0 0 0 0 1 0 0 0 0 0 0 0 0 0 0 0 0 0 0 0 0 0 0 0 0 0 0 0 0 0 0 0 0 0 0]
[1246061266951677264209460328377917644302765838181172033531012294174425110373650402448079035882608577204991020444973762430774333416068456633957491587707548952485561944 0 0 0 0 0 0 0 0 0 0 0 0 0 0 0 0 0 0 0 0 0 0 0 0 1 0 0 0 0 0 0 0 0 0 0 0 0 0 0 0 0 0 0 0 0 0 0 0 0 0 0 0 0 0]
[901564931503069316415570596154199734496026827288344188341818937097908006932332440715947102846020996871568744681514998063370010550224702150532172760671455644641290831 0 0 0 0 0 0 0 0 0 0 0 0 0 0 0 0 0 0 0 0 0 0 0 0 0 1 0 0 0 0 0 0 0 0 0 0 0 0 0 0 0 0 0 0 0 0 0 0 0 0 0 0 0 0]
[682195600942978560566804549467454422741966649990238423833252175007680771134477700149155735252922974121547713210225593479587537563997317039524759139626257106609379455 0 0 0 0 0 0 0 0 0 0 0 0 0 0 0 0 0 0 0 0 0 0 0 0 0 0 1 0 0 0 0 0 0 0 0 0 0 0 0 0 0 0 0 0 0 0 0 0 0 0 0 0 0 0]
[1002413271243454580754115990715620297627024976136787842855571914902673951718310273475510053786211242490430460208985642958836330596111629812929624496413052671232520813 0 0 0 0 0 0 0 0 0 0 0 0 0 0 0 0 0 0 0 0 0 0 0 0 0 0 0 1 0 0 0 0 0 0 0 0 0 0 0 0 0 0 0 0 0 0 0 0 0 0 0 0 0 0]
[993912021451435077131673377465684808020407230999263288190273258909786262156414262880820186355332483165133831960127962291496198660534464323515881033921795894894679827 0 0 0 0 0 0 0 0 0 0 0 0 0 0 0 0 0 0 0 0 0 0 0 0 0 0 0 0 1 0 0 0 0 0 0 0 0 0 0 0 0 0 0 0 0 0 0 0 0 0 0 0 0 0]
[349694051145379787244551610791036664226549512078860297947943055025072935146592065007204260673816465080899919170069089183055799553171547827294228468596493433686309639 0 0 0 0 0 0 0 0 0 0 0 0 0 0 0 0 0 0 0 0 0 0 0 0 0 0 0 0 0 1 0 0 0 0 0 0 0 0 0 0 0 0 0 0 0 0 0 0 0 0 0 0 0 0]
[393034181801066849131387585050318388009238458334469988256502810550548296622206972062485985030702218873035042497734859924704463007704328513159644556304097798863975386 0 0 0 0 0 0 0 0 0 0 0 0 0 0 0 0 0 0 0 0 0 0 0 0 0 0 0 0 0 0 1 0 0 0 0 0 0 0 0 0 0 0 0 0 0 0 0 0 0 0 0 0 0 0]
[830855861440390624099497182826443230291201050879110428872831385995009916761354201978445809525213131636835337787429741317879118647738485012398354645516307965479007727 0 0 0 0 0 0 0 0 0 0 0 0 0 0 0 0 0 0 0 0 0 0 0 0 0 0 0 0 0 0 0 1 0 0 0 0 0 0 0 0 0 0 0 0 0 0 0 0 0 0 0 0 0 0]
[1620411889814883215566489894714333536725630412146714850229056628284816740908573335852609339553250224929084621278500087487941942184646362185209624442660917721372999992 0 0 0 0 0 0 0 0 0 0 0 0 0 0 0 0 0 0 0 0 0 0 0 0 0 0 0 0 0 0 0 0 1 0 0 0 0 0 0 0 0 0 0 0 0 0 0 0 0 0 0 0 0 0]
[1188628804007310135822733991042299005686513440419139255637471138055618507786438215368250026753549273160892307949258737905366675155594530705573190800612003099935227287 0 0 0 0 0 0 0 0 0 0 0 0 0 0 0 0 0 0 0 0 0 0 0 0 0 0 0 0 0 0 0 0 0 1 0 0 0 0 0 0 0 0 0 0 0 0 0 0 0 0 0 0 0 0]
[2239335595434864385859998506458059145422084333245052624168974741997017815168754652510937241114070333769246328825736545544618516630229197724583095528939322269842102941 0 0 0 0 0 0 0 0 0 0 0 0 0 0 0 0 0 0 0 0 0 0 0 0 0 0 0 0 0 0 0 0 0 0 1 0 0 0 0 0 0 0 0 0 0 0 0 0 0 0 0 0 0 0]
[1089019394040616361877312794926204367366708270685848807996178677882700551034578207622589110000440934609906705683409402301758136867338536827485993318206650439750977562 0 0 0 0 0 0 0 0 0 0 0 0 0 0 0 0 0 0 0 0 0 0 0 0 0 0 0 0 0 0 0 0 0 0 0 1 0 0 0 0 0 0 0 0 0 0 0 0 0 0 0 0 0 0]
[2052680835243217114592274368986997988891971185891956257684052000736194717381601179823869053116415126913658549212211281545035141071887699873529027219624229006190254328 0 0 0 0 0 0 0 0 0 0 0 0 0 0 0 0 0 0 0 0 0 0 0 0 0 0 0 0 0 0 0 0 0 0 0 0 1 0 0 0 0 0 0 0 0 0 0 0 0 0 0 0 0 0]
[749343770520131732696299979186430867059631523186641509131097374360966041997822563680913421537251345130265531957715892163356524263971909982998372213097738642021262904 0 0 0 0 0 0 0 0 0 0 0 0 0 0 0 0 0 0 0 0 0 0 0 0 0 0 0 0 0 0 0 0 0 0 0 0 0 1 0 0 0 0 0 0 0 0 0 0 0 0 0 0 0 0]
[1654852948422396015065454770906719992719402133131418062512417832311371669550676271686617388053667187546579977854797688789513839368967313345160341707520685395437229766 0 0 0 0 0 0 0 0 0 0 0 0 0 0 0 0 0 0 0 0 0 0 0 0 0 0 0 0 0 0 0 0 0 0 0 0 0 0 1 0 0 0 0 0 0 0 0 0 0 0 0 0 0 0]
[1599059322380200855015322657143992662187380204510314431317834304435705984739357106197748875525509524349759145893813449339426617362552539388204786031539001186714073190 0 0 0 0 0 0 0 0 0 0 0 0 0 0 0 0 0 0 0 0 0 0 0 0 0 0 0 0 0 0 0 0 0 0 0 0 0 0 0 1 0 0 0 0 0 0 0 0 0 0 0 0 0 0]
[413694411367788057905215401317879995167346274778966393724643074549716145460850154394236316823435085085519802451715848465424197713562576744973354152475659326482276031 0 0 0 0 0 0 0 0 0 0 0 0 0 0 0 0 0 0 0 0 0 0 0 0 0 0 0 0 0 0 0 0 0 0 0 0 0 0 0 0 1 0 0 0 0 0 0 0 0 0 0 0 0 0]
[665929577403198268314339452148742478335204085654821907095957382519730809370625886383125363677862899311730154482153288202013167300653276787902386292787803137517826309 0 0 0 0 0 0 0 0 0 0 0 0 0 0 0 0 0 0 0 0 0 0 0 0 0 0 0 0 0 0 0 0 0 0 0 0 0 0 0 0 0 1 0 0 0 0 0 0 0 0 0 0 0 0]
[177974254524432162781594653759667348006975787036474810010467353940456069742620637270967708195410795222174413819894826069950104783149772005427467441209429738783567505 0 0 0 0 0 0 0 0 0 0 0 0 0 0 0 0 0 0 0 0 0 0 0 0 0 0 0 0 0 0 0 0 0 0 0 0 0 0 0 0 0 0 1 0 0 0 0 0 0 0 0 0 0 0]
[709667711649408698847705796680484989320285742561601189230300193292445715895813416707589468779090482141321435036572965830301223753661001851376124887167390154434097990 0 0 0 0 0 0 0 0 0 0 0 0 0 0 0 0 0 0 0 0 0 0 0 0 0 0 0 0 0 0 0 0 0 0 0 0 0 0 0 0 0 0 0 1 0 0 0 0 0 0 0 0 0 0]
[724100834919520342317267732026354413095626837232645740459699300591688107417902931839349158325716022344981537580578195958658614583710387580113901238660168905848409617 0 0 0 0 0 0 0 0 0 0 0 0 0 0 0 0 0 0 0 0 0 0 0 0 0 0 0 0 0 0 0 0 0 0 0 0 0 0 0 0 0 0 0 0 1 0 0 0 0 0 0 0 0 0]
[1150074004819684074392287416973145189442372978774133940135797864320514779064573029704236556279281627416234596190820237017955644559169120902156912482025302240888009174 0 0 0 0 0 0 0 0 0 0 0 0 0 0 0 0 0 0 0 0 0 0 0 0 0 0 0 0 0 0 0 0 0 0 0 0 0 0 0 0 0 0 0 0 0 1 0 0 0 0 0 0 0 0]
[1263727623013188379639229727504335414226222346571190471957331656480873236950034397375812600786019890087144251475067625662281552771668296679105492445035800480373312853 0 0 0 0 0 0 0 0 0 0 0 0 0 0 0 0 0 0 0 0 0 0 0 0 0 0 0 0 0 0 0 0 0 0 0 0 0 0 0 0 0 0 0 0 0 0 1 0 0 0 0 0 0 0]
[377673990687487681802005487385450950329916386242055033163227317256504349444889641012452064063683328128124944696136687450878932683065947153025433963884316345405707662 0 0 0 0 0 0 0 0 0 0 0 0 0 0 0 0 0 0 0 0 0 0 0 0 0 0 0 0 0 0 0 0 0 0 0 0 0 0 0 0 0 0 0 0 0 0 0 1 0 0 0 0 0 0]
[1379434577052621482474117833143328548042664595997747340685921217393888557238340780346344208079490626345084002569730210571645801170233537857433207871502246421370124873 0 0 0 0 0 0 0 0 0 0 0 0 0 0 0 0 0 0 0 0 0 0 0 0 0 0 0 0 0 0 0 0 0 0 0 0 0 0 0 0 0 0 0 0 0 0 0 0 1 0 0 0 0 0]
[1421850094376406637116907943386713651254190862427344341726908562254783727249001344253610583182061008943074295161884701673272545586510061132262848430444995186417738451 0 0 0 0 0 0 0 0 0 0 0 0 0 0 0 0 0 0 0 0 0 0 0 0 0 0 0 0 0 0 0 0 0 0 0 0 0 0 0 0 0 0 0 0 0 0 0 0 0 1 0 0 0 0]
[1547173507348826446509914268498051724969592623018234253930197063842453613157742617304927185982063649166661644622858244098175001130887444818305140916012035519506231122 0 0 0 0 0 0 0 0 0 0 0 0 0 0 0 0 0 0 0 0 0 0 0 0 0 0 0 0 0 0 0 0 0 0 0 0 0 0 0 0 0 0 0 0 0 0 0 0 0 0 1 0 0 0]
[854787593822788837696434709355033522465946965518282702493928832806212877247696081128754218322811056213969771174872322624903999809382824793752156811086068713055836296 0 0 0 0 0 0 0 0 0 0 0 0 0 0 0 0 0 0 0 0 0 0 0 0 0 0 0 0 0 0 0 0 0 0 0 0 0 0 0 0 0 0 0 0 0 0 0 0 0 0 0 1 0 0]
[404840995142476893362500565799567017776900550631449620358947018591351060891862657352524037336853205260960106748384977729126660938079398467640393226548082004848544240 0 0 0 0 0 0 0 0 0 0 0 0 0 0 0 0 0 0 0 0 0 0 0 0 0 0 0 0 0 0 0 0 0 0 0 0 0 0 0 0 0 0 0 0 0 0 0 0 0 0 0 0 1 0]
[1984171312440163718171363647844479031973523443650962072463221897647557545927746277711643511067868724222051139849735193869182919739623358759379082181126560738017125378 0 0 0 0 0 0 0 0 0 0 0 0 0 0 0 0 0 0 0 0 0 0 0 0 0 0 0 0 0 0 0 0 0 0 0 0 0 0 0 0 0 0 0 0 0 0 0 0 0 0 0 0 0 1]
]
