[[3107047512210294101625229273923196504721606870216350527539935487756708368551086431646253047379574048856852256452862418817405368712153156939690746161629540460139842587 0 0 0 0 0 0 0 0 0 0 0 0 0 0 0 0 0 0 0 0 0 0 0 0 0 0 0 0 0 0 0 0 0 0 0 0 0 0 0 0 0 0 0 0 0 0 0 0 0 0 0 0 0 0]
[2437888288306501038681340324785910380962754929748297676415961316317980405391101418978740287114381270796279185808371857948253645658977343416971678483970964578103261851 1 0 0 0 0 0 0 0 0 0 0 0 0 0 0 0 0 0 0 0 0 0 0 0 0 0 0 0 0 0 0 0 0 0 0 0 0 0 0 0 0 0 0 0 0 0 0 0 0 0 0 0 0 0]
[2013048892032124819592628892649290918691298780447681136792413455087760657936862871566677444739533075526987008769723690568439979395470931422672885038891101016590094834 0 1 0 0 0 0 0 0 0 0 0 0 0 0 0 0 0 0 0 0 0 0 0 0 0 0 0 0 0 0 0 0 0 0 0 0 0 0 0 0 0 0 0 0 0 0 0 0 0 0 0 0 0 0]
[982377092572278066107768463277555615635217988762796318650379044949409497276110011344720124224978245736690808291136324113429761376631183089280822380051055384525069365 0 0 1 0 0 0 0 0 0 0 0 0 0 0 0 0 0 0 0 0 0 0 0 0 0 0 0 0 0 0 0 0 0 0 0 0 0 0 0 0 0 0 0 0 0 0 0 0 0 0 0 0 0 0]
[1775714282725394184182635010157251333639981325825067675679607483355277934735142480743654505750345315779871647542211703637321480882548421691126079587651289315961254404 0 0 0 1 0 0 0 0 0 0 0 0 0 0 0 0 0 0 0 0 0 0 0 0 0 0 0 0 0 0 0 0 0 0 0 0 0 0 0 0 0 0 0 0 0 0 0 0 0 0 0 0 0 0]
[896089895459026635410034571044874805580102606964627849375718655074390904102720491477888537801110647074106602971866175706815384698612307479775810435596797075689975525 0 0 0 0 1 0 0 0 0 0 0 0 0 0 0 0 0 0 0 0 0 0 0 0 0 0 0 0 0 0 0 0 0 0 0 0 0 0 0 0 0 0 0 0 0 0 0 0 0 0 0 0 0 0]
[2378490836621481262676598491541985225167640145803909911705868126582588076977783326127444165914418068765045757386080957431695717579811860790984313263167209597059018299 0 0 0 0 0 1 0 0 0 0 0 0 0 0 0 0 0 0 0 0 0 0 0 0 0 0 0 0 0 0 0 0 0 0 0 0 0 0 0 0 0 0 0 0 0 0 0 0 0 0 0 0 0 0]
[982207836701994560484429656829542863920067917097374614819393318832333949351324990238221305137810952392998653594776979881133218230247727709186149736919351894806110271 0 0 0 0 0 0 1 0 0 0 0 0 0 0 0 0 0 0 0 0 0 0 0 0 0 0 0 0 0 0 0 0 0 0 0 0 0 0 0 0 0 0 0 0 0 0 0 0 0 0 0 0 0 0]
[2903892434352990590722099983104187148866646596596159495680902386156499933293134695699133426279535373941859798192915203319057057650753965898535422036736793383349520547 0 0 0 0 0 0 0 1 0 0 0 0 0 0 0 0 0 0 0 0 0 0 0 0 0 0 0 0 0 0 0 0 0 0 0 0 0 0 0 0 0 0 0 0 0 0 0 0 0 0 0 0 0 0]
[965578587569119983303603550768917110986228466295917597262761562601510399331075273361087817995517691821343720819047192202161386814955843574356391895652376675107184912 0 0 0 0 0 0 0 0 1 0 0 0 0 0 0 0 0 0 0 0 0 0 0 0 0 0 0 0 0 0 0 0 0 0 0 0 0 0 0 0 0 0 0 0 0 0 0 0 0 0 0 0 0 0]
[2930985335611327200131014291090763434282809779340641579461639458741349319848686298694875233843003414250149142349260238630532742925565982227236766239263809837328213383 0 0 0 0 0 0 0 0 0 1 0 0 0 0 0 0 0 0 0 0 0 0 0 0 0 0 0 0 0 0 0 0 0 0 0 0 0 0 0 0 0 0 0 0 0 0 0 0 0 0 0 0 0 0]
[1628540950983886110610606280862816214418074096450811362184043560311944252142960479021831369348969213998054609449929510018619893860577735085588020716022027776842890372 0 0 0 0 0 0 0 0 0 0 1 0 0 0 0 0 0 0 0 0 0 0 0 0 0 0 0 0 0 0 0 0 0 0 0 0 0 0 0 0 0 0 0 0 0 0 0 0 0 0 0 0 0 0]
[1892993991224509233459023220717656943561201509540836465209837421656104533395156429964189673343238508190307519230622560632710917946243889779301741759025945115821314252 0 0 0 0 0 0 0 0 0 0 0 1 0 0 0 0 0 0 0 0 0 0 0 0 0 0 0 0 0 0 0 0 0 0 0 0 0 0 0 0 0 0 0 0 0 0 0 0 0 0 0 0 0 0]
[1628449377985930784587308844336344303647865076712669177937878345380149714911286292351579716462360754686790395656231943072922094640051946249194625566816927456349075167 0 0 0 0 0 0 0 0 0 0 0 0 1 0 0 0 0 0 0 0 0 0 0 0 0 0 0 0 0 0 0 0 0 0 0 0 0 0 0 0 0 0 0 0 0 0 0 0 0 0 0 0 0 0]
[1141996032831349102216537743684825075300643004594912866353875647425365401830644039550532027762458486063131312355633147732472901360782396413392730562341470849817515938 0 0 0 0 0 0 0 0 0 0 0 0 0 1 0 0 0 0 0 0 0 0 0 0 0 0 0 0 0 0 0 0 0 0 0 0 0 0 0 0 0 0 0 0 0 0 0 0 0 0 0 0 0 0]
[2533361792996091570965125357260335404893142571571108026734693902558370947800806442722915026169881044911273977641458836268825711041379257187402026154339802678883444076 0 0 0 0 0 0 0 0 0 0 0 0 0 0 1 0 0 0 0 0 0 0 0 0 0 0 0 0 0 0 0 0 0 0 0 0 0 0 0 0 0 0 0 0 0 0 0 0 0 0 0 0 0 0]
[550199163713686726486609242537142148663224750116306330425997477315582855624240585485127137576675262436978547089660639982990609223390493326223148716962920640364446473 0 0 0 0 0 0 0 0 0 0 0 0 0 0 0 1 0 0 0 0 0 0 0 0 0 0 0 0 0 0 0 0 0 0 0 0 0 0 0 0 0 0 0 0 0 0 0 0 0 0 0 0 0 0]
[1913637348429965604840259360439291478278598326399848521864303062698160407732825152908359842364369928748761745857450956669812164633399619599419209750974705415967035678 0 0 0 0 0 0 0 0 0 0 0 0 0 0 0 0 1 0 0 0 0 0 0 0 0 0 0 0 0 0 0 0 0 0 0 0 0 0 0 0 0 0 0 0 0 0 0 0 0 0 0 0 0 0]
[107748934299002196524434672490991050142433988368379784438183300877125197059979979663461172390957915823206601537377428009897731799540785371735062818803710277210194691 0 0 0 0 0 0 0 0 0 0 0 0 0 0 0 0 0 1 0 0 0 0 0 0 0 0 0 0 0 0 0 0 0 0 0 0 0 0 0 0 0 0 0 0 0 0 0 0 0 0 0 0 0 0]
[2320559656260856666466342380597265527857459128789408317905322653771013355664157792696857854162661683604658466478879028594892034774495612389117336121439972170263360496 0 0 0 0 0 0 0 0 0 0 0 0 0 0 0 0 0 0 1 0 0 0 0 0 0 0 0 0 0 0 0 0 0 0 0 0 0 0 0 0 0 0 0 0 0 0 0 0 0 0 0 0 0 0]
[2720208225433128924807143009671790585434276948694858845364970453745238366945151857805714558967359749880889496654371271337807361010282546133726662071385658474712237992 0 0 0 0 0 0 0 0 0 0 0 0 0 0 0 0 0 0 0 1 0 0 0 0 0 0 0 0 0 0 0 0 0 0 0 0 0 0 0 0 0 0 0 0 0 0 0 0 0 0 0 0 0 0]
[901199885852094016782620217667099552660775121527141047405873438716312526195956486251346586238322146339395683067819502030392127792550411104586120998072892912614401992 0 0 0 0 0 0 0 0 0 0 0 0 0 0 0 0 0 0 0 0 1 0 0 0 0 0 0 0 0 0 0 0 0 0 0 0 0 0 0 0 0 0 0 0 0 0 0 0 0 0 0 0 0 0]
[285702895270854474193522688789619167433237469038103743735001481457877165047448591226388831310701624260690356128288165715619805581248165673107098237063002776200186359 0 0 0 0 0 0 0 0 0 0 0 0 0 0 0 0 0 0 0 0 0 1 0 0 0 0 0 0 0 0 0 0 0 0 0 0 0 0 0 0 0 0 0 0 0 0 0 0 0 0 0 0 0 0]
[1845419055876472085987117779228731728706657756827314771094693202114390755987370525997947458909960035486923295646658153501770636516351528084723111564224542811647469818 0 0 0 0 0 0 0 0 0 0 0 0 0 0 0 0 0 0 0 0 0 0 1 0 0 0 0 0 0 0 0 0 0 0 0 0 0 0 0 0 0 0 0 0 0 0 0 0 0 0 0 0 0 0]
[1440136409090449764216467228292843131464149356478661656189498422829347997488207727033920838026978718227918328211116914448901698268234553485217022395292757111430690560 0 0 0 0 0 0 0 0 0 0 0 0 0 0 0 0 0 0 0 0 0 0 0 1 0 0 0 0 0 0 0 0 0 0 0 0 0 0 0 0 0 0 0 0 0 0 0 0 0 0 0 0 0 0]
[2473663538455887498190124199785952153267975370979834269203345936172232789432100442751229756548640768937206642318922801650528964420206548969450862489671478116414364362 0 0 0 0 0 0 0 0 0 0 0 0 0 0 0 0 0 0 0 0 0 0 0 0 1 0 0 0 0 0 0 0 0 0 0 0 0 0 0 0 0 0 0 0 0 0 0 0 0 0 0 0 0 0]
[2312800453999415327386364781670949859351298007280762407523672839003044747668757662140495804500294467315532054183186195675034954739119695064593218288285257370941031659 0 0 0 0 0 0 0 0 0 0 0 0 0 0 0 0 0 0 0 0 0 0 0 0 0 1 0 0 0 0 0 0 0 0 0 0 0 0 0 0 0 0 0 0 0 0 0 0 0 0 0 0 0 0]
[379685180141803920052490439021273756013675061434233251276080414757522291480300193312276579995703735687811602878970639225095779164221112118167597099481549117623062569 0 0 0 0 0 0 0 0 0 0 0 0 0 0 0 0 0 0 0 0 0 0 0 0 0 0 1 0 0 0 0 0 0 0 0 0 0 0 0 0 0 0 0 0 0 0 0 0 0 0 0 0 0 0]
[3088746537402042659008050292502037553588082880263520355332653739737583459214165317079156782289108363737724401221993459463505396128509702368005300955479591849717004700 0 0 0 0 0 0 0 0 0 0 0 0 0 0 0 0 0 0 0 0 0 0 0 0 0 0 0 1 0 0 0 0 0 0 0 0 0 0 0 0 0 0 0 0 0 0 0 0 0 0 0 0 0 0]
[2658095232414013154909867428493386492267000903048424273184931122297361609519648446332500717461857520750120058808884630162541516584610499362362374194469284996046110852 0 0 0 0 0 0 0 0 0 0 0 0 0 0 0 0 0 0 0 0 0 0 0 0 0 0 0 0 1 0 0 0 0 0 0 0 0 0 0 0 0 0 0 0 0 0 0 0 0 0 0 0 0 0]
[2894551640813577968241064415086355431085108055299569219054709199968565109679720814326549849989878971638770238616109214542590437387844491668502923264276380653412908722 0 0 0 0 0 0 0 0 0 0 0 0 0 0 0 0 0 0 0 0 0 0 0 0 0 0 0 0 0 1 0 0 0 0 0 0 0 0 0 0 0 0 0 0 0 0 0 0 0 0 0 0 0 0]
[1550461083123243593495850976837757225013368564916712830616177460679820182396264710673803783440857732421636391079648954150360655702088609613340404061980309113241833874 0 0 0 0 0 0 0 0 0 0 0 0 0 0 0 0 0 0 0 0 0 0 0 0 0 0 0 0 0 0 1 0 0 0 0 0 0 0 0 0 0 0 0 0 0 0 0 0 0 0 0 0 0 0]
[179829977094564576593171539256349510221938036701501341647229492350522828483338063173435665551832736180835616727822924033604979455265820522284346532772988105141329771 0 0 0 0 0 0 0 0 0 0 0 0 0 0 0 0 0 0 0 0 0 0 0 0 0 0 0 0 0 0 0 1 0 0 0 0 0 0 0 0 0 0 0 0 0 0 0 0 0 0 0 0 0 0]
[2657382152683153240314477653806575998451427667662527967498897294543127041589420326735981689922796263549303364490245288263914764509292598691655987064308918572284230038 0 0 0 0 0 0 0 0 0 0 0 0 0 0 0 0 0 0 0 0 0 0 0 0 0 0 0 0 0 0 0 0 1 0 0 0 0 0 0 0 0 0 0 0 0 0 0 0 0 0 0 0 0 0]
[141061704802704830194926602390807379028240590044775155349332982833702936844041680983455667504832010582309800179318615012426709250103701333656422264142740624723087676 0 0 0 0 0 0 0 0 0 0 0 0 0 0 0 0 0 0 0 0 0 0 0 0 0 0 0 0 0 0 0 0 0 1 0 0 0 0 0 0 0 0 0 0 0 0 0 0 0 0 0 0 0 0]
[849297704107627460683766599282719292617317564488890931908088436046726944085939015462821225324040753509975031517376848508826942683629689980342415089330780255381238797 0 0 0 0 0 0 0 0 0 0 0 0 0 0 0 0 0 0 0 0 0 0 0 0 0 0 0 0 0 0 0 0 0 0 1 0 0 0 0 0 0 0 0 0 0 0 0 0 0 0 0 0 0 0]
[926008979724767386071019389931588573974245909366111364991066273921147536394324519847239579618523047443382111672003791288547118294597783927854333446706824554486851841 0 0 0 0 0 0 0 0 0 0 0 0 0 0 0 0 0 0 0 0 0 0 0 0 0 0 0 0 0 0 0 0 0 0 0 1 0 0 0 0 0 0 0 0 0 0 0 0 0 0 0 0 0 0]
[2264023538057129740144105351451629054487146555380642265246906560923334010721713030079926445134962559499456798233693893048047556086251819556561089827711535680935025142 0 0 0 0 0 0 0 0 0 0 0 0 0 0 0 0 0 0 0 0 0 0 0 0 0 0 0 0 0 0 0 0 0 0 0 0 1 0 0 0 0 0 0 0 0 0 0 0 0 0 0 0 0 0]
[2487774450572047292440692993355254361483285480275029400067107451936874417180803830634830302558499123714978515503340620764077321263021826253218127186968608696377089798 0 0 0 0 0 0 0 0 0 0 0 0 0 0 0 0 0 0 0 0 0 0 0 0 0 0 0 0 0 0 0 0 0 0 0 0 0 1 0 0 0 0 0 0 0 0 0 0 0 0 0 0 0 0]
[1426031583506567335518895441291267735448408524854078901955026514358646025326428723185581094970965598169787338067968871165772931456209337390497402059852082325657198092 0 0 0 0 0 0 0 0 0 0 0 0 0 0 0 0 0 0 0 0 0 0 0 0 0 0 0 0 0 0 0 0 0 0 0 0 0 0 1 0 0 0 0 0 0 0 0 0 0 0 0 0 0 0]
[1326994258425443205310916129157629527158520038192221576969891760129252340198902675987135283019003265777949869158961012498066996990075011114634447605886164632794364722 0 0 0 0 0 0 0 0 0 0 0 0 0 0 0 0 0 0 0 0 0 0 0 0 0 0 0 0 0 0 0 0 0 0 0 0 0 0 0 1 0 0 0 0 0 0 0 0 0 0 0 0 0 0]
[287809149570486845926603868059658010202871191947041802878265337974581697410914084830921053658592607481642993798887783012821769030385824518941846835877019697847798787 0 0 0 0 0 0 0 0 0 0 0 0 0 0 0 0 0 0 0 0 0 0 0 0 0 0 0 0 0 0 0 0 0 0 0 0 0 0 0 0 1 0 0 0 0 0 0 0 0 0 0 0 0 0]
[620267103917463228046998998596319202906495086335830242304403440675551291124013362053466762516781885897511138615220762982111668290562743025098467690786732641922573985 0 0 0 0 0 0 0 0 0 0 0 0 0 0 0 0 0 0 0 0 0 0 0 0 0 0 0 0 0 0 0 0 0 0 0 0 0 0 0 0 0 1 0 0 0 0 0 0 0 0 0 0 0 0]
[1967945274591850646932742460195963767079325029096937407225615241354077071855418415159715742149124708728407709908725371094403013617498130949102647536919994870284293993 0 0 0 0 0 0 0 0 0 0 0 0 0 0 0 0 0 0 0 0 0 0 0 0 0 0 0 0 0 0 0 0 0 0 0 0 0 0 0 0 0 0 1 0 0 0 0 0 0 0 0 0 0 0]
[49751950435420447474430654713728226527725345396488342930072620698101249177189909801227942170774915773545704787677598897699854179484882031355042508060999031718503735 0 0 0 0 0 0 0 0 0 0 0 0 0 0 0 0 0 0 0 0 0 0 0 0 0 0 0 0 0 0 0 0 0 0 0 0 0 0 0 0 0 0 0 1 0 0 0 0 0 0 0 0 0 0]
[740316122915293062420807565126407155681713410891727407058792095039895758438303207728420171761720811570979946988537696802979403350866752913933839356915144008000597281 0 0 0 0 0 0 0 0 0 0 0 0 0 0 0 0 0 0 0 0 0 0 0 0 0 0 0 0 0 0 0 0 0 0 0 0 0 0 0 0 0 0 0 0 1 0 0 0 0 0 0 0 0 0]
[1652570857262019114104426701353191011866150085544698299163717261588780011481615577914945967670354844411824390198992686202119522244950222213735981170529985312117998855 0 0 0 0 0 0 0 0 0 0 0 0 0 0 0 0 0 0 0 0 0 0 0 0 0 0 0 0 0 0 0 0 0 0 0 0 0 0 0 0 0 0 0 0 0 1 0 0 0 0 0 0 0 0]
[144095067473094649692999899757194184558951088309655528579673862603699230458108502371818786030772026001627483795348517830827977650261479866686290878915251168558183807 0 0 0 0 0 0 0 0 0 0 0 0 0 0 0 0 0 0 0 0 0 0 0 0 0 0 0 0 0 0 0 0 0 0 0 0 0 0 0 0 0 0 0 0 0 0 1 0 0 0 0 0 0 0]
[359145345171989057995115736733972409642783911634404008193077105132696585766840620671055749259556754134283846615941678810612236402054039620905134765391879765383475237 0 0 0 0 0 0 0 0 0 0 0 0 0 0 0 0 0 0 0 0 0 0 0 0 0 0 0 0 0 0 0 0 0 0 0 0 0 0 0 0 0 0 0 0 0 0 0 1 0 0 0 0 0 0]
[2964771696455958283997144146615939387729588556241194481338666481671522757026242045345452247478015332994398185805926991623370815682043402028483125533062276256708935862 0 0 0 0 0 0 0 0 0 0 0 0 0 0 0 0 0 0 0 0 0 0 0 0 0 0 0 0 0 0 0 0 0 0 0 0 0 0 0 0 0 0 0 0 0 0 0 0 1 0 0 0 0 0]
[1443791139757295770935599539245632154348110536771254896568002925820074759256587236927902575443594837807730406397402924496454156445287035612463465614675183111158631303 0 0 0 0 0 0 0 0 0 0 0 0 0 0 0 0 0 0 0 0 0 0 0 0 0 0 0 0 0 0 0 0 0 0 0 0 0 0 0 0 0 0 0 0 0 0 0 0 0 1 0 0 0 0]
[1800209435777564748731280866064668010124447046431061733872789085812379569292924014251003765974468347933652552445763402658796884090159201141496020791056506933500106798 0 0 0 0 0 0 0 0 0 0 0 0 0 0 0 0 0 0 0 0 0 0 0 0 0 0 0 0 0 0 0 0 0 0 0 0 0 0 0 0 0 0 0 0 0 0 0 0 0 0 1 0 0 0]
[2210610572362309305814903875114221590883457326063333411893314866354073723416571390646991755142050108054223545568244285136072366120080426461255291329937912632874150548 0 0 0 0 0 0 0 0 0 0 0 0 0 0 0 0 0 0 0 0 0 0 0 0 0 0 0 0 0 0 0 0 0 0 0 0 0 0 0 0 0 0 0 0 0 0 0 0 0 0 0 1 0 0]
[2684949252590888535988406471056722431485905746207150846563827966160841301901062941344907030483217599777347235597393280063256963112117609198021144767310873321681906636 0 0 0 0 0 0 0 0 0 0 0 0 0 0 0 0 0 0 0 0 0 0 0 0 0 0 0 0 0 0 0 0 0 0 0 0 0 0 0 0 0 0 0 0 0 0 0 0 0 0 0 0 1 0]
[2423529223018018076847294223299022883177276219384483923900514929370750484903276055194185689016224335902413697967032933742415937125740612448627516770434760119480497539 0 0 0 0 0 0 0 0 0 0 0 0 0 0 0 0 0 0 0 0 0 0 0 0 0 0 0 0 0 0 0 0 0 0 0 0 0 0 0 0 0 0 0 0 0 0 0 0 0 0 0 0 0 1]
]
