[[2836531004438837231559676921111082146506171371666132967788435672015680540251704640460785959482322182010456723920842618180017835053390461991915077440367736664212637793 0 0 0 0 0 0 0 0 0 0 0 0 0 0 0 0 0 0 0 0 0 0 0 0 0 0 0 0 0 0 0 0 0 0 0 0 0 0 0 0 0 0 0 0 0 0 0 0 0 0 0 0 0 0]
[1502329699887556070046962342231765486565281152146000031724548086029137128205608253671308550768223633657840064245905451242772069344037641794682657949900207614701630664 1 0 0 0 0 0 0 0 0 0 0 0 0 0 0 0 0 0 0 0 0 0 0 0 0 0 0 0 0 0 0 0 0 0 0 0 0 0 0 0 0 0 0 0 0 0 0 0 0 0 0 0 0 0]
[2352352444296739044340939047556006530461150465874700889491611408895732679771260430442144105602466873704139267847850051916684213558003546234985454240868194821382623221 0 1 0 0 0 0 0 0 0 0 0 0 0 0 0 0 0 0 0 0 0 0 0 0 0 0 0 0 0 0 0 0 0 0 0 0 0 0 0 0 0 0 0 0 0 0 0 0 0 0 0 0 0 0]
[823000042729399127319046259613419544623443422541174790338392490594479475902086641972674554754225888071271834352967266823824990677719579632667376272963995166514873093 0 0 1 0 0 0 0 0 0 0 0 0 0 0 0 0 0 0 0 0 0 0 0 0 0 0 0 0 0 0 0 0 0 0 0 0 0 0 0 0 0 0 0 0 0 0 0 0 0 0 0 0 0 0]
[1587907879171671615822598058426055462537078661553771839495575120876174525764427459203535430196800314675338335592161157430314917212188438239665676685394106581217240439 0 0 0 1 0 0 0 0 0 0 0 0 0 0 0 0 0 0 0 0 0 0 0 0 0 0 0 0 0 0 0 0 0 0 0 0 0 0 0 0 0 0 0 0 0 0 0 0 0 0 0 0 0 0]
[1247818937083410969077303210319470851496396403318028998513209884211156237518203335792964432077493121658371689048461118348399673890046478986556743278428475825944429637 0 0 0 0 1 0 0 0 0 0 0 0 0 0 0 0 0 0 0 0 0 0 0 0 0 0 0 0 0 0 0 0 0 0 0 0 0 0 0 0 0 0 0 0 0 0 0 0 0 0 0 0 0 0]
[1073815727471167135166995095005425321768549488617048631939797951026901479408608192700408981008908751215096819571517277052500683459028262270213843485113544964542531353 0 0 0 0 0 1 0 0 0 0 0 0 0 0 0 0 0 0 0 0 0 0 0 0 0 0 0 0 0 0 0 0 0 0 0 0 0 0 0 0 0 0 0 0 0 0 0 0 0 0 0 0 0 0]
[2249771951227507481492200631674450904100179472210881729039876464024306700926602958685163476252359560181659189213058187746810579833661134115603973877005595542876455589 0 0 0 0 0 0 1 0 0 0 0 0 0 0 0 0 0 0 0 0 0 0 0 0 0 0 0 0 0 0 0 0 0 0 0 0 0 0 0 0 0 0 0 0 0 0 0 0 0 0 0 0 0 0]
[483746927005734768819912648828543958351134664396810491789607877785927642403670229451717258091163279674011151877307913280954196795805380158408554996251018707714907575 0 0 0 0 0 0 0 1 0 0 0 0 0 0 0 0 0 0 0 0 0 0 0 0 0 0 0 0 0 0 0 0 0 0 0 0 0 0 0 0 0 0 0 0 0 0 0 0 0 0 0 0 0 0]
[1040763855943373866999513491198692161536357995871845579184932497504987804295151316438885024300160463906625093169601838210718992270182579227538370582853974321864503904 0 0 0 0 0 0 0 0 1 0 0 0 0 0 0 0 0 0 0 0 0 0 0 0 0 0 0 0 0 0 0 0 0 0 0 0 0 0 0 0 0 0 0 0 0 0 0 0 0 0 0 0 0 0]
[2483708020679957542314506018636888225565651393894999557970581724294950847658089678375470041994521443919863103346539540081350251363206565457983663959156228186712262493 0 0 0 0 0 0 0 0 0 1 0 0 0 0 0 0 0 0 0 0 0 0 0 0 0 0 0 0 0 0 0 0 0 0 0 0 0 0 0 0 0 0 0 0 0 0 0 0 0 0 0 0 0 0]
[2676519424096303009300286075176010003757600713143564600683529006520962404093507756001025843491703853836912349361752627088600128118806424933606749470302450393309323791 0 0 0 0 0 0 0 0 0 0 1 0 0 0 0 0 0 0 0 0 0 0 0 0 0 0 0 0 0 0 0 0 0 0 0 0 0 0 0 0 0 0 0 0 0 0 0 0 0 0 0 0 0 0]
[1728369211897368472381752326135739721497906029904689635740779596336907487566891907020788031615753657237629261144643678617474414868810237465146277804472556332393553146 0 0 0 0 0 0 0 0 0 0 0 1 0 0 0 0 0 0 0 0 0 0 0 0 0 0 0 0 0 0 0 0 0 0 0 0 0 0 0 0 0 0 0 0 0 0 0 0 0 0 0 0 0 0]
[257306990969112196067250269215137485516133487436454594205408481945887796120493503104918394119023442510548061635591782961946827175081823306158223035521054655024410687 0 0 0 0 0 0 0 0 0 0 0 0 1 0 0 0 0 0 0 0 0 0 0 0 0 0 0 0 0 0 0 0 0 0 0 0 0 0 0 0 0 0 0 0 0 0 0 0 0 0 0 0 0 0]
[743295554892074763965677334796534064788458963080807242927423922670324753063864006242727308755024968741470025350732189708686113177565793151678600174791835163326082149 0 0 0 0 0 0 0 0 0 0 0 0 0 1 0 0 0 0 0 0 0 0 0 0 0 0 0 0 0 0 0 0 0 0 0 0 0 0 0 0 0 0 0 0 0 0 0 0 0 0 0 0 0 0]
[1869698238516624419591397103010740754672328966971432452020306729022200471363471040555216401641036369238820117112641672396871609230030966431089050814996796965166483091 0 0 0 0 0 0 0 0 0 0 0 0 0 0 1 0 0 0 0 0 0 0 0 0 0 0 0 0 0 0 0 0 0 0 0 0 0 0 0 0 0 0 0 0 0 0 0 0 0 0 0 0 0 0]
[246755715081559752156314908145847009537275868562631171662715621206786093139260984737669199428157124360112477592923004779840177144819653146752561951089473947515754160 0 0 0 0 0 0 0 0 0 0 0 0 0 0 0 1 0 0 0 0 0 0 0 0 0 0 0 0 0 0 0 0 0 0 0 0 0 0 0 0 0 0 0 0 0 0 0 0 0 0 0 0 0 0]
[1846682599847260733424933961755926184548625020082806347856635098682018091448147261632079735649955416371050914589483805950451572584345690181372553039286081013435780662 0 0 0 0 0 0 0 0 0 0 0 0 0 0 0 0 1 0 0 0 0 0 0 0 0 0 0 0 0 0 0 0 0 0 0 0 0 0 0 0 0 0 0 0 0 0 0 0 0 0 0 0 0 0]
[1086421372977748585058300136215987516142736788808750574014715507682867175147368215135030735647833560403586895495692480307687966596116865704291541267934799630023267144 0 0 0 0 0 0 0 0 0 0 0 0 0 0 0 0 0 1 0 0 0 0 0 0 0 0 0 0 0 0 0 0 0 0 0 0 0 0 0 0 0 0 0 0 0 0 0 0 0 0 0 0 0 0]
[94626968975255947313293519808998457338957561776032216800220735082898449776327682550010128075940707945951787485000923984782319052880560691798217732995657273797576090 0 0 0 0 0 0 0 0 0 0 0 0 0 0 0 0 0 0 1 0 0 0 0 0 0 0 0 0 0 0 0 0 0 0 0 0 0 0 0 0 0 0 0 0 0 0 0 0 0 0 0 0 0 0]
[2809143392165849294825675530507631618684424066597970562455387306684389271603137591067990481362049245245437017559237626319687858612489398115982450416254800861493797673 0 0 0 0 0 0 0 0 0 0 0 0 0 0 0 0 0 0 0 1 0 0 0 0 0 0 0 0 0 0 0 0 0 0 0 0 0 0 0 0 0 0 0 0 0 0 0 0 0 0 0 0 0 0]
[1162891706375934219007650778450320027787576731957580954098074300215846342355973200846949287809811944767346833120654682707432267141340956257084167415802871589384642454 0 0 0 0 0 0 0 0 0 0 0 0 0 0 0 0 0 0 0 0 1 0 0 0 0 0 0 0 0 0 0 0 0 0 0 0 0 0 0 0 0 0 0 0 0 0 0 0 0 0 0 0 0 0]
[824562923956988534994817209421666541013024240407448364452783901709011895890117568835626908936338770436951406721964035711822391188367880859714675836331236923700697391 0 0 0 0 0 0 0 0 0 0 0 0 0 0 0 0 0 0 0 0 0 1 0 0 0 0 0 0 0 0 0 0 0 0 0 0 0 0 0 0 0 0 0 0 0 0 0 0 0 0 0 0 0 0]
[887213542537009689720717145004553645531325188577218900712956120448361723872867700103476697973718702937357214534833331678005522848365309221406457545886309628938823703 0 0 0 0 0 0 0 0 0 0 0 0 0 0 0 0 0 0 0 0 0 0 1 0 0 0 0 0 0 0 0 0 0 0 0 0 0 0 0 0 0 0 0 0 0 0 0 0 0 0 0 0 0 0]
[962547543672121881145791480487054969578826184714763305018912073785821455998843193022841953320863131896861989945392042639840722741821810519412710815675687052127712749 0 0 0 0 0 0 0 0 0 0 0 0 0 0 0 0 0 0 0 0 0 0 0 1 0 0 0 0 0 0 0 0 0 0 0 0 0 0 0 0 0 0 0 0 0 0 0 0 0 0 0 0 0 0]
[2824850404294754922399627265172845664532409190381557081095115889170451523844217621584768068373392815304304750756445680806835153212762232364484425607686592816280222902 0 0 0 0 0 0 0 0 0 0 0 0 0 0 0 0 0 0 0 0 0 0 0 0 1 0 0 0 0 0 0 0 0 0 0 0 0 0 0 0 0 0 0 0 0 0 0 0 0 0 0 0 0 0]
[2176041074046220261251798807393820729738136660278225631868767509852165808450970085925013568441973086802569096077411148466657999041274523934993479066388282854176537376 0 0 0 0 0 0 0 0 0 0 0 0 0 0 0 0 0 0 0 0 0 0 0 0 0 1 0 0 0 0 0 0 0 0 0 0 0 0 0 0 0 0 0 0 0 0 0 0 0 0 0 0 0 0]
[82948312712875585351650560602531892345342149798402736646076278177306910807813952440527918904071803495153352738866202196858432936237398690342969453154438186973578078 0 0 0 0 0 0 0 0 0 0 0 0 0 0 0 0 0 0 0 0 0 0 0 0 0 0 1 0 0 0 0 0 0 0 0 0 0 0 0 0 0 0 0 0 0 0 0 0 0 0 0 0 0 0]
[1037505347241547297885216006887721144402093292913420586771039026952712521486001695299760245115368129446592349475984583495266793819197939928590284753316851058734022910 0 0 0 0 0 0 0 0 0 0 0 0 0 0 0 0 0 0 0 0 0 0 0 0 0 0 0 1 0 0 0 0 0 0 0 0 0 0 0 0 0 0 0 0 0 0 0 0 0 0 0 0 0 0]
[2782867196741517774275305594562410540585313545460280811784968186289997517505967850714264913996017573823244790477919038454884849923522189034262231871114923945779305919 0 0 0 0 0 0 0 0 0 0 0 0 0 0 0 0 0 0 0 0 0 0 0 0 0 0 0 0 1 0 0 0 0 0 0 0 0 0 0 0 0 0 0 0 0 0 0 0 0 0 0 0 0 0]
[1086663347327665584486021697205821443857287958252409810516944560209717693876246174327901094560609299000256300534190928747076085204240965283976516188825589125724639112 0 0 0 0 0 0 0 0 0 0 0 0 0 0 0 0 0 0 0 0 0 0 0 0 0 0 0 0 0 1 0 0 0 0 0 0 0 0 0 0 0 0 0 0 0 0 0 0 0 0 0 0 0 0]
[1286233727632978364875779148658058257052511395661524698165908046167303939018165464721098609666194205287753872001708020624436049997098924224676240780437801924349331617 0 0 0 0 0 0 0 0 0 0 0 0 0 0 0 0 0 0 0 0 0 0 0 0 0 0 0 0 0 0 1 0 0 0 0 0 0 0 0 0 0 0 0 0 0 0 0 0 0 0 0 0 0 0]
[2410271315316026656205395362937408764865612031214843479787363575449689642999574273914875729305917894983886040461554368658325781265892568352200273754112810957701385281 0 0 0 0 0 0 0 0 0 0 0 0 0 0 0 0 0 0 0 0 0 0 0 0 0 0 0 0 0 0 0 1 0 0 0 0 0 0 0 0 0 0 0 0 0 0 0 0 0 0 0 0 0 0]
[1124230135501945514519974959815743117153903881256824369201814895338609266436477602524187938026875183802549354892334009424514452667545117992160210901748133294005362882 0 0 0 0 0 0 0 0 0 0 0 0 0 0 0 0 0 0 0 0 0 0 0 0 0 0 0 0 0 0 0 0 1 0 0 0 0 0 0 0 0 0 0 0 0 0 0 0 0 0 0 0 0 0]
[430249565664899900775038426029192361295353550358473439693262137707905955554921468446804200600277084855592133288188434062033025059781700360447727799554021752387424513 0 0 0 0 0 0 0 0 0 0 0 0 0 0 0 0 0 0 0 0 0 0 0 0 0 0 0 0 0 0 0 0 0 1 0 0 0 0 0 0 0 0 0 0 0 0 0 0 0 0 0 0 0 0]
[2285929199342046471484369526452214295714771543508995712741420987231350205981360890592243441598427801949234716256158442325501861915003138736589768232031497952471198464 0 0 0 0 0 0 0 0 0 0 0 0 0 0 0 0 0 0 0 0 0 0 0 0 0 0 0 0 0 0 0 0 0 0 1 0 0 0 0 0 0 0 0 0 0 0 0 0 0 0 0 0 0 0]
[1432731048388641658546330916201225891998126048529893986369112533538007333717529471079748815447275178073770510311181365726617827701256125394831622368259910465728039333 0 0 0 0 0 0 0 0 0 0 0 0 0 0 0 0 0 0 0 0 0 0 0 0 0 0 0 0 0 0 0 0 0 0 0 1 0 0 0 0 0 0 0 0 0 0 0 0 0 0 0 0 0 0]
[881614945824894864385521774665159133945741073165778834565843638377499781309846656877761467870411622366629437320579471242837161070715864730900014881697012131038482450 0 0 0 0 0 0 0 0 0 0 0 0 0 0 0 0 0 0 0 0 0 0 0 0 0 0 0 0 0 0 0 0 0 0 0 0 1 0 0 0 0 0 0 0 0 0 0 0 0 0 0 0 0 0]
[2829997912164697171584196487733086305017605628461335721041445097531561723479949473294705572600945737682316505455801250058578205295570764598785223066514871367863608175 0 0 0 0 0 0 0 0 0 0 0 0 0 0 0 0 0 0 0 0 0 0 0 0 0 0 0 0 0 0 0 0 0 0 0 0 0 1 0 0 0 0 0 0 0 0 0 0 0 0 0 0 0 0]
[665204382815664258142809348087267456116930685354063451617050760418615151222316296013081261104427887697207880752343105904246345508478332545155738529287422275687232266 0 0 0 0 0 0 0 0 0 0 0 0 0 0 0 0 0 0 0 0 0 0 0 0 0 0 0 0 0 0 0 0 0 0 0 0 0 0 1 0 0 0 0 0 0 0 0 0 0 0 0 0 0 0]
[1160006361765324202328194638664288717548846020528853515163305853023220261790073817027439524957105453771597260113819797117391947744688642710806429588325894152650571843 0 0 0 0 0 0 0 0 0 0 0 0 0 0 0 0 0 0 0 0 0 0 0 0 0 0 0 0 0 0 0 0 0 0 0 0 0 0 0 1 0 0 0 0 0 0 0 0 0 0 0 0 0 0]
[1503334212389626337756367984383907842121640959585464946632026282438285804015151274847168306013716128418249367704007945883473945756206179182642176387306168687574236496 0 0 0 0 0 0 0 0 0 0 0 0 0 0 0 0 0 0 0 0 0 0 0 0 0 0 0 0 0 0 0 0 0 0 0 0 0 0 0 0 1 0 0 0 0 0 0 0 0 0 0 0 0 0]
[418287336233278941447102833508705759603856918512899863060834665579514508258278145124626085022601567369667484741728531969625768587045080975818748459972077616195156612 0 0 0 0 0 0 0 0 0 0 0 0 0 0 0 0 0 0 0 0 0 0 0 0 0 0 0 0 0 0 0 0 0 0 0 0 0 0 0 0 0 1 0 0 0 0 0 0 0 0 0 0 0 0]
[1961851350640433475718915205372805323313223842296534247623223539986653640224618043003204407242739121087647544485199050432643124715747381638339082334065816700405782063 0 0 0 0 0 0 0 0 0 0 0 0 0 0 0 0 0 0 0 0 0 0 0 0 0 0 0 0 0 0 0 0 0 0 0 0 0 0 0 0 0 0 1 0 0 0 0 0 0 0 0 0 0 0]
[1572184095304113491327204683748203618926100090598801415246121607887275439942611440777143753870044105805249828450819847780919780409522589038623480973579141717750918083 0 0 0 0 0 0 0 0 0 0 0 0 0 0 0 0 0 0 0 0 0 0 0 0 0 0 0 0 0 0 0 0 0 0 0 0 0 0 0 0 0 0 0 1 0 0 0 0 0 0 0 0 0 0]
[1496046310458500585689504756679263688509840556656844994357242845679513959191908937983605037602598206533180461388605864200901130418280636513432895141902907241724838450 0 0 0 0 0 0 0 0 0 0 0 0 0 0 0 0 0 0 0 0 0 0 0 0 0 0 0 0 0 0 0 0 0 0 0 0 0 0 0 0 0 0 0 0 1 0 0 0 0 0 0 0 0 0]
[199548694559987878565678472060306279830484474332960081993685913134476075249991598699710681068968879062820107520230581577353739174725392280068550000739824923554550196 0 0 0 0 0 0 0 0 0 0 0 0 0 0 0 0 0 0 0 0 0 0 0 0 0 0 0 0 0 0 0 0 0 0 0 0 0 0 0 0 0 0 0 0 0 1 0 0 0 0 0 0 0 0]
[2383594977010899992592815094114425361954972770300534340353846960566086127692258687502272676124825878990520927092536331894740876600007788120361731686183859013363559995 0 0 0 0 0 0 0 0 0 0 0 0 0 0 0 0 0 0 0 0 0 0 0 0 0 0 0 0 0 0 0 0 0 0 0 0 0 0 0 0 0 0 0 0 0 0 1 0 0 0 0 0 0 0]
[2560280952817236877528349983743402414212365870005050024590689057627436840339864124483398099889443196047152561684753720382737259243243273987685437521732643260378017576 0 0 0 0 0 0 0 0 0 0 0 0 0 0 0 0 0 0 0 0 0 0 0 0 0 0 0 0 0 0 0 0 0 0 0 0 0 0 0 0 0 0 0 0 0 0 0 1 0 0 0 0 0 0]
[851127126031937346153347369466483951535413738926937286298910066098013134460901229281876423057169761482284908597099302055488959573725818336754719714938544278839685992 0 0 0 0 0 0 0 0 0 0 0 0 0 0 0 0 0 0 0 0 0 0 0 0 0 0 0 0 0 0 0 0 0 0 0 0 0 0 0 0 0 0 0 0 0 0 0 0 1 0 0 0 0 0]
[180683758802944929956341296512240167512238173594272983440113357161081487435966384598582891436693415787964832385270782497333012047998445722680310985933489710376619387 0 0 0 0 0 0 0 0 0 0 0 0 0 0 0 0 0 0 0 0 0 0 0 0 0 0 0 0 0 0 0 0 0 0 0 0 0 0 0 0 0 0 0 0 0 0 0 0 0 1 0 0 0 0]
[1441797724337303579668145411443208282070641190211803856507348983392470122312339597016173498930896566883930653570587115341069152427378022785924688095781043655777232089 0 0 0 0 0 0 0 0 0 0 0 0 0 0 0 0 0 0 0 0 0 0 0 0 0 0 0 0 0 0 0 0 0 0 0 0 0 0 0 0 0 0 0 0 0 0 0 0 0 0 1 0 0 0]
[1658418175284701064435562067407626549026604184540211678159480815168629907562476386293554444638662674962382854394614326046792565587934272623926874828028968527284242130 0 0 0 0 0 0 0 0 0 0 0 0 0 0 0 0 0 0 0 0 0 0 0 0 0 0 0 0 0 0 0 0 0 0 0 0 0 0 0 0 0 0 0 0 0 0 0 0 0 0 0 1 0 0]
[2694456621456149366016526161866894110985655711947320933959600805367702031586931096705359517113645757578914847830343435480075323901405455925515237448365008919817776728 0 0 0 0 0 0 0 0 0 0 0 0 0 0 0 0 0 0 0 0 0 0 0 0 0 0 0 0 0 0 0 0 0 0 0 0 0 0 0 0 0 0 0 0 0 0 0 0 0 0 0 0 1 0]
[10769869790604842487135424153358108994355359300819760447906176030935185905001495589603163777761240222420036180819036691376140210709376226346364205361859056856438569 0 0 0 0 0 0 0 0 0 0 0 0 0 0 0 0 0 0 0 0 0 0 0 0 0 0 0 0 0 0 0 0 0 0 0 0 0 0 0 0 0 0 0 0 0 0 0 0 0 0 0 0 0 1]
]
