[[2122855591142780754342594496477166345785696777413211058670935068279187859145891845894764351443187806401560199075074016661674247957427869323746565902651678269034595257 0 0 0 0 0 0 0 0 0 0 0 0 0 0 0 0 0 0 0 0 0 0 0 0 0 0 0 0 0 0 0 0 0 0 0 0 0 0 0 0 0 0 0 0 0 0 0 0 0 0 0 0 0 0]
[276713096331023020056863898587127761709016634943899595673481266803299682298078356880054742977721786284100619341444290964901158403620250507931917275700932547384949967 1 0 0 0 0 0 0 0 0 0 0 0 0 0 0 0 0 0 0 0 0 0 0 0 0 0 0 0 0 0 0 0 0 0 0 0 0 0 0 0 0 0 0 0 0 0 0 0 0 0 0 0 0 0]
[1743415752027410896988982781984611662011934135661867155938124745569598694084566857607601103321491645446228823554060063890751964710017065206122110063526664800479972520 0 1 0 0 0 0 0 0 0 0 0 0 0 0 0 0 0 0 0 0 0 0 0 0 0 0 0 0 0 0 0 0 0 0 0 0 0 0 0 0 0 0 0 0 0 0 0 0 0 0 0 0 0 0]
[226722807228625334817497896033836095886933718911539601252306859205312901393011094125366890773664848204662290460846808475318111230656724136340372267346994071541857452 0 0 1 0 0 0 0 0 0 0 0 0 0 0 0 0 0 0 0 0 0 0 0 0 0 0 0 0 0 0 0 0 0 0 0 0 0 0 0 0 0 0 0 0 0 0 0 0 0 0 0 0 0 0]
[902549562083281174704346179354664586697608794830669999641474113963357121668520884570837510078680106377118351728756991709839060855381502176176175598161360853322423672 0 0 0 1 0 0 0 0 0 0 0 0 0 0 0 0 0 0 0 0 0 0 0 0 0 0 0 0 0 0 0 0 0 0 0 0 0 0 0 0 0 0 0 0 0 0 0 0 0 0 0 0 0 0]
[231154620903443328231276891720072291103810415200681458772584192983044454260386765843892548562415961640454299371933257095012217720471634970486033407082550546185506804 0 0 0 0 1 0 0 0 0 0 0 0 0 0 0 0 0 0 0 0 0 0 0 0 0 0 0 0 0 0 0 0 0 0 0 0 0 0 0 0 0 0 0 0 0 0 0 0 0 0 0 0 0 0]
[833080114798225383128382687142981797219138715551201819272997156462183703491843366103242252018964469790201218923765706005558286610191442593581438628684333869031318884 0 0 0 0 0 1 0 0 0 0 0 0 0 0 0 0 0 0 0 0 0 0 0 0 0 0 0 0 0 0 0 0 0 0 0 0 0 0 0 0 0 0 0 0 0 0 0 0 0 0 0 0 0 0]
[1073561516519883826287271076991975567587745093137928652988016101660224319162867113357602123260840583638684406312384481926945256759427403341878453942669370261671908185 0 0 0 0 0 0 1 0 0 0 0 0 0 0 0 0 0 0 0 0 0 0 0 0 0 0 0 0 0 0 0 0 0 0 0 0 0 0 0 0 0 0 0 0 0 0 0 0 0 0 0 0 0 0]
[1356787138078929273348051411814817192864604712329875745862001057923858616934808748342201725692663069369110912646455848869946517897167981303809113026287221400466880551 0 0 0 0 0 0 0 1 0 0 0 0 0 0 0 0 0 0 0 0 0 0 0 0 0 0 0 0 0 0 0 0 0 0 0 0 0 0 0 0 0 0 0 0 0 0 0 0 0 0 0 0 0 0]
[1137990645425696172478368566788455233198117083398443764761640316441115053888654214092186599843067543666539745157396700147466050354217265997446627989411546118686067737 0 0 0 0 0 0 0 0 1 0 0 0 0 0 0 0 0 0 0 0 0 0 0 0 0 0 0 0 0 0 0 0 0 0 0 0 0 0 0 0 0 0 0 0 0 0 0 0 0 0 0 0 0 0]
[1436867326153263646085737797122626656156318096642677711540466511536486778847914962113392618903866005549891832856527371547351444955346825338821024355810027111491763147 0 0 0 0 0 0 0 0 0 1 0 0 0 0 0 0 0 0 0 0 0 0 0 0 0 0 0 0 0 0 0 0 0 0 0 0 0 0 0 0 0 0 0 0 0 0 0 0 0 0 0 0 0 0]
[387290418454087854014000713631688335464885171208504835808052856630383261830190154497879387115251463188365483638112293191811307992967751669157253729724662449125008544 0 0 0 0 0 0 0 0 0 0 1 0 0 0 0 0 0 0 0 0 0 0 0 0 0 0 0 0 0 0 0 0 0 0 0 0 0 0 0 0 0 0 0 0 0 0 0 0 0 0 0 0 0 0]
[2105148975041477152521323918088949049911423258306952269373665722913054484786310407191229121145266768752549455592659698353919910205955213759031835139922855747685709625 0 0 0 0 0 0 0 0 0 0 0 1 0 0 0 0 0 0 0 0 0 0 0 0 0 0 0 0 0 0 0 0 0 0 0 0 0 0 0 0 0 0 0 0 0 0 0 0 0 0 0 0 0 0]
[3337350722598173538978184778550002976579272546307313202998892439161924980828957460262986156924654206200980130215145654634425044077499832983856500076291928281655200 0 0 0 0 0 0 0 0 0 0 0 0 1 0 0 0 0 0 0 0 0 0 0 0 0 0 0 0 0 0 0 0 0 0 0 0 0 0 0 0 0 0 0 0 0 0 0 0 0 0 0 0 0 0]
[1470326837562087218325117683007316179798024723624495135339257580631701484934654286999414518267006998164361636963392898203592817187654255669839871740496401063423167066 0 0 0 0 0 0 0 0 0 0 0 0 0 1 0 0 0 0 0 0 0 0 0 0 0 0 0 0 0 0 0 0 0 0 0 0 0 0 0 0 0 0 0 0 0 0 0 0 0 0 0 0 0 0]
[1535876432568194999552781538871417292468295992999858074246768769234045635483465493645846371543882606467794466440080219807623814157651730131377241057366705283452904316 0 0 0 0 0 0 0 0 0 0 0 0 0 0 1 0 0 0 0 0 0 0 0 0 0 0 0 0 0 0 0 0 0 0 0 0 0 0 0 0 0 0 0 0 0 0 0 0 0 0 0 0 0 0]
[59041645300621923027919913632761841428677074651013502154006501669165607607038192314622311373430961873286542647231016684068537258406621419237197186911627238593713428 0 0 0 0 0 0 0 0 0 0 0 0 0 0 0 1 0 0 0 0 0 0 0 0 0 0 0 0 0 0 0 0 0 0 0 0 0 0 0 0 0 0 0 0 0 0 0 0 0 0 0 0 0 0]
[680667184010127795847049737018355629524821456452426227519731095809870043773064207000487570116975487651437096061571701200042232593572255054519659550072966637531898344 0 0 0 0 0 0 0 0 0 0 0 0 0 0 0 0 1 0 0 0 0 0 0 0 0 0 0 0 0 0 0 0 0 0 0 0 0 0 0 0 0 0 0 0 0 0 0 0 0 0 0 0 0 0]
[89091250149164666045344350996160201669164344437704142863874250459677130201433317931381244621864021197687468272925637499619605353332714428192046388349056926724327902 0 0 0 0 0 0 0 0 0 0 0 0 0 0 0 0 0 1 0 0 0 0 0 0 0 0 0 0 0 0 0 0 0 0 0 0 0 0 0 0 0 0 0 0 0 0 0 0 0 0 0 0 0 0]
[1106174238247529282426619738251710291770483435070973010230975020061944364437537535311846901167425508190791729556901273632598884673629743845770147330164194467363773447 0 0 0 0 0 0 0 0 0 0 0 0 0 0 0 0 0 0 1 0 0 0 0 0 0 0 0 0 0 0 0 0 0 0 0 0 0 0 0 0 0 0 0 0 0 0 0 0 0 0 0 0 0 0]
[2062951562363380734066385865385872727243706297604217827821970950974238415126205008748542883097374171368100877833002144281269133081535734020408523066669045645345070477 0 0 0 0 0 0 0 0 0 0 0 0 0 0 0 0 0 0 0 1 0 0 0 0 0 0 0 0 0 0 0 0 0 0 0 0 0 0 0 0 0 0 0 0 0 0 0 0 0 0 0 0 0 0]
[2122112466374097062268043437942451259927235606590541848647272596577745957179497339775453256189017832528545232485442682745819405646809067186502668431946202874514802793 0 0 0 0 0 0 0 0 0 0 0 0 0 0 0 0 0 0 0 0 1 0 0 0 0 0 0 0 0 0 0 0 0 0 0 0 0 0 0 0 0 0 0 0 0 0 0 0 0 0 0 0 0 0]
[1518064891668738037831862709170405099416483016947413781501963990442116230051198658570686730343835319884147236235233623817427152857581986114718508496346034461305850611 0 0 0 0 0 0 0 0 0 0 0 0 0 0 0 0 0 0 0 0 0 1 0 0 0 0 0 0 0 0 0 0 0 0 0 0 0 0 0 0 0 0 0 0 0 0 0 0 0 0 0 0 0 0]
[591206515291972741536018995426799152265166949312575457116548904987445645186733928795989330211898584949878448216927316492413420765538800407415549653725693195752007814 0 0 0 0 0 0 0 0 0 0 0 0 0 0 0 0 0 0 0 0 0 0 1 0 0 0 0 0 0 0 0 0 0 0 0 0 0 0 0 0 0 0 0 0 0 0 0 0 0 0 0 0 0 0]
[1381527198619471362049459778143756463046092689935078990440785891542441562148924440100085834370163031741642326633891258310904772903102982889629538485284571055137257847 0 0 0 0 0 0 0 0 0 0 0 0 0 0 0 0 0 0 0 0 0 0 0 1 0 0 0 0 0 0 0 0 0 0 0 0 0 0 0 0 0 0 0 0 0 0 0 0 0 0 0 0 0 0]
[895931300688313583317225494363763841236383495585089993829695906755913128905224874502608687595881119658211096226972318073543600023065656449485759164449755297981463242 0 0 0 0 0 0 0 0 0 0 0 0 0 0 0 0 0 0 0 0 0 0 0 0 1 0 0 0 0 0 0 0 0 0 0 0 0 0 0 0 0 0 0 0 0 0 0 0 0 0 0 0 0 0]
[1424428004306858744459316020965614532656293110350425069335411197628806494682094295474992609467837018776935679595444056342471069429069056785595677412566505957006223765 0 0 0 0 0 0 0 0 0 0 0 0 0 0 0 0 0 0 0 0 0 0 0 0 0 1 0 0 0 0 0 0 0 0 0 0 0 0 0 0 0 0 0 0 0 0 0 0 0 0 0 0 0 0]
[1403242724996920029935923955983851515386627547919182649136388809120875686539937458541484410542159338485453052367287455705144145674366392219676094915898381997615192796 0 0 0 0 0 0 0 0 0 0 0 0 0 0 0 0 0 0 0 0 0 0 0 0 0 0 1 0 0 0 0 0 0 0 0 0 0 0 0 0 0 0 0 0 0 0 0 0 0 0 0 0 0 0]
[79232634795745557569003470278625784326088893777431045871218288819718152434694242840791050596317900645819475427566540362628370302390199653234911440538321886907321700 0 0 0 0 0 0 0 0 0 0 0 0 0 0 0 0 0 0 0 0 0 0 0 0 0 0 0 1 0 0 0 0 0 0 0 0 0 0 0 0 0 0 0 0 0 0 0 0 0 0 0 0 0 0]
[150629621812596371356683726129342514897948611975166519429879809594289750789091718858750150355608569913857212320995131039565684970568658277540915907681076866681205879 0 0 0 0 0 0 0 0 0 0 0 0 0 0 0 0 0 0 0 0 0 0 0 0 0 0 0 0 1 0 0 0 0 0 0 0 0 0 0 0 0 0 0 0 0 0 0 0 0 0 0 0 0 0]
[1256686437731201143827151037119435653270760779387832994625601264518606250067637123511027063639340830282797125385303007060031228323928252051266621471054699627559645562 0 0 0 0 0 0 0 0 0 0 0 0 0 0 0 0 0 0 0 0 0 0 0 0 0 0 0 0 0 1 0 0 0 0 0 0 0 0 0 0 0 0 0 0 0 0 0 0 0 0 0 0 0 0]
[1824561388977511332784843481502009568944720495279515195740328888331290096073444063392801300158781450139672688637753563965603307784262817621834366309700795767810480175 0 0 0 0 0 0 0 0 0 0 0 0 0 0 0 0 0 0 0 0 0 0 0 0 0 0 0 0 0 0 1 0 0 0 0 0 0 0 0 0 0 0 0 0 0 0 0 0 0 0 0 0 0 0]
[106870356957864624639884825295765476439506496396310235911590398731219304524646231347651230408712928947468046578752280121310404692239689341275037146972715692118072917 0 0 0 0 0 0 0 0 0 0 0 0 0 0 0 0 0 0 0 0 0 0 0 0 0 0 0 0 0 0 0 1 0 0 0 0 0 0 0 0 0 0 0 0 0 0 0 0 0 0 0 0 0 0]
[594930419354225062267948622598849985096047028225932426268494603080964569161925059601727343143183651563772005839541594310787948273400245992010946721701112458383355476 0 0 0 0 0 0 0 0 0 0 0 0 0 0 0 0 0 0 0 0 0 0 0 0 0 0 0 0 0 0 0 0 1 0 0 0 0 0 0 0 0 0 0 0 0 0 0 0 0 0 0 0 0 0]
[805249063002468349516169147662117529483092508852089611096070784928610085565355311319726900600227198557762409942274842557025667844027974086743772843825333611199846741 0 0 0 0 0 0 0 0 0 0 0 0 0 0 0 0 0 0 0 0 0 0 0 0 0 0 0 0 0 0 0 0 0 1 0 0 0 0 0 0 0 0 0 0 0 0 0 0 0 0 0 0 0 0]
[848797036840024896531707053849795731677700411945094440680052077814036280244334242839818785820027588455200753570014139289932925801777082553081816042259345548342360165 0 0 0 0 0 0 0 0 0 0 0 0 0 0 0 0 0 0 0 0 0 0 0 0 0 0 0 0 0 0 0 0 0 0 1 0 0 0 0 0 0 0 0 0 0 0 0 0 0 0 0 0 0 0]
[1230275941926012428688001896614479543144223476879729901243657900904414491205796735608664904425933092610456491042288664717077929875306687941155024587639103676553891596 0 0 0 0 0 0 0 0 0 0 0 0 0 0 0 0 0 0 0 0 0 0 0 0 0 0 0 0 0 0 0 0 0 0 0 1 0 0 0 0 0 0 0 0 0 0 0 0 0 0 0 0 0 0]
[117305785455004216217962817942742584579494453082924390749251390640957403752688802346476019357445378247276572880997618551828828456015504447177053828589734407620382336 0 0 0 0 0 0 0 0 0 0 0 0 0 0 0 0 0 0 0 0 0 0 0 0 0 0 0 0 0 0 0 0 0 0 0 0 1 0 0 0 0 0 0 0 0 0 0 0 0 0 0 0 0 0]
[170918696848822615839904061879246478119004089770631230789054172535104783249285571780625068482556219412142908024956123898931675823300983518577550428197430538891947583 0 0 0 0 0 0 0 0 0 0 0 0 0 0 0 0 0 0 0 0 0 0 0 0 0 0 0 0 0 0 0 0 0 0 0 0 0 1 0 0 0 0 0 0 0 0 0 0 0 0 0 0 0 0]
[171485116177941363981940897318627565725678623279813150516583217273288741114296509500406494340375854467087601413554567086821886902433823610045562871860685644012190701 0 0 0 0 0 0 0 0 0 0 0 0 0 0 0 0 0 0 0 0 0 0 0 0 0 0 0 0 0 0 0 0 0 0 0 0 0 0 1 0 0 0 0 0 0 0 0 0 0 0 0 0 0 0]
[512292522418203557657394885267291728123701994806028979546773314768969648783384335881836995024972505609848439822473969941023524354454191281290794553850595642167292433 0 0 0 0 0 0 0 0 0 0 0 0 0 0 0 0 0 0 0 0 0 0 0 0 0 0 0 0 0 0 0 0 0 0 0 0 0 0 0 1 0 0 0 0 0 0 0 0 0 0 0 0 0 0]
[579825259260658858839948346729966342933794485688460268212139128326492567864088566170465684327704527268040202857612826750551267504327437083657213742993994992023819633 0 0 0 0 0 0 0 0 0 0 0 0 0 0 0 0 0 0 0 0 0 0 0 0 0 0 0 0 0 0 0 0 0 0 0 0 0 0 0 0 1 0 0 0 0 0 0 0 0 0 0 0 0 0]
[162580298782574094926691174001693895573111856473314393085677751904477836145807597481104245479823475763988737729434623205027247850233703737949904797688779604568416602 0 0 0 0 0 0 0 0 0 0 0 0 0 0 0 0 0 0 0 0 0 0 0 0 0 0 0 0 0 0 0 0 0 0 0 0 0 0 0 0 0 1 0 0 0 0 0 0 0 0 0 0 0 0]
[1382076260543254904595921407576112769408254827331955540427726199620325361725255881577982184423099365217099534148166502108309811118321259740196021172994460296542345312 0 0 0 0 0 0 0 0 0 0 0 0 0 0 0 0 0 0 0 0 0 0 0 0 0 0 0 0 0 0 0 0 0 0 0 0 0 0 0 0 0 0 1 0 0 0 0 0 0 0 0 0 0 0]
[1312932568996738292407536484246714402849519979978284401130309465449839144421068231347504281040936297175967866099375341139915173885613494775170691866445514464306151650 0 0 0 0 0 0 0 0 0 0 0 0 0 0 0 0 0 0 0 0 0 0 0 0 0 0 0 0 0 0 0 0 0 0 0 0 0 0 0 0 0 0 0 1 0 0 0 0 0 0 0 0 0 0]
[33417702438277866947438926572330392416052754058474241339435986206479860537376754600218529022840076045768503228882704012588238682380932158678854875981969867263834288 0 0 0 0 0 0 0 0 0 0 0 0 0 0 0 0 0 0 0 0 0 0 0 0 0 0 0 0 0 0 0 0 0 0 0 0 0 0 0 0 0 0 0 0 1 0 0 0 0 0 0 0 0 0]
[1978548397680130007461682623305217759801186548032724457893735501056497376670333864891160635398415498312076691707685888610396241686905737771022855950591724296636546652 0 0 0 0 0 0 0 0 0 0 0 0 0 0 0 0 0 0 0 0 0 0 0 0 0 0 0 0 0 0 0 0 0 0 0 0 0 0 0 0 0 0 0 0 0 1 0 0 0 0 0 0 0 0]
[1994645228925911039420705643614463909938583092312562858586039514608055618027420398685458279604907942281380713941270410759089653896989554420120063485555785189949280752 0 0 0 0 0 0 0 0 0 0 0 0 0 0 0 0 0 0 0 0 0 0 0 0 0 0 0 0 0 0 0 0 0 0 0 0 0 0 0 0 0 0 0 0 0 0 1 0 0 0 0 0 0 0]
[159678662813771234550013739374441202549965156285079417181419310986952121013824278940210249328140464288048654943373528136512537614227886035292648941414257124515553069 0 0 0 0 0 0 0 0 0 0 0 0 0 0 0 0 0 0 0 0 0 0 0 0 0 0 0 0 0 0 0 0 0 0 0 0 0 0 0 0 0 0 0 0 0 0 0 1 0 0 0 0 0 0]
[2117716399456958665325186235397128986471222934113553486874370279059983100217890144991810699424034290203092187262171626262207742887663741743224714257072181813203660895 0 0 0 0 0 0 0 0 0 0 0 0 0 0 0 0 0 0 0 0 0 0 0 0 0 0 0 0 0 0 0 0 0 0 0 0 0 0 0 0 0 0 0 0 0 0 0 0 1 0 0 0 0 0]
[1119273449521907627752344769008115869756566634365998215342584381691004652468218928029289689169095403066503369691351473882067530137971896784656557286124646988462677165 0 0 0 0 0 0 0 0 0 0 0 0 0 0 0 0 0 0 0 0 0 0 0 0 0 0 0 0 0 0 0 0 0 0 0 0 0 0 0 0 0 0 0 0 0 0 0 0 0 1 0 0 0 0]
[1295228961700114848374451892603043148238220443910875203853268145777402112750347558952871762568493718473192855505996538324667704113047808632222531499095095339116896395 0 0 0 0 0 0 0 0 0 0 0 0 0 0 0 0 0 0 0 0 0 0 0 0 0 0 0 0 0 0 0 0 0 0 0 0 0 0 0 0 0 0 0 0 0 0 0 0 0 0 1 0 0 0]
[945054841904900594052102770273603925307725727495369339263057302793211026644244700826047624405882766883150026198354473817039018339225069784242765317493690158577236653 0 0 0 0 0 0 0 0 0 0 0 0 0 0 0 0 0 0 0 0 0 0 0 0 0 0 0 0 0 0 0 0 0 0 0 0 0 0 0 0 0 0 0 0 0 0 0 0 0 0 0 1 0 0]
[911522798606200530032408542788994946588863490205861245205777872375090195183656450128242531413201347023217291300885696634623268020347196283517163843951731592073262779 0 0 0 0 0 0 0 0 0 0 0 0 0 0 0 0 0 0 0 0 0 0 0 0 0 0 0 0 0 0 0 0 0 0 0 0 0 0 0 0 0 0 0 0 0 0 0 0 0 0 0 0 1 0]
[1051643480579860353717044128446103217138554435388107953016243261708750634127683413624804132176014146492876615272936588091616991226067044982485620404603073671773085615 0 0 0 0 0 0 0 0 0 0 0 0 0 0 0 0 0 0 0 0 0 0 0 0 0 0 0 0 0 0 0 0 0 0 0 0 0 0 0 0 0 0 0 0 0 0 0 0 0 0 0 0 0 1]
]
