[[1579381329356326987028491599563535059453587625919140232527126104402262338087703317680769868214434996553265708960225199779717962336373640043434243 0 0 0 0 0 0 0 0 0 0 0 0 0 0 0 0 0 0 0 0 0 0 0 0 0 0 0 0 0 0 0 0 0 0 0 0 0 0 0 0 0 0 0 0 0 0 0]
[789744398219650906709294751158054601167114113008664445224330163116359193911836711934567563482895580957306851833375695382841075499283549195310107 1 0 0 0 0 0 0 0 0 0 0 0 0 0 0 0 0 0 0 0 0 0 0 0 0 0 0 0 0 0 0 0 0 0 0 0 0 0 0 0 0 0 0 0 0 0 0]
[427755906543790385174601654482222667369073849507056766220072866392497754556307732557450686576078897297246906058315207757579093095745566692208337 0 1 0 0 0 0 0 0 0 0 0 0 0 0 0 0 0 0 0 0 0 0 0 0 0 0 0 0 0 0 0 0 0 0 0 0 0 0 0 0 0 0 0 0 0 0 0]
[1042522935260496888614528741375639912450671117377412484781962370060172584834134125671500237732485856575434057934283667073888195566113433249847755 0 0 1 0 0 0 0 0 0 0 0 0 0 0 0 0 0 0 0 0 0 0 0 0 0 0 0 0 0 0 0 0 0 0 0 0 0 0 0 0 0 0 0 0 0 0 0]
[260562038529583743408728843312650473209716416970911819620997101303867493748386738557349074776903813510149680665561671799625006138172083182567702 0 0 0 1 0 0 0 0 0 0 0 0 0 0 0 0 0 0 0 0 0 0 0 0 0 0 0 0 0 0 0 0 0 0 0 0 0 0 0 0 0 0 0 0 0 0 0]
[548540852043488746462459996065782977939725785925338523067233647937060050367695002422142027427350634674074237811479152046637486961724425950751713 0 0 0 0 1 0 0 0 0 0 0 0 0 0 0 0 0 0 0 0 0 0 0 0 0 0 0 0 0 0 0 0 0 0 0 0 0 0 0 0 0 0 0 0 0 0 0]
[1369047307754038019983909711647286148854062443806714620529943074913332685679859198749884836256122230424511868023124984565461673927484922835933013 0 0 0 0 0 1 0 0 0 0 0 0 0 0 0 0 0 0 0 0 0 0 0 0 0 0 0 0 0 0 0 0 0 0 0 0 0 0 0 0 0 0 0 0 0 0 0]
[828750968101614010237979924917782442498968199513563113059904688384860011227960911655496299395770784406629252179936484166093668048759050608621770 0 0 0 0 0 0 1 0 0 0 0 0 0 0 0 0 0 0 0 0 0 0 0 0 0 0 0 0 0 0 0 0 0 0 0 0 0 0 0 0 0 0 0 0 0 0 0]
[51263515632364119336389342452226979291866321859104600927778934929441880557163355867787825486632904204357126572285900850357502221107776665732940 0 0 0 0 0 0 0 1 0 0 0 0 0 0 0 0 0 0 0 0 0 0 0 0 0 0 0 0 0 0 0 0 0 0 0 0 0 0 0 0 0 0 0 0 0 0 0]
[302902157811234652191565777732290582875386962841887409322391723956841342914299012238064236619257323491477830238939214367420781029226749266261729 0 0 0 0 0 0 0 0 1 0 0 0 0 0 0 0 0 0 0 0 0 0 0 0 0 0 0 0 0 0 0 0 0 0 0 0 0 0 0 0 0 0 0 0 0 0 0]
[222899180249155828828894500875316270906443785024063427095689506580264475167213106469376643429263896383252574173876708704825241335661294531812235 0 0 0 0 0 0 0 0 0 1 0 0 0 0 0 0 0 0 0 0 0 0 0 0 0 0 0 0 0 0 0 0 0 0 0 0 0 0 0 0 0 0 0 0 0 0 0]
[723355904229281574536037170415494758753625517126059586593401719602227674252937809090193711578705129355488973998604756197606741899337642143755716 0 0 0 0 0 0 0 0 0 0 1 0 0 0 0 0 0 0 0 0 0 0 0 0 0 0 0 0 0 0 0 0 0 0 0 0 0 0 0 0 0 0 0 0 0 0 0]
[499655642120317734085875524352313706763136379325359269538003525279732089570282434540804318077336845228475688157613382113209629208707077246672213 0 0 0 0 0 0 0 0 0 0 0 1 0 0 0 0 0 0 0 0 0 0 0 0 0 0 0 0 0 0 0 0 0 0 0 0 0 0 0 0 0 0 0 0 0 0 0]
[189269928299928487230035288834373449855929093862115367535035549992062590104687756370022880949910276841246288052963161299959848152261177187565303 0 0 0 0 0 0 0 0 0 0 0 0 1 0 0 0 0 0 0 0 0 0 0 0 0 0 0 0 0 0 0 0 0 0 0 0 0 0 0 0 0 0 0 0 0 0 0]
[1249134304254051493710272696546206869050072983604212004459880061308246468782373482975383836703163080319027537795404389424068670980698879881132431 0 0 0 0 0 0 0 0 0 0 0 0 0 1 0 0 0 0 0 0 0 0 0 0 0 0 0 0 0 0 0 0 0 0 0 0 0 0 0 0 0 0 0 0 0 0 0]
[518436913163281323585987957027272750984539693186626688885779867828157893346490126742181044863368225589876526069402567081284559901681891650525898 0 0 0 0 0 0 0 0 0 0 0 0 0 0 1 0 0 0 0 0 0 0 0 0 0 0 0 0 0 0 0 0 0 0 0 0 0 0 0 0 0 0 0 0 0 0 0]
[538280614593591164728707599165015708847910210863950053760899872259477664019152095184099899550032986762931940935924739061459939991919373505533602 0 0 0 0 0 0 0 0 0 0 0 0 0 0 0 1 0 0 0 0 0 0 0 0 0 0 0 0 0 0 0 0 0 0 0 0 0 0 0 0 0 0 0 0 0 0 0]
[1392559401917902457201284705169563813845227194467959383975875984660784642374656913153251092595168119631970231384780878568546890297600593165673977 0 0 0 0 0 0 0 0 0 0 0 0 0 0 0 0 1 0 0 0 0 0 0 0 0 0 0 0 0 0 0 0 0 0 0 0 0 0 0 0 0 0 0 0 0 0 0]
[878249720736300556094737976035928928983171571803588624423010615372874601877646317453717771868543832812447748909310536103728635071458913315478237 0 0 0 0 0 0 0 0 0 0 0 0 0 0 0 0 0 1 0 0 0 0 0 0 0 0 0 0 0 0 0 0 0 0 0 0 0 0 0 0 0 0 0 0 0 0 0]
[589754165074064402934391435963546608553078623049023066042342799285644238465062152703791448654749200215020176314044846317268005539810105822141434 0 0 0 0 0 0 0 0 0 0 0 0 0 0 0 0 0 0 1 0 0 0 0 0 0 0 0 0 0 0 0 0 0 0 0 0 0 0 0 0 0 0 0 0 0 0 0]
[1429216972226842529987248523316383295228605618451584535343854474895291766898138607695788413421367142002679025668167351783236592738483173158140560 0 0 0 0 0 0 0 0 0 0 0 0 0 0 0 0 0 0 0 1 0 0 0 0 0 0 0 0 0 0 0 0 0 0 0 0 0 0 0 0 0 0 0 0 0 0 0]
[673269707302615176276955086004762157320979881298543021935251149893276944199888838140731515522878112670010021138051963944510439151736861587431154 0 0 0 0 0 0 0 0 0 0 0 0 0 0 0 0 0 0 0 0 1 0 0 0 0 0 0 0 0 0 0 0 0 0 0 0 0 0 0 0 0 0 0 0 0 0 0]
[217361075859285799906668142846873664576843580653036797789152789605270279164577095108006227735988843279811237489379968247145758379596859075491959 0 0 0 0 0 0 0 0 0 0 0 0 0 0 0 0 0 0 0 0 0 1 0 0 0 0 0 0 0 0 0 0 0 0 0 0 0 0 0 0 0 0 0 0 0 0 0]
[1033677407217097582843926285151091223489958384897019053858967502572619370442117733473938929607139826311205226587877318269276091868332540320175463 0 0 0 0 0 0 0 0 0 0 0 0 0 0 0 0 0 0 0 0 0 0 1 0 0 0 0 0 0 0 0 0 0 0 0 0 0 0 0 0 0 0 0 0 0 0 0]
[91875959573738004176597112666112991817861009035914283302514828567033559737064172866945992673418806925638979903779099856562414869034000080528479 0 0 0 0 0 0 0 0 0 0 0 0 0 0 0 0 0 0 0 0 0 0 0 1 0 0 0 0 0 0 0 0 0 0 0 0 0 0 0 0 0 0 0 0 0 0 0]
[690790162538738955606896883871283158569140233394506862775001103218379503233995473338050612102479392578945975545660854512857520338882626007713339 0 0 0 0 0 0 0 0 0 0 0 0 0 0 0 0 0 0 0 0 0 0 0 0 1 0 0 0 0 0 0 0 0 0 0 0 0 0 0 0 0 0 0 0 0 0 0]
[56193265638611649571475865183145940185750825749440847110897912313069703447192095808301044572725455281707768614822183151375604671364665372645428 0 0 0 0 0 0 0 0 0 0 0 0 0 0 0 0 0 0 0 0 0 0 0 0 0 1 0 0 0 0 0 0 0 0 0 0 0 0 0 0 0 0 0 0 0 0 0]
[1343031822368116412974714395205968401705864186969592542969243944946095800320151697052141272148208983137790033578099159956610489909602485242311736 0 0 0 0 0 0 0 0 0 0 0 0 0 0 0 0 0 0 0 0 0 0 0 0 0 0 1 0 0 0 0 0 0 0 0 0 0 0 0 0 0 0 0 0 0 0 0]
[1076359373568459817295408549090286002730095423758144678914942381347136576944686860576454876440468117342015036295696279807907775995298539355511756 0 0 0 0 0 0 0 0 0 0 0 0 0 0 0 0 0 0 0 0 0 0 0 0 0 0 0 1 0 0 0 0 0 0 0 0 0 0 0 0 0 0 0 0 0 0 0]
[1110040173518419210554444395153799437557587223306913699712526277942149149276618907737546987325180427290448927672585792785359637176600586909796465 0 0 0 0 0 0 0 0 0 0 0 0 0 0 0 0 0 0 0 0 0 0 0 0 0 0 0 0 1 0 0 0 0 0 0 0 0 0 0 0 0 0 0 0 0 0 0]
[1269243058414700826636705210757680802527947629626114118714974160999520251569503679378345052219597163158315168585872365763676734941181004462501619 0 0 0 0 0 0 0 0 0 0 0 0 0 0 0 0 0 0 0 0 0 0 0 0 0 0 0 0 0 1 0 0 0 0 0 0 0 0 0 0 0 0 0 0 0 0 0]
[1470209839913797726003803294831838416272046662421562479758701008578614418760405769830069347368412292245572027291571158368760143075203287986303958 0 0 0 0 0 0 0 0 0 0 0 0 0 0 0 0 0 0 0 0 0 0 0 0 0 0 0 0 0 0 1 0 0 0 0 0 0 0 0 0 0 0 0 0 0 0 0]
[820603544794015294549945606097736161179373958897242102415763751434057231264354414072847398027644257964456722436126132575984942137591058557901036 0 0 0 0 0 0 0 0 0 0 0 0 0 0 0 0 0 0 0 0 0 0 0 0 0 0 0 0 0 0 0 1 0 0 0 0 0 0 0 0 0 0 0 0 0 0 0]
[1186722653656446174934758463901241039597978323502391157011914509548923190077879726068427352057004858521466229545960739754569463957588888745194211 0 0 0 0 0 0 0 0 0 0 0 0 0 0 0 0 0 0 0 0 0 0 0 0 0 0 0 0 0 0 0 0 1 0 0 0 0 0 0 0 0 0 0 0 0 0 0]
[235491184175700808088447068182900612215725546252008897393682537411745404244675383974673862176042298949607779254708931199965069848622018750188520 0 0 0 0 0 0 0 0 0 0 0 0 0 0 0 0 0 0 0 0 0 0 0 0 0 0 0 0 0 0 0 0 0 1 0 0 0 0 0 0 0 0 0 0 0 0 0]
[871481218363472835983028254370410478974056546626399735285071884597597548459862649358055741092084562990019583933816568816849610354251700223820323 0 0 0 0 0 0 0 0 0 0 0 0 0 0 0 0 0 0 0 0 0 0 0 0 0 0 0 0 0 0 0 0 0 0 1 0 0 0 0 0 0 0 0 0 0 0 0]
[1237412163216981750074261534889560228870275265191734305053063330018496628693110258648691761529790951335224091668412372723894766959461889955872931 0 0 0 0 0 0 0 0 0 0 0 0 0 0 0 0 0 0 0 0 0 0 0 0 0 0 0 0 0 0 0 0 0 0 0 1 0 0 0 0 0 0 0 0 0 0 0]
[1479312596788789071446589259521148420934842991517125657119698787626947133937309075701969085952290145531844881253811060339416283356054003098742443 0 0 0 0 0 0 0 0 0 0 0 0 0 0 0 0 0 0 0 0 0 0 0 0 0 0 0 0 0 0 0 0 0 0 0 0 1 0 0 0 0 0 0 0 0 0 0]
[898160457215900221645886452536833845632422850148105146974211219054674088892909034946359671397329200311272341691404736613043176020788713166693212 0 0 0 0 0 0 0 0 0 0 0 0 0 0 0 0 0 0 0 0 0 0 0 0 0 0 0 0 0 0 0 0 0 0 0 0 0 1 0 0 0 0 0 0 0 0 0]
[1566978373220226033461276721309904957079418179720811326096080924695029264547127487908197759257942456391635714561489179216913268496687394308754947 0 0 0 0 0 0 0 0 0 0 0 0 0 0 0 0 0 0 0 0 0 0 0 0 0 0 0 0 0 0 0 0 0 0 0 0 0 0 1 0 0 0 0 0 0 0 0]
[1193438291159171684613805307755718346043873928088110631621381981956611468549696473408441837603582700872361638487455128593405246694067006796040740 0 0 0 0 0 0 0 0 0 0 0 0 0 0 0 0 0 0 0 0 0 0 0 0 0 0 0 0 0 0 0 0 0 0 0 0 0 0 0 1 0 0 0 0 0 0 0]
[681659662707729680788774697844145690607043660380540430287440973959668823470517359038512914468879235665773272828440719954451059987572455090005982 0 0 0 0 0 0 0 0 0 0 0 0 0 0 0 0 0 0 0 0 0 0 0 0 0 0 0 0 0 0 0 0 0 0 0 0 0 0 0 0 1 0 0 0 0 0 0]
[702907569699627743698829517340610180536054609892068931875030242096086506643366768055104779066046446533807534551247700717433554143640341054061672 0 0 0 0 0 0 0 0 0 0 0 0 0 0 0 0 0 0 0 0 0 0 0 0 0 0 0 0 0 0 0 0 0 0 0 0 0 0 0 0 0 1 0 0 0 0 0]
[1052047851468392596349001908817201575634643642340282449035621698397315359720608548115674561207161607993827798010068468787183251903103624324706010 0 0 0 0 0 0 0 0 0 0 0 0 0 0 0 0 0 0 0 0 0 0 0 0 0 0 0 0 0 0 0 0 0 0 0 0 0 0 0 0 0 0 1 0 0 0 0]
[1231573883593443989063204568753272604409691131221093419954514781552015060063921610805623237488850852254098822873010676007430317486517769430348968 0 0 0 0 0 0 0 0 0 0 0 0 0 0 0 0 0 0 0 0 0 0 0 0 0 0 0 0 0 0 0 0 0 0 0 0 0 0 0 0 0 0 0 1 0 0 0]
[34253022434189243821032823751945318244290370863630984210132338125644655665735295250783299423729635118367810128685298657790955513791931986912816 0 0 0 0 0 0 0 0 0 0 0 0 0 0 0 0 0 0 0 0 0 0 0 0 0 0 0 0 0 0 0 0 0 0 0 0 0 0 0 0 0 0 0 0 1 0 0]
[304827163104206710931723069544396342096162176510934768921152498746382806997500359288976230371268011986426132888521260913687781587048081061808354 0 0 0 0 0 0 0 0 0 0 0 0 0 0 0 0 0 0 0 0 0 0 0 0 0 0 0 0 0 0 0 0 0 0 0 0 0 0 0 0 0 0 0 0 0 1 0]
[284709709039957495278928841074598483558649003334367973387437901841105227591209514127470411721710105123264399275756203619614122417621522841678378 0 0 0 0 0 0 0 0 0 0 0 0 0 0 0 0 0 0 0 0 0 0 0 0 0 0 0 0 0 0 0 0 0 0 0 0 0 0 0 0 0 0 0 0 0 0 1]
]
