[[2157454140252774857947759578681046669882252485755296369033604367465481462314197532814175575365821869614118015875806734551627970547735482485404399 0 0 0 0 0 0 0 0 0 0 0 0 0 0 0 0 0 0 0 0 0 0 0 0 0 0 0 0 0 0 0 0 0 0 0 0 0 0 0 0 0 0 0 0 0 0 0]
[1643114033539784629638551368252696272562292175465934078275253392212816449015939469238970006382189595761043894204769206712600379167512502732220954 1 0 0 0 0 0 0 0 0 0 0 0 0 0 0 0 0 0 0 0 0 0 0 0 0 0 0 0 0 0 0 0 0 0 0 0 0 0 0 0 0 0 0 0 0 0 0]
[1739645953106240651397033392456752690434940385419537848426999629296331043723582898772810767858934548217135643125073452684983089505295645318408110 0 1 0 0 0 0 0 0 0 0 0 0 0 0 0 0 0 0 0 0 0 0 0 0 0 0 0 0 0 0 0 0 0 0 0 0 0 0 0 0 0 0 0 0 0 0 0]
[523232936984701864904179637745402293478305579596929204482987989566868424607223846222870258839359306830132522473188562389247778669520144445831452 0 0 1 0 0 0 0 0 0 0 0 0 0 0 0 0 0 0 0 0 0 0 0 0 0 0 0 0 0 0 0 0 0 0 0 0 0 0 0 0 0 0 0 0 0 0 0]
[465357752232586120830378120596333747444333279408997164157895829716374258592361577622415296780193263045156377634007387414743224025756307864394550 0 0 0 1 0 0 0 0 0 0 0 0 0 0 0 0 0 0 0 0 0 0 0 0 0 0 0 0 0 0 0 0 0 0 0 0 0 0 0 0 0 0 0 0 0 0 0]
[1749873734952348009868008589168480073742673952434293486773954319722310883665344303072719397670855591142749599219755090525875032850856795732087033 0 0 0 0 1 0 0 0 0 0 0 0 0 0 0 0 0 0 0 0 0 0 0 0 0 0 0 0 0 0 0 0 0 0 0 0 0 0 0 0 0 0 0 0 0 0 0]
[975235491732808226993008686179212214990534906405984918730604903577332593075138308410630568820960985771460533101938575059289340587990758674385623 0 0 0 0 0 1 0 0 0 0 0 0 0 0 0 0 0 0 0 0 0 0 0 0 0 0 0 0 0 0 0 0 0 0 0 0 0 0 0 0 0 0 0 0 0 0 0]
[862267757754299901849252245790206316196772143287400897047067280642429382833077530142045646432966606538273072102638442659933414971594667131962013 0 0 0 0 0 0 1 0 0 0 0 0 0 0 0 0 0 0 0 0 0 0 0 0 0 0 0 0 0 0 0 0 0 0 0 0 0 0 0 0 0 0 0 0 0 0 0]
[862706338626818357900639288695768326571478497114314352590921153136799947235735825718626203937035368511057665723493518018557870799209794972187577 0 0 0 0 0 0 0 1 0 0 0 0 0 0 0 0 0 0 0 0 0 0 0 0 0 0 0 0 0 0 0 0 0 0 0 0 0 0 0 0 0 0 0 0 0 0 0]
[467425967284769627010476989049863489952699604194793524709083104563472657243032224328280671066228181899917924501512234111662431019652132246978119 0 0 0 0 0 0 0 0 1 0 0 0 0 0 0 0 0 0 0 0 0 0 0 0 0 0 0 0 0 0 0 0 0 0 0 0 0 0 0 0 0 0 0 0 0 0 0]
[454555794222387866795230373539801197937200938585983356917805110885529647838814456134315636885102118307607678145983330481869073195504323413877665 0 0 0 0 0 0 0 0 0 1 0 0 0 0 0 0 0 0 0 0 0 0 0 0 0 0 0 0 0 0 0 0 0 0 0 0 0 0 0 0 0 0 0 0 0 0 0]
[1987050672015820487635104998515027636253172110678813756678036130346626978590841638269715458669682434133328581375181063385349845138339664707446701 0 0 0 0 0 0 0 0 0 0 1 0 0 0 0 0 0 0 0 0 0 0 0 0 0 0 0 0 0 0 0 0 0 0 0 0 0 0 0 0 0 0 0 0 0 0 0]
[1352546813445394787912137655336514266120456787485929998987438503319340784131576582869360591520648007550957049035571597521132487348228581910462922 0 0 0 0 0 0 0 0 0 0 0 1 0 0 0 0 0 0 0 0 0 0 0 0 0 0 0 0 0 0 0 0 0 0 0 0 0 0 0 0 0 0 0 0 0 0 0]
[1137725467558358188180283361223207738522939412251483709396785544695803462571591089994618160431310434480798336771543209080287486382073873791893012 0 0 0 0 0 0 0 0 0 0 0 0 1 0 0 0 0 0 0 0 0 0 0 0 0 0 0 0 0 0 0 0 0 0 0 0 0 0 0 0 0 0 0 0 0 0 0]
[1498809082728259133657895907781133443605634893793425561996481825535868796760534476524825321425774445292217320308272045776396199295708038293933059 0 0 0 0 0 0 0 0 0 0 0 0 0 1 0 0 0 0 0 0 0 0 0 0 0 0 0 0 0 0 0 0 0 0 0 0 0 0 0 0 0 0 0 0 0 0 0]
[1067340771769042634436955503518085023304895536411664088645139923991556221785662410203129850043255880157914740953686055991859876800937863360215894 0 0 0 0 0 0 0 0 0 0 0 0 0 0 1 0 0 0 0 0 0 0 0 0 0 0 0 0 0 0 0 0 0 0 0 0 0 0 0 0 0 0 0 0 0 0 0]
[1354161981445077608195850353787540125406666793229891674090699842414506720895040676734714000355094732836739119668235686772393516470782867163778829 0 0 0 0 0 0 0 0 0 0 0 0 0 0 0 1 0 0 0 0 0 0 0 0 0 0 0 0 0 0 0 0 0 0 0 0 0 0 0 0 0 0 0 0 0 0 0]
[413973948570466904925258167298705432662815847386345241442321375438138974673459085547160473422166842315473191103769382754141338088928852185129008 0 0 0 0 0 0 0 0 0 0 0 0 0 0 0 0 1 0 0 0 0 0 0 0 0 0 0 0 0 0 0 0 0 0 0 0 0 0 0 0 0 0 0 0 0 0 0]
[218026621720079498575830021841883971229999262408499074604995381436564792379139493404989145346605797990693791261094848441780830161219834583310068 0 0 0 0 0 0 0 0 0 0 0 0 0 0 0 0 0 1 0 0 0 0 0 0 0 0 0 0 0 0 0 0 0 0 0 0 0 0 0 0 0 0 0 0 0 0 0]
[1505818247387092496452967833890089502345046018681677512973358652867713051476862580471266227949341719612422139769459439558917656085525085236961213 0 0 0 0 0 0 0 0 0 0 0 0 0 0 0 0 0 0 1 0 0 0 0 0 0 0 0 0 0 0 0 0 0 0 0 0 0 0 0 0 0 0 0 0 0 0 0]
[825402158032340691853156237867886984523305634992078021718531235462548918586660739254829969963192226300336434315575876844401877306083338026684244 0 0 0 0 0 0 0 0 0 0 0 0 0 0 0 0 0 0 0 1 0 0 0 0 0 0 0 0 0 0 0 0 0 0 0 0 0 0 0 0 0 0 0 0 0 0 0]
[1569759112339798720515791930968100446551121375880377507811483659685087737272187041711495451651068096456787061027785871974240551362872073736221523 0 0 0 0 0 0 0 0 0 0 0 0 0 0 0 0 0 0 0 0 1 0 0 0 0 0 0 0 0 0 0 0 0 0 0 0 0 0 0 0 0 0 0 0 0 0 0]
[649582574020812444393284542701722278937482303916635716153297480401073009275727533941530990297276077365495014337954608301228184299925923182632309 0 0 0 0 0 0 0 0 0 0 0 0 0 0 0 0 0 0 0 0 0 1 0 0 0 0 0 0 0 0 0 0 0 0 0 0 0 0 0 0 0 0 0 0 0 0 0]
[751953321051285596309587246518980111343505801306180587498782426212446781808537457709639620275373505048262041371349242103942362878592547275161123 0 0 0 0 0 0 0 0 0 0 0 0 0 0 0 0 0 0 0 0 0 0 1 0 0 0 0 0 0 0 0 0 0 0 0 0 0 0 0 0 0 0 0 0 0 0 0]
[1338158842332242117129820497677800605335784043156726334018029323125422803089186916390058297985674607627924304036597739557482774126058663566648464 0 0 0 0 0 0 0 0 0 0 0 0 0 0 0 0 0 0 0 0 0 0 0 1 0 0 0 0 0 0 0 0 0 0 0 0 0 0 0 0 0 0 0 0 0 0 0]
[384571343006036951925351995451205609547561604905490984549272350976283251302499843473561810275301979229103195685272273345076123874729596890966139 0 0 0 0 0 0 0 0 0 0 0 0 0 0 0 0 0 0 0 0 0 0 0 0 1 0 0 0 0 0 0 0 0 0 0 0 0 0 0 0 0 0 0 0 0 0 0]
[43863907842088878276357877452390300413346430793680572797659365927164306627739227755010802703796600464972435906114214985925296073482457614903896 0 0 0 0 0 0 0 0 0 0 0 0 0 0 0 0 0 0 0 0 0 0 0 0 0 1 0 0 0 0 0 0 0 0 0 0 0 0 0 0 0 0 0 0 0 0 0]
[1724515880927105637521759580957760377822038515714599242168931034272882875024264845945585443650783326037228271230858063073816160650583626248570674 0 0 0 0 0 0 0 0 0 0 0 0 0 0 0 0 0 0 0 0 0 0 0 0 0 0 1 0 0 0 0 0 0 0 0 0 0 0 0 0 0 0 0 0 0 0 0]
[1853045550302324134723528057043903270871432768776405191978605374468271764345990685372006956585734240723826031115298122523827491164887985668648867 0 0 0 0 0 0 0 0 0 0 0 0 0 0 0 0 0 0 0 0 0 0 0 0 0 0 0 1 0 0 0 0 0 0 0 0 0 0 0 0 0 0 0 0 0 0 0]
[754905376200371589048986194287535035923572929252085125156149535777181413562907171224419434918331762350568920740209300705478061670780337127508017 0 0 0 0 0 0 0 0 0 0 0 0 0 0 0 0 0 0 0 0 0 0 0 0 0 0 0 0 1 0 0 0 0 0 0 0 0 0 0 0 0 0 0 0 0 0 0]
[1188760490362236484903383669344220012265581564316200856771167042784566419713823865518614355946701801209011367849071494987900206768188039240789021 0 0 0 0 0 0 0 0 0 0 0 0 0 0 0 0 0 0 0 0 0 0 0 0 0 0 0 0 0 1 0 0 0 0 0 0 0 0 0 0 0 0 0 0 0 0 0]
[1043169821206501270308569810056157177280243362869760456544498919435289303080472002281518190418045981393039510590376302398923690532892132002148488 0 0 0 0 0 0 0 0 0 0 0 0 0 0 0 0 0 0 0 0 0 0 0 0 0 0 0 0 0 0 1 0 0 0 0 0 0 0 0 0 0 0 0 0 0 0 0]
[1536539973706890883609767803098611090156889564896669675651346238977293679984301060044294544045535412504956716001321630184083087561674485756791143 0 0 0 0 0 0 0 0 0 0 0 0 0 0 0 0 0 0 0 0 0 0 0 0 0 0 0 0 0 0 0 1 0 0 0 0 0 0 0 0 0 0 0 0 0 0 0]
[342065176277822519278894177892815211898909630982095025188770453315380894178073156235498188749141627061080420488936130257157430660851371793460675 0 0 0 0 0 0 0 0 0 0 0 0 0 0 0 0 0 0 0 0 0 0 0 0 0 0 0 0 0 0 0 0 1 0 0 0 0 0 0 0 0 0 0 0 0 0 0]
[2103758219941737864774006434768842408308530123073016576086022591280581558885420814985704577320442968894134121758287625114239673246711323918222663 0 0 0 0 0 0 0 0 0 0 0 0 0 0 0 0 0 0 0 0 0 0 0 0 0 0 0 0 0 0 0 0 0 1 0 0 0 0 0 0 0 0 0 0 0 0 0]
[1884689635519978918158132834517585320889125429201828372691332764220511510609573076939394377487394882529698548552837671261197314294484701676220598 0 0 0 0 0 0 0 0 0 0 0 0 0 0 0 0 0 0 0 0 0 0 0 0 0 0 0 0 0 0 0 0 0 0 1 0 0 0 0 0 0 0 0 0 0 0 0]
[2043101861270504181706569989495298321273773810442714237977813372858339722748015211136054353435065956810212743014958316643099711040693484955310508 0 0 0 0 0 0 0 0 0 0 0 0 0 0 0 0 0 0 0 0 0 0 0 0 0 0 0 0 0 0 0 0 0 0 0 1 0 0 0 0 0 0 0 0 0 0 0]
[334123148712376899030842231401858839036516378291939437345291172887081191853831003294228935304782310840079974689436361312500189437614425883788077 0 0 0 0 0 0 0 0 0 0 0 0 0 0 0 0 0 0 0 0 0 0 0 0 0 0 0 0 0 0 0 0 0 0 0 0 1 0 0 0 0 0 0 0 0 0 0]
[58438971449373549346504809546532929626431629718610996336405095423335830492663256806278862561074625437843778160852357507488014248791215738175447 0 0 0 0 0 0 0 0 0 0 0 0 0 0 0 0 0 0 0 0 0 0 0 0 0 0 0 0 0 0 0 0 0 0 0 0 0 1 0 0 0 0 0 0 0 0 0]
[1187733056110562635958757748665307746075417409629987351693543617998464186105073972015105990119061504994791024282760522513304226628286676503745784 0 0 0 0 0 0 0 0 0 0 0 0 0 0 0 0 0 0 0 0 0 0 0 0 0 0 0 0 0 0 0 0 0 0 0 0 0 0 1 0 0 0 0 0 0 0 0]
[1595195563398519510676695235549358063852288932564671546164075028232266982785095792622803505802453453803050446234356990417719049262550922218580194 0 0 0 0 0 0 0 0 0 0 0 0 0 0 0 0 0 0 0 0 0 0 0 0 0 0 0 0 0 0 0 0 0 0 0 0 0 0 0 1 0 0 0 0 0 0 0]
[384246135445548631382188575077102326967696490436127395397355767425453568918620262695226135433216857936784561886847908721462701526752111968213591 0 0 0 0 0 0 0 0 0 0 0 0 0 0 0 0 0 0 0 0 0 0 0 0 0 0 0 0 0 0 0 0 0 0 0 0 0 0 0 0 1 0 0 0 0 0 0]
[843017769959044364649464891045346562468781898415610427957973050563973730423442714512443590496479028990437614929156251856140952366297108923792461 0 0 0 0 0 0 0 0 0 0 0 0 0 0 0 0 0 0 0 0 0 0 0 0 0 0 0 0 0 0 0 0 0 0 0 0 0 0 0 0 0 1 0 0 0 0 0]
[1781015549127433561834812088804630439610490787192553301964100331081300020529101424347602840945976913845721334247268549538715068642463551708904460 0 0 0 0 0 0 0 0 0 0 0 0 0 0 0 0 0 0 0 0 0 0 0 0 0 0 0 0 0 0 0 0 0 0 0 0 0 0 0 0 0 0 1 0 0 0 0]
[1333334039927409767436376508844861134066279898284679427851156529234946100882398903891066111886237927736077816565130380402965308913533516094009285 0 0 0 0 0 0 0 0 0 0 0 0 0 0 0 0 0 0 0 0 0 0 0 0 0 0 0 0 0 0 0 0 0 0 0 0 0 0 0 0 0 0 0 1 0 0 0]
[1860045596846467612450153417055762428291769452381063795590306683933053719044217151578970363760126008392975064106769090195999228276701488823159303 0 0 0 0 0 0 0 0 0 0 0 0 0 0 0 0 0 0 0 0 0 0 0 0 0 0 0 0 0 0 0 0 0 0 0 0 0 0 0 0 0 0 0 0 1 0 0]
[770404725650649090055457548070727044448007831506024210415858123904218154702121224860422672467945402805663786259919086777970537716217067581700632 0 0 0 0 0 0 0 0 0 0 0 0 0 0 0 0 0 0 0 0 0 0 0 0 0 0 0 0 0 0 0 0 0 0 0 0 0 0 0 0 0 0 0 0 0 1 0]
[1562607873257289450864066471934645568663507741263736051004902911373067406196925986347335625500475020369092403092544211103120614328881385211130704 0 0 0 0 0 0 0 0 0 0 0 0 0 0 0 0 0 0 0 0 0 0 0 0 0 0 0 0 0 0 0 0 0 0 0 0 0 0 0 0 0 0 0 0 0 0 1]
]
